1 0.911133 0.999023 0.001953 0.001953
1 0.581055 0.999023 0.001953 0.001953
0 0.004883 0.999023 0.001953 0.001953
1 0.856445 0.995117 0.001953 0.001953
1 0.709961 0.997070 0.005859 0.005859
1 0.379883 0.997070 0.009766 0.005859
0 0.000977 0.995117 0.001953 0.001953
1 0.890625 0.996094 0.011719 0.007812
1 0.307617 0.994141 0.001953 0.003906
0 0.019531 0.996094 0.015625 0.007812
1 0.803711 0.995117 0.013672 0.009766
0 0.068359 0.995117 0.035156 0.009766
1 0.855469 0.990234 0.003906 0.003906
1 0.694336 0.994141 0.009766 0.011719
1 0.473633 0.994141 0.037109 0.011719
0 0.110352 0.989258 0.001953 0.001953
1 0.839844 0.993164 0.023438 0.013672
1 0.686523 0.989258 0.005859 0.009766
1 0.605469 0.982422 0.003906 0.003906
1 0.010742 0.981445 0.001953 0.001953
1 0.729492 0.985352 0.005859 0.013672
1 0.003906 0.983398 0.007812 0.009766
1 0.932617 0.980469 0.009766 0.007812
1 0.870117 0.977539 0.001953 0.001953
0 0.106445 0.980469 0.009766 0.007812
1 0.317383 0.984375 0.013672 0.019531
1 0.213867 0.987305 0.025391 0.025391
1 0.928711 0.973633 0.001953 0.001953
1 0.844727 0.973633 0.001953 0.001953
1 0.666016 0.981445 0.015625 0.017578
1 0.747070 0.985352 0.009766 0.029297
1 0.523438 0.984375 0.050781 0.027344
1 0.163086 0.972656 0.001953 0.003906
1 0.962891 0.977539 0.015625 0.017578
1 0.863281 0.970703 0.003906 0.007812
0 0.082031 0.979492 0.039062 0.025391
1 0.719727 0.976562 0.009766 0.023438
1 0.670898 0.966797 0.005859 0.003906
1 0.620117 0.963867 0.001953 0.001953
0 0.149414 0.981445 0.041016 0.037109
1 0.937500 0.962891 0.003906 0.003906
1 0.762695 0.980469 0.009766 0.039062
1 0.537109 0.963867 0.003906 0.005859
0 0.856445 0.959961 0.001953 0.001953
1 0.199219 0.964844 0.007812 0.015625
1 0.938477 0.957031 0.001953 0.003906
1 0.794922 0.962891 0.015625 0.015625
1 0.752930 0.963867 0.005859 0.017578
0 0.850586 0.954102 0.001953 0.001953
1 0.229492 0.967773 0.025391 0.029297
1 0.791992 0.952148 0.001953 0.001953
1 0.750977 0.952148 0.001953 0.001953
1 0.520508 0.956055 0.009766 0.009766
1 0.147461 0.957031 0.009766 0.011719
1 0.945312 0.953125 0.007812 0.007812
0 0.898438 0.965820 0.023438 0.033203
1 0.625000 0.961914 0.039062 0.025391
1 0.235352 0.950195 0.001953 0.001953
1 0.750977 0.948242 0.001953 0.001953
1 0.735352 0.948242 0.001953 0.001953
1 0.960938 0.953125 0.011719 0.015625
1 0.939453 0.946289 0.003906 0.001953
1 0.808594 0.951172 0.007812 0.011719
1 0.355469 0.955078 0.007812 0.019531
0 0.309570 0.951172 0.005859 0.011719
1 0.720703 0.950195 0.007812 0.013672
1 0.535156 0.948242 0.015625 0.009766
0 0.842773 0.942383 0.001953 0.001953
1 0.830078 0.958008 0.023438 0.033203
1 0.717773 0.940430 0.001953 0.001953
1 0.669922 0.949219 0.011719 0.019531
1 0.707031 0.943359 0.003906 0.011719
1 0.148438 0.942383 0.011719 0.009766
1 0.747070 0.950195 0.009766 0.029297
0 0.323242 0.936523 0.001953 0.001953
1 0.736328 0.938477 0.003906 0.009766
1 0.364258 0.965820 0.033203 0.068359
1 0.194336 0.932617 0.001953 0.001953
1 0.190430 0.932617 0.001953 0.001953
0 0.005859 0.936523 0.011719 0.009766
1 0.893555 0.930664 0.001953 0.001953
1 0.745117 0.931641 0.001953 0.003906
1 0.356445 0.930664 0.001953 0.001953
0 0.074219 0.929688 0.003906 0.003906
0 0.792969 0.939453 0.027344 0.027344
1 0.674805 0.930664 0.021484 0.009766
1 0.210938 0.938477 0.015625 0.025391
1 0.227539 0.928711 0.009766 0.009766
1 0.144531 0.925781 0.003906 0.003906
1 0.191406 0.922852 0.003906 0.005859
0 0.885742 0.915039 0.001953 0.001953
1 0.260742 0.920898 0.009766 0.013672
0 0.871094 0.917969 0.015625 0.011719
0 0.854492 0.913086 0.001953 0.001953
0 0.419922 0.954102 0.046875 0.091797
0 0.286133 0.909180 0.001953 0.001953
1 0.170898 0.913086 0.005859 0.009766
1 0.669922 0.914062 0.023438 0.015625
0 0.065430 0.916016 0.017578 0.019531
1 0.527344 0.924805 0.027344 0.041016
1 0.735352 0.906250 0.005859 0.007812
0 0.053711 0.903320 0.001953 0.001953
0 0.987305 0.942383 0.025391 0.083984
0 0.818359 0.902344 0.003906 0.003906
1 0.601562 0.899414 0.003906 0.001953
1 0.253906 0.902344 0.003906 0.011719
0 0.049805 0.897461 0.001953 0.001953
1 0.606445 0.895508 0.001953 0.001953
0 0.008789 0.912109 0.017578 0.035156
1 0.673828 0.894531 0.003906 0.003906
1 0.665039 0.899414 0.013672 0.013672
1 0.984375 0.892578 0.007812 0.003906
1 0.541016 0.895508 0.003906 0.009766
1 0.975586 0.890625 0.005859 0.007812
1 0.965820 0.893555 0.017578 0.013672
0 0.761719 0.894531 0.007812 0.015625
1 0.167969 0.891602 0.003906 0.009766
1 0.490234 0.924805 0.062500 0.080078
1 0.259766 0.887695 0.003906 0.005859
1 0.950195 0.885742 0.009766 0.005859
0 0.928711 0.883789 0.001953 0.001953
0 0.766602 0.883789 0.001953 0.001953
0 0.757812 0.889648 0.007812 0.013672
1 0.709961 0.891602 0.009766 0.017578
1 0.965820 0.881836 0.001953 0.001953
0 0.453125 0.913086 0.031250 0.064453
1 0.336914 0.882812 0.005859 0.003906
1 0.959961 0.879883 0.005859 0.001953
0 0.931641 0.911133 0.058594 0.064453
0 0.786133 0.901367 0.041016 0.048828
1 0.420898 0.878906 0.001953 0.003906
0 0.002930 0.886719 0.005859 0.019531
0 0.215820 0.897461 0.029297 0.044922
1 0.687500 0.889648 0.015625 0.033203
1 0.253906 0.882812 0.007812 0.019531
0 0.919922 0.874023 0.035156 0.009766
0 0.022461 0.869141 0.001953 0.003906
1 0.423828 0.868164 0.007812 0.009766
0 0.056641 0.866211 0.003906 0.005859
0 0.047852 0.921875 0.095703 0.117188
1 0.625000 0.879883 0.031250 0.037109
0 0.922852 0.864258 0.025391 0.013672
1 0.593750 0.928711 0.101562 0.142578
1 0.518555 0.871094 0.025391 0.031250
1 0.998047 0.855469 0.003906 0.003906
0 0.791992 0.854492 0.001953 0.001953
1 0.437500 0.855469 0.007812 0.007812
1 0.246094 0.856445 0.007812 0.013672
1 0.719727 0.855469 0.009766 0.015625
1 0.212891 0.857422 0.007812 0.023438
1 0.128906 0.847656 0.003906 0.003906
1 0.418945 0.844727 0.001953 0.001953
0 0.824219 0.850586 0.007812 0.017578
1 0.203125 0.861328 0.007812 0.039062
0 0.833984 0.841797 0.003906 0.003906
1 0.662109 0.840820 0.003906 0.001953
1 0.727539 0.836914 0.001953 0.001953
0 0.854492 0.904297 0.072266 0.144531
1 0.208984 0.834961 0.003906 0.005859
0 0.825195 0.832031 0.001953 0.003906
0 0.074219 0.908203 0.105469 0.156250
1 0.682617 0.837891 0.025391 0.019531
1 0.661133 0.832031 0.013672 0.007812
0 0.482422 0.856445 0.070312 0.056641
1 0.284180 0.831055 0.005859 0.005859
1 0.543945 0.827148 0.001953 0.001953
1 0.494141 0.827148 0.007812 0.001953
1 0.198242 0.830078 0.001953 0.007812
1 0.520508 0.826172 0.009766 0.003906
1 0.130859 0.867188 0.031250 0.085938
0 0.858398 0.825195 0.005859 0.009766
1 0.976562 0.828125 0.019531 0.019531
1 0.308594 0.820312 0.007812 0.003906
1 0.119141 0.825195 0.011719 0.017578
0 0.754883 0.849609 0.037109 0.070312
0 0.048828 0.833984 0.054688 0.039062
0 0.688477 0.816406 0.017578 0.019531
1 0.442383 0.816406 0.033203 0.019531
1 0.425781 0.807617 0.003906 0.001953
1 0.416992 0.811523 0.005859 0.009766
0 0.080078 0.807617 0.003906 0.001953
0 0.793945 0.841797 0.044922 0.074219
1 0.267578 0.844727 0.039062 0.080078
1 0.206055 0.806641 0.001953 0.003906
1 0.609375 0.811523 0.050781 0.017578
0 0.836914 0.812500 0.025391 0.023438
0 0.667969 0.812500 0.031250 0.023438
1 0.641602 0.807617 0.005859 0.013672
1 0.177734 0.802734 0.003906 0.003906
0 0.686523 0.799805 0.001953 0.001953
1 0.563477 0.816406 0.072266 0.035156
1 0.459961 0.799805 0.005859 0.001953
0 0.842773 0.797852 0.001953 0.001953
1 0.281250 0.812500 0.023438 0.031250
1 0.729492 0.795898 0.001953 0.001953
1 0.567383 0.795898 0.001953 0.001953
1 0.492188 0.805664 0.035156 0.021484
0 0.091797 0.805664 0.019531 0.021484
1 0.394531 0.854492 0.046875 0.123047
1 0.308594 0.895508 0.085938 0.205078
1 0.131836 0.811523 0.017578 0.037109
1 0.731445 0.791992 0.001953 0.001953
0 0.667969 0.801758 0.035156 0.021484
1 0.483398 0.791992 0.001953 0.001953
1 0.315430 0.799805 0.033203 0.017578
0 0.029297 0.790039 0.003906 0.001953
0 0.018555 0.791016 0.009766 0.003906
0 0.838867 0.788086 0.001953 0.001953
1 0.245117 0.800781 0.021484 0.027344
1 0.975586 0.786133 0.001953 0.001953
1 0.697266 0.790039 0.019531 0.009766
1 0.610352 0.786133 0.001953 0.001953
1 0.576172 0.791016 0.011719 0.011719
1 0.441406 0.790039 0.007812 0.009766
1 0.164062 0.829102 0.039062 0.087891
0 0.030273 0.786133 0.001953 0.001953
1 0.600586 0.784180 0.005859 0.001953
1 0.554688 0.786133 0.007812 0.005859
1 0.194336 0.787109 0.005859 0.007812
0 0.039062 0.807617 0.070312 0.048828
0 0.023438 0.789062 0.046875 0.023438
1 0.735352 0.787109 0.044922 0.023438
1 0.524414 0.780273 0.037109 0.009766
1 0.501953 0.776367 0.003906 0.001953
1 0.446289 0.778320 0.013672 0.005859
1 0.083008 0.776367 0.001953 0.001953
0 0.083984 0.789062 0.019531 0.027344
1 0.604492 0.774414 0.005859 0.001953
1 0.239258 0.775391 0.005859 0.003906
1 0.226562 0.779297 0.007812 0.011719
0 0.854492 0.773438 0.001953 0.003906
1 0.073242 0.772461 0.001953 0.001953
1 0.371094 0.776367 0.007812 0.013672
1 0.150391 0.770508 0.003906 0.001953
1 0.080078 0.771484 0.003906 0.003906
0 0.854492 0.767578 0.001953 0.003906
1 0.667969 0.768555 0.003906 0.005859
1 0.585938 0.775391 0.035156 0.019531
0 0.559570 0.769531 0.013672 0.007812
1 0.369141 0.766602 0.003906 0.001953
1 0.091797 0.768555 0.015625 0.005859
1 0.658203 0.766602 0.003906 0.005859
0 0.856445 0.762695 0.001953 0.001953
1 0.704102 0.764648 0.001953 0.005859
1 0.127930 0.771484 0.025391 0.023438
1 0.686523 0.765625 0.013672 0.015625
0 0.853516 0.758789 0.003906 0.005859
1 0.739258 0.757812 0.001953 0.003906
1 0.657227 0.756836 0.001953 0.001953
1 0.719727 0.759766 0.009766 0.011719
1 0.620117 0.754883 0.001953 0.001953
1 0.612305 0.762695 0.029297 0.017578
1 0.091797 0.757812 0.015625 0.007812
1 0.036133 0.754883 0.001953 0.001953
1 0.000977 0.749023 0.001953 0.001953
0 0.923828 0.817383 0.152344 0.142578
1 0.156250 0.747070 0.003906 0.001953
1 0.053711 0.750977 0.017578 0.009766
1 0.746094 0.746094 0.003906 0.003906
1 0.654297 0.748047 0.007812 0.007812
0 0.913086 0.755859 0.017578 0.027344
0 0.892578 0.759766 0.019531 0.035156
0 0.802734 0.772461 0.085938 0.064453
1 0.254883 0.741211 0.001953 0.001953
1 0.926758 0.744141 0.009766 0.011719
1 0.830078 0.737305 0.003906 0.001953
1 0.283203 0.748047 0.023438 0.023438
1 0.176758 0.765625 0.037109 0.058594
1 0.838867 0.736328 0.001953 0.003906
1 0.102539 0.735352 0.001953 0.001953
1 0.934570 0.736328 0.005859 0.007812
1 0.405273 0.743164 0.013672 0.021484
1 0.244141 0.738281 0.015625 0.011719
1 0.222656 0.750977 0.019531 0.037109
0 0.600586 0.731445 0.001953 0.001953
1 0.106445 0.731445 0.001953 0.001953
0 0.021484 0.744141 0.039062 0.027344
1 0.969727 0.762695 0.060547 0.068359
1 0.360352 0.729492 0.001953 0.001953
1 0.184570 0.729492 0.001953 0.001953
0 0.600586 0.727539 0.001953 0.001953
1 0.300781 0.729492 0.003906 0.005859
1 0.616211 0.734375 0.013672 0.019531
0 0.571289 0.742188 0.033203 0.039062
1 0.328125 0.721680 0.003906 0.001953
0 0.033203 0.724609 0.011719 0.007812
0 0.013672 0.722656 0.011719 0.003906
1 0.181641 0.721680 0.003906 0.005859
1 0.889648 0.717773 0.001953 0.001953
1 0.862305 0.721680 0.005859 0.009766
1 0.961914 0.723633 0.025391 0.017578
1 0.900391 0.715820 0.003906 0.001953
1 0.071289 0.723633 0.021484 0.017578
1 0.844727 0.722656 0.025391 0.019531
1 0.114258 0.721680 0.009766 0.017578
1 0.392578 0.724609 0.027344 0.027344
1 0.431641 0.735352 0.031250 0.052734
1 0.988281 0.728516 0.023438 0.042969
1 0.868164 0.706055 0.001953 0.001953
1 0.126953 0.720703 0.015625 0.031250
0 0.558594 0.705078 0.003906 0.003906
1 0.319336 0.714844 0.029297 0.023438
1 0.175781 0.706055 0.003906 0.005859
1 0.879883 0.711914 0.017578 0.021484
0 0.612305 0.710938 0.017578 0.019531
1 0.918945 0.705078 0.017578 0.011719
1 0.811523 0.700195 0.001953 0.001953
1 0.968750 0.699219 0.003906 0.003906
1 0.718750 0.699219 0.003906 0.003906
0 0.556641 0.699219 0.003906 0.003906
0 0.589844 0.718750 0.015625 0.046875
1 0.934570 0.699219 0.017578 0.011719
1 0.359375 0.705078 0.015625 0.023438
1 0.949219 0.696289 0.003906 0.009766
0 0.603516 0.699219 0.011719 0.015625
1 0.213867 0.703125 0.017578 0.023438
1 0.910156 0.691406 0.003906 0.003906
1 0.467773 0.691406 0.001953 0.003906
1 0.308594 0.692383 0.007812 0.005859
1 0.295898 0.691406 0.001953 0.003906
1 0.091797 0.690430 0.003906 0.001953
1 0.399414 0.697266 0.009766 0.019531
1 0.341797 0.690430 0.007812 0.005859
1 0.998047 0.689453 0.003906 0.007812
0 0.602539 0.686523 0.001953 0.001953
0 0.553711 0.690430 0.009766 0.009766
1 0.411133 0.687500 0.001953 0.003906
1 0.123047 0.696289 0.011719 0.021484
1 0.172852 0.685547 0.001953 0.003906
1 0.989258 0.684570 0.009766 0.005859
1 0.886719 0.685547 0.015625 0.007812
0 0.595703 0.684570 0.007812 0.005859
0 0.588867 0.682617 0.001953 0.001953
1 0.423828 0.694336 0.019531 0.025391
0 0.586914 0.686523 0.017578 0.013672
1 0.351562 0.681641 0.003906 0.003906
1 0.817383 0.685547 0.009766 0.015625
0 0.038086 0.683594 0.013672 0.015625
0 0.922852 0.682617 0.021484 0.017578
1 0.103516 0.675781 0.003906 0.003906
0 0.016602 0.697266 0.033203 0.046875
1 0.973633 0.672852 0.001953 0.001953
1 0.737305 0.716797 0.154297 0.089844
1 0.677734 0.673828 0.003906 0.003906
1 0.670898 0.682617 0.017578 0.021484
1 0.120117 0.678711 0.009766 0.013672
1 0.087891 0.676758 0.015625 0.009766
1 0.907227 0.675781 0.009766 0.011719
1 0.650391 0.677734 0.019531 0.019531
1 0.916992 0.666992 0.001953 0.001953
1 0.730469 0.683594 0.011719 0.035156
1 0.366211 0.673828 0.017578 0.015625
1 0.024414 0.668945 0.005859 0.005859
0 0.942383 0.675781 0.009766 0.023438
1 0.620117 0.665039 0.001953 0.001953
1 0.965820 0.667969 0.009766 0.011719
0 0.610352 0.666992 0.005859 0.009766
0 0.552734 0.687500 0.050781 0.050781
1 0.415039 0.672852 0.029297 0.021484
1 0.351562 0.663086 0.003906 0.001953
1 0.032227 0.663086 0.001953 0.001953
1 0.956055 0.662109 0.005859 0.003906
1 0.125000 0.663086 0.003906 0.005859
0 0.040039 0.661133 0.001953 0.001953
1 0.297852 0.659180 0.001953 0.001953
0 0.591797 0.668945 0.035156 0.025391
1 0.461914 0.659180 0.009766 0.005859
1 0.380859 0.662109 0.019531 0.011719
1 0.284180 0.667969 0.005859 0.023438
1 0.446289 0.664062 0.009766 0.019531
1 0.898438 0.656250 0.007812 0.007812
1 0.732422 0.654297 0.007812 0.003906
1 0.719727 0.661133 0.013672 0.017578
0 0.558594 0.658203 0.011719 0.011719
1 0.958984 0.654297 0.003906 0.007812
1 0.743164 0.651367 0.001953 0.001953
1 0.437500 0.652344 0.003906 0.003906
1 0.362305 0.649414 0.001953 0.001953
1 0.739258 0.647461 0.001953 0.001953
1 0.618164 0.649414 0.005859 0.005859
1 0.703125 0.656250 0.015625 0.023438
1 0.958984 0.643555 0.003906 0.001953
1 0.825195 0.659180 0.021484 0.033203
0 0.065430 0.677734 0.044922 0.070312
1 0.275391 0.646484 0.011719 0.011719
1 0.825195 0.639648 0.001953 0.001953
0 0.555664 0.639648 0.001953 0.001953
0 0.458984 0.645508 0.019531 0.013672
1 0.406250 0.641602 0.003906 0.005859
1 0.703125 0.639648 0.011719 0.005859
0 0.465820 0.638672 0.005859 0.007812
1 0.327148 0.657227 0.037109 0.044922
1 0.295898 0.644531 0.017578 0.019531
1 0.658203 0.644531 0.019531 0.023438
1 0.305664 0.633789 0.001953 0.001953
0 0.582031 0.633789 0.003906 0.005859
0 0.559570 0.636719 0.005859 0.011719
1 0.997070 0.629883 0.005859 0.005859
1 0.831055 0.628906 0.001953 0.003906
0 0.573242 0.632812 0.009766 0.011719
1 0.405273 0.627930 0.001953 0.001953
1 0.397461 0.632812 0.005859 0.011719
1 0.028320 0.627930 0.001953 0.001953
1 0.024414 0.627930 0.001953 0.001953
0 0.006836 0.646484 0.013672 0.039062
1 0.974609 0.629883 0.007812 0.009766
1 0.939453 0.645508 0.039062 0.041016
1 0.020508 0.627930 0.001953 0.005859
1 0.356445 0.624023 0.001953 0.001953
1 0.163086 0.682617 0.021484 0.119141
0 0.053711 0.638672 0.044922 0.031250
1 0.916992 0.635742 0.017578 0.029297
1 0.729492 0.631836 0.021484 0.029297
1 0.350586 0.620117 0.005859 0.005859
0 0.684570 0.621094 0.005859 0.011719
1 0.327148 0.616211 0.001953 0.001953
1 0.167969 0.617188 0.003906 0.003906
1 0.997070 0.617188 0.005859 0.007812
1 0.510742 0.614258 0.001953 0.001953
0 0.215820 0.614258 0.001953 0.001953
1 0.489258 0.614258 0.001953 0.005859
0 0.460938 0.620117 0.007812 0.017578
1 0.312500 0.612305 0.007812 0.005859
1 0.302734 0.611328 0.007812 0.003906
1 0.213867 0.666992 0.076172 0.119141
1 0.055664 0.614258 0.005859 0.013672
0 0.478516 0.608398 0.007812 0.005859
1 0.309570 0.605469 0.009766 0.003906
1 0.170898 0.604492 0.001953 0.001953
1 0.088867 0.616211 0.025391 0.025391
0 0.014648 0.602539 0.001953 0.001953
1 0.287109 0.602539 0.007812 0.005859
1 0.563477 0.598633 0.001953 0.001953
1 0.517578 0.601562 0.003906 0.007812
1 0.494141 0.601562 0.011719 0.011719
0 0.449219 0.620117 0.062500 0.048828
0 0.003906 0.603516 0.007812 0.015625
1 0.065430 0.600586 0.025391 0.013672
1 0.303711 0.596680 0.005859 0.009766
1 0.025391 0.593750 0.003906 0.007812
1 0.241211 0.588867 0.001953 0.001953
1 0.055664 0.588867 0.001953 0.001953
1 0.217773 0.585938 0.005859 0.003906
0 0.801758 0.583008 0.001953 0.001953
1 0.389648 0.583008 0.001953 0.001953
1 0.351562 0.599609 0.019531 0.035156
1 0.015625 0.585938 0.003906 0.007812
0 0.008789 0.583008 0.001953 0.001953
0 0.001953 0.585938 0.003906 0.007812
1 0.136719 0.584961 0.015625 0.009766
1 0.614258 0.579102 0.001953 0.001953
1 0.610352 0.579102 0.001953 0.001953
0 0.530273 0.579102 0.001953 0.001953
0 0.463867 0.590820 0.041016 0.025391
1 0.955078 0.597656 0.023438 0.046875
1 0.387695 0.576172 0.001953 0.003906
1 0.999023 0.571289 0.001953 0.001953
1 0.347656 0.579102 0.015625 0.017578
1 0.188477 0.588867 0.029297 0.037109
1 0.354492 0.569336 0.001953 0.001953
1 0.016602 0.572266 0.009766 0.007812
1 0.647461 0.567383 0.001953 0.001953
0 0.815430 0.583984 0.029297 0.042969
1 0.556641 0.564453 0.003906 0.003906
1 0.082031 0.576172 0.015625 0.027344
0 0.876953 0.616211 0.074219 0.111328
0 0.774414 0.561523 0.001953 0.001953
1 0.761719 0.577148 0.019531 0.033203
1 0.404297 0.586914 0.019531 0.052734
0 0.713867 0.559570 0.001953 0.001953
0 0.546875 0.568359 0.011719 0.019531
1 0.001953 0.566406 0.003906 0.015625
0 0.813477 0.557617 0.001953 0.001953
1 0.634766 0.561523 0.007812 0.009766
0 0.521484 0.575195 0.027344 0.037109
1 0.395508 0.559570 0.005859 0.005859
1 0.139648 0.560547 0.013672 0.007812
1 0.067383 0.560547 0.005859 0.007812
1 0.119141 0.595703 0.039062 0.082031
0 0.881836 0.555664 0.009766 0.005859
0 0.867188 0.556641 0.007812 0.007812
1 0.708984 0.555664 0.007812 0.005859
0 0.535156 0.553711 0.007812 0.005859
1 0.167969 0.552734 0.003906 0.003906
1 0.067383 0.549805 0.001953 0.001953
1 0.604492 0.549805 0.009766 0.005859
1 0.136719 0.549805 0.011719 0.005859
1 0.634766 0.549805 0.007812 0.009766
1 0.387695 0.557617 0.009766 0.025391
1 0.320312 0.548828 0.007812 0.007812
1 0.052734 0.550781 0.019531 0.015625
1 0.984375 0.568359 0.031250 0.054688
1 0.128906 0.542969 0.003906 0.003906
1 0.454102 0.541016 0.005859 0.003906
1 0.460938 0.540039 0.003906 0.005859
1 0.374023 0.539062 0.001953 0.003906
1 0.207031 0.557617 0.023438 0.041016
1 0.061523 0.541992 0.017578 0.009766
0 0.914062 0.537109 0.015625 0.007812
1 0.848633 0.538086 0.005859 0.009766
1 0.463867 0.534180 0.001953 0.001953
1 0.343750 0.543945 0.019531 0.021484
1 0.324219 0.539062 0.011719 0.011719
1 0.682617 0.532227 0.001953 0.001953
0 0.959961 0.554688 0.060547 0.050781
1 0.579102 0.532227 0.005859 0.005859
1 0.961914 0.528320 0.001953 0.001953
1 0.272461 0.561523 0.056641 0.068359
0 0.908203 0.556641 0.042969 0.062500
1 0.875977 0.535156 0.013672 0.019531
1 0.590820 0.529297 0.009766 0.007812
1 0.558594 0.528320 0.003906 0.009766
1 0.206055 0.524414 0.001953 0.001953
1 0.175781 0.527344 0.003906 0.007812
1 0.109375 0.525391 0.003906 0.003906
1 0.012695 0.545898 0.017578 0.044922
1 0.002930 0.522461 0.005859 0.001953
1 0.848633 0.518555 0.001953 0.001953
1 0.633789 0.524414 0.009766 0.013672
0 0.491211 0.547852 0.048828 0.060547
1 0.434570 0.526367 0.009766 0.017578
1 0.151367 0.518555 0.001953 0.001953
1 0.909180 0.514648 0.001953 0.001953
1 0.735352 0.515625 0.001953 0.003906
1 0.091797 0.533203 0.023438 0.039062
0 0.532227 0.533203 0.029297 0.042969
1 0.125977 0.522461 0.029297 0.021484
1 0.543945 0.514648 0.009766 0.009766
1 0.630859 0.629883 0.363281 0.244141
1 0.077148 0.508789 0.001953 0.001953
0 0.985352 0.506836 0.001953 0.001953
0 0.973633 0.515625 0.025391 0.019531
1 0.915039 0.508789 0.001953 0.005859
1 0.708008 0.507812 0.005859 0.003906
1 0.120117 0.506836 0.001953 0.001953
1 0.043945 0.523438 0.013672 0.035156
1 0.591797 0.507812 0.011719 0.007812
0 0.489258 0.509766 0.021484 0.015625
1 0.405273 0.510742 0.017578 0.017578
1 0.302734 0.503906 0.003906 0.003906
1 0.227539 0.527344 0.037109 0.050781
1 0.173828 0.511719 0.007812 0.019531
1 0.102539 0.507812 0.009766 0.011719
1 0.083008 0.504883 0.009766 0.005859
1 0.610352 0.505859 0.009766 0.015625
1 0.112305 0.499023 0.001953 0.001953
1 0.626953 0.500000 0.007812 0.007812
1 0.280273 0.504883 0.025391 0.017578
1 0.074219 0.499023 0.003906 0.005859
1 0.589844 0.496094 0.003906 0.003906
1 0.168945 0.498047 0.005859 0.007812
1 0.657227 0.513672 0.048828 0.042969
0 0.500000 0.497070 0.007812 0.009766
1 0.040039 0.495117 0.005859 0.005859
1 0.032227 0.500000 0.005859 0.015625
0 0.990234 0.497070 0.011719 0.013672
1 0.625977 0.491211 0.001953 0.001953
1 0.367188 0.492188 0.003906 0.003906
1 0.002930 0.493164 0.005859 0.005859
1 0.901367 0.498047 0.029297 0.019531
1 0.724609 0.492188 0.007812 0.007812
1 0.788086 0.527344 0.091797 0.082031
1 0.706055 0.493164 0.017578 0.013672
1 0.248047 0.493164 0.015625 0.013672
0 0.967773 0.500977 0.041016 0.033203
1 0.864258 0.491211 0.013672 0.013672
1 0.849609 0.487305 0.011719 0.005859
1 0.827148 0.485352 0.001953 0.001953
1 0.573242 0.490234 0.001953 0.011719
0 0.936523 0.498047 0.021484 0.031250
1 0.269531 0.483398 0.003906 0.001953
1 0.230469 0.488281 0.015625 0.011719
1 0.671875 0.482422 0.003906 0.003906
1 0.559570 0.491211 0.013672 0.021484
1 0.012695 0.484375 0.005859 0.007812
1 0.628906 0.484375 0.015625 0.011719
0 0.537109 0.493164 0.031250 0.029297
1 0.029297 0.483398 0.007812 0.009766
1 0.812500 0.481445 0.019531 0.009766
1 0.579102 0.483398 0.009766 0.013672
0 0.454102 0.492188 0.044922 0.035156
1 0.225586 0.475586 0.001953 0.001953
1 0.216797 0.477539 0.003906 0.005859
1 0.040039 0.481445 0.005859 0.013672
0 0.426758 0.496094 0.029297 0.046875
0 0.918945 0.475586 0.013672 0.009766
1 0.334961 0.479492 0.009766 0.017578
1 0.069336 0.482422 0.013672 0.023438
0 0.934570 0.473633 0.005859 0.013672
1 0.740234 0.483398 0.023438 0.037109
0 0.547852 0.473633 0.013672 0.017578
0 0.450195 0.467773 0.005859 0.005859
1 0.308594 0.466797 0.007812 0.007812
1 0.135742 0.463867 0.001953 0.001953
1 0.065430 0.466797 0.013672 0.007812
1 0.690430 0.475586 0.017578 0.029297
1 0.057617 0.461914 0.001953 0.001953
1 0.606445 0.460938 0.001953 0.003906
1 0.625977 0.465820 0.021484 0.017578
1 0.317383 0.458008 0.001953 0.001953
1 0.006836 0.463867 0.013672 0.013672
1 0.644531 0.461914 0.011719 0.013672
1 0.604492 0.456055 0.001953 0.001953
0 0.472656 0.475586 0.042969 0.041016
0 0.299805 0.454102 0.001953 0.001953
1 0.081055 0.457031 0.009766 0.007812
1 0.025391 0.458984 0.003906 0.011719
1 0.584961 0.452148 0.001953 0.001953
1 0.154297 0.453125 0.003906 0.003906
1 0.610352 0.453125 0.009766 0.007812
1 0.589844 0.452148 0.003906 0.005859
0 0.948242 0.448242 0.001953 0.001953
1 0.597656 0.451172 0.007812 0.007812
1 0.121094 0.471680 0.062500 0.048828
1 0.084961 0.448242 0.001953 0.001953
1 0.867188 0.446289 0.003906 0.001953
0 0.271484 0.457031 0.062500 0.023438
1 0.884766 0.447266 0.007812 0.007812
0 0.826172 0.444336 0.003906 0.001953
1 0.117188 0.447266 0.011719 0.007812
1 0.695312 0.453125 0.015625 0.023438
1 0.658203 0.444336 0.007812 0.005859
1 0.049805 0.446289 0.009766 0.009766
1 0.885742 0.440430 0.001953 0.001953
1 0.490234 0.441406 0.003906 0.003906
1 0.225586 0.439453 0.001953 0.003906
0 0.939453 0.449219 0.023438 0.027344
1 0.694336 0.436523 0.001953 0.001953
1 0.618164 0.436523 0.001953 0.001953
1 0.524414 0.436523 0.001953 0.001953
1 0.522461 0.455078 0.048828 0.039062
1 0.020508 0.438477 0.005859 0.005859
1 0.667969 0.434570 0.003906 0.001953
1 0.184570 0.460938 0.037109 0.054688
1 0.638672 0.435547 0.011719 0.007812
1 0.569336 0.432617 0.001953 0.001953
1 0.070312 0.441406 0.019531 0.019531
1 0.056641 0.434570 0.003906 0.005859
0 0.935547 0.434570 0.007812 0.009766
1 0.472656 0.428711 0.003906 0.001953
1 0.221680 0.429688 0.001953 0.003906
1 0.038086 0.429688 0.001953 0.003906
1 0.510742 0.428711 0.009766 0.005859
1 0.493164 0.427734 0.001953 0.003906
0 0.919922 0.445312 0.019531 0.042969
1 0.674805 0.424805 0.001953 0.001953
1 0.355469 0.439453 0.011719 0.031250
1 0.215820 0.427734 0.005859 0.007812
1 0.051758 0.426758 0.009766 0.005859
1 0.036133 0.424805 0.001953 0.001953
1 0.017578 0.427734 0.007812 0.007812
1 0.005859 0.427734 0.003906 0.007812
1 0.717773 0.424805 0.001953 0.005859
1 0.580078 0.422852 0.003906 0.001953
1 0.245117 0.422852 0.001953 0.001953
1 0.228516 0.422852 0.003906 0.001953
1 0.118164 0.428711 0.033203 0.013672
1 0.074219 0.425781 0.023438 0.007812
0 0.770508 0.418945 0.001953 0.001953
1 0.487305 0.426758 0.005859 0.017578
1 0.146484 0.425781 0.027344 0.015625
1 0.936523 0.417969 0.001953 0.003906
1 0.329102 0.417969 0.001953 0.003906
0 0.404297 0.416992 0.003906 0.005859
1 0.190430 0.418945 0.009766 0.009766
1 0.175781 0.420898 0.015625 0.013672
0 0.778320 0.413086 0.001953 0.001953
1 0.627930 0.413086 0.001953 0.001953
1 0.503906 0.415039 0.007812 0.005859
1 0.347656 0.416016 0.007812 0.007812
1 0.212891 0.418945 0.023438 0.013672
1 0.940430 0.412109 0.001953 0.003906
1 0.493164 0.411133 0.001953 0.001953
1 0.093750 0.414062 0.011719 0.007812
0 0.970703 0.446289 0.058594 0.076172
0 0.881836 0.416992 0.009766 0.017578
0 0.776367 0.411133 0.021484 0.009766
0 0.764648 0.407227 0.001953 0.001953
0 0.741211 0.433594 0.041016 0.054688
1 0.166992 0.409180 0.017578 0.005859
1 0.027344 0.411133 0.007812 0.009766
1 0.309570 0.406250 0.001953 0.003906
1 0.204102 0.408203 0.009766 0.007812
1 0.936523 0.403320 0.001953 0.001953
1 0.682617 0.419922 0.013672 0.035156
1 0.059570 0.410156 0.025391 0.015625
0 0.796875 0.404297 0.011719 0.007812
1 0.554688 0.409180 0.039062 0.017578
1 0.080078 0.403320 0.011719 0.005859
1 0.706055 0.401367 0.001953 0.005859
1 0.139648 0.402344 0.005859 0.007812
1 0.942383 0.402344 0.005859 0.011719
1 0.361328 0.408203 0.015625 0.027344
1 0.243164 0.396484 0.005859 0.007812
1 0.236328 0.393555 0.003906 0.001953
1 0.161133 0.398438 0.021484 0.011719
1 0.203125 0.392578 0.003906 0.003906
1 0.708008 0.391602 0.005859 0.005859
0 0.926758 0.388672 0.001953 0.003906
1 0.858398 0.387695 0.001953 0.001953
1 0.702148 0.388672 0.001953 0.003906
0 0.279297 0.419922 0.082031 0.066406
1 0.044922 0.393555 0.035156 0.017578
0 0.407227 0.388672 0.005859 0.011719
1 0.240234 0.385742 0.007812 0.005859
1 0.187500 0.387695 0.019531 0.009766
1 0.154297 0.388672 0.015625 0.011719
1 0.080078 0.386719 0.007812 0.007812
1 0.764648 0.383789 0.001953 0.005859
1 0.218750 0.386719 0.027344 0.015625
1 0.777344 0.380859 0.011719 0.007812
0 0.419922 0.389648 0.015625 0.025391
1 0.168945 0.378906 0.009766 0.003906
1 0.715820 0.377930 0.017578 0.009766
1 0.971680 0.393555 0.048828 0.044922
0 0.384766 0.372070 0.003906 0.001953
1 0.843750 0.427734 0.171875 0.117188
0 0.405273 0.372070 0.001953 0.005859
0 0.393555 0.376953 0.013672 0.015625
1 0.210938 0.371094 0.007812 0.003906
1 0.110352 0.370117 0.001953 0.001953
1 0.101562 0.370117 0.003906 0.001953
1 0.665039 0.369141 0.001953 0.003906
1 0.036133 0.368164 0.001953 0.001953
1 0.751953 0.384766 0.031250 0.039062
0 0.351562 0.375977 0.031250 0.021484
1 0.807617 0.373047 0.041016 0.019531
1 0.196289 0.364258 0.001953 0.001953
1 0.128906 0.372070 0.023438 0.017578
1 0.120117 0.364258 0.001953 0.001953
1 0.583008 0.368164 0.009766 0.013672
1 0.209961 0.363281 0.005859 0.003906
1 0.849609 0.364258 0.007812 0.009766
1 0.665039 0.362305 0.001953 0.005859
0 0.465820 0.360352 0.001953 0.001953
1 0.313477 0.361328 0.001953 0.003906
1 0.229492 0.360352 0.017578 0.005859
1 0.128906 0.357422 0.023438 0.007812
1 0.019531 0.368164 0.039062 0.029297
1 0.949219 0.354492 0.007812 0.009766
1 0.328125 0.352539 0.007812 0.005859
1 0.803711 0.348633 0.001953 0.001953
1 0.947266 0.347656 0.003906 0.003906
1 0.297852 0.347656 0.001953 0.003906
1 0.262695 0.350586 0.037109 0.013672
1 0.183594 0.344727 0.003906 0.001953
1 0.967773 0.354492 0.037109 0.025391
0 0.784180 0.356445 0.033203 0.033203
0 0.399414 0.348633 0.009766 0.017578
1 0.343750 0.342773 0.003906 0.005859
1 0.287109 0.341797 0.003906 0.007812
1 0.276367 0.338867 0.001953 0.001953
1 0.042969 0.345703 0.015625 0.015625
1 0.934570 0.347656 0.017578 0.023438
0 0.905273 0.343750 0.009766 0.015625
1 0.208008 0.339844 0.021484 0.007812
1 0.150391 0.336914 0.007812 0.001953
1 0.097656 0.336914 0.003906 0.001953
1 0.058594 0.339844 0.007812 0.007812
1 0.556641 0.341797 0.023438 0.015625
1 0.532227 0.334961 0.001953 0.001953
1 0.834961 0.333008 0.001953 0.001953
0 0.368164 0.333008 0.001953 0.001953
1 0.156250 0.333008 0.003906 0.001953
1 0.111328 0.334961 0.011719 0.005859
1 0.045898 0.333008 0.001953 0.001953
1 0.027344 0.338867 0.015625 0.013672
0 0.363281 0.333984 0.003906 0.007812
1 0.002930 0.335938 0.005859 0.011719
1 0.981445 0.336914 0.017578 0.017578
1 0.926758 0.329102 0.001953 0.001953
0 0.878906 0.339844 0.050781 0.027344
1 0.309570 0.327148 0.001953 0.001953
1 0.291992 0.329102 0.001953 0.005859
1 0.040039 0.325195 0.005859 0.001953
0 0.895508 0.324219 0.005859 0.003906
1 0.136719 0.328125 0.031250 0.011719
1 0.808594 0.333008 0.027344 0.025391
1 0.319336 0.323242 0.001953 0.005859
0 0.879883 0.321289 0.009766 0.005859
1 0.267578 0.329102 0.031250 0.021484
1 0.317383 0.317383 0.001953 0.001953
1 0.258789 0.317383 0.001953 0.001953
1 0.996094 0.329102 0.007812 0.029297
0 0.904297 0.321289 0.007812 0.013672
1 0.764648 0.318359 0.009766 0.007812
0 0.909180 0.311523 0.001953 0.001953
1 0.772461 0.311523 0.001953 0.001953
1 0.317383 0.312500 0.001953 0.003906
1 0.277344 0.312500 0.003906 0.003906
1 0.345703 0.309570 0.003906 0.001953
1 0.919922 0.331055 0.019531 0.048828
1 0.823242 0.310547 0.005859 0.007812
0 0.914062 0.309570 0.007812 0.009766
1 0.986328 0.307617 0.007812 0.009766
0 0.054688 0.310547 0.019531 0.015625
1 0.338867 0.302734 0.005859 0.003906
1 0.122070 0.301758 0.001953 0.001953
0 0.945312 0.302734 0.007812 0.011719
1 0.292969 0.299805 0.003906 0.005859
1 0.823242 0.295898 0.001953 0.001953
1 0.326172 0.321289 0.023438 0.052734
1 0.209961 0.295898 0.001953 0.001953
0 0.053711 0.295898 0.001953 0.001953
1 0.774414 0.297852 0.005859 0.009766
0 0.739258 0.293945 0.001953 0.001953
1 0.176758 0.296875 0.005859 0.007812
0 0.968750 0.293945 0.003906 0.005859
0 0.079102 0.291992 0.001953 0.001953
0 0.012695 0.292969 0.001953 0.003906
0 0.888672 0.302734 0.031250 0.027344
1 0.439453 0.397461 0.195312 0.216797
1 0.318359 0.291992 0.007812 0.005859
1 0.180664 0.320312 0.037109 0.066406
1 0.764648 0.290039 0.005859 0.009766
0 0.746094 0.286133 0.003906 0.001953
1 0.369141 0.291992 0.015625 0.013672
1 0.315430 0.286133 0.001953 0.001953
1 0.311523 0.286133 0.001953 0.001953
1 0.270508 0.287109 0.001953 0.003906
1 0.122070 0.290039 0.005859 0.009766
0 0.752930 0.291016 0.009766 0.015625
1 0.145508 0.285156 0.009766 0.003906
1 0.094727 0.300781 0.072266 0.035156
1 0.286133 0.284180 0.009766 0.009766
1 0.280273 0.278320 0.001953 0.001953
1 0.049805 0.278320 0.005859 0.001953
0 0.735352 0.276367 0.001953 0.001953
1 0.112305 0.276367 0.001953 0.001953
0 0.066406 0.276367 0.003906 0.001953
0 0.856445 0.274414 0.001953 0.001953
1 0.259766 0.278320 0.007812 0.013672
1 0.139648 0.273438 0.017578 0.007812
1 0.374023 0.271484 0.029297 0.011719
0 0.208008 0.274414 0.021484 0.021484
0 0.799805 0.272461 0.005859 0.021484
0 0.972656 0.264648 0.007812 0.009766
0 0.017578 0.263672 0.003906 0.007812
0 0.327148 0.258789 0.001953 0.005859
0 0.319336 0.256836 0.001953 0.001953
1 0.399414 0.258789 0.021484 0.009766
0 0.026367 0.287109 0.052734 0.066406
0 0.331055 0.252930 0.001953 0.001953
1 0.711914 0.249023 0.001953 0.001953
1 0.057617 0.252930 0.005859 0.009766
1 0.973633 0.250000 0.005859 0.007812
0 0.842773 0.247070 0.001953 0.001953
0 0.800781 0.250977 0.007812 0.009766
0 0.788086 0.250000 0.005859 0.007812
0 0.921875 0.248047 0.003906 0.007812
0 0.912109 0.248047 0.003906 0.007812
1 0.044922 0.245117 0.003906 0.001953
0 0.227539 0.262695 0.033203 0.041016
0 0.920898 0.241211 0.001953 0.001953
1 0.227539 0.241211 0.001953 0.001953
1 0.103516 0.265625 0.066406 0.050781
1 0.961914 0.240234 0.001953 0.003906
0 0.930664 0.271484 0.068359 0.066406
1 0.386719 0.241211 0.011719 0.005859
0 0.002930 0.243164 0.005859 0.013672
0 0.922852 0.235352 0.001953 0.001953
1 0.812500 0.254883 0.015625 0.041016
1 0.368164 0.233398 0.001953 0.001953
0 0.954102 0.238281 0.005859 0.015625
0 0.916016 0.234375 0.007812 0.007812
1 0.389648 0.232422 0.001953 0.003906
1 0.069336 0.229492 0.009766 0.005859
0 0.911133 0.225586 0.001953 0.001953
0 0.868164 0.231445 0.013672 0.013672
1 0.243164 0.225586 0.001953 0.001953
1 0.217773 0.227539 0.005859 0.005859
1 0.981445 0.223633 0.001953 0.001953
0 0.877930 0.223633 0.001953 0.001953
1 0.127930 0.231445 0.013672 0.017578
0 0.874023 0.282227 0.072266 0.123047
0 0.348633 0.244141 0.029297 0.046875
1 0.107422 0.222656 0.011719 0.003906
0 0.727539 0.224609 0.005859 0.011719
1 0.447266 0.230469 0.031250 0.023438
1 0.386719 0.221680 0.003906 0.005859
1 0.365234 0.224609 0.035156 0.015625
1 0.208984 0.220703 0.011719 0.007812
1 0.164062 0.251953 0.058594 0.070312
1 0.021484 0.222656 0.007812 0.011719
1 0.864258 0.217773 0.001953 0.005859
1 0.410156 0.217773 0.007812 0.005859
1 0.220703 0.217773 0.003906 0.005859
1 0.201172 0.239258 0.035156 0.048828
1 0.847656 0.219727 0.011719 0.013672
1 0.204102 0.213867 0.001953 0.001953
1 0.086914 0.220703 0.013672 0.015625
1 0.007812 0.221680 0.015625 0.017578
1 0.993164 0.211914 0.001953 0.001953
1 0.959961 0.211914 0.001953 0.001953
0 0.344727 0.212891 0.001953 0.003906
1 0.488281 0.210938 0.007812 0.003906
1 0.041016 0.217773 0.015625 0.017578
1 0.856445 0.209961 0.005859 0.005859
1 0.383789 0.208984 0.001953 0.003906
1 0.237305 0.208984 0.001953 0.003906
0 0.157227 0.226562 0.037109 0.039062
1 0.031250 0.210938 0.003906 0.007812
0 0.897461 0.212891 0.013672 0.015625
1 0.802734 0.216797 0.027344 0.023438
1 0.425781 0.215820 0.015625 0.021484
1 0.400391 0.208008 0.003906 0.005859
1 0.023438 0.206055 0.003906 0.001953
1 0.990234 0.223633 0.019531 0.041016
1 0.776367 0.204102 0.001953 0.001953
1 0.842773 0.206055 0.005859 0.009766
1 0.585938 0.205078 0.023438 0.007812
1 0.568359 0.207031 0.007812 0.011719
1 0.742188 0.200195 0.003906 0.001953
1 0.495117 0.200195 0.001953 0.001953
1 0.200195 0.200195 0.001953 0.001953
1 0.861328 0.198242 0.003906 0.001953
1 0.178711 0.210938 0.009766 0.027344
1 0.213867 0.203125 0.009766 0.015625
1 0.854492 0.194336 0.001953 0.001953
1 0.513672 0.197266 0.007812 0.007812
1 0.500000 0.197266 0.003906 0.007812
1 0.262695 0.197266 0.005859 0.007812
1 0.182617 0.194336 0.001953 0.001953
1 0.169922 0.194336 0.003906 0.001953
1 0.210938 0.194336 0.003906 0.005859
1 0.811523 0.192383 0.005859 0.009766
1 0.471680 0.204102 0.017578 0.033203
1 0.883789 0.184570 0.001953 0.001953
1 0.793945 0.187500 0.017578 0.007812
1 0.065430 0.186523 0.005859 0.005859
1 0.260742 0.186523 0.009766 0.009766
1 0.073242 0.182617 0.005859 0.001953
1 0.067383 0.179688 0.005859 0.003906
1 0.061523 0.179688 0.001953 0.003906
1 0.188477 0.179688 0.005859 0.007812
0 0.752930 0.174805 0.001953 0.001953
1 0.485352 0.180664 0.013672 0.013672
1 0.042969 0.174805 0.003906 0.001953
0 0.363281 0.185547 0.015625 0.031250
1 0.843750 0.182617 0.015625 0.029297
1 0.586914 0.168945 0.001953 0.001953
1 0.531250 0.178711 0.035156 0.021484
0 0.773438 0.175781 0.027344 0.019531
1 0.219727 0.166992 0.001953 0.001953
1 0.036133 0.187500 0.072266 0.042969
1 0.977539 0.167969 0.005859 0.007812
1 0.581055 0.165039 0.001953 0.001953
1 0.499023 0.163086 0.001953 0.001953
0 0.370117 0.170898 0.013672 0.017578
1 0.165039 0.164062 0.001953 0.003906
1 0.000977 0.163086 0.001953 0.001953
1 0.843750 0.162109 0.003906 0.003906
1 0.577148 0.161133 0.001953 0.001953
1 0.559570 0.162109 0.005859 0.003906
1 0.438477 0.188477 0.025391 0.060547
0 0.717773 0.157227 0.001953 0.001953
1 0.903320 0.156250 0.001953 0.003906
0 0.546875 0.156250 0.003906 0.003906
1 0.125977 0.178711 0.037109 0.048828
0 0.928711 0.194336 0.048828 0.083984
0 0.514648 0.153320 0.001953 0.001953
1 0.901367 0.151367 0.001953 0.001953
0 0.779297 0.160156 0.015625 0.019531
1 0.165039 0.156250 0.009766 0.011719
1 0.118164 0.151367 0.001953 0.001953
1 0.407227 0.152344 0.005859 0.007812
0 0.365234 0.152344 0.023438 0.007812
0 0.762695 0.158203 0.017578 0.023438
1 0.419922 0.161133 0.023438 0.029297
0 0.225586 0.147461 0.001953 0.001953
1 0.149414 0.151367 0.009766 0.009766
1 0.609375 0.287109 0.363281 0.285156
1 0.487305 0.156250 0.009766 0.023438
0 0.333008 0.163086 0.041016 0.037109
1 0.909180 0.151367 0.013672 0.017578
0 0.739258 0.146484 0.009766 0.007812
1 0.057617 0.147461 0.017578 0.013672
1 0.483398 0.137695 0.001953 0.001953
0 0.350586 0.139648 0.005859 0.005859
1 0.201172 0.165039 0.031250 0.056641
0 0.993164 0.159180 0.013672 0.048828
1 0.961914 0.151367 0.005859 0.033203
1 0.756836 0.140625 0.009766 0.011719
1 0.614258 0.139648 0.013672 0.009766
1 0.597656 0.137695 0.007812 0.005859
1 0.572266 0.154297 0.050781 0.039062
1 0.493164 0.137695 0.005859 0.005859
0 0.360352 0.138672 0.009766 0.007812
1 0.186523 0.133789 0.001953 0.001953
0 0.859375 0.152344 0.035156 0.042969
1 0.824219 0.134766 0.007812 0.007812
1 0.630859 0.137695 0.015625 0.013672
1 0.107422 0.141602 0.015625 0.021484
1 0.776367 0.133789 0.009766 0.009766
1 0.635742 0.129883 0.001953 0.001953
1 0.407227 0.129883 0.001953 0.001953
0 0.269531 0.145508 0.019531 0.033203
1 0.972656 0.131836 0.007812 0.009766
0 0.804688 0.150391 0.050781 0.046875
1 0.644531 0.134766 0.011719 0.015625
1 0.015625 0.147461 0.031250 0.041016
1 0.048828 0.127930 0.003906 0.005859
0 0.531250 0.124023 0.003906 0.001953
1 0.018555 0.127930 0.009766 0.009766
1 0.927734 0.127930 0.015625 0.013672
1 0.909180 0.130859 0.013672 0.019531
0 0.243164 0.152344 0.041016 0.062500
0 0.331055 0.132812 0.033203 0.027344
1 0.001953 0.121094 0.003906 0.003906
1 0.939453 0.118164 0.003906 0.001953
1 0.675781 0.128906 0.031250 0.023438
0 0.535156 0.149414 0.050781 0.064453
1 0.176758 0.125000 0.013672 0.015625
1 0.584961 0.123047 0.021484 0.015625
0 0.350586 0.117188 0.001953 0.003906
1 0.701172 0.118164 0.003906 0.009766
1 0.568359 0.116211 0.003906 0.005859
1 0.563477 0.114258 0.001953 0.001953
1 0.706055 0.112305 0.001953 0.001953
1 0.483398 0.113281 0.001953 0.003906
1 0.475586 0.115234 0.005859 0.007812
0 0.289062 0.189453 0.101562 0.156250
0 0.252930 0.119141 0.017578 0.015625
1 0.182617 0.114258 0.009766 0.005859
0 0.995117 0.121094 0.009766 0.023438
0 0.465820 0.111328 0.001953 0.003906
0 0.343750 0.111328 0.011719 0.003906
1 0.197266 0.114258 0.007812 0.009766
1 0.014648 0.111328 0.009766 0.003906
0 0.865234 0.122070 0.039062 0.029297
1 0.732422 0.109375 0.003906 0.003906
1 0.682617 0.112305 0.017578 0.009766
1 0.491211 0.115234 0.021484 0.015625
0 0.330078 0.109375 0.003906 0.003906
1 0.513672 0.112305 0.011719 0.013672
0 0.465820 0.106445 0.001953 0.001953
1 0.224609 0.116211 0.011719 0.021484
1 0.086914 0.118164 0.005859 0.025391
0 0.990234 0.108398 0.007812 0.009766
1 0.953125 0.104492 0.007812 0.009766
1 0.751953 0.103516 0.007812 0.007812
1 0.665039 0.101562 0.001953 0.003906
1 0.629883 0.114258 0.060547 0.029297
1 0.507812 0.101562 0.007812 0.003906
1 0.567383 0.103516 0.013672 0.011719
1 0.232422 0.107422 0.011719 0.019531
1 0.027344 0.100586 0.003906 0.005859
1 0.776367 0.096680 0.001953 0.001953
0 0.442383 0.096680 0.001953 0.001953
0 0.415039 0.111328 0.025391 0.031250
1 0.801758 0.092773 0.001953 0.001953
1 0.055664 0.104492 0.017578 0.025391
0 0.481445 0.098633 0.009766 0.017578
0 0.449219 0.111328 0.042969 0.042969
1 0.043945 0.090820 0.001953 0.001953
1 0.635742 0.090820 0.005859 0.005859
1 0.149414 0.117188 0.029297 0.058594
1 0.759766 0.089844 0.011719 0.007812
1 0.013672 0.087891 0.003906 0.003906
1 0.930664 0.091797 0.029297 0.019531
1 0.075195 0.088867 0.013672 0.013672
1 0.935547 0.082031 0.007812 0.007812
1 0.721680 0.096680 0.044922 0.037109
1 0.252930 0.081055 0.005859 0.005859
0 0.166992 0.093750 0.021484 0.031250
1 0.135742 0.083008 0.005859 0.017578
1 0.022461 0.081055 0.009766 0.013672
1 0.619141 0.077148 0.011719 0.009766
1 0.846680 0.082031 0.009766 0.027344
1 0.473633 0.069336 0.001953 0.001953
0 0.306641 0.095703 0.039062 0.054688
1 0.128906 0.070312 0.003906 0.003906
1 0.010742 0.069336 0.001953 0.001953
0 0.272461 0.068359 0.001953 0.003906
0 0.272461 0.086914 0.025391 0.041016
0 0.414062 0.076172 0.023438 0.027344
1 0.819336 0.067383 0.005859 0.013672
0 0.305664 0.061523 0.001953 0.001953
1 0.142578 0.067383 0.027344 0.013672
1 0.871094 0.082031 0.027344 0.046875
0 0.442383 0.077148 0.052734 0.037109
1 0.005859 0.066406 0.011719 0.015625
1 0.232422 0.062500 0.003906 0.011719
1 0.160156 0.061523 0.019531 0.009766
0 0.411133 0.057617 0.005859 0.005859
1 0.627930 0.053711 0.001953 0.001953
1 0.194336 0.054688 0.005859 0.011719
1 0.241211 0.048828 0.001953 0.003906
1 0.161133 0.050781 0.009766 0.007812
0 0.345703 0.045898 0.003906 0.001953
1 0.126953 0.055664 0.042969 0.021484
1 0.484375 0.044922 0.003906 0.003906
0 0.409180 0.043945 0.001953 0.001953
0 0.330078 0.071289 0.097656 0.060547
1 0.104492 0.043945 0.005859 0.005859
1 0.580078 0.070312 0.046875 0.062500
0 0.461914 0.045898 0.013672 0.013672
1 0.215820 0.055664 0.025391 0.037109
1 0.004883 0.042969 0.009766 0.011719
0 0.410156 0.037109 0.003906 0.003906
1 0.315430 0.038086 0.005859 0.005859
1 0.713867 0.047852 0.017578 0.029297
0 0.402344 0.035156 0.003906 0.003906
1 0.263672 0.048828 0.042969 0.031250
1 0.823242 0.033203 0.001953 0.003906
1 0.766602 0.032227 0.001953 0.001953
1 0.529297 0.073242 0.046875 0.083984
1 0.479492 0.034180 0.005859 0.005859
1 0.093750 0.034180 0.003906 0.005859
1 0.062500 0.048828 0.023438 0.035156
1 0.771484 0.064453 0.101562 0.070312
0 0.343750 0.035156 0.015625 0.011719
0 0.997070 0.029297 0.001953 0.003906
1 0.174805 0.036133 0.009766 0.017578
1 0.123047 0.030273 0.003906 0.005859
1 0.725586 0.026367 0.001953 0.001953
0 0.666016 0.026367 0.003906 0.005859
0 0.390625 0.027344 0.007812 0.007812
1 0.170898 0.026367 0.005859 0.005859
1 0.037109 0.031250 0.007812 0.015625
1 0.822266 0.024414 0.003906 0.009766
1 0.739258 0.023438 0.005859 0.007812
0 0.431641 0.041016 0.042969 0.046875
0 0.417969 0.019531 0.003906 0.003906
0 0.998047 0.019531 0.003906 0.007812
1 0.725586 0.019531 0.005859 0.007812
1 0.551758 0.016602 0.001953 0.001953
1 0.082031 0.022461 0.011719 0.013672
1 0.860352 0.014648 0.001953 0.001953
1 0.135742 0.023438 0.009766 0.019531
1 0.034180 0.017578 0.001953 0.007812
0 0.667969 0.050781 0.074219 0.078125
1 0.540039 0.015625 0.005859 0.007812
1 0.549805 0.010742 0.001953 0.001953
0 0.362305 0.010742 0.001953 0.001953
1 0.332031 0.023438 0.023438 0.027344
1 0.417969 0.008789 0.003906 0.001953
1 0.732422 0.006836 0.003906 0.001953
1 0.502930 0.034180 0.029297 0.056641
1 0.078125 0.007812 0.003906 0.003906
1 0.172852 0.011719 0.009766 0.015625
1 0.122070 0.004883 0.001953 0.001953
0 0.334961 0.004883 0.005859 0.005859
1 0.919922 0.050781 0.160156 0.101562
1 0.850586 0.002930 0.013672 0.005859
1 0.798828 0.013672 0.042969 0.027344
1 0.745117 0.005859 0.009766 0.011719
0 0.695312 0.006836 0.027344 0.013672
1 0.677734 0.002930 0.011719 0.005859
1 0.667969 0.001953 0.003906 0.003906
0 0.636719 0.016602 0.039062 0.033203
0 0.594727 0.025391 0.068359 0.050781
1 0.518555 0.000977 0.001953 0.001953
0 0.481445 0.012695 0.025391 0.025391
0 0.458984 0.015625 0.015625 0.031250
0 0.371094 0.069336 0.054688 0.138672
1 0.329102 0.000977 0.001953 0.001953
1 0.259766 0.022461 0.117188 0.044922
1 0.145508 0.000977 0.001953 0.001953
1 0.119141 0.001953 0.003906 0.003906
1 0.108398 0.011719 0.013672 0.023438
1 0.041016 0.001953 0.007812 0.003906
1 0.021484 0.008789 0.011719 0.017578
3 0.801758 0.999023 0.001953 0.001953
3 0.360352 0.996094 0.009766 0.007812
2 0.147461 0.979492 0.005859 0.005859
2 0.428711 0.957031 0.021484 0.011719
2 0.613281 0.946289 0.003906 0.001953
2 0.996094 0.940430 0.007812 0.005859
2 0.421875 0.942383 0.007812 0.009766
2 0.620117 0.939453 0.005859 0.011719
2 0.609375 0.937500 0.007812 0.007812
2 0.031250 0.939453 0.007812 0.011719
2 0.028320 0.935547 0.005859 0.003906
2 0.994141 0.924805 0.011719 0.013672
3 0.573242 0.916992 0.001953 0.001953
3 0.586914 0.913086 0.001953 0.001953
3 0.579102 0.911133 0.001953 0.001953
3 0.574219 0.912109 0.003906 0.003906
3 0.573242 0.907227 0.001953 0.001953
3 0.557617 0.894531 0.009766 0.003906
3 0.557617 0.883789 0.009766 0.005859
2 0.972656 0.851562 0.003906 0.003906
2 0.969727 0.842773 0.001953 0.001953
2 0.997070 0.725586 0.005859 0.009766
2 0.000977 0.654297 0.001953 0.007812
2 0.982422 0.445312 0.011719 0.015625
2 0.984375 0.427734 0.003906 0.003906
2 0.019531 0.287109 0.039062 0.031250
3 0.381836 0.102539 0.001953 0.001953
2 0.915039 0.070312 0.009766 0.007812
2 0.905273 0.065430 0.001953 0.001953
3 0.932617 0.065430 0.005859 0.013672
2 0.978516 0.050781 0.011719 0.003906
3 0.945312 0.034180 0.003906 0.001953
2 0.610352 0.031250 0.013672 0.007812
3 0.909180 0.026367 0.001953 0.001953
2 0.641602 0.014648 0.001953 0.001953
2 0.990234 0.028320 0.019531 0.033203
3 0.782227 0.004883 0.001953 0.001953
3 0.260742 0.004883 0.001953 0.001953
2 0.980469 0.000977 0.003906 0.001953
3 0.940430 0.028320 0.072266 0.056641
3 0.892578 0.006836 0.015625 0.013672
3 0.789062 0.000977 0.003906 0.001953
2 0.578125 0.001953 0.011719 0.003906
2 0.483398 0.000977 0.005859 0.001953
2 0.362305 0.000977 0.001953 0.001953
3 0.500000 0.500000 1.000000 1.000000