0 0.468750 0.999023 0.003906 0.001953
0 0.512695 0.995117 0.001953 0.001953
0 0.056641 0.997070 0.011719 0.005859
0 0.807617 0.993164 0.001953 0.001953
0 0.677734 0.994141 0.011719 0.007812
0 0.240234 0.995117 0.015625 0.009766
0 0.254883 0.992188 0.005859 0.011719
1 0.670898 0.986328 0.005859 0.003906
0 0.480469 0.992188 0.023438 0.015625
0 0.078125 0.990234 0.027344 0.019531
0 0.508789 0.977539 0.001953 0.001953
1 0.024414 0.973633 0.001953 0.001953
0 0.500000 0.985352 0.015625 0.029297
0 0.482422 0.977539 0.011719 0.017578
1 0.051758 0.967773 0.001953 0.001953
0 0.045898 0.976562 0.029297 0.023438
1 0.032227 0.963867 0.001953 0.001953
0 0.025391 0.981445 0.050781 0.037109
0 0.494141 0.963867 0.003906 0.009766
1 0.040039 0.959961 0.001953 0.001953
0 0.668945 0.958008 0.001953 0.001953
1 0.002930 0.958984 0.005859 0.003906
0 0.676758 0.954102 0.001953 0.001953
0 0.106445 0.976562 0.060547 0.046875
0 0.504883 0.962891 0.009766 0.023438
0 0.127930 0.952148 0.001953 0.001953
0 0.846680 0.967773 0.048828 0.041016
0 0.676758 0.946289 0.001953 0.001953
0 0.663086 0.944336 0.001953 0.001953
0 0.178711 0.964844 0.029297 0.042969
0 0.659180 0.944336 0.001953 0.005859
0 0.663086 0.938477 0.001953 0.001953
1 0.500977 0.923828 0.005859 0.003906
1 0.111328 0.932617 0.062500 0.029297
0 0.847656 0.919922 0.019531 0.015625
0 0.798828 0.914062 0.007812 0.007812
0 0.793945 0.908203 0.001953 0.003906
0 0.789062 0.896484 0.003906 0.003906
1 0.454102 0.885742 0.005859 0.009766
1 0.807617 0.879883 0.001953 0.001953
0 0.218750 0.885742 0.023438 0.021484
0 0.370117 0.875977 0.017578 0.009766
0 0.297852 0.875977 0.005859 0.009766
0 0.821289 0.934570 0.087891 0.130859
1 0.803711 0.869141 0.001953 0.003906
0 0.772461 0.866211 0.001953 0.001953
0 0.660156 0.867188 0.003906 0.003906
0 0.768555 0.864258 0.001953 0.001953
0 0.661133 0.862305 0.001953 0.001953
0 0.277344 0.862305 0.003906 0.001953
0 0.362305 0.859375 0.005859 0.007812
0 0.288086 0.857422 0.021484 0.035156
0 0.995117 0.855469 0.009766 0.035156
0 0.884766 0.848633 0.011719 0.021484
1 0.357422 0.841797 0.011719 0.007812
0 0.791016 0.847656 0.042969 0.027344
0 0.529297 0.828125 0.007812 0.003906
0 0.521484 0.822266 0.003906 0.003906
0 0.338867 0.819336 0.001953 0.001953
0 0.529297 0.817383 0.007812 0.005859
1 0.606445 0.813477 0.001953 0.001953
0 0.329102 0.822266 0.005859 0.019531
1 0.491211 0.807617 0.001953 0.001953
1 0.500977 0.806641 0.013672 0.003906
1 0.409180 0.825195 0.033203 0.044922
0 0.944336 0.877930 0.111328 0.154297
1 0.921875 0.800781 0.003906 0.003906
1 0.520508 0.804688 0.017578 0.011719
1 0.496094 0.800781 0.003906 0.003906
1 0.756836 0.802734 0.009766 0.019531
1 0.389648 0.790039 0.001953 0.001953
0 0.684570 0.778320 0.001953 0.001953
0 0.551758 0.778320 0.001953 0.001953
0 0.364258 0.805664 0.056641 0.056641
0 0.666992 0.794922 0.017578 0.042969
1 0.002930 0.771484 0.001953 0.003906
1 0.552734 0.771484 0.007812 0.007812
1 0.569336 0.766602 0.001953 0.001953
1 0.574219 0.763672 0.003906 0.003906
0 0.680664 0.767578 0.005859 0.015625
0 0.541016 0.760742 0.007812 0.013672
0 0.816406 0.750977 0.003906 0.001953
0 0.810547 0.749023 0.003906 0.001953
1 0.012695 0.767578 0.025391 0.039062
1 0.629883 0.747070 0.001953 0.001953
0 0.836914 0.745117 0.001953 0.001953
0 0.717773 0.777344 0.056641 0.070312
0 0.834961 0.741211 0.001953 0.001953
0 0.840820 0.743164 0.005859 0.013672
0 0.007812 0.741211 0.015625 0.009766
1 0.135742 0.735352 0.001953 0.001953
1 0.123047 0.744141 0.019531 0.019531
1 0.553711 0.735352 0.001953 0.005859
0 0.910156 0.726562 0.003906 0.003906
0 0.907227 0.721680 0.001953 0.001953
1 0.706055 0.713867 0.001953 0.001953
1 0.748047 0.717773 0.019531 0.013672
1 0.737305 0.704102 0.005859 0.005859
1 0.731445 0.702148 0.001953 0.001953
1 0.774414 0.696289 0.001953 0.001953
1 0.770508 0.696289 0.001953 0.001953
1 0.704102 0.696289 0.001953 0.001953
0 0.799805 0.725586 0.060547 0.064453
0 0.920898 0.743164 0.158203 0.103516
1 0.704102 0.692383 0.001953 0.001953
0 0.372070 0.694336 0.005859 0.005859
1 0.492188 0.691406 0.003906 0.003906
0 0.215820 0.719727 0.052734 0.060547
1 0.714844 0.699219 0.019531 0.023438
1 0.465820 0.686523 0.001953 0.001953
1 0.370117 0.683594 0.001953 0.003906
0 0.217773 0.683594 0.001953 0.003906
1 0.706055 0.680664 0.001953 0.001953
1 0.154297 0.694336 0.023438 0.029297
0 0.814453 0.708008 0.035156 0.060547
1 0.718750 0.679688 0.007812 0.007812
0 0.421875 0.677734 0.003906 0.003906
1 0.488281 0.727539 0.125000 0.107422
1 0.368164 0.674805 0.001953 0.001953
0 0.213867 0.679688 0.013672 0.011719
1 0.204102 0.675781 0.001953 0.003906
0 0.242188 0.674805 0.007812 0.005859
0 0.230469 0.674805 0.003906 0.005859
0 0.386719 0.686523 0.035156 0.033203
1 0.820312 0.668945 0.007812 0.001953
0 0.411133 0.673828 0.013672 0.011719
1 0.288086 0.671875 0.005859 0.007812
1 0.811523 0.666992 0.001953 0.001953
1 0.476562 0.678711 0.027344 0.029297
1 0.468750 0.661133 0.003906 0.001953
1 0.467773 0.657227 0.001953 0.001953
0 0.412109 0.657227 0.003906 0.001953
1 0.328125 0.684570 0.078125 0.056641
0 0.073242 0.647461 0.001953 0.001953
0 0.071289 0.657227 0.037109 0.025391
1 0.480469 0.646484 0.023438 0.015625
1 0.418945 0.639648 0.005859 0.001953
1 0.485352 0.631836 0.001953 0.001953
1 0.427734 0.630859 0.003906 0.003906
1 0.434570 0.628906 0.005859 0.007812
0 0.429688 0.616211 0.007812 0.009766
0 0.250977 0.625977 0.025391 0.029297
1 0.481445 0.611328 0.009766 0.007812
0 0.061523 0.615234 0.005859 0.015625
1 0.493164 0.608398 0.005859 0.009766
1 0.443359 0.612305 0.011719 0.017578
1 0.561523 0.607422 0.009766 0.011719
0 0.179688 0.617188 0.027344 0.031250
0 0.987305 0.601562 0.013672 0.007812
0 0.963867 0.594727 0.001953 0.001953
0 0.969727 0.613281 0.060547 0.039062
1 0.452148 0.596680 0.005859 0.005859
0 0.952148 0.590820 0.001953 0.001953
0 0.969727 0.588867 0.001953 0.001953
1 0.870117 0.613281 0.029297 0.054688
0 0.725586 0.587891 0.005859 0.007812
0 0.085938 0.598633 0.027344 0.037109
0 0.959961 0.582031 0.005859 0.007812
1 0.915039 0.575195 0.001953 0.001953
1 0.776367 0.571289 0.001953 0.001953
0 0.734375 0.569336 0.003906 0.001953
0 0.950195 0.571289 0.013672 0.009766
0 0.079102 0.570312 0.009766 0.007812
0 0.063477 0.583984 0.017578 0.035156
0 0.473633 0.565430 0.001953 0.001953
0 0.143555 0.561523 0.001953 0.001953
0 0.737305 0.556641 0.005859 0.003906
0 0.731445 0.557617 0.001953 0.005859
0 0.488281 0.560547 0.011719 0.011719
0 0.476562 0.556641 0.003906 0.003906
0 0.950195 0.553711 0.001953 0.001953
0 0.481445 0.553711 0.001953 0.001953
0 0.144531 0.555664 0.003906 0.005859
0 0.941406 0.553711 0.007812 0.013672
0 0.780273 0.541992 0.001953 0.001953
0 0.769531 0.543945 0.007812 0.009766
0 0.237305 0.540039 0.001953 0.001953
0 0.142578 0.543945 0.003906 0.009766
0 0.933594 0.541016 0.007812 0.011719
0 0.437500 0.536133 0.003906 0.001953
0 0.760742 0.535156 0.001953 0.003906
0 0.756836 0.534180 0.001953 0.001953
0 0.446289 0.532227 0.001953 0.001953
0 0.096680 0.529297 0.001953 0.003906
0 0.495117 0.526367 0.001953 0.001953
0 0.910156 0.535156 0.027344 0.027344
0 0.891602 0.518555 0.001953 0.001953
1 0.507812 0.518555 0.003906 0.001953
0 0.450195 0.518555 0.001953 0.001953
1 0.895508 0.551758 0.072266 0.072266
1 0.875977 0.514648 0.001953 0.001953
0 0.491211 0.520508 0.017578 0.013672
0 0.252930 0.522461 0.017578 0.017578
0 0.155273 0.536133 0.025391 0.044922
1 0.178711 0.526367 0.021484 0.029297
1 0.796875 0.580078 0.074219 0.144531
0 0.758789 0.504883 0.001953 0.001953
0 0.432617 0.533203 0.048828 0.062500
0 0.370117 0.500000 0.001953 0.003906
0 0.356445 0.501953 0.005859 0.007812
1 0.441406 0.502930 0.007812 0.013672
0 0.090820 0.503906 0.025391 0.019531
0 0.770508 0.514648 0.017578 0.044922
0 0.090820 0.485352 0.001953 0.001953
0 0.315430 0.488281 0.017578 0.015625
0 0.500977 0.471680 0.001953 0.001953
1 0.331055 0.465820 0.001953 0.001953
1 0.004883 0.465820 0.001953 0.001953
0 0.936523 0.469727 0.017578 0.013672
0 0.345703 0.465820 0.003906 0.005859
1 0.041992 0.464844 0.001953 0.003906
0 0.511719 0.467773 0.011719 0.013672
0 0.340820 0.461914 0.001953 0.001953
0 0.465820 0.468750 0.009766 0.019531
1 0.324219 0.471680 0.031250 0.025391
0 0.814453 0.461914 0.011719 0.013672
1 0.056641 0.458984 0.015625 0.007812
0 0.375000 0.473633 0.058594 0.041016
1 0.045898 0.454102 0.001953 0.001953
1 0.307617 0.453125 0.005859 0.003906
0 0.293945 0.452148 0.001953 0.001953
0 0.455078 0.458008 0.007812 0.017578
0 0.684570 0.446289 0.001953 0.001953
0 0.458984 0.447266 0.003906 0.003906
0 0.294922 0.446289 0.003906 0.005859
0 0.271484 0.447266 0.011719 0.011719
1 0.979492 0.438477 0.001953 0.001953
1 0.782227 0.438477 0.001953 0.001953
0 0.387695 0.438477 0.001953 0.001953
0 0.802734 0.448242 0.023438 0.025391
1 0.788086 0.440430 0.005859 0.009766
0 0.698242 0.450195 0.021484 0.037109
1 0.777344 0.462891 0.035156 0.070312
0 0.147461 0.432617 0.021484 0.017578
1 0.436523 0.420898 0.001953 0.001953
0 0.365234 0.421875 0.003906 0.003906
0 0.298828 0.427734 0.019531 0.027344
0 0.272461 0.435547 0.033203 0.042969
1 0.002930 0.414062 0.001953 0.003906
0 0.496094 0.414062 0.011719 0.007812
1 0.442383 0.417969 0.009766 0.015625
1 0.358398 0.411133 0.001953 0.001953
0 0.152344 0.416992 0.027344 0.017578
0 0.028320 0.407227 0.001953 0.001953
0 0.365234 0.406250 0.007812 0.003906
1 0.177734 0.410156 0.011719 0.015625
1 0.233398 0.412109 0.021484 0.023438
0 0.041992 0.399414 0.001953 0.001953
1 0.135742 0.397461 0.013672 0.013672
0 0.032227 0.397461 0.009766 0.013672
0 0.020508 0.392578 0.001953 0.003906
0 0.323242 0.387695 0.001953 0.001953
0 0.218750 0.388672 0.015625 0.015625
0 0.031250 0.383789 0.011719 0.005859
1 0.002930 0.383789 0.005859 0.005859
0 0.000977 0.377930 0.001953 0.001953
0 0.364258 0.375977 0.001953 0.001953
0 0.471680 0.370117 0.001953 0.001953
0 0.294922 0.387695 0.054688 0.037109
0 0.011719 0.372070 0.011719 0.005859
0 0.483398 0.368164 0.001953 0.001953
0 0.797852 0.366211 0.001953 0.001953
0 0.801758 0.374023 0.021484 0.025391
1 0.115234 0.362305 0.007812 0.005859
0 0.624023 0.365234 0.021484 0.019531
0 0.368164 0.354492 0.001953 0.001953
1 0.816406 0.359375 0.011719 0.015625
0 0.926758 0.353516 0.009766 0.011719
0 0.045898 0.346680 0.001953 0.001953
0 0.623047 0.348633 0.007812 0.013672
0 0.031250 0.360352 0.019531 0.037109
0 0.088867 0.350586 0.009766 0.029297
0 0.904297 0.339844 0.015625 0.011719
1 0.277344 0.331055 0.003906 0.001953
0 0.903320 0.330078 0.009766 0.003906
0 0.450195 0.343750 0.037109 0.031250
0 0.953125 0.321289 0.003906 0.001953
0 0.930664 0.335938 0.041016 0.031250
1 0.117188 0.340820 0.035156 0.041016
0 0.034180 0.321289 0.001953 0.001953
0 0.606445 0.319336 0.001953 0.001953
0 0.032227 0.315430 0.001953 0.001953
0 0.969727 0.310547 0.005859 0.003906
0 0.963867 0.309570 0.001953 0.001953
0 0.081055 0.318359 0.009766 0.019531
0 0.059570 0.337891 0.041016 0.058594
1 0.045898 0.309570 0.001953 0.001953
0 0.948242 0.310547 0.025391 0.007812
0 0.894531 0.306641 0.003906 0.003906
1 0.887695 0.306641 0.005859 0.003906
0 0.480469 0.306641 0.003906 0.007812
0 0.470703 0.298828 0.015625 0.007812
0 0.092773 0.296875 0.005859 0.003906
1 0.861328 0.301758 0.019531 0.017578
0 0.288086 0.301758 0.013672 0.021484
0 0.086914 0.292969 0.005859 0.003906
0 0.303711 0.293945 0.029297 0.025391
1 0.387695 0.366211 0.107422 0.173828
1 0.364258 0.277344 0.005859 0.003906
1 0.356445 0.276367 0.001953 0.001953
0 0.014648 0.312500 0.029297 0.078125
1 0.364258 0.272461 0.001953 0.001953
1 0.359375 0.272461 0.003906 0.001953
1 0.342773 0.274414 0.017578 0.009766
0 0.189453 0.296875 0.074219 0.062500
1 0.352539 0.264648 0.001953 0.001953
1 0.061523 0.286133 0.048828 0.044922
1 0.290039 0.263672 0.005859 0.003906
0 0.910156 0.255859 0.003906 0.003906
1 0.108398 0.261719 0.017578 0.015625
1 0.127930 0.255859 0.013672 0.007812
1 0.357422 0.249023 0.003906 0.001953
1 0.824219 0.246094 0.011719 0.015625
1 0.367188 0.238281 0.003906 0.003906
0 0.271484 0.239258 0.019531 0.009766
0 0.244141 0.231445 0.007812 0.001953
0 0.801758 0.226562 0.001953 0.003906
1 0.139648 0.219727 0.001953 0.001953
0 0.944336 0.339844 0.111328 0.250000
1 0.490234 0.219727 0.011719 0.009766
0 0.785156 0.222656 0.007812 0.019531
1 0.346680 0.213867 0.001953 0.001953
0 0.083008 0.231445 0.037109 0.037109
1 0.348633 0.208008 0.001953 0.001953
0 0.198242 0.208008 0.001953 0.001953
0 0.211914 0.206055 0.001953 0.001953
1 0.155273 0.198242 0.001953 0.001953
1 0.196289 0.195312 0.005859 0.003906
0 0.219727 0.192383 0.001953 0.001953
1 0.190430 0.192383 0.001953 0.001953
1 0.164062 0.224609 0.070312 0.082031
1 0.992188 0.184570 0.015625 0.009766
0 0.896484 0.200195 0.070312 0.041016
0 0.258789 0.202148 0.068359 0.044922
0 0.016602 0.204102 0.033203 0.048828
1 0.395508 0.185547 0.052734 0.015625
1 0.344727 0.185547 0.021484 0.023438
0 0.032227 0.181641 0.025391 0.019531
1 0.301758 0.175781 0.009766 0.011719
1 0.636719 0.168945 0.011719 0.021484
1 0.344727 0.159180 0.001953 0.001953
0 0.085938 0.177734 0.023438 0.062500
1 0.478516 0.165039 0.070312 0.044922
0 0.098633 0.134766 0.001953 0.003906
1 0.239258 0.146484 0.021484 0.031250
1 0.555664 0.124023 0.001953 0.001953
0 0.914062 0.123047 0.003906 0.003906
0 0.916992 0.114258 0.001953 0.001953
0 0.545898 0.113281 0.005859 0.003906
0 0.918945 0.145508 0.162109 0.080078
1 0.538086 0.110352 0.005859 0.009766
0 0.897461 0.104492 0.001953 0.001953
0 0.891602 0.108398 0.017578 0.009766
1 0.538086 0.102539 0.001953 0.001953
1 0.195312 0.116211 0.054688 0.029297
1 0.010742 0.099609 0.009766 0.015625
0 0.988281 0.091797 0.019531 0.011719
0 0.881836 0.091797 0.033203 0.027344
0 0.971680 0.076172 0.013672 0.007812
0 0.465820 0.073242 0.001953 0.001953
0 0.794922 0.087891 0.031250 0.042969
0 0.835938 0.066406 0.003906 0.003906
0 0.848633 0.074219 0.021484 0.023438
1 0.910156 0.064453 0.003906 0.007812
0 0.889648 0.071289 0.025391 0.029297
0 0.098633 0.063477 0.017578 0.017578
0 0.845703 0.053711 0.015625 0.005859
0 0.916992 0.042969 0.009766 0.011719
1 0.594727 0.056641 0.052734 0.046875
0 0.449219 0.055664 0.035156 0.060547
0 0.750977 0.034180 0.021484 0.021484
0 0.622070 0.012695 0.001953 0.001953
0 0.994141 0.016602 0.011719 0.013672
1 0.139648 0.008789 0.001953 0.001953
0 0.005859 0.007812 0.003906 0.003906
0 0.952148 0.042969 0.095703 0.085938
0 0.937500 0.001953 0.003906 0.003906
0 0.618164 0.004883 0.005859 0.009766
1 0.576172 0.004883 0.019531 0.009766
1 0.520508 0.015625 0.056641 0.031250
1 0.486328 0.002930 0.007812 0.005859
1 0.356445 0.000977 0.001953 0.001953
2 0.021484 0.999023 0.003906 0.001953
2 0.027344 0.998047 0.003906 0.003906
2 0.015625 0.991211 0.007812 0.005859
2 0.822266 0.934570 0.003906 0.001953
2 0.814453 0.939453 0.003906 0.011719
2 0.824219 0.919922 0.011719 0.007812
2 0.901367 0.877930 0.001953 0.001953
2 0.789062 0.877930 0.003906 0.001953
2 0.937500 0.873047 0.007812 0.003906
3 0.958008 0.860352 0.001953 0.001953
2 0.948242 0.841797 0.005859 0.003906
2 0.960938 0.839844 0.007812 0.011719
2 0.926758 0.837891 0.021484 0.015625
2 0.939453 0.830078 0.011719 0.007812
2 0.997070 0.827148 0.005859 0.005859
2 0.958984 0.827148 0.007812 0.009766
2 0.939453 0.774414 0.007812 0.005859
2 0.968750 0.768555 0.007812 0.005859
2 0.919922 0.772461 0.011719 0.013672
2 0.943359 0.759766 0.003906 0.003906
2 0.902344 0.695312 0.003906 0.003906
2 0.995117 0.393555 0.009766 0.013672
2 0.978516 0.391602 0.027344 0.033203
2 0.984375 0.367188 0.003906 0.003906
2 0.976562 0.343750 0.015625 0.027344
2 0.996094 0.319336 0.003906 0.001953
2 0.984375 0.309570 0.003906 0.001953
2 0.979492 0.309570 0.001953 0.001953
2 0.994141 0.307617 0.003906 0.001953
2 0.993164 0.299805 0.013672 0.005859
2 0.975586 0.291992 0.025391 0.013672
2 0.996094 0.280273 0.007812 0.005859
2 0.950195 0.260742 0.029297 0.029297
2 0.949219 0.241211 0.007812 0.005859
2 0.989258 0.239258 0.005859 0.005859
2 0.930664 0.235352 0.001953 0.005859
2 0.905273 0.171875 0.001953 0.003906
2 0.903320 0.155273 0.005859 0.001953
2 0.965820 0.149414 0.005859 0.005859
2 0.891602 0.155273 0.025391 0.025391
2 0.874023 0.141602 0.001953 0.001953
2 0.870117 0.153320 0.029297 0.037109
2 0.934570 0.129883 0.001953 0.001953
2 0.938477 0.127930 0.001953 0.001953
2 0.998047 0.079102 0.003906 0.001953
2 0.997070 0.056641 0.005859 0.007812
2 0.991211 0.014648 0.017578 0.029297
2 0.973633 0.002930 0.005859 0.005859
2 0.967773 0.000977 0.001953 0.001953
3 0.500000 0.500000 1.000000 1.000000