0 0.750000 0.996094 0.011719 0.007812
1 0.714844 0.996094 0.007812 0.007812
1 0.918945 0.991211 0.001953 0.001953
1 0.705078 0.991211 0.003906 0.001953
1 0.536133 0.989258 0.001953 0.001953
0 0.204102 0.989258 0.001953 0.001953
1 0.086914 0.989258 0.001953 0.001953
0 0.041992 0.989258 0.001953 0.005859
1 0.735352 0.991211 0.013672 0.013672
1 0.539062 0.984375 0.003906 0.003906
0 0.479492 0.989258 0.001953 0.013672
1 0.541016 0.978516 0.003906 0.003906
1 0.053711 0.977539 0.009766 0.001953
1 0.985352 0.987305 0.029297 0.025391
1 0.522461 0.973633 0.001953 0.001953
1 0.989258 0.971680 0.001953 0.001953
1 0.064453 0.984375 0.039062 0.031250
1 0.155273 0.965820 0.001953 0.001953
1 0.888672 0.979492 0.062500 0.041016
0 0.229492 0.959961 0.001953 0.001953
0 0.001953 0.959961 0.003906 0.005859
1 0.049805 0.957031 0.001953 0.003906
1 0.543945 0.954102 0.001953 0.001953
1 0.898438 0.951172 0.011719 0.003906
1 0.547852 0.950195 0.005859 0.001953
0 0.196289 0.948242 0.001953 0.001953
1 0.903320 0.946289 0.001953 0.001953
1 0.904297 0.940430 0.003906 0.001953
0 0.929688 0.934570 0.003906 0.005859
1 0.557617 0.936523 0.001953 0.009766
0 0.185547 0.965820 0.078125 0.068359
0 0.019531 0.963867 0.039062 0.072266
0 0.142578 0.928711 0.003906 0.005859
1 0.125000 0.927734 0.003906 0.003906
1 0.091797 0.930664 0.023438 0.017578
1 0.083984 0.921875 0.003906 0.003906
1 0.111328 0.921875 0.003906 0.007812
1 0.102539 0.918945 0.001953 0.001953
0 0.022461 0.919922 0.001953 0.003906
0 0.851562 0.933594 0.039062 0.035156
1 0.089844 0.916992 0.007812 0.001953
0 0.875977 0.916992 0.009766 0.009766
0 0.516602 0.914062 0.001953 0.003906
0 0.509766 0.916992 0.003906 0.009766
1 0.103516 0.912109 0.007812 0.007812
1 0.975586 0.899414 0.001953 0.001953
0 0.518555 0.899414 0.001953 0.001953
0 0.132812 0.911133 0.046875 0.025391
1 0.090820 0.899414 0.013672 0.013672
1 0.940430 0.898438 0.017578 0.015625
1 0.894531 0.893555 0.003906 0.009766
1 0.887695 0.891602 0.005859 0.005859
0 0.008789 0.909180 0.017578 0.044922
1 0.859375 0.887695 0.011719 0.009766
1 0.937500 0.881836 0.003906 0.001953
0 0.281250 0.880859 0.003906 0.003906
0 0.276367 0.879883 0.001953 0.001953
0 0.066406 0.880859 0.003906 0.003906
1 0.038086 0.885742 0.005859 0.013672
1 0.132812 0.879883 0.003906 0.005859
1 0.540039 0.875977 0.001953 0.001953
0 0.484375 0.876953 0.003906 0.003906
1 0.125977 0.878906 0.005859 0.007812
1 0.097656 0.882812 0.015625 0.015625
1 0.959961 0.871094 0.001953 0.003906
0 0.671875 0.871094 0.003906 0.003906
1 0.125000 0.868164 0.003906 0.001953
0 0.456055 0.869141 0.005859 0.007812
0 0.475586 0.865234 0.001953 0.003906
1 0.526367 0.862305 0.001953 0.001953
1 0.784180 0.860352 0.001953 0.001953
0 0.497070 0.860352 0.001953 0.001953
1 0.106445 0.862305 0.005859 0.005859
0 0.251953 0.920898 0.027344 0.130859
1 0.784180 0.854492 0.001953 0.001953
0 0.473633 0.855469 0.005859 0.003906
1 0.260742 0.856445 0.001953 0.005859
1 0.113281 0.855469 0.003906 0.003906
0 0.002930 0.858398 0.005859 0.017578
1 0.948242 0.913086 0.103516 0.134766
1 0.907227 0.847656 0.009766 0.003906
0 0.862305 0.846680 0.001953 0.001953
1 0.781250 0.848633 0.011719 0.005859
1 0.487305 0.854492 0.017578 0.017578
1 0.473633 0.846680 0.001953 0.001953
1 0.027344 0.847656 0.003906 0.003906
1 0.915039 0.844727 0.001953 0.001953
1 0.907227 0.842773 0.001953 0.001953
1 0.490234 0.842773 0.003906 0.001953
0 0.007812 0.844727 0.003906 0.005859
0 0.059570 0.862305 0.056641 0.044922
1 0.977539 0.838867 0.001953 0.001953
1 0.912109 0.839844 0.003906 0.003906
0 0.057617 0.841797 0.005859 0.007812
0 0.704102 0.855469 0.029297 0.039062
1 0.048828 0.839844 0.007812 0.007812
0 0.026367 0.836914 0.001953 0.001953
1 0.763672 0.834961 0.003906 0.001953
0 0.002930 0.834961 0.001953 0.001953
1 0.481445 0.833008 0.001953 0.001953
1 0.057617 0.833008 0.001953 0.001953
0 0.597656 0.915039 0.101562 0.169922
1 0.477539 0.831055 0.001953 0.001953
0 0.005859 0.831055 0.003906 0.001953
1 0.941406 0.833984 0.019531 0.011719
1 0.821289 0.829102 0.001953 0.001953
1 0.832031 0.851562 0.054688 0.050781
1 0.024414 0.827148 0.001953 0.001953
0 0.021484 0.833984 0.007812 0.015625
0 0.006836 0.827148 0.001953 0.001953
1 0.964844 0.825195 0.003906 0.001953
1 0.768555 0.825195 0.001953 0.001953
0 0.533203 0.825195 0.003906 0.001953
1 0.473633 0.826172 0.009766 0.007812
1 0.821289 0.821289 0.001953 0.001953
0 0.521484 0.830078 0.019531 0.019531
1 0.043945 0.831055 0.025391 0.025391
0 0.909180 0.817383 0.001953 0.001953
0 0.984375 0.812500 0.007812 0.003906
0 0.504883 0.809570 0.001953 0.001953
1 0.042969 0.812500 0.007812 0.007812
0 0.958984 0.813477 0.019531 0.013672
0 0.716797 0.818359 0.015625 0.023438
0 0.025391 0.811523 0.003906 0.009766
0 0.013672 0.815430 0.011719 0.017578
0 0.889648 0.821289 0.044922 0.037109
0 0.177734 0.805664 0.007812 0.005859
0 0.994141 0.801758 0.003906 0.001953
1 0.947266 0.802734 0.003906 0.003906
1 0.029297 0.802734 0.007812 0.003906
0 0.987305 0.802734 0.005859 0.007812
1 0.181641 0.800781 0.015625 0.011719
1 0.928711 0.790039 0.009766 0.005859
0 0.432617 0.790039 0.013672 0.013672
0 0.996094 0.785156 0.007812 0.007812
1 0.921875 0.785156 0.007812 0.007812
0 0.415039 0.789062 0.009766 0.015625
1 0.844727 0.778320 0.005859 0.001953
0 0.719727 0.783203 0.009766 0.011719
1 0.858398 0.777344 0.005859 0.003906
1 0.851562 0.777344 0.003906 0.003906
0 0.753906 0.791016 0.035156 0.039062
1 0.925781 0.774414 0.003906 0.009766
1 0.851562 0.771484 0.011719 0.007812
0 0.743164 0.766602 0.001953 0.001953
0 0.792969 0.765625 0.003906 0.003906
0 0.520508 0.773438 0.056641 0.027344
0 0.559570 0.758789 0.001953 0.001953
1 0.778320 0.754883 0.001953 0.001953
1 0.772461 0.752930 0.001953 0.001953
1 0.768555 0.752930 0.001953 0.001953
1 0.757812 0.751953 0.003906 0.003906
0 0.319336 0.752930 0.009766 0.009766
0 0.303711 0.750000 0.009766 0.003906
1 0.848633 0.745117 0.001953 0.001953
1 0.758789 0.745117 0.001953 0.001953
0 0.624023 0.745117 0.001953 0.001953
0 0.557617 0.747070 0.005859 0.005859
1 0.763672 0.743164 0.003906 0.001953
1 0.958984 0.742188 0.003906 0.003906
1 0.739258 0.742188 0.001953 0.003906
1 0.618164 0.741211 0.005859 0.001953
0 0.534180 0.749023 0.021484 0.017578
1 0.750977 0.740234 0.005859 0.003906
0 0.313477 0.740234 0.001953 0.003906
1 0.083008 0.744141 0.005859 0.011719
0 0.558594 0.739258 0.007812 0.005859
1 0.463867 0.737305 0.001953 0.001953
0 0.977539 0.736328 0.005859 0.003906
0 0.988281 0.747070 0.023438 0.029297
1 0.467773 0.733398 0.001953 0.001953
1 0.463867 0.733398 0.001953 0.001953
0 0.489258 0.729492 0.001953 0.001953
1 0.848633 0.734375 0.013672 0.015625
1 0.856445 0.725586 0.001953 0.001953
0 0.999023 0.723633 0.001953 0.001953
1 0.850586 0.723633 0.001953 0.001953
1 0.909180 0.721680 0.001953 0.001953
1 0.887695 0.722656 0.001953 0.003906
1 0.458984 0.721680 0.011719 0.005859
0 0.846680 0.719727 0.009766 0.013672
0 0.509766 0.731445 0.031250 0.037109
0 0.049805 0.711914 0.001953 0.001953
0 0.083984 0.709961 0.003906 0.001953
0 0.028320 0.723633 0.033203 0.037109
0 0.067383 0.700195 0.001953 0.001953
1 0.006836 0.701172 0.001953 0.003906
0 0.502930 0.699219 0.005859 0.003906
0 0.447266 0.696289 0.003906 0.005859
0 0.980469 0.708984 0.039062 0.035156
1 0.001953 0.698242 0.003906 0.013672
0 0.993164 0.686523 0.001953 0.001953
0 0.130859 0.700195 0.015625 0.029297
0 0.440430 0.680664 0.001953 0.001953
0 0.093750 0.699219 0.046875 0.039062
0 0.685547 0.680664 0.007812 0.005859
1 0.889648 0.676758 0.001953 0.001953
1 0.846680 0.676758 0.001953 0.001953
1 0.795898 0.676758 0.001953 0.001953
0 0.696289 0.676758 0.001953 0.001953
0 0.987305 0.672852 0.001953 0.001953
0 0.938477 0.672852 0.001953 0.001953
1 0.866211 0.672852 0.001953 0.001953
1 0.784180 0.670898 0.001953 0.001953
1 0.680664 0.671875 0.005859 0.003906
0 0.979492 0.674805 0.021484 0.013672
1 0.678711 0.666992 0.001953 0.001953
0 0.943359 0.693359 0.089844 0.058594
0 0.717773 0.665039 0.001953 0.001953
1 0.693359 0.666016 0.003906 0.003906
1 0.979492 0.662109 0.001953 0.003906
1 0.007812 0.654297 0.003906 0.003906
1 0.691406 0.652344 0.003906 0.003906
1 0.668945 0.651367 0.001953 0.001953
1 0.836914 0.643555 0.001953 0.001953
0 0.711914 0.641602 0.001953 0.001953
1 0.500000 0.642578 0.003906 0.003906
0 0.018555 0.625977 0.001953 0.001953
1 0.854492 0.624023 0.001953 0.001953
1 0.937500 0.631836 0.035156 0.021484
1 0.844727 0.627930 0.013672 0.021484
1 0.788086 0.616211 0.001953 0.001953
1 0.963867 0.614258 0.001953 0.001953
0 0.704102 0.621094 0.029297 0.019531
1 0.026367 0.612305 0.001953 0.001953
1 0.782227 0.688477 0.138672 0.158203
0 0.752930 0.606445 0.001953 0.001953
1 0.971680 0.605469 0.017578 0.011719
1 0.958008 0.598633 0.001953 0.001953
0 0.330078 0.597656 0.003906 0.003906
1 0.899414 0.628906 0.060547 0.070312
1 0.528320 0.595703 0.001953 0.007812
1 0.913086 0.590820 0.001953 0.001953
1 0.901367 0.590820 0.001953 0.001953
0 0.046875 0.651367 0.093750 0.123047
0 0.596680 0.588867 0.001953 0.001953
1 0.883789 0.590820 0.005859 0.009766
1 0.797852 0.596680 0.021484 0.025391
1 0.554688 0.585938 0.003906 0.003906
1 0.874023 0.597656 0.025391 0.031250
0 0.678711 0.583008 0.001953 0.001953
0 0.333008 0.583008 0.001953 0.001953
0 0.743164 0.579102 0.001953 0.001953
1 0.648438 0.602539 0.046875 0.048828
0 0.561523 0.579102 0.001953 0.001953
0 0.739258 0.578125 0.001953 0.003906
0 0.754883 0.591797 0.017578 0.035156
0 0.710938 0.592773 0.050781 0.041016
0 0.727539 0.572266 0.013672 0.003906
0 0.682617 0.572266 0.001953 0.003906
1 0.075195 0.571289 0.001953 0.001953
0 0.407227 0.565430 0.001953 0.001953
0 0.737305 0.563477 0.001953 0.001953
0 0.733398 0.563477 0.001953 0.001953
1 0.816406 0.561523 0.003906 0.001953
1 0.807617 0.558594 0.013672 0.011719
0 0.372070 0.555664 0.005859 0.005859
0 0.075195 0.551758 0.001953 0.001953
0 0.677734 0.562500 0.042969 0.031250
1 0.780273 0.544922 0.001953 0.003906
0 0.379883 0.544922 0.009766 0.007812
0 0.654297 0.538086 0.003906 0.001953
1 0.926758 0.565430 0.068359 0.060547
0 0.672852 0.538086 0.001953 0.005859
0 0.668945 0.536133 0.001953 0.001953
0 0.905273 0.536133 0.001953 0.005859
0 0.948242 0.533203 0.017578 0.007812
0 0.421875 0.532227 0.007812 0.005859
1 0.164062 0.531250 0.003906 0.003906
0 0.038086 0.528320 0.001953 0.001953
1 0.166992 0.526367 0.001953 0.001953
1 0.168945 0.522461 0.001953 0.001953
0 0.708984 0.534180 0.027344 0.029297
0 0.684570 0.520508 0.001953 0.005859
1 0.039062 0.521484 0.007812 0.011719
1 0.032227 0.516602 0.001953 0.001953
0 0.669922 0.518555 0.007812 0.009766
0 0.726562 0.515625 0.007812 0.007812
0 0.077148 0.530273 0.033203 0.041016
0 0.101562 0.514648 0.031250 0.013672
1 0.166992 0.504883 0.001953 0.001953
0 0.790039 0.500977 0.001953 0.001953
0 0.753906 0.533203 0.070312 0.066406
0 0.926758 0.514648 0.064453 0.033203
0 0.749023 0.500977 0.013672 0.009766
1 0.805664 0.491211 0.001953 0.001953
1 0.612305 0.486328 0.001953 0.003906
1 0.606445 0.485352 0.001953 0.001953
1 0.613281 0.477539 0.003906 0.001953
0 0.382812 0.477539 0.003906 0.001953
0 0.347656 0.536133 0.144531 0.126953
1 0.616211 0.472656 0.001953 0.003906
0 0.670898 0.474609 0.017578 0.015625
0 0.830078 0.480469 0.027344 0.031250
0 0.803711 0.480469 0.025391 0.031250
1 0.788086 0.463867 0.001953 0.001953
0 0.677734 0.458008 0.003906 0.005859
0 0.445312 0.450195 0.003906 0.001953
0 0.593750 0.449219 0.003906 0.003906
0 0.143555 0.446289 0.001953 0.001953
1 0.155273 0.452148 0.017578 0.017578
0 0.038086 0.513672 0.076172 0.140625
1 0.651367 0.444336 0.005859 0.005859
0 0.704102 0.458984 0.044922 0.042969
1 0.670898 0.439453 0.001953 0.003906
1 0.287109 0.439453 0.007812 0.003906
1 0.169922 0.438477 0.003906 0.001953
1 0.156250 0.439453 0.003906 0.003906
1 0.001953 0.439453 0.003906 0.003906
1 0.220703 0.437500 0.003906 0.003906
1 0.371094 0.435547 0.003906 0.003906
1 0.363281 0.440430 0.015625 0.017578
1 0.301758 0.432617 0.001953 0.001953
1 0.291992 0.432617 0.001953 0.001953
1 0.277344 0.433594 0.003906 0.003906
1 0.233398 0.430664 0.001953 0.001953
1 0.266602 0.428711 0.001953 0.001953
1 0.189453 0.428711 0.003906 0.001953
1 0.168945 0.428711 0.001953 0.001953
0 0.162109 0.430664 0.007812 0.005859
1 0.000977 0.428711 0.001953 0.001953
1 0.454102 0.427734 0.001953 0.003906
1 0.177734 0.431641 0.007812 0.011719
1 0.625000 0.440430 0.035156 0.033203
0 0.382812 0.424805 0.003906 0.001953
1 0.273438 0.423828 0.003906 0.007812
1 0.243164 0.420898 0.001953 0.001953
1 0.300781 0.424805 0.019531 0.013672
1 0.329102 0.426758 0.029297 0.029297
1 0.295898 0.413086 0.001953 0.001953
1 0.282227 0.413086 0.001953 0.001953
0 0.194336 0.413086 0.001953 0.001953
1 0.288086 0.407227 0.005859 0.005859
1 0.695312 0.398438 0.007812 0.007812
1 0.279297 0.403320 0.019531 0.021484
1 0.592773 0.391602 0.001953 0.001953
0 0.514648 0.391602 0.001953 0.001953
0 0.060547 0.419922 0.035156 0.058594
1 0.291016 0.391602 0.003906 0.005859
1 0.432617 0.387695 0.001953 0.001953
0 0.094727 0.433594 0.072266 0.093750
1 0.436523 0.385742 0.001953 0.001953
1 0.291992 0.385742 0.001953 0.001953
1 0.595703 0.385742 0.003906 0.005859
1 0.621094 0.399414 0.039062 0.037109
1 0.436523 0.381836 0.001953 0.001953
1 0.590820 0.379883 0.001953 0.001953
1 0.586914 0.377930 0.001953 0.001953
1 0.297852 0.375977 0.005859 0.001953
0 0.561523 0.372070 0.001953 0.001953
1 0.339844 0.372070 0.003906 0.001953
1 0.319336 0.372070 0.001953 0.001953
1 0.297852 0.372070 0.001953 0.001953
1 0.993164 0.368164 0.001953 0.001953
0 0.514648 0.368164 0.005859 0.001953
1 0.280273 0.368164 0.001953 0.001953
0 0.494141 0.682617 0.472656 0.634766
1 0.317383 0.367188 0.001953 0.003906
1 0.308594 0.364258 0.003906 0.001953
0 0.528320 0.362305 0.001953 0.001953
1 0.998047 0.366211 0.003906 0.013672
0 0.253906 0.348633 0.011719 0.005859
0 0.241211 0.346680 0.001953 0.001953
1 0.291992 0.344727 0.001953 0.001953
1 0.594727 0.342773 0.001953 0.001953
1 0.147461 0.346680 0.009766 0.013672
0 0.390625 0.381836 0.097656 0.087891
0 0.240234 0.338867 0.003906 0.005859
1 0.403320 0.334961 0.001953 0.001953
1 0.304688 0.334961 0.003906 0.005859
1 0.434570 0.331055 0.001953 0.001953
1 0.400391 0.330078 0.007812 0.003906
1 0.606445 0.327148 0.001953 0.001953
0 0.602539 0.327148 0.001953 0.001953
1 0.431641 0.328125 0.003906 0.003906
1 0.420898 0.325195 0.001953 0.001953
0 0.182617 0.322266 0.001953 0.003906
1 0.373047 0.322266 0.007812 0.011719
1 0.356445 0.317383 0.001953 0.001953
1 0.648438 0.315430 0.003906 0.001953
1 0.342773 0.315430 0.001953 0.001953
0 0.187500 0.371094 0.101562 0.113281
0 0.497070 0.315430 0.009766 0.005859
1 0.356445 0.313477 0.001953 0.001953
1 0.791016 0.310547 0.003906 0.003906
1 0.455078 0.310547 0.003906 0.003906
1 0.450195 0.312500 0.001953 0.007812
1 0.398438 0.311523 0.003906 0.005859
1 0.349609 0.310547 0.003906 0.003906
1 0.362305 0.307617 0.001953 0.001953
1 0.788086 0.305664 0.001953 0.001953
0 0.690430 0.317383 0.021484 0.025391
0 0.214844 0.306641 0.003906 0.003906
0 0.193359 0.313477 0.023438 0.017578
1 0.346680 0.304688 0.001953 0.003906
0 0.221680 0.306641 0.005859 0.007812
1 0.452148 0.301758 0.001953 0.001953
1 0.041992 0.300781 0.005859 0.003906
0 0.598633 0.297852 0.001953 0.001953
1 0.350586 0.301758 0.001953 0.009766
0 0.342773 0.297852 0.001953 0.001953
1 0.361328 0.292969 0.007812 0.003906
1 0.039062 0.291992 0.003906 0.001953
1 0.034180 0.287109 0.001953 0.003906
1 0.844727 0.284180 0.001953 0.001953
1 0.831055 0.282227 0.001953 0.001953
0 0.343750 0.287109 0.015625 0.015625
1 0.068359 0.281250 0.003906 0.003906
1 0.025391 0.348633 0.050781 0.138672
1 0.829102 0.276367 0.001953 0.001953
1 0.825195 0.276367 0.001953 0.001953
1 0.062500 0.270508 0.011719 0.009766
1 0.994141 0.272461 0.011719 0.017578
1 0.450195 0.264648 0.001953 0.001953
1 0.475586 0.262695 0.001953 0.001953
0 0.004883 0.270508 0.009766 0.017578
1 0.453125 0.266602 0.011719 0.013672
1 0.984375 0.259766 0.007812 0.007812
1 0.977539 0.254883 0.001953 0.001953
0 0.608398 0.252930 0.001953 0.001953
1 0.034180 0.250977 0.001953 0.001953
1 0.969727 0.247070 0.001953 0.005859
1 0.107422 0.245117 0.003906 0.001953
1 0.106445 0.238281 0.001953 0.007812
1 0.428711 0.234375 0.001953 0.003906
1 0.030273 0.239258 0.013672 0.013672
0 0.041016 0.230469 0.003906 0.003906
1 0.551758 0.228516 0.001953 0.003906
0 0.618164 0.223633 0.001953 0.001953
0 0.449219 0.240234 0.035156 0.035156
1 0.424805 0.223633 0.001953 0.001953
0 0.121094 0.230469 0.023438 0.015625
1 0.093750 0.224609 0.003906 0.003906
0 0.000977 0.223633 0.001953 0.005859
0 0.345703 0.221680 0.003906 0.005859
0 0.069336 0.220703 0.005859 0.003906
0 0.286133 0.213867 0.001953 0.001953
1 0.955078 0.215820 0.007812 0.013672
1 0.435547 0.210938 0.007812 0.003906
1 0.768555 0.206055 0.001953 0.001953
0 0.676758 0.204102 0.001953 0.001953
0 0.237305 0.198242 0.001953 0.001953
0 0.004883 0.203125 0.009766 0.015625
1 0.784180 0.194336 0.001953 0.001953
0 0.743164 0.202148 0.025391 0.025391
0 0.487305 0.190430 0.001953 0.001953
0 0.485352 0.185547 0.001953 0.003906
0 0.146484 0.206055 0.066406 0.044922
0 0.086914 0.184570 0.001953 0.001953
0 0.717773 0.205078 0.041016 0.046875
1 0.543945 0.206055 0.041016 0.048828
0 0.656250 0.213867 0.050781 0.072266
1 0.601562 0.185547 0.011719 0.019531
0 0.683594 0.197266 0.046875 0.050781
1 0.603516 0.173828 0.003906 0.003906
0 0.120117 0.172852 0.001953 0.001953
1 0.722656 0.176758 0.007812 0.013672
1 0.652344 0.170898 0.003906 0.001953
0 0.010742 0.170898 0.001953 0.001953
0 0.134766 0.173828 0.031250 0.011719
0 0.541992 0.283203 0.212891 0.234375
0 0.022461 0.165039 0.005859 0.005859
0 0.471680 0.159180 0.001953 0.001953
0 0.004883 0.165039 0.009766 0.013672
1 0.435547 0.152344 0.003906 0.003906
0 0.460938 0.169922 0.046875 0.042969
0 0.475586 0.141602 0.001953 0.001953
0 0.155273 0.143555 0.005859 0.005859
0 0.140625 0.157227 0.046875 0.033203
1 0.443359 0.142578 0.007812 0.007812
0 0.025391 0.143555 0.011719 0.013672
0 0.285156 0.132812 0.003906 0.003906
0 0.046875 0.175781 0.093750 0.089844
0 0.517578 0.133789 0.011719 0.009766
1 0.279297 0.131836 0.003906 0.005859
1 0.784180 0.127930 0.001953 0.001953
1 0.647461 0.132812 0.009766 0.011719
0 0.013672 0.134766 0.027344 0.019531
0 0.520508 0.122070 0.001953 0.001953
1 0.239258 0.122070 0.001953 0.001953
0 0.045898 0.138672 0.041016 0.035156
1 0.863281 0.132812 0.011719 0.027344
0 0.130859 0.126953 0.046875 0.015625
1 0.635742 0.125000 0.009766 0.015625
0 0.040039 0.119141 0.005859 0.003906
0 0.774414 0.116211 0.001953 0.001953
0 0.753906 0.118164 0.003906 0.005859
0 0.254883 0.231445 0.224609 0.232422
0 0.030273 0.118164 0.009766 0.005859
1 0.007812 0.117188 0.007812 0.003906
1 0.910156 0.125000 0.015625 0.031250
0 0.473633 0.110352 0.001953 0.001953
0 0.467773 0.125000 0.033203 0.031250
1 0.701172 0.106445 0.003906 0.001953
0 0.260742 0.098633 0.001953 0.001953
1 0.985352 0.088867 0.001953 0.001953
0 0.899414 0.088867 0.001953 0.001953
1 0.122070 0.086914 0.001953 0.001953
1 0.061523 0.086914 0.001953 0.001953
0 0.278320 0.089844 0.041016 0.019531
0 0.623047 0.090820 0.027344 0.025391
1 0.993164 0.082031 0.009766 0.011719
0 0.912109 0.077148 0.003906 0.001953
1 0.540039 0.089844 0.017578 0.027344
0 0.231445 0.084961 0.033203 0.021484
1 0.121094 0.079102 0.007812 0.009766
0 0.624023 0.074219 0.009766 0.007812
0 0.001953 0.073242 0.003906 0.005859
0 0.497070 0.099609 0.041016 0.066406
0 0.620117 0.063477 0.001953 0.001953
1 0.872070 0.065430 0.009766 0.009766
0 0.082031 0.073242 0.031250 0.025391
1 0.977539 0.059570 0.001953 0.001953
0 0.745117 0.062500 0.005859 0.007812
0 0.004883 0.057617 0.001953 0.001953
1 0.872070 0.055664 0.001953 0.001953
0 0.494141 0.057617 0.003906 0.005859
0 0.054688 0.053711 0.003906 0.005859
0 0.896484 0.058594 0.027344 0.050781
1 0.857422 0.027344 0.003906 0.007812
0 0.765625 0.077148 0.109375 0.111328
0 0.291016 0.047852 0.062500 0.052734
1 0.879883 0.019531 0.009766 0.007812
1 0.584961 0.011719 0.001953 0.003906
1 0.938477 0.003906 0.001953 0.003906
1 0.967773 0.037109 0.064453 0.074219
1 0.838867 0.003906 0.013672 0.007812
0 0.806641 0.005859 0.019531 0.011719
0 0.705078 0.042969 0.179688 0.085938
1 0.597656 0.006836 0.015625 0.013672
1 0.586914 0.000977 0.001953 0.001953
0 0.565430 0.000977 0.001953 0.001953
0 0.509766 0.033203 0.058594 0.066406
0 0.314453 0.010742 0.031250 0.021484
0 0.055664 0.000977 0.001953 0.001953
0 0.038086 0.040039 0.076172 0.080078
3 0.871094 0.999023 0.007812 0.001953
2 0.188477 0.999023 0.001953 0.001953
2 0.001953 0.998047 0.003906 0.003906
2 0.029297 0.997070 0.003906 0.005859
2 0.012695 0.997070 0.009766 0.005859
2 0.383789 0.996094 0.021484 0.007812
2 0.412109 0.990234 0.007812 0.007812
2 0.386719 0.979492 0.003906 0.001953
2 0.189453 0.980469 0.011719 0.011719
2 0.471680 0.969727 0.001953 0.001953
2 0.412109 0.971680 0.007812 0.009766
2 0.381836 0.971680 0.005859 0.009766
2 0.582031 0.961914 0.003906 0.001953
2 0.570312 0.968750 0.019531 0.023438
3 0.206055 0.954102 0.001953 0.001953
2 0.171875 0.955078 0.007812 0.007812
2 0.010742 0.968750 0.021484 0.039062
2 0.920898 0.948242 0.001953 0.001953
2 0.457031 0.958008 0.007812 0.021484
2 0.606445 0.952148 0.017578 0.017578
2 0.587891 0.944336 0.003906 0.001953
2 0.458008 0.940430 0.001953 0.001953
2 0.015625 0.943359 0.011719 0.015625
2 0.598633 0.934570 0.005859 0.005859
2 0.473633 0.928711 0.001953 0.001953
2 0.952148 0.927734 0.005859 0.003906
2 0.981445 0.930664 0.005859 0.017578
2 0.618164 0.934570 0.021484 0.033203
2 0.420898 0.958008 0.052734 0.083984
2 0.592773 0.915039 0.001953 0.001953
2 0.607422 0.915039 0.011719 0.013672
2 0.485352 0.907227 0.001953 0.001953
2 0.595703 0.905273 0.007812 0.005859
2 0.471680 0.902344 0.005859 0.007812
2 0.405273 0.901367 0.005859 0.005859
2 0.485352 0.897461 0.001953 0.001953
2 0.458008 0.897461 0.001953 0.001953
2 0.491211 0.898438 0.001953 0.007812
2 0.303711 0.944336 0.037109 0.111328
2 0.342773 0.895508 0.021484 0.017578
2 0.484375 0.887695 0.007812 0.005859
2 0.578125 0.894531 0.011719 0.023438
2 0.472656 0.889648 0.015625 0.013672
2 0.320312 0.880859 0.003906 0.003906
2 0.424805 0.910156 0.091797 0.070312
2 0.299805 0.912109 0.025391 0.093750
2 0.408203 0.865234 0.011719 0.015625
2 0.606445 0.887695 0.052734 0.064453
2 0.396484 0.851562 0.003906 0.003906
2 0.351562 0.868164 0.023438 0.037109
2 0.397461 0.846680 0.001953 0.001953
2 0.339844 0.842773 0.003906 0.005859
2 0.321289 0.837891 0.005859 0.003906
2 0.291992 0.819336 0.001953 0.005859
2 0.378906 0.825195 0.019531 0.025391
2 0.284180 0.811523 0.005859 0.005859
2 0.313477 0.808594 0.005859 0.007812
2 0.369141 0.803711 0.015625 0.009766
2 0.358398 0.791992 0.001953 0.001953
2 0.392578 0.814453 0.039062 0.070312
2 0.290039 0.775391 0.009766 0.015625
2 0.342773 0.766602 0.001953 0.001953
2 0.376953 0.763672 0.007812 0.007812
2 0.398438 0.727539 0.007812 0.005859
2 0.397461 0.719727 0.001953 0.001953
2 0.384766 0.721680 0.015625 0.005859
2 0.400391 0.714844 0.035156 0.019531
2 0.414062 0.703125 0.007812 0.003906
2 0.425781 0.700195 0.007812 0.001953
2 0.402344 0.701172 0.003906 0.003906
2 0.434570 0.696289 0.001953 0.001953
2 0.366211 0.697266 0.009766 0.003906
2 0.411133 0.695312 0.005859 0.003906
2 0.333008 0.683594 0.009766 0.007812
2 0.432617 0.676758 0.001953 0.001953
2 0.469727 0.668945 0.001953 0.001953
2 0.436523 0.662109 0.013672 0.007812
2 0.336914 0.665039 0.005859 0.017578
2 0.075195 0.657227 0.001953 0.001953
2 0.467773 0.651367 0.001953 0.001953
2 0.047852 0.649414 0.001953 0.001953
2 0.043945 0.647461 0.001953 0.001953
2 0.443359 0.644531 0.003906 0.003906
2 0.383789 0.653320 0.017578 0.021484
2 0.464844 0.643555 0.035156 0.013672
2 0.066406 0.641602 0.015625 0.009766
2 0.360352 0.634766 0.009766 0.003906
3 0.495117 0.631836 0.001953 0.001953
2 0.451172 0.628906 0.003906 0.003906
3 0.033203 0.627930 0.003906 0.001953
2 0.032227 0.624023 0.001953 0.001953
3 0.002930 0.620117 0.001953 0.001953
2 0.470703 0.626953 0.011719 0.019531
2 0.453125 0.619141 0.003906 0.003906
2 0.399414 0.655273 0.033203 0.083984
3 0.004883 0.612305 0.001953 0.001953
3 0.004883 0.600586 0.005859 0.005859
2 0.467773 0.603516 0.029297 0.023438
2 0.366211 0.595703 0.005859 0.007812
2 0.456055 0.585938 0.009766 0.011719
2 0.002930 0.575195 0.005859 0.001953
2 0.594727 0.572266 0.001953 0.003906
3 0.071289 0.565430 0.001953 0.001953
2 0.032227 0.565430 0.001953 0.001953
2 0.010742 0.563477 0.005859 0.005859
2 0.478516 0.563477 0.007812 0.009766
2 0.053711 0.561523 0.005859 0.005859
2 0.028320 0.558594 0.001953 0.003906
2 0.453125 0.552734 0.039062 0.011719
2 0.427734 0.549805 0.003906 0.005859
2 0.023438 0.550781 0.007812 0.007812
2 0.492188 0.552734 0.015625 0.023438
2 0.437500 0.542969 0.011719 0.003906
2 0.646484 0.534180 0.003906 0.001953
2 0.008789 0.543945 0.017578 0.021484
2 0.485352 0.530273 0.001953 0.001953
2 0.510742 0.528320 0.009766 0.009766
2 0.444336 0.525391 0.005859 0.007812
2 0.498047 0.528320 0.011719 0.017578
2 0.545898 0.512695 0.001953 0.001953
2 0.470703 0.521484 0.046875 0.031250
2 0.489258 0.502930 0.001953 0.001953
2 0.473633 0.499023 0.001953 0.001953
2 0.463867 0.497070 0.001953 0.005859
3 0.647461 0.492188 0.001953 0.003906
2 0.461914 0.483398 0.009766 0.009766
2 0.545898 0.476562 0.001953 0.003906
2 0.482422 0.475586 0.011719 0.005859
2 0.539062 0.472656 0.003906 0.003906
2 0.457031 0.471680 0.003906 0.001953
2 0.549805 0.471680 0.009766 0.005859
2 0.594727 0.465820 0.001953 0.001953
2 0.485352 0.466797 0.001953 0.003906
2 0.557617 0.461914 0.001953 0.001953
2 0.454102 0.456055 0.001953 0.001953
2 0.020508 0.458008 0.009766 0.005859
2 0.552734 0.454102 0.003906 0.001953
2 0.533203 0.454102 0.003906 0.005859
3 0.471680 0.444336 0.001953 0.001953
3 0.467773 0.442383 0.005859 0.005859
2 0.565430 0.431641 0.005859 0.003906
2 0.530273 0.420898 0.001953 0.001953
2 0.542969 0.426758 0.031250 0.021484
2 0.554688 0.416016 0.003906 0.003906
2 0.558594 0.410156 0.003906 0.003906
2 0.565430 0.409180 0.005859 0.005859
2 0.014648 0.348633 0.001953 0.001953
2 0.004883 0.345703 0.005859 0.003906
2 0.024414 0.345703 0.009766 0.007812
2 0.015625 0.328125 0.031250 0.023438
2 0.011719 0.299805 0.023438 0.021484
2 0.022461 0.206055 0.001953 0.001953
2 0.018555 0.204102 0.001953 0.001953
2 0.025391 0.197266 0.007812 0.007812
2 0.080078 0.172852 0.003906 0.001953
2 0.065430 0.162109 0.017578 0.011719
2 0.665039 0.059570 0.001953 0.001953
2 0.672852 0.054688 0.005859 0.007812
2 0.689453 0.043945 0.019531 0.005859
2 0.666016 0.042969 0.015625 0.011719
2 0.651367 0.036133 0.001953 0.001953
2 0.505859 0.036133 0.007812 0.017578
2 0.011719 0.031250 0.011719 0.011719
2 0.651367 0.021484 0.009766 0.007812
2 0.004883 0.019531 0.009766 0.007812
2 0.670898 0.027344 0.017578 0.031250
2 0.697266 0.021484 0.015625 0.023438
3 0.838867 0.002930 0.001953 0.001953
2 0.672852 0.004883 0.005859 0.005859
2 0.777344 0.003906 0.007812 0.007812
2 0.760742 0.000977 0.005859 0.001953
2 0.719727 0.006836 0.033203 0.013672
2 0.639648 0.008789 0.017578 0.017578
3 0.598633 0.001953 0.001953 0.003906
2 0.510742 0.007812 0.013672 0.015625
3 0.500000 0.500000 1.000000 1.000000
2 0.019531 0.003906 0.003906 0.007812
2 0.005859 0.004883 0.011719 0.009766