0 0.221680 0.999023 0.001953 0.001953
0 0.456055 0.997070 0.001953 0.001953
1 0.644531 0.997070 0.003906 0.005859
0 0.621094 0.991211 0.015625 0.013672
1 0.658203 0.985352 0.003906 0.005859
1 0.653320 0.984375 0.001953 0.003906
0 0.440430 0.981445 0.001953 0.001953
0 0.098633 0.975586 0.001953 0.001953
0 0.434570 0.977539 0.013672 0.009766
1 0.980469 0.973633 0.003906 0.009766
0 0.124023 0.971680 0.005859 0.005859
0 0.696289 0.965820 0.001953 0.001953
0 0.259766 0.965820 0.019531 0.017578
0 0.666992 0.954102 0.001953 0.001953
0 0.709961 0.953125 0.001953 0.003906
0 0.697266 0.952148 0.003906 0.001953
0 0.682617 0.967773 0.033203 0.037109
0 0.676758 0.950195 0.001953 0.001953
0 0.717773 0.950195 0.005859 0.005859
0 0.051758 0.958008 0.021484 0.021484
0 0.273438 0.949219 0.015625 0.019531
0 0.147461 0.936523 0.001953 0.001953
0 0.660156 0.938477 0.007812 0.009766
0 0.171875 0.937500 0.003906 0.007812
0 0.711914 0.936523 0.017578 0.009766
0 0.685547 0.934570 0.003906 0.005859
0 0.676758 0.932617 0.001953 0.001953
0 0.674805 0.926758 0.005859 0.005859
0 0.528320 0.924805 0.001953 0.001953
0 0.524414 0.924805 0.001953 0.001953
0 0.590820 0.960938 0.115234 0.078125
0 0.229492 0.920898 0.001953 0.001953
0 0.057617 0.920898 0.001953 0.001953
0 0.640625 0.920898 0.007812 0.005859
0 0.294922 0.920898 0.007812 0.005859
0 0.225586 0.916992 0.001953 0.001953
0 0.221680 0.916992 0.001953 0.001953
0 0.659180 0.915039 0.001953 0.001953
0 0.217773 0.915039 0.001953 0.001953
0 0.213867 0.915039 0.001953 0.001953
0 0.094727 0.916992 0.001953 0.005859
0 0.062500 0.916992 0.003906 0.005859
0 0.680664 0.914062 0.001953 0.003906
0 0.665039 0.914062 0.001953 0.003906
0 0.583008 0.911133 0.001953 0.001953
0 0.229492 0.912109 0.001953 0.003906
0 0.068359 0.906250 0.003906 0.003906
0 0.728516 0.904297 0.007812 0.003906
0 0.674805 0.904297 0.001953 0.003906
0 0.219727 0.903320 0.001953 0.001953
0 0.690430 0.897461 0.001953 0.001953
0 0.635742 0.906250 0.009766 0.019531
0 0.221680 0.900391 0.017578 0.007812
0 0.208008 0.900391 0.005859 0.007812
0 0.001953 0.905273 0.003906 0.017578
0 0.770508 0.881836 0.001953 0.001953
0 0.593750 0.894531 0.027344 0.027344
0 0.721680 0.875000 0.009766 0.007812
0 0.717773 0.872070 0.001953 0.001953
0 0.708008 0.873047 0.001953 0.003906
0 0.088867 0.870117 0.001953 0.001953
1 0.742188 0.875977 0.011719 0.017578
0 0.625000 0.859375 0.003906 0.003906
0 0.696289 0.855469 0.001953 0.003906
0 0.864258 0.861328 0.017578 0.023438
0 0.133789 0.850586 0.001953 0.001953
0 0.057617 0.852539 0.005859 0.005859
0 0.720703 0.848633 0.003906 0.001953
0 0.694336 0.848633 0.001953 0.001953
0 0.045898 0.852539 0.009766 0.009766
0 0.057617 0.846680 0.001953 0.001953
0 0.720703 0.844727 0.003906 0.001953
0 0.633789 0.840820 0.005859 0.001953
0 0.627930 0.840820 0.001953 0.001953
0 0.632812 0.835938 0.003906 0.003906
0 0.670898 0.833008 0.001953 0.001953
0 0.661133 0.865234 0.064453 0.066406
0 0.723633 0.834961 0.005859 0.009766
0 0.691406 0.826172 0.003906 0.007812
0 0.524414 0.877930 0.185547 0.115234
1 0.622070 0.822266 0.009766 0.011719
0 0.163086 0.813477 0.001953 0.001953
0 0.344727 0.808594 0.001953 0.003906
0 0.198242 0.807617 0.001953 0.001953
0 0.194336 0.807617 0.001953 0.001953
0 0.903320 0.805664 0.005859 0.001953
0 0.088867 0.803711 0.001953 0.001953
0 0.654297 0.799805 0.003906 0.001953
0 0.911133 0.797852 0.001953 0.001953
0 0.901367 0.799805 0.005859 0.005859
1 0.625977 0.805664 0.009766 0.017578
0 0.164062 0.797852 0.003906 0.001953
0 0.622070 0.793945 0.001953 0.001953
0 0.887695 0.792969 0.001953 0.003906
0 0.917969 0.791992 0.003906 0.005859
0 0.555664 0.786133 0.001953 0.001953
0 0.761719 0.783203 0.003906 0.003906
0 0.561523 0.782227 0.001953 0.001953
0 0.548828 0.784180 0.003906 0.005859
0 0.708008 0.784180 0.013672 0.009766
0 0.762695 0.778320 0.001953 0.001953
0 0.705078 0.776367 0.003906 0.001953
0 0.086914 0.776367 0.001953 0.001953
0 0.640625 0.785156 0.031250 0.023438
0 0.711914 0.774414 0.005859 0.005859
0 0.002930 0.770508 0.005859 0.009766
0 0.128906 0.759766 0.003906 0.003906
0 0.903320 0.772461 0.033203 0.033203
0 0.887695 0.755859 0.001953 0.003906
0 0.995117 0.752930 0.001953 0.001953
0 0.906250 0.753906 0.003906 0.003906
0 0.774414 0.752930 0.001953 0.001953
0 0.040039 0.753906 0.005859 0.007812
0 0.895508 0.749023 0.001953 0.001953
0 0.984375 0.751953 0.015625 0.015625
0 0.142578 0.872070 0.167969 0.255859
0 0.772461 0.746094 0.017578 0.007812
0 0.028320 0.741211 0.009766 0.009766
0 0.780273 0.731445 0.001953 0.001953
0 0.157227 0.743164 0.021484 0.025391
0 0.118164 0.732422 0.005859 0.007812
0 0.120117 0.724609 0.001953 0.003906
0 0.821289 0.715820 0.001953 0.001953
0 0.101562 0.716797 0.003906 0.003906
0 0.983398 0.711914 0.001953 0.001953
0 0.887695 0.704102 0.001953 0.001953
0 0.121094 0.700195 0.003906 0.001953
0 0.784180 0.698242 0.001953 0.001953
0 0.778320 0.698242 0.001953 0.001953
0 0.815430 0.696289 0.001953 0.001953
0 0.969727 0.694336 0.001953 0.001953
0 0.803711 0.709961 0.025391 0.037109
0 0.955078 0.690430 0.003906 0.001953
0 0.079102 0.691406 0.005859 0.007812
1 0.971680 0.686523 0.001953 0.001953
0 0.938477 0.676758 0.001953 0.001953
0 0.300781 0.672852 0.003906 0.001953
0 0.079102 0.677734 0.009766 0.011719
0 0.061523 0.671875 0.013672 0.011719
0 0.008789 0.663086 0.001953 0.001953
0 0.720703 0.703125 0.050781 0.085938
1 0.001953 0.662109 0.003906 0.003906
0 0.932617 0.653320 0.001953 0.001953
0 0.805664 0.651367 0.001953 0.001953
1 0.007812 0.650391 0.003906 0.007812
0 0.125000 0.653320 0.019531 0.029297
0 0.863281 0.629883 0.003906 0.005859
0 0.176758 0.618164 0.001953 0.001953
0 0.129883 0.610352 0.001953 0.001953
0 0.750000 0.615234 0.015625 0.015625
0 0.745117 0.609375 0.001953 0.003906
0 0.125000 0.609375 0.003906 0.003906
0 0.836914 0.608398 0.005859 0.005859
0 0.264648 0.607422 0.025391 0.015625
0 0.151367 0.600586 0.001953 0.001953
0 0.593750 0.599609 0.003906 0.003906
0 0.161133 0.598633 0.001953 0.001953
0 0.162109 0.619141 0.039062 0.042969
0 0.861328 0.596680 0.003906 0.001953
0 0.811523 0.594727 0.001953 0.001953
0 0.280273 0.595703 0.001953 0.003906
0 0.160156 0.592773 0.011719 0.009766
0 0.166992 0.584961 0.001953 0.001953
0 0.952148 0.585938 0.013672 0.007812
0 0.967773 0.581055 0.001953 0.001953
0 0.851562 0.739258 0.261719 0.322266
0 0.211914 0.576172 0.005859 0.003906
0 0.854492 0.573242 0.001953 0.001953
0 0.949219 0.575195 0.023438 0.009766
0 0.745117 0.571289 0.001953 0.001953
0 0.867188 0.582031 0.015625 0.027344
0 0.108398 0.567383 0.001953 0.001953
0 0.875977 0.568359 0.009766 0.015625
0 0.984375 0.562500 0.011719 0.007812
0 0.376953 0.557617 0.007812 0.009766
0 0.145508 0.549805 0.033203 0.017578
0 0.989258 0.545898 0.021484 0.017578
0 0.337891 0.541016 0.007812 0.011719
0 0.100586 0.550781 0.021484 0.035156
0 0.338867 0.533203 0.001953 0.003906
0 0.549805 0.530273 0.001953 0.001953
0 0.120117 0.530273 0.001953 0.001953
0 0.993164 0.528320 0.001953 0.001953
0 0.150391 0.528320 0.003906 0.001953
0 0.135742 0.526367 0.001953 0.001953
0 0.148438 0.524414 0.003906 0.001953
0 0.543945 0.545898 0.041016 0.048828
0 0.040039 0.522461 0.001953 0.001953
0 0.121094 0.523438 0.003906 0.007812
0 0.038086 0.520508 0.005859 0.005859
0 0.965820 0.516602 0.001953 0.001953
0 0.950195 0.516602 0.001953 0.001953
0 0.032227 0.516602 0.001953 0.005859
0 0.398438 0.517578 0.003906 0.011719
0 0.463867 0.512695 0.005859 0.005859
0 0.639648 0.518555 0.017578 0.021484
0 0.031250 0.507812 0.003906 0.003906
0 0.431641 0.506836 0.007812 0.005859
0 0.971680 0.502930 0.001953 0.001953
0 0.577148 0.506836 0.005859 0.009766
1 0.946289 0.499023 0.001953 0.001953
0 0.973633 0.495117 0.001953 0.001953
0 0.966797 0.502930 0.015625 0.021484
0 0.354492 0.491211 0.001953 0.001953
0 0.963867 0.487305 0.005859 0.005859
1 0.043945 0.487305 0.005859 0.005859
0 0.754883 0.486328 0.013672 0.011719
0 0.481445 0.481445 0.001953 0.001953
1 0.094727 0.479492 0.001953 0.001953
1 0.944336 0.485352 0.009766 0.017578
0 0.799805 0.478516 0.005859 0.003906
1 0.122070 0.473633 0.001953 0.001953
1 0.095703 0.497070 0.078125 0.048828
0 0.895508 0.467773 0.001953 0.001953
0 0.737305 0.467773 0.001953 0.001953
0 0.139648 0.465820 0.001953 0.001953
0 0.704102 0.461914 0.001953 0.001953
0 0.131836 0.465820 0.009766 0.009766
1 0.069336 0.464844 0.009766 0.007812
0 0.843750 0.460938 0.003906 0.003906
1 0.075195 0.458008 0.001953 0.001953
1 0.002930 0.458008 0.001953 0.001953
0 0.505859 0.476562 0.203125 0.046875
0 0.032227 0.577148 0.064453 0.248047
1 0.064453 0.452148 0.007812 0.005859
1 0.018555 0.450195 0.001953 0.001953
1 0.022461 0.448242 0.001953 0.001953
1 0.002930 0.449219 0.005859 0.007812
0 0.973633 0.443359 0.001953 0.003906
0 0.144531 0.445312 0.007812 0.007812
0 0.141602 0.438477 0.001953 0.001953
1 0.001953 0.438477 0.003906 0.009766
0 0.707031 0.440430 0.031250 0.037109
0 0.975586 0.416992 0.013672 0.009766
0 0.994141 0.417969 0.011719 0.023438
0 0.454102 0.407227 0.005859 0.001953
0 0.543945 0.403320 0.005859 0.005859
0 0.195312 0.404297 0.007812 0.007812
0 0.529297 0.401367 0.011719 0.017578
1 0.056641 0.399414 0.015625 0.017578
0 0.837891 0.393555 0.011719 0.009766
0 0.947266 0.456055 0.105469 0.142578
0 0.632812 0.385742 0.003906 0.001953
0 0.547852 0.385742 0.001953 0.001953
0 0.553711 0.387695 0.005859 0.009766
0 0.544922 0.382812 0.003906 0.003906
0 0.532227 0.379883 0.001953 0.001953
0 0.567383 0.377930 0.001953 0.001953
0 0.901367 0.380859 0.009766 0.011719
0 0.969727 0.374023 0.001953 0.001953
0 0.534180 0.372070 0.001953 0.001953
0 0.856445 0.374023 0.025391 0.021484
0 0.536133 0.362305 0.001953 0.001953
0 0.489258 0.360352 0.001953 0.001953
0 0.838867 0.361328 0.009766 0.007812
0 0.540039 0.358398 0.001953 0.001953
0 0.493164 0.358398 0.001953 0.001953
0 0.487305 0.355469 0.005859 0.003906
0 0.962891 0.353516 0.003906 0.003906
0 0.702148 0.352539 0.001953 0.001953
1 0.627930 0.352539 0.001953 0.001953
0 0.536133 0.352539 0.001953 0.001953
1 0.635742 0.350586 0.001953 0.001953
1 0.172852 0.351562 0.001953 0.003906
0 0.865234 0.352539 0.011719 0.013672
0 0.881836 0.344727 0.001953 0.001953
1 0.182617 0.343750 0.005859 0.003906
0 0.986328 0.362305 0.027344 0.048828
0 0.967773 0.338867 0.001953 0.001953
0 0.965820 0.343750 0.009766 0.011719
0 0.219727 0.348633 0.017578 0.021484
1 0.017578 0.383789 0.035156 0.091797
0 0.532227 0.336914 0.001953 0.001953
1 0.185547 0.337891 0.003906 0.003906
0 0.686523 0.334961 0.001953 0.001953
0 0.512695 0.352539 0.041016 0.041016
0 0.546875 0.342773 0.023438 0.025391
0 0.648438 0.330078 0.003906 0.003906
0 0.508789 0.329102 0.001953 0.001953
0 0.979492 0.325195 0.001953 0.001953
0 0.687500 0.386719 0.199219 0.125000
0 0.547852 0.325195 0.001953 0.001953
0 0.648438 0.322266 0.003906 0.003906
1 0.702148 0.320312 0.021484 0.019531
0 0.552734 0.312500 0.003906 0.003906
0 0.840820 0.318359 0.017578 0.019531
0 0.504883 0.314453 0.009766 0.015625
0 0.238281 0.313477 0.015625 0.025391
0 0.729492 0.309570 0.017578 0.021484
0 0.475586 0.300781 0.005859 0.003906
0 0.719727 0.297852 0.001953 0.001953
0 0.869141 0.300781 0.007812 0.011719
0 0.479492 0.295898 0.001953 0.001953
0 0.577148 0.296875 0.025391 0.023438
0 0.156250 0.279297 0.003906 0.003906
0 0.225586 0.278320 0.005859 0.005859
0 0.128906 0.290039 0.035156 0.029297
0 0.477539 0.283203 0.041016 0.019531
0 0.189453 0.275391 0.003906 0.003906
0 0.157227 0.274414 0.001953 0.001953
0 0.149414 0.274414 0.001953 0.001953
0 0.622070 0.272461 0.001953 0.001953
0 0.209961 0.272461 0.001953 0.001953
0 0.153320 0.272461 0.001953 0.005859
0 0.943359 0.306641 0.027344 0.078125
0 0.140625 0.269531 0.003906 0.003906
0 0.129883 0.272461 0.005859 0.009766
0 0.462891 0.268555 0.007812 0.005859
0 0.209961 0.267578 0.005859 0.003906
0 0.110352 0.264648 0.001953 0.001953
0 0.621094 0.264648 0.003906 0.009766
0 0.922852 0.258789 0.001953 0.001953
0 0.561523 0.259766 0.001953 0.003906
0 0.884766 0.256836 0.011719 0.009766
0 0.231445 0.256836 0.017578 0.013672
0 0.750977 0.247070 0.001953 0.001953
0 0.665039 0.247070 0.001953 0.001953
1 0.000977 0.247070 0.001953 0.001953
0 0.231445 0.241211 0.001953 0.001953
0 0.182617 0.241211 0.001953 0.001953
0 0.291992 0.239258 0.005859 0.001953
0 0.658203 0.258789 0.054688 0.048828
0 0.266602 0.235352 0.001953 0.001953
0 0.700195 0.233398 0.001953 0.001953
0 0.622070 0.233398 0.001953 0.001953
0 0.368164 0.233398 0.001953 0.001953
0 0.354492 0.233398 0.001953 0.001953
0 0.222656 0.242188 0.011719 0.019531
0 0.629883 0.232422 0.009766 0.003906
0 0.362305 0.231445 0.001953 0.001953
0 0.176758 0.258789 0.080078 0.060547
0 0.569336 0.230469 0.009766 0.007812
0 0.291992 0.231445 0.009766 0.009766
0 0.147461 0.227539 0.001953 0.001953
0 0.755859 0.236328 0.039062 0.027344
0 0.684570 0.230469 0.033203 0.023438
0 0.310547 0.231445 0.035156 0.033203
0 0.079102 0.214844 0.001953 0.003906
0 0.976562 0.212891 0.007812 0.003906
0 0.268555 0.209961 0.001953 0.001953
0 0.343750 0.218750 0.023438 0.023438
0 0.411133 0.206055 0.001953 0.001953
0 0.093750 0.206055 0.003906 0.005859
0 0.096680 0.203125 0.001953 0.003906
0 0.987305 0.198242 0.005859 0.005859
0 0.094727 0.196289 0.001953 0.001953
0 0.566406 0.195312 0.007812 0.003906
1 0.262695 0.194336 0.001953 0.001953
1 0.295898 0.194336 0.005859 0.005859
1 0.290039 0.192383 0.001953 0.001953
1 0.266602 0.192383 0.001953 0.001953
1 0.271484 0.194336 0.003906 0.009766
1 0.314453 0.189453 0.007812 0.003906
0 0.034180 0.188477 0.001953 0.001953
0 0.561523 0.183594 0.005859 0.003906
0 0.555664 0.182617 0.001953 0.001953
1 0.314453 0.183594 0.003906 0.003906
1 0.293945 0.185547 0.021484 0.007812
1 0.260742 0.182617 0.001953 0.001953
1 0.256836 0.182617 0.001953 0.001953
0 0.471680 0.196289 0.037109 0.033203
0 0.969727 0.191406 0.025391 0.035156
0 0.741211 0.175781 0.005859 0.003906
0 0.595703 0.176758 0.003906 0.005859
0 0.573242 0.186523 0.013672 0.025391
1 0.315430 0.174805 0.001953 0.001953
0 0.250977 0.174805 0.001953 0.001953
1 0.259766 0.175781 0.007812 0.007812
0 0.208008 0.172852 0.001953 0.001953
0 0.701172 0.176758 0.007812 0.013672
0 0.417969 0.184570 0.019531 0.029297
0 0.672852 0.168945 0.001953 0.001953
0 0.696289 0.166016 0.005859 0.003906
0 0.231445 0.161133 0.001953 0.001953
0 0.190430 0.198242 0.197266 0.076172
0 0.026367 0.161133 0.001953 0.001953
0 0.018555 0.192383 0.037109 0.064453
0 0.754883 0.159180 0.001953 0.001953
0 0.129883 0.159180 0.001953 0.001953
0 0.036133 0.153320 0.001953 0.001953
0 0.493164 0.151367 0.001953 0.001953
0 0.139648 0.151367 0.001953 0.001953
0 0.622070 0.178711 0.044922 0.060547
0 0.486328 0.150391 0.007812 0.003906
0 0.332031 0.150391 0.003906 0.003906
0 0.495117 0.147461 0.001953 0.001953
0 0.085938 0.170898 0.039062 0.052734
0 0.510742 0.141602 0.001953 0.001953
0 0.225586 0.143555 0.017578 0.009766
0 0.822266 0.137695 0.003906 0.001953
0 0.591797 0.136719 0.003906 0.003906
0 0.153320 0.135742 0.001953 0.001953
0 0.154297 0.143555 0.015625 0.017578
0 0.679688 0.137695 0.011719 0.009766
0 0.358398 0.139648 0.009766 0.013672
0 0.250000 0.129883 0.003906 0.001953
0 0.124023 0.129883 0.001953 0.001953
0 0.423828 0.128906 0.003906 0.003906
0 0.360352 0.124023 0.001953 0.001953
0 0.996094 0.142578 0.007812 0.042969
0 0.019531 0.126953 0.011719 0.011719
0 0.486328 0.123047 0.007812 0.007812
0 0.424805 0.121094 0.001953 0.003906
0 0.153320 0.121094 0.001953 0.003906
0 0.430664 0.120117 0.005859 0.005859
0 0.297852 0.123047 0.009766 0.011719
0 0.275391 0.148438 0.082031 0.062500
0 0.246094 0.121094 0.003906 0.007812
0 0.137695 0.124023 0.005859 0.013672
0 0.807617 0.124023 0.033203 0.021484
0 0.583984 0.115234 0.003906 0.003906
0 0.471680 0.120117 0.017578 0.013672
0 0.289062 0.115234 0.003906 0.003906
0 0.128906 0.119141 0.011719 0.011719
0 0.994141 0.111328 0.003906 0.003906
0 0.549805 0.111328 0.001953 0.003906
1 0.224609 0.115234 0.003906 0.011719
0 0.320312 0.109375 0.007812 0.003906
1 0.259766 0.112305 0.007812 0.009766
0 0.156250 0.115234 0.035156 0.015625
0 0.998047 0.106445 0.003906 0.001953
0 0.361328 0.107422 0.003906 0.003906
0 0.469727 0.106445 0.005859 0.005859
0 0.573242 0.102539 0.001953 0.001953
0 0.557617 0.103516 0.001953 0.003906
0 0.598633 0.098633 0.001953 0.001953
0 0.557617 0.098633 0.001953 0.001953
0 0.596680 0.094727 0.001953 0.001953
0 0.592773 0.092773 0.001953 0.001953
0 0.004883 0.107422 0.009766 0.031250
0 0.971680 0.088867 0.001953 0.001953
0 0.845703 0.102539 0.023438 0.029297
0 0.594727 0.088867 0.001953 0.001953
0 0.274414 0.088867 0.001953 0.001953
0 0.214844 0.098633 0.050781 0.021484
0 0.958008 0.087891 0.005859 0.007812
0 0.583008 0.087891 0.005859 0.007812
0 0.456055 0.084961 0.001953 0.001953
1 0.225586 0.084961 0.001953 0.001953
0 0.919922 0.097656 0.027344 0.031250
0 0.186523 0.086914 0.009766 0.009766
0 0.456055 0.081055 0.001953 0.001953
1 0.227539 0.081055 0.001953 0.001953
0 0.212891 0.081055 0.003906 0.001953
0 0.581055 0.080078 0.001953 0.003906
0 0.208008 0.080078 0.001953 0.003906
0 0.456055 0.077148 0.001953 0.001953
0 0.129883 0.085938 0.017578 0.027344
0 0.462891 0.075195 0.011719 0.013672
0 0.429688 0.071289 0.007812 0.005859
0 0.214844 0.072266 0.011719 0.007812
0 0.199219 0.076172 0.011719 0.015625
0 0.196289 0.069336 0.001953 0.001953
0 0.984375 0.068359 0.003906 0.003906
0 0.573242 0.067383 0.001953 0.001953
0 0.981445 0.081055 0.037109 0.044922
0 0.965820 0.057617 0.001953 0.001953
0 0.278320 0.059570 0.005859 0.005859
0 0.432617 0.052734 0.005859 0.003906
0 0.946289 0.064453 0.025391 0.031250
1 0.500977 0.049805 0.001953 0.001953
0 0.536133 0.106445 0.103516 0.123047
1 0.499023 0.045898 0.001953 0.001953
0 0.189453 0.049805 0.007812 0.009766
0 0.614258 0.043945 0.001953 0.001953
0 0.285156 0.044922 0.003906 0.003906
0 0.963867 0.046875 0.017578 0.015625
0 0.213867 0.041016 0.001953 0.003906
0 0.572266 0.038086 0.003906 0.001953
1 0.543945 0.038086 0.001953 0.001953
0 0.934570 0.044922 0.013672 0.019531
1 0.517578 0.041016 0.007812 0.011719
1 0.503906 0.039062 0.007812 0.007812
1 0.325195 0.036133 0.005859 0.005859
1 0.514648 0.032227 0.001953 0.001953
1 0.497070 0.032227 0.001953 0.001953
0 0.908203 0.036133 0.007812 0.013672
0 0.952148 0.031250 0.017578 0.007812
0 0.223633 0.026367 0.001953 0.001953
0 0.634766 0.022461 0.003906 0.001953
1 0.513672 0.021484 0.003906 0.003906
1 0.502930 0.020508 0.001953 0.001953
0 0.643555 0.018555 0.001953 0.001953
0 0.633789 0.018555 0.001953 0.001953
0 0.581055 0.016602 0.001953 0.001953
1 0.506836 0.023438 0.005859 0.015625
1 0.000977 0.008789 0.001953 0.005859
0 0.170898 0.007812 0.009766 0.007812
0 0.108398 0.002930 0.001953 0.001953
0 0.990234 0.025391 0.019531 0.050781
0 0.633789 0.001953 0.005859 0.003906
0 0.618164 0.000977 0.005859 0.001953
0 0.574219 0.001953 0.007812 0.003906
0 0.553711 0.006836 0.009766 0.013672
0 0.492188 0.004883 0.027344 0.009766
0 0.367188 0.062500 0.164062 0.125000
0 0.240234 0.045898 0.078125 0.091797
0 0.211914 0.001953 0.001953 0.003906
0 0.101562 0.000977 0.003906 0.001953
2 0.215820 0.967773 0.001953 0.001953
2 0.106445 0.952148 0.001953 0.001953
2 0.206055 0.951172 0.001953 0.003906
2 0.620117 0.936523 0.005859 0.001953
2 0.606445 0.930664 0.001953 0.001953
2 0.150391 0.924805 0.003906 0.005859
2 0.131836 0.918945 0.001953 0.001953
2 0.102539 0.918945 0.001953 0.001953
2 0.147461 0.907227 0.001953 0.001953
2 0.133789 0.912109 0.033203 0.074219
2 0.090820 0.856445 0.005859 0.001953
2 0.137695 0.844727 0.001953 0.001953
2 0.132812 0.843750 0.003906 0.003906
2 0.141602 0.836914 0.001953 0.001953
2 0.127930 0.836914 0.001953 0.001953
2 0.105469 0.808594 0.003906 0.003906
2 0.102539 0.799805 0.009766 0.009766
2 0.080078 0.794922 0.007812 0.007812
2 0.054688 0.689453 0.003906 0.003906
2 0.004883 0.688477 0.001953 0.001953
2 0.004883 0.677734 0.001953 0.003906
3 0.011719 0.647461 0.023438 0.037109
2 0.010742 0.624023 0.005859 0.005859
2 0.002930 0.590820 0.005859 0.037109
2 0.000977 0.563477 0.001953 0.005859
2 0.995117 0.512695 0.001953 0.001953
2 0.020508 0.500977 0.001953 0.001953
2 0.993164 0.496094 0.001953 0.003906
2 0.997070 0.495117 0.005859 0.029297
2 0.000977 0.465820 0.001953 0.001953
3 0.016602 0.459961 0.001953 0.001953
3 0.016602 0.456055 0.001953 0.001953
2 0.999023 0.426758 0.001953 0.001953
2 0.915039 0.418945 0.001953 0.001953
2 0.930664 0.415039 0.001953 0.001953
2 0.997070 0.368164 0.001953 0.001953
2 0.002930 0.186523 0.001953 0.001953
2 0.020508 0.182617 0.001953 0.001953
2 0.982422 0.084961 0.003906 0.001953
2 0.996094 0.004883 0.007812 0.009766
2 0.500000 0.500000 1.000000 1.000000