0 0.788086 0.999023 0.001953 0.001953
0 0.550781 0.999023 0.007812 0.001953
0 0.540039 0.999023 0.005859 0.001953
0 0.771484 0.997070 0.007812 0.005859
0 0.216797 0.996094 0.003906 0.003906
1 0.819336 0.994141 0.005859 0.003906
0 0.694336 0.993164 0.001953 0.001953
0 0.209961 0.996094 0.005859 0.007812
0 0.759766 0.995117 0.007812 0.009766
0 0.231445 0.991211 0.001953 0.001953
0 0.221680 0.991211 0.001953 0.001953
1 0.431641 0.994141 0.007812 0.011719
1 0.406250 0.994141 0.015625 0.011719
1 0.397461 0.989258 0.001953 0.001953
0 0.127930 0.992188 0.009766 0.007812
1 0.813477 0.984375 0.005859 0.003906
0 0.216797 0.986328 0.003906 0.011719
0 0.189453 0.981445 0.003906 0.001953
0 0.176758 0.981445 0.001953 0.001953
0 0.778320 0.979492 0.001953 0.001953
0 0.022461 0.979492 0.005859 0.001953
0 0.009766 0.981445 0.011719 0.009766
0 0.178711 0.975586 0.001953 0.001953
0 0.241211 0.973633 0.001953 0.001953
0 0.770508 0.971680 0.001953 0.001953
0 0.305664 0.969727 0.001953 0.001953
0 0.172852 0.981445 0.044922 0.037109
0 0.713867 0.951172 0.001953 0.003906
1 0.762695 0.948242 0.001953 0.001953
0 0.579102 0.944336 0.001953 0.001953
0 0.141602 0.940430 0.001953 0.001953
0 0.104492 0.946289 0.029297 0.021484
0 0.727539 0.935547 0.001953 0.003906
0 0.361328 0.929688 0.003906 0.003906
0 0.098633 0.915039 0.001953 0.001953
1 0.829102 0.911133 0.001953 0.001953
0 0.956055 0.907227 0.005859 0.005859
0 0.790039 0.952148 0.068359 0.095703
0 0.374023 0.899414 0.001953 0.001953
0 0.227539 0.899414 0.001953 0.001953
0 0.222656 0.900391 0.003906 0.003906
1 0.817383 0.895508 0.001953 0.001953
0 0.453125 0.893555 0.003906 0.001953
0 0.239258 0.893555 0.001953 0.001953
0 0.958008 0.891602 0.001953 0.001953
0 0.984375 0.916992 0.031250 0.056641
0 0.962891 0.885742 0.003906 0.001953
0 0.460938 0.885742 0.003906 0.001953
1 0.743164 0.875977 0.001953 0.001953
1 0.797852 0.874023 0.001953 0.001953
0 0.463867 0.877930 0.013672 0.009766
1 0.769531 0.866211 0.003906 0.001953
0 0.642578 0.863281 0.003906 0.003906
0 0.997070 0.864258 0.005859 0.009766
0 0.510742 0.856445 0.001953 0.001953
0 0.497070 0.852539 0.001953 0.001953
0 0.469727 0.854492 0.005859 0.005859
0 0.382812 0.850586 0.003906 0.001953
0 0.477539 0.848633 0.001953 0.001953
0 0.642578 0.848633 0.003906 0.005859
0 0.485352 0.847656 0.001953 0.003906
0 0.543945 0.842773 0.001953 0.001953
0 0.545898 0.838867 0.001953 0.001953
0 0.486328 0.839844 0.003906 0.003906
0 0.598633 0.837891 0.005859 0.003906
0 0.276367 0.834961 0.001953 0.001953
0 0.672852 0.833008 0.001953 0.001953
0 0.276367 0.831055 0.001953 0.001953
1 0.522461 0.827148 0.001953 0.001953
0 0.284180 0.823242 0.001953 0.001953
0 0.391602 0.821289 0.001953 0.001953
0 0.350586 0.821289 0.001953 0.001953
0 0.346680 0.821289 0.001953 0.001953
0 0.584961 0.821289 0.005859 0.005859
0 0.288086 0.819336 0.001953 0.001953
0 0.396484 0.832031 0.035156 0.031250
0 0.412109 0.812500 0.003906 0.003906
0 0.498047 0.805664 0.003906 0.001953
0 0.651367 0.803711 0.005859 0.013672
0 0.571289 0.797852 0.001953 0.001953
0 0.652344 0.793945 0.003906 0.001953
0 0.542969 0.796875 0.011719 0.007812
0 0.574219 0.792969 0.003906 0.003906
0 0.562500 0.793945 0.003906 0.005859
0 0.597656 0.803711 0.027344 0.033203
0 0.592773 0.788086 0.001953 0.001953
0 0.571289 0.788086 0.001953 0.001953
0 0.541016 0.788086 0.007812 0.001953
0 0.851562 0.783203 0.003906 0.003906
0 0.622070 0.781250 0.005859 0.007812
0 0.555664 0.778320 0.001953 0.001953
0 0.867188 0.778320 0.003906 0.005859
0 0.415039 0.776367 0.001953 0.001953
0 0.409180 0.776367 0.001953 0.001953
0 0.404297 0.776367 0.003906 0.001953
0 0.866211 0.772461 0.001953 0.001953
0 0.618164 0.772461 0.001953 0.001953
0 0.556641 0.773438 0.003906 0.003906
0 0.618164 0.768555 0.001953 0.001953
0 0.598633 0.768555 0.001953 0.001953
0 0.426758 0.764648 0.001953 0.001953
0 0.601562 0.762695 0.003906 0.001953
0 0.591797 0.767578 0.011719 0.015625
0 0.629883 0.758789 0.001953 0.001953
0 0.618164 0.758789 0.001953 0.001953
0 0.666992 0.756836 0.001953 0.001953
0 0.651367 0.768555 0.037109 0.025391
0 0.605469 0.758789 0.019531 0.009766
0 0.299805 0.755859 0.005859 0.003906
0 0.627930 0.750977 0.001953 0.001953
0 0.928711 0.748047 0.001953 0.003906
0 0.920898 0.752930 0.005859 0.013672
0 0.850586 0.747070 0.001953 0.001953
0 0.908203 0.750977 0.007812 0.021484
0 0.625977 0.741211 0.001953 0.001953
0 0.377930 0.741211 0.001953 0.001953
0 0.934570 0.740234 0.013672 0.007812
0 0.909180 0.737305 0.001953 0.001953
0 0.375000 0.737305 0.003906 0.001953
0 0.926758 0.733398 0.001953 0.001953
0 0.870117 0.733398 0.001953 0.001953
0 0.530273 0.733398 0.001953 0.001953
1 0.429688 0.731445 0.007812 0.005859
0 0.932617 0.725586 0.001953 0.001953
1 0.430664 0.725586 0.001953 0.001953
0 0.403320 0.749023 0.048828 0.048828
0 0.928711 0.728516 0.025391 0.011719
0 0.601562 0.739258 0.042969 0.033203
1 0.442383 0.723633 0.001953 0.001953
0 0.857422 0.723633 0.007812 0.005859
0 0.948242 0.715820 0.001953 0.001953
0 0.872070 0.717773 0.001953 0.005859
0 0.652344 0.724609 0.023438 0.019531
0 0.944336 0.713867 0.001953 0.001953
0 0.872070 0.711914 0.001953 0.001953
0 0.868164 0.711914 0.001953 0.001953
0 0.973633 0.709961 0.001953 0.001953
0 0.940430 0.710938 0.001953 0.003906
0 0.954102 0.689453 0.005859 0.003906
0 0.952148 0.684570 0.001953 0.001953
0 0.960938 0.682617 0.003906 0.001953
1 0.944336 0.680664 0.001953 0.001953
1 0.350586 0.692383 0.029297 0.025391
0 0.950195 0.678711 0.001953 0.001953
0 0.971680 0.668945 0.001953 0.001953
1 0.421875 0.669922 0.003906 0.003906
0 0.546875 0.666992 0.015625 0.009766
0 0.961914 0.661133 0.001953 0.001953
0 0.463867 0.657227 0.001953 0.001953
0 0.470703 0.662109 0.015625 0.015625
0 0.973633 0.649414 0.001953 0.001953
1 0.426758 0.655273 0.021484 0.021484
1 0.415039 0.645508 0.001953 0.001953
0 0.544922 0.649414 0.023438 0.021484
0 0.983398 0.635742 0.001953 0.001953
1 0.282227 0.635742 0.001953 0.001953
1 0.278320 0.633789 0.001953 0.001953
0 0.979492 0.622070 0.001953 0.001953
0 0.734375 0.634766 0.023438 0.027344
0 0.983398 0.615234 0.005859 0.003906
0 0.983398 0.610352 0.001953 0.001953
0 0.682617 0.604492 0.001953 0.001953
0 0.678711 0.604492 0.001953 0.001953
1 0.568359 0.602539 0.003906 0.001953
0 0.975586 0.598633 0.001953 0.001953
0 0.657227 0.592773 0.001953 0.001953
0 0.651367 0.588867 0.001953 0.001953
0 0.554688 0.592773 0.007812 0.009766
1 0.285156 0.589844 0.003906 0.003906
0 0.521484 0.588867 0.007812 0.005859
0 0.567383 0.587891 0.009766 0.011719
0 0.967773 0.581055 0.001953 0.001953
0 0.570312 0.581055 0.003906 0.001953
0 0.559570 0.583008 0.001953 0.005859
0 0.552734 0.581055 0.003906 0.001953
0 0.989258 0.580078 0.005859 0.003906
0 0.913086 0.579102 0.001953 0.001953
0 0.563477 0.579102 0.001953 0.001953
0 0.553711 0.575195 0.001953 0.001953
0 0.581055 0.574219 0.005859 0.003906
0 0.334961 0.573242 0.001953 0.001953
0 0.533203 0.576172 0.011719 0.011719
0 0.333984 0.569336 0.003906 0.001953
0 0.475586 0.567383 0.001953 0.001953
0 0.698242 0.565430 0.001953 0.001953
0 0.480469 0.566406 0.003906 0.003906
0 0.477539 0.563477 0.001953 0.001953
0 0.326172 0.563477 0.003906 0.001953
0 0.770508 0.561523 0.001953 0.001953
0 0.704102 0.588867 0.083984 0.060547
0 0.468750 0.562500 0.007812 0.007812
0 0.461914 0.557617 0.001953 0.001953
1 0.999023 0.551758 0.001953 0.001953
1 0.995117 0.551758 0.001953 0.001953
0 0.911133 0.550781 0.001953 0.003906
0 0.428711 0.549805 0.001953 0.001953
0 0.424805 0.547852 0.001953 0.001953
0 0.911133 0.545898 0.001953 0.001953
0 0.407227 0.545898 0.001953 0.001953
0 0.754883 0.553711 0.033203 0.021484
0 0.461914 0.543945 0.001953 0.001953
0 0.458008 0.543945 0.001953 0.001953
0 0.579102 0.542969 0.001953 0.003906
0 0.447266 0.542969 0.003906 0.003906
0 0.427734 0.541992 0.003906 0.005859
0 0.407227 0.540039 0.001953 0.001953
0 0.569336 0.538086 0.001953 0.001953
0 0.416992 0.541016 0.013672 0.011719
0 0.556641 0.534180 0.003906 0.005859
0 0.809570 0.530273 0.001953 0.001953
0 0.604492 0.560547 0.095703 0.066406
0 0.557617 0.528320 0.001953 0.001953
0 0.426758 0.531250 0.013672 0.007812
0 0.810547 0.525391 0.003906 0.003906
0 0.672852 0.522461 0.001953 0.001953
0 0.818359 0.520508 0.007812 0.005859
0 0.540039 0.518555 0.001953 0.001953
0 0.666992 0.515625 0.009766 0.007812
0 0.541992 0.512695 0.001953 0.001953
0 0.674805 0.512695 0.001953 0.005859
0 0.817383 0.506836 0.001953 0.001953
0 0.838867 0.504883 0.001953 0.001953
0 0.819336 0.501953 0.001953 0.003906
0 0.656250 0.502930 0.007812 0.005859
0 0.814453 0.500000 0.003906 0.003906
0 0.798828 0.511719 0.031250 0.027344
0 0.540039 0.503906 0.021484 0.011719
0 0.811523 0.495117 0.001953 0.001953
0 0.687500 0.493164 0.011719 0.005859
0 0.743164 0.487305 0.001953 0.001953
0 0.742188 0.483398 0.003906 0.001953
0 0.604492 0.481445 0.001953 0.001953
1 0.997070 0.483398 0.005859 0.013672
0 0.581055 0.477539 0.017578 0.017578
0 0.731445 0.467773 0.001953 0.001953
0 0.699219 0.480469 0.039062 0.031250
0 0.850586 0.450195 0.001953 0.001953
0 0.846680 0.451172 0.001953 0.003906
0 0.842773 0.450195 0.001953 0.001953
0 0.787109 0.415039 0.003906 0.001953
0 0.592773 0.413086 0.005859 0.005859
0 0.762695 0.393555 0.001953 0.001953
0 0.950195 0.391602 0.001953 0.001953
0 0.784180 0.389648 0.001953 0.001953
0 0.684570 0.389648 0.001953 0.001953
0 0.629883 0.385742 0.001953 0.001953
0 0.942383 0.383789 0.001953 0.001953
0 0.825195 0.381836 0.001953 0.001953
0 0.821289 0.381836 0.001953 0.001953
0 0.841797 0.385742 0.015625 0.017578
0 0.768555 0.383789 0.013672 0.017578
0 0.773438 0.361328 0.003906 0.003906
0 0.780273 0.359375 0.001953 0.003906
0 0.772461 0.350586 0.001953 0.001953
0 0.788086 0.352539 0.009766 0.009766
0 0.863281 0.357422 0.035156 0.035156
0 0.801758 0.336914 0.001953 0.001953
0 0.983398 0.336914 0.005859 0.005859
0 0.599609 0.658203 0.800781 0.683594
0 0.805664 0.319336 0.005859 0.009766
0 0.777344 0.311523 0.007812 0.009766
0 0.756836 0.307617 0.001953 0.001953
0 0.577148 0.308594 0.001953 0.003906
0 0.848633 0.307617 0.009766 0.009766
0 0.850586 0.241211 0.001953 0.001953
0 0.832031 0.238281 0.003906 0.003906
0 0.842773 0.235352 0.001953 0.001953
0 0.606445 0.233398 0.001953 0.001953
0 0.904297 0.228516 0.003906 0.003906
0 0.862305 0.225586 0.001953 0.001953
0 0.864258 0.220703 0.009766 0.007812
1 0.851562 0.218750 0.003906 0.003906
0 0.872070 0.208984 0.025391 0.027344
0 0.723633 0.197266 0.005859 0.003906
0 0.940430 0.193359 0.033203 0.027344
1 0.752930 0.177734 0.005859 0.003906
1 0.740234 0.176758 0.003906 0.001953
0 0.948242 0.174805 0.001953 0.001953
0 0.943359 0.174805 0.003906 0.001953
0 0.925781 0.175781 0.003906 0.003906
1 0.774414 0.171875 0.001953 0.003906
0 0.963867 0.147461 0.001953 0.001953
0 0.956055 0.147461 0.001953 0.001953
0 0.694336 0.129883 0.005859 0.005859
0 0.977539 0.173828 0.044922 0.109375
0 0.702148 0.122070 0.013672 0.013672
0 0.984375 0.114258 0.003906 0.001953
0 0.695312 0.115234 0.003906 0.003906
0 0.696289 0.107422 0.009766 0.011719
0 0.575195 0.329102 0.228516 0.466797
0 0.358398 0.116211 0.056641 0.048828
1 0.937500 0.060547 0.003906 0.003906
0 0.958008 0.049805 0.005859 0.001953
0 0.041992 0.061523 0.076172 0.048828
0 0.935547 0.049805 0.023438 0.029297
0 0.066406 0.056641 0.058594 0.042969
0 0.129883 0.032227 0.001953 0.001953
0 0.910156 0.030273 0.003906 0.001953
0 0.901367 0.030273 0.001953 0.001953
0 0.163086 0.030273 0.001953 0.001953
1 0.017578 0.031250 0.035156 0.011719
0 0.967773 0.020508 0.009766 0.013672
0 0.958008 0.013672 0.001953 0.007812
0 0.193359 0.010742 0.003906 0.001953
0 0.959961 0.006836 0.001953 0.001953
0 0.700195 0.045898 0.048828 0.080078
0 0.940430 0.002930 0.005859 0.005859
0 0.900391 0.013672 0.042969 0.027344
0 0.348633 0.000977 0.009766 0.001953
0 0.297852 0.020508 0.021484 0.041016
0 0.024414 0.000977 0.009766 0.001953
3 0.884766 0.996094 0.003906 0.003906
2 0.172852 0.989258 0.001953 0.001953
2 0.987305 0.991211 0.025391 0.017578
2 0.926758 0.988281 0.009766 0.011719
3 0.859375 0.960938 0.007812 0.003906
2 0.243164 0.959961 0.001953 0.001953
2 0.945312 0.959961 0.007812 0.009766
2 0.618164 0.955078 0.005859 0.003906
2 0.325195 0.948242 0.001953 0.001953
2 0.712891 0.969727 0.050781 0.060547
2 0.278320 0.940430 0.001953 0.001953
2 0.227539 0.930664 0.001953 0.001953
2 0.895508 0.926758 0.001953 0.001953
2 0.889648 0.929688 0.005859 0.007812
2 0.225586 0.923828 0.001953 0.003906
2 0.227539 0.915039 0.001953 0.001953
2 0.924805 0.887695 0.001953 0.001953
2 0.608398 0.875000 0.001953 0.003906
2 0.952148 0.870117 0.001953 0.001953
2 0.522461 0.870117 0.001953 0.001953
2 0.444336 0.868164 0.001953 0.001953
2 0.440430 0.868164 0.001953 0.001953
2 0.954102 0.866211 0.001953 0.001953
2 0.946289 0.869141 0.005859 0.007812
2 0.433594 0.867188 0.003906 0.003906
2 0.536133 0.864258 0.001953 0.001953
2 0.513672 0.864258 0.003906 0.001953
2 0.432617 0.856445 0.005859 0.013672
2 0.962891 0.851562 0.003906 0.007812
2 0.975586 0.841797 0.001953 0.003906
2 0.883789 0.838867 0.001953 0.001953
2 0.877930 0.838867 0.001953 0.001953
2 0.436523 0.840820 0.009766 0.009766
2 0.879883 0.834961 0.001953 0.001953
2 0.875977 0.834961 0.001953 0.001953
2 0.887695 0.854492 0.107422 0.044922
2 0.827148 0.831055 0.001953 0.001953
2 0.502930 0.827148 0.001953 0.001953
2 0.822266 0.822266 0.011719 0.011719
2 0.788086 0.817383 0.001953 0.001953
2 0.817383 0.815430 0.001953 0.001953
2 0.500977 0.813477 0.001953 0.001953
2 0.799805 0.901367 0.162109 0.197266
2 0.911133 0.797852 0.001953 0.001953
2 0.913086 0.793945 0.001953 0.001953
2 0.907227 0.791992 0.001953 0.001953
2 0.678711 0.776367 0.001953 0.001953
2 0.856445 0.766602 0.001953 0.001953
2 0.963867 0.856445 0.072266 0.189453
2 0.729492 0.747070 0.001953 0.001953
2 0.725586 0.747070 0.001953 0.001953
2 0.816406 0.727539 0.007812 0.009766
2 0.983398 0.711914 0.001953 0.001953
2 0.983398 0.698242 0.001953 0.001953
2 0.948242 0.626953 0.009766 0.011719
2 0.994141 0.618164 0.003906 0.005859
2 0.958984 0.613281 0.003906 0.003906
2 0.899414 0.704102 0.201172 0.263672
2 0.889648 0.576172 0.001953 0.007812
2 0.821289 0.555664 0.005859 0.001953
2 0.821289 0.551758 0.001953 0.001953
2 0.840820 0.549805 0.001953 0.001953
2 0.854492 0.524414 0.001953 0.001953
2 0.852539 0.520508 0.001953 0.001953
2 0.858398 0.510742 0.001953 0.001953
2 0.855469 0.500977 0.003906 0.001953
2 0.870117 0.504883 0.005859 0.013672
2 0.856445 0.497070 0.001953 0.001953
3 0.998047 0.483398 0.003906 0.001953
2 0.862305 0.473633 0.001953 0.001953
2 0.935547 0.542969 0.128906 0.148438
2 0.897461 0.463867 0.001953 0.001953
2 0.915039 0.460938 0.029297 0.027344
2 0.997070 0.213867 0.001953 0.001953
2 0.965820 0.198242 0.001953 0.001953
2 0.965820 0.193359 0.001953 0.003906
2 0.973633 0.163086 0.001953 0.001953
2 0.981445 0.157227 0.001953 0.001953
2 0.500000 0.500000 1.000000 1.000000