1 0.749023 0.999023 0.009766 0.001953
1 0.731445 0.999023 0.005859 0.001953
1 0.534180 0.999023 0.001953 0.001953
0 0.450195 0.999023 0.001953 0.001953
1 0.274414 0.999023 0.001953 0.001953
1 0.054688 0.999023 0.003906 0.001953
1 0.022461 0.999023 0.001953 0.001953
1 0.016602 0.999023 0.001953 0.001953
1 0.677734 0.998047 0.003906 0.003906
0 0.457031 0.998047 0.003906 0.003906
1 0.981445 0.997070 0.009766 0.005859
1 0.870117 0.995117 0.001953 0.001953
1 0.230469 0.996094 0.003906 0.003906
1 0.137695 0.996094 0.001953 0.003906
1 0.465820 0.992188 0.017578 0.003906
0 0.215820 0.995117 0.021484 0.009766
1 0.973633 0.989258 0.001953 0.001953
1 0.969727 0.990234 0.001953 0.003906
1 0.553711 0.994141 0.017578 0.011719
1 0.307617 0.993164 0.005859 0.009766
1 0.265625 0.994141 0.007812 0.011719
0 0.163086 0.994141 0.017578 0.011719
1 0.806641 0.988281 0.007812 0.003906
0 0.999023 0.985352 0.001953 0.001953
1 0.992188 0.992188 0.011719 0.015625
1 0.838867 0.992188 0.025391 0.015625
1 0.708984 0.992188 0.035156 0.015625
1 0.527344 0.992188 0.023438 0.015625
0 0.421875 0.992188 0.027344 0.015625
1 0.060547 0.990234 0.011719 0.011719
1 0.136719 0.986328 0.007812 0.007812
1 0.849609 0.982422 0.007812 0.007812
1 0.607422 0.986328 0.015625 0.015625
1 0.583984 0.989258 0.023438 0.021484
1 0.487305 0.979492 0.001953 0.001953
1 0.095703 0.989258 0.027344 0.021484
1 0.128906 0.981445 0.007812 0.009766
1 0.943359 0.982422 0.015625 0.015625
1 0.532227 0.975586 0.001953 0.001953
1 0.468750 0.981445 0.011719 0.013672
1 0.458008 0.973633 0.001953 0.001953
1 0.963867 0.978516 0.013672 0.015625
1 0.534180 0.971680 0.001953 0.001953
1 0.526367 0.976562 0.005859 0.011719
1 0.952148 0.969727 0.001953 0.001953
1 0.749023 0.971680 0.017578 0.005859
0 0.413086 0.969727 0.001953 0.001953
1 0.237305 0.970703 0.005859 0.003906
1 0.063477 0.973633 0.005859 0.009766
1 0.961914 0.967773 0.001953 0.001953
0 0.351562 0.970703 0.003906 0.007812
1 0.720703 0.970703 0.019531 0.011719
1 0.593750 0.970703 0.011719 0.015625
1 0.823242 0.963867 0.005859 0.005859
1 0.770508 0.980469 0.021484 0.039062
1 0.958008 0.959961 0.001953 0.001953
1 0.838867 0.970703 0.021484 0.023438
1 0.741211 0.961914 0.021484 0.005859
1 0.625977 0.959961 0.001953 0.001953
1 0.232422 0.961914 0.003906 0.005859
1 0.325195 0.958008 0.001953 0.001953
1 0.981445 0.956055 0.001953 0.001953
1 0.969727 0.956055 0.005859 0.005859
1 0.611328 0.963867 0.011719 0.021484
1 0.583984 0.959961 0.003906 0.013672
0 0.170898 0.956055 0.005859 0.005859
0 0.422852 0.952148 0.001953 0.001953
1 0.969727 0.950195 0.001953 0.001953
1 0.929688 0.956055 0.015625 0.013672
1 0.829102 0.950195 0.001953 0.001953
1 0.789062 0.973633 0.019531 0.048828
1 0.526367 0.955078 0.005859 0.011719
1 0.472656 0.953125 0.007812 0.007812
0 0.189453 0.974609 0.089844 0.050781
0 0.999023 0.948242 0.001953 0.001953
1 0.965820 0.948242 0.001953 0.001953
1 0.940430 0.948242 0.001953 0.001953
1 0.542969 0.954102 0.011719 0.013672
0 0.186523 0.948242 0.001953 0.001953
1 0.978516 0.949219 0.011719 0.007812
1 0.687500 0.950195 0.019531 0.009766
0 0.378906 0.949219 0.003906 0.007812
1 0.067383 0.952148 0.009766 0.013672
1 0.282227 0.969727 0.037109 0.052734
0 0.194336 0.946289 0.009766 0.005859
1 0.155273 0.944336 0.001953 0.001953
1 0.826172 0.943359 0.007812 0.003906
0 0.431641 0.961914 0.035156 0.041016
1 0.883789 0.947266 0.025391 0.015625
1 0.679688 0.941406 0.007812 0.003906
1 0.581055 0.942383 0.005859 0.005859
1 0.486328 0.946289 0.011719 0.013672
0 0.789062 0.941406 0.011719 0.007812
1 0.507812 0.940430 0.003906 0.005859
1 0.915039 0.967773 0.044922 0.064453
1 0.829102 0.937500 0.001953 0.003906
1 0.266602 0.938477 0.005859 0.005859
1 0.885742 0.935547 0.001953 0.003906
1 0.615234 0.941406 0.011719 0.015625
1 0.469727 0.934570 0.001953 0.001953
0 0.016602 0.964844 0.033203 0.062500
1 0.967773 0.939453 0.021484 0.015625
1 0.754883 0.932617 0.001953 0.001953
1 0.646484 0.942383 0.039062 0.021484
1 0.601562 0.935547 0.007812 0.007812
0 0.434570 0.944336 0.029297 0.025391
0 0.016602 0.932617 0.001953 0.001953
0 0.370117 0.933594 0.005859 0.007812
1 0.956055 0.928711 0.001953 0.001953
1 0.830078 0.930664 0.003906 0.005859
1 0.536133 0.929688 0.001953 0.003906
1 0.476562 0.929688 0.007812 0.003906
0 0.389648 0.929688 0.005859 0.003906
1 0.692383 0.926758 0.001953 0.001953
1 0.471680 0.926758 0.001953 0.001953
1 0.911133 0.925781 0.005859 0.003906
0 0.796875 0.929688 0.015625 0.011719
1 0.733398 0.924805 0.001953 0.001953
1 0.297852 0.924805 0.001953 0.001953
1 0.870117 0.928711 0.017578 0.013672
1 0.609375 0.920898 0.003906 0.001953
1 0.472656 0.921875 0.003906 0.003906
1 0.190430 0.922852 0.005859 0.005859
1 0.933594 0.919922 0.007812 0.003906
1 0.381836 0.919922 0.005859 0.003906
1 0.281250 0.919922 0.003906 0.003906
1 0.989258 0.916992 0.001953 0.001953
1 0.822266 0.923828 0.011719 0.015625
1 0.745117 0.916992 0.001953 0.001953
1 0.604492 0.918945 0.001953 0.005859
0 0.360352 0.919922 0.005859 0.007812
1 0.075195 0.919922 0.009766 0.007812
0 0.177734 0.933594 0.027344 0.042969
1 0.139648 0.916016 0.013672 0.007812
0 0.018555 0.923828 0.037109 0.027344
1 0.229492 0.916016 0.013672 0.015625
1 0.171875 0.910156 0.003906 0.003906
1 0.853516 0.912109 0.015625 0.011719
1 0.520508 0.920898 0.021484 0.029297
1 0.967773 0.909180 0.017578 0.009766
1 0.627930 0.908203 0.005859 0.007812
1 0.399414 0.913086 0.025391 0.017578
1 0.551758 0.921875 0.033203 0.039062
1 0.303711 0.907227 0.005859 0.009766
1 0.052734 0.908203 0.011719 0.011719
1 0.844727 0.902344 0.005859 0.003906
1 0.061523 0.902344 0.001953 0.003906
1 0.106445 0.902344 0.017578 0.007812
1 0.897461 0.897461 0.001953 0.001953
1 0.887695 0.897461 0.001953 0.001953
1 0.514648 0.900391 0.005859 0.007812
1 0.296875 0.901367 0.003906 0.009766
1 0.909180 0.896484 0.005859 0.003906
1 0.734375 0.906250 0.015625 0.023438
1 0.680664 0.896484 0.001953 0.003906
1 0.969727 0.895508 0.005859 0.005859
1 0.833008 0.897461 0.013672 0.009766
1 0.360352 0.896484 0.005859 0.007812
0 0.354492 0.946289 0.103516 0.107422
1 0.305664 0.896484 0.005859 0.007812
1 0.205078 0.901367 0.019531 0.017578
0 0.278320 0.891602 0.001953 0.001953
1 0.134766 0.896484 0.027344 0.011719
1 0.879883 0.898438 0.017578 0.019531
1 0.622070 0.909180 0.017578 0.041016
1 0.833984 0.888672 0.003906 0.003906
1 0.396484 0.890625 0.007812 0.007812
1 0.300781 0.890625 0.007812 0.007812
1 0.160156 0.888672 0.003906 0.003906
1 0.151367 0.887695 0.001953 0.001953
1 0.107422 0.934570 0.050781 0.095703
1 0.815430 0.885742 0.001953 0.001953
1 0.668945 0.887695 0.005859 0.005859
1 0.643555 0.893555 0.033203 0.017578
1 0.579102 0.895508 0.021484 0.021484
1 0.442383 0.907227 0.044922 0.044922
1 0.380859 0.889648 0.019531 0.009766
1 0.277344 0.898438 0.027344 0.027344
1 0.001953 0.887695 0.003906 0.005859
1 0.145508 0.883789 0.001953 0.001953
1 0.877930 0.879883 0.001953 0.001953
0 0.264648 0.886719 0.005859 0.015625
1 0.028320 0.899414 0.033203 0.041016
1 0.887695 0.881836 0.009766 0.009766
0 0.336914 0.877930 0.001953 0.001953
1 0.117188 0.880859 0.011719 0.007812
1 0.058594 0.881836 0.011719 0.009766
1 0.943359 0.902344 0.042969 0.054688
1 0.539062 0.881836 0.011719 0.013672
1 0.501953 0.888672 0.023438 0.027344
1 0.482422 0.896484 0.019531 0.042969
1 0.942383 0.875977 0.005859 0.005859
1 0.883789 0.874023 0.001953 0.001953
1 0.719727 0.881836 0.021484 0.017578
1 0.861328 0.875977 0.011719 0.009766
1 0.396484 0.874023 0.007812 0.005859
1 0.109375 0.873047 0.007812 0.003906
1 0.075195 0.877930 0.009766 0.013672
1 0.877930 0.868164 0.001953 0.001953
0 0.583984 0.874023 0.023438 0.013672
1 0.188477 0.877930 0.029297 0.021484
1 0.002930 0.872070 0.005859 0.009766
1 0.671875 0.867188 0.003906 0.003906
1 0.535156 0.867188 0.003906 0.003906
1 0.383789 0.866211 0.005859 0.005859
0 0.293945 0.871094 0.005859 0.015625
1 0.165039 0.867188 0.005859 0.007812
1 0.890625 0.868164 0.019531 0.013672
1 0.134766 0.865234 0.011719 0.007812
1 0.055664 0.865234 0.009766 0.007812
1 0.022461 0.862305 0.001953 0.001953
1 0.045898 0.861328 0.005859 0.003906
1 0.519531 0.863281 0.019531 0.011719
1 0.422852 0.863281 0.017578 0.011719
1 0.404297 0.859375 0.003906 0.003906
1 0.008789 0.861328 0.005859 0.007812
1 0.950195 0.862305 0.029297 0.013672
1 0.714844 0.859375 0.007812 0.007812
1 0.081055 0.860352 0.013672 0.009766
0 0.000977 0.856445 0.001953 0.001953
1 0.780273 0.854492 0.001953 0.001953
1 0.442383 0.854492 0.005859 0.001953
0 0.276367 0.868164 0.017578 0.029297
1 0.034180 0.854492 0.001953 0.001953
1 0.153320 0.852539 0.001953 0.001953
1 0.976562 0.859375 0.019531 0.019531
0 0.583008 0.852539 0.005859 0.005859
0 0.789062 0.891602 0.085938 0.087891
1 0.467773 0.849609 0.009766 0.003906
1 0.903320 0.856445 0.021484 0.021484
0 0.575195 0.861328 0.068359 0.031250
0 0.217773 0.848633 0.005859 0.005859
1 0.987305 0.845703 0.005859 0.003906
0 0.252930 0.865234 0.025391 0.042969
0 0.578125 0.845703 0.007812 0.007812
1 0.544922 0.843750 0.003906 0.003906
0 0.262695 0.842773 0.001953 0.001953
1 0.970703 0.843750 0.011719 0.007812
1 0.888672 0.843750 0.007812 0.007812
1 0.755859 0.843750 0.007812 0.007812
0 0.219727 0.840820 0.001953 0.001953
1 0.118164 0.850586 0.021484 0.021484
1 0.995117 0.841797 0.009766 0.007812
1 0.839844 0.841797 0.011719 0.007812
1 0.782227 0.840820 0.005859 0.005859
0 0.244141 0.842773 0.003906 0.009766
0 0.233398 0.852539 0.013672 0.029297
1 0.196289 0.836914 0.001953 0.001953
0 0.237305 0.834961 0.001953 0.001953
1 0.002930 0.836914 0.005859 0.005859
1 0.198242 0.833008 0.001953 0.001953
1 0.940430 0.835938 0.009766 0.011719
1 0.774414 0.830078 0.009766 0.003906
1 0.079102 0.841797 0.037109 0.027344
1 0.092773 0.830078 0.005859 0.007812
1 0.694336 0.839844 0.029297 0.031250
1 0.400391 0.846680 0.031250 0.044922
1 0.100586 0.828125 0.009766 0.007812
1 0.078125 0.825195 0.003906 0.001953
1 0.929688 0.827148 0.007812 0.009766
1 0.588867 0.823242 0.001953 0.001953
1 0.534180 0.827148 0.017578 0.009766
1 0.136719 0.834961 0.027344 0.033203
1 0.492188 0.822266 0.015625 0.011719
1 0.916016 0.819336 0.011719 0.009766
0 0.768555 0.815430 0.001953 0.001953
1 0.838867 0.826172 0.033203 0.027344
1 0.435547 0.816406 0.011719 0.007812
0 0.753906 0.820312 0.011719 0.019531
0 0.641602 0.810547 0.001953 0.003906
1 0.317383 0.814453 0.005859 0.011719
1 0.996094 0.811523 0.007812 0.009766
0 0.762695 0.811523 0.005859 0.009766
1 0.059570 0.807617 0.001953 0.001953
1 0.845703 0.844727 0.054688 0.080078
0 0.920898 0.803711 0.001953 0.001953
0 0.910156 0.804688 0.007812 0.003906
1 0.782227 0.814453 0.021484 0.023438
0 0.739258 0.829102 0.025391 0.052734
1 0.166016 0.807617 0.007812 0.013672
1 0.863281 0.800781 0.007812 0.003906
1 0.108398 0.805664 0.025391 0.013672
1 0.035156 0.823242 0.058594 0.048828
1 0.998047 0.799805 0.003906 0.005859
1 0.840820 0.803711 0.013672 0.013672
0 0.625000 0.811523 0.023438 0.029297
1 0.612305 0.799805 0.005859 0.005859
1 0.422852 0.802734 0.013672 0.011719
0 0.618164 0.795898 0.001953 0.001953
1 0.554688 0.798828 0.007812 0.007812
1 0.560547 0.793945 0.003906 0.001953
0 0.305664 0.793945 0.001953 0.001953
1 0.041992 0.793945 0.001953 0.001953
0 0.968750 0.823242 0.042969 0.064453
1 0.784180 0.794922 0.005859 0.007812
1 0.530273 0.793945 0.005859 0.005859
1 0.155273 0.796875 0.009766 0.011719
1 0.105469 0.793945 0.007812 0.005859
0 0.745117 0.794922 0.005859 0.011719
1 0.145508 0.790039 0.001953 0.001953
1 0.848633 0.791016 0.009766 0.007812
1 0.788086 0.788086 0.001953 0.001953
1 0.672852 0.790039 0.005859 0.005859
0 0.630859 0.836914 0.085938 0.099609
1 0.087891 0.790039 0.003906 0.005859
1 0.055664 0.788086 0.001953 0.001953
1 0.720703 0.792969 0.007812 0.015625
1 0.637695 0.786133 0.001953 0.001953
1 0.569336 0.791016 0.009766 0.011719
1 0.001953 0.791016 0.003906 0.011719
1 0.666992 0.784180 0.001953 0.001953
1 0.628906 0.789062 0.011719 0.011719
1 0.411133 0.791016 0.013672 0.015625
1 0.451172 0.792969 0.019531 0.023438
0 0.975586 0.788086 0.013672 0.017578
0 0.747070 0.783203 0.001953 0.007812
0 0.889648 0.790039 0.025391 0.025391
1 0.530273 0.778320 0.001953 0.001953
1 0.020508 0.785156 0.021484 0.015625
1 0.791016 0.779297 0.003906 0.007812
1 0.988281 0.785156 0.015625 0.023438
1 0.008789 0.774414 0.001953 0.001953
1 0.431641 0.775391 0.007812 0.007812
1 0.862305 0.775391 0.001953 0.011719
0 0.744141 0.786133 0.039062 0.033203
1 0.396484 0.772461 0.007812 0.005859
1 0.720703 0.770508 0.003906 0.005859
1 0.355469 0.825195 0.058594 0.119141
1 0.081055 0.770508 0.009766 0.009766
1 0.002930 0.769531 0.005859 0.007812
1 0.808594 0.766602 0.007812 0.009766
1 0.746094 0.762695 0.003906 0.001953
1 0.513672 0.767578 0.007812 0.011719
1 0.052734 0.777344 0.039062 0.031250
0 0.896484 0.761719 0.003906 0.003906
0 0.881836 0.767578 0.021484 0.015625
1 0.526367 0.766602 0.005859 0.013672
1 0.423828 0.764648 0.011719 0.009766
1 0.818359 0.760742 0.007812 0.005859
1 0.548828 0.766602 0.011719 0.017578
0 0.245117 0.803711 0.083984 0.091797
1 0.750977 0.756836 0.001953 0.001953
1 0.508789 0.756836 0.001953 0.001953
1 0.996094 0.765625 0.007812 0.023438
1 0.553711 0.754883 0.001953 0.001953
1 0.535156 0.760742 0.007812 0.013672
1 0.604492 0.771484 0.052734 0.042969
1 0.553711 0.750977 0.001953 0.001953
0 0.202148 0.752930 0.005859 0.005859
0 0.925781 0.787109 0.058594 0.078125
1 0.564453 0.756836 0.015625 0.021484
1 0.360352 0.754883 0.013672 0.017578
0 0.339844 0.748047 0.003906 0.003906
0 0.252930 0.749023 0.005859 0.005859
0 0.228516 0.747070 0.003906 0.001953
0 0.269531 0.745117 0.003906 0.001953
0 0.260742 0.745117 0.001953 0.001953
0 0.192383 0.787109 0.060547 0.085938
1 0.023438 0.747070 0.003906 0.005859
1 0.586914 0.743164 0.001953 0.001953
1 0.579102 0.748047 0.009766 0.011719
1 0.401367 0.744141 0.005859 0.003906
1 0.586914 0.739258 0.001953 0.001953
0 0.224609 0.740234 0.003906 0.003906
1 0.028320 0.740234 0.005859 0.003906
0 0.878906 0.746094 0.027344 0.019531
1 0.706055 0.737305 0.001953 0.001953
1 0.432617 0.737305 0.001953 0.001953
0 0.215820 0.740234 0.005859 0.007812
1 0.047852 0.741211 0.009766 0.009766
1 0.643555 0.746094 0.021484 0.023438
0 0.199219 0.739258 0.007812 0.009766
1 0.997070 0.736328 0.005859 0.007812
1 0.714844 0.736328 0.007812 0.007812
1 0.545898 0.744141 0.009766 0.023438
1 0.351562 0.735352 0.003906 0.005859
0 0.008789 0.743164 0.017578 0.021484
1 0.765625 0.748047 0.031250 0.035156
1 0.478516 0.785156 0.144531 0.109375
1 0.015625 0.733398 0.007812 0.005859
1 0.713867 0.729492 0.001953 0.001953
1 0.399414 0.732422 0.009766 0.007812
1 0.383789 0.729492 0.001953 0.001953
0 0.221680 0.731445 0.009766 0.005859
1 0.703125 0.728516 0.003906 0.003906
1 0.036133 0.728516 0.005859 0.003906
1 0.532227 0.728516 0.005859 0.007812
1 0.628906 0.727539 0.011719 0.009766
1 0.381836 0.724609 0.001953 0.003906
0 0.203125 0.727539 0.011719 0.009766
1 0.997070 0.722656 0.001953 0.003906
1 0.766602 0.724609 0.009766 0.007812
1 0.725586 0.722656 0.005859 0.007812
1 0.568359 0.730469 0.011719 0.023438
1 0.830078 0.720703 0.007812 0.007812
1 0.591797 0.720703 0.003906 0.007812
0 0.215820 0.717773 0.001953 0.001953
0 0.211914 0.717773 0.001953 0.001953
1 0.617188 0.718750 0.007812 0.007812
1 0.961914 0.712891 0.001953 0.003906
0 0.168945 0.743164 0.080078 0.064453
1 0.995117 0.709961 0.001953 0.001953
1 0.975586 0.722656 0.017578 0.027344
1 0.701172 0.746094 0.031250 0.074219
1 0.629883 0.712891 0.005859 0.007812
1 0.372070 0.713867 0.017578 0.009766
1 0.011719 0.719727 0.023438 0.021484
1 0.955078 0.709961 0.007812 0.005859
0 0.872070 0.723633 0.037109 0.033203
1 0.610352 0.710938 0.013672 0.007812
0 0.230469 0.716797 0.027344 0.019531
0 0.164062 0.710938 0.011719 0.007812
0 0.924805 0.745117 0.076172 0.080078
0 0.182617 0.706055 0.001953 0.001953
1 0.068359 0.713867 0.019531 0.017578
1 0.003906 0.706055 0.007812 0.001953
1 0.570312 0.710938 0.011719 0.015625
1 0.703125 0.712891 0.023438 0.023438
1 0.687500 0.703125 0.003906 0.003906
0 0.080078 0.707031 0.007812 0.011719
1 0.529297 0.700195 0.003906 0.005859
1 0.482422 0.712891 0.027344 0.031250
0 0.175781 0.703125 0.007812 0.011719
1 0.709961 0.698242 0.009766 0.005859
1 0.214844 0.697266 0.003906 0.003906
1 0.905273 0.698242 0.005859 0.009766
1 0.835938 0.720703 0.054688 0.054688
1 0.726562 0.695312 0.007812 0.003906
1 0.000977 0.694336 0.001953 0.001953
1 0.982422 0.696289 0.007812 0.009766
1 0.391602 0.699219 0.017578 0.015625
0 0.256836 0.692383 0.001953 0.001953
1 0.227539 0.694336 0.009766 0.005859
1 0.936523 0.697266 0.017578 0.015625
1 0.813477 0.690430 0.001953 0.001953
1 0.805664 0.690430 0.001953 0.001953
1 0.613281 0.697266 0.031250 0.015625
1 0.412109 0.707031 0.027344 0.035156
1 0.567383 0.694336 0.009766 0.013672
0 0.170898 0.689453 0.001953 0.003906
1 0.050781 0.694336 0.015625 0.017578
1 0.931641 0.686523 0.003906 0.005859
1 0.805664 0.684570 0.001953 0.001953
1 0.716797 0.686523 0.007812 0.009766
1 0.676758 0.695312 0.005859 0.027344
1 0.526367 0.685547 0.005859 0.007812
1 0.500000 0.690430 0.015625 0.017578
1 0.962891 0.680664 0.003906 0.001953
1 0.800781 0.681641 0.003906 0.003906
1 0.691406 0.687500 0.015625 0.015625
1 0.198242 0.680664 0.001953 0.001953
1 0.620117 0.679688 0.005859 0.003906
1 0.460938 0.687500 0.015625 0.019531
1 0.202148 0.679688 0.001953 0.003906
1 0.919922 0.686523 0.019531 0.021484
1 0.708984 0.677734 0.003906 0.003906
1 0.387695 0.683594 0.013672 0.015625
0 0.161133 0.689453 0.013672 0.031250
1 0.956055 0.674805 0.005859 0.005859
1 0.536133 0.675781 0.005859 0.007812
1 0.443359 0.682617 0.015625 0.021484
0 0.381836 0.672852 0.001953 0.001953
0 0.291016 0.760742 0.097656 0.177734
0 0.184570 0.684570 0.013672 0.025391
1 0.994141 0.679688 0.011719 0.019531
1 0.514648 0.671875 0.001953 0.003906
1 0.454102 0.671875 0.005859 0.003906
1 0.667969 0.675781 0.011719 0.015625
1 0.569336 0.668945 0.001953 0.001953
1 0.512695 0.684570 0.017578 0.033203
1 0.470703 0.672852 0.007812 0.009766
0 0.377930 0.669922 0.001953 0.003906
1 0.908203 0.674805 0.011719 0.017578
1 0.692383 0.673828 0.017578 0.015625
1 0.656250 0.670898 0.003906 0.009766
1 0.479492 0.666992 0.001953 0.001953
0 0.368164 0.666992 0.001953 0.001953
1 0.035156 0.674805 0.031250 0.017578
1 0.210938 0.670898 0.011719 0.013672
1 0.779297 0.664062 0.003906 0.003906
0 0.383789 0.666016 0.005859 0.007812
0 0.376953 0.664062 0.003906 0.003906
1 0.067383 0.669922 0.013672 0.015625
1 0.017578 0.665039 0.007812 0.005859
1 0.667969 0.662109 0.003906 0.003906
1 0.547852 0.662109 0.001953 0.003906
1 0.451172 0.663086 0.003906 0.005859
1 0.403320 0.662109 0.005859 0.003906
1 0.888672 0.665039 0.011719 0.013672
1 0.412109 0.660156 0.007812 0.003906
1 0.998047 0.659180 0.003906 0.005859
1 0.773438 0.657227 0.003906 0.001953
1 0.468750 0.659180 0.003906 0.005859
0 0.353516 0.680664 0.050781 0.048828
1 0.083008 0.657227 0.001953 0.001953
1 0.429688 0.670898 0.027344 0.033203
0 0.361328 0.659180 0.015625 0.009766
1 0.088867 0.657227 0.005859 0.005859
1 0.680664 0.658203 0.009766 0.011719
1 0.573242 0.654297 0.005859 0.003906
1 0.427734 0.653320 0.003906 0.001953
0 0.324219 0.672852 0.027344 0.041016
1 0.586914 0.667969 0.029297 0.035156
0 0.206055 0.651367 0.001953 0.001953
1 0.918945 0.660156 0.017578 0.023438
0 0.855469 0.676758 0.039062 0.056641
1 0.800781 0.659180 0.007812 0.021484
1 0.768555 0.649414 0.001953 0.001953
1 0.576172 0.649414 0.003906 0.001953
1 0.038086 0.653320 0.017578 0.009766
0 0.850586 0.652344 0.005859 0.011719
0 0.200195 0.647461 0.001953 0.001953
0 0.169922 0.647461 0.003906 0.001953
1 0.544922 0.648438 0.007812 0.007812
1 0.475586 0.645508 0.001953 0.001953
1 0.980469 0.645508 0.003906 0.005859
1 0.801758 0.643555 0.001953 0.001953
0 0.183594 0.643555 0.003906 0.001953
1 0.639648 0.650391 0.017578 0.019531
1 0.623047 0.642578 0.003906 0.003906
1 0.610352 0.646484 0.005859 0.011719
1 0.437500 0.644531 0.003906 0.007812
0 0.374023 0.649414 0.009766 0.017578
0 0.333984 0.648438 0.019531 0.015625
0 0.314453 0.648438 0.011719 0.015625
1 0.673828 0.639648 0.003906 0.005859
1 0.487305 0.639648 0.001953 0.005859
1 0.959961 0.647461 0.025391 0.025391
1 0.767578 0.640625 0.011719 0.011719
1 0.657227 0.642578 0.009766 0.015625
1 0.684570 0.634766 0.005859 0.003906
1 0.758789 0.631836 0.001953 0.001953
1 0.629883 0.629883 0.001953 0.001953
1 0.767578 0.629883 0.011719 0.005859
1 0.993164 0.638672 0.013672 0.027344
1 0.674805 0.627930 0.005859 0.005859
1 0.450195 0.634766 0.005859 0.019531
1 0.015625 0.635742 0.023438 0.021484
1 0.954102 0.628906 0.013672 0.011719
1 0.744141 0.626953 0.007812 0.007812
1 0.604492 0.625977 0.005859 0.005859
1 0.508789 0.643555 0.017578 0.041016
1 0.942383 0.620117 0.005859 0.005859
1 0.665039 0.618164 0.001953 0.001953
1 0.999023 0.617188 0.001953 0.003906
1 0.653320 0.618164 0.009766 0.009766
1 0.461914 0.629883 0.013672 0.033203
0 0.008789 0.619141 0.017578 0.011719
0 0.270508 0.640625 0.052734 0.058594
0 0.274414 0.613281 0.001953 0.003906
1 0.758789 0.618164 0.017578 0.021484
1 0.660156 0.610352 0.003906 0.005859
1 0.474609 0.614258 0.007812 0.013672
0 0.304688 0.633789 0.031250 0.052734
1 0.160156 0.610352 0.019531 0.005859
1 0.950195 0.608398 0.013672 0.005859
1 0.638672 0.611328 0.015625 0.011719
0 0.358398 0.606445 0.001953 0.001953
0 0.082031 0.624023 0.062500 0.037109
1 0.755859 0.605469 0.003906 0.003906
1 0.442383 0.606445 0.005859 0.005859
0 0.281250 0.607422 0.007812 0.007812
1 0.012695 0.607422 0.009766 0.007812
1 0.934570 0.608398 0.013672 0.013672
1 0.929688 0.615234 0.023438 0.027344
1 0.916992 0.602539 0.001953 0.001953
1 0.598633 0.609375 0.017578 0.015625
0 0.301758 0.608398 0.009766 0.013672
0 0.266602 0.602539 0.001953 0.001953
0 0.091797 0.602539 0.003906 0.001953
1 0.997070 0.603516 0.005859 0.007812
1 0.991211 0.600586 0.001953 0.001953
1 0.784180 0.607422 0.013672 0.015625
0 0.530273 0.622070 0.060547 0.044922
1 0.425781 0.606445 0.019531 0.013672
0 0.247070 0.603516 0.021484 0.007812
1 0.910156 0.625977 0.066406 0.056641
1 0.758789 0.598633 0.001953 0.001953
1 0.582031 0.622070 0.031250 0.048828
0 0.371094 0.626953 0.085938 0.058594
0 0.364258 0.598633 0.001953 0.001953
0 0.035156 0.612305 0.035156 0.029297
0 0.092773 0.597656 0.001953 0.003906
1 0.733398 0.603516 0.021484 0.019531
1 0.658203 0.597656 0.007812 0.007812
1 0.409180 0.594727 0.001953 0.001953
1 0.872070 0.604492 0.017578 0.029297
1 0.736328 0.592773 0.007812 0.005859
1 0.480469 0.596680 0.019531 0.013672
1 0.805664 0.586914 0.001953 0.001953
1 0.617188 0.591797 0.019531 0.015625
1 0.437500 0.592773 0.011719 0.017578
1 0.405273 0.586914 0.005859 0.005859
0 0.343750 0.595703 0.019531 0.023438
1 0.597656 0.584961 0.007812 0.005859
1 0.700195 0.584961 0.009766 0.009766
1 0.575195 0.582031 0.001953 0.003906
1 0.458008 0.579102 0.001953 0.001953
1 0.950195 0.580078 0.009766 0.007812
1 0.762695 0.577148 0.001953 0.001953
1 0.606445 0.579102 0.005859 0.005859
1 0.461914 0.582031 0.005859 0.011719
0 0.348633 0.577148 0.001953 0.001953
1 0.137695 0.582031 0.005859 0.011719
0 0.044922 0.583984 0.011719 0.019531
1 0.718750 0.581055 0.027344 0.017578
1 0.689453 0.573242 0.003906 0.001953
1 0.502930 0.582031 0.013672 0.019531
0 0.384766 0.585938 0.027344 0.027344
1 0.297852 0.576172 0.005859 0.007812
1 0.959961 0.585938 0.037109 0.031250
1 0.896484 0.572266 0.003906 0.003906
1 0.437500 0.576172 0.015625 0.011719
0 0.833984 0.606445 0.050781 0.076172
1 0.775391 0.570312 0.003906 0.003906
1 0.511719 0.583008 0.007812 0.029297
1 0.629883 0.574219 0.013672 0.015625
0 0.242188 0.567383 0.003906 0.001953
1 0.990234 0.572266 0.019531 0.015625
1 0.868164 0.573242 0.013672 0.017578
0 0.345703 0.565430 0.003906 0.001953
1 0.707031 0.567383 0.015625 0.009766
1 0.429688 0.565430 0.007812 0.005859
0 0.337891 0.572266 0.019531 0.019531
1 0.147461 0.569336 0.017578 0.013672
1 0.853516 0.564453 0.007812 0.007812
1 0.681641 0.563477 0.003906 0.005859
1 0.640625 0.562500 0.003906 0.003906
0 0.118164 0.577148 0.025391 0.033203
1 0.455078 0.565430 0.015625 0.013672
1 0.775391 0.556641 0.003906 0.003906
1 0.653320 0.558594 0.009766 0.007812
0 0.118164 0.554688 0.005859 0.003906
0 0.235352 0.551758 0.001953 0.001953
0 0.101562 0.555664 0.007812 0.009766
0 0.939453 0.558594 0.019531 0.019531
1 0.853516 0.551758 0.003906 0.005859
1 0.588867 0.562500 0.021484 0.027344
1 0.697266 0.553711 0.027344 0.017578
1 0.666992 0.550781 0.017578 0.011719
1 0.541016 0.571289 0.019531 0.052734
1 0.431641 0.548828 0.007812 0.007812
0 0.337891 0.550781 0.015625 0.011719
0 0.089844 0.545898 0.003906 0.001953
0 0.264648 0.560547 0.017578 0.035156
0 0.934570 0.546875 0.009766 0.011719
1 0.893555 0.552734 0.037109 0.023438
1 0.817383 0.547852 0.009766 0.013672
1 0.873047 0.542969 0.007812 0.007812
1 0.679688 0.542969 0.011719 0.007812
1 0.473633 0.549805 0.009766 0.021484
1 0.723633 0.543945 0.025391 0.013672
1 0.455078 0.538086 0.003906 0.001953
0 0.101562 0.540039 0.007812 0.005859
0 0.916016 0.537109 0.011719 0.011719
1 0.481445 0.537109 0.005859 0.011719
1 0.460938 0.533203 0.003906 0.007812
1 0.750000 0.546875 0.019531 0.039062
0 0.387695 0.526367 0.001953 0.001953
1 0.609375 0.526367 0.003906 0.005859
1 0.432617 0.527344 0.005859 0.007812
1 0.824219 0.535156 0.007812 0.027344
1 0.632812 0.523438 0.007812 0.003906
0 0.252930 0.523438 0.001953 0.003906
0 0.177734 0.531250 0.011719 0.019531
0 0.870117 0.521484 0.005859 0.003906
1 0.863281 0.528320 0.015625 0.017578
0 0.322266 0.522461 0.003906 0.005859
0 0.247070 0.540039 0.013672 0.041016
1 0.595703 0.521484 0.019531 0.007812
1 0.497070 0.523438 0.009766 0.015625
0 0.395508 0.523438 0.005859 0.019531
0 0.389648 0.515625 0.001953 0.003906
0 0.260742 0.515625 0.005859 0.003906
1 0.805664 0.526367 0.029297 0.029297
1 0.619141 0.516602 0.015625 0.009766
0 0.075195 0.512695 0.001953 0.001953
1 0.506836 0.517578 0.009766 0.015625
0 0.014648 0.514648 0.005859 0.009766
0 0.876953 0.510742 0.003906 0.005859
1 0.667969 0.508789 0.003906 0.009766
1 0.633789 0.507812 0.009766 0.007812
1 0.459961 0.504883 0.001953 0.001953
0 0.127930 0.504883 0.001953 0.001953
0 0.377930 0.548828 0.056641 0.093750
0 0.333984 0.517578 0.007812 0.031250
1 0.199219 0.501953 0.003906 0.003906
0 0.046875 0.503906 0.003906 0.007812
1 0.666016 0.500000 0.003906 0.003906
1 0.643555 0.509766 0.013672 0.023438
0 0.050781 0.551758 0.101562 0.107422
1 0.605469 0.498047 0.003906 0.003906
1 0.416992 0.510742 0.009766 0.029297
1 0.382812 0.501953 0.007812 0.011719
0 0.112305 0.499023 0.005859 0.005859
0 0.915039 0.495117 0.001953 0.001953
1 0.383789 0.495117 0.001953 0.001953
0 0.095703 0.500000 0.007812 0.011719
1 0.597656 0.501953 0.007812 0.019531
1 0.493164 0.501953 0.013672 0.019531
1 0.443359 0.517578 0.027344 0.050781
0 0.032227 0.493164 0.001953 0.001953
0 0.918945 0.491211 0.001953 0.001953
0 0.904297 0.504883 0.046875 0.033203
1 0.788086 0.487305 0.001953 0.001953
1 0.458008 0.488281 0.001953 0.003906
1 0.849609 0.486328 0.003906 0.003906
1 0.609375 0.489258 0.007812 0.009766
1 0.791016 0.497070 0.027344 0.029297
1 0.671875 0.484375 0.007812 0.003906
1 0.825195 0.486328 0.009766 0.011719
1 0.626953 0.481445 0.007812 0.005859
1 0.220703 0.480469 0.003906 0.003906
0 0.979492 0.478516 0.005859 0.003906
1 0.736328 0.482422 0.007812 0.011719
1 0.485352 0.482422 0.009766 0.011719
1 0.469727 0.489258 0.017578 0.025391
0 0.332031 0.478516 0.003906 0.003906
0 0.348633 0.494141 0.029297 0.039062
1 0.016602 0.477539 0.005859 0.005859
1 0.667969 0.475586 0.007812 0.005859
1 0.479492 0.473633 0.001953 0.001953
1 0.473633 0.473633 0.001953 0.001953
1 0.359375 0.475586 0.003906 0.005859
1 0.532227 0.471680 0.001953 0.001953
0 0.054688 0.490234 0.039062 0.039062
1 0.012695 0.471680 0.001953 0.001953
0 0.403320 0.472656 0.005859 0.007812
0 0.178711 0.470703 0.001953 0.003906
1 0.713867 0.467773 0.001953 0.001953
1 0.607422 0.471680 0.011719 0.009766
0 0.076172 0.490234 0.031250 0.046875
0 0.950195 0.531250 0.099609 0.132812
1 0.509766 0.466797 0.003906 0.003906
0 0.399414 0.462891 0.001953 0.003906
1 0.647461 0.458984 0.005859 0.007812
1 0.630859 0.458008 0.003906 0.005859
0 0.361328 0.460938 0.011719 0.011719
0 0.235352 0.458008 0.005859 0.005859
0 0.015625 0.459961 0.011719 0.009766
1 0.837891 0.455078 0.003906 0.003906
1 0.785156 0.463867 0.015625 0.021484
0 0.407227 0.458008 0.005859 0.009766
0 0.175781 0.455078 0.003906 0.003906
1 0.907227 0.452148 0.001953 0.001953
1 0.879883 0.452148 0.005859 0.001953
1 0.588867 0.453125 0.001953 0.003906
1 0.982422 0.451172 0.003906 0.003906
1 0.968750 0.451172 0.003906 0.003906
1 0.740234 0.456055 0.011719 0.013672
1 0.713867 0.454102 0.009766 0.009766
0 0.174805 0.450195 0.001953 0.001953
1 0.907227 0.448242 0.001953 0.001953
1 0.620117 0.454102 0.013672 0.013672
1 0.987305 0.455078 0.025391 0.019531
1 0.702148 0.482422 0.052734 0.074219
0 0.305664 0.449219 0.005859 0.007812
1 0.751953 0.449219 0.007812 0.011719
1 0.603516 0.448242 0.011719 0.009766
0 0.403320 0.446289 0.005859 0.005859
0 0.188477 0.461914 0.009766 0.037109
0 0.000977 0.444336 0.001953 0.001953
1 0.635742 0.445312 0.009766 0.007812
0 0.294922 0.447266 0.007812 0.015625
1 0.829102 0.444336 0.009766 0.013672
1 0.672852 0.438477 0.001953 0.001953
0 0.211914 0.599609 0.255859 0.328125
0 0.414062 0.436523 0.003906 0.005859
0 0.186523 0.434570 0.001953 0.001953
1 0.857422 0.436523 0.007812 0.009766
1 0.743164 0.435547 0.009766 0.007812
1 0.834961 0.430664 0.001953 0.001953
0 0.292969 0.432617 0.003906 0.005859
1 0.847656 0.428711 0.007812 0.005859
0 0.012695 0.426758 0.001953 0.001953
0 0.934570 0.456055 0.056641 0.064453
0 0.002930 0.432617 0.005859 0.017578
1 0.688477 0.425781 0.005859 0.007812
1 0.877930 0.467773 0.076172 0.095703
1 0.703125 0.434570 0.015625 0.029297
1 0.592773 0.425781 0.005859 0.011719
0 0.000977 0.420898 0.001953 0.001953
1 0.990234 0.418945 0.003906 0.001953
1 0.600586 0.418945 0.001953 0.001953
1 0.804688 0.448242 0.039062 0.064453
1 0.636719 0.426758 0.011719 0.021484
0 0.225586 0.424805 0.005859 0.017578
1 0.985352 0.415039 0.001953 0.001953
1 0.815430 0.422852 0.013672 0.017578
1 0.613281 0.418945 0.015625 0.017578
1 0.839844 0.413086 0.011719 0.009766
1 0.731445 0.410156 0.005859 0.003906
0 0.125977 0.480469 0.107422 0.144531
1 0.905273 0.412109 0.021484 0.011719
1 0.749023 0.415039 0.009766 0.017578
1 0.086914 0.422852 0.037109 0.033203
1 0.985352 0.406250 0.005859 0.007812
0 0.208984 0.410156 0.003906 0.015625
1 0.895508 0.401367 0.001953 0.001953
1 0.959961 0.399414 0.001953 0.001953
0 0.246094 0.405273 0.023438 0.013672
1 0.995117 0.397461 0.001953 0.001953
1 0.696289 0.407227 0.021484 0.021484
1 0.615234 0.406250 0.015625 0.023438
1 0.816406 0.398438 0.011719 0.011719
1 0.763672 0.400391 0.015625 0.015625
0 0.233398 0.392578 0.001953 0.003906
1 0.970703 0.396484 0.015625 0.015625
1 0.890625 0.392578 0.007812 0.007812
0 0.445312 0.390625 0.003906 0.003906
0 0.183594 0.413086 0.031250 0.048828
1 0.165039 0.389648 0.001953 0.001953
1 0.155273 0.389648 0.005859 0.001953
1 0.774414 0.387695 0.001953 0.001953
1 0.144531 0.390625 0.011719 0.007812
1 0.962891 0.387695 0.011719 0.009766
1 0.854492 0.383789 0.001953 0.001953
1 0.794922 0.396484 0.011719 0.027344
1 0.198242 0.387695 0.009766 0.009766
1 0.101562 0.387695 0.019531 0.009766
0 0.048828 0.420898 0.070312 0.076172
1 0.078125 0.383789 0.011719 0.005859
1 0.998047 0.382812 0.003906 0.007812
1 0.874023 0.387695 0.005859 0.017578
1 0.783203 0.397461 0.011719 0.037109
1 0.612305 0.377930 0.001953 0.001953
0 0.471680 0.377930 0.001953 0.001953
1 0.734375 0.385742 0.019531 0.021484
1 0.633789 0.382812 0.009766 0.015625
1 0.833984 0.387695 0.019531 0.029297
1 0.784180 0.374023 0.001953 0.001953
1 0.933594 0.380859 0.027344 0.019531
0 0.556641 0.460938 0.050781 0.179688
1 0.723633 0.373047 0.005859 0.007812
1 0.678711 0.373047 0.005859 0.007812
0 0.236328 0.412109 0.058594 0.085938
1 0.640625 0.375000 0.007812 0.015625
1 0.559570 0.366211 0.001953 0.001953
0 0.359375 0.367188 0.003906 0.003906
1 0.774414 0.364258 0.001953 0.001953
0 0.463867 0.366211 0.001953 0.005859
1 0.500000 0.415039 0.027344 0.107422
0 0.919922 0.365234 0.011719 0.011719
1 0.155273 0.360352 0.001953 0.001953
0 0.251953 0.375000 0.027344 0.035156
1 0.937500 0.361328 0.007812 0.011719
1 0.824219 0.357422 0.003906 0.003906
1 0.034180 0.362305 0.017578 0.013672
0 0.274414 0.384766 0.044922 0.062500
1 0.141602 0.360352 0.021484 0.013672
1 0.113281 0.356445 0.011719 0.005859
1 0.721680 0.352539 0.001953 0.001953
1 0.097656 0.352539 0.003906 0.001953
0 0.926758 0.353516 0.009766 0.007812
1 0.666016 0.355469 0.003906 0.011719
1 0.981445 0.358398 0.013672 0.021484
1 0.899414 0.360352 0.037109 0.025391
1 0.742188 0.351562 0.003906 0.007812
0 0.415039 0.348633 0.001953 0.001953
1 0.685547 0.369141 0.015625 0.046875
1 0.579102 0.350586 0.021484 0.013672
1 0.540039 0.362305 0.029297 0.037109
1 0.153320 0.344727 0.001953 0.001953
1 0.616211 0.342773 0.001953 0.001953
1 0.603516 0.362305 0.031250 0.041016
1 0.577148 0.342773 0.001953 0.001953
1 0.275391 0.342773 0.003906 0.001953
0 0.401367 0.340820 0.001953 0.001953
0 0.354492 0.344727 0.009766 0.009766
1 0.168945 0.348633 0.021484 0.017578
1 0.079102 0.345703 0.021484 0.015625
1 0.602539 0.336914 0.001953 0.001953
1 0.598633 0.336914 0.001953 0.001953
0 0.359375 0.336914 0.003906 0.001953
0 0.353516 0.337891 0.003906 0.003906
1 0.738281 0.336914 0.003906 0.005859
1 0.666016 0.336914 0.003906 0.005859
0 0.817383 0.339844 0.009766 0.015625
1 0.634766 0.347656 0.011719 0.031250
0 0.300781 0.334961 0.003906 0.005859
1 0.256836 0.336914 0.017578 0.009766
1 0.885742 0.334961 0.009766 0.009766
0 0.806641 0.354492 0.027344 0.048828
1 0.533203 0.333984 0.007812 0.007812
1 0.276367 0.331055 0.001953 0.001953
1 0.730469 0.330078 0.003906 0.003906
1 0.725586 0.345703 0.017578 0.035156
1 0.131836 0.330078 0.001953 0.003906
1 0.963867 0.339844 0.025391 0.027344
0 0.556641 0.329102 0.007812 0.005859
0 0.454102 0.327148 0.001953 0.001953
1 0.205078 0.328125 0.003906 0.003906
1 0.905273 0.326172 0.001953 0.003906
1 0.695312 0.333984 0.011719 0.019531
1 0.775391 0.332031 0.011719 0.019531
1 0.610352 0.329102 0.005859 0.013672
1 0.122070 0.323242 0.001953 0.001953
0 0.461914 0.323242 0.009766 0.005859
1 0.162109 0.328125 0.011719 0.015625
1 0.103516 0.324219 0.007812 0.007812
1 0.098633 0.335938 0.017578 0.031250
1 0.939453 0.323242 0.003906 0.009766
1 0.890625 0.321289 0.007812 0.005859
1 0.862305 0.325195 0.029297 0.013672
1 0.620117 0.327148 0.009766 0.017578
1 0.083008 0.323242 0.005859 0.009766
1 0.870117 0.317383 0.001953 0.001953
0 0.319336 0.352539 0.052734 0.072266
1 0.088867 0.317383 0.001953 0.001953
1 0.996094 0.328125 0.007812 0.027344
1 0.287109 0.321289 0.019531 0.013672
1 0.084961 0.315430 0.001953 0.001953
1 0.897461 0.314453 0.005859 0.003906
0 0.572266 0.326172 0.042969 0.027344
1 0.183594 0.322266 0.011719 0.019531
1 0.137695 0.313477 0.001953 0.001953
1 0.848633 0.315430 0.009766 0.009766
1 0.692383 0.315430 0.005859 0.009766
1 0.008789 0.312500 0.005859 0.003906
1 0.793945 0.310547 0.001953 0.003906
0 0.719727 0.317383 0.005859 0.017578
1 0.036133 0.329102 0.041016 0.041016
1 0.002930 0.324219 0.005859 0.031250
1 0.604492 0.313477 0.009766 0.013672
1 0.810547 0.316406 0.031250 0.023438
0 0.512695 0.314453 0.013672 0.019531
0 0.717773 0.304688 0.001953 0.003906
1 0.678711 0.308594 0.009766 0.011719
1 0.318359 0.306641 0.031250 0.011719
1 0.633789 0.310547 0.021484 0.027344
1 0.107422 0.312500 0.050781 0.031250
1 0.267578 0.300781 0.019531 0.011719
1 0.147461 0.301758 0.013672 0.017578
1 0.111328 0.294922 0.007812 0.003906
1 0.676758 0.294922 0.005859 0.011719
0 0.418945 0.291992 0.001953 0.005859
1 0.711914 0.289062 0.001953 0.003906
1 0.141602 0.288086 0.001953 0.001953
1 0.629883 0.289062 0.017578 0.007812
1 0.013672 0.290039 0.007812 0.009766
0 0.467773 0.398438 0.115234 0.234375
1 0.115234 0.287109 0.007812 0.011719
1 0.996094 0.292969 0.007812 0.027344
1 0.922852 0.286133 0.009766 0.013672
1 0.872070 0.282227 0.005859 0.005859
1 0.670898 0.284180 0.009766 0.009766
1 0.600586 0.287109 0.009766 0.015625
1 0.896484 0.282227 0.003906 0.009766
1 0.995117 0.276367 0.001953 0.001953
1 0.973633 0.300781 0.029297 0.050781
1 0.139648 0.276367 0.001953 0.001953
0 0.733398 0.299805 0.017578 0.052734
0 0.014648 0.275391 0.005859 0.003906
0 0.947266 0.298828 0.039062 0.054688
1 0.907227 0.274414 0.005859 0.005859
0 0.399414 0.272461 0.001953 0.001953
1 0.347656 0.280273 0.023438 0.017578
1 0.304688 0.273438 0.003906 0.003906
0 0.081055 0.272461 0.001953 0.001953
1 0.969727 0.270508 0.001953 0.001953
0 0.950195 0.270508 0.001953 0.001953
1 0.626953 0.275391 0.007812 0.011719
1 0.596680 0.270508 0.001953 0.001953
1 0.618164 0.271484 0.005859 0.007812
1 0.399414 0.268555 0.001953 0.001953
1 0.740234 0.271484 0.003906 0.011719
0 0.469727 0.266602 0.001953 0.001953
0 0.297852 0.270508 0.009766 0.009766
1 0.245117 0.275391 0.009766 0.019531
0 0.168945 0.281250 0.025391 0.031250
1 0.137695 0.269531 0.001953 0.007812
1 0.907227 0.265625 0.005859 0.003906
1 0.891602 0.271484 0.013672 0.015625
1 0.213867 0.294922 0.044922 0.062500
0 0.190430 0.266602 0.005859 0.005859
1 0.958008 0.264648 0.013672 0.005859
1 0.752930 0.262695 0.001953 0.001953
1 0.383789 0.267578 0.025391 0.015625
1 0.688477 0.263672 0.013672 0.011719
0 0.390625 0.354492 0.187500 0.193359
1 0.228516 0.259766 0.003906 0.003906
1 0.214844 0.259766 0.003906 0.003906
1 0.938477 0.263672 0.033203 0.015625
1 0.711914 0.268555 0.009766 0.025391
1 0.662109 0.267578 0.007812 0.023438
0 0.500977 0.258789 0.013672 0.009766
0 0.332031 0.265625 0.039062 0.023438
1 0.750000 0.253906 0.003906 0.003906
1 0.705078 0.255859 0.007812 0.007812
0 0.103516 0.256836 0.007812 0.009766
0 0.506836 0.250000 0.005859 0.003906
0 0.178711 0.253906 0.009766 0.015625
0 0.833008 0.279297 0.068359 0.070312
1 0.686523 0.245117 0.001953 0.001953
1 0.757812 0.257812 0.003906 0.031250
1 0.747070 0.244141 0.001953 0.003906
1 0.656250 0.246094 0.007812 0.007812
1 0.860352 0.244141 0.009766 0.007812
1 0.611328 0.248047 0.007812 0.015625
1 0.883789 0.243164 0.021484 0.009766
0 0.459961 0.250977 0.044922 0.025391
1 0.585938 0.250977 0.015625 0.033203
0 0.488281 0.236328 0.015625 0.011719
0 0.191406 0.246094 0.015625 0.031250
1 0.919922 0.235352 0.027344 0.013672
1 0.201172 0.230469 0.003906 0.003906
0 0.178711 0.227539 0.001953 0.001953
0 0.830078 0.240234 0.042969 0.031250
1 0.777344 0.239258 0.007812 0.029297
0 0.051758 0.225586 0.001953 0.001953
1 0.995117 0.228516 0.009766 0.011719
1 0.805664 0.225586 0.001953 0.005859
0 0.336914 0.223633 0.001953 0.001953
1 0.215820 0.226562 0.005859 0.007812
0 0.100586 0.226562 0.005859 0.007812
1 0.002930 0.233398 0.005859 0.021484
1 0.604492 0.226562 0.013672 0.019531
1 0.920898 0.218750 0.005859 0.007812
1 0.274414 0.216797 0.001953 0.003906
0 0.127930 0.239258 0.041016 0.048828
0 0.377930 0.218750 0.009766 0.011719
0 0.349609 0.214844 0.007812 0.003906
0 0.102539 0.213867 0.001953 0.001953
0 0.364258 0.211914 0.001953 0.001953
0 0.048828 0.211914 0.003906 0.005859
1 0.767578 0.212891 0.007812 0.015625
0 0.340820 0.207031 0.009766 0.003906
1 0.682617 0.209961 0.009766 0.013672
1 0.595703 0.207031 0.003906 0.007812
1 0.838867 0.219727 0.037109 0.037109
1 0.635742 0.228516 0.025391 0.054688
0 0.396484 0.220703 0.039062 0.039062
1 0.257812 0.206055 0.015625 0.009766
1 0.904297 0.208008 0.027344 0.017578
1 0.810547 0.204102 0.007812 0.009766
1 0.871094 0.202148 0.015625 0.009766
1 0.662109 0.203125 0.011719 0.011719
1 0.256836 0.196289 0.001953 0.001953
1 0.963867 0.207031 0.064453 0.027344
1 0.896484 0.194336 0.003906 0.001953
1 0.702148 0.224609 0.033203 0.062500
0 0.470703 0.195312 0.003906 0.003906
1 0.901367 0.192383 0.001953 0.001953
1 0.783203 0.206055 0.011719 0.029297
0 0.480469 0.193359 0.003906 0.003906
0 0.409180 0.198242 0.021484 0.013672
1 0.349609 0.197266 0.011719 0.011719
1 0.635742 0.191406 0.005859 0.003906
1 0.685547 0.191406 0.015625 0.007812
1 0.706055 0.186523 0.001953 0.001953
0 0.063477 0.243164 0.076172 0.115234
1 0.911133 0.188477 0.013672 0.009766
1 0.362305 0.187500 0.021484 0.007812
1 0.114258 0.185547 0.005859 0.003906
1 0.992188 0.187500 0.015625 0.011719
1 0.883789 0.189453 0.009766 0.015625
1 0.845703 0.186523 0.011719 0.009766
0 0.077148 0.182617 0.001953 0.001953
1 0.773438 0.186523 0.011719 0.013672
1 0.661133 0.180664 0.001953 0.001953
0 0.155273 0.180664 0.001953 0.001953
0 0.149414 0.224609 0.056641 0.089844
0 0.579102 0.178711 0.001953 0.001953
0 0.527344 0.178711 0.003906 0.001953
1 0.436523 0.182617 0.009766 0.009766
1 0.741211 0.179688 0.005859 0.011719
1 0.724609 0.179688 0.019531 0.011719
0 0.489258 0.174805 0.001953 0.001953
0 0.034180 0.223633 0.025391 0.099609
1 0.934570 0.177734 0.025391 0.011719
1 0.813477 0.182617 0.009766 0.021484
0 0.480469 0.177734 0.007812 0.011719
1 0.125000 0.176758 0.007812 0.009766
1 0.794922 0.172852 0.003906 0.005859
1 0.417969 0.180664 0.027344 0.021484
1 0.113281 0.175781 0.011719 0.011719
1 0.859375 0.172852 0.011719 0.013672
1 0.722656 0.164062 0.007812 0.003906
0 0.525391 0.166992 0.003906 0.013672
1 0.446289 0.168945 0.009766 0.017578
1 0.361328 0.167969 0.023438 0.019531
1 0.238281 0.182617 0.027344 0.048828
1 0.983398 0.161133 0.009766 0.009766
0 0.499023 0.183594 0.037109 0.054688
1 0.454102 0.157227 0.001953 0.001953
1 0.864258 0.157227 0.005859 0.005859
1 0.782227 0.166016 0.021484 0.023438
1 0.223633 0.160156 0.005859 0.011719
1 0.886719 0.159180 0.011719 0.013672
1 0.116211 0.162109 0.013672 0.023438
1 0.867188 0.149414 0.003906 0.001953
0 0.565430 0.157227 0.013672 0.017578
1 0.391602 0.152344 0.005859 0.007812
1 0.822266 0.158203 0.011719 0.023438
1 0.719727 0.147461 0.001953 0.001953
1 0.463867 0.156250 0.013672 0.019531
1 0.252930 0.152344 0.005859 0.011719
0 0.009766 0.171875 0.019531 0.050781
1 0.909180 0.143555 0.001953 0.001953
0 0.503906 0.227539 0.156250 0.169922
1 0.193359 0.149414 0.023438 0.017578
0 0.007812 0.141602 0.003906 0.001953
1 0.985352 0.146484 0.017578 0.015625
1 0.711914 0.141602 0.005859 0.005859
0 0.501953 0.155273 0.023438 0.033203
1 0.830078 0.140625 0.003906 0.007812
1 0.261719 0.139648 0.003906 0.009766
1 0.170898 0.138672 0.005859 0.007812
1 0.162109 0.139648 0.003906 0.009766
1 0.973633 0.131836 0.001953 0.001953
1 0.720703 0.134766 0.007812 0.007812
1 0.626953 0.133789 0.007812 0.005859
1 0.398438 0.135742 0.003906 0.009766
1 0.204102 0.175781 0.033203 0.089844
1 0.471680 0.133789 0.009766 0.009766
1 0.448242 0.135742 0.025391 0.013672
1 0.952148 0.142578 0.033203 0.031250
1 0.889648 0.138672 0.037109 0.023438
0 0.440430 0.126953 0.005859 0.003906
0 0.422852 0.131836 0.009766 0.013672
1 0.403320 0.127930 0.005859 0.005859
0 0.078125 0.153320 0.054688 0.056641
1 0.387695 0.124023 0.001953 0.001953
0 0.264648 0.127930 0.005859 0.009766
0 0.043945 0.124023 0.001953 0.001953
1 0.672852 0.133789 0.017578 0.025391
1 0.488281 0.123047 0.007812 0.007812
0 0.129883 0.131836 0.013672 0.025391
1 0.982422 0.125000 0.011719 0.015625
1 0.763672 0.135742 0.019531 0.037109
1 0.681641 0.119141 0.003906 0.003906
1 0.692383 0.147461 0.044922 0.068359
1 0.625977 0.114258 0.001953 0.001953
1 0.409180 0.115234 0.001953 0.003906
1 0.733398 0.112305 0.001953 0.001953
0 0.538086 0.121094 0.021484 0.019531
0 0.024414 0.135742 0.048828 0.048828
1 0.911133 0.121094 0.033203 0.023438
1 0.790039 0.128906 0.033203 0.039062
1 0.158203 0.111328 0.003906 0.003906
0 0.098633 0.110352 0.001953 0.001953
1 0.851562 0.108398 0.003906 0.001953
0 0.091797 0.123047 0.011719 0.031250
1 0.676758 0.109375 0.009766 0.007812
1 0.375000 0.104492 0.003906 0.001953
1 0.992188 0.108398 0.015625 0.013672
1 0.899414 0.103516 0.005859 0.003906
1 0.946289 0.113281 0.021484 0.027344
1 0.375977 0.100586 0.005859 0.001953
1 0.185547 0.106445 0.003906 0.013672
0 0.096680 0.101562 0.001953 0.003906
1 0.915039 0.099609 0.005859 0.003906
0 0.124023 0.098633 0.001953 0.001953
0 0.106445 0.121094 0.017578 0.050781
0 0.414062 0.102539 0.007812 0.017578
1 0.498047 0.093750 0.007812 0.003906
0 0.152344 0.092773 0.007812 0.005859
0 0.590820 0.091797 0.001953 0.007812
1 0.374023 0.089844 0.001953 0.003906
1 0.189453 0.090820 0.003906 0.005859
1 0.698242 0.097656 0.013672 0.023438
0 0.591797 0.143555 0.093750 0.115234
1 0.481445 0.092773 0.013672 0.013672
0 0.272461 0.101562 0.013672 0.031250
1 0.211914 0.094727 0.021484 0.017578
1 0.969727 0.092773 0.021484 0.017578
1 0.718750 0.100586 0.023438 0.033203
1 0.153320 0.084961 0.001953 0.001953
1 0.616211 0.088867 0.013672 0.013672
0 0.441406 0.100586 0.042969 0.037109
1 0.371094 0.085938 0.007812 0.007812
1 0.157227 0.083008 0.001953 0.001953
0 0.138672 0.117188 0.035156 0.070312
1 0.946289 0.082031 0.005859 0.003906
1 0.903320 0.082031 0.001953 0.003906
1 0.631836 0.081055 0.001953 0.001953
0 0.250000 0.087891 0.003906 0.015625
1 0.997070 0.081055 0.005859 0.005859
0 0.779297 0.095703 0.023438 0.035156
0 0.285156 0.087891 0.019531 0.019531
0 0.115234 0.097656 0.023438 0.039062
1 0.170898 0.078125 0.001953 0.003906
0 0.114258 0.077148 0.001953 0.001953
1 0.905273 0.076172 0.001953 0.003906
1 0.614258 0.075195 0.001953 0.001953
1 0.166016 0.076172 0.003906 0.003906
1 0.912109 0.074219 0.007812 0.007812
0 0.103516 0.073242 0.003906 0.005859
1 0.247070 0.069336 0.001953 0.001953
1 0.916016 0.081055 0.039062 0.029297
1 0.310547 0.177734 0.160156 0.222656
0 0.256836 0.106445 0.025391 0.080078
1 0.203125 0.080078 0.023438 0.027344
0 0.795898 0.078125 0.021484 0.027344
0 0.515625 0.066406 0.003906 0.007812
1 0.444336 0.078125 0.025391 0.031250
1 0.405273 0.063477 0.001953 0.001953
0 0.077148 0.086914 0.025391 0.048828
1 0.674805 0.082031 0.017578 0.042969
0 0.100586 0.061523 0.001953 0.001953
0 0.165039 0.062500 0.009766 0.007812
0 0.081055 0.060547 0.001953 0.003906
0 0.073242 0.059570 0.001953 0.001953
1 0.215820 0.059570 0.001953 0.005859
0 0.130859 0.069336 0.050781 0.025391
0 0.090820 0.057617 0.001953 0.001953
1 0.919922 0.061523 0.011719 0.013672
1 0.396484 0.061523 0.015625 0.013672
1 0.846680 0.079102 0.048828 0.052734
1 0.465820 0.056641 0.005859 0.007812
0 0.026367 0.088867 0.052734 0.072266
0 0.783203 0.055664 0.003906 0.009766
1 0.208008 0.054688 0.005859 0.007812
0 0.159180 0.051758 0.001953 0.001953
0 0.500000 0.068359 0.035156 0.039062
1 0.751953 0.050781 0.003906 0.007812
0 0.572266 0.066406 0.031250 0.039062
0 0.484375 0.047852 0.007812 0.001953
0 0.469727 0.052734 0.009766 0.011719
1 0.635742 0.048828 0.009766 0.007812
0 0.305664 0.083008 0.021484 0.076172
1 0.276367 0.046875 0.001953 0.003906
1 0.840820 0.043945 0.001953 0.001953
0 0.723633 0.052734 0.005859 0.019531
0 0.320312 0.058594 0.011719 0.031250
0 0.139648 0.050781 0.025391 0.015625
1 0.269531 0.042969 0.003906 0.003906
0 0.315430 0.039062 0.001953 0.003906
0 0.194336 0.038086 0.001953 0.001953
0 0.477539 0.040039 0.021484 0.009766
1 0.460938 0.038086 0.007812 0.005859
0 0.137695 0.036133 0.001953 0.001953
0 0.313477 0.034180 0.001953 0.001953
0 0.000977 0.034180 0.001953 0.001953
0 0.840820 0.033203 0.005859 0.003906
0 0.721680 0.034180 0.005859 0.005859
0 0.812500 0.062500 0.042969 0.066406
1 0.424805 0.028320 0.001953 0.001953
0 0.034180 0.048828 0.029297 0.042969
1 0.381836 0.046875 0.029297 0.042969
1 0.877930 0.038086 0.017578 0.029297
1 0.892578 0.027344 0.003906 0.011719
0 0.827148 0.038086 0.033203 0.033203
0 0.515625 0.027344 0.003906 0.015625
1 0.623047 0.021484 0.003906 0.007812
1 0.589844 0.031250 0.019531 0.027344
0 0.475586 0.018555 0.001953 0.001953
0 0.024414 0.018555 0.001953 0.005859
0 0.716797 0.015625 0.003906 0.003906
1 0.280273 0.026367 0.013672 0.025391
0 0.512695 0.013672 0.001953 0.003906
1 0.601562 0.012695 0.003906 0.005859
1 0.231445 0.010742 0.001953 0.001953
0 0.866211 0.008789 0.001953 0.001953
0 0.155273 0.008789 0.001953 0.001953
0 0.447266 0.008789 0.007812 0.005859
0 0.343750 0.039062 0.027344 0.066406
0 0.192383 0.007812 0.005859 0.003906
0 0.177734 0.029297 0.042969 0.046875
0 0.467773 0.007812 0.009766 0.007812
1 0.752930 0.009766 0.009766 0.015625
1 0.277344 0.004883 0.003906 0.005859
1 0.230469 0.003906 0.003906 0.003906
1 0.957031 0.034180 0.085938 0.068359
1 0.886719 0.004883 0.011719 0.009766
0 0.828125 0.011719 0.070312 0.023438
0 0.739258 0.000977 0.005859 0.001953
0 0.720703 0.005859 0.023438 0.011719
0 0.712891 0.038086 0.093750 0.076172
1 0.630859 0.017578 0.015625 0.035156
1 0.610352 0.000977 0.001953 0.001953
0 0.560547 0.002930 0.015625 0.005859
0 0.537109 0.000977 0.003906 0.001953
0 0.547852 0.037109 0.052734 0.074219
0 0.514648 0.001953 0.001953 0.003906
0 0.480469 0.026367 0.058594 0.052734
0 0.458984 0.002930 0.011719 0.005859
1 0.375977 0.004883 0.009766 0.009766
0 0.321289 0.022461 0.033203 0.044922
0 0.286133 0.005859 0.009766 0.011719
0 0.271484 0.002930 0.003906 0.005859
1 0.260742 0.037109 0.029297 0.074219
0 0.175781 0.000977 0.007812 0.001953
0 0.168945 0.000977 0.001953 0.001953
0 0.163086 0.000977 0.005859 0.001953
0 0.079102 0.064453 0.158203 0.128906
2 0.186523 0.997070 0.001953 0.001953
3 0.092773 0.997070 0.013672 0.005859
2 0.198242 0.977539 0.001953 0.001953
3 0.221680 0.975586 0.001953 0.001953
2 0.181641 0.973633 0.015625 0.009766
2 0.391602 0.966797 0.009766 0.011719
3 0.217773 0.958008 0.001953 0.001953
2 0.212891 0.958008 0.003906 0.001953
2 0.008789 0.949219 0.009766 0.007812
2 0.998047 0.764648 0.003906 0.005859
3 0.998047 0.644531 0.003906 0.007812
3 0.992188 0.640625 0.003906 0.007812
2 0.071289 0.563477 0.001953 0.001953
2 0.031250 0.564453 0.003906 0.003906
2 0.071289 0.556641 0.001953 0.003906
2 0.064453 0.557617 0.003906 0.005859
2 0.040039 0.553711 0.005859 0.005859
3 0.000977 0.549805 0.001953 0.001953
2 0.067383 0.544922 0.001953 0.003906
2 0.025391 0.546875 0.019531 0.007812
2 0.053711 0.541992 0.017578 0.005859
2 0.038086 0.538086 0.001953 0.001953
2 0.970703 0.512695 0.011719 0.013672
2 0.961914 0.500977 0.009766 0.009766
2 0.958008 0.486328 0.009766 0.007812
2 0.961914 0.476562 0.005859 0.011719
3 0.999023 0.334961 0.001953 0.001953
3 0.998047 0.327148 0.003906 0.005859
3 0.000977 0.232422 0.001953 0.003906
2 0.032227 0.116211 0.005859 0.005859
2 0.044922 0.114258 0.003906 0.005859
2 0.024414 0.106445 0.001953 0.001953
2 0.020508 0.096680 0.005859 0.005859
3 0.741211 0.034180 0.001953 0.001953
3 0.741211 0.030273 0.001953 0.001953
2 0.129883 0.021484 0.001953 0.003906
2 0.125977 0.020508 0.001953 0.001953
2 0.111328 0.022461 0.015625 0.005859
2 0.559570 0.016602 0.001953 0.001953
2 0.681641 0.015625 0.003906 0.003906
2 0.135742 0.014648 0.001953 0.001953
2 0.100586 0.012695 0.001953 0.001953
2 0.112305 0.011719 0.001953 0.003906
2 0.998047 0.007812 0.003906 0.003906
2 0.133789 0.006836 0.001953 0.001953
2 0.125000 0.008789 0.011719 0.005859
3 0.049805 0.004883 0.001953 0.001953
2 0.112305 0.002930 0.001953 0.001953
2 0.108398 0.002930 0.001953 0.001953
2 0.981445 0.004883 0.021484 0.009766
3 0.946289 0.006836 0.017578 0.013672
3 0.679688 0.002930 0.007812 0.005859
3 0.670898 0.002930 0.005859 0.005859
2 0.321289 0.008789 0.009766 0.017578
2 0.249023 0.000977 0.001953 0.001953
3 0.500000 0.500000 1.000000 1.000000
2 0.100586 0.001953 0.005859 0.003906
3 0.085938 0.013672 0.027344 0.027344
3 0.054688 0.000977 0.007812 0.001953