1 0.572266 0.999023 0.003906 0.001953
0 0.028320 0.999023 0.001953 0.001953
1 0.457031 0.998047 0.007812 0.003906
1 0.331055 0.998047 0.001953 0.003906
1 0.866211 0.997070 0.001953 0.005859
1 0.636719 0.996094 0.003906 0.003906
0 0.351562 0.997070 0.007812 0.005859
0 0.338867 0.997070 0.005859 0.005859
1 0.230469 0.997070 0.003906 0.005859
1 0.100586 0.997070 0.005859 0.005859
0 0.033203 0.997070 0.003906 0.005859
0 0.001953 0.997070 0.003906 0.005859
0 0.930664 0.996094 0.029297 0.007812
1 0.568359 0.994141 0.003906 0.003906
1 0.314453 0.996094 0.015625 0.007812
1 0.253906 0.996094 0.003906 0.007812
1 0.875977 0.992188 0.001953 0.003906
1 0.637695 0.991211 0.001953 0.001953
1 0.559570 0.992188 0.001953 0.003906
1 0.500977 0.991211 0.001953 0.001953
1 0.446289 0.991211 0.001953 0.001953
0 0.057617 0.995117 0.013672 0.009766
0 0.030273 0.991211 0.001953 0.001953
0 0.022461 0.991211 0.001953 0.001953
1 0.467773 0.993164 0.009766 0.009766
1 0.503906 0.993164 0.011719 0.013672
1 0.479492 0.988281 0.005859 0.003906
1 0.581055 0.986328 0.001953 0.003906
1 0.447266 0.986328 0.003906 0.003906
0 0.026367 0.985352 0.001953 0.001953
1 0.665039 0.987305 0.005859 0.009766
1 0.502930 0.981445 0.001953 0.001953
1 0.456055 0.986328 0.005859 0.011719
1 0.450195 0.981445 0.001953 0.001953
1 0.245117 0.988281 0.005859 0.015625
1 0.412109 0.989258 0.011719 0.021484
1 0.371094 0.989258 0.019531 0.021484
1 0.565430 0.977539 0.001953 0.001953
0 0.848633 0.975586 0.001953 0.001953
1 0.465820 0.980469 0.005859 0.011719
1 0.276367 0.975586 0.001953 0.001953
1 0.062500 0.981445 0.015625 0.013672
1 0.603516 0.976562 0.003906 0.007812
1 0.565430 0.973633 0.001953 0.001953
1 0.384766 0.975586 0.003906 0.005859
1 0.365234 0.980469 0.015625 0.015625
1 0.282227 0.973633 0.001953 0.001953
0 0.859375 0.985352 0.019531 0.029297
1 0.416992 0.972656 0.001953 0.003906
1 0.274414 0.971680 0.001953 0.001953
0 0.057617 0.971680 0.001953 0.001953
1 0.572266 0.969727 0.003906 0.001953
1 0.565430 0.969727 0.001953 0.001953
1 0.431641 0.978516 0.015625 0.019531
0 0.618164 0.983398 0.029297 0.033203
1 0.477539 0.974609 0.009766 0.015625
0 0.143555 0.974609 0.009766 0.015625
1 0.881836 0.970703 0.009766 0.011719
1 0.601562 0.967773 0.003906 0.005859
1 0.520508 0.982422 0.033203 0.035156
1 0.291016 0.969727 0.011719 0.009766
1 0.063477 0.967773 0.009766 0.005859
1 0.535156 0.971680 0.011719 0.017578
1 0.244141 0.966797 0.003906 0.007812
0 0.122070 0.981445 0.017578 0.037109
1 0.922852 0.961914 0.001953 0.001953
1 0.903320 0.966797 0.017578 0.011719
0 0.776367 0.966797 0.013672 0.011719
1 0.421875 0.962891 0.007812 0.003906
0 0.200195 0.979492 0.029297 0.041016
0 0.164062 0.979492 0.011719 0.041016
0 0.045898 0.959961 0.001953 0.001953
0 0.934570 0.959961 0.017578 0.005859
1 0.633789 0.958008 0.001953 0.001953
1 0.663086 0.960938 0.005859 0.011719
0 0.951172 0.976562 0.035156 0.046875
1 0.547852 0.954102 0.001953 0.001953
0 0.197266 0.956055 0.003906 0.005859
0 0.044922 0.976562 0.027344 0.046875
1 0.629883 0.952148 0.001953 0.001953
1 0.343750 0.954102 0.003906 0.005859
0 0.718750 0.955078 0.007812 0.011719
0 0.166992 0.951172 0.001953 0.003906
0 0.983398 0.973633 0.033203 0.052734
1 0.612305 0.959961 0.017578 0.025391
1 0.579102 0.961914 0.013672 0.029297
1 0.415039 0.951172 0.017578 0.007812
0 0.737305 0.947266 0.001953 0.003906
0 0.912109 0.945312 0.003906 0.003906
0 0.907227 0.944336 0.001953 0.001953
0 0.735352 0.954102 0.017578 0.021484
1 0.524414 0.944336 0.001953 0.001953
1 0.495117 0.945312 0.001953 0.003906
0 0.750000 0.951172 0.007812 0.019531
0 0.718750 0.943359 0.007812 0.003906
1 0.493164 0.940430 0.001953 0.001953
1 0.472656 0.952148 0.011719 0.025391
0 0.419922 0.940430 0.007812 0.005859
1 0.372070 0.949219 0.021484 0.023438
1 0.247070 0.949219 0.005859 0.023438
1 0.479492 0.936523 0.001953 0.001953
0 0.309570 0.937500 0.001953 0.003906
0 0.420898 0.934570 0.001953 0.001953
1 0.329102 0.936523 0.005859 0.005859
1 0.222656 0.938477 0.003906 0.009766
0 0.799805 0.932617 0.001953 0.001953
1 0.529297 0.936523 0.003906 0.009766
0 0.820312 0.946289 0.039062 0.033203
1 0.496094 0.935547 0.003906 0.011719
1 0.052734 0.938477 0.007812 0.017578
1 0.584961 0.929688 0.001953 0.003906
1 0.575195 0.934570 0.009766 0.013672
0 0.428711 0.929688 0.001953 0.003906
0 0.420898 0.928711 0.001953 0.001953
1 0.405273 0.936523 0.013672 0.017578
1 0.395508 0.928711 0.001953 0.001953
1 0.877930 0.931641 0.009766 0.011719
0 0.865234 0.927734 0.003906 0.003906
1 0.813477 0.934570 0.017578 0.017578
0 0.792969 0.962891 0.105469 0.074219
1 0.602539 0.935547 0.009766 0.019531
0 0.848633 0.943359 0.048828 0.039062
1 0.401367 0.924805 0.001953 0.001953
1 0.473633 0.928711 0.013672 0.013672
1 0.508789 0.929688 0.005859 0.019531
1 0.810547 0.919922 0.003906 0.003906
1 0.608398 0.918945 0.001953 0.001953
1 0.338867 0.918945 0.001953 0.001953
1 0.960938 0.923828 0.007812 0.015625
1 0.495117 0.921875 0.005859 0.011719
1 0.388672 0.920898 0.003906 0.009766
0 0.920898 0.930664 0.068359 0.033203
1 0.904297 0.916016 0.003906 0.003906
0 0.667969 0.933594 0.046875 0.039062
1 0.327148 0.916992 0.005859 0.005859
0 0.179688 0.957031 0.019531 0.085938
1 0.985352 0.923828 0.029297 0.023438
1 0.500977 0.913086 0.001953 0.001953
1 0.847656 0.917969 0.007812 0.015625
1 0.815430 0.915039 0.009766 0.009766
1 0.509766 0.914062 0.003906 0.007812
1 0.211914 0.920898 0.021484 0.021484
1 0.933594 0.915039 0.015625 0.013672
1 0.415039 0.916992 0.013672 0.017578
1 0.510742 0.907227 0.001953 0.001953
1 0.387695 0.909180 0.001953 0.005859
1 0.210938 0.909180 0.003906 0.005859
0 0.667969 0.911133 0.011719 0.013672
1 0.376953 0.919922 0.019531 0.031250
0 0.282227 0.906250 0.001953 0.003906
1 0.911133 0.905273 0.013672 0.005859
1 0.629883 0.903320 0.001953 0.001953
0 0.307617 0.905273 0.001953 0.005859
1 0.931641 0.903320 0.007812 0.005859
1 0.527344 0.904297 0.003906 0.007812
1 0.521484 0.905273 0.003906 0.009766
1 0.499023 0.905273 0.009766 0.009766
0 0.280273 0.901367 0.001953 0.001953
1 0.082031 0.904297 0.007812 0.007812
1 0.842773 0.900391 0.005859 0.003906
1 0.778320 0.898438 0.005859 0.003906
1 0.477539 0.902344 0.001953 0.011719
1 0.196289 0.898438 0.005859 0.003906
0 0.105469 0.898438 0.003906 0.003906
1 0.754883 0.901367 0.009766 0.013672
0 0.729492 0.904297 0.025391 0.019531
1 0.385742 0.899414 0.005859 0.009766
0 0.666016 0.898438 0.011719 0.011719
1 0.413086 0.899414 0.005859 0.013672
1 0.801758 0.891602 0.001953 0.001953
1 0.548828 0.903320 0.023438 0.025391
0 0.274414 0.893555 0.001953 0.005859
1 0.582031 0.891602 0.007812 0.005859
1 0.342773 0.899414 0.009766 0.021484
0 0.652344 0.901367 0.015625 0.029297
1 0.617188 0.901367 0.023438 0.029297
1 0.954102 0.889648 0.013672 0.009766
1 0.598633 0.890625 0.005859 0.011719
1 0.526367 0.890625 0.009766 0.011719
1 0.931641 0.886719 0.007812 0.007812
0 0.749023 0.891602 0.009766 0.021484
1 0.477539 0.881836 0.001953 0.001953
0 0.291992 0.897461 0.017578 0.033203
1 0.497070 0.890625 0.021484 0.023438
1 0.612305 0.880859 0.005859 0.007812
1 0.749023 0.875977 0.001953 0.001953
0 0.734375 0.885742 0.019531 0.025391
1 0.343750 0.882812 0.007812 0.019531
0 0.243164 0.874023 0.001953 0.001953
1 0.041016 0.880859 0.003906 0.015625
1 0.831055 0.874023 0.005859 0.005859
1 0.760742 0.875977 0.009766 0.009766
0 0.715820 0.872070 0.001953 0.001953
1 0.077148 0.875977 0.005859 0.009766
0 0.019531 0.935547 0.039062 0.128906
0 0.812500 0.873047 0.003906 0.007812
1 0.535156 0.874023 0.011719 0.009766
0 0.209961 0.888672 0.029297 0.039062
0 0.180664 0.874023 0.005859 0.009766
1 0.936523 0.870117 0.005859 0.005859
1 0.851562 0.883789 0.027344 0.033203
1 0.765625 0.869141 0.003906 0.003906
0 0.723633 0.868164 0.001953 0.001953
1 0.971680 0.872070 0.009766 0.013672
1 0.499023 0.864258 0.001953 0.001953
1 0.393555 0.871094 0.009766 0.015625
1 0.363281 0.867188 0.003906 0.007812
0 0.704102 0.923828 0.041016 0.125000
1 0.413086 0.875977 0.013672 0.029297
1 0.317383 0.874023 0.013672 0.025391
1 0.083008 0.865234 0.005859 0.007812
1 0.866211 0.863281 0.005859 0.007812
0 0.018555 0.860352 0.001953 0.001953
0 0.772461 0.859375 0.001953 0.003906
0 0.738281 0.862305 0.019531 0.009766
0 0.657227 0.882812 0.044922 0.050781
1 0.448242 0.866211 0.025391 0.017578
1 0.382812 0.866211 0.007812 0.017578
0 0.184570 0.859375 0.001953 0.003906
1 0.856445 0.860352 0.009766 0.009766
1 0.368164 0.878906 0.021484 0.046875
1 0.607422 0.863281 0.011719 0.019531
1 0.596680 0.854492 0.001953 0.001953
1 0.510742 0.862305 0.013672 0.017578
0 0.015625 0.854492 0.003906 0.005859
0 0.016602 0.870117 0.021484 0.037109
1 0.999023 0.850586 0.001953 0.005859
0 0.815430 0.849609 0.001953 0.003906
0 0.738281 0.850586 0.003906 0.005859
0 0.716797 0.852539 0.007812 0.009766
0 0.702148 0.848633 0.001953 0.001953
1 0.869141 0.848633 0.007812 0.005859
1 0.870117 0.844727 0.001953 0.001953
0 0.813477 0.844727 0.001953 0.001953
0 0.290039 0.859375 0.029297 0.031250
1 0.986328 0.849609 0.007812 0.015625
1 0.877930 0.843750 0.001953 0.003906
1 0.496094 0.843750 0.007812 0.003906
0 0.030273 0.855469 0.025391 0.027344
1 0.897461 0.867188 0.048828 0.054688
0 0.727539 0.844727 0.009766 0.009766
0 0.696289 0.842773 0.005859 0.005859
1 0.364258 0.845703 0.009766 0.011719
0 0.200195 0.840820 0.001953 0.001953
0 0.464844 0.848633 0.019531 0.021484
0 0.452148 0.841797 0.005859 0.007812
1 0.604492 0.837891 0.001953 0.003906
0 0.439453 0.843750 0.011719 0.015625
1 0.320312 0.838867 0.003906 0.005859
0 0.235352 0.836914 0.001953 0.001953
0 0.436523 0.834961 0.001953 0.001953
0 0.130859 0.835938 0.003906 0.003906
1 0.082031 0.835938 0.003906 0.003906
1 0.999023 0.837891 0.001953 0.011719
1 0.900391 0.839844 0.011719 0.015625
0 0.793945 0.858398 0.033203 0.052734
1 0.592773 0.838867 0.009766 0.013672
0 0.273438 0.835938 0.003906 0.007812
0 0.170898 0.847656 0.017578 0.031250
0 0.432617 0.831055 0.001953 0.001953
1 0.403320 0.833008 0.009766 0.005859
1 0.336914 0.842773 0.009766 0.025391
0 0.297852 0.834961 0.005859 0.009766
0 0.221680 0.860352 0.037109 0.060547
0 0.230469 0.834961 0.007812 0.013672
0 0.198242 0.831055 0.001953 0.005859
0 0.187500 0.842773 0.023438 0.029297
0 0.203125 0.827148 0.003906 0.001953
1 0.506836 0.828125 0.005859 0.007812
1 0.423828 0.831055 0.011719 0.013672
0 0.027344 0.831055 0.011719 0.013672
0 0.286133 0.829102 0.009766 0.017578
1 0.862305 0.819336 0.001953 0.001953
0 0.710938 0.833008 0.031250 0.029297
1 0.539062 0.833008 0.031250 0.029297
1 0.413086 0.819336 0.001953 0.001953
0 0.213867 0.820312 0.001953 0.003906
0 0.670898 0.843750 0.064453 0.054688
1 0.584961 0.850586 0.068359 0.068359
0 0.432617 0.823242 0.013672 0.013672
1 0.407227 0.820312 0.005859 0.007812
1 0.498047 0.822266 0.007812 0.015625
0 0.460938 0.823242 0.027344 0.017578
0 0.209961 0.821289 0.005859 0.013672
0 0.195312 0.821289 0.011719 0.013672
0 0.163086 0.819336 0.005859 0.009766
0 0.628906 0.816406 0.015625 0.007812
1 0.344727 0.818359 0.005859 0.011719
1 0.865234 0.812500 0.003906 0.003906
1 0.367188 0.812500 0.003906 0.003906
1 0.993164 0.809570 0.001953 0.001953
1 0.578125 0.810547 0.003906 0.003906
1 0.545898 0.809570 0.001953 0.001953
1 0.514648 0.816406 0.009766 0.015625
1 0.388672 0.815430 0.015625 0.013672
1 0.316406 0.811523 0.003906 0.005859
0 0.206055 0.809570 0.001953 0.001953
1 0.997070 0.807617 0.001953 0.001953
1 0.609375 0.809570 0.003906 0.005859
0 0.239258 0.818359 0.001953 0.023438
0 0.744141 0.806641 0.003906 0.003906
1 0.882812 0.805664 0.003906 0.005859
1 0.697266 0.804688 0.003906 0.003906
1 0.976562 0.806641 0.003906 0.011719
1 0.554688 0.802734 0.003906 0.003906
0 0.463867 0.801758 0.005859 0.009766
1 0.293945 0.802734 0.009766 0.011719
0 0.758789 0.825195 0.037109 0.060547
1 0.708008 0.804688 0.017578 0.019531
0 0.600586 0.796875 0.001953 0.003906
0 0.690430 0.793945 0.001953 0.001953
0 0.610352 0.796875 0.005859 0.007812
1 0.312500 0.795898 0.003906 0.005859
1 0.962891 0.799805 0.015625 0.017578
0 0.125000 0.884766 0.078125 0.187500
1 0.520508 0.796875 0.005859 0.015625
1 0.356445 0.808594 0.009766 0.039062
0 0.124023 0.792969 0.005859 0.007812
1 0.890625 0.795898 0.011719 0.017578
1 0.868164 0.792969 0.005859 0.011719
0 0.015625 0.815430 0.031250 0.056641
0 0.665039 0.799805 0.044922 0.029297
1 0.454102 0.796875 0.017578 0.023438
1 0.343750 0.790039 0.003906 0.013672
1 0.936523 0.818359 0.044922 0.074219
1 0.941406 0.782227 0.007812 0.005859
0 0.685547 0.783203 0.007812 0.007812
0 0.750977 0.790039 0.013672 0.025391
1 0.910156 0.782227 0.007812 0.013672
1 0.322266 0.786133 0.007812 0.021484
1 0.932617 0.775391 0.005859 0.003906
1 0.901367 0.772461 0.001953 0.001953
1 0.872070 0.773438 0.001953 0.003906
0 0.237305 0.781250 0.005859 0.019531
0 0.610352 0.788086 0.048828 0.041016
1 0.384766 0.774414 0.015625 0.017578
1 0.317383 0.768555 0.005859 0.005859
1 0.921875 0.769531 0.011719 0.011719
0 0.104492 0.767578 0.001953 0.007812
1 0.969727 0.762695 0.001953 0.005859
0 0.606445 0.763672 0.005859 0.007812
1 0.424805 0.760742 0.001953 0.001953
1 0.331055 0.771484 0.009766 0.023438
1 0.032227 0.777344 0.021484 0.035156
1 0.421875 0.784180 0.054688 0.052734
0 0.168945 0.759766 0.005859 0.003906
0 0.162109 0.789062 0.042969 0.062500
1 0.891602 0.758789 0.005859 0.005859
0 0.655273 0.757812 0.001953 0.003906
0 0.646484 0.757812 0.003906 0.003906
0 0.118164 0.771484 0.013672 0.031250
0 0.766602 0.768555 0.025391 0.029297
0 0.507812 0.758789 0.011719 0.009766
1 0.454102 0.757812 0.005859 0.007812
1 0.966797 0.754883 0.007812 0.005859
1 0.896484 0.750977 0.003906 0.001953
1 0.887695 0.751953 0.001953 0.003906
0 0.114258 0.751953 0.001953 0.003906
1 0.078125 0.760742 0.011719 0.021484
1 0.041992 0.750977 0.001953 0.001953
1 0.033203 0.751953 0.003906 0.003906
0 0.762695 0.749023 0.005859 0.005859
0 0.245117 0.747070 0.001953 0.001953
0 0.177734 0.750000 0.003906 0.007812
0 0.026367 0.748047 0.001953 0.003906
0 0.801758 0.745117 0.001953 0.001953
0 0.778320 0.745117 0.001953 0.001953
0 0.384766 0.753906 0.015625 0.019531
0 0.861328 0.746094 0.003906 0.007812
0 0.791992 0.741211 0.001953 0.001953
1 0.721680 0.768555 0.033203 0.056641
1 0.702148 0.741211 0.001953 0.001953
0 0.668945 0.762695 0.044922 0.044922
0 0.357422 0.741211 0.003906 0.005859
1 0.697266 0.738281 0.003906 0.003906
1 0.083008 0.738281 0.001953 0.003906
1 0.673828 0.736328 0.003906 0.003906
0 0.813477 0.795898 0.091797 0.126953
1 0.696289 0.733398 0.001953 0.001953
1 0.501953 0.753906 0.039062 0.042969
1 0.474609 0.734375 0.003906 0.003906
0 0.090820 0.782227 0.041016 0.099609
1 0.041016 0.737305 0.003906 0.009766
1 0.990234 0.752930 0.019531 0.044922
1 0.572266 0.767578 0.070312 0.074219
1 0.432617 0.733398 0.005859 0.005859
1 0.418945 0.745117 0.044922 0.029297
1 0.670898 0.729492 0.001953 0.001953
1 0.402344 0.730469 0.003906 0.003906
0 0.828125 0.729492 0.007812 0.005859
1 0.507812 0.727539 0.003906 0.001953
1 0.457031 0.728516 0.003906 0.003906
1 0.452148 0.727539 0.001953 0.001953
1 0.971680 0.730469 0.005859 0.011719
1 0.467773 0.725586 0.001953 0.001953
1 0.939453 0.734375 0.031250 0.023438
1 0.614258 0.735352 0.009766 0.025391
0 0.582031 0.728516 0.007812 0.011719
1 0.483398 0.729492 0.005859 0.013672
0 0.378906 0.743164 0.035156 0.041016
1 0.967773 0.721680 0.001953 0.001953
0 0.832031 0.722656 0.003906 0.003906
1 0.646484 0.730469 0.023438 0.019531
1 0.475586 0.721680 0.001953 0.001953
1 0.166992 0.721680 0.001953 0.001953
0 0.037109 0.724609 0.003906 0.007812
1 0.769531 0.731445 0.015625 0.025391
1 0.419922 0.722656 0.011719 0.007812
1 0.410156 0.719727 0.003906 0.001953
1 0.346680 0.731445 0.009766 0.025391
0 0.194336 0.732422 0.005859 0.027344
1 0.470703 0.717773 0.003906 0.001953
1 0.094727 0.721680 0.009766 0.009766
1 0.881836 0.726562 0.029297 0.023438
1 0.908203 0.719727 0.015625 0.013672
1 0.694336 0.715820 0.009766 0.005859
1 0.499023 0.719727 0.017578 0.013672
1 0.314453 0.717773 0.003906 0.009766
0 0.161133 0.733398 0.021484 0.041016
1 0.096680 0.713867 0.001953 0.001953
0 0.043945 0.713867 0.001953 0.001953
1 0.635742 0.718750 0.029297 0.015625
1 0.519531 0.721680 0.015625 0.021484
0 0.203125 0.722656 0.003906 0.023438
1 0.613281 0.713867 0.007812 0.009766
1 0.942383 0.708008 0.001953 0.001953
1 0.728516 0.711914 0.007812 0.009766
1 0.597656 0.706055 0.003906 0.001953
0 0.028320 0.708008 0.005859 0.005859
1 0.995117 0.709961 0.005859 0.013672
1 0.683594 0.706055 0.007812 0.005859
1 0.528320 0.707031 0.005859 0.007812
0 0.350586 0.704102 0.001953 0.001953
1 0.327148 0.719727 0.021484 0.033203
1 0.077148 0.704102 0.001953 0.001953
1 0.319336 0.700195 0.001953 0.001953
0 0.016602 0.744141 0.033203 0.089844
1 0.857422 0.702148 0.007812 0.009766
1 0.813477 0.698242 0.001953 0.001953
0 0.795898 0.706055 0.017578 0.017578
1 0.725586 0.700195 0.009766 0.005859
1 0.087891 0.706055 0.007812 0.017578
0 0.814453 0.716797 0.046875 0.042969
1 0.319336 0.696289 0.001953 0.001953
1 0.870117 0.694336 0.001953 0.001953
1 0.627930 0.703125 0.021484 0.019531
1 0.282227 0.695312 0.005859 0.003906
1 0.118164 0.694336 0.001953 0.001953
0 0.039062 0.697266 0.011719 0.007812
0 0.567383 0.710938 0.029297 0.039062
1 0.158203 0.701172 0.007812 0.019531
1 0.080078 0.694336 0.007812 0.005859
1 0.821289 0.691406 0.005859 0.003906
1 0.674805 0.694336 0.009766 0.009766
1 0.557617 0.697266 0.009766 0.015625
1 0.506836 0.694336 0.017578 0.009766
1 0.493164 0.690430 0.001953 0.001953
0 0.066406 0.693359 0.011719 0.007812
1 0.414062 0.689453 0.003906 0.003906
1 0.084961 0.688477 0.005859 0.001953
0 0.037109 0.688477 0.003906 0.005859
1 0.893555 0.697266 0.033203 0.027344
1 0.870117 0.684570 0.001953 0.001953
0 0.077148 0.684570 0.001953 0.001953
0 0.048828 0.692383 0.007812 0.017578
1 0.749023 0.706055 0.029297 0.048828
1 0.563477 0.687500 0.005859 0.011719
0 0.034180 0.681641 0.001953 0.003906
1 0.986328 0.694336 0.011719 0.033203
1 0.874023 0.684570 0.005859 0.013672
1 0.833008 0.678711 0.009766 0.009766
1 0.445312 0.685547 0.031250 0.023438
0 0.019531 0.687500 0.019531 0.027344
1 0.847656 0.675781 0.003906 0.007812
1 0.326172 0.673828 0.003906 0.003906
0 0.046875 0.674805 0.003906 0.005859
0 0.037109 0.674805 0.003906 0.005859
0 0.003906 0.683594 0.007812 0.023438
1 0.871094 0.672852 0.007812 0.005859
1 0.752930 0.670898 0.001953 0.001953
1 0.635742 0.681641 0.025391 0.023438
0 0.420898 0.677734 0.013672 0.015625
1 0.109375 0.675781 0.003906 0.011719
1 0.595703 0.670898 0.003906 0.005859
1 0.517578 0.678711 0.039062 0.021484
0 0.472656 0.674805 0.011719 0.013672
0 0.458008 0.671875 0.005859 0.007812
1 0.323242 0.668945 0.001953 0.001953
1 0.200195 0.681641 0.009766 0.027344
0 0.014648 0.668945 0.001953 0.001953
0 0.999023 0.666992 0.001953 0.001953
0 0.085938 0.673828 0.003906 0.015625
1 0.922852 0.668945 0.005859 0.009766
1 0.619141 0.669922 0.011719 0.011719
1 0.666016 0.668945 0.011719 0.013672
1 0.528320 0.665039 0.005859 0.005859
1 0.906250 0.667969 0.015625 0.015625
1 0.838867 0.667969 0.005859 0.015625
1 0.916992 0.661133 0.005859 0.005859
0 0.420898 0.659180 0.001953 0.001953
1 0.897461 0.657227 0.001953 0.001953
1 0.657227 0.657227 0.001953 0.001953
0 0.455078 0.659180 0.003906 0.005859
1 0.185547 0.661133 0.007812 0.009766
0 0.005859 0.662109 0.011719 0.011719
1 0.828125 0.662109 0.011719 0.015625
1 0.811523 0.655273 0.001953 0.001953
1 0.790039 0.654297 0.001953 0.003906
1 0.579102 0.657227 0.005859 0.009766
0 0.267578 0.671875 0.011719 0.039062
0 0.889648 0.652344 0.005859 0.003906
1 0.796875 0.671875 0.019531 0.042969
1 0.125000 0.652344 0.003906 0.003906
0 0.680664 0.654297 0.009766 0.011719
1 0.583008 0.647461 0.001953 0.001953
0 0.000977 0.648438 0.001953 0.003906
1 0.573242 0.645508 0.001953 0.001953
1 0.525391 0.652344 0.015625 0.015625
0 0.414062 0.649414 0.011719 0.009766
0 0.876953 0.655273 0.035156 0.025391
1 0.831055 0.643555 0.001953 0.001953
1 0.651367 0.648438 0.009766 0.011719
1 0.566406 0.652344 0.007812 0.019531
0 0.379883 0.654297 0.013672 0.023438
0 0.334961 0.663086 0.021484 0.041016
1 0.116211 0.642578 0.001953 0.003906
0 0.346680 0.639648 0.001953 0.001953
1 0.112305 0.640625 0.001953 0.003906
1 0.806641 0.640625 0.011719 0.007812
1 0.319336 0.638672 0.001953 0.003906
1 0.298828 0.639648 0.003906 0.005859
1 0.176758 0.666016 0.025391 0.058594
0 0.325195 0.644531 0.005859 0.019531
0 0.031250 0.639648 0.003906 0.009766
1 0.669922 0.634766 0.003906 0.003906
1 0.649414 0.636719 0.005859 0.007812
1 0.578125 0.637695 0.007812 0.009766
1 0.163086 0.633789 0.001953 0.001953
1 0.112305 0.634766 0.005859 0.003906
1 0.765625 0.641602 0.027344 0.021484
1 0.660156 0.634766 0.007812 0.007812
1 0.571289 0.631836 0.001953 0.001953
1 0.566406 0.632812 0.003906 0.003906
1 0.641602 0.633789 0.009766 0.009766
0 0.429688 0.641602 0.027344 0.025391
1 0.164062 0.629883 0.003906 0.001953
1 0.946289 0.651367 0.041016 0.048828
1 0.609375 0.641602 0.023438 0.029297
1 0.750000 0.625977 0.003906 0.001953
1 0.583984 0.625977 0.003906 0.001953
0 0.336914 0.630859 0.009766 0.011719
1 0.123047 0.629883 0.003906 0.009766
1 0.592773 0.627930 0.005859 0.009766
1 0.600586 0.623047 0.001953 0.003906
1 0.525391 0.628906 0.011719 0.015625
1 0.809570 0.625000 0.013672 0.011719
0 0.508789 0.621094 0.005859 0.003906
1 0.313477 0.620117 0.001953 0.001953
1 0.185547 0.625977 0.003906 0.013672
0 0.874023 0.629883 0.033203 0.025391
1 0.769531 0.618164 0.003906 0.001953
1 0.755859 0.620117 0.003906 0.005859
0 0.719727 0.628906 0.052734 0.023438
0 0.708984 0.652344 0.082031 0.070312
0 0.213867 0.721680 0.037109 0.208984
1 0.135742 0.684570 0.041016 0.134766
1 0.778320 0.620117 0.009766 0.009766
1 0.313477 0.616211 0.001953 0.001953
0 0.663086 0.614258 0.001953 0.001953
1 0.614258 0.619141 0.009766 0.011719
1 0.782227 0.612305 0.001953 0.001953
1 0.209961 0.615234 0.001953 0.007812
1 0.538086 0.610352 0.001953 0.001953
0 0.260742 0.629883 0.017578 0.041016
1 0.877930 0.610352 0.001953 0.005859
1 0.718750 0.611328 0.007812 0.007812
1 0.342773 0.606445 0.001953 0.001953
1 0.311523 0.609375 0.005859 0.007812
1 0.875000 0.605469 0.003906 0.003906
1 0.818359 0.608398 0.019531 0.009766
1 0.749023 0.612305 0.009766 0.017578
0 0.519531 0.613281 0.015625 0.019531
1 0.833008 0.608398 0.005859 0.013672
1 0.328125 0.616211 0.023438 0.029297
0 0.250977 0.604492 0.009766 0.009766
0 0.058594 0.640625 0.054688 0.082031
1 0.744141 0.599609 0.003906 0.003906
0 0.535156 0.602539 0.007812 0.009766
1 0.303711 0.600586 0.005859 0.005859
1 0.131836 0.598633 0.001953 0.001953
1 0.140625 0.600586 0.003906 0.009766
0 0.013672 0.633789 0.027344 0.076172
1 0.132812 0.594727 0.003906 0.001953
1 0.102539 0.594727 0.001953 0.001953
1 0.999023 0.592773 0.001953 0.005859
1 0.863281 0.602539 0.027344 0.025391
1 0.848633 0.591797 0.005859 0.003906
0 0.171875 0.613281 0.007812 0.046875
1 0.100586 0.590820 0.001953 0.001953
1 0.821289 0.593750 0.021484 0.011719
1 0.795898 0.591797 0.005859 0.007812
1 0.788086 0.586914 0.001953 0.001953
1 0.773438 0.599609 0.023438 0.027344
1 0.602539 0.586914 0.001953 0.001953
1 0.039062 0.590820 0.011719 0.009766
0 0.003906 0.592773 0.007812 0.013672
1 0.592773 0.600586 0.029297 0.037109
1 0.567383 0.590820 0.013672 0.017578
0 0.458008 0.583008 0.001953 0.001953
1 0.366211 0.583008 0.001953 0.001953
1 0.292969 0.588867 0.007812 0.013672
0 0.284180 0.775391 0.103516 0.386719
1 0.611328 0.579102 0.003906 0.001953
1 0.341797 0.582031 0.019531 0.007812
1 0.316406 0.591797 0.023438 0.027344
1 0.104492 0.583984 0.005859 0.011719
1 0.882812 0.583008 0.015625 0.013672
1 0.364258 0.577148 0.001953 0.001953
1 0.544922 0.576172 0.003906 0.003906
0 0.471680 0.575195 0.001953 0.001953
1 0.816406 0.575195 0.019531 0.009766
0 0.638672 0.574219 0.007812 0.007812
1 0.330078 0.573242 0.003906 0.005859
1 0.549805 0.571289 0.005859 0.005859
0 0.458984 0.574219 0.011719 0.011719
1 0.303711 0.572266 0.009766 0.007812
1 0.135742 0.576172 0.009766 0.015625
1 0.598633 0.573242 0.021484 0.017578
1 0.760742 0.563477 0.001953 0.001953
0 0.476562 0.564453 0.015625 0.003906
1 0.354492 0.568359 0.017578 0.011719
1 0.090820 0.563477 0.001953 0.001953
1 0.085938 0.598633 0.062500 0.072266
1 0.117188 0.565430 0.007812 0.009766
1 0.240234 0.568359 0.011719 0.019531
1 0.846680 0.557617 0.001953 0.001953
0 0.458008 0.559570 0.009766 0.009766
1 0.385742 0.560547 0.033203 0.011719
1 0.269531 0.564453 0.031250 0.019531
1 0.166016 0.584961 0.019531 0.060547
0 0.473633 0.609375 0.119141 0.113281
0 0.389648 0.638672 0.072266 0.171875
1 0.858398 0.567383 0.029297 0.033203
1 0.242188 0.553711 0.003906 0.005859
1 0.296875 0.555664 0.007812 0.013672
1 0.051758 0.556641 0.009766 0.015625
1 0.560547 0.549805 0.003906 0.005859
1 0.548828 0.555664 0.011719 0.017578
1 0.799805 0.552734 0.017578 0.015625
1 0.985352 0.548828 0.013672 0.011719
1 0.538086 0.546875 0.009766 0.007812
1 0.315430 0.545898 0.005859 0.005859
1 0.184570 0.545898 0.005859 0.005859
1 0.515625 0.546875 0.019531 0.011719
1 0.386719 0.541992 0.003906 0.001953
1 0.218750 0.569336 0.027344 0.056641
1 0.171875 0.546875 0.007812 0.011719
1 0.103516 0.556641 0.015625 0.031250
1 0.777344 0.554688 0.015625 0.031250
1 0.365234 0.545898 0.011719 0.013672
1 0.328125 0.543945 0.003906 0.009766
1 0.038086 0.546875 0.009766 0.015625
0 0.595703 0.541016 0.011719 0.007812
1 0.478516 0.539062 0.007812 0.003906
1 0.461914 0.538086 0.001953 0.001953
1 0.368164 0.540039 0.005859 0.005859
1 0.245117 0.536133 0.001953 0.001953
0 0.643555 0.541016 0.005859 0.015625
1 0.129883 0.552734 0.029297 0.039062
1 0.028320 0.550781 0.013672 0.035156
1 0.806641 0.537109 0.015625 0.011719
0 0.746094 0.537109 0.007812 0.011719
1 0.517578 0.535156 0.003906 0.007812
1 0.378906 0.535156 0.003906 0.007812
1 0.253906 0.535156 0.007812 0.007812
1 0.079102 0.543945 0.017578 0.025391
1 0.193359 0.531250 0.003906 0.003906
1 0.583984 0.532227 0.007812 0.009766
1 0.538086 0.532227 0.013672 0.009766
1 0.495117 0.533203 0.013672 0.011719
1 0.795898 0.528320 0.005859 0.005859
1 0.319336 0.531250 0.005859 0.011719
0 0.724609 0.558594 0.039062 0.070312
1 0.068359 0.529297 0.011719 0.011719
1 0.299805 0.528320 0.009766 0.013672
1 0.278320 0.522461 0.001953 0.001953
1 0.229492 0.535156 0.021484 0.027344
1 0.008789 0.538086 0.017578 0.033203
1 0.992188 0.523438 0.007812 0.007812
1 0.937500 0.591797 0.125000 0.144531
1 0.959961 0.531250 0.029297 0.027344
1 0.168945 0.527344 0.009766 0.019531
1 0.989258 0.516602 0.001953 0.001953
1 0.971680 0.516602 0.001953 0.001953
1 0.291016 0.528320 0.011719 0.025391
1 0.514648 0.521484 0.005859 0.015625
1 0.432617 0.517578 0.005859 0.007812
1 0.275391 0.516602 0.003906 0.005859
1 0.813477 0.513672 0.001953 0.003906
0 0.755859 0.511719 0.003906 0.007812
1 0.354492 0.508789 0.001953 0.001953
1 0.300781 0.515625 0.015625 0.015625
1 0.965820 0.509766 0.009766 0.007812
1 0.523438 0.510742 0.007812 0.009766
1 0.387695 0.510742 0.009766 0.009766
1 0.040039 0.514648 0.021484 0.017578
0 0.866211 0.529297 0.060547 0.050781
1 0.980469 0.507812 0.011719 0.011719
1 0.101562 0.510742 0.007812 0.017578
1 0.406250 0.510742 0.023438 0.021484
1 0.068359 0.501953 0.003906 0.003906
0 0.004883 0.510742 0.009766 0.021484
1 0.956055 0.499023 0.001953 0.001953
0 0.619141 0.501953 0.011719 0.007812
1 0.178711 0.503906 0.009766 0.011719
1 0.112305 0.501953 0.001953 0.007812
1 0.650391 0.510742 0.007812 0.029297
1 0.624023 0.495117 0.001953 0.001953
1 0.547852 0.493164 0.001953 0.001953
1 0.508789 0.494141 0.001953 0.003906
0 0.764648 0.502930 0.013672 0.025391
1 0.653320 0.492188 0.001953 0.003906
1 0.487305 0.493164 0.009766 0.009766
1 0.131836 0.494141 0.005859 0.011719
1 0.066406 0.493164 0.003906 0.009766
0 0.613281 0.526367 0.066406 0.080078
1 0.410156 0.491211 0.003906 0.009766
1 0.170898 0.487305 0.001953 0.001953
0 0.460938 0.502930 0.050781 0.037109
1 0.372070 0.496094 0.017578 0.023438
1 0.539062 0.484375 0.003906 0.003906
1 0.349609 0.487305 0.007812 0.009766
1 0.138672 0.504883 0.019531 0.044922
1 0.056641 0.488281 0.003906 0.011719
1 0.626953 0.485352 0.007812 0.009766
1 0.257812 0.516602 0.035156 0.072266
1 0.961914 0.483398 0.005859 0.009766
1 0.637695 0.482422 0.005859 0.007812
1 0.456055 0.481445 0.009766 0.005859
1 0.428711 0.488281 0.009766 0.019531
1 0.713867 0.474609 0.005859 0.003906
1 0.946289 0.482422 0.017578 0.023438
1 0.586914 0.471680 0.001953 0.001953
1 0.145508 0.473633 0.005859 0.005859
0 0.854492 0.468750 0.001953 0.003906
0 0.890625 0.482422 0.093750 0.035156
1 0.633789 0.465820 0.001953 0.001953
1 0.431641 0.470703 0.019531 0.011719
1 0.975586 0.469727 0.009766 0.013672
1 0.802734 0.471680 0.007812 0.017578
1 0.444336 0.463867 0.001953 0.001953
1 0.350586 0.473633 0.021484 0.021484
1 0.139648 0.463867 0.001953 0.001953
0 0.891602 0.461914 0.001953 0.001953
0 0.861328 0.474609 0.019531 0.027344
0 0.843750 0.461914 0.003906 0.001953
1 0.661133 0.473633 0.009766 0.025391
1 0.486328 0.462891 0.003906 0.003906
1 0.440430 0.461914 0.001953 0.001953
1 0.421875 0.461914 0.003906 0.001953
1 0.833008 0.476562 0.009766 0.035156
0 0.679688 0.534180 0.074219 0.150391
1 0.629883 0.459961 0.001953 0.001953
1 0.261719 0.464844 0.003906 0.011719
1 0.169922 0.469727 0.007812 0.021484
0 0.749023 0.458008 0.001953 0.001953
1 0.233398 0.478516 0.009766 0.042969
1 0.204102 0.458984 0.005859 0.007812
1 0.190430 0.460938 0.009766 0.011719
1 0.720703 0.455078 0.011719 0.003906
1 0.242188 0.469727 0.007812 0.033203
1 0.150391 0.456055 0.003906 0.005859
1 0.803711 0.453125 0.001953 0.003906
1 0.666016 0.454102 0.003906 0.005859
1 0.413086 0.454102 0.005859 0.005859
1 0.215820 0.456055 0.009766 0.009766
1 0.059570 0.464844 0.017578 0.027344
1 0.049805 0.452148 0.001953 0.001953
1 0.086914 0.470703 0.025391 0.042969
0 0.846680 0.449219 0.009766 0.003906
1 0.636719 0.454102 0.007812 0.013672
1 0.461914 0.446289 0.001953 0.001953
1 0.117188 0.447266 0.003906 0.003906
1 0.100586 0.447266 0.001953 0.003906
1 0.681641 0.456055 0.019531 0.025391
1 0.147461 0.444336 0.001953 0.001953
0 0.994141 0.447266 0.011719 0.011719
0 0.846680 0.443359 0.001953 0.003906
1 0.466797 0.443359 0.003906 0.003906
1 0.103516 0.443359 0.003906 0.003906
1 0.089844 0.443359 0.003906 0.007812
1 0.108398 0.438477 0.001953 0.001953
0 0.862305 0.436523 0.001953 0.001953
0 0.848633 0.434570 0.001953 0.001953
1 0.678711 0.439453 0.009766 0.011719
1 0.120117 0.437500 0.005859 0.011719
0 0.758789 0.473633 0.060547 0.087891
1 0.628906 0.436523 0.007812 0.013672
0 0.551758 0.456055 0.041016 0.056641
1 0.791992 0.426758 0.001953 0.001953
1 0.291016 0.462891 0.039062 0.074219
1 0.120117 0.455078 0.052734 0.058594
0 0.543945 0.424805 0.001953 0.001953
1 0.406250 0.426758 0.015625 0.005859
1 0.364258 0.454102 0.041016 0.064453
1 0.172852 0.446289 0.009766 0.048828
1 0.103516 0.427734 0.011719 0.011719
1 0.553711 0.427734 0.013672 0.015625
1 0.185547 0.423828 0.007812 0.007812
1 0.144531 0.424805 0.011719 0.009766
1 0.040039 0.423828 0.009766 0.007812
0 0.852539 0.424805 0.009766 0.013672
1 0.439453 0.434570 0.039062 0.037109
1 0.221680 0.424805 0.005859 0.017578
1 0.212891 0.424805 0.007812 0.017578
1 0.852539 0.415039 0.001953 0.001953
0 0.499023 0.423828 0.005859 0.019531
0 0.014648 0.415039 0.001953 0.001953
0 0.875000 0.416016 0.003906 0.007812
1 0.758789 0.413086 0.001953 0.001953
1 0.488281 0.417969 0.011719 0.011719
1 0.315430 0.413086 0.001953 0.001953
1 0.728516 0.424805 0.015625 0.029297
1 0.596680 0.442383 0.017578 0.064453
1 0.764648 0.410156 0.005859 0.003906
1 0.145508 0.409180 0.005859 0.005859
1 0.703125 0.412109 0.011719 0.015625
0 0.522461 0.425781 0.029297 0.042969
1 0.493164 0.405273 0.001953 0.001953
1 0.367188 0.408203 0.007812 0.007812
0 0.888672 0.410156 0.007812 0.015625
0 0.497070 0.403320 0.001953 0.001953
1 0.332031 0.408203 0.015625 0.011719
1 0.281250 0.408203 0.011719 0.011719
1 0.170898 0.403320 0.001953 0.001953
1 0.054688 0.407227 0.011719 0.009766
1 0.112305 0.407227 0.021484 0.013672
1 0.717773 0.399414 0.001953 0.001953
1 0.708984 0.400391 0.003906 0.003906
1 0.428711 0.400391 0.001953 0.003906
1 0.311523 0.400391 0.001953 0.003906
0 0.969727 0.399414 0.017578 0.005859
0 0.621094 0.411133 0.027344 0.029297
1 0.147461 0.399414 0.009766 0.005859
1 0.704102 0.395508 0.001953 0.001953
1 0.457031 0.400391 0.011719 0.011719
1 0.401367 0.407227 0.029297 0.025391
1 0.217773 0.404297 0.009766 0.019531
1 0.056641 0.397461 0.003906 0.005859
1 0.597656 0.393555 0.003906 0.001953
1 0.466797 0.395508 0.007812 0.005859
1 0.344727 0.396484 0.005859 0.007812
1 0.767578 0.422852 0.039062 0.064453
1 0.381836 0.393555 0.005859 0.005859
1 0.360352 0.396484 0.013672 0.011719
1 0.171875 0.394531 0.003906 0.007812
1 0.689453 0.408203 0.019531 0.039062
0 0.979492 0.387695 0.001953 0.001953
1 0.603516 0.387695 0.003906 0.001953
1 0.488281 0.397461 0.019531 0.021484
1 0.320312 0.390625 0.007812 0.007812
1 0.698242 0.385742 0.001953 0.001953
1 0.376953 0.386719 0.003906 0.003906
0 0.049805 0.386719 0.013672 0.007812
0 0.898438 0.420898 0.062500 0.080078
0 0.021484 0.431641 0.042969 0.101562
1 0.883789 0.380859 0.001953 0.003906
1 0.188477 0.398438 0.005859 0.039062
1 0.411133 0.375977 0.001953 0.001953
0 0.990234 0.375977 0.007812 0.005859
1 0.867188 0.388672 0.019531 0.031250
1 0.756836 0.390625 0.041016 0.035156
1 0.490234 0.378906 0.007812 0.011719
0 0.976562 0.381836 0.015625 0.021484
1 0.875977 0.372070 0.001953 0.001953
1 0.872070 0.372070 0.001953 0.001953
1 0.728516 0.375000 0.007812 0.007812
0 0.526367 0.386719 0.033203 0.031250
1 0.461914 0.374023 0.009766 0.005859
1 0.399414 0.373047 0.009766 0.003906
1 0.338867 0.372070 0.001953 0.001953
1 0.566406 0.387695 0.031250 0.037109
1 0.842773 0.389648 0.041016 0.044922
0 0.824219 0.379883 0.015625 0.025391
1 0.550781 0.368164 0.003906 0.001953
0 0.537109 0.376953 0.019531 0.019531
1 0.182617 0.368164 0.001953 0.001953
1 0.219727 0.366211 0.001953 0.001953
1 0.854492 0.364258 0.001953 0.001953
1 0.551758 0.362305 0.001953 0.001953
1 0.680664 0.401367 0.029297 0.083984
1 0.483398 0.366211 0.005859 0.013672
1 0.866211 0.361328 0.005859 0.007812
1 0.843750 0.361328 0.003906 0.007812
1 0.477539 0.359375 0.001953 0.003906
1 0.860352 0.359375 0.005859 0.007812
1 0.097656 0.361328 0.023438 0.015625
1 0.821289 0.356445 0.013672 0.009766
1 0.370117 0.364258 0.037109 0.025391
0 0.647461 0.353516 0.009766 0.011719
1 0.319336 0.361328 0.025391 0.027344
1 0.849609 0.347656 0.003906 0.003906
1 0.815430 0.346680 0.001953 0.001953
1 0.583984 0.352539 0.007812 0.013672
1 0.165039 0.348633 0.001953 0.005859
1 0.702148 0.344727 0.001953 0.001953
1 0.696289 0.347656 0.005859 0.007812
1 0.458984 0.342773 0.003906 0.001953
1 0.450195 0.343750 0.009766 0.003906
1 0.437500 0.342773 0.003906 0.001953
1 0.164062 0.342773 0.003906 0.001953
1 0.077148 0.343750 0.005859 0.003906
1 0.125000 0.367188 0.097656 0.058594
1 0.825195 0.337891 0.005859 0.003906
0 0.838867 0.348633 0.013672 0.029297
0 0.278320 0.376953 0.052734 0.085938
0 0.059570 0.349609 0.048828 0.031250
0 0.996094 0.336914 0.007812 0.009766
1 0.471680 0.343750 0.017578 0.023438
1 0.172852 0.347656 0.009766 0.035156
1 0.575195 0.335938 0.017578 0.015625
0 0.291992 0.331055 0.005859 0.005859
1 0.071289 0.329102 0.001953 0.001953
1 0.768555 0.354492 0.033203 0.056641
1 0.128906 0.328125 0.003906 0.003906
1 0.191406 0.340820 0.011719 0.033203
1 0.032227 0.325195 0.001953 0.001953
0 0.833008 0.328125 0.009766 0.011719
1 0.584961 0.324219 0.005859 0.003906
1 0.883789 0.323242 0.005859 0.005859
0 0.707031 0.325195 0.011719 0.009766
1 0.468750 0.321289 0.007812 0.005859
0 0.711914 0.317383 0.001953 0.001953
1 0.610352 0.318359 0.001953 0.003906
1 0.602539 0.328125 0.009766 0.023438
0 0.293945 0.320312 0.005859 0.007812
0 0.949219 0.315430 0.003906 0.005859
1 0.663086 0.315430 0.005859 0.005859
0 0.626953 0.354492 0.046875 0.083984
1 0.614258 0.314453 0.001953 0.003906
1 0.131836 0.314453 0.001953 0.003906
1 0.876953 0.313477 0.007812 0.005859
0 0.843750 0.323242 0.011719 0.025391
1 0.187500 0.317383 0.003906 0.013672
0 0.998047 0.310547 0.003906 0.003906
1 0.641602 0.311523 0.005859 0.005859
1 0.526367 0.316406 0.013672 0.015625
0 0.233398 0.333984 0.025391 0.050781
1 0.149414 0.310547 0.005859 0.003906
0 0.037109 0.360352 0.074219 0.107422
0 0.919922 0.334961 0.054688 0.060547
1 0.645508 0.305664 0.001953 0.001953
1 0.465820 0.310547 0.005859 0.011719
1 0.170898 0.307617 0.013672 0.005859
1 0.067383 0.322266 0.056641 0.035156
0 0.945312 0.303711 0.003906 0.001953
1 0.006836 0.303711 0.001953 0.001953
1 0.486328 0.302734 0.007812 0.003906
1 0.116211 0.303711 0.005859 0.005859
1 0.029297 0.304688 0.015625 0.007812
1 0.201172 0.300781 0.007812 0.003906
1 0.085938 0.305664 0.015625 0.013672
1 0.886719 0.301758 0.007812 0.009766
1 0.693359 0.327148 0.035156 0.060547
1 0.663086 0.301758 0.013672 0.009766
1 0.151367 0.297852 0.001953 0.001953
1 0.236328 0.301758 0.015625 0.013672
1 0.131836 0.295898 0.001953 0.001953
1 0.548828 0.293945 0.007812 0.005859
1 0.088867 0.291992 0.001953 0.001953
1 0.896484 0.294922 0.015625 0.011719
1 0.540039 0.301758 0.029297 0.025391
1 0.147461 0.290039 0.001953 0.001953
1 0.673828 0.288086 0.003906 0.001953
1 0.516602 0.291016 0.005859 0.007812
1 0.569336 0.291016 0.013672 0.015625
1 0.514648 0.326172 0.052734 0.085938
1 0.044922 0.291992 0.035156 0.017578
1 0.919922 0.283203 0.003906 0.003906
1 0.890625 0.284180 0.003906 0.005859
0 0.271484 0.310547 0.039062 0.058594
1 0.123047 0.283203 0.003906 0.003906
1 0.103516 0.292969 0.023438 0.023438
0 0.866211 0.291992 0.009766 0.025391
0 0.851562 0.290039 0.015625 0.021484
1 0.614258 0.285156 0.013672 0.011719
1 0.523438 0.279297 0.003906 0.003906
1 0.688477 0.279297 0.009766 0.007812
1 0.165039 0.286133 0.017578 0.021484
1 0.112305 0.276367 0.001953 0.001953
1 0.067383 0.279297 0.017578 0.007812
1 0.010742 0.289062 0.021484 0.027344
0 0.826172 0.296875 0.027344 0.046875
1 0.658203 0.276367 0.007812 0.005859
1 0.617188 0.275391 0.003906 0.003906
1 0.602539 0.276367 0.005859 0.005859
1 0.197266 0.281250 0.007812 0.015625
1 0.079102 0.275391 0.005859 0.003906
1 0.456055 0.278320 0.009766 0.013672
1 0.256836 0.273438 0.005859 0.003906
1 0.186523 0.279297 0.005859 0.015625
1 0.143555 0.278320 0.009766 0.017578
0 0.751953 0.269531 0.003906 0.003906
1 0.635742 0.279297 0.021484 0.023438
1 0.545898 0.269531 0.005859 0.003906
1 0.527344 0.275391 0.019531 0.019531
1 0.172852 0.272461 0.017578 0.013672
0 0.838867 0.275391 0.009766 0.023438
1 0.137695 0.264648 0.001953 0.001953
0 0.968750 0.272461 0.027344 0.021484
0 0.831055 0.263672 0.001953 0.003906
1 0.667969 0.267578 0.011719 0.011719
0 0.294922 0.270508 0.023438 0.017578
1 0.126953 0.266602 0.015625 0.009766
0 0.963867 0.260742 0.001953 0.001953
1 0.535156 0.265625 0.011719 0.011719
1 0.273438 0.260742 0.007812 0.001953
1 0.233398 0.272461 0.021484 0.025391
1 0.220703 0.261719 0.003906 0.003906
1 0.644531 0.259766 0.003906 0.003906
1 0.525391 0.258789 0.003906 0.001953
1 0.202148 0.261719 0.005859 0.007812
0 0.842773 0.258789 0.001953 0.005859
1 0.191406 0.259766 0.007812 0.007812
1 0.265625 0.254883 0.003906 0.001953
1 0.254883 0.256836 0.005859 0.005859
1 0.041992 0.254883 0.001953 0.001953
0 0.820312 0.255859 0.011719 0.007812
1 0.480469 0.270508 0.035156 0.037109
1 0.458984 0.253906 0.003906 0.003906
1 0.444336 0.254883 0.005859 0.005859
0 0.955078 0.354492 0.089844 0.208984
0 0.315430 0.260742 0.033203 0.025391
1 0.060547 0.250000 0.003906 0.003906
1 0.037109 0.248047 0.003906 0.003906
1 0.350586 0.244141 0.005859 0.003906
1 0.306641 0.245117 0.003906 0.005859
0 0.831055 0.241211 0.001953 0.001953
1 0.690430 0.252930 0.009766 0.025391
1 0.595703 0.246094 0.007812 0.011719
1 0.529297 0.248047 0.019531 0.015625
0 0.410156 0.249023 0.019531 0.017578
0 0.742188 0.300781 0.062500 0.125000
1 0.499023 0.240234 0.013672 0.007812
1 0.305664 0.238281 0.001953 0.003906
1 0.190430 0.238281 0.005859 0.003906
1 0.767578 0.235352 0.003906 0.001953
0 0.826172 0.236328 0.007812 0.007812
1 0.727539 0.236328 0.009766 0.007812
1 0.079102 0.234375 0.005859 0.003906
1 0.954102 0.231445 0.001953 0.001953
0 0.861328 0.255859 0.031250 0.050781
1 0.439453 0.232422 0.003906 0.003906
1 0.152344 0.234375 0.003906 0.007812
1 0.124023 0.231445 0.001953 0.001953
1 0.086914 0.234375 0.005859 0.007812
0 0.018555 0.241211 0.021484 0.021484
1 0.114258 0.229492 0.001953 0.001953
1 0.051758 0.230469 0.001953 0.003906
1 0.666016 0.230469 0.007812 0.007812
1 0.448242 0.234375 0.009766 0.015625
1 0.047852 0.228516 0.001953 0.003906
1 0.919922 0.241211 0.050781 0.033203
1 0.769531 0.228516 0.007812 0.007812
1 0.708984 0.230469 0.007812 0.011719
1 0.641602 0.243164 0.044922 0.037109
1 0.577148 0.232422 0.021484 0.015625
1 0.442383 0.225586 0.001953 0.001953
1 0.081055 0.225586 0.001953 0.001953
1 0.283203 0.228516 0.011719 0.011719
1 0.098633 0.221680 0.001953 0.001953
0 0.987305 0.235352 0.025391 0.033203
1 0.687500 0.225586 0.007812 0.013672
1 0.649414 0.219727 0.001953 0.001953
1 0.562500 0.241211 0.031250 0.044922
1 0.478516 0.221680 0.003906 0.005859
1 0.945312 0.221680 0.003906 0.009766
1 0.629883 0.217773 0.005859 0.001953
1 0.454102 0.219727 0.005859 0.005859
1 0.331055 0.228516 0.025391 0.023438
0 0.296875 0.218750 0.003906 0.003906
0 0.999023 0.215820 0.001953 0.001953
1 0.174805 0.215820 0.001953 0.001953
1 0.558594 0.215820 0.003906 0.005859
1 0.218750 0.222656 0.023438 0.019531
1 0.519531 0.223633 0.019531 0.025391
1 0.323242 0.210938 0.009766 0.003906
1 0.124023 0.215820 0.017578 0.013672
1 0.649414 0.208984 0.001953 0.003906
0 0.617188 0.211914 0.019531 0.009766
1 0.522461 0.209961 0.005859 0.005859
1 0.236328 0.209961 0.003906 0.005859
0 0.976562 0.207031 0.003906 0.003906
0 0.368164 0.274414 0.158203 0.138672
1 0.254883 0.219727 0.025391 0.033203
1 0.173828 0.205078 0.003906 0.003906
1 0.125977 0.206055 0.005859 0.005859
1 0.108398 0.215820 0.005859 0.025391
1 0.440430 0.209961 0.017578 0.017578
0 0.382812 0.202148 0.003906 0.001953
1 0.184570 0.202148 0.001953 0.001953
1 0.161133 0.214844 0.009766 0.027344
1 0.085938 0.206055 0.003906 0.009766
0 0.048828 0.205078 0.007812 0.007812
0 0.817383 0.199219 0.005859 0.003906
0 0.333008 0.201172 0.009766 0.007812
0 0.322266 0.199219 0.003906 0.003906
1 0.104492 0.198242 0.001953 0.001953
0 0.823242 0.196289 0.001953 0.001953
1 0.547852 0.199219 0.001953 0.007812
1 0.487305 0.210938 0.044922 0.031250
1 0.086914 0.197266 0.001953 0.003906
1 0.171875 0.196289 0.003906 0.005859
1 0.129883 0.198242 0.005859 0.009766
0 0.060547 0.206055 0.011719 0.025391
1 0.707031 0.195312 0.003906 0.007812
0 0.393555 0.192383 0.001953 0.001953
1 0.282227 0.207031 0.052734 0.031250
0 0.024414 0.223633 0.048828 0.064453
0 0.833008 0.190430 0.001953 0.001953
0 0.327148 0.192383 0.009766 0.005859
1 0.744141 0.199219 0.039062 0.023438
1 0.683594 0.189453 0.007812 0.003906
1 0.441406 0.192383 0.003906 0.009766
1 0.094727 0.206055 0.013672 0.044922
0 0.018555 0.184570 0.001953 0.001953
1 0.673828 0.184570 0.007812 0.005859
0 0.600586 0.187500 0.013672 0.011719
0 0.370117 0.182617 0.001953 0.001953
0 0.295898 0.193359 0.033203 0.023438
0 0.004883 0.191406 0.009766 0.023438
1 0.747070 0.180664 0.001953 0.005859
1 0.736328 0.179688 0.003906 0.003906
0 0.353516 0.192383 0.035156 0.029297
1 0.160156 0.186523 0.007812 0.017578
0 0.603516 0.176758 0.003906 0.001953
1 0.109375 0.184570 0.011719 0.017578
1 0.431641 0.181641 0.003906 0.015625
0 0.386719 0.185547 0.027344 0.023438
1 0.726562 0.172852 0.003906 0.001953
1 0.185547 0.186523 0.015625 0.029297
0 0.958008 0.182617 0.013672 0.025391
1 0.130859 0.170898 0.007812 0.005859
1 0.324219 0.171875 0.007812 0.011719
1 0.304688 0.176758 0.019531 0.021484
1 0.201172 0.184570 0.011719 0.037109
1 0.757812 0.174805 0.023438 0.021484
1 0.467773 0.166992 0.005859 0.005859
0 0.975586 0.195312 0.048828 0.066406
1 0.507812 0.179688 0.050781 0.035156
1 0.398438 0.165039 0.023438 0.005859
1 0.159180 0.166992 0.009766 0.009766
0 0.887695 0.161133 0.001953 0.001953
1 0.106445 0.157227 0.001953 0.001953
0 0.995117 0.155273 0.001953 0.001953
1 0.207031 0.159180 0.007812 0.009766
1 0.761719 0.155273 0.007812 0.005859
1 0.396484 0.153320 0.003906 0.001953
1 0.449219 0.165039 0.023438 0.029297
1 0.371094 0.157227 0.011719 0.013672
1 0.431641 0.147461 0.003906 0.001953
1 0.163086 0.151367 0.009766 0.009766
1 0.709961 0.145508 0.001953 0.001953
1 0.596680 0.145508 0.001953 0.001953
1 0.580078 0.147461 0.003906 0.005859
1 0.008789 0.146484 0.001953 0.003906
0 0.997070 0.146484 0.005859 0.007812
0 0.250977 0.166016 0.041016 0.046875
1 0.229492 0.141602 0.001953 0.001953
1 0.416992 0.139648 0.001953 0.001953
1 0.161133 0.141602 0.001953 0.005859
0 0.037109 0.168945 0.074219 0.060547
1 0.731445 0.143555 0.017578 0.013672
1 0.430664 0.139648 0.005859 0.005859
1 0.121094 0.149414 0.023438 0.025391
0 0.035156 0.139648 0.015625 0.005859
1 0.390625 0.142578 0.015625 0.015625
1 0.159180 0.135742 0.001953 0.001953
1 0.657227 0.166992 0.060547 0.068359
1 0.451172 0.140625 0.015625 0.019531
1 0.358398 0.139648 0.033203 0.017578
1 0.317383 0.132812 0.009766 0.003906
1 0.176758 0.131836 0.001953 0.001953
1 0.169922 0.139648 0.007812 0.017578
0 0.283203 0.145508 0.050781 0.033203
0 0.271484 0.128906 0.003906 0.003906
1 0.064453 0.129883 0.007812 0.005859
1 0.753906 0.139648 0.015625 0.029297
1 0.108398 0.129883 0.005859 0.009766
1 0.569336 0.129883 0.013672 0.013672
1 0.568359 0.163086 0.101562 0.080078
1 0.379883 0.124023 0.001953 0.001953
0 0.279297 0.125000 0.003906 0.003906
1 0.225586 0.129883 0.009766 0.013672
0 0.829102 0.122070 0.001953 0.001953
1 0.598633 0.128906 0.005859 0.015625
1 0.444336 0.125977 0.005859 0.009766
1 0.431641 0.125000 0.007812 0.007812
0 0.246094 0.128906 0.015625 0.015625
1 0.214844 0.124023 0.007812 0.005859
1 0.704102 0.139648 0.029297 0.041016
0 0.831055 0.118164 0.001953 0.001953
1 0.756836 0.120117 0.009766 0.005859
1 0.621094 0.123047 0.019531 0.011719
1 0.417969 0.125977 0.011719 0.017578
1 0.396484 0.127930 0.023438 0.021484
1 0.309570 0.119141 0.001953 0.003906
1 0.035156 0.125977 0.015625 0.017578
1 0.675781 0.116211 0.003906 0.001953
1 0.636719 0.117188 0.007812 0.003906
0 0.273438 0.117188 0.003906 0.003906
1 0.190430 0.116211 0.001953 0.001953
1 0.178711 0.122070 0.017578 0.013672
0 0.950195 0.126953 0.021484 0.027344
1 0.718750 0.114258 0.003906 0.001953
1 0.510742 0.121094 0.009766 0.015625
1 0.330078 0.114258 0.003906 0.001953
1 0.160156 0.123047 0.007812 0.019531
0 0.032227 0.116211 0.005859 0.005859
0 0.838867 0.143555 0.041016 0.064453
1 0.834961 0.113281 0.001953 0.003906
1 0.336914 0.123047 0.021484 0.023438
1 0.779297 0.121094 0.007812 0.023438
1 0.492188 0.116211 0.011719 0.013672
1 0.396484 0.111328 0.003906 0.003906
0 0.245117 0.110352 0.001953 0.001953
1 0.843750 0.111328 0.003906 0.007812
1 0.858398 0.106445 0.001953 0.001953
1 0.674805 0.106445 0.001953 0.001953
1 0.131836 0.106445 0.001953 0.001953
0 0.036133 0.107422 0.001953 0.003906
1 0.571289 0.112305 0.013672 0.017578
1 0.404297 0.107422 0.007812 0.007812
1 0.166992 0.106445 0.013672 0.005859
1 0.149414 0.104492 0.001953 0.001953
1 0.117188 0.112305 0.019531 0.017578
1 0.864258 0.102539 0.001953 0.001953
1 0.781250 0.104492 0.003906 0.005859
1 0.607422 0.105469 0.019531 0.007812
1 0.418945 0.109375 0.017578 0.015625
1 0.625977 0.103516 0.005859 0.007812
1 0.223633 0.104492 0.013672 0.009766
1 0.138672 0.101562 0.015625 0.003906
1 0.122070 0.101562 0.005859 0.003906
0 0.793945 0.098633 0.001953 0.001953
1 0.351562 0.099609 0.003906 0.003906
1 0.739258 0.097656 0.001953 0.003906
1 0.725586 0.101562 0.009766 0.011719
1 0.673828 0.099609 0.007812 0.007812
1 0.514648 0.097656 0.001953 0.003906
1 0.332031 0.098633 0.011719 0.005859
1 0.114258 0.096680 0.001953 0.001953
1 0.848633 0.096680 0.001953 0.005859
1 0.160156 0.095703 0.007812 0.003906
1 0.109375 0.094727 0.003906 0.001953
1 0.496094 0.093750 0.003906 0.003906
0 0.283203 0.093750 0.003906 0.007812
1 0.100586 0.092773 0.009766 0.005859
1 0.786133 0.092773 0.005859 0.009766
1 0.085938 0.089844 0.003906 0.003906
1 0.802734 0.088867 0.003906 0.005859
1 0.376953 0.087891 0.003906 0.007812
0 0.984375 0.085938 0.007812 0.007812
1 0.752930 0.099609 0.009766 0.035156
1 0.726562 0.085938 0.011719 0.007812
1 0.531250 0.100586 0.023438 0.037109
1 0.450195 0.090820 0.025391 0.017578
1 0.127930 0.085938 0.005859 0.007812
0 0.993164 0.089844 0.013672 0.019531
1 0.684570 0.086914 0.009766 0.013672
1 0.512695 0.083984 0.005859 0.007812
1 0.336914 0.084961 0.009766 0.009766
1 0.117188 0.083984 0.007812 0.007812
1 0.002930 0.099609 0.005859 0.039062
1 0.738281 0.081055 0.003906 0.005859
1 0.476562 0.094727 0.015625 0.033203
1 0.447266 0.081055 0.007812 0.005859
1 0.435547 0.078125 0.003906 0.003906
1 0.807617 0.125000 0.056641 0.101562
0 0.977539 0.076172 0.005859 0.007812
1 0.725586 0.075195 0.005859 0.005859
1 0.489258 0.076172 0.009766 0.007812
1 0.849609 0.073242 0.003906 0.005859
1 0.752930 0.072266 0.001953 0.003906
1 0.658203 0.083008 0.035156 0.025391
1 0.500000 0.071289 0.003906 0.001953
1 0.799805 0.069336 0.001953 0.001953
1 0.337891 0.072266 0.023438 0.007812
1 0.119141 0.072266 0.015625 0.007812
1 0.805664 0.076172 0.025391 0.019531
1 0.752930 0.067383 0.001953 0.001953
1 0.818359 0.065430 0.003906 0.001953
1 0.791016 0.073242 0.007812 0.017578
1 0.485352 0.064453 0.005859 0.003906
1 0.387695 0.071289 0.013672 0.017578
1 0.420898 0.063477 0.009766 0.005859
1 0.932617 0.059570 0.001953 0.001953
1 0.848633 0.059570 0.001953 0.001953
1 0.808594 0.060547 0.007812 0.007812
1 0.628906 0.061523 0.019531 0.009766
1 0.526367 0.060547 0.009766 0.007812
1 0.167969 0.076172 0.019531 0.039062
1 0.878906 0.058594 0.003906 0.007812
1 0.467773 0.063477 0.013672 0.017578
1 0.337891 0.057617 0.011719 0.005859
1 0.809570 0.053711 0.001953 0.001953
1 0.805664 0.053711 0.001953 0.001953
1 0.765625 0.056641 0.003906 0.007812
1 0.538086 0.061523 0.009766 0.017578
1 0.516602 0.056641 0.005859 0.007812
1 0.410156 0.054688 0.003906 0.003906
1 0.797852 0.055664 0.009766 0.009766
1 0.788086 0.054688 0.001953 0.007812
1 0.737305 0.054688 0.009766 0.007812
1 0.430664 0.054688 0.009766 0.007812
1 0.194336 0.055664 0.009766 0.009766
0 0.995117 0.051758 0.009766 0.005859
1 0.454102 0.049805 0.001953 0.001953
1 0.790039 0.047852 0.001953 0.001953
0 0.576172 0.074219 0.062500 0.054688
1 0.840820 0.049805 0.005859 0.009766
1 0.454102 0.045898 0.001953 0.001953
0 0.253906 0.076172 0.023438 0.062500
0 0.250977 0.045898 0.001953 0.001953
1 0.828125 0.052734 0.011719 0.019531
1 0.868164 0.044922 0.009766 0.007812
1 0.785156 0.043945 0.003906 0.005859
1 0.067383 0.044922 0.009766 0.007812
0 0.055664 0.081055 0.044922 0.080078
1 0.028320 0.042969 0.001953 0.003906
1 0.557617 0.047852 0.021484 0.021484
1 0.429688 0.040039 0.007812 0.009766
1 0.895508 0.035156 0.001953 0.003906
1 0.764648 0.034180 0.001953 0.001953
1 0.731445 0.038086 0.009766 0.009766
0 0.199219 0.035156 0.007812 0.007812
1 0.895508 0.030273 0.001953 0.001953
1 0.838867 0.035156 0.005859 0.011719
1 0.802734 0.039062 0.015625 0.019531
1 0.704102 0.030273 0.001953 0.001953
1 0.557617 0.030273 0.001953 0.001953
1 0.528320 0.033203 0.005859 0.007812
1 0.503906 0.041992 0.007812 0.025391
1 0.386719 0.037109 0.007812 0.015625
1 0.317383 0.034180 0.009766 0.009766
0 0.279297 0.075195 0.058594 0.091797
1 0.415039 0.028320 0.005859 0.001953
1 0.317383 0.028320 0.001953 0.001953
1 0.206055 0.028320 0.001953 0.001953
1 0.074219 0.029297 0.003906 0.003906
1 0.327148 0.033203 0.005859 0.015625
1 0.900391 0.061523 0.070312 0.076172
1 0.645508 0.024414 0.001953 0.001953
1 0.410156 0.037109 0.031250 0.027344
1 0.856445 0.033203 0.025391 0.023438
1 0.648438 0.026367 0.003906 0.009766
1 0.586914 0.020508 0.001953 0.001953
0 0.176758 0.020508 0.001953 0.001953
1 0.121094 0.041992 0.023438 0.044922
1 0.338867 0.019531 0.001953 0.003906
0 0.294922 0.022461 0.003906 0.009766
1 0.434570 0.016602 0.001953 0.001953
0 0.176758 0.016602 0.001953 0.001953
0 0.166992 0.037109 0.017578 0.042969
1 0.769531 0.014648 0.003906 0.001953
1 0.741211 0.020508 0.009766 0.013672
1 0.612305 0.016602 0.013672 0.005859
1 0.445312 0.018555 0.019531 0.009766
0 0.291016 0.014648 0.011719 0.001953
1 0.821289 0.012695 0.001953 0.001953
1 0.689453 0.047852 0.074219 0.072266
1 0.642578 0.016602 0.003906 0.009766
1 0.381836 0.020508 0.017578 0.017578
1 0.591797 0.010742 0.003906 0.001953
1 0.077148 0.017578 0.009766 0.015625
1 0.786133 0.008789 0.001953 0.001953
1 0.597656 0.016602 0.015625 0.017578
1 0.469727 0.010742 0.017578 0.009766
1 0.444336 0.007812 0.001953 0.003906
1 0.743164 0.008789 0.005859 0.009766
0 0.182617 0.008789 0.013672 0.009766
1 0.062500 0.003906 0.003906 0.003906
0 0.020508 0.041016 0.041016 0.078125
0 0.894531 0.169922 0.210938 0.339844
1 0.946289 0.010742 0.017578 0.021484
1 0.887695 0.001953 0.001953 0.003906
0 0.876953 0.001953 0.003906 0.003906
0 0.867188 0.001953 0.011719 0.003906
0 0.856445 0.000977 0.001953 0.001953
0 0.852539 0.001953 0.001953 0.003906
0 0.852539 0.011719 0.068359 0.023438
1 0.791992 0.000977 0.005859 0.001953
1 0.754883 0.031250 0.013672 0.062500
1 0.704102 0.000977 0.001953 0.001953
0 0.680664 0.001953 0.013672 0.003906
0 0.661133 0.004883 0.017578 0.009766
0 0.645508 0.004883 0.009766 0.009766
0 0.627930 0.008789 0.013672 0.017578
1 0.608398 0.003906 0.021484 0.007812
0 0.583008 0.004883 0.021484 0.009766
0 0.558594 0.001953 0.011719 0.003906
0 0.537109 0.000977 0.007812 0.001953
1 0.507812 0.000977 0.003906 0.001953
1 0.490234 0.001953 0.027344 0.003906
1 0.429688 0.005859 0.015625 0.011719
1 0.376953 0.002930 0.011719 0.005859
0 0.311523 0.007812 0.013672 0.015625
0 0.293945 0.002930 0.013672 0.005859
0 0.255859 0.021484 0.050781 0.042969
0 0.193359 0.028320 0.027344 0.056641
1 0.119141 0.008789 0.011719 0.017578
0 0.006836 0.003906 0.005859 0.007812
3 0.751953 0.999023 0.003906 0.001953
3 0.526367 0.999023 0.001953 0.001953
2 0.999023 0.998047 0.001953 0.003906
2 0.811523 0.998047 0.001953 0.003906
2 0.765625 0.992188 0.003906 0.003906
2 0.760742 0.995117 0.013672 0.009766
2 0.775391 0.993164 0.011719 0.013672
3 0.745117 0.987305 0.001953 0.001953
2 0.198242 0.992188 0.005859 0.015625
2 0.951172 0.986328 0.019531 0.007812
3 0.758789 0.982422 0.005859 0.007812
2 0.826172 0.981445 0.007812 0.009766
2 0.623047 0.981445 0.007812 0.009766
2 0.002930 0.988281 0.005859 0.023438
2 0.996094 0.984375 0.007812 0.019531
3 0.751953 0.978516 0.007812 0.007812
2 0.045898 0.976562 0.001953 0.003906
2 0.982422 0.980469 0.015625 0.015625
2 0.954102 0.971680 0.001953 0.001953
2 0.991211 0.970703 0.005859 0.007812
2 0.999023 0.966797 0.001953 0.007812
2 0.000977 0.961914 0.001953 0.021484
3 0.975586 0.927734 0.001953 0.003906
2 0.012695 0.933594 0.025391 0.039062
2 0.000977 0.829102 0.001953 0.001953
2 0.001953 0.815430 0.003906 0.021484
2 0.009766 0.805664 0.003906 0.009766
3 0.985352 0.752930 0.001953 0.001953
2 0.006836 0.752930 0.013672 0.021484
2 0.994141 0.643555 0.011719 0.013672
3 0.950195 0.631836 0.001953 0.001953
3 0.954102 0.610352 0.001953 0.001953
3 0.923828 0.598633 0.003906 0.001953
3 0.938477 0.581055 0.001953 0.001953
3 0.948242 0.582031 0.009766 0.007812
2 0.925781 0.562500 0.007812 0.007812
2 0.902344 0.559570 0.007812 0.005859
3 0.937500 0.566406 0.023438 0.023438
3 0.936523 0.553711 0.001953 0.001953
3 0.926758 0.537109 0.005859 0.007812
3 0.934570 0.530273 0.001953 0.001953
2 0.004883 0.402344 0.009766 0.023438
2 0.045898 0.362305 0.001953 0.001953
2 0.975586 0.344727 0.005859 0.009766
2 0.960938 0.342773 0.007812 0.009766
3 0.007812 0.334961 0.003906 0.001953
3 0.002930 0.332031 0.005859 0.003906
3 0.002930 0.327148 0.001953 0.001953
2 0.971680 0.326172 0.009766 0.011719
2 0.990234 0.322266 0.019531 0.050781
2 0.988281 0.286133 0.007812 0.013672
2 0.998047 0.279297 0.003906 0.007812
2 0.991211 0.244141 0.005859 0.007812
2 0.991211 0.237305 0.001953 0.001953
2 0.000977 0.235352 0.001953 0.001953
2 0.999023 0.225586 0.001953 0.001953
2 0.860352 0.166992 0.001953 0.001953
2 0.917969 0.163086 0.007812 0.005859
2 0.958008 0.155273 0.001953 0.001953
2 0.906250 0.131836 0.003906 0.001953
2 0.948242 0.071289 0.001953 0.001953
2 0.936523 0.073242 0.025391 0.021484
2 0.948242 0.059570 0.001953 0.001953
2 0.958008 0.051758 0.001953 0.005859
2 0.965820 0.057617 0.009766 0.021484
2 0.000977 0.050781 0.001953 0.019531
2 0.005859 0.031250 0.003906 0.007812
2 0.986328 0.041992 0.027344 0.037109
2 0.260742 0.020508 0.001953 0.001953
2 0.250000 0.023438 0.007812 0.007812
2 0.253906 0.008789 0.019531 0.017578
2 0.238281 0.001953 0.007812 0.003906
3 0.500000 0.500000 1.000000 1.000000