0 0.965820 0.998047 0.005859 0.003906
0 0.881836 0.997070 0.001953 0.001953
1 0.047852 0.998047 0.001953 0.003906
0 0.915039 0.995117 0.001953 0.001953
0 0.855469 0.996094 0.007812 0.007812
0 0.003906 0.995117 0.007812 0.009766
0 0.873047 0.994141 0.011719 0.011719
0 0.958008 0.993164 0.005859 0.013672
1 0.847656 0.989258 0.007812 0.009766
1 0.848633 0.981445 0.001953 0.001953
1 0.842773 0.981445 0.001953 0.001953
1 0.819336 0.981445 0.005859 0.001953
1 0.857422 0.982422 0.007812 0.007812
0 0.031250 0.979492 0.003906 0.001953
1 0.541016 0.988281 0.011719 0.023438
0 0.042969 0.980469 0.011719 0.007812
1 0.819336 0.973633 0.001953 0.001953
0 0.004883 0.977539 0.009766 0.009766
0 0.863281 0.972656 0.003906 0.003906
1 0.812500 0.971680 0.007812 0.009766
0 0.999023 0.966797 0.001953 0.003906
1 0.816406 0.966797 0.003906 0.007812
0 0.999023 0.961914 0.001953 0.001953
1 0.735352 0.961914 0.001953 0.001953
1 0.631836 0.961914 0.001953 0.001953
0 0.023438 0.964844 0.035156 0.015625
0 0.001953 0.959961 0.003906 0.005859
1 0.872070 0.956055 0.001953 0.001953
1 0.793945 0.956055 0.001953 0.001953
1 0.613281 0.940430 0.015625 0.005859
0 0.889648 0.952148 0.029297 0.037109
0 0.917969 0.943359 0.019531 0.027344
0 0.995117 0.928711 0.001953 0.001953
0 0.956055 0.962891 0.076172 0.074219
0 0.597656 0.929688 0.007812 0.015625
1 0.913086 0.917969 0.005859 0.003906
1 0.887695 0.903320 0.001953 0.001953
0 0.987305 0.907227 0.005859 0.017578
1 0.887695 0.899414 0.001953 0.001953
0 0.999023 0.905273 0.001953 0.017578
1 0.575195 0.895508 0.001953 0.001953
1 0.765625 0.894531 0.007812 0.003906
0 0.615234 0.910156 0.035156 0.035156
0 0.625977 0.889648 0.001953 0.001953
1 0.725586 0.885742 0.001953 0.001953
1 0.768555 0.881836 0.001953 0.001953
0 0.625977 0.883789 0.001953 0.005859
1 0.743164 0.879883 0.001953 0.001953
1 0.511719 0.876953 0.011719 0.003906
1 0.881836 0.870117 0.001953 0.001953
1 0.538086 0.872070 0.001953 0.005859
1 0.878906 0.866211 0.003906 0.001953
1 0.698242 0.920898 0.134766 0.130859
1 0.854492 0.852539 0.001953 0.001953
1 0.577148 0.850586 0.001953 0.001953
1 0.745117 0.848633 0.001953 0.001953
1 0.016602 0.848633 0.001953 0.001953
1 0.750000 0.849609 0.003906 0.007812
1 0.557617 0.855469 0.033203 0.019531
1 0.541992 0.846680 0.001953 0.001953
1 0.071289 0.860352 0.048828 0.033203
0 0.016602 0.844727 0.001953 0.001953
0 0.642578 0.861328 0.031250 0.039062
1 0.353516 0.865234 0.046875 0.046875
0 0.792969 0.850586 0.019531 0.021484
1 0.973633 0.843750 0.009766 0.011719
1 0.762695 0.838867 0.005859 0.005859
0 0.632812 0.847656 0.011719 0.027344
1 0.594727 0.834961 0.001953 0.001953
1 0.805664 0.833008 0.009766 0.005859
1 0.768555 0.848633 0.029297 0.037109
1 0.532227 0.831055 0.001953 0.001953
1 0.529297 0.827148 0.003906 0.001953
0 0.117188 0.836914 0.019531 0.025391
1 0.898438 0.824219 0.003906 0.007812
1 0.630859 0.823242 0.015625 0.017578
1 0.905273 0.813477 0.001953 0.001953
1 0.944336 0.811523 0.001953 0.001953
1 0.797852 0.820312 0.025391 0.019531
1 0.950195 0.818359 0.009766 0.019531
1 0.483398 0.813477 0.005859 0.009766
1 0.801758 0.807617 0.001953 0.001953
1 0.371094 0.805664 0.003906 0.001953
1 0.800781 0.797852 0.003906 0.001953
0 0.299805 0.797852 0.001953 0.001953
0 0.297852 0.793945 0.001953 0.001953
0 0.899414 0.788086 0.001953 0.001953
0 0.300781 0.789062 0.003906 0.003906
1 0.897461 0.784180 0.001953 0.001953
0 0.019531 0.812500 0.039062 0.062500
0 0.047852 0.774414 0.001953 0.005859
0 0.314453 0.780273 0.023438 0.021484
1 0.979492 0.771484 0.005859 0.011719
1 0.083008 0.764648 0.001953 0.001953
1 0.078125 0.785156 0.019531 0.042969
0 0.998047 0.765625 0.003906 0.011719
0 0.015625 0.769531 0.031250 0.027344
1 0.639648 0.750977 0.001953 0.001953
1 0.834961 0.750977 0.005859 0.005859
1 0.635742 0.749023 0.001953 0.001953
1 0.069336 0.747070 0.001953 0.001953
1 0.838867 0.745117 0.001953 0.001953
0 0.350586 0.750000 0.013672 0.011719
0 0.036133 0.745117 0.001953 0.001953
0 0.361328 0.742188 0.003906 0.003906
1 0.063477 0.741211 0.001953 0.001953
1 0.059570 0.758789 0.025391 0.037109
0 0.866211 0.737305 0.001953 0.001953
0 0.382812 0.766602 0.062500 0.080078
1 0.509766 0.722656 0.003906 0.003906
0 0.362305 0.727539 0.021484 0.013672
1 0.811523 0.719727 0.001953 0.001953
0 0.049805 0.720703 0.005859 0.003906
1 0.622070 0.718750 0.001953 0.003906
1 0.820312 0.716797 0.003906 0.007812
1 0.571289 0.711914 0.001953 0.001953
1 0.833008 0.711914 0.005859 0.005859
1 0.617188 0.713867 0.003906 0.013672
1 0.567383 0.708984 0.001953 0.003906
0 0.109375 0.714844 0.019531 0.019531
1 0.629883 0.711914 0.009766 0.017578
0 0.897461 0.703125 0.001953 0.003906
1 0.625977 0.702148 0.001953 0.001953
1 0.573242 0.704102 0.001953 0.005859
1 0.564453 0.706055 0.011719 0.009766
1 0.639648 0.702148 0.005859 0.005859
1 0.514648 0.706055 0.017578 0.013672
1 0.502930 0.700195 0.001953 0.001953
1 0.497070 0.700195 0.001953 0.001953
1 0.625977 0.698242 0.001953 0.001953
1 0.864258 0.692383 0.001953 0.001953
0 0.896484 0.692383 0.003906 0.005859
1 0.729492 0.690430 0.001953 0.001953
1 0.500977 0.690430 0.001953 0.001953
1 0.497070 0.691406 0.001953 0.003906
1 0.488281 0.697266 0.011719 0.015625
1 0.799805 0.688477 0.001953 0.001953
1 0.611328 0.695312 0.011719 0.015625
1 0.493164 0.686523 0.001953 0.001953
1 0.793945 0.684570 0.001953 0.001953
1 0.609375 0.685547 0.003906 0.003906
1 0.706055 0.682617 0.001953 0.001953
0 0.004883 0.703125 0.009766 0.042969
1 0.901367 0.680664 0.001953 0.001953
1 0.678711 0.680664 0.001953 0.001953
1 0.497070 0.680664 0.001953 0.001953
0 0.074219 0.699219 0.027344 0.046875
1 0.659180 0.672852 0.001953 0.001953
0 0.158203 0.684570 0.011719 0.025391
1 0.901367 0.673828 0.001953 0.007812
1 0.688477 0.671875 0.005859 0.003906
1 0.523438 0.669922 0.007812 0.007812
1 0.510742 0.675781 0.021484 0.019531
1 0.563477 0.665039 0.001953 0.001953
1 0.250977 0.669922 0.013672 0.011719
1 0.594727 0.664062 0.001953 0.003906
1 0.829102 0.661133 0.001953 0.001953
1 0.588867 0.661133 0.001953 0.001953
1 0.661133 0.659180 0.001953 0.001953
1 0.599609 0.661133 0.003906 0.005859
1 0.587891 0.688477 0.042969 0.060547
1 0.334961 0.662109 0.009766 0.007812
0 0.000977 0.659180 0.001953 0.001953
1 0.674805 0.659180 0.001953 0.005859
1 0.556641 0.655273 0.003906 0.001953
1 0.838867 0.653320 0.001953 0.001953
1 0.828125 0.655273 0.003906 0.005859
0 0.513672 0.654297 0.003906 0.007812
0 0.145508 0.647461 0.001953 0.001953
1 0.739258 0.643555 0.001953 0.001953
1 0.596680 0.643555 0.001953 0.001953
1 0.538086 0.643555 0.001953 0.001953
0 0.000977 0.644531 0.001953 0.003906
1 0.572266 0.641602 0.003906 0.001953
0 0.530273 0.640625 0.005859 0.003906
1 0.909180 0.640625 0.005859 0.007812
0 0.190430 0.675781 0.072266 0.078125
0 0.530273 0.633789 0.001953 0.001953
0 0.521484 0.633789 0.003906 0.001953
1 0.733398 0.631836 0.001953 0.001953
1 0.549805 0.642578 0.021484 0.023438
0 0.538086 0.631836 0.001953 0.001953
1 0.721680 0.639648 0.017578 0.021484
1 0.400391 0.630859 0.003906 0.003906
0 0.733398 0.627930 0.001953 0.001953
1 0.272461 0.627930 0.001953 0.001953
0 0.560547 0.632812 0.011719 0.015625
0 0.528320 0.626953 0.005859 0.003906
1 0.672852 0.624023 0.001953 0.001953
1 0.443359 0.626953 0.003906 0.007812
1 0.920898 0.620117 0.001953 0.001953
1 0.577148 0.621094 0.001953 0.003906
1 0.409180 0.623047 0.005859 0.007812
1 0.189453 0.618164 0.003906 0.001953
1 0.433594 0.617188 0.003906 0.003906
1 0.922852 0.614258 0.001953 0.001953
1 0.770508 0.612305 0.001953 0.001953
1 0.713867 0.612305 0.001953 0.001953
1 0.432617 0.611328 0.001953 0.003906
0 0.071289 0.610352 0.001953 0.001953
1 0.924805 0.608398 0.001953 0.005859
1 0.715820 0.606445 0.001953 0.001953
1 0.388672 0.609375 0.003906 0.007812
1 0.764648 0.604492 0.005859 0.001953
1 0.775391 0.603516 0.007812 0.003906
0 0.472656 0.602539 0.003906 0.001953
0 0.665039 0.605469 0.005859 0.011719
1 0.389648 0.592773 0.001953 0.001953
1 0.777344 0.592773 0.003906 0.005859
1 0.772461 0.588867 0.001953 0.001953
0 0.733398 0.604492 0.037109 0.041016
0 0.358398 0.584961 0.005859 0.001953
1 0.256836 0.585938 0.001953 0.007812
1 0.780273 0.583008 0.009766 0.005859
0 0.652344 0.594727 0.015625 0.044922
0 0.307617 0.579102 0.009766 0.013672
0 0.317383 0.571289 0.001953 0.001953
0 0.075195 0.667969 0.150391 0.195312
1 0.411133 0.566406 0.001953 0.003906
0 0.275391 0.565430 0.003906 0.005859
1 0.631836 0.627930 0.048828 0.134766
1 0.709961 0.559570 0.001953 0.001953
1 0.674805 0.565430 0.005859 0.017578
0 0.847656 0.553711 0.003906 0.005859
1 0.674805 0.549805 0.001953 0.001953
0 0.925781 0.554688 0.011719 0.015625
1 0.249023 0.562500 0.041016 0.035156
1 0.608398 0.543945 0.001953 0.001953
1 0.603516 0.550781 0.007812 0.015625
1 0.714844 0.556641 0.015625 0.035156
0 0.258789 0.541016 0.001953 0.003906
0 0.251953 0.540039 0.003906 0.001953
1 0.724609 0.542969 0.011719 0.015625
1 0.666992 0.538086 0.005859 0.009766
1 0.377930 0.526367 0.001953 0.005859
0 0.368164 0.525391 0.001953 0.003906
0 0.319336 0.553711 0.115234 0.060547
0 0.251953 0.528320 0.011719 0.009766
0 0.903320 0.522461 0.001953 0.001953
1 0.664062 0.523438 0.003906 0.003906
0 0.903320 0.514648 0.001953 0.001953
1 0.812500 0.515625 0.003906 0.003906
0 0.368164 0.514648 0.001953 0.001953
0 0.312500 0.523438 0.023438 0.023438
1 0.805664 0.510742 0.001953 0.001953
0 0.362305 0.514648 0.005859 0.009766
0 0.461914 0.508789 0.001953 0.001953
1 0.028320 0.502930 0.001953 0.001953
1 0.854492 0.500977 0.001953 0.001953
1 0.786133 0.677734 0.333984 0.359375
0 0.513672 0.500000 0.003906 0.003906
0 0.428711 0.506836 0.013672 0.021484
1 0.024414 0.497070 0.001953 0.001953
0 0.571289 0.498047 0.009766 0.007812
0 0.262695 0.501953 0.001953 0.015625
1 0.865234 0.493164 0.003906 0.001953
0 0.150391 0.543945 0.117188 0.107422
0 0.010742 0.512695 0.021484 0.056641
0 0.999023 0.485352 0.001953 0.005859
1 0.950195 0.479492 0.001953 0.001953
1 0.580078 0.484375 0.019531 0.011719
0 0.338867 0.509766 0.037109 0.066406
1 0.801758 0.475586 0.001953 0.001953
1 0.422852 0.473633 0.001953 0.001953
0 0.354492 0.475586 0.005859 0.005859
1 0.868164 0.471680 0.001953 0.001953
0 0.644531 0.493164 0.011719 0.044922
0 0.266602 0.478516 0.017578 0.015625
0 0.065430 0.471680 0.005859 0.005859
1 0.868164 0.463867 0.001953 0.001953
0 0.281250 0.464844 0.003906 0.003906
1 0.874023 0.459961 0.005859 0.005859
1 0.881836 0.456055 0.001953 0.001953
1 0.914062 0.458008 0.007812 0.009766
1 0.825195 0.450195 0.001953 0.001953
1 0.604492 0.450195 0.001953 0.001953
0 0.189453 0.453125 0.007812 0.007812
1 0.903320 0.448242 0.001953 0.001953
0 0.664062 0.472656 0.031250 0.058594
1 0.912109 0.445312 0.011719 0.007812
1 0.916992 0.438477 0.001953 0.001953
0 0.250977 0.434570 0.001953 0.001953
1 0.922852 0.432617 0.001953 0.001953
1 0.875977 0.432617 0.001953 0.001953
1 0.428711 0.433594 0.001953 0.003906
1 0.582031 0.433594 0.003906 0.007812
1 0.874023 0.426758 0.001953 0.001953
0 0.123047 0.428711 0.003906 0.005859
0 0.228516 0.480469 0.152344 0.117188
0 0.184570 0.424805 0.009766 0.005859
1 0.093750 0.415039 0.003906 0.001953
1 0.778320 0.413086 0.001953 0.001953
1 0.729492 0.414062 0.001953 0.003906
1 0.575195 0.412109 0.005859 0.003906
1 0.467773 0.411133 0.001953 0.001953
1 0.937500 0.416016 0.019531 0.015625
0 0.567383 0.407227 0.001953 0.001953
0 0.168945 0.407227 0.001953 0.001953
0 0.162109 0.409180 0.003906 0.005859
0 0.132812 0.447266 0.125000 0.082031
1 0.909180 0.412109 0.009766 0.019531
0 0.150391 0.400391 0.007812 0.003906
1 0.844727 0.393555 0.001953 0.001953
1 0.834961 0.452148 0.087891 0.119141
0 0.999023 0.391602 0.001953 0.009766
1 0.838867 0.391602 0.009766 0.013672
1 0.485352 0.372070 0.001953 0.001953
1 0.841797 0.367188 0.007812 0.007812
1 0.153320 0.365234 0.009766 0.011719
0 0.301758 0.371094 0.017578 0.027344
1 0.157227 0.358398 0.001953 0.001953
1 0.765625 0.356445 0.003906 0.005859
0 0.063477 0.350586 0.001953 0.001953
1 0.041016 0.355469 0.007812 0.011719
1 0.557617 0.348633 0.001953 0.001953
0 0.526367 0.496094 0.162109 0.300781
1 0.447266 0.347656 0.003906 0.003906
0 0.302734 0.347656 0.007812 0.003906
1 0.530273 0.344727 0.001953 0.001953
1 0.448242 0.342773 0.001953 0.001953
1 0.541992 0.340820 0.001953 0.001953
1 0.729492 0.339844 0.001953 0.003906
1 0.536133 0.334961 0.001953 0.001953
0 0.633789 0.330078 0.001953 0.003906
1 0.309570 0.333984 0.009766 0.015625
1 0.180664 0.327148 0.001953 0.001953
0 0.666992 0.325195 0.001953 0.001953
1 0.165039 0.326172 0.001953 0.003906
1 0.688477 0.319336 0.001953 0.001953
1 0.603516 0.339844 0.027344 0.042969
1 0.683594 0.316406 0.003906 0.003906
1 0.728516 0.319336 0.003906 0.013672
1 0.193359 0.320312 0.019531 0.019531
1 0.722656 0.308594 0.003906 0.003906
0 0.666016 0.305664 0.003906 0.005859
1 0.569336 0.304688 0.001953 0.003906
0 0.659180 0.302734 0.005859 0.003906
1 0.494141 0.302734 0.003906 0.003906
0 0.084961 0.299805 0.005859 0.001953
0 0.649414 0.327148 0.021484 0.060547
1 0.730469 0.304688 0.019531 0.019531
1 0.361328 0.297852 0.003906 0.005859
1 0.554688 0.301758 0.023438 0.021484
0 0.092773 0.292969 0.005859 0.003906
1 0.640625 0.291016 0.003906 0.003906
1 0.811523 0.290039 0.005859 0.009766
0 0.364258 0.282227 0.009766 0.009766
0 0.217773 0.349609 0.169922 0.144531
1 0.677734 0.277344 0.003906 0.003906
1 0.504883 0.276367 0.001953 0.001953
1 0.831055 0.278320 0.021484 0.017578
1 0.438477 0.268555 0.001953 0.001953
0 0.369141 0.270508 0.003906 0.005859
1 0.517578 0.266602 0.003906 0.001953
1 0.025391 0.260742 0.003906 0.001953
0 0.233398 0.258789 0.001953 0.001953
1 0.237305 0.257812 0.001953 0.003906
1 0.034180 0.254883 0.001953 0.001953
1 0.014648 0.250000 0.001953 0.003906
0 0.790039 0.250000 0.013672 0.015625
0 0.375977 0.243164 0.001953 0.001953
0 0.367188 0.247070 0.003906 0.009766
1 0.474609 0.268555 0.042969 0.056641
0 0.166992 0.244141 0.001953 0.007812
1 0.040039 0.242188 0.001953 0.003906
0 0.994141 0.260742 0.011719 0.044922
0 0.159180 0.231445 0.001953 0.001953
1 0.473633 0.229492 0.005859 0.009766
0 0.163086 0.225586 0.001953 0.001953
0 0.153320 0.226562 0.001953 0.003906
1 0.041992 0.228516 0.001953 0.007812
1 0.034180 0.226562 0.005859 0.003906
1 0.049805 0.223633 0.001953 0.001953
1 0.458984 0.229492 0.007812 0.017578
1 0.038086 0.221680 0.001953 0.001953
0 0.377930 0.226562 0.013672 0.019531
1 0.040039 0.217773 0.001953 0.001953
1 0.032227 0.217773 0.001953 0.001953
1 0.045898 0.215820 0.001953 0.001953
1 0.710938 0.259766 0.058594 0.097656
1 0.530273 0.215820 0.005859 0.013672
1 0.696289 0.202148 0.001953 0.001953
0 0.774414 0.220703 0.048828 0.050781
1 0.694336 0.196289 0.001953 0.001953
0 0.395508 0.248047 0.041016 0.105469
0 0.195312 0.196289 0.003906 0.001953
1 0.252930 0.176758 0.001953 0.001953
0 0.160156 0.274414 0.222656 0.197266
1 0.266602 0.174805 0.001953 0.001953
1 0.261719 0.176758 0.003906 0.005859
1 0.226562 0.176758 0.019531 0.009766
1 0.544922 0.172852 0.003906 0.005859
0 0.170898 0.172852 0.005859 0.005859
0 0.192383 0.168945 0.005859 0.001953
0 0.536133 0.195312 0.048828 0.066406
1 0.540039 0.162109 0.001953 0.003906
1 0.543945 0.163086 0.001953 0.009766
1 0.041016 0.193359 0.066406 0.078125
0 0.532227 0.151367 0.001953 0.001953
1 0.309570 0.151367 0.001953 0.001953
1 0.501953 0.152344 0.007812 0.007812
0 0.065430 0.152344 0.013672 0.007812
0 0.512695 0.148438 0.001953 0.003906
1 0.182617 0.155273 0.017578 0.021484
1 0.104492 0.150391 0.025391 0.023438
1 0.137695 0.131836 0.001953 0.001953
0 0.971680 0.161133 0.056641 0.064453
1 0.378906 0.130859 0.007812 0.011719
0 0.363281 0.123047 0.007812 0.003906
0 0.505859 0.125977 0.019531 0.017578
1 0.126953 0.119141 0.007812 0.007812
0 0.995117 0.116211 0.009766 0.005859
1 0.981445 0.115234 0.001953 0.003906
1 0.879883 0.112305 0.001953 0.001953
1 0.243164 0.112305 0.001953 0.001953
1 0.979492 0.108398 0.001953 0.001953
1 0.879883 0.105469 0.001953 0.003906
0 0.494141 0.112305 0.027344 0.021484
1 0.367188 0.110352 0.011719 0.017578
1 0.986328 0.099609 0.003906 0.003906
1 0.980469 0.098633 0.003906 0.001953
1 0.881836 0.098633 0.001953 0.001953
1 0.170898 0.099609 0.001953 0.003906
1 0.871094 0.105469 0.007812 0.019531
0 0.150391 0.108398 0.031250 0.029297
1 0.244141 0.087891 0.011719 0.007812
1 0.001953 0.083984 0.003906 0.007812
1 0.300781 0.129883 0.113281 0.107422
0 0.897461 0.075195 0.001953 0.001953
0 0.516602 0.073242 0.001953 0.001953
1 0.241211 0.073242 0.001953 0.001953
1 0.234375 0.076172 0.011719 0.007812
1 0.896484 0.065430 0.003906 0.001953
1 0.213867 0.062500 0.029297 0.027344
0 0.500977 0.090820 0.080078 0.091797
0 0.923828 0.061523 0.050781 0.052734
1 0.083008 0.038086 0.005859 0.005859
1 0.896484 0.029297 0.003906 0.003906
1 0.090820 0.026367 0.001953 0.001953
1 0.915039 0.021484 0.009766 0.007812
1 0.913086 0.014648 0.001953 0.001953
1 0.684570 0.013672 0.001953 0.003906
1 0.677734 0.010742 0.007812 0.005859
1 0.459961 0.008789 0.001953 0.001953
1 0.495117 0.006836 0.001953 0.001953
1 0.456055 0.004883 0.001953 0.001953
0 0.997070 0.004883 0.005859 0.009766
1 0.601562 0.032227 0.046875 0.064453
0 0.530273 0.013672 0.017578 0.027344
1 0.505859 0.003906 0.007812 0.007812
1 0.480469 0.008789 0.027344 0.017578
0 0.225586 0.001953 0.021484 0.003906
1 0.173828 0.000977 0.003906 0.001953
1 0.091797 0.001953 0.003906 0.003906
3 0.540039 0.998047 0.001953 0.003906
2 0.935547 0.983398 0.003906 0.005859
2 0.973633 0.952148 0.009766 0.013672
2 0.981445 0.940430 0.005859 0.005859
2 0.004883 0.810547 0.009766 0.011719
2 0.007812 0.799805 0.003906 0.001953
2 0.001953 0.798828 0.003906 0.003906
2 0.000977 0.713867 0.001953 0.009766
2 0.000977 0.698242 0.001953 0.009766
2 0.041992 0.684570 0.001953 0.001953
2 0.096680 0.653320 0.005859 0.009766
2 0.074219 0.651367 0.007812 0.017578
2 0.059570 0.630859 0.005859 0.003906
2 0.046875 0.626953 0.003906 0.003906
2 0.024414 0.622070 0.001953 0.001953
2 0.065430 0.621094 0.001953 0.003906
2 0.040039 0.612305 0.001953 0.001953
2 0.040039 0.606445 0.001953 0.001953
2 0.099609 0.603516 0.011719 0.007812
2 0.086914 0.580078 0.005859 0.003906
2 0.016602 0.504883 0.001953 0.001953
2 0.007812 0.509766 0.011719 0.019531
2 0.004883 0.489258 0.001953 0.001953
3 0.946289 0.157227 0.001953 0.001953
2 0.964844 0.150391 0.011719 0.011719
3 0.964844 0.140625 0.003906 0.003906
3 0.959961 0.139648 0.001953 0.001953
3 0.590820 0.046875 0.005859 0.007812
2 0.601562 0.002930 0.015625 0.005859
3 0.506836 0.000977 0.001953 0.001953
3 0.500000 0.500000 1.000000 1.000000