0 0.646484 0.999023 0.003906 0.001953
0 0.696289 0.995117 0.001953 0.001953
0 0.620117 0.993164 0.001953 0.001953
0 0.725586 0.991211 0.001953 0.001953
0 0.748047 0.990234 0.003906 0.003906
0 0.439453 0.993164 0.011719 0.013672
0 0.648438 0.989258 0.015625 0.009766
0 0.664062 0.984375 0.011719 0.003906
0 0.438477 0.983398 0.001953 0.001953
0 0.631836 0.981445 0.001953 0.001953
0 0.609375 0.983398 0.003906 0.005859
0 0.565430 0.981445 0.013672 0.009766
0 0.825195 0.978516 0.013672 0.007812
0 0.560547 0.976562 0.003906 0.003906
0 0.655273 0.963867 0.001953 0.001953
0 0.377930 0.963867 0.001953 0.001953
0 0.424805 0.961914 0.005859 0.009766
0 0.411133 0.956055 0.001953 0.001953
0 0.629883 0.955078 0.001953 0.003906
0 0.573242 0.963867 0.017578 0.021484
0 0.418945 0.954102 0.001953 0.001953
0 0.668945 0.950195 0.001953 0.001953
0 0.460938 0.948242 0.003906 0.001953
0 0.366211 0.956055 0.025391 0.017578
0 0.473633 0.947266 0.001953 0.003906
0 0.579102 0.944336 0.001953 0.001953
0 0.487305 0.938477 0.001953 0.001953
0 0.428711 0.936523 0.001953 0.001953
0 0.419922 0.938477 0.003906 0.005859
0 0.886719 0.938477 0.015625 0.009766
0 0.872070 0.935547 0.001953 0.003906
0 0.436523 0.936523 0.005859 0.009766
0 0.497070 0.934570 0.009766 0.009766
0 0.480469 0.933594 0.011719 0.011719
0 0.504883 0.926758 0.001953 0.001953
0 0.408203 0.927734 0.003906 0.003906
0 0.495117 0.924805 0.001953 0.001953
0 0.421875 0.927734 0.019531 0.011719
0 0.395508 0.922852 0.001953 0.001953
0 0.874023 0.919922 0.005859 0.003906
0 0.416992 0.916992 0.001953 0.001953
0 0.388672 0.916016 0.011719 0.003906
0 0.375000 0.920898 0.023438 0.013672
0 0.741211 0.913086 0.001953 0.001953
0 0.911133 0.910156 0.001953 0.003906
0 0.750977 0.909180 0.001953 0.001953
0 0.746094 0.908203 0.003906 0.003906
0 0.754883 0.904297 0.005859 0.007812
0 0.386719 0.896484 0.007812 0.007812
0 0.768555 0.885742 0.001953 0.001953
0 0.601562 0.879883 0.003906 0.001953
1 0.866211 0.878906 0.001953 0.003906
1 0.780273 0.877930 0.009766 0.005859
0 0.929688 0.874023 0.003906 0.005859
0 0.665039 0.872070 0.001953 0.001953
0 0.662109 0.933594 0.160156 0.125000
0 0.487305 0.872070 0.001953 0.001953
0 0.352539 0.871094 0.001953 0.003906
1 0.889648 0.868164 0.001953 0.001953
0 0.360352 0.866211 0.001953 0.001953
1 0.846680 0.864258 0.001953 0.001953
0 0.633789 0.865234 0.001953 0.003906
0 0.600586 0.862305 0.001953 0.001953
0 0.597656 0.869141 0.019531 0.019531
0 0.495117 0.860352 0.001953 0.001953
0 0.958008 0.865234 0.013672 0.015625
0 0.604492 0.858398 0.001953 0.001953
0 0.500977 0.858398 0.001953 0.001953
0 0.491211 0.858398 0.001953 0.001953
0 0.453125 0.859375 0.003906 0.003906
0 0.344727 0.862305 0.013672 0.009766
0 0.924805 0.891602 0.076172 0.072266
0 0.433594 0.860352 0.031250 0.017578
0 0.395508 0.855469 0.009766 0.011719
0 0.397461 0.848633 0.001953 0.001953
0 0.337891 0.846680 0.007812 0.017578
0 0.387695 0.836914 0.001953 0.001953
0 0.383789 0.834961 0.001953 0.001953
1 0.738281 0.834961 0.003906 0.005859
1 0.864258 0.848633 0.052734 0.041016
0 0.826172 0.831055 0.007812 0.005859
0 0.628906 0.839844 0.015625 0.023438
0 0.239258 0.827148 0.005859 0.005859
0 0.664062 0.823242 0.003906 0.001953
0 0.654297 0.824219 0.003906 0.003906
1 0.721680 0.820312 0.001953 0.003906
0 0.671875 0.820312 0.003906 0.003906
0 0.459961 0.809570 0.001953 0.001953
0 0.290039 0.808594 0.001953 0.003906
0 0.219727 0.815430 0.017578 0.017578
0 0.213867 0.803711 0.001953 0.001953
0 0.295898 0.802734 0.001953 0.003906
0 0.663086 0.805664 0.009766 0.013672
0 0.307617 0.799805 0.001953 0.001953
0 0.303711 0.799805 0.001953 0.001953
0 0.913086 0.793945 0.001953 0.001953
0 0.258789 0.790039 0.001953 0.001953
0 0.289062 0.789062 0.003906 0.003906
1 0.714844 0.796875 0.019531 0.027344
0 0.814453 0.780273 0.007812 0.005859
0 0.789062 0.782227 0.007812 0.009766
0 0.776367 0.776367 0.001953 0.001953
0 0.360352 0.774414 0.001953 0.001953
1 0.922852 0.775391 0.005859 0.007812
0 0.563477 0.773438 0.005859 0.003906
0 0.776367 0.771484 0.001953 0.003906
0 0.271484 0.780273 0.027344 0.025391
1 0.677734 0.758789 0.003906 0.001953
0 0.517578 0.758789 0.003906 0.001953
0 0.852539 0.754883 0.001953 0.001953
0 0.038086 0.755859 0.001953 0.003906
0 0.031250 0.756836 0.007812 0.005859
0 0.847656 0.754883 0.003906 0.005859
0 0.532227 0.763672 0.025391 0.027344
0 0.514648 0.750977 0.001953 0.001953
0 0.430664 0.870117 0.314453 0.240234
0 0.034180 0.750977 0.001953 0.001953
0 0.827148 0.749023 0.001953 0.001953
0 0.510742 0.747070 0.001953 0.001953
0 0.817383 0.745117 0.001953 0.001953
0 0.515625 0.745117 0.003906 0.001953
0 0.842773 0.743164 0.001953 0.001953
0 0.809570 0.743164 0.001953 0.001953
0 0.750977 0.735352 0.001953 0.001953
0 0.747070 0.735352 0.001953 0.001953
1 0.977539 0.725586 0.005859 0.005859
0 0.743164 0.715820 0.005859 0.001953
0 0.416992 0.716797 0.005859 0.003906
0 0.862305 0.704102 0.001953 0.001953
0 0.500000 0.710938 0.015625 0.015625
0 0.406250 0.710938 0.011719 0.015625
0 0.041992 0.737305 0.083984 0.068359
0 0.850586 0.698242 0.001953 0.001953
0 0.843750 0.698242 0.003906 0.001953
0 0.438477 0.696289 0.001953 0.001953
0 0.426758 0.692383 0.001953 0.001953
1 0.998047 0.696289 0.003906 0.013672
0 0.427734 0.687500 0.003906 0.003906
0 0.778320 0.680664 0.001953 0.001953
0 0.517578 0.680664 0.003906 0.001953
0 0.446289 0.690430 0.025391 0.021484
0 0.583984 0.679688 0.003906 0.003906
0 0.423828 0.680664 0.007812 0.005859
0 0.774414 0.676758 0.001953 0.001953
0 0.588867 0.678711 0.001953 0.005859
0 0.432617 0.679688 0.005859 0.007812
0 0.584961 0.674805 0.001953 0.001953
0 0.081055 0.673828 0.017578 0.003906
0 0.547852 0.668945 0.001953 0.001953
1 0.856445 0.666992 0.001953 0.001953
1 0.852539 0.667969 0.001953 0.003906
0 0.848633 0.666992 0.001953 0.001953
0 0.552734 0.667969 0.003906 0.003906
0 0.209961 0.666992 0.001953 0.001953
0 0.545898 0.665039 0.001953 0.001953
0 0.071289 0.665039 0.001953 0.001953
0 0.991211 0.663086 0.005859 0.005859
0 0.213867 0.661133 0.001953 0.001953
0 0.078125 0.665039 0.007812 0.009766
0 0.983398 0.659180 0.001953 0.001953
1 0.852539 0.659180 0.001953 0.001953
0 0.075195 0.655273 0.001953 0.001953
0 0.218750 0.654297 0.007812 0.003906
0 0.829102 0.652344 0.001953 0.003906
0 0.829102 0.647461 0.001953 0.001953
0 0.821289 0.647461 0.001953 0.001953
0 0.916992 0.645508 0.001953 0.001953
0 0.945312 0.644531 0.003906 0.003906
0 0.770508 0.819336 0.275391 0.361328
0 0.606445 0.637695 0.001953 0.001953
0 0.536133 0.639648 0.005859 0.009766
0 0.629883 0.631836 0.001953 0.001953
0 0.987305 0.642578 0.021484 0.031250
0 0.109375 0.643555 0.195312 0.037109
0 0.971680 0.625000 0.005859 0.003906
0 0.971680 0.619141 0.001953 0.003906
0 0.967773 0.618164 0.001953 0.001953
0 0.979492 0.617188 0.001953 0.003906
0 0.896484 0.610352 0.003906 0.001953
0 0.708008 0.608398 0.001953 0.001953
0 0.920898 0.604492 0.001953 0.001953
0 0.581055 0.617188 0.013672 0.027344
0 0.579102 0.600586 0.001953 0.001953
0 0.977539 0.601562 0.013672 0.015625
0 0.708008 0.599609 0.009766 0.011719
0 0.911133 0.592773 0.001953 0.001953
0 0.179688 0.592773 0.007812 0.009766
0 0.827148 0.579102 0.001953 0.001953
0 0.783203 0.577148 0.003906 0.001953
0 0.524414 0.577148 0.005859 0.001953
0 0.219727 0.577148 0.001953 0.001953
0 0.813477 0.574219 0.005859 0.003906
0 0.514648 0.573242 0.001953 0.001953
0 0.538086 0.565430 0.001953 0.001953
0 0.533203 0.566406 0.003906 0.003906
0 0.958008 0.592773 0.025391 0.068359
0 0.953125 0.559570 0.003906 0.001953
0 0.510742 0.553711 0.001953 0.001953
0 0.557617 0.574219 0.037109 0.046875
0 0.489258 0.558594 0.037109 0.039062
1 0.885742 0.530273 0.001953 0.001953
0 0.996094 0.532227 0.003906 0.009766
1 0.852539 0.524414 0.001953 0.001953
1 0.889648 0.520508 0.001953 0.001953
1 0.849609 0.519531 0.003906 0.003906
1 0.842773 0.518555 0.001953 0.001953
0 0.010742 0.516602 0.001953 0.001953
0 0.017578 0.517578 0.007812 0.007812
0 0.010742 0.510742 0.001953 0.001953
0 0.016602 0.492188 0.005859 0.003906
0 0.000977 0.479492 0.001953 0.001953
1 0.871094 0.481445 0.003906 0.009766
1 0.858398 0.478516 0.001953 0.003906
0 0.002930 0.474609 0.005859 0.003906
0 0.049805 0.467773 0.001953 0.001953
0 0.194336 0.464844 0.005859 0.003906
0 0.066406 0.390625 0.003906 0.007812
0 0.065430 0.381836 0.001953 0.001953
1 0.867188 0.372070 0.003906 0.001953
0 0.132812 0.372070 0.007812 0.005859
1 0.866211 0.360352 0.001953 0.005859
1 0.867188 0.346680 0.003906 0.001953
0 0.164062 0.332031 0.003906 0.003906
0 0.170898 0.326172 0.001953 0.003906
1 0.982422 0.313477 0.003906 0.001953
1 0.882812 0.294922 0.003906 0.003906
0 0.893555 0.285156 0.001953 0.003906
0 0.886719 0.287109 0.007812 0.007812
0 0.087891 0.381836 0.089844 0.232422
0 0.344727 0.260742 0.001953 0.001953
0 0.288086 0.252930 0.001953 0.001953
0 0.135742 0.267578 0.029297 0.031250
0 0.345703 0.250977 0.003906 0.001953
0 0.282227 0.250977 0.001953 0.001953
0 0.125977 0.250977 0.001953 0.001953
0 0.891602 0.247070 0.001953 0.001953
0 0.336914 0.247070 0.001953 0.001953
1 0.983398 0.239258 0.001953 0.001953
0 0.308594 0.253906 0.046875 0.035156
0 0.297852 0.237305 0.001953 0.001953
0 0.194336 0.286133 0.083984 0.099609
0 0.262695 0.233398 0.013672 0.013672
0 0.306641 0.231445 0.011719 0.021484
0 0.276367 0.219727 0.001953 0.001953
0 0.434570 0.208984 0.001953 0.003906
0 0.237305 0.209961 0.005859 0.005859
0 0.365234 0.208984 0.011719 0.007812
0 0.253906 0.214844 0.027344 0.019531
0 0.467773 0.196289 0.001953 0.001953
0 0.260742 0.192383 0.001953 0.001953
0 0.410156 0.181641 0.003906 0.003906
0 0.424805 0.178711 0.001953 0.001953
0 0.022461 0.172852 0.001953 0.001953
0 0.018555 0.173828 0.001953 0.003906
0 0.401367 0.200195 0.068359 0.060547
0 0.502930 0.168945 0.001953 0.001953
0 0.576172 0.184570 0.039062 0.037109
0 0.499023 0.167969 0.001953 0.003906
0 0.500977 0.163086 0.001953 0.001953
0 0.581055 0.158203 0.001953 0.003906
0 0.559570 0.155273 0.001953 0.001953
0 0.494141 0.155273 0.003906 0.001953
0 0.555664 0.153320 0.001953 0.001953
0 0.520508 0.151367 0.001953 0.001953
0 0.027344 0.161133 0.035156 0.021484
0 0.589844 0.158203 0.011719 0.019531
0 0.520508 0.147461 0.001953 0.001953
0 0.570312 0.151367 0.015625 0.017578
0 0.508789 0.151367 0.025391 0.017578
0 0.229492 0.133789 0.009766 0.009766
0 0.075195 0.127930 0.001953 0.001953
0 0.239258 0.127930 0.005859 0.005859
0 0.545898 0.114258 0.001953 0.001953
0 0.469727 0.114258 0.001953 0.001953
0 0.926758 0.109375 0.001953 0.003906
0 0.572266 0.123047 0.039062 0.031250
0 0.528320 0.108398 0.001953 0.001953
0 0.485352 0.104492 0.001953 0.001953
0 0.479492 0.110352 0.013672 0.013672
0 0.048828 0.127930 0.042969 0.048828
0 0.575195 0.104492 0.005859 0.005859
0 0.546875 0.102539 0.003906 0.005859
0 0.534180 0.094727 0.017578 0.029297
1 0.893555 0.075195 0.001953 0.001953
0 0.456055 0.073242 0.001953 0.001953
0 0.052734 0.074219 0.011719 0.011719
1 0.904297 0.070312 0.003906 0.007812
0 0.452148 0.065430 0.001953 0.001953
0 0.297852 0.063477 0.001953 0.001953
0 0.948242 0.061523 0.001953 0.001953
1 0.906250 0.058594 0.007812 0.011719
0 0.429688 0.052734 0.003906 0.003906
0 0.526367 0.042969 0.005859 0.003906
0 0.130859 0.042969 0.007812 0.003906
0 0.089844 0.043945 0.007812 0.005859
0 0.956055 0.034180 0.001953 0.001953
0 0.485352 0.034180 0.001953 0.001953
0 0.466797 0.048828 0.031250 0.035156
0 0.485352 0.030273 0.001953 0.001953
0 0.362305 0.024414 0.001953 0.001953
0 0.458008 0.022461 0.001953 0.001953
0 0.429688 0.055664 0.039062 0.072266
0 0.298828 0.013672 0.007812 0.011719
0 0.267578 0.012695 0.007812 0.009766
0 0.481445 0.006836 0.001953 0.001953
0 0.293945 0.006836 0.001953 0.001953
0 0.523438 0.026367 0.070312 0.044922
0 0.874023 0.429688 0.251953 0.859375
0 0.532227 0.000977 0.005859 0.001953
0 0.466797 0.009766 0.015625 0.019531
0 0.433594 0.003906 0.019531 0.007812
0 0.307617 0.096680 0.103516 0.193359
0 0.310547 0.001953 0.003906 0.003906
0 0.296875 0.000977 0.003906 0.001953
0 0.093750 0.003906 0.003906 0.007812
0 0.026367 0.001953 0.005859 0.003906
2 0.787109 0.969727 0.003906 0.001953
2 0.819336 0.948242 0.001953 0.001953
2 0.760742 0.928711 0.001953 0.001953
2 0.837891 0.878906 0.003906 0.003906
2 0.969727 0.833008 0.001953 0.001953
2 0.948242 0.831055 0.001953 0.001953
2 0.965820 0.829102 0.001953 0.001953
2 0.928711 0.827148 0.001953 0.001953
2 0.952148 0.827148 0.001953 0.005859
2 0.959961 0.821289 0.001953 0.001953
2 0.952148 0.821289 0.001953 0.001953
2 0.911133 0.817383 0.001953 0.001953
2 0.911133 0.813477 0.001953 0.001953
2 0.907227 0.813477 0.001953 0.001953
2 0.916992 0.809570 0.001953 0.001953
2 0.909180 0.805664 0.001953 0.001953
3 0.934570 0.778320 0.001953 0.001953
2 0.762695 0.741211 0.001953 0.001953
2 0.784180 0.731445 0.005859 0.001953
2 0.003906 0.733398 0.007812 0.005859
2 0.723633 0.729492 0.001953 0.001953
2 0.778320 0.729492 0.001953 0.005859
2 0.012695 0.727539 0.001953 0.001953
2 0.900391 0.721680 0.003906 0.001953
2 0.071289 0.719727 0.001953 0.001953
2 0.721680 0.715820 0.001953 0.001953
2 0.773438 0.712891 0.003906 0.003906
2 0.056641 0.712891 0.007812 0.003906
2 0.956055 0.706055 0.001953 0.001953
2 0.857422 0.689453 0.003906 0.003906
2 0.854492 0.676758 0.001953 0.001953
2 0.858398 0.676758 0.001953 0.005859
2 0.817383 0.662109 0.005859 0.003906
2 0.844727 0.657227 0.001953 0.001953
2 0.915039 0.655273 0.001953 0.001953
2 0.879883 0.645508 0.001953 0.001953
2 0.875000 0.601562 0.003906 0.003906
2 0.831055 0.590820 0.001953 0.001953
2 0.928711 0.583008 0.001953 0.001953
2 0.845703 0.575195 0.003906 0.001953
2 0.859375 0.587891 0.031250 0.035156
2 0.864258 0.557617 0.001953 0.005859
2 0.860352 0.555664 0.001953 0.001953
3 0.870117 0.552734 0.005859 0.003906
3 0.860352 0.551758 0.001953 0.001953
2 0.919922 0.550781 0.003906 0.003906
3 0.868164 0.547852 0.001953 0.001953
3 0.844727 0.541992 0.001953 0.001953
2 0.922852 0.506836 0.001953 0.001953
3 0.903320 0.508789 0.001953 0.005859
2 0.918945 0.505859 0.001953 0.003906
2 0.922852 0.502930 0.001953 0.001953
2 0.935547 0.649414 0.128906 0.314453
2 0.923828 0.495117 0.007812 0.009766
2 0.999023 0.489258 0.001953 0.001953
2 0.993164 0.482422 0.013672 0.007812
2 0.983398 0.476562 0.001953 0.003906
2 0.995117 0.473633 0.005859 0.001953
3 0.879883 0.471680 0.001953 0.001953
2 0.995117 0.465820 0.001953 0.001953
3 0.972656 0.447266 0.003906 0.015625
3 0.872070 0.440430 0.001953 0.001953
2 0.866211 0.444336 0.005859 0.009766
3 0.871094 0.436523 0.003906 0.001953
3 0.880859 0.431641 0.003906 0.003906
3 0.967773 0.426758 0.001953 0.001953
3 0.883789 0.421875 0.001953 0.003906
3 0.884766 0.416016 0.003906 0.003906
3 0.972656 0.386719 0.035156 0.066406
2 0.973633 0.336914 0.001953 0.001953
2 0.924805 0.353516 0.041016 0.136719
3 0.999023 0.285156 0.001953 0.007812
3 0.986328 0.299805 0.027344 0.048828
2 0.940430 0.279297 0.005859 0.007812
2 0.940430 0.270508 0.001953 0.001953
2 0.946289 0.268555 0.001953 0.001953
3 0.994141 0.257812 0.003906 0.003906
2 0.926758 0.257812 0.001953 0.003906
3 0.999023 0.252930 0.001953 0.005859
2 0.998047 0.238281 0.003906 0.003906
2 0.958008 0.235352 0.001953 0.001953
3 0.988281 0.242188 0.023438 0.031250
2 0.940430 0.235352 0.025391 0.017578
2 0.954102 0.222656 0.001953 0.003906
2 0.934570 0.219727 0.001953 0.001953
2 0.949219 0.208984 0.031250 0.019531
2 0.969727 0.192383 0.001953 0.001953
2 0.965820 0.192383 0.001953 0.001953
3 0.975586 0.178711 0.001953 0.001953
2 0.972656 0.173828 0.003906 0.011719
2 0.944336 0.169922 0.001953 0.003906
2 0.944336 0.161133 0.001953 0.001953
2 0.958008 0.149414 0.001953 0.001953
2 0.971680 0.148438 0.021484 0.027344
3 0.970703 0.129883 0.003906 0.005859
3 0.973633 0.120117 0.001953 0.005859
2 0.903320 0.116211 0.001953 0.001953
2 0.889648 0.114258 0.001953 0.001953
3 0.983398 0.112305 0.001953 0.001953
2 0.895508 0.112305 0.001953 0.001953
2 0.936523 0.086914 0.001953 0.001953
3 0.891602 0.084961 0.001953 0.001953
2 0.936523 0.036133 0.001953 0.001953
2 0.954102 0.024414 0.001953 0.001953
3 0.993164 0.022461 0.001953 0.001953
2 0.958008 0.022461 0.001953 0.001953
2 0.920898 0.022461 0.001953 0.001953
3 0.996094 0.012695 0.003906 0.005859
3 0.987305 0.008789 0.005859 0.005859
2 0.959961 0.004883 0.001953 0.001953
3 0.993164 0.001953 0.013672 0.003906
3 0.983398 0.000977 0.001953 0.001953
2 0.976562 0.002930 0.003906 0.005859
2 0.953125 0.044922 0.039062 0.089844
2 0.959961 0.000977 0.001953 0.001953
2 0.921875 0.012695 0.027344 0.025391
2 0.500000 0.500000 1.000000 1.000000