0 0.999023 0.999023 0.001953 0.001953
0 0.977539 0.999023 0.005859 0.001953
0 0.618164 0.999023 0.001953 0.001953
1 0.372070 0.999023 0.001953 0.001953
0 0.615234 0.996094 0.003906 0.003906
1 0.577148 0.996094 0.021484 0.007812
1 0.356445 0.996094 0.005859 0.007812
0 0.465820 0.989258 0.001953 0.001953
0 0.940430 0.987305 0.001953 0.001953
0 0.891602 0.976562 0.001953 0.003906
0 0.003906 0.975586 0.007812 0.005859
0 0.974609 0.984375 0.050781 0.031250
0 0.975586 0.969727 0.013672 0.009766
0 0.985352 0.963867 0.001953 0.001953
0 0.954102 0.970703 0.025391 0.015625
0 0.894531 0.963867 0.003906 0.005859
0 0.800781 0.976562 0.031250 0.031250
1 0.833008 0.959961 0.001953 0.001953
0 0.001953 0.961914 0.003906 0.005859
0 0.903320 0.962891 0.005859 0.011719
0 0.994141 0.958008 0.011719 0.009766
0 0.888672 0.955078 0.007812 0.003906
0 0.969727 0.958008 0.021484 0.013672
0 0.900391 0.951172 0.007812 0.003906
0 0.887695 0.948242 0.001953 0.001953
0 0.892578 0.946289 0.003906 0.001953
0 0.117188 0.945312 0.003906 0.003906
0 0.907227 0.942383 0.001953 0.001953
0 0.256836 0.936523 0.001953 0.001953
1 0.904297 0.935547 0.007812 0.003906
1 0.295898 0.934570 0.001953 0.001953
0 0.938477 0.932617 0.001953 0.001953
0 0.099609 0.936523 0.007812 0.009766
0 0.951172 0.936523 0.023438 0.013672
0 0.913086 0.930664 0.001953 0.001953
0 0.719727 0.931641 0.005859 0.003906
1 0.299805 0.931641 0.009766 0.011719
0 0.273438 0.936523 0.023438 0.021484
0 0.950195 0.926758 0.005859 0.005859
1 0.734375 0.921875 0.003906 0.003906
1 0.729492 0.920898 0.001953 0.001953
1 0.447266 0.959961 0.187500 0.080078
0 0.119141 0.927734 0.027344 0.027344
0 0.926758 0.921875 0.029297 0.023438
1 0.764648 0.907227 0.001953 0.001953
0 0.979492 0.901367 0.001953 0.001953
0 0.983398 0.898438 0.001953 0.003906
1 0.478516 0.903320 0.031250 0.021484
0 0.089844 0.898438 0.015625 0.011719
0 0.549805 0.891602 0.001953 0.001953
0 0.262695 0.906250 0.021484 0.031250
1 0.469727 0.889648 0.001953 0.001953
0 0.562500 0.894531 0.011719 0.015625
1 0.867188 0.885742 0.007812 0.013672
0 0.079102 0.884766 0.009766 0.015625
1 0.460938 0.879883 0.007812 0.009766
1 0.278320 0.875977 0.001953 0.001953
1 0.874023 0.874023 0.001953 0.001953
0 0.075195 0.903320 0.052734 0.060547
0 0.549805 0.873047 0.005859 0.007812
1 0.875977 0.868164 0.001953 0.001953
1 0.333008 0.872070 0.013672 0.013672
0 0.992188 0.867188 0.015625 0.015625
0 0.620117 0.867188 0.017578 0.019531
0 0.987305 0.855469 0.009766 0.007812
0 0.537109 0.854492 0.007812 0.009766
1 0.298828 0.885742 0.062500 0.099609
1 0.555664 0.833008 0.001953 0.001953
1 0.750977 0.869141 0.080078 0.101562
1 0.844727 0.811523 0.001953 0.001953
0 0.190430 0.812500 0.005859 0.007812
0 0.193359 0.803711 0.003906 0.005859
0 0.017578 0.809570 0.035156 0.025391
1 0.359375 0.796875 0.003906 0.003906
0 0.211914 0.807617 0.025391 0.033203
1 0.389648 0.847656 0.115234 0.136719
0 0.999023 0.766602 0.001953 0.001953
0 0.513672 0.764648 0.003906 0.005859
1 0.437500 0.768555 0.015625 0.013672
1 0.792969 0.766602 0.007812 0.013672
0 0.004883 0.760742 0.001953 0.001953
1 0.799805 0.757812 0.009766 0.003906
0 0.031250 0.784180 0.062500 0.056641
1 0.926758 0.750000 0.005859 0.003906
1 0.589844 0.755859 0.011719 0.015625
0 0.539062 0.766602 0.042969 0.044922
1 0.504883 0.745117 0.001953 0.001953
1 0.928711 0.741211 0.001953 0.001953
0 0.846680 0.737305 0.001953 0.001953
0 0.023438 0.749023 0.046875 0.025391
1 0.767578 0.729492 0.003906 0.001953
0 0.248047 0.733398 0.011719 0.009766
1 0.327148 0.752930 0.029297 0.052734
1 0.311523 0.725586 0.001953 0.001953
0 0.999023 0.719727 0.001953 0.001953
1 0.755859 0.721680 0.011719 0.005859
0 0.009766 0.726562 0.011719 0.015625
0 0.004883 0.717773 0.001953 0.001953
1 0.488281 0.745117 0.042969 0.072266
1 0.006836 0.709961 0.001953 0.001953
0 0.497070 0.704102 0.009766 0.005859
0 0.532227 0.702148 0.009766 0.005859
0 0.415039 0.700195 0.001953 0.001953
0 0.511719 0.702148 0.007812 0.009766
0 0.512695 0.696289 0.001953 0.001953
0 0.404297 0.690430 0.003906 0.001953
1 0.286133 0.688477 0.001953 0.001953
1 0.279297 0.688477 0.003906 0.001953
0 0.497070 0.687500 0.001953 0.003906
0 0.371094 0.694336 0.015625 0.021484
1 0.274414 0.683594 0.005859 0.007812
0 0.366211 0.679688 0.001953 0.003906
0 0.267578 0.667969 0.003906 0.003906
1 0.340820 0.664062 0.001953 0.003906
1 0.325195 0.660156 0.001953 0.003906
1 0.334961 0.658203 0.005859 0.007812
0 0.401367 0.653320 0.001953 0.001953
0 0.254883 0.649414 0.001953 0.001953
1 0.745117 0.645508 0.001953 0.001953
1 0.748047 0.675781 0.031250 0.070312
0 0.745117 0.641602 0.001953 0.001953
1 0.249023 0.641602 0.001953 0.001953
0 0.900391 0.641602 0.003906 0.005859
0 0.752930 0.637695 0.001953 0.001953
0 0.391602 0.653320 0.013672 0.037109
0 0.939453 0.635742 0.007812 0.009766
0 0.416992 0.666992 0.056641 0.072266
0 0.433594 0.646484 0.027344 0.035156
0 0.922852 0.627930 0.001953 0.001953
0 0.375977 0.626953 0.001953 0.003906
0 0.905273 0.625000 0.005859 0.003906
0 0.543945 0.624023 0.001953 0.001953
0 0.415039 0.623047 0.001953 0.003906
0 0.092773 0.623047 0.001953 0.003906
0 0.911133 0.620117 0.001953 0.001953
0 0.545898 0.620117 0.001953 0.001953
1 0.245117 0.627930 0.013672 0.021484
1 0.762695 0.614258 0.001953 0.001953
0 0.928711 0.611328 0.009766 0.007812
0 0.077148 0.608398 0.001953 0.001953
1 0.219727 0.610352 0.009766 0.009766
0 0.115234 0.604492 0.003906 0.005859
0 0.538086 0.600586 0.001953 0.001953
0 0.411133 0.606445 0.013672 0.013672
1 0.677734 0.601562 0.019531 0.019531
0 0.414062 0.592773 0.003906 0.001953
1 0.690430 0.584961 0.001953 0.001953
1 0.745117 0.583008 0.001953 0.001953
1 0.709961 0.577148 0.001953 0.001953
0 0.096680 0.576172 0.001953 0.003906
0 0.708008 0.573242 0.001953 0.001953
0 0.061523 0.571289 0.001953 0.001953
0 0.712891 0.570312 0.003906 0.003906
0 0.092773 0.592773 0.037109 0.052734
1 0.698242 0.575195 0.021484 0.025391
0 0.404297 0.577148 0.042969 0.029297
1 0.336914 0.565430 0.005859 0.005859
0 0.065430 0.565430 0.017578 0.025391
1 0.487305 0.551758 0.005859 0.009766
1 0.236328 0.537109 0.007812 0.007812
0 0.744141 0.531250 0.007812 0.003906
0 0.618164 0.549805 0.029297 0.041016
0 0.471680 0.612305 0.166016 0.177734
0 0.413086 0.524414 0.001953 0.001953
0 0.665039 0.538086 0.029297 0.033203
0 0.400391 0.523438 0.003906 0.003906
0 0.442383 0.518555 0.001953 0.001953
1 0.382812 0.520508 0.003906 0.009766
0 0.434570 0.518555 0.029297 0.013672
0 0.122070 0.522461 0.025391 0.025391
0 0.098633 0.497070 0.001953 0.001953
0 0.113281 0.497070 0.023438 0.013672
0 0.425781 0.503906 0.042969 0.031250
0 0.104492 0.484375 0.009766 0.007812
1 0.374023 0.480469 0.001953 0.003906
1 0.379883 0.473633 0.001953 0.001953
1 0.375000 0.473633 0.003906 0.001953
1 0.036133 0.473633 0.001953 0.001953
1 0.416992 0.487305 0.041016 0.041016
1 0.336914 0.505859 0.146484 0.121094
1 0.591797 0.455078 0.015625 0.023438
1 0.567383 0.452148 0.013672 0.017578
1 0.045898 0.436523 0.001953 0.001953
0 0.936523 0.424805 0.001953 0.001953
1 0.067383 0.454102 0.056641 0.072266
1 0.686523 0.401367 0.001953 0.001953
1 0.509766 0.398438 0.003906 0.003906
1 0.970703 0.396484 0.003906 0.003906
1 0.979492 0.394531 0.013672 0.011719
0 0.085938 0.394531 0.011719 0.011719
0 0.074219 0.393555 0.007812 0.009766
0 0.086914 0.385742 0.001953 0.001953
0 0.627930 0.383789 0.001953 0.001953
0 0.611328 0.374023 0.003906 0.001953
1 0.466797 0.381836 0.011719 0.017578
0 0.801758 0.366211 0.001953 0.001953
0 0.065430 0.378906 0.025391 0.027344
0 0.001953 0.364258 0.003906 0.005859
0 0.391602 0.349609 0.001953 0.003906
0 0.000977 0.351562 0.001953 0.007812
1 0.708984 0.349609 0.007812 0.007812
0 0.385742 0.357422 0.021484 0.031250
0 0.184570 0.341797 0.001953 0.003906
1 0.669922 0.341797 0.007812 0.011719
1 0.776367 0.334961 0.001953 0.001953
0 0.185547 0.335938 0.003906 0.003906
1 0.792969 0.331055 0.003906 0.001953
0 0.372070 0.334961 0.005859 0.009766
0 0.002930 0.337891 0.005859 0.015625
0 0.197266 0.332031 0.015625 0.007812
0 0.599609 0.349609 0.097656 0.046875
1 0.004883 0.327148 0.001953 0.001953
1 0.628906 0.331055 0.023438 0.013672
0 0.600586 0.323242 0.001953 0.001953
0 0.560547 0.325195 0.007812 0.005859
0 0.592773 0.322266 0.009766 0.003906
0 0.959961 0.333984 0.064453 0.031250
0 0.581055 0.319336 0.001953 0.001953
1 0.576172 0.320312 0.003906 0.003906
1 0.805664 0.317383 0.001953 0.001953
0 0.568359 0.317383 0.007812 0.005859
1 0.754883 0.313477 0.021484 0.009766
1 0.280273 0.318359 0.021484 0.019531
0 0.150391 0.311523 0.003906 0.005859
0 0.137695 0.310547 0.001953 0.003906
1 0.772461 0.307617 0.001953 0.001953
1 0.768555 0.307617 0.001953 0.001953
0 0.407227 0.307617 0.001953 0.001953
0 0.104492 0.330078 0.076172 0.046875
1 0.272461 0.305664 0.005859 0.005859
0 0.517578 0.301758 0.003906 0.001953
0 0.387695 0.314453 0.033203 0.027344
0 0.309570 0.301758 0.001953 0.001953
1 0.768555 0.299805 0.001953 0.001953
0 0.411133 0.299805 0.001953 0.001953
0 0.913086 0.296875 0.005859 0.003906
1 0.772461 0.297852 0.001953 0.005859
0 0.926758 0.291992 0.001953 0.001953
0 0.321289 0.291992 0.001953 0.001953
0 0.914062 0.288086 0.011719 0.009766
0 0.536133 0.292969 0.013672 0.019531
0 0.085938 0.292969 0.019531 0.019531
0 0.941406 0.279297 0.007812 0.003906
0 0.988281 0.278320 0.015625 0.005859
1 0.817383 0.274414 0.001953 0.001953
0 0.927734 0.271484 0.003906 0.003906
1 0.817383 0.270508 0.001953 0.001953
0 0.161133 0.268555 0.001953 0.001953
1 0.204102 0.267578 0.001953 0.003906
0 0.062500 0.266602 0.007812 0.005859
1 0.365234 0.261719 0.003906 0.003906
0 0.338867 0.286133 0.142578 0.060547
1 0.877930 0.254883 0.001953 0.001953
1 0.915039 0.252930 0.001953 0.001953
1 0.172852 0.252930 0.001953 0.001953
1 0.995117 0.251953 0.001953 0.003906
0 0.181641 0.290039 0.050781 0.080078
0 0.573242 0.247070 0.001953 0.001953
1 0.812500 0.250977 0.019531 0.013672
0 0.513672 0.269531 0.054688 0.050781
0 0.635742 0.250977 0.025391 0.021484
0 0.234375 0.242188 0.003906 0.003906
0 0.168945 0.244141 0.009766 0.011719
0 0.051758 0.241211 0.005859 0.005859
0 0.561523 0.242188 0.017578 0.011719
0 0.533203 0.243164 0.031250 0.013672
0 0.575195 0.235352 0.001953 0.001953
1 0.460938 0.232422 0.003906 0.003906
0 0.170898 0.233398 0.009766 0.009766
0 0.057617 0.227539 0.001953 0.001953
0 0.437500 0.234375 0.031250 0.019531
0 0.418945 0.225586 0.001953 0.001953
0 0.948242 0.221680 0.001953 0.001953
1 0.230469 0.229492 0.011719 0.017578
0 0.415039 0.219727 0.001953 0.001953
0 0.141602 0.217773 0.001953 0.001953
0 0.799805 0.218750 0.013672 0.011719
0 0.427734 0.212891 0.003906 0.003906
0 0.184570 0.208008 0.005859 0.005859
0 0.019531 0.221680 0.031250 0.033203
1 0.260742 0.220703 0.033203 0.035156
1 0.794922 0.202148 0.003906 0.001953
0 0.007812 0.204102 0.007812 0.005859
1 0.252930 0.198242 0.001953 0.001953
0 0.092773 0.204102 0.005859 0.013672
0 0.182617 0.196289 0.001953 0.001953
0 0.137695 0.195312 0.001953 0.003906
0 0.016602 0.194336 0.001953 0.001953
0 0.964844 0.234375 0.070312 0.085938
0 0.172852 0.192383 0.001953 0.001953
0 0.003906 0.192383 0.007812 0.001953
1 0.207031 0.224609 0.042969 0.070312
0 0.097656 0.191406 0.003906 0.003906
1 0.751953 0.232422 0.121094 0.097656
0 0.153320 0.184570 0.001953 0.001953
1 0.269531 0.182617 0.003906 0.001953
1 0.258789 0.186523 0.029297 0.021484
0 0.436523 0.194336 0.080078 0.044922
1 0.008789 0.170898 0.001953 0.001953
1 0.611328 0.202148 0.152344 0.072266
1 0.325195 0.192383 0.072266 0.060547
0 0.065430 0.163086 0.001953 0.001953
1 0.730469 0.162109 0.003906 0.003906
1 0.737305 0.159180 0.001953 0.001953
1 0.634766 0.160156 0.015625 0.003906
1 0.595703 0.162109 0.011719 0.007812
0 0.067383 0.159180 0.001953 0.001953
1 0.718750 0.161133 0.007812 0.021484
1 0.501953 0.159180 0.039062 0.021484
0 0.730469 0.151367 0.011719 0.009766
0 0.953125 0.142578 0.003906 0.003906
1 0.770508 0.141602 0.001953 0.001953
0 0.931641 0.139648 0.003906 0.001953
1 0.889648 0.137695 0.001953 0.001953
0 0.079102 0.148438 0.013672 0.023438
1 0.033203 0.143555 0.015625 0.017578
1 0.999023 0.127930 0.001953 0.001953
1 0.023438 0.126953 0.011719 0.011719
0 0.805664 0.122070 0.037109 0.017578
0 0.264648 0.138672 0.041016 0.066406
0 0.822266 0.109375 0.027344 0.019531
0 0.139648 0.145508 0.025391 0.091797
0 0.288086 0.102539 0.009766 0.013672
0 0.274414 0.097656 0.005859 0.003906
0 0.157227 0.095703 0.005859 0.015625
0 0.049805 0.101562 0.021484 0.027344
0 0.288086 0.084961 0.001953 0.001953
0 0.043945 0.075195 0.005859 0.005859
1 0.897461 0.076172 0.009766 0.011719
1 0.689453 0.065430 0.007812 0.009766
1 0.811523 0.059570 0.001953 0.001953
1 0.807617 0.059570 0.001953 0.001953
0 0.208984 0.124023 0.101562 0.134766
0 0.092773 0.178711 0.095703 0.244141
1 0.876953 0.097656 0.031250 0.085938
1 0.428711 0.077148 0.072266 0.048828
0 0.443359 0.051758 0.003906 0.001953
1 0.793945 0.058594 0.013672 0.019531
0 0.979492 0.047852 0.001953 0.001953
1 0.792969 0.044922 0.003906 0.003906
1 0.176758 0.030273 0.001953 0.001953
0 0.305664 0.024414 0.001953 0.001953
1 0.178711 0.025391 0.005859 0.003906
0 0.574219 0.029297 0.023438 0.019531
0 0.302734 0.020508 0.003906 0.001953
0 0.014648 0.023438 0.009766 0.007812
0 0.622070 0.023438 0.021484 0.023438
1 0.767578 0.440430 0.464844 0.865234
0 0.670898 0.015625 0.025391 0.015625
0 0.349609 0.005859 0.003906 0.003906
0 0.953125 0.000977 0.007812 0.001953
0 0.940430 0.008789 0.013672 0.017578
1 0.877930 0.015625 0.021484 0.031250
0 0.679688 0.001953 0.007812 0.003906
0 0.671875 0.000977 0.003906 0.001953
0 0.651367 0.005859 0.029297 0.011719
1 0.333984 0.002930 0.019531 0.005859
0 0.024414 0.010742 0.033203 0.021484
0 0.002930 0.004883 0.005859 0.009766
2 0.489258 0.995117 0.009766 0.009766
2 0.995117 0.991211 0.009766 0.017578
2 0.478516 0.986328 0.007812 0.007812
3 0.918945 0.801758 0.001953 0.001953
2 0.959961 0.786133 0.013672 0.009766
2 0.949219 0.782227 0.011719 0.013672
2 0.993164 0.769531 0.013672 0.015625
2 0.960938 0.761719 0.003906 0.003906
2 0.984375 0.781250 0.031250 0.054688
2 0.975586 0.744141 0.009766 0.007812
2 0.873047 0.746094 0.019531 0.011719
2 0.964844 0.740234 0.007812 0.011719
2 0.940430 0.738281 0.005859 0.007812
2 0.991211 0.739258 0.017578 0.017578
2 0.999023 0.727539 0.001953 0.001953
2 0.935547 0.725586 0.003906 0.005859
2 0.997070 0.717773 0.005859 0.009766
3 0.819336 0.713867 0.001953 0.001953
2 0.984375 0.722656 0.015625 0.027344
2 0.964844 0.721680 0.019531 0.025391
3 0.827148 0.709961 0.001953 0.001953
2 0.844727 0.709961 0.005859 0.005859
2 0.950195 0.711914 0.009766 0.021484
2 0.973633 0.703125 0.013672 0.007812
2 0.999023 0.697266 0.001953 0.003906
2 0.939453 0.701172 0.007812 0.015625
3 0.823242 0.694336 0.001953 0.001953
3 0.821289 0.690430 0.001953 0.001953
2 0.985352 0.689453 0.005859 0.007812
2 0.958008 0.683594 0.005859 0.011719
3 0.820312 0.682617 0.007812 0.009766
2 0.874023 0.674805 0.001953 0.001953
3 0.799805 0.672852 0.001953 0.001953
2 0.882812 0.666016 0.003906 0.003906
2 0.877930 0.652344 0.005859 0.007812
2 0.868164 0.653320 0.005859 0.009766
2 0.810547 0.644531 0.007812 0.003906
2 0.793945 0.633789 0.001953 0.001953
2 0.821289 0.631836 0.001953 0.001953
2 0.803711 0.631836 0.001953 0.001953
2 0.974609 0.650391 0.035156 0.042969
2 0.813477 0.631836 0.009766 0.005859
2 0.991211 0.629883 0.005859 0.009766
2 0.959961 0.626953 0.001953 0.003906
2 0.987305 0.624023 0.001953 0.001953
2 0.863281 0.672852 0.062500 0.099609
2 0.827148 0.622070 0.001953 0.001953
2 0.976562 0.619141 0.011719 0.007812
2 0.942383 0.618164 0.005859 0.005859
2 0.783203 0.611328 0.027344 0.015625
2 0.800781 0.585938 0.003906 0.003906
2 0.869141 0.597656 0.046875 0.039062
2 0.963867 0.578125 0.001953 0.003906
2 0.938477 0.636719 0.123047 0.128906
2 0.796875 0.578125 0.011719 0.011719
2 0.991211 0.578125 0.017578 0.019531
2 0.825195 0.593750 0.052734 0.050781
2 0.726562 0.566406 0.003906 0.003906
2 0.805664 0.561523 0.013672 0.001953
2 0.792969 0.561523 0.007812 0.001953
2 0.782227 0.561523 0.005859 0.001953
2 0.735352 0.558594 0.005859 0.003906
2 0.983398 0.554688 0.001953 0.003906
2 0.973633 0.553711 0.001953 0.001953
2 0.988281 0.551758 0.003906 0.005859
2 0.958984 0.544922 0.023438 0.011719
2 0.832031 0.544922 0.054688 0.011719
2 0.864258 0.534180 0.005859 0.009766
2 0.949219 0.532227 0.027344 0.009766
2 0.757812 0.530273 0.003906 0.005859
2 0.988281 0.538086 0.023438 0.025391
2 0.966797 0.525391 0.003906 0.003906
2 0.818359 0.527344 0.007812 0.007812
2 0.776367 0.521484 0.005859 0.007812
2 0.894531 0.520508 0.007812 0.009766
2 0.882812 0.531250 0.035156 0.031250
2 0.980469 0.511719 0.007812 0.003906
2 0.882812 0.512695 0.003906 0.005859
2 0.840820 0.513672 0.005859 0.007812
2 0.794922 0.526367 0.039062 0.033203
2 0.860352 0.511719 0.005859 0.007812
2 0.999023 0.503906 0.001953 0.003906
2 0.872070 0.502930 0.001953 0.001953
2 0.811523 0.502930 0.001953 0.001953
2 0.903320 0.503906 0.009766 0.007812
2 0.824219 0.506836 0.015625 0.013672
2 0.920898 0.499023 0.009766 0.001953
2 0.950195 0.506836 0.044922 0.021484
2 0.788086 0.502930 0.017578 0.013672
2 0.993164 0.496094 0.013672 0.007812
2 0.843750 0.497070 0.015625 0.009766
2 0.740234 0.490234 0.003906 0.007812
2 0.968750 0.489258 0.011719 0.009766
2 0.833984 0.477539 0.003906 0.005859
2 0.799805 0.468750 0.005859 0.007812
2 0.764648 0.465820 0.005859 0.001953
2 0.992188 0.473633 0.015625 0.021484
2 0.967773 0.463867 0.001953 0.005859
2 0.891602 0.464844 0.005859 0.007812
2 0.957031 0.460938 0.007812 0.007812
2 0.833008 0.454102 0.005859 0.005859
3 0.698242 0.452148 0.001953 0.001953
2 0.797852 0.450195 0.005859 0.005859
2 0.839844 0.447266 0.015625 0.015625
3 0.954102 0.441406 0.001953 0.007812
2 0.808594 0.465820 0.070312 0.056641
2 0.606445 0.438477 0.001953 0.001953
3 0.599609 0.438477 0.003906 0.001953
2 0.816406 0.433594 0.007812 0.003906
2 0.928711 0.432617 0.005859 0.005859
2 0.682617 0.430664 0.001953 0.001953
2 0.918945 0.426758 0.001953 0.001953
2 0.704102 0.432617 0.029297 0.013672
2 0.679688 0.426758 0.003906 0.001953
3 0.586914 0.421875 0.005859 0.003906
3 0.701172 0.415039 0.003906 0.001953
3 0.674805 0.413086 0.005859 0.001953
3 0.657227 0.413086 0.001953 0.001953
2 0.921875 0.412109 0.015625 0.007812
2 0.793945 0.409180 0.001953 0.001953
3 0.701172 0.409180 0.003906 0.001953
3 0.695312 0.403320 0.003906 0.001953
2 0.819336 0.405273 0.017578 0.009766
2 0.787109 0.403320 0.015625 0.013672
2 0.756836 0.397461 0.001953 0.001953
2 0.784180 0.384766 0.009766 0.007812
2 0.767578 0.384766 0.015625 0.011719
2 0.911133 0.384766 0.009766 0.015625
2 0.802734 0.381836 0.015625 0.013672
2 0.846680 0.386719 0.048828 0.027344
2 0.870117 0.375977 0.009766 0.009766
2 0.953125 0.375977 0.011719 0.013672
2 0.772461 0.361328 0.009766 0.007812
2 0.819336 0.364258 0.029297 0.029297
2 0.896484 0.419922 0.125000 0.160156
3 0.903320 0.336914 0.001953 0.001953
3 0.906250 0.333984 0.003906 0.003906
2 0.849609 0.348633 0.027344 0.037109
2 0.821289 0.334961 0.025391 0.009766
3 0.915039 0.329102 0.001953 0.001953
3 0.910156 0.328125 0.003906 0.003906
3 0.888672 0.326172 0.007812 0.007812
2 0.875977 0.325195 0.013672 0.013672
3 0.893555 0.317383 0.001953 0.001953
2 0.848633 0.316406 0.005859 0.003906
3 0.890625 0.310547 0.003906 0.003906
2 0.861328 0.310547 0.003906 0.003906
3 0.834961 0.307617 0.001953 0.001953
3 0.895508 0.301758 0.001953 0.001953
3 0.850586 0.301758 0.001953 0.001953
3 0.868164 0.299805 0.005859 0.005859
3 0.885742 0.296875 0.005859 0.007812
3 0.854492 0.293945 0.001953 0.001953
3 0.873047 0.291016 0.003906 0.003906
3 0.850586 0.290039 0.001953 0.001953
3 0.854492 0.288086 0.001953 0.001953
3 0.897461 0.283203 0.001953 0.003906
2 0.963867 0.251953 0.005859 0.003906
2 0.949219 0.246094 0.015625 0.007812
2 0.966797 0.237305 0.007812 0.009766
2 0.918945 0.233398 0.001953 0.001953
2 0.865234 0.231445 0.007812 0.009766
2 0.918945 0.219727 0.009766 0.005859
2 0.893555 0.207031 0.017578 0.023438
2 0.940430 0.125977 0.009766 0.009766
2 0.924805 0.112305 0.001953 0.001953
2 0.918945 0.114258 0.005859 0.005859
2 0.928711 0.110352 0.001953 0.001953
2 0.922852 0.108398 0.001953 0.001953
2 0.936523 0.106445 0.009766 0.005859
2 0.938477 0.095703 0.005859 0.007812
2 0.931641 0.091797 0.003906 0.003906
2 0.963867 0.061523 0.005859 0.009766
3 0.500000 0.500000 1.000000 1.000000