0 0.595703 0.998047 0.015625 0.003906
1 0.473633 0.998047 0.005859 0.003906
0 0.782227 0.995117 0.001953 0.001953
0 0.774414 0.997070 0.013672 0.005859
0 0.753906 0.997070 0.011719 0.005859
1 0.043945 0.997070 0.013672 0.005859
0 0.818359 0.996094 0.011719 0.007812
1 0.053711 0.994141 0.001953 0.003906
1 0.460938 0.992188 0.003906 0.003906
1 0.456055 0.991211 0.001953 0.001953
0 0.911133 0.989258 0.001953 0.001953
0 0.802734 0.987305 0.003906 0.001953
1 0.441406 0.990234 0.015625 0.007812
1 0.973633 0.985352 0.001953 0.001953
0 0.640625 0.991211 0.058594 0.017578
0 0.009766 0.991211 0.019531 0.017578
1 0.021484 0.984375 0.027344 0.015625
0 0.002930 0.977539 0.005859 0.001953
0 0.899414 0.987305 0.037109 0.025391
0 0.852539 0.987305 0.052734 0.025391
0 0.760742 0.975586 0.001953 0.001953
0 0.892578 0.971680 0.003906 0.001953
1 0.678711 0.979492 0.025391 0.017578
0 0.763672 0.972656 0.003906 0.007812
1 0.293945 0.964844 0.001953 0.003906
0 0.885742 0.966797 0.005859 0.011719
0 0.750000 0.974609 0.027344 0.027344
1 0.125000 0.961914 0.003906 0.001953
1 0.119141 0.962891 0.003906 0.003906
1 0.286133 0.960938 0.009766 0.003906
1 0.190430 0.960938 0.005859 0.007812
0 0.830078 0.946289 0.003906 0.005859
0 0.518555 0.944336 0.001953 0.001953
1 0.034180 0.946289 0.005859 0.005859
1 0.010742 0.942383 0.001953 0.001953
1 0.972656 0.968750 0.054688 0.062500
0 0.846680 0.953125 0.029297 0.031250
0 0.791992 0.958984 0.056641 0.042969
0 0.547852 0.958008 0.076172 0.044922
1 0.000977 0.936523 0.001953 0.001953
0 0.581055 0.932617 0.001953 0.001953
1 0.875000 0.929688 0.003906 0.003906
0 0.866211 0.945312 0.017578 0.035156
0 0.802734 0.933594 0.011719 0.011719
0 0.549805 0.928711 0.001953 0.001953
0 0.545898 0.926758 0.001953 0.001953
0 0.579102 0.924805 0.001953 0.001953
1 0.892578 0.924805 0.011719 0.005859
1 0.584961 0.920898 0.001953 0.001953
0 0.985352 0.917969 0.005859 0.003906
1 0.584961 0.913086 0.001953 0.001953
1 0.367188 0.919922 0.011719 0.015625
0 0.183594 0.916016 0.007812 0.007812
0 0.579102 0.911133 0.001953 0.001953
1 0.763672 0.917969 0.015625 0.019531
0 0.178711 0.909180 0.001953 0.001953
1 0.406250 0.914062 0.015625 0.015625
0 0.006836 0.918945 0.013672 0.029297
1 0.931641 0.907227 0.019531 0.013672
0 0.397461 0.899414 0.001953 0.001953
1 0.833008 0.897461 0.001953 0.001953
1 0.999023 0.893555 0.001953 0.001953
1 0.833008 0.893555 0.001953 0.001953
1 0.770508 0.898438 0.013672 0.011719
0 0.389648 0.893555 0.001953 0.001953
1 0.430664 0.891602 0.001953 0.001953
1 0.777344 0.889648 0.003906 0.001953
0 0.397461 0.892578 0.005859 0.007812
1 0.844727 0.891602 0.017578 0.009766
1 0.423828 0.887695 0.003906 0.001953
0 0.387695 0.885742 0.001953 0.001953
1 0.980469 0.903320 0.031250 0.041016
1 0.846680 0.884766 0.005859 0.003906
0 0.390625 0.881836 0.003906 0.001953
0 0.163086 0.881836 0.001953 0.001953
0 0.032227 0.905273 0.025391 0.052734
1 0.678711 0.903320 0.111328 0.052734
0 0.505859 0.878906 0.003906 0.003906
1 0.780273 0.878906 0.005859 0.007812
0 0.525391 0.884766 0.031250 0.023438
1 0.436523 0.874023 0.001953 0.001953
1 0.332031 0.880859 0.011719 0.015625
1 0.089844 0.875000 0.003906 0.003906
1 0.875977 0.874023 0.005859 0.005859
1 0.784180 0.870117 0.001953 0.001953
1 0.334961 0.870117 0.001953 0.001953
1 0.946289 0.873047 0.009766 0.011719
0 0.411133 0.870117 0.013672 0.005859
1 0.902344 0.871094 0.007812 0.011719
1 0.691406 0.874023 0.015625 0.017578
1 0.903320 0.864258 0.001953 0.001953
0 0.395508 0.871094 0.013672 0.015625
1 0.741211 0.870117 0.009766 0.017578
1 0.381836 0.866211 0.009766 0.009766
1 0.690430 0.860352 0.001953 0.001953
0 0.562500 0.869141 0.019531 0.019531
1 0.430664 0.860352 0.009766 0.013672
1 0.024414 0.852539 0.001953 0.001953
1 0.330078 0.851562 0.007812 0.007812
1 0.291992 0.848633 0.001953 0.001953
1 0.288086 0.846680 0.001953 0.001953
1 0.268555 0.844727 0.001953 0.001953
1 0.792969 0.853516 0.015625 0.023438
0 0.479492 0.890625 0.091797 0.097656
0 0.016602 0.868164 0.033203 0.052734
0 0.166992 0.836914 0.001953 0.001953
0 0.048828 0.844727 0.011719 0.017578
0 0.158203 0.833984 0.003906 0.003906
0 0.184570 0.866211 0.044922 0.080078
0 0.715820 0.823242 0.001953 0.001953
1 0.001953 0.828125 0.003906 0.011719
0 0.568359 0.833008 0.027344 0.025391
0 0.715820 0.819336 0.001953 0.001953
1 0.111328 0.817383 0.003906 0.001953
1 0.920898 0.834961 0.044922 0.041016
0 0.515625 0.824219 0.027344 0.027344
1 0.093750 0.813477 0.007812 0.009766
1 0.000977 0.812500 0.001953 0.007812
1 0.719727 0.808594 0.001953 0.003906
0 0.711914 0.810547 0.009766 0.007812
0 0.453125 0.805664 0.003906 0.005859
0 0.715820 0.795898 0.001953 0.001953
0 0.557617 0.791992 0.001953 0.001953
1 0.716797 0.791016 0.003906 0.003906
1 0.990234 0.800781 0.019531 0.027344
0 0.454102 0.786133 0.001953 0.001953
1 0.166016 0.785156 0.003906 0.003906
0 0.682617 0.780273 0.001953 0.001953
0 0.427734 0.819336 0.050781 0.080078
0 0.706055 0.778320 0.001953 0.001953
1 0.417969 0.778320 0.003906 0.001953
1 0.173828 0.784180 0.007812 0.013672
1 0.179688 0.773438 0.003906 0.003906
1 0.998047 0.771484 0.003906 0.007812
0 0.661133 0.802734 0.103516 0.085938
1 0.608398 0.760742 0.001953 0.001953
1 0.026367 0.758789 0.001953 0.001953
1 0.646484 0.756836 0.003906 0.001953
1 0.830078 0.752930 0.003906 0.001953
1 0.137695 0.808594 0.048828 0.113281
1 0.185547 0.754883 0.003906 0.009766
0 0.992188 0.754883 0.015625 0.013672
0 0.849609 0.790039 0.066406 0.083984
0 0.653320 0.749023 0.005859 0.005859
1 0.142578 0.747070 0.003906 0.001953
1 0.365234 0.758789 0.027344 0.029297
1 0.290039 0.743164 0.001953 0.001953
0 0.233398 0.768555 0.033203 0.056641
1 0.283203 0.743164 0.007812 0.009766
1 0.015625 0.766602 0.031250 0.060547
0 0.842773 0.740234 0.009766 0.011719
1 0.282227 0.734375 0.001953 0.003906
1 0.750977 0.795898 0.068359 0.130859
1 0.288086 0.731445 0.001953 0.001953
1 0.862305 0.729492 0.001953 0.001953
0 0.882812 0.738281 0.019531 0.023438
0 0.200195 0.727539 0.001953 0.001953
0 0.868164 0.727539 0.005859 0.005859
0 0.200195 0.723633 0.001953 0.001953
0 0.750000 0.720703 0.011719 0.011719
0 0.743164 0.712891 0.001953 0.003906
1 0.202148 0.711914 0.001953 0.001953
0 0.681641 0.757812 0.070312 0.097656
1 0.304688 0.732422 0.035156 0.046875
0 0.959961 0.745117 0.080078 0.080078
1 0.256836 0.706055 0.001953 0.001953
0 0.735352 0.704102 0.001953 0.001953
0 0.929688 0.710938 0.015625 0.019531
1 0.516602 0.748047 0.166016 0.093750
1 0.239258 0.705078 0.009766 0.007812
1 0.186523 0.723633 0.029297 0.044922
1 0.028320 0.694336 0.001953 0.001953
0 0.971680 0.690430 0.001953 0.001953
0 0.877930 0.707031 0.056641 0.035156
0 0.985352 0.688477 0.001953 0.001953
0 0.978516 0.688477 0.007812 0.005859
1 0.855469 0.686523 0.003906 0.001953
0 0.987305 0.684570 0.001953 0.001953
0 0.784180 0.685547 0.009766 0.003906
1 0.338867 0.682617 0.001953 0.001953
1 0.000977 0.678711 0.001953 0.001953
1 0.489258 0.677734 0.001953 0.003906
1 0.022461 0.681641 0.021484 0.015625
0 0.383789 0.679688 0.013672 0.023438
0 0.427734 0.679688 0.050781 0.027344
1 0.341797 0.669922 0.003906 0.007812
1 0.998047 0.666992 0.003906 0.005859
1 0.424805 0.663086 0.001953 0.001953
1 0.867188 0.661133 0.007812 0.005859
0 0.709961 0.659180 0.001953 0.001953
1 0.631836 0.694336 0.052734 0.076172
1 0.631836 0.657227 0.001953 0.001953
0 0.939453 0.667969 0.039062 0.027344
1 0.998047 0.656250 0.003906 0.007812
0 0.368164 0.661133 0.025391 0.021484
1 0.063477 0.650391 0.001953 0.003906
1 0.643555 0.648438 0.001953 0.003906
1 0.527344 0.648438 0.003906 0.003906
1 0.637695 0.648438 0.005859 0.007812
1 0.032227 0.645508 0.001953 0.001953
1 0.641602 0.641602 0.001953 0.001953
0 0.362305 0.643555 0.009766 0.005859
1 0.073242 0.648438 0.013672 0.015625
1 0.034180 0.641602 0.001953 0.001953
0 0.891602 0.639648 0.001953 0.001953
1 0.545898 0.641602 0.005859 0.005859
1 0.083984 0.640625 0.003906 0.003906
0 0.346680 0.641602 0.013672 0.009766
1 0.034180 0.637695 0.001953 0.001953
1 0.029297 0.636719 0.003906 0.003906
1 0.534180 0.639648 0.017578 0.013672
0 0.362305 0.634766 0.001953 0.003906
0 0.356445 0.633789 0.001953 0.001953
1 0.461914 0.629883 0.001953 0.001953
0 0.362305 0.629883 0.001953 0.001953
1 0.087891 0.630859 0.003906 0.003906
1 0.538086 0.627930 0.001953 0.001953
1 0.009766 0.628906 0.003906 0.003906
1 0.670898 0.625977 0.001953 0.001953
1 0.465820 0.626953 0.009766 0.007812
1 0.454102 0.624023 0.001953 0.001953
1 0.003906 0.625000 0.003906 0.003906
1 0.835938 0.631836 0.027344 0.021484
1 0.458008 0.622070 0.001953 0.001953
1 0.659180 0.634766 0.025391 0.035156
1 0.169922 0.615234 0.003906 0.003906
1 0.176758 0.610352 0.001953 0.001953
0 0.197266 0.613281 0.015625 0.011719
1 0.172852 0.609375 0.001953 0.003906
0 0.176758 0.606445 0.001953 0.001953
0 0.257812 0.605469 0.007812 0.003906
0 0.004883 0.608398 0.009766 0.009766
1 0.176758 0.602539 0.001953 0.001953
1 0.652344 0.606445 0.011719 0.017578
0 0.224609 0.626953 0.050781 0.058594
0 0.713867 0.620117 0.029297 0.048828
0 0.699219 0.601562 0.007812 0.019531
1 0.587891 0.581055 0.003906 0.001953
1 0.583008 0.581055 0.001953 0.001953
1 0.579102 0.581055 0.001953 0.001953
1 0.118164 0.581055 0.001953 0.001953
0 0.882812 0.580078 0.003906 0.003906
1 0.573242 0.580078 0.005859 0.003906
1 0.155273 0.579102 0.001953 0.001953
0 0.930664 0.623047 0.091797 0.093750
1 0.592773 0.577148 0.001953 0.001953
1 0.118164 0.577148 0.005859 0.001953
1 0.108398 0.579102 0.009766 0.009766
0 0.327148 0.588867 0.017578 0.033203
1 0.227539 0.573242 0.001953 0.001953
1 0.124023 0.573242 0.001953 0.001953
0 0.847656 0.573242 0.003906 0.005859
1 0.186523 0.572266 0.001953 0.003906
0 0.973633 0.569336 0.001953 0.001953
1 0.510742 0.569336 0.001953 0.001953
1 0.208008 0.567383 0.001953 0.001953
1 0.129883 0.567383 0.001953 0.001953
0 0.995117 0.588867 0.009766 0.048828
0 0.848633 0.566406 0.001953 0.003906
1 0.168945 0.582031 0.033203 0.035156
1 0.496094 0.565430 0.007812 0.005859
0 0.755859 0.641602 0.089844 0.162109
1 0.185547 0.562500 0.003906 0.003906
0 0.481445 0.562500 0.017578 0.007812
0 0.471680 0.557617 0.001953 0.001953
1 0.186523 0.557617 0.001953 0.001953
1 0.003906 0.556641 0.003906 0.003906
1 0.237305 0.558594 0.009766 0.011719
0 0.934570 0.550781 0.001953 0.003906
1 0.750977 0.550781 0.001953 0.003906
1 0.744141 0.550781 0.007812 0.003906
1 0.574219 0.579102 0.093750 0.060547
1 0.172852 0.549805 0.001953 0.001953
1 0.151367 0.543945 0.001953 0.001953
0 0.932617 0.541992 0.001953 0.001953
1 0.162109 0.544922 0.015625 0.007812
1 0.126953 0.548828 0.015625 0.015625
0 0.928711 0.540039 0.001953 0.001953
1 0.922852 0.538086 0.001953 0.001953
1 0.211914 0.541992 0.009766 0.013672
1 0.077148 0.536133 0.001953 0.001953
1 0.089844 0.532227 0.003906 0.001953
1 0.073242 0.533203 0.001953 0.003906
1 0.227539 0.550781 0.033203 0.046875
1 0.100586 0.529297 0.001953 0.003906
1 0.072266 0.527344 0.003906 0.003906
0 0.874023 0.549805 0.044922 0.052734
0 0.766602 0.523438 0.001953 0.003906
1 0.067383 0.522461 0.001953 0.001953
1 0.186523 0.520508 0.001953 0.001953
1 0.018555 0.532227 0.037109 0.025391
1 0.191406 0.519531 0.003906 0.003906
0 0.940430 0.529297 0.025391 0.027344
0 0.514648 0.516602 0.001953 0.001953
1 0.000977 0.516602 0.001953 0.001953
1 0.831055 0.516602 0.013672 0.005859
1 0.210938 0.517578 0.003906 0.007812
1 0.055664 0.514648 0.009766 0.001953
1 0.206055 0.512695 0.001953 0.001953
1 0.010742 0.513672 0.001953 0.003906
0 0.479492 0.510742 0.001953 0.001953
1 0.196289 0.512695 0.013672 0.005859
0 0.474609 0.509766 0.003906 0.003906
0 0.778320 0.503906 0.001953 0.003906
1 0.770508 0.509766 0.009766 0.015625
0 0.709961 0.502930 0.001953 0.001953
1 0.014648 0.502930 0.001953 0.001953
1 0.382812 0.571289 0.179688 0.162109
1 0.291992 0.509766 0.021484 0.039062
1 0.893555 0.487305 0.001953 0.001953
1 0.079102 0.490234 0.029297 0.023438
0 0.846680 0.478516 0.001953 0.003906
1 0.202148 0.477539 0.001953 0.001953
1 0.039062 0.494141 0.078125 0.039062
1 0.125000 0.520508 0.148438 0.111328
0 0.857422 0.467773 0.031250 0.029297
0 0.318359 0.458008 0.007812 0.009766
0 0.312500 0.450195 0.003906 0.001953
0 0.145508 0.457031 0.009766 0.015625
1 0.049805 0.443359 0.005859 0.003906
1 0.104492 0.440430 0.001953 0.001953
0 0.897461 0.440430 0.009766 0.005859
1 0.028320 0.440430 0.017578 0.013672
0 0.225586 0.432617 0.001953 0.001953
1 0.677734 0.426758 0.003906 0.005859
0 0.899414 0.427734 0.005859 0.011719
0 0.844727 0.420898 0.001953 0.001953
0 0.112305 0.418945 0.001953 0.001953
0 0.696289 0.416992 0.001953 0.001953
1 0.778320 0.414062 0.001953 0.003906
1 0.750977 0.429688 0.064453 0.035156
1 0.725586 0.411133 0.001953 0.001953
0 0.698242 0.411133 0.001953 0.001953
0 0.281250 0.413086 0.003906 0.005859
0 0.877930 0.409180 0.001953 0.001953
0 0.694336 0.410156 0.009766 0.007812
0 0.287109 0.438477 0.046875 0.064453
1 0.003906 0.417969 0.007812 0.023438
0 0.874023 0.405273 0.001953 0.001953
1 0.001953 0.403320 0.003906 0.001953
1 0.197266 0.441406 0.070312 0.082031
0 0.707031 0.414062 0.011719 0.031250
1 0.000977 0.399414 0.001953 0.001953
0 0.692383 0.397461 0.001953 0.001953
1 0.112305 0.397461 0.001953 0.001953
1 0.133789 0.391602 0.001953 0.001953
0 0.844727 0.387695 0.001953 0.001953
0 0.852539 0.385742 0.009766 0.005859
1 0.397461 0.387695 0.009766 0.009766
1 0.323242 0.383789 0.001953 0.001953
0 0.276367 0.383789 0.001953 0.001953
0 0.837891 0.428711 0.050781 0.095703
0 0.261719 0.393555 0.023438 0.025391
0 0.854492 0.379883 0.001953 0.001953
0 0.264648 0.376953 0.005859 0.003906
0 0.911133 0.410156 0.048828 0.074219
1 0.546875 0.374023 0.003906 0.001953
1 0.145508 0.374023 0.001953 0.001953
1 0.031250 0.376953 0.011719 0.011719
0 0.918945 0.371094 0.001953 0.003906
0 0.687500 0.368164 0.003906 0.001953
1 0.138672 0.369141 0.003906 0.003906
1 0.133789 0.368164 0.001953 0.001953
1 0.922852 0.367188 0.001953 0.003906
0 0.688477 0.364258 0.001953 0.001953
1 0.005859 0.373047 0.011719 0.019531
1 0.127930 0.362305 0.001953 0.001953
1 0.136719 0.362305 0.007812 0.005859
1 0.126953 0.377930 0.019531 0.037109
0 0.493164 0.359375 0.005859 0.003906
1 0.715820 0.360352 0.005859 0.009766
0 0.598633 0.356445 0.001953 0.001953
1 0.131836 0.356445 0.001953 0.001953
0 0.311523 0.354492 0.001953 0.001953
0 0.127930 0.352539 0.001953 0.001953
1 0.931641 0.349609 0.003906 0.003906
0 0.231445 0.348633 0.001953 0.001953
1 0.114258 0.349609 0.001953 0.003906
0 0.301758 0.346680 0.005859 0.001953
0 0.226562 0.348633 0.003906 0.005859
0 0.321289 0.363281 0.021484 0.039062
0 0.227539 0.342773 0.001953 0.001953
0 0.756836 0.340820 0.001953 0.001953
0 0.997070 0.364258 0.005859 0.056641
0 0.205078 0.373047 0.031250 0.074219
1 0.178711 0.336914 0.001953 0.001953
1 0.100586 0.401367 0.083984 0.130859
0 0.661133 0.334961 0.001953 0.001953
1 0.555664 0.334961 0.001953 0.001953
1 0.541016 0.333984 0.003906 0.003906
1 0.174805 0.333008 0.001953 0.001953
1 0.365234 0.334961 0.007812 0.009766
1 0.532227 0.334961 0.009766 0.013672
1 0.396484 0.330078 0.011719 0.007812
0 0.897461 0.348633 0.041016 0.048828
0 0.463867 0.325195 0.001953 0.001953
0 0.897461 0.323242 0.001953 0.001953
0 0.909180 0.329102 0.009766 0.021484
1 0.592773 0.437500 0.341797 0.238281
1 0.550781 0.327148 0.023438 0.017578
0 0.308594 0.323242 0.007812 0.009766
1 0.176758 0.319336 0.001953 0.001953
1 0.170898 0.319336 0.001953 0.001953
0 0.463867 0.317383 0.001953 0.001953
1 0.116211 0.331055 0.013672 0.029297
1 0.111328 0.320312 0.003906 0.007812
1 0.011719 0.328125 0.007812 0.023438
0 0.455078 0.321289 0.011719 0.013672
0 0.141602 0.317383 0.001953 0.005859
0 0.463867 0.313477 0.001953 0.001953
0 0.447266 0.314453 0.003906 0.003906
0 0.297852 0.316406 0.005859 0.007812
1 0.185547 0.312500 0.015625 0.007812
1 0.727539 0.307617 0.001953 0.001953
0 0.495117 0.333008 0.056641 0.052734
0 0.481445 0.305664 0.001953 0.001953
0 0.377930 0.305664 0.001953 0.001953
0 0.374023 0.305664 0.001953 0.001953
0 0.485352 0.303711 0.001953 0.001953
0 0.437500 0.302734 0.003906 0.003906
0 0.207031 0.317383 0.039062 0.033203
0 0.371094 0.301758 0.003906 0.005859
0 0.227539 0.299805 0.001953 0.001953
1 0.588867 0.296875 0.005859 0.003906
1 0.449219 0.296875 0.003906 0.003906
0 0.438477 0.295898 0.001953 0.001953
0 0.744141 0.327148 0.070312 0.068359
0 0.370117 0.294922 0.001953 0.003906
1 0.219727 0.293945 0.001953 0.001953
1 0.106445 0.300781 0.009766 0.015625
0 0.291992 0.291992 0.001953 0.001953
0 0.824219 0.308594 0.031250 0.039062
1 0.190430 0.288086 0.001953 0.001953
1 0.146484 0.314453 0.050781 0.054688
0 0.969727 0.303711 0.017578 0.037109
1 0.041992 0.295898 0.017578 0.025391
0 0.958008 0.280273 0.005859 0.005859
1 0.551758 0.280273 0.009766 0.009766
0 0.836914 0.278320 0.009766 0.013672
1 0.864258 0.272461 0.005859 0.009766
0 0.307617 0.270508 0.001953 0.005859
1 0.104492 0.274414 0.017578 0.013672
1 0.025391 0.272461 0.019531 0.013672
1 0.180664 0.264648 0.001953 0.001953
1 0.951172 0.263672 0.003906 0.007812
1 0.696289 0.259766 0.001953 0.003906
1 0.620117 0.258789 0.001953 0.001953
1 0.706055 0.256836 0.001953 0.001953
1 0.138672 0.259766 0.007812 0.007812
1 0.145508 0.254883 0.001953 0.001953
1 0.141602 0.254883 0.001953 0.001953
1 0.190430 0.252930 0.001953 0.001953
0 0.980469 0.266602 0.039062 0.033203
0 0.331055 0.266602 0.044922 0.033203
1 0.137695 0.250977 0.001953 0.001953
1 0.618164 0.249023 0.001953 0.001953
1 0.170898 0.249023 0.001953 0.001953
1 0.118164 0.250977 0.005859 0.005859
0 0.704102 0.250000 0.005859 0.007812
0 0.692383 0.247070 0.001953 0.001953
1 0.144531 0.249023 0.007812 0.005859
0 0.301758 0.243164 0.001953 0.001953
1 0.160156 0.250000 0.015625 0.015625
1 0.751953 0.241211 0.003906 0.001953
1 0.002930 0.257812 0.005859 0.035156
0 0.493164 0.262695 0.029297 0.048828
1 0.129883 0.246094 0.013672 0.015625
1 0.016602 0.251953 0.017578 0.027344
0 0.375977 0.237305 0.005859 0.001953
1 0.118164 0.237305 0.005859 0.001953
1 0.108398 0.237305 0.001953 0.001953
1 0.459961 0.235352 0.001953 0.001953
1 0.156250 0.236328 0.003906 0.003906
1 0.122070 0.233398 0.001953 0.001953
0 0.370117 0.231445 0.001953 0.001953
0 0.331055 0.233398 0.005859 0.005859
1 0.127930 0.231445 0.001953 0.001953
1 0.632812 0.236328 0.019531 0.015625
1 0.495117 0.230469 0.001953 0.003906
0 0.327148 0.229492 0.001953 0.001953
1 0.868164 0.227539 0.001953 0.001953
0 0.557617 0.252930 0.052734 0.052734
1 0.432617 0.227539 0.001953 0.001953
1 0.040039 0.232422 0.009766 0.011719
0 0.368164 0.225586 0.001953 0.001953
0 0.399414 0.269531 0.068359 0.093750
0 0.296875 0.222656 0.003906 0.003906
1 0.288086 0.215820 0.001953 0.001953
1 0.853516 0.225586 0.023438 0.025391
1 0.291992 0.214844 0.001953 0.003906
1 0.113281 0.222656 0.019531 0.019531
0 0.999023 0.207031 0.001953 0.003906
1 0.735352 0.225586 0.087891 0.052734
0 0.559570 0.203125 0.017578 0.015625
1 0.101562 0.202148 0.023438 0.013672
0 0.874023 0.194336 0.001953 0.001953
0 0.594727 0.194336 0.001953 0.001953
0 0.980469 0.195312 0.003906 0.007812
1 0.268555 0.191406 0.005859 0.003906
1 0.887695 0.209961 0.033203 0.044922
0 0.872070 0.186523 0.001953 0.001953
1 0.141602 0.186523 0.001953 0.001953
0 0.989258 0.184570 0.001953 0.001953
0 0.424805 0.184570 0.001953 0.001953
1 0.135742 0.185547 0.005859 0.003906
0 0.599609 0.193359 0.011719 0.023438
1 0.072266 0.188477 0.027344 0.017578
0 0.600586 0.178711 0.001953 0.001953
0 0.421875 0.179688 0.003906 0.003906
0 0.987305 0.172852 0.001953 0.001953
1 0.655273 0.177734 0.017578 0.015625
0 0.979492 0.168945 0.001953 0.001953
1 0.264648 0.168945 0.001953 0.001953
0 0.417969 0.165039 0.003906 0.001953
1 0.260742 0.163086 0.001953 0.001953
1 0.143555 0.164062 0.001953 0.003906
1 0.259766 0.158203 0.003906 0.003906
1 0.268555 0.155273 0.001953 0.001953
1 0.124023 0.168945 0.033203 0.029297
1 0.358398 0.153320 0.001953 0.001953
1 0.264648 0.153320 0.001953 0.001953
1 0.041992 0.156250 0.009766 0.007812
1 0.274414 0.151367 0.001953 0.001953
1 0.820312 0.163086 0.019531 0.029297
1 0.746094 0.151367 0.003906 0.005859
1 0.715820 0.149414 0.001953 0.001953
0 0.573242 0.154297 0.005859 0.011719
0 0.541992 0.169922 0.052734 0.042969
0 0.745117 0.145508 0.001953 0.001953
1 0.032227 0.149414 0.005859 0.009766
0 0.587891 0.148438 0.015625 0.015625
0 0.312500 0.184570 0.078125 0.087891
1 0.134766 0.139648 0.007812 0.001953
1 0.243164 0.137695 0.001953 0.001953
1 0.887695 0.140625 0.017578 0.011719
1 0.132812 0.132812 0.003906 0.003906
1 0.855469 0.142578 0.039062 0.031250
1 0.110352 0.132812 0.017578 0.015625
0 0.881836 0.124023 0.001953 0.001953
0 0.438477 0.161133 0.033203 0.083984
0 0.405273 0.128906 0.013672 0.019531
0 0.551758 0.126953 0.029297 0.023438
0 0.363281 0.131836 0.015625 0.033203
1 0.062500 0.117188 0.007812 0.003906
0 0.890625 0.120117 0.015625 0.013672
1 0.290039 0.117188 0.009766 0.007812
1 0.111328 0.114258 0.003906 0.001953
1 0.041016 0.115234 0.003906 0.003906
0 0.881836 0.112305 0.001953 0.001953
1 0.915039 0.108398 0.001953 0.001953
1 0.177734 0.108398 0.003906 0.001953
1 0.092773 0.108398 0.001953 0.001953
0 0.905273 0.105469 0.001953 0.003906
1 0.078125 0.112305 0.023438 0.017578
0 0.879883 0.098633 0.001953 0.001953
0 0.883789 0.095703 0.001953 0.003906
0 0.458008 0.094727 0.001953 0.001953
1 0.186523 0.094727 0.001953 0.001953
1 0.497070 0.092773 0.001953 0.001953
0 0.454102 0.092773 0.001953 0.001953
1 0.367188 0.096680 0.015625 0.021484
1 0.185547 0.087891 0.011719 0.007812
0 0.776367 0.079102 0.001953 0.001953
1 0.486328 0.081055 0.003906 0.005859
0 0.391602 0.073242 0.001953 0.001953
0 0.347656 0.077148 0.003906 0.009766
0 0.870117 0.069336 0.001953 0.001953
1 0.208008 0.069336 0.001953 0.005859
1 0.204102 0.067383 0.001953 0.001953
0 0.602539 0.065430 0.001953 0.001953
0 0.559570 0.069336 0.017578 0.017578
0 0.381836 0.087891 0.052734 0.058594
0 0.861328 0.066406 0.011719 0.019531
0 0.315430 0.051758 0.001953 0.001953
0 0.319336 0.045898 0.001953 0.001953
0 0.940430 0.043945 0.001953 0.001953
0 0.967773 0.041992 0.001953 0.001953
0 0.963867 0.038086 0.001953 0.001953
0 0.937500 0.039062 0.003906 0.003906
0 0.293945 0.038086 0.001953 0.001953
0 0.590820 0.066406 0.064453 0.062500
0 0.579102 0.037109 0.005859 0.003906
0 0.451172 0.066406 0.085938 0.062500
1 0.407227 0.037109 0.001953 0.003906
1 0.896484 0.069336 0.046875 0.072266
1 0.000977 0.030273 0.001953 0.001953
0 0.526367 0.026367 0.001953 0.001953
1 0.016602 0.027344 0.017578 0.007812
1 0.991211 0.022461 0.001953 0.001953
0 0.985352 0.022461 0.001953 0.001953
0 0.746094 0.086914 0.066406 0.130859
0 0.477539 0.022461 0.001953 0.001953
1 0.403320 0.022461 0.001953 0.001953
0 0.979492 0.023438 0.005859 0.007812
0 0.719727 0.020508 0.001953 0.001953
0 0.871094 0.031250 0.027344 0.027344
1 0.180664 0.018555 0.001953 0.001953
1 0.186523 0.016602 0.001953 0.001953
0 0.862305 0.009766 0.001953 0.003906
0 0.825195 0.008789 0.001953 0.001953
0 0.255859 0.008789 0.003906 0.001953
0 0.979492 0.005859 0.001953 0.007812
0 0.971680 0.000977 0.001953 0.001953
1 0.953125 0.119141 0.093750 0.238281
0 0.862305 0.002930 0.009766 0.005859
0 0.829102 0.028320 0.029297 0.056641
0 0.735352 0.012695 0.033203 0.025391
0 0.660156 0.044922 0.097656 0.089844
0 0.527344 0.000977 0.003906 0.001953
0 0.475586 0.026367 0.107422 0.052734
1 0.287109 0.059570 0.156250 0.119141
1 0.157227 0.172852 0.314453 0.345703
2 0.772461 0.999023 0.001953 0.001953
2 0.630859 0.999023 0.007812 0.001953
2 0.752930 0.997070 0.001953 0.001953
2 0.002930 0.998047 0.005859 0.003906
2 0.854492 0.992188 0.005859 0.015625
3 0.989258 0.987305 0.021484 0.013672
3 0.970703 0.974609 0.003906 0.003906
3 0.989258 0.797852 0.001953 0.001953
3 0.995117 0.800781 0.009766 0.019531
3 0.927734 0.777344 0.003906 0.003906
3 0.000977 0.764648 0.001953 0.001953
2 0.941406 0.750977 0.003906 0.001953
2 0.932617 0.750977 0.001953 0.001953
2 0.983398 0.721680 0.005859 0.005859
3 0.005859 0.537109 0.003906 0.003906
3 0.004883 0.528320 0.001953 0.001953
3 0.006836 0.502930 0.001953 0.001953
2 0.977539 0.266602 0.001953 0.001953
2 0.996094 0.263672 0.007812 0.011719
2 0.288086 0.258789 0.001953 0.001953
2 0.262695 0.244141 0.009766 0.007812
3 0.239258 0.240234 0.005859 0.003906
2 0.272461 0.237305 0.001953 0.001953
2 0.270508 0.233398 0.001953 0.001953
3 0.258789 0.232422 0.005859 0.003906
3 0.182617 0.221680 0.001953 0.001953
3 0.272461 0.218750 0.005859 0.007812
3 0.272461 0.211914 0.001953 0.001953
3 0.272461 0.208008 0.001953 0.001953
3 0.192383 0.208008 0.001953 0.001953
3 0.141602 0.206055 0.001953 0.001953
3 0.225586 0.217773 0.056641 0.037109
3 0.190430 0.200195 0.001953 0.001953
3 0.200195 0.197266 0.009766 0.015625
3 0.184570 0.188477 0.013672 0.017578
3 0.241211 0.168945 0.001953 0.001953
3 0.238281 0.165039 0.003906 0.001953
3 0.239258 0.161133 0.001953 0.001953
3 0.231445 0.149414 0.001953 0.001953
2 0.980469 0.137695 0.007812 0.005859
3 0.197266 0.126953 0.007812 0.003906
3 0.016602 0.116211 0.001953 0.001953
3 0.170898 0.110352 0.001953 0.001953
3 0.016602 0.110352 0.001953 0.001953
3 0.163086 0.116211 0.021484 0.017578
3 0.000977 0.106445 0.001953 0.001953
2 0.307617 0.098633 0.001953 0.001953
3 0.124023 0.094727 0.001953 0.001953
3 0.000977 0.093750 0.001953 0.003906
3 0.156250 0.098633 0.011719 0.017578
3 0.153320 0.084961 0.001953 0.001953
3 0.063477 0.083984 0.009766 0.007812
3 0.110352 0.081055 0.005859 0.005859
3 0.067383 0.077148 0.001953 0.001953
3 0.001953 0.081055 0.003906 0.009766
3 0.955078 0.087891 0.023438 0.027344
3 0.160156 0.076172 0.015625 0.011719
3 0.061523 0.071289 0.001953 0.001953
3 0.952148 0.070312 0.001953 0.003906
2 0.682617 0.066406 0.005859 0.003906
2 0.161133 0.065430 0.001953 0.001953
3 0.101562 0.071289 0.011719 0.013672
3 0.092773 0.065430 0.001953 0.001953
3 0.950195 0.063477 0.001953 0.001953
2 0.299805 0.063477 0.001953 0.001953
3 0.097656 0.064453 0.003906 0.003906
2 0.317383 0.061523 0.001953 0.001953
2 0.307617 0.059570 0.001953 0.001953
3 0.147461 0.061523 0.001953 0.005859
3 0.055664 0.059570 0.001953 0.001953
3 0.918945 0.057617 0.001953 0.001953
2 0.295898 0.059570 0.005859 0.005859
3 0.933594 0.059570 0.011719 0.009766
2 0.679688 0.053711 0.015625 0.013672
3 0.024414 0.064453 0.037109 0.035156
3 0.999023 0.043945 0.001953 0.001953
3 0.176758 0.041992 0.001953 0.001953
3 0.007812 0.041992 0.003906 0.001953
3 0.014648 0.038086 0.001953 0.001953
3 0.344727 0.037109 0.001953 0.003906
2 0.824219 0.037109 0.007812 0.007812
3 0.274414 0.030273 0.001953 0.001953
2 0.506836 0.026367 0.001953 0.001953
2 0.963867 0.021484 0.001953 0.003906
2 0.959961 0.018555 0.001953 0.001953
2 0.954102 0.017578 0.001953 0.003906
2 0.471680 0.016602 0.001953 0.001953
2 0.286133 0.016602 0.001953 0.001953
2 0.125977 0.016602 0.001953 0.001953
2 0.290039 0.014648 0.001953 0.001953
2 0.494141 0.018555 0.011719 0.013672
2 0.687500 0.009766 0.003906 0.003906
2 0.681641 0.010742 0.003906 0.005859
2 0.307617 0.016602 0.013672 0.017578
2 0.958984 0.006836 0.003906 0.001953
2 0.974609 0.023438 0.050781 0.046875
2 0.741211 0.002930 0.005859 0.005859
2 0.694336 0.002930 0.009766 0.005859
3 0.252930 0.000977 0.001953 0.001953
3 0.500000 0.500000 1.000000 1.000000
3 0.082031 0.025391 0.046875 0.050781
3 0.055664 0.000977 0.001953 0.001953
3 0.020508 0.019531 0.041016 0.039062