1 0.994141 0.998047 0.003906 0.003906
1 0.218750 0.997070 0.003906 0.001953
1 0.043945 0.997070 0.001953 0.001953
1 0.920898 0.991211 0.001953 0.001953
1 0.916992 0.991211 0.001953 0.001953
1 0.389648 0.989258 0.001953 0.001953
1 0.906250 0.993164 0.015625 0.013672
1 0.129883 0.985352 0.001953 0.001953
1 0.833008 0.983398 0.001953 0.001953
1 0.428711 0.982422 0.001953 0.003906
1 0.993164 0.979492 0.001953 0.001953
1 0.982422 0.987305 0.027344 0.025391
1 0.811523 0.975586 0.001953 0.001953
1 0.624023 0.973633 0.005859 0.005859
1 0.760742 0.976562 0.017578 0.015625
1 0.659180 0.969727 0.005859 0.005859
1 0.544922 0.965820 0.003906 0.001953
1 0.840820 0.961914 0.001953 0.001953
1 0.833984 0.963867 0.003906 0.005859
1 0.000977 0.961914 0.001953 0.001953
1 0.452148 0.959961 0.001953 0.001953
1 0.547852 0.958984 0.001953 0.003906
1 0.838867 0.956055 0.001953 0.001953
1 0.829102 0.956055 0.001953 0.001953
1 0.458008 0.959961 0.005859 0.009766
1 0.842773 0.956055 0.001953 0.005859
1 0.415039 0.957031 0.009766 0.007812
1 0.886719 0.952148 0.003906 0.001953
1 0.413086 0.950195 0.001953 0.001953
1 0.202148 0.950195 0.001953 0.001953
1 0.193359 0.953125 0.003906 0.007812
1 0.440430 0.946289 0.001953 0.001953
1 0.288086 0.946289 0.001953 0.001953
1 0.006836 0.948242 0.005859 0.005859
1 0.649414 0.954102 0.021484 0.021484
1 0.174805 0.944336 0.001953 0.001953
1 0.981445 0.943359 0.013672 0.007812
1 0.405273 0.944336 0.013672 0.013672
1 0.400391 0.934570 0.011719 0.009766
1 0.238281 0.960938 0.074219 0.062500
1 0.186523 0.930664 0.001953 0.001953
1 0.411133 0.928711 0.001953 0.001953
1 0.202148 0.920898 0.001953 0.001953
1 0.096680 0.920898 0.001953 0.001953
1 0.832031 0.920898 0.007812 0.005859
1 0.059570 0.919922 0.009766 0.003906
1 0.096680 0.916992 0.001953 0.001953
1 0.265625 0.922852 0.023438 0.017578
1 0.830078 0.914062 0.003906 0.003906
1 0.186523 0.915039 0.013672 0.005859
1 0.884766 0.907227 0.003906 0.001953
1 0.896484 0.907227 0.011719 0.009766
1 0.338867 0.950195 0.119141 0.099609
1 0.299805 0.899414 0.001953 0.001953
1 0.307617 0.899414 0.005859 0.005859
1 0.293945 0.897461 0.001953 0.001953
1 0.198242 0.897461 0.001953 0.001953
1 0.041016 0.900391 0.003906 0.007812
1 0.178711 0.895508 0.001953 0.001953
1 0.791992 0.891602 0.001953 0.001953
1 0.776367 0.892578 0.001953 0.003906
1 0.309570 0.891602 0.001953 0.001953
1 0.657227 0.892578 0.005859 0.007812
1 0.077148 0.889648 0.001953 0.001953
1 0.182617 0.887695 0.001953 0.001953
1 0.765625 0.902344 0.039062 0.035156
1 0.282227 0.896484 0.017578 0.023438
1 0.276367 0.885742 0.001953 0.001953
1 0.452148 0.885742 0.009766 0.005859
1 0.270508 0.883789 0.001953 0.001953
1 0.085938 0.905273 0.027344 0.044922
1 0.647461 0.881836 0.001953 0.001953
1 0.643555 0.881836 0.001953 0.001953
1 0.513672 0.882812 0.007812 0.003906
1 0.778320 0.885742 0.029297 0.013672
1 0.274414 0.879883 0.001953 0.001953
1 0.266602 0.879883 0.001953 0.001953
1 0.317383 0.877930 0.005859 0.001953
1 0.230469 0.901367 0.058594 0.048828
1 0.365234 0.875977 0.003906 0.001953
1 0.280273 0.875977 0.005859 0.001953
1 0.273438 0.875977 0.003906 0.001953
1 0.498047 0.875977 0.007812 0.005859
1 0.112305 0.936523 0.224609 0.126953
1 0.362305 0.872070 0.001953 0.001953
1 0.662109 0.878906 0.023438 0.019531
1 0.460938 0.875977 0.023438 0.013672
1 0.357422 0.871094 0.003906 0.003906
1 0.360352 0.868164 0.001953 0.001953
1 0.364258 0.866211 0.001953 0.001953
1 0.125000 0.868164 0.003906 0.005859
1 0.650391 0.866211 0.007812 0.005859
1 0.870117 0.863281 0.009766 0.011719
1 0.410156 0.865234 0.015625 0.015625
1 0.123047 0.860352 0.003906 0.005859
1 0.231445 0.864258 0.021484 0.017578
1 0.232422 0.856445 0.003906 0.001953
1 0.223633 0.856445 0.001953 0.001953
1 0.166992 0.856445 0.001953 0.001953
1 0.692383 0.867188 0.017578 0.027344
1 0.338867 0.852539 0.001953 0.001953
1 0.333008 0.856445 0.005859 0.009766
1 0.234375 0.851562 0.003906 0.003906
1 0.166992 0.850586 0.001953 0.001953
1 0.396484 0.852539 0.003906 0.009766
1 0.331055 0.848633 0.001953 0.001953
1 0.586914 0.844727 0.001953 0.001953
1 0.344727 0.844727 0.001953 0.001953
1 0.155273 0.844727 0.001953 0.001953
1 0.665039 0.843750 0.001953 0.003906
1 0.579102 0.840820 0.001953 0.001953
1 0.154297 0.840820 0.003906 0.001953
1 0.137695 0.840820 0.001953 0.001953
1 0.366211 0.838867 0.001953 0.001953
1 0.333008 0.841797 0.009766 0.007812
1 0.298828 0.839844 0.007812 0.007812
1 0.747070 0.834961 0.001953 0.001953
1 0.491211 0.834961 0.001953 0.001953
1 0.291992 0.834961 0.001953 0.001953
1 0.110352 0.834961 0.001953 0.001953
1 0.068359 0.836914 0.007812 0.005859
1 0.237305 0.841797 0.009766 0.019531
1 0.203125 0.861328 0.058594 0.058594
1 0.159180 0.835938 0.005859 0.007812
1 0.753906 0.833008 0.003906 0.005859
1 0.669922 0.832031 0.003906 0.003906
1 0.341797 0.831055 0.003906 0.001953
1 0.676758 0.829102 0.001953 0.001953
1 0.571289 0.835938 0.021484 0.015625
1 0.211914 0.829102 0.001953 0.001953
1 0.063477 0.829102 0.001953 0.001953
1 0.053711 0.831055 0.001953 0.005859
1 0.488281 0.831055 0.011719 0.009766
1 0.340820 0.827148 0.001953 0.001953
1 0.208008 0.828125 0.001953 0.003906
1 0.258789 0.825195 0.001953 0.001953
1 0.229492 0.825195 0.001953 0.001953
1 0.196289 0.828125 0.005859 0.007812
1 0.053711 0.825195 0.001953 0.001953
1 0.599609 0.827148 0.015625 0.009766
1 0.218750 0.825195 0.003906 0.005859
1 0.190430 0.823242 0.001953 0.001953
1 0.104492 0.821289 0.001953 0.001953
1 0.038086 0.834961 0.021484 0.029297
1 0.341797 0.821289 0.003906 0.005859
1 0.149414 0.828125 0.037109 0.019531
1 0.086914 0.819336 0.001953 0.001953
1 0.657227 0.817383 0.001953 0.001953
1 0.219727 0.817383 0.001953 0.001953
1 0.075195 0.827148 0.025391 0.021484
1 0.879883 0.824219 0.009766 0.019531
1 0.342773 0.815430 0.001953 0.001953
1 0.473633 0.813477 0.001953 0.001953
1 0.159180 0.814453 0.005859 0.003906
1 0.469727 0.811523 0.001953 0.001953
1 0.241211 0.811523 0.001953 0.001953
1 0.451172 0.809570 0.003906 0.001953
1 0.641602 0.829102 0.041016 0.044922
1 0.521484 0.815430 0.007812 0.017578
1 0.176758 0.807617 0.001953 0.001953
1 0.008789 0.808594 0.001953 0.003906
1 0.850586 0.803711 0.001953 0.001953
1 0.846680 0.803711 0.001953 0.001953
1 0.363281 0.833008 0.050781 0.060547
1 0.342773 0.804688 0.001953 0.003906
1 0.512695 0.801758 0.001953 0.001953
1 0.489258 0.801758 0.001953 0.001953
1 0.334961 0.801758 0.001953 0.001953
1 0.169922 0.802734 0.003906 0.003906
1 0.016602 0.801758 0.001953 0.001953
1 0.856445 0.799805 0.001953 0.001953
1 0.852539 0.799805 0.001953 0.001953
1 0.635742 0.800781 0.009766 0.003906
1 0.458008 0.800781 0.001953 0.003906
1 0.692383 0.803711 0.009766 0.013672
1 0.652344 0.799805 0.007812 0.005859
1 0.635742 0.795898 0.001953 0.001953
1 0.450195 0.795898 0.001953 0.001953
1 0.443359 0.796875 0.003906 0.003906
1 0.726562 0.794922 0.003906 0.003906
1 0.344727 0.793945 0.001953 0.001953
1 0.258789 0.794922 0.001953 0.003906
1 0.153320 0.797852 0.009766 0.009766
1 0.078125 0.792969 0.003906 0.003906
1 0.511719 0.792969 0.003906 0.007812
1 0.497070 0.792969 0.009766 0.007812
1 0.422852 0.790039 0.001953 0.001953
1 0.349609 0.790039 0.003906 0.001953
1 0.147461 0.790039 0.001953 0.001953
1 0.020508 0.792969 0.009766 0.011719
1 0.561523 0.793945 0.009766 0.017578
1 0.418945 0.786133 0.001953 0.001953
1 0.400391 0.795898 0.015625 0.021484
1 0.113281 0.785156 0.003906 0.003906
1 0.704102 0.783203 0.001953 0.003906
1 0.623047 0.784180 0.007812 0.005859
1 0.518555 0.783203 0.001953 0.003906
1 0.512695 0.783203 0.001953 0.003906
1 0.193359 0.800781 0.046875 0.039062
1 0.141602 0.782227 0.001953 0.001953
1 0.077148 0.782227 0.001953 0.001953
1 0.022461 0.782227 0.001953 0.001953
1 0.722656 0.784180 0.003906 0.009766
1 0.250977 0.780273 0.001953 0.001953
1 0.112305 0.780273 0.001953 0.001953
1 0.450195 0.779297 0.001953 0.003906
1 0.256836 0.778320 0.001953 0.001953
1 0.241211 0.778320 0.001953 0.001953
1 0.233398 0.778320 0.001953 0.001953
1 0.651367 0.776367 0.001953 0.001953
1 0.473633 0.795898 0.033203 0.041016
1 0.145508 0.780273 0.005859 0.009766
1 0.032227 0.777344 0.001953 0.003906
1 0.682617 0.776367 0.009766 0.005859
1 0.526367 0.780273 0.005859 0.013672
1 0.524414 0.774414 0.001953 0.001953
1 0.678711 0.770508 0.001953 0.001953
1 0.359375 0.773438 0.007812 0.007812
1 0.286133 0.770508 0.001953 0.001953
1 0.102539 0.793945 0.041016 0.048828
1 0.809570 0.768555 0.001953 0.001953
1 0.397461 0.772461 0.009766 0.009766
1 0.327148 0.768555 0.001953 0.001953
1 0.070312 0.771484 0.011719 0.007812
1 0.545898 0.776367 0.025391 0.021484
1 0.514648 0.772461 0.013672 0.013672
1 0.429688 0.766602 0.003906 0.001953
1 0.025391 0.772461 0.007812 0.013672
1 0.937500 0.778320 0.027344 0.029297
1 0.349609 0.773438 0.007812 0.019531
1 0.298828 0.804688 0.074219 0.082031
1 0.297852 0.764648 0.001953 0.001953
1 0.233398 0.762695 0.001953 0.001953
1 0.798828 0.770508 0.015625 0.021484
1 0.364258 0.760742 0.001953 0.001953
1 0.212891 0.766602 0.023438 0.013672
1 0.397461 0.758789 0.001953 0.001953
1 0.241211 0.758789 0.001953 0.001953
1 0.129883 0.756836 0.001953 0.001953
1 0.666992 0.754883 0.001953 0.001953
1 0.025391 0.758789 0.007812 0.009766
1 0.625977 0.758789 0.017578 0.013672
1 0.375977 0.752930 0.001953 0.001953
1 0.301758 0.752930 0.001953 0.001953
1 0.266602 0.752930 0.001953 0.001953
1 0.129883 0.752930 0.001953 0.001953
1 0.291992 0.751953 0.005859 0.003906
1 0.254883 0.761719 0.021484 0.023438
1 0.241211 0.752930 0.005859 0.005859
1 0.231445 0.750977 0.001953 0.001953
1 0.706055 0.748047 0.001953 0.003906
1 0.686523 0.762695 0.037109 0.033203
1 0.671875 0.748047 0.003906 0.003906
1 0.374023 0.748047 0.001953 0.003906
1 0.333984 0.749023 0.007812 0.005859
1 0.084961 0.749023 0.001953 0.005859
1 0.549805 0.747070 0.005859 0.005859
1 0.518555 0.745117 0.001953 0.001953
1 0.505859 0.743164 0.003906 0.001953
1 0.543945 0.744141 0.005859 0.007812
1 0.352539 0.741211 0.001953 0.001953
1 0.256836 0.742188 0.001953 0.003906
1 0.207031 0.742188 0.003906 0.003906
1 0.510742 0.748047 0.013672 0.019531
1 0.379883 0.739258 0.001953 0.001953
1 0.263672 0.741211 0.003906 0.005859
1 0.179688 0.738281 0.003906 0.003906
1 0.474609 0.738281 0.007812 0.007812
1 0.254883 0.735352 0.001953 0.001953
1 0.463867 0.734375 0.001953 0.003906
1 0.713867 0.730469 0.001953 0.003906
1 0.463867 0.729492 0.001953 0.001953
1 0.254883 0.730469 0.001953 0.003906
1 0.403320 0.725586 0.001953 0.001953
1 0.381836 0.725586 0.001953 0.001953
1 0.637695 0.723633 0.001953 0.001953
1 0.397461 0.723633 0.001953 0.001953
1 0.268555 0.723633 0.001953 0.001953
1 0.143555 0.723633 0.001953 0.001953
1 0.523438 0.725586 0.007812 0.009766
1 0.463867 0.717773 0.001953 0.001953
1 0.111328 0.719727 0.003906 0.005859
1 0.081055 0.717773 0.001953 0.001953
1 0.720703 0.723633 0.007812 0.017578
1 0.702148 0.719727 0.005859 0.009766
1 0.411133 0.715820 0.001953 0.001953
1 0.084961 0.715820 0.001953 0.001953
1 0.570312 0.713867 0.003906 0.001953
1 0.256836 0.713867 0.001953 0.001953
1 0.235352 0.713867 0.001953 0.001953
1 0.381836 0.711914 0.001953 0.001953
1 0.701172 0.708984 0.003906 0.003906
1 0.481445 0.708008 0.001953 0.001953
1 0.112305 0.708984 0.001953 0.003906
1 0.603516 0.735352 0.062500 0.060547
1 0.071289 0.710938 0.009766 0.011719
1 0.432617 0.702148 0.001953 0.001953
1 0.258789 0.702148 0.001953 0.001953
1 0.395508 0.702148 0.005859 0.005859
1 0.344727 0.700195 0.001953 0.001953
1 0.450195 0.692383 0.001953 0.001953
1 0.235352 0.692383 0.001953 0.001953
1 0.797852 0.689453 0.001953 0.003906
1 0.180664 0.688477 0.001953 0.001953
1 0.464844 0.697266 0.023438 0.023438
1 0.250000 0.700195 0.035156 0.029297
1 0.367188 0.686523 0.007812 0.005859
1 0.090820 0.684570 0.005859 0.001953
1 0.072266 0.692383 0.023438 0.017578
1 0.450195 0.682617 0.001953 0.001953
1 0.088867 0.680664 0.001953 0.001953
1 0.428711 0.731445 0.056641 0.115234
1 0.490234 0.680664 0.019531 0.017578
1 0.808594 0.672852 0.003906 0.005859
0 0.420898 0.668945 0.001953 0.001953
1 0.908203 0.673828 0.011719 0.019531
0 0.416992 0.665039 0.001953 0.001953
1 0.319336 0.703125 0.119141 0.082031
1 0.341797 0.666016 0.015625 0.007812
1 0.222656 0.666016 0.011719 0.011719
1 0.856445 0.659180 0.001953 0.001953
1 0.486328 0.657227 0.003906 0.001953
1 0.819336 0.647461 0.001953 0.001953
1 0.340820 0.650391 0.009766 0.007812
1 0.235352 0.654297 0.009766 0.015625
1 0.479492 0.654297 0.041016 0.023438
1 0.215820 0.643555 0.001953 0.001953
1 0.518555 0.641602 0.001953 0.001953
1 0.439453 0.641602 0.003906 0.005859
1 0.524414 0.637695 0.001953 0.001953
1 0.520508 0.637695 0.001953 0.001953
1 0.444336 0.638672 0.001953 0.003906
1 0.356445 0.642578 0.009766 0.011719
1 0.368164 0.635742 0.001953 0.001953
1 0.603516 0.639648 0.011719 0.013672
1 0.520508 0.633789 0.001953 0.001953
1 0.458008 0.631836 0.001953 0.001953
1 0.826172 0.636719 0.019531 0.015625
1 0.969727 0.630859 0.009766 0.007812
1 0.656250 0.626953 0.023438 0.015625
1 0.522461 0.620117 0.001953 0.001953
1 0.175781 0.621094 0.003906 0.003906
1 0.356445 0.620117 0.005859 0.005859
1 0.195312 0.620117 0.003906 0.005859
1 0.288086 0.617188 0.009766 0.007812
1 0.842773 0.613281 0.005859 0.003906
1 0.871094 0.612305 0.003906 0.005859
1 0.237305 0.613281 0.005859 0.007812
1 0.323242 0.608398 0.001953 0.001953
1 0.453125 0.607422 0.011719 0.003906
1 0.354492 0.606445 0.001953 0.001953
1 0.309570 0.606445 0.001953 0.001953
1 0.305664 0.606445 0.001953 0.001953
1 0.202148 0.607422 0.001953 0.003906
1 0.184570 0.606445 0.005859 0.001953
1 0.315430 0.607422 0.009766 0.007812
1 0.007812 0.611328 0.015625 0.015625
1 0.354492 0.602539 0.001953 0.001953
1 0.303711 0.602539 0.001953 0.001953
1 0.739258 0.600586 0.001953 0.001953
1 0.691406 0.602539 0.003906 0.005859
1 0.797852 0.603516 0.009766 0.011719
1 0.841797 0.601562 0.015625 0.011719
1 0.863281 0.604492 0.019531 0.021484
1 0.803711 0.595703 0.005859 0.003906
1 0.831055 0.593750 0.001953 0.003906
1 0.551758 0.594727 0.005859 0.005859
1 0.178711 0.592773 0.001953 0.001953
1 0.460938 0.599609 0.011719 0.019531
1 0.125000 0.590820 0.003906 0.001953
1 0.120117 0.590820 0.001953 0.001953
1 0.116211 0.591797 0.001953 0.003906
1 0.751953 0.588867 0.003906 0.001953
1 0.187500 0.595703 0.011719 0.015625
1 0.120117 0.586914 0.001953 0.001953
1 0.791992 0.589844 0.013672 0.011719
1 0.534180 0.584961 0.001953 0.001953
1 0.305664 0.584961 0.001953 0.001953
1 0.146484 0.652344 0.117188 0.136719
1 0.124023 0.584961 0.001953 0.001953
1 0.752930 0.583008 0.001953 0.001953
1 0.741211 0.583008 0.001953 0.001953
1 0.529297 0.583008 0.003906 0.001953
1 0.802734 0.583008 0.003906 0.005859
1 0.774414 0.581055 0.001953 0.001953
1 0.976562 0.586914 0.015625 0.017578
1 0.287109 0.585938 0.023438 0.015625
1 0.270508 0.579102 0.001953 0.001953
1 0.782227 0.577148 0.001953 0.001953
1 0.660156 0.577148 0.003906 0.001953
1 0.655273 0.577148 0.001953 0.001953
1 0.629883 0.578125 0.001953 0.003906
1 0.428711 0.577148 0.001953 0.001953
1 0.981445 0.575195 0.001953 0.001953
1 0.063477 0.575195 0.001953 0.001953
1 0.277344 0.572266 0.003906 0.003906
1 0.066406 0.571289 0.003906 0.001953
1 0.280273 0.569336 0.001953 0.001953
1 0.961914 0.567383 0.001953 0.001953
1 0.668945 0.567383 0.001953 0.001953
1 0.401367 0.603516 0.083984 0.074219
1 0.012695 0.572266 0.009766 0.011719
1 0.885742 0.566406 0.001953 0.003906
1 0.419922 0.565430 0.003906 0.001953
1 0.375977 0.565430 0.001953 0.001953
1 0.372070 0.565430 0.001953 0.001953
1 0.289062 0.565430 0.003906 0.001953
1 0.272461 0.565430 0.001953 0.001953
1 0.072266 0.566406 0.003906 0.003906
1 0.067383 0.565430 0.001953 0.001953
1 0.777344 0.566406 0.003906 0.007812
1 0.673828 0.563477 0.003906 0.001953
1 0.435547 0.568359 0.015625 0.011719
1 0.012695 0.563477 0.001953 0.001953
1 0.652344 0.564453 0.007812 0.007812
1 0.422852 0.561523 0.001953 0.001953
1 0.416016 0.559570 0.003906 0.001953
1 0.058594 0.560547 0.003906 0.003906
1 0.051758 0.560547 0.001953 0.003906
1 0.012695 0.557617 0.001953 0.001953
1 0.747070 0.555664 0.001953 0.001953
1 0.813477 0.554688 0.001953 0.003906
1 0.993164 0.551758 0.001953 0.001953
1 0.949219 0.554688 0.011719 0.007812
1 0.741211 0.553711 0.005859 0.005859
1 0.647461 0.551758 0.001953 0.001953
1 0.959961 0.556641 0.005859 0.015625
1 0.901367 0.549805 0.001953 0.001953
1 0.735352 0.549805 0.001953 0.001953
1 0.415039 0.549805 0.001953 0.001953
1 0.297852 0.549805 0.001953 0.001953
1 0.059570 0.549805 0.001953 0.001953
1 0.245117 0.547852 0.001953 0.001953
1 0.620117 0.545898 0.001953 0.001953
1 0.545898 0.545898 0.001953 0.001953
1 0.409180 0.545898 0.001953 0.001953
1 0.358398 0.545898 0.001953 0.001953
1 0.175781 0.560547 0.027344 0.031250
1 0.045898 0.546875 0.001953 0.003906
1 0.270508 0.543945 0.001953 0.001953
1 0.102539 0.543945 0.001953 0.001953
1 0.890625 0.544922 0.003906 0.007812
1 0.534180 0.541992 0.001953 0.001953
1 0.244141 0.542969 0.003906 0.003906
1 0.042969 0.542969 0.003906 0.003906
1 0.882812 0.545898 0.007812 0.013672
1 0.847656 0.540039 0.003906 0.001953
1 0.836914 0.540039 0.001953 0.001953
1 0.820312 0.541016 0.003906 0.003906
1 0.493164 0.563477 0.103516 0.052734
1 0.266602 0.539062 0.005859 0.003906
1 0.254883 0.577148 0.048828 0.080078
1 0.086914 0.539062 0.001953 0.003906
1 0.098633 0.540039 0.001953 0.009766
1 0.520508 0.534180 0.001953 0.001953
1 0.842773 0.532227 0.001953 0.001953
1 0.836914 0.534180 0.001953 0.005859
1 0.423828 0.533203 0.011719 0.007812
1 0.840820 0.528320 0.001953 0.001953
1 0.153320 0.528320 0.001953 0.001953
1 0.983398 0.542969 0.033203 0.035156
1 0.833008 0.524414 0.001953 0.001953
1 0.129883 0.522461 0.001953 0.001953
1 0.118164 0.522461 0.001953 0.001953
1 0.549805 0.520508 0.001953 0.001953
1 0.301758 0.520508 0.001953 0.001953
1 0.000977 0.520508 0.001953 0.001953
1 0.697266 0.519531 0.003906 0.003906
1 0.665039 0.518555 0.001953 0.001953
1 0.651367 0.518555 0.001953 0.001953
1 0.563477 0.519531 0.009766 0.007812
1 0.284180 0.516602 0.001953 0.001953
1 0.534180 0.522461 0.021484 0.017578
1 0.000977 0.514648 0.001953 0.001953
1 0.826172 0.524414 0.019531 0.025391
1 0.407227 0.512695 0.001953 0.001953
1 0.112305 0.512695 0.001953 0.001953
1 0.630859 0.513672 0.003906 0.007812
1 0.549805 0.510742 0.001953 0.001953
1 0.019531 0.535156 0.039062 0.050781
1 0.946289 0.508789 0.001953 0.001953
1 0.299805 0.508789 0.001953 0.001953
1 0.925781 0.530273 0.046875 0.048828
1 0.104492 0.506836 0.001953 0.001953
1 0.098633 0.506836 0.001953 0.001953
1 0.502930 0.512695 0.009766 0.017578
1 0.486328 0.512695 0.019531 0.017578
1 0.535156 0.503906 0.003906 0.003906
1 0.506836 0.502930 0.001953 0.001953
1 0.493164 0.502930 0.001953 0.001953
1 0.077148 0.502930 0.001953 0.001953
1 0.927734 0.502930 0.003906 0.005859
1 0.310547 0.504883 0.011719 0.009766
0 0.291992 0.504883 0.013672 0.009766
1 0.089844 0.509766 0.015625 0.023438
1 0.012695 0.500977 0.021484 0.005859
1 0.905273 0.497070 0.001953 0.001953
1 0.520508 0.498047 0.005859 0.003906
1 0.506836 0.498047 0.001953 0.003906
1 0.309570 0.497070 0.001953 0.001953
1 0.924805 0.495117 0.001953 0.001953
1 0.541992 0.495117 0.001953 0.001953
1 0.905273 0.493164 0.001953 0.001953
1 0.840820 0.498047 0.009766 0.011719
1 0.520508 0.493164 0.001953 0.001953
1 0.510742 0.493164 0.009766 0.005859
1 0.879883 0.489258 0.001953 0.001953
1 0.831055 0.489258 0.001953 0.001953
1 0.553711 0.489258 0.001953 0.001953
1 0.957031 0.489258 0.003906 0.005859
1 0.133789 0.487305 0.001953 0.001953
1 0.952148 0.485352 0.001953 0.001953
1 0.838867 0.485352 0.001953 0.001953
1 0.147461 0.485352 0.001953 0.001953
1 0.563477 0.483398 0.001953 0.001953
1 0.145508 0.481445 0.001953 0.001953
1 0.890625 0.486328 0.011719 0.015625
1 0.152344 0.501953 0.082031 0.046875
1 0.071289 0.477539 0.001953 0.001953
0 0.383789 0.475586 0.001953 0.001953
1 0.537109 0.484375 0.031250 0.023438
1 0.845703 0.475586 0.011719 0.013672
1 0.848633 0.465820 0.001953 0.001953
1 0.841797 0.465820 0.003906 0.001953
1 0.234375 0.467773 0.003906 0.005859
1 0.526367 0.464844 0.005859 0.003906
1 0.505859 0.465820 0.007812 0.005859
1 0.767578 0.466797 0.023438 0.011719
1 0.184570 0.477539 0.029297 0.033203
1 0.940430 0.459961 0.001953 0.001953
1 0.643555 0.459961 0.001953 0.001953
1 0.489258 0.459961 0.001953 0.001953
1 0.224609 0.460938 0.003906 0.003906
1 0.508789 0.458984 0.001953 0.003906
1 0.223633 0.456055 0.001953 0.001953
1 0.030273 0.456055 0.001953 0.001953
1 0.618164 0.454102 0.001953 0.001953
1 0.242188 0.454102 0.003906 0.001953
1 0.010742 0.454102 0.001953 0.001953
1 0.543945 0.459961 0.033203 0.017578
1 0.080078 0.549805 0.160156 0.197266
1 0.657227 0.450195 0.001953 0.001953
1 0.614258 0.448242 0.001953 0.001953
1 0.992188 0.450195 0.015625 0.017578
1 0.993164 0.442383 0.001953 0.001953
1 0.674805 0.442383 0.001953 0.001953
1 0.577148 0.442383 0.001953 0.001953
1 0.845703 0.441406 0.003906 0.003906
1 0.057617 0.447266 0.037109 0.019531
1 0.971680 0.436523 0.001953 0.001953
1 0.200195 0.436523 0.001953 0.001953
1 0.987305 0.434570 0.001953 0.001953
1 0.940430 0.434570 0.001953 0.001953
1 0.567383 0.435547 0.001953 0.003906
1 0.372070 0.434570 0.001953 0.001953
1 0.550781 0.437500 0.003906 0.011719
1 0.086914 0.433594 0.001953 0.003906
1 0.898438 0.430664 0.003906 0.001953
1 0.566406 0.430664 0.003906 0.001953
1 0.418945 0.431641 0.001953 0.003906
1 0.126953 0.435547 0.023438 0.011719
1 0.940430 0.429688 0.001953 0.003906
1 0.837891 0.435547 0.003906 0.015625
1 0.577148 0.426758 0.001953 0.001953
1 0.561523 0.426758 0.001953 0.001953
1 0.156250 0.433594 0.011719 0.015625
1 0.779297 0.438477 0.027344 0.029297
1 0.568359 0.424805 0.003906 0.001953
1 0.321289 0.424805 0.001953 0.001953
1 0.431641 0.429688 0.011719 0.015625
1 0.103516 0.430664 0.023438 0.017578
1 0.852539 0.431641 0.017578 0.023438
1 0.840820 0.420898 0.001953 0.001953
1 0.415039 0.421875 0.001953 0.003906
1 0.863281 0.421875 0.007812 0.007812
1 0.426758 0.416992 0.001953 0.001953
1 0.782227 0.415039 0.001953 0.001953
1 0.753906 0.416992 0.007812 0.005859
1 0.904297 0.458984 0.074219 0.093750
1 0.905273 0.413086 0.001953 0.001953
1 0.451172 0.413086 0.003906 0.001953
1 0.420898 0.413086 0.001953 0.001953
1 0.726562 0.412109 0.003906 0.003906
1 0.710938 0.411133 0.003906 0.001953
1 0.921875 0.409180 0.003906 0.001953
1 0.916016 0.409180 0.003906 0.001953
1 0.028320 0.409180 0.001953 0.001953
1 0.338867 0.407227 0.001953 0.001953
1 0.093750 0.407227 0.003906 0.001953
1 0.078125 0.408203 0.003906 0.003906
1 0.567383 0.405273 0.001953 0.001953
1 0.456055 0.405273 0.001953 0.001953
1 0.103516 0.405273 0.011719 0.005859
1 0.685547 0.500977 0.285156 0.201172
1 0.669922 0.406250 0.007812 0.011719
1 0.567383 0.401367 0.001953 0.001953
1 0.098633 0.401367 0.001953 0.001953
1 0.939453 0.399414 0.003906 0.001953
1 0.458008 0.399414 0.001953 0.001953
1 0.747070 0.395508 0.001953 0.001953
1 0.717773 0.401367 0.013672 0.013672
1 0.193359 0.396484 0.003906 0.003906
1 0.034180 0.395508 0.001953 0.001953
1 0.690430 0.393555 0.001953 0.001953
1 0.415039 0.498047 0.255859 0.210938
1 0.434570 0.393555 0.001953 0.005859
1 0.017578 0.421875 0.035156 0.062500
1 0.713867 0.389648 0.001953 0.001953
1 0.194336 0.390625 0.005859 0.003906
1 0.766602 0.403320 0.033203 0.033203
1 0.446289 0.398438 0.017578 0.023438
1 0.926758 0.387695 0.005859 0.005859
1 0.713867 0.385742 0.001953 0.001953
1 0.204102 0.418945 0.091797 0.068359
1 0.810547 0.405273 0.035156 0.044922
0 0.394531 0.384766 0.007812 0.003906
0 0.385742 0.382812 0.001953 0.003906
1 0.516602 0.390625 0.017578 0.027344
1 0.026367 0.375977 0.001953 0.001953
1 0.262695 0.372070 0.001953 0.001953
1 0.028320 0.372070 0.001953 0.001953
1 0.413086 0.370117 0.001953 0.001953
1 0.159180 0.370117 0.001953 0.001953
1 0.006836 0.376953 0.013672 0.015625
1 0.997070 0.368164 0.005859 0.005859
1 0.178711 0.368164 0.001953 0.005859
1 0.999023 0.361328 0.001953 0.003906
1 0.928711 0.357422 0.001953 0.003906
1 0.776367 0.370117 0.037109 0.029297
1 0.169922 0.357422 0.003906 0.007812
1 0.959961 0.391602 0.052734 0.080078
1 0.690430 0.352539 0.001953 0.001953
1 0.922852 0.352539 0.005859 0.005859
1 0.959961 0.347656 0.001953 0.003906
1 0.672852 0.346680 0.001953 0.001953
1 0.666016 0.358398 0.054688 0.025391
1 0.412109 0.348633 0.015625 0.009766
1 0.464844 0.346680 0.015625 0.009766
1 0.172852 0.340820 0.001953 0.001953
1 0.998047 0.343750 0.003906 0.011719
1 0.176758 0.338867 0.001953 0.001953
1 0.152344 0.343750 0.011719 0.011719
1 0.507812 0.339844 0.011719 0.011719
1 0.421875 0.333008 0.003906 0.001953
1 0.097656 0.379883 0.148438 0.095703
1 0.045898 0.331055 0.001953 0.001953
1 0.718750 0.330078 0.003906 0.007812
1 0.852539 0.330078 0.013672 0.011719
1 0.395508 0.325195 0.001953 0.001953
0 0.194336 0.326172 0.005859 0.007812
1 0.145508 0.329102 0.009766 0.013672
1 0.061523 0.323242 0.001953 0.001953
1 0.633789 0.321289 0.001953 0.001953
1 0.391602 0.321289 0.001953 0.001953
1 0.795898 0.326172 0.009766 0.019531
1 0.461914 0.319336 0.005859 0.005859
0 0.197266 0.317383 0.003906 0.001953
1 0.174805 0.315430 0.001953 0.001953
1 0.448242 0.313477 0.001953 0.001953
0 0.194336 0.313477 0.001953 0.001953
1 0.046875 0.313477 0.003906 0.001953
1 0.164062 0.310547 0.015625 0.011719
1 0.774414 0.315430 0.029297 0.025391
1 0.702148 0.303711 0.001953 0.001953
0 0.290039 0.303711 0.001953 0.001953
1 0.058594 0.317383 0.027344 0.029297
1 0.614258 0.310547 0.013672 0.019531
0 0.288086 0.299805 0.001953 0.001953
1 0.069336 0.299805 0.001953 0.001953
1 0.165039 0.295898 0.005859 0.005859
1 0.600586 0.291992 0.001953 0.001953
1 0.155273 0.291992 0.001953 0.001953
1 0.692383 0.298828 0.013672 0.019531
1 0.131836 0.290039 0.001953 0.001953
1 0.808594 0.300781 0.019531 0.027344
1 0.698242 0.278320 0.001953 0.001953
1 0.022461 0.276367 0.001953 0.001953
1 0.657227 0.296875 0.056641 0.046875
1 0.657227 0.274414 0.001953 0.001953
1 0.061523 0.275391 0.001953 0.003906
1 0.700195 0.272461 0.001953 0.001953
1 0.696289 0.272461 0.001953 0.001953
1 0.317383 0.275391 0.009766 0.007812
1 0.573242 0.266602 0.001953 0.001953
1 0.109375 0.282227 0.042969 0.037109
1 0.683594 0.263672 0.003906 0.003906
1 0.569336 0.262695 0.001953 0.001953
1 0.328125 0.267578 0.011719 0.011719
1 0.075195 0.262695 0.001953 0.001953
0 0.114258 0.261719 0.001953 0.003906
1 0.641602 0.258789 0.001953 0.001953
1 0.119141 0.260742 0.003906 0.005859
1 0.688477 0.254883 0.001953 0.001953
1 0.666016 0.263672 0.031250 0.019531
1 0.073242 0.252930 0.001953 0.001953
1 0.040039 0.250977 0.001953 0.001953
1 0.719727 0.249023 0.001953 0.001953
1 0.125000 0.251953 0.007812 0.007812
1 0.069336 0.250000 0.001953 0.003906
1 0.131836 0.247070 0.001953 0.001953
1 0.721680 0.245117 0.001953 0.001953
1 0.713867 0.243164 0.001953 0.001953
1 0.661133 0.243164 0.001953 0.001953
1 0.653320 0.244141 0.001953 0.003906
1 0.893555 0.244141 0.005859 0.007812
1 0.719727 0.241211 0.001953 0.001953
1 0.388672 0.255859 0.015625 0.031250
1 0.067383 0.241211 0.001953 0.001953
1 0.415039 0.247070 0.025391 0.017578
1 0.039062 0.280273 0.078125 0.083984
1 0.708008 0.239258 0.009766 0.005859
1 0.836914 0.235352 0.001953 0.001953
1 0.067383 0.236328 0.005859 0.003906
1 0.676758 0.231445 0.001953 0.001953
1 0.622070 0.231445 0.001953 0.001953
1 0.688477 0.233398 0.013672 0.009766
1 0.436523 0.223633 0.001953 0.001953
1 0.885742 0.221680 0.001953 0.001953
1 0.759766 0.224609 0.011719 0.007812
1 0.741211 0.234375 0.033203 0.027344
1 0.733398 0.222656 0.001953 0.003906
1 0.623047 0.225586 0.011719 0.009766
1 0.715820 0.219727 0.001953 0.001953
1 0.541992 0.219727 0.001953 0.001953
1 0.878906 0.236328 0.019531 0.039062
1 0.721680 0.218750 0.005859 0.003906
1 0.615234 0.217773 0.003906 0.001953
1 0.661133 0.230469 0.037109 0.031250
1 0.645508 0.215820 0.001953 0.001953
1 0.723633 0.213867 0.001953 0.001953
1 0.031250 0.215820 0.003906 0.005859
1 0.777344 0.221680 0.015625 0.021484
1 0.663086 0.211914 0.001953 0.001953
1 0.614258 0.209961 0.001953 0.001953
1 0.559570 0.209961 0.001953 0.001953
1 0.442383 0.209961 0.001953 0.001953
0 0.232422 0.212891 0.007812 0.007812
1 0.977539 0.208008 0.001953 0.001953
1 0.770508 0.208008 0.001953 0.001953
1 0.555664 0.208008 0.001953 0.001953
1 0.286133 0.208008 0.001953 0.001953
1 0.764648 0.206055 0.001953 0.001953
1 0.715820 0.206055 0.001953 0.001953
1 0.635742 0.219727 0.013672 0.029297
1 0.300781 0.208008 0.007812 0.005859
0 0.208984 0.209961 0.007812 0.013672
1 0.446289 0.205078 0.005859 0.007812
1 0.023438 0.206055 0.007812 0.009766
1 0.635742 0.201172 0.005859 0.003906
1 0.472656 0.200195 0.003906 0.001953
1 0.053711 0.200195 0.001953 0.001953
1 0.057617 0.213867 0.037109 0.029297
1 0.950195 0.202148 0.013672 0.009766
1 0.576172 0.199219 0.003906 0.003906
1 0.175781 0.200195 0.007812 0.005859
1 0.008789 0.196289 0.001953 0.001953
1 0.004883 0.196289 0.001953 0.001953
1 0.631836 0.194336 0.001953 0.001953
0 0.167969 0.194336 0.003906 0.001953
1 0.764648 0.192383 0.001953 0.001953
0 0.079102 0.192383 0.001953 0.001953
0 0.064453 0.192383 0.007812 0.001953
0 0.057617 0.192383 0.001953 0.001953
1 0.053711 0.192383 0.001953 0.001953
1 0.582031 0.189453 0.003906 0.003906
1 0.713867 0.195312 0.017578 0.019531
1 0.598633 0.186523 0.001953 0.001953
0 0.157227 0.186523 0.001953 0.001953
1 0.758789 0.184570 0.001953 0.001953
1 0.575195 0.182617 0.001953 0.001953
1 0.583008 0.182617 0.009766 0.005859
1 0.040039 0.180664 0.001953 0.001953
1 0.188477 0.175781 0.005859 0.003906
0 0.129883 0.174805 0.001953 0.001953
1 0.026367 0.174805 0.001953 0.001953
1 0.648438 0.190430 0.023438 0.037109
1 0.442383 0.173828 0.005859 0.003906
1 0.419922 0.173828 0.003906 0.003906
1 0.233398 0.172852 0.001953 0.001953
0 0.177734 0.172852 0.003906 0.005859
1 0.869141 0.173828 0.011719 0.011719
1 0.577148 0.168945 0.001953 0.001953
1 0.811523 0.166016 0.009766 0.003906
1 0.737305 0.180664 0.033203 0.037109
1 0.643555 0.163086 0.001953 0.001953
1 0.600586 0.163086 0.001953 0.001953
0 0.072266 0.168945 0.019531 0.013672
1 0.194336 0.159180 0.001953 0.001953
1 0.777344 0.159180 0.003906 0.005859
1 0.692383 0.155273 0.001953 0.001953
1 0.594727 0.157227 0.005859 0.005859
1 0.608398 0.172852 0.056641 0.041016
1 0.565430 0.153320 0.001953 0.001953
1 0.672852 0.151367 0.001953 0.001953
1 0.791992 0.172852 0.037109 0.048828
1 0.002930 0.150391 0.005859 0.003906
1 0.945312 0.148438 0.003906 0.003906
0 0.347656 0.146484 0.007812 0.003906
1 0.797852 0.143555 0.001953 0.001953
1 0.567383 0.143555 0.001953 0.001953
1 0.506836 0.143555 0.001953 0.001953
1 0.816406 0.142578 0.003906 0.003906
1 0.802734 0.142578 0.003906 0.003906
0 0.690430 0.143555 0.005859 0.005859
0 0.670898 0.141602 0.001953 0.001953
1 0.408203 0.139648 0.003906 0.001953
1 0.906250 0.159180 0.070312 0.044922
0 0.383789 0.138672 0.001953 0.003906
1 0.743164 0.134766 0.001953 0.003906
1 0.727539 0.132812 0.001953 0.003906
0 0.383789 0.131836 0.001953 0.001953
1 0.954102 0.126953 0.005859 0.003906
1 0.776367 0.125977 0.001953 0.001953
1 0.564453 0.131836 0.015625 0.017578
1 0.756836 0.142578 0.044922 0.046875
1 0.297852 0.120117 0.005859 0.005859
1 0.615234 0.118164 0.007812 0.005859
1 0.884766 0.119141 0.011719 0.011719
1 0.292969 0.113281 0.003906 0.003906
1 0.260742 0.115234 0.009766 0.011719
1 0.031250 0.138672 0.039062 0.062500
1 0.788086 0.105469 0.001953 0.003906
1 0.049805 0.102539 0.013672 0.005859
1 0.851562 0.099609 0.003906 0.003906
1 0.751953 0.100586 0.007812 0.005859
1 0.223633 0.096680 0.001953 0.001953
0 0.000977 0.097656 0.001953 0.003906
1 0.725586 0.094727 0.001953 0.001953
1 0.566406 0.096680 0.003906 0.005859
1 0.557617 0.100586 0.005859 0.013672
1 0.526367 0.189453 0.173828 0.195312
1 0.318359 0.093750 0.003906 0.003906
1 0.724609 0.089844 0.003906 0.003906
1 0.234375 0.097656 0.023438 0.023438
1 0.208008 0.089844 0.001953 0.007812
0 0.657227 0.123047 0.044922 0.082031
1 0.245117 0.082031 0.005859 0.007812
1 0.223633 0.079102 0.001953 0.001953
1 0.883789 0.077148 0.001953 0.001953
1 0.879883 0.078125 0.001953 0.003906
1 0.798828 0.106445 0.039062 0.060547
0 0.633789 0.077148 0.001953 0.001953
1 0.920898 0.075195 0.001953 0.001953
1 0.577148 0.075195 0.001953 0.001953
0 0.626953 0.074219 0.003906 0.007812
1 0.826172 0.070312 0.007812 0.007812
0 0.653320 0.072266 0.005859 0.011719
1 0.592773 0.089844 0.037109 0.050781
1 0.150391 0.065430 0.003906 0.001953
1 0.920898 0.067383 0.009766 0.009766
1 0.688477 0.064453 0.001953 0.003906
1 0.655273 0.063477 0.001953 0.001953
1 0.682617 0.064453 0.005859 0.007812
1 0.155273 0.061523 0.001953 0.001953
1 0.655273 0.059570 0.001953 0.001953
1 0.500000 0.060547 0.003906 0.003906
1 0.273438 0.061523 0.007812 0.005859
1 0.922852 0.055664 0.001953 0.001953
1 0.386719 0.058594 0.003906 0.007812
1 0.378906 0.057617 0.003906 0.005859
1 0.368164 0.062500 0.017578 0.015625
1 0.170898 0.055664 0.001953 0.001953
1 0.992188 0.054688 0.007812 0.003906
1 0.651367 0.053711 0.001953 0.001953
1 0.922852 0.051758 0.001953 0.001953
1 0.785156 0.051758 0.003906 0.001953
1 0.374023 0.052734 0.001953 0.003906
1 0.524414 0.047852 0.001953 0.001953
1 0.467773 0.047852 0.001953 0.001953
1 0.553711 0.045898 0.001953 0.001953
1 0.536133 0.048828 0.013672 0.007812
1 0.970703 0.043945 0.003906 0.001953
1 0.928711 0.044922 0.005859 0.003906
1 0.471680 0.043945 0.001953 0.001953
1 0.181641 0.047852 0.011719 0.009766
1 0.543945 0.042969 0.005859 0.003906
1 0.157227 0.051758 0.013672 0.021484
1 0.122070 0.045898 0.005859 0.009766
1 0.279297 0.043945 0.007812 0.009766
1 0.131836 0.041016 0.001953 0.003906
1 0.967773 0.038086 0.001953 0.001953
1 0.958008 0.040039 0.001953 0.005859
1 0.951172 0.039062 0.003906 0.003906
1 0.417969 0.039062 0.007812 0.003906
1 0.155273 0.038086 0.001953 0.001953
1 0.962891 0.037109 0.003906 0.003906
0 0.612305 0.036133 0.001953 0.001953
1 0.924805 0.034180 0.001953 0.001953
1 0.418945 0.034180 0.001953 0.001953
1 0.298828 0.036133 0.003906 0.005859
1 0.125000 0.034180 0.003906 0.001953
1 0.114258 0.034180 0.001953 0.001953
1 0.950195 0.033203 0.005859 0.003906
1 0.943359 0.035156 0.003906 0.007812
0 0.610352 0.032227 0.001953 0.001953
1 0.411133 0.037109 0.001953 0.011719
1 0.999023 0.030273 0.001953 0.001953
1 0.511719 0.030273 0.003906 0.001953
1 0.466797 0.037109 0.015625 0.015625
1 0.961914 0.030273 0.009766 0.005859
0 0.879883 0.028320 0.001953 0.001953
0 0.875977 0.028320 0.001953 0.001953
0 0.554688 0.030273 0.003906 0.005859
1 0.321289 0.032227 0.001953 0.009766
1 0.852539 0.026367 0.001953 0.001953
1 0.350586 0.031250 0.009766 0.011719
1 0.129883 0.024414 0.001953 0.001953
1 0.856445 0.022461 0.001953 0.001953
0 0.866211 0.020508 0.005859 0.001953
0 0.889648 0.019531 0.001953 0.003906
1 0.408203 0.023438 0.003906 0.011719
1 0.329102 0.018555 0.001953 0.001953
1 0.323242 0.020508 0.005859 0.009766
0 0.880859 0.018555 0.011719 0.009766
1 0.489258 0.032227 0.033203 0.037109
1 0.840820 0.013672 0.005859 0.003906
1 0.823242 0.012695 0.001953 0.001953
1 0.950195 0.018555 0.013672 0.017578
1 0.940430 0.011719 0.001953 0.003906
1 0.128906 0.015625 0.007812 0.011719
1 0.081055 0.010742 0.001953 0.001953
0 0.895508 0.011719 0.005859 0.007812
0 0.913086 0.006836 0.001953 0.001953
1 0.404297 0.005859 0.007812 0.003906
1 0.930664 0.004883 0.005859 0.009766
1 0.838867 0.002930 0.005859 0.005859
1 0.805664 0.005859 0.009766 0.011719
1 0.814453 0.027344 0.136719 0.054688
1 0.728516 0.042969 0.070312 0.085938
0 0.599609 0.023438 0.109375 0.046875
1 0.403320 0.000977 0.001953 0.001953
1 0.354492 0.007812 0.017578 0.015625
1 0.155273 0.011719 0.044922 0.023438
1 0.129883 0.001953 0.001953 0.003906
1 0.227539 0.205078 0.455078 0.410156
3 0.363281 0.999023 0.007812 0.001953
3 0.199219 0.999023 0.003906 0.001953
3 0.192383 0.999023 0.001953 0.001953
3 0.364258 0.995117 0.001953 0.001953
3 0.147461 0.993164 0.001953 0.001953
3 0.075195 0.989258 0.001953 0.001953
3 0.980469 0.990234 0.003906 0.007812
3 0.170898 0.993164 0.037109 0.013672
3 0.325195 0.982422 0.005859 0.003906
3 0.145508 0.981445 0.001953 0.001953
3 0.217773 0.979492 0.001953 0.001953
3 0.136719 0.979492 0.003906 0.001953
3 0.312500 0.977539 0.003906 0.001953
3 0.295898 0.977539 0.001953 0.001953
3 0.217773 0.975586 0.001953 0.001953
3 0.187500 0.978516 0.007812 0.007812
3 0.177734 0.975586 0.003906 0.001953
3 0.303711 0.974609 0.001953 0.003906
3 0.131836 0.986328 0.037109 0.027344
3 0.092773 0.969727 0.001953 0.001953
3 0.199219 0.968750 0.003906 0.003906
3 0.099609 0.968750 0.007812 0.007812
3 0.324219 0.964844 0.007812 0.003906
3 0.140625 0.970703 0.019531 0.015625
3 0.321289 0.961914 0.001953 0.001953
3 0.117188 0.959961 0.003906 0.005859
3 0.110352 0.958008 0.005859 0.001953
3 0.134766 0.957031 0.003906 0.003906
3 0.305664 0.954102 0.001953 0.001953
3 0.041016 0.956055 0.003906 0.005859
3 0.311523 0.953125 0.005859 0.007812
3 0.152344 0.948242 0.003906 0.001953
3 0.098633 0.948242 0.001953 0.001953
3 0.081055 0.950195 0.017578 0.009766
3 0.038086 0.969727 0.076172 0.060547
3 0.106445 0.938477 0.013672 0.005859
3 0.170898 0.932617 0.001953 0.001953
3 0.159180 0.932617 0.001953 0.001953
3 0.161133 0.927734 0.001953 0.003906
3 0.286133 0.922852 0.001953 0.001953
3 0.304688 0.933594 0.019531 0.027344
3 0.159180 0.921875 0.005859 0.003906
3 0.143555 0.915039 0.001953 0.001953
3 0.162109 0.907227 0.003906 0.001953
3 0.162109 0.900391 0.003906 0.007812
3 0.127930 0.879883 0.001953 0.001953
3 0.069336 0.625977 0.001953 0.001953
3 0.071289 0.622070 0.001953 0.001953
3 0.083008 0.616211 0.001953 0.001953
3 0.145508 0.577148 0.001953 0.001953
3 0.090820 0.560547 0.005859 0.003906
3 0.000977 0.551758 0.001953 0.001953
3 0.002930 0.536133 0.001953 0.001953
3 0.999023 0.530273 0.001953 0.001953
3 0.016602 0.475586 0.001953 0.001953
3 0.028320 0.471680 0.001953 0.001953
3 0.020508 0.471680 0.001953 0.001953
3 0.004883 0.467773 0.009766 0.005859
3 0.012695 0.426758 0.001953 0.001953
3 0.001953 0.422852 0.003906 0.005859
3 0.252930 0.288086 0.005859 0.005859
2 0.260742 0.284180 0.001953 0.001953
3 0.254883 0.274414 0.001953 0.001953
3 0.010742 0.270508 0.001953 0.001953
3 0.006836 0.268555 0.001953 0.001953
3 0.018555 0.266602 0.001953 0.001953
3 0.014648 0.264648 0.001953 0.001953
3 0.002930 0.265625 0.005859 0.003906
3 0.202148 0.262695 0.001953 0.001953
3 0.190430 0.262695 0.001953 0.001953
3 0.143555 0.262695 0.001953 0.001953
3 0.137695 0.260742 0.001953 0.001953
3 0.012695 0.260742 0.001953 0.001953
3 0.143555 0.258789 0.001953 0.001953
3 0.233398 0.247070 0.001953 0.001953
3 0.229492 0.247070 0.001953 0.001953
3 0.202148 0.243164 0.001953 0.001953
3 0.368164 0.230469 0.001953 0.003906
3 0.275391 0.225586 0.003906 0.001953
3 0.323242 0.221680 0.001953 0.001953
3 0.157227 0.219727 0.001953 0.001953
3 0.262695 0.217773 0.001953 0.001953
3 0.340820 0.196289 0.001953 0.001953
3 0.293945 0.181641 0.005859 0.003906
3 0.267578 0.180664 0.003906 0.001953
3 0.352539 0.174805 0.001953 0.001953
3 0.253906 0.185547 0.019531 0.023438
3 0.395508 0.172852 0.001953 0.001953
3 0.364258 0.170898 0.001953 0.001953
3 0.430664 0.168945 0.001953 0.001953
3 0.254883 0.166992 0.017578 0.001953
3 0.309570 0.157227 0.001953 0.001953
3 0.313477 0.156250 0.001953 0.003906
3 0.318359 0.153320 0.003906 0.001953
3 0.155273 0.139648 0.001953 0.001953
3 0.444336 0.135742 0.001953 0.001953
3 0.219727 0.120117 0.001953 0.001953
3 0.210938 0.121094 0.003906 0.003906
3 0.190430 0.110352 0.001953 0.001953
3 0.139648 0.055664 0.001953 0.001953
3 0.099609 0.055664 0.003906 0.005859
3 0.090820 0.054688 0.001953 0.003906
3 0.870117 0.043945 0.001953 0.001953
3 0.866211 0.041992 0.001953 0.001953
3 0.858398 0.042969 0.001953 0.003906
3 0.725586 0.040039 0.001953 0.001953
3 0.711914 0.040039 0.001953 0.001953
3 0.635742 0.040039 0.005859 0.001953
3 0.085938 0.044922 0.007812 0.011719
3 0.003906 0.041016 0.003906 0.003906
3 0.106445 0.038086 0.001953 0.001953
3 0.043945 0.045898 0.013672 0.017578
3 0.008789 0.038086 0.001953 0.001953
3 0.696289 0.036133 0.001953 0.001953
3 0.641602 0.036133 0.001953 0.001953
3 0.067383 0.044922 0.029297 0.031250
3 0.024414 0.030273 0.001953 0.001953
3 0.004883 0.028320 0.001953 0.001953
3 0.842773 0.024414 0.001953 0.001953
3 0.831055 0.016602 0.001953 0.001953
2 0.588867 0.013672 0.001953 0.003906
3 0.044922 0.013672 0.003906 0.003906
2 0.566406 0.014648 0.007812 0.009766
2 0.585938 0.009766 0.003906 0.003906
3 0.010742 0.023438 0.021484 0.031250
3 0.640625 0.008789 0.003906 0.005859
3 0.752930 0.000977 0.001953 0.001953
3 0.500000 0.500000 1.000000 1.000000
3 0.035156 0.004883 0.015625 0.009766
3 0.018555 0.000977 0.001953 0.001953