1 0.786133 0.999023 0.005859 0.001953
1 0.786133 0.995117 0.001953 0.001953
0 0.493164 0.995117 0.001953 0.001953
0 0.135742 0.995117 0.001953 0.001953
1 0.432617 0.993164 0.001953 0.001953
1 0.411133 0.995117 0.033203 0.009766
0 0.503906 0.990234 0.003906 0.003906
1 0.412109 0.986328 0.003906 0.003906
0 0.110352 0.986328 0.001953 0.003906
0 0.291992 0.979492 0.001953 0.001953
0 0.500977 0.979492 0.001953 0.005859
0 0.464844 0.988281 0.039062 0.023438
0 0.114258 0.977539 0.001953 0.001953
1 0.420898 0.980469 0.009766 0.011719
0 0.495117 0.969727 0.001953 0.001953
0 0.111328 0.970703 0.003906 0.003906
1 0.782227 0.967773 0.001953 0.001953
1 0.778320 0.967773 0.001953 0.001953
1 0.774414 0.967773 0.001953 0.001953
0 0.129883 0.967773 0.001953 0.001953
0 0.118164 0.970703 0.005859 0.007812
0 0.051758 0.967773 0.001953 0.001953
0 0.066406 0.967773 0.007812 0.005859
0 0.016602 0.982422 0.033203 0.035156
0 0.165039 0.959961 0.001953 0.001953
0 0.158203 0.959961 0.007812 0.005859
0 0.119141 0.960938 0.015625 0.011719
0 0.463867 0.954102 0.001953 0.001953
1 0.415039 0.953125 0.001953 0.003906
0 0.463867 0.950195 0.001953 0.001953
0 0.116211 0.946289 0.001953 0.001953
0 0.850586 0.932617 0.001953 0.001953
1 0.422852 0.932617 0.001953 0.001953
0 0.077148 0.922852 0.001953 0.001953
0 0.379883 0.911133 0.001953 0.001953
1 0.102539 0.911133 0.001953 0.001953
0 0.375977 0.910156 0.001953 0.003906
0 0.227539 0.910156 0.005859 0.007812
0 0.376953 0.903320 0.011719 0.005859
1 0.416016 0.902344 0.003906 0.007812
0 0.240234 0.899414 0.003906 0.001953
0 0.702148 0.889648 0.001953 0.001953
1 0.819336 0.884766 0.001953 0.003906
0 0.875977 0.877930 0.001953 0.001953
0 0.559570 0.877930 0.001953 0.001953
1 0.680664 0.874023 0.001953 0.001953
0 0.438477 0.872070 0.001953 0.001953
1 0.700195 0.870117 0.001953 0.001953
0 0.731445 0.868164 0.001953 0.001953
0 0.436523 0.862305 0.001953 0.001953
0 0.994141 0.868164 0.011719 0.021484
1 0.053711 0.859375 0.005859 0.003906
0 0.438477 0.852539 0.001953 0.001953
0 0.050781 0.905273 0.101562 0.107422
1 0.694336 0.860352 0.037109 0.025391
1 0.055664 0.850586 0.005859 0.009766
0 0.437500 0.846680 0.003906 0.005859
0 0.446289 0.838867 0.001953 0.001953
0 0.442383 0.836914 0.001953 0.001953
0 0.334961 0.829102 0.001953 0.001953
0 0.423828 0.828125 0.003906 0.003906
0 0.012695 0.827148 0.001953 0.001953
1 0.055664 0.825195 0.001953 0.001953
0 0.555664 0.827148 0.009766 0.013672
0 0.430664 0.821289 0.001953 0.001953
0 0.423828 0.822266 0.003906 0.003906
1 0.173828 0.820312 0.003906 0.003906
0 0.828125 0.813477 0.003906 0.001953
0 0.827148 0.809570 0.001953 0.001953
0 0.255859 0.814453 0.011719 0.011719
0 0.225586 0.816406 0.033203 0.015625
0 0.250977 0.808594 0.001953 0.003906
0 0.030273 0.807617 0.001953 0.001953
0 0.603516 0.793945 0.007812 0.009766
0 0.543945 0.795898 0.029297 0.025391
0 0.516602 0.784180 0.001953 0.001953
0 0.028320 0.782227 0.001953 0.001953
0 0.510742 0.780273 0.001953 0.001953
0 0.825195 0.772461 0.001953 0.001953
0 0.436523 0.768555 0.001953 0.001953
0 0.432617 0.766602 0.001953 0.001953
0 0.430664 0.762695 0.001953 0.001953
0 0.318359 0.774414 0.035156 0.029297
0 0.530273 0.878906 0.220703 0.242188
1 0.331055 0.756836 0.001953 0.001953
0 0.315430 0.755859 0.005859 0.003906
1 0.367188 0.751953 0.003906 0.003906
1 0.328125 0.752930 0.015625 0.009766
1 0.461914 0.749023 0.005859 0.005859
0 0.100586 0.745117 0.001953 0.001953
1 0.110352 0.751953 0.029297 0.023438
1 0.034180 0.741211 0.001953 0.001953
0 0.526367 0.756836 0.033203 0.037109
0 0.139648 0.867188 0.279297 0.265625
0 0.606445 0.735352 0.005859 0.005859
0 0.524414 0.735352 0.009766 0.005859
0 0.101562 0.734375 0.003906 0.003906
0 0.072266 0.736328 0.011719 0.007812
0 0.717773 0.730469 0.021484 0.011719
0 0.670898 0.725586 0.001953 0.001953
0 0.665039 0.715820 0.001953 0.001953
0 0.478516 0.725586 0.015625 0.025391
0 0.660156 0.711914 0.003906 0.001953
0 0.686523 0.709961 0.001953 0.001953
0 0.674805 0.708008 0.001953 0.001953
0 0.661133 0.708008 0.001953 0.001953
0 0.679688 0.708984 0.003906 0.007812
0 0.393555 0.841797 0.091797 0.277344
0 0.136719 0.705078 0.003906 0.003906
0 0.774414 0.700195 0.001953 0.001953
0 0.487305 0.700195 0.001953 0.001953
1 0.711914 0.698242 0.001953 0.001953
0 0.654297 0.700195 0.003906 0.005859
0 0.648438 0.699219 0.003906 0.003906
0 0.674805 0.696289 0.001953 0.001953
0 0.684570 0.695312 0.009766 0.011719
0 0.469727 0.698242 0.013672 0.017578
1 0.381836 0.688477 0.001953 0.001953
0 0.288086 0.691406 0.005859 0.011719
1 0.713867 0.690430 0.009766 0.013672
0 0.686523 0.685547 0.001953 0.003906
1 0.742188 0.682617 0.003906 0.001953
1 0.735352 0.682617 0.001953 0.001953
1 0.711914 0.681641 0.001953 0.003906
0 0.516602 0.680664 0.001953 0.001953
0 0.774414 0.678711 0.001953 0.001953
1 0.739258 0.678711 0.001953 0.001953
1 0.370117 0.681641 0.005859 0.007812
1 0.000977 0.674805 0.001953 0.001953
0 0.771484 0.673828 0.003906 0.003906
0 0.690430 0.680664 0.037109 0.017578
0 0.668945 0.671875 0.001953 0.003906
1 0.184570 0.670898 0.001953 0.001953
0 0.750977 0.668945 0.001953 0.001953
0 0.746094 0.670898 0.007812 0.005859
0 0.763672 0.667969 0.003906 0.003906
0 0.758789 0.666992 0.001953 0.001953
1 0.193359 0.679688 0.027344 0.027344
0 0.754883 0.663086 0.001953 0.001953
0 0.452148 0.663086 0.001953 0.001953
0 0.875977 0.661133 0.001953 0.001953
1 0.355469 0.665039 0.015625 0.017578
0 0.451172 0.656250 0.003906 0.003906
1 0.005859 0.656250 0.003906 0.003906
0 0.614258 0.652344 0.005859 0.003906
0 0.743164 0.652344 0.013672 0.011719
1 0.110352 0.647461 0.001953 0.001953
1 0.098633 0.643555 0.001953 0.001953
1 0.125977 0.641602 0.001953 0.001953
1 0.104492 0.642578 0.001953 0.003906
1 0.116211 0.639648 0.001953 0.001953
1 0.110352 0.641602 0.005859 0.005859
1 0.059570 0.639648 0.005859 0.001953
0 0.691406 0.642578 0.011719 0.015625
1 0.118164 0.635742 0.001953 0.001953
0 0.848633 0.633789 0.001953 0.001953
0 0.946289 0.631836 0.001953 0.001953
1 0.234375 0.631836 0.003906 0.001953
1 0.093750 0.630859 0.003906 0.003906
1 0.256836 0.628906 0.005859 0.003906
1 0.108398 0.627930 0.001953 0.001953
1 0.395508 0.625977 0.005859 0.001953
1 0.120117 0.631836 0.013672 0.013672
0 0.972656 0.625000 0.003906 0.003906
1 0.043945 0.620117 0.001953 0.001953
1 0.389648 0.620117 0.001953 0.005859
1 0.043945 0.616211 0.001953 0.001953
1 0.061523 0.614258 0.005859 0.005859
1 0.055664 0.613281 0.001953 0.003906
0 0.743164 0.609375 0.001953 0.003906
1 0.364258 0.608398 0.001953 0.001953
1 0.061523 0.608398 0.001953 0.001953
0 0.907227 0.602539 0.001953 0.001953
0 0.811523 0.602539 0.001953 0.001953
0 0.746094 0.603516 0.003906 0.003906
0 0.586914 0.604492 0.005859 0.005859
0 0.123047 0.602539 0.003906 0.001953
0 0.588867 0.598633 0.001953 0.001953
0 0.172852 0.603516 0.017578 0.011719
0 0.161133 0.596680 0.001953 0.001953
0 0.766602 0.613281 0.033203 0.039062
0 0.606445 0.592773 0.001953 0.001953
0 0.172852 0.593750 0.001953 0.003906
0 0.051758 0.592773 0.001953 0.001953
0 0.079102 0.588867 0.001953 0.001953
0 0.122070 0.577148 0.001953 0.001953
0 0.058594 0.583984 0.003906 0.015625
0 0.035156 0.591797 0.039062 0.046875
0 0.999023 0.563477 0.001953 0.001953
0 0.117188 0.584961 0.082031 0.044922
0 0.147461 0.555664 0.001953 0.001953
0 0.498047 0.554688 0.003906 0.003906
0 0.153320 0.551758 0.001953 0.001953
0 0.502930 0.545898 0.013672 0.013672
0 0.161133 0.544922 0.013672 0.011719
0 0.163086 0.538086 0.001953 0.001953
0 0.178711 0.534180 0.001953 0.001953
0 0.438477 0.535156 0.005859 0.007812
1 0.668945 0.526367 0.001953 0.001953
1 0.448242 0.519531 0.001953 0.003906
1 0.440430 0.519531 0.001953 0.003906
0 0.600586 0.516602 0.001953 0.001953
1 0.362305 0.514648 0.001953 0.001953
0 0.892578 0.519531 0.015625 0.015625
1 0.420898 0.511719 0.001953 0.003906
0 0.885742 0.508789 0.001953 0.001953
0 0.609375 0.513672 0.007812 0.011719
0 0.846680 0.506836 0.001953 0.001953
0 0.950195 0.503906 0.005859 0.003906
0 0.944336 0.502930 0.001953 0.001953
0 0.881836 0.502930 0.001953 0.001953
0 0.590820 0.503906 0.005859 0.007812
1 0.295898 0.503906 0.009766 0.007812
0 0.596680 0.497070 0.005859 0.005859
1 0.382812 0.494141 0.003906 0.003906
0 0.762695 0.491211 0.001953 0.001953
1 0.600586 0.491211 0.001953 0.001953
0 0.370117 0.492188 0.001953 0.003906
1 0.236328 0.500000 0.015625 0.019531
0 0.313477 0.483398 0.001953 0.001953
0 0.866211 0.481445 0.001953 0.001953
0 0.455078 0.613281 0.511719 0.265625
1 0.388672 0.483398 0.003906 0.005859
0 0.943359 0.482422 0.011719 0.011719
0 0.872070 0.477539 0.005859 0.001953
0 0.996094 0.481445 0.007812 0.017578
0 0.965820 0.486328 0.029297 0.031250
1 0.353516 0.472656 0.003906 0.003906
0 0.168945 0.471680 0.001953 0.001953
0 0.999023 0.469727 0.001953 0.001953
1 0.233398 0.478516 0.021484 0.023438
1 0.209961 0.467773 0.001953 0.001953
1 0.183594 0.499023 0.042969 0.076172
0 0.582031 0.472656 0.023438 0.027344
0 0.782227 0.458984 0.001953 0.003906
0 0.936523 0.456055 0.001953 0.001953
1 0.231445 0.457031 0.021484 0.011719
1 0.196289 0.452148 0.001953 0.001953
0 0.915039 0.450195 0.001953 0.001953
0 0.098633 0.451172 0.001953 0.003906
0 0.942383 0.448242 0.001953 0.001953
0 0.569336 0.453125 0.005859 0.011719
1 0.233398 0.446289 0.001953 0.001953
0 0.575195 0.442383 0.001953 0.001953
0 0.569336 0.442383 0.005859 0.001953
0 0.562500 0.444336 0.003906 0.005859
0 0.946289 0.440430 0.001953 0.001953
1 0.346680 0.440430 0.001953 0.001953
0 0.931641 0.449219 0.027344 0.023438
1 0.338867 0.456055 0.052734 0.037109
0 0.145508 0.440430 0.017578 0.005859
0 0.914062 0.440430 0.007812 0.009766
0 0.570312 0.437500 0.003906 0.003906
1 0.364258 0.436523 0.001953 0.001953
0 0.137695 0.434570 0.001953 0.001953
0 0.909180 0.432617 0.001953 0.001953
0 0.131836 0.432617 0.001953 0.001953
0 0.098633 0.432617 0.001953 0.001953
0 0.094727 0.432617 0.001953 0.001953
0 0.937500 0.430664 0.003906 0.005859
1 0.165039 0.428711 0.001953 0.001953
0 0.602539 0.426758 0.001953 0.001953
0 0.518555 0.436523 0.017578 0.021484
1 0.190430 0.441406 0.041016 0.031250
1 0.180664 0.425781 0.001953 0.003906
1 0.758789 0.422852 0.001953 0.001953
1 0.200195 0.422852 0.001953 0.001953
0 0.085938 0.429688 0.019531 0.015625
1 0.204102 0.421875 0.001953 0.003906
0 0.569336 0.418945 0.001953 0.001953
1 0.209961 0.418945 0.001953 0.001953
1 0.183594 0.419922 0.003906 0.003906
1 0.276367 0.411133 0.001953 0.001953
1 0.369141 0.409180 0.003906 0.001953
0 0.739258 0.407227 0.001953 0.001953
0 0.408203 0.408203 0.003906 0.003906
1 0.140625 0.420898 0.035156 0.029297
0 0.735352 0.405273 0.001953 0.001953
0 0.579102 0.405273 0.001953 0.001953
0 0.569336 0.405273 0.005859 0.001953
1 0.268555 0.405273 0.001953 0.001953
0 0.474609 0.403320 0.007812 0.005859
0 0.430664 0.401367 0.001953 0.001953
1 0.374023 0.404297 0.005859 0.007812
1 0.250000 0.403320 0.007812 0.005859
0 0.968750 0.407227 0.015625 0.017578
0 0.438477 0.399414 0.001953 0.001953
0 0.832031 0.398438 0.003906 0.003906
0 0.424805 0.398438 0.005859 0.003906
0 0.415039 0.398438 0.001953 0.003906
1 0.145508 0.397461 0.001953 0.001953
0 0.432617 0.396484 0.001953 0.003906
0 0.542969 0.394531 0.003906 0.003906
1 0.287109 0.410156 0.027344 0.039062
0 0.559570 0.389648 0.001953 0.001953
0 0.413086 0.390625 0.005859 0.003906
0 0.916992 0.388672 0.001953 0.003906
0 0.530273 0.389648 0.005859 0.005859
0 0.416992 0.387695 0.001953 0.001953
0 0.420898 0.385742 0.001953 0.001953
0 0.965820 0.388672 0.017578 0.011719
0 0.921875 0.384766 0.003906 0.003906
0 0.414062 0.384766 0.003906 0.003906
1 0.230469 0.400391 0.031250 0.039062
0 0.416992 0.377930 0.001953 0.001953
0 0.602539 0.400391 0.052734 0.050781
0 0.729492 0.372070 0.001953 0.001953
1 0.375977 0.374023 0.009766 0.005859
0 0.738281 0.371094 0.003906 0.003906
1 0.208984 0.370117 0.003906 0.001953
1 0.651367 0.368164 0.001953 0.001953
0 0.685547 0.367188 0.003906 0.003906
1 0.363281 0.370117 0.015625 0.009766
0 0.739258 0.366211 0.009766 0.005859
0 0.723633 0.365234 0.005859 0.003906
0 0.692383 0.364258 0.001953 0.001953
0 0.700195 0.364258 0.005859 0.005859
1 0.069336 0.369141 0.021484 0.015625
0 0.743164 0.360352 0.001953 0.001953
1 0.580078 0.361328 0.003906 0.003906
0 0.938477 0.358398 0.001953 0.001953
0 0.665039 0.358398 0.001953 0.001953
0 0.838867 0.352539 0.001953 0.001953
0 0.661133 0.350586 0.001953 0.001953
0 0.473633 0.352539 0.005859 0.005859
1 0.233398 0.348633 0.001953 0.001953
0 0.980469 0.364258 0.023438 0.041016
0 0.753906 0.349609 0.007812 0.011719
0 0.774414 0.358398 0.029297 0.037109
0 0.768555 0.340820 0.001953 0.001953
0 0.758789 0.340820 0.001953 0.001953
1 0.844727 0.339844 0.001953 0.003906
0 0.838867 0.339844 0.005859 0.003906
0 0.831055 0.351562 0.037109 0.027344
1 0.241211 0.339844 0.001953 0.003906
1 0.237305 0.334961 0.001953 0.001953
0 0.735352 0.331055 0.001953 0.001953
1 0.659180 0.331055 0.001953 0.001953
1 0.606445 0.330078 0.001953 0.003906
1 0.146484 0.329102 0.003906 0.001953
0 0.735352 0.327148 0.001953 0.001953
1 0.692383 0.344727 0.033203 0.037109
1 0.245117 0.327148 0.001953 0.001953
1 0.237305 0.327148 0.001953 0.001953
0 0.130859 0.328125 0.007812 0.003906
0 0.766602 0.326172 0.001953 0.003906
0 0.753906 0.326172 0.003906 0.003906
1 0.653320 0.325195 0.001953 0.001953
0 0.389648 0.332031 0.021484 0.015625
1 0.241211 0.325195 0.001953 0.001953
1 0.143555 0.325195 0.001953 0.001953
0 0.771484 0.323242 0.003906 0.001953
1 0.253906 0.330078 0.019531 0.015625
0 0.114258 0.323242 0.001953 0.001953
0 0.913086 0.321289 0.005859 0.001953
1 0.833008 0.321289 0.001953 0.001953
1 0.719727 0.321289 0.001953 0.001953
1 0.254883 0.321289 0.001953 0.001953
1 0.809570 0.319336 0.001953 0.001953
1 0.258789 0.319336 0.001953 0.001953
1 0.246094 0.318359 0.003906 0.003906
1 0.235352 0.319336 0.005859 0.005859
1 0.827148 0.317383 0.005859 0.005859
0 0.547852 0.315430 0.001953 0.001953
0 0.543945 0.315430 0.001953 0.001953
1 0.250977 0.316406 0.001953 0.003906
1 0.139648 0.319336 0.009766 0.009766
0 0.448242 0.312500 0.001953 0.003906
1 0.253906 0.312500 0.003906 0.003906
1 0.135742 0.311523 0.001953 0.001953
1 0.797852 0.309570 0.001953 0.001953
0 0.779297 0.310547 0.003906 0.003906
0 0.444336 0.310547 0.001953 0.003906
1 0.831055 0.307617 0.001953 0.001953
0 0.580078 0.309570 0.003906 0.005859
1 0.153320 0.307617 0.001953 0.001953
1 0.715820 0.312500 0.013672 0.019531
1 0.309570 0.307617 0.005859 0.009766
1 0.833008 0.302734 0.005859 0.003906
0 0.782227 0.301758 0.001953 0.001953
0 0.280273 0.302734 0.001953 0.003906
1 0.115234 0.302734 0.003906 0.003906
0 0.455078 0.304688 0.011719 0.011719
0 0.288086 0.302734 0.009766 0.007812
0 0.584961 0.295898 0.001953 0.001953
0 0.969727 0.293945 0.001953 0.001953
0 0.780273 0.297852 0.013672 0.009766
0 0.958984 0.292969 0.003906 0.003906
0 0.798828 0.298828 0.007812 0.015625
0 0.750000 0.309570 0.050781 0.037109
1 0.653320 0.291992 0.001953 0.001953
0 0.506836 0.291992 0.001953 0.001953
0 0.264648 0.291992 0.001953 0.001953
1 0.176758 0.291992 0.001953 0.001953
0 0.918945 0.290039 0.001953 0.001953
0 0.784180 0.290039 0.001953 0.001953
0 0.270508 0.290039 0.001953 0.001953
0 0.538086 0.291016 0.005859 0.007812
0 0.782227 0.286133 0.001953 0.001953
0 0.182617 0.286133 0.001953 0.001953
1 0.145508 0.288086 0.021484 0.005859
0 0.920898 0.285156 0.005859 0.003906
1 0.635742 0.284180 0.001953 0.001953
0 0.213867 0.285156 0.001953 0.003906
0 0.209961 0.285156 0.001953 0.003906
0 0.076172 0.285156 0.003906 0.003906
0 0.579102 0.282227 0.001953 0.001953
0 0.473633 0.288086 0.013672 0.013672
1 0.626953 0.326172 0.062500 0.093750
0 0.596680 0.280273 0.001953 0.001953
0 0.116211 0.281250 0.005859 0.003906
0 0.095703 0.283203 0.007812 0.007812
0 0.592773 0.279297 0.001953 0.003906
0 0.579102 0.278320 0.001953 0.001953
0 0.098633 0.276367 0.001953 0.001953
0 0.092773 0.276367 0.001953 0.001953
0 0.942383 0.273438 0.005859 0.003906
0 0.834961 0.278320 0.005859 0.013672
1 0.819336 0.290039 0.029297 0.037109
0 0.526367 0.275391 0.001953 0.007812
0 0.198242 0.272461 0.001953 0.001953
0 0.184570 0.272461 0.001953 0.001953
0 0.522461 0.271484 0.001953 0.003906
0 0.095703 0.270508 0.003906 0.001953
0 0.184570 0.268555 0.001953 0.001953
1 0.609375 0.266602 0.003906 0.001953
0 0.188477 0.266602 0.001953 0.001953
1 0.637695 0.268555 0.017578 0.009766
0 0.351562 0.266602 0.007812 0.005859
0 0.083008 0.266602 0.017578 0.009766
0 0.073242 0.262695 0.005859 0.001953
0 0.492188 0.263672 0.011719 0.007812
0 0.946289 0.258789 0.001953 0.001953
0 0.258789 0.258789 0.001953 0.001953
0 0.432617 0.256836 0.001953 0.001953
0 0.938477 0.253906 0.001953 0.003906
0 0.959961 0.271484 0.029297 0.042969
1 0.539062 0.250977 0.003906 0.001953
0 0.431641 0.250977 0.003906 0.005859
0 0.060547 0.252930 0.003906 0.009766
1 0.434570 0.247070 0.001953 0.001953
0 0.241211 0.247070 0.001953 0.001953
0 0.067383 0.247070 0.001953 0.001953
0 0.430664 0.245117 0.001953 0.001953
1 0.333008 0.243164 0.001953 0.001953
0 0.487305 0.241211 0.001953 0.001953
0 0.435547 0.242188 0.003906 0.003906
0 0.456055 0.239258 0.001953 0.001953
0 0.440430 0.240234 0.001953 0.003906
0 0.079102 0.246094 0.025391 0.015625
0 0.855469 0.237305 0.003906 0.001953
0 0.846680 0.237305 0.001953 0.001953
0 0.223633 0.239258 0.005859 0.005859
0 0.046875 0.242188 0.007812 0.011719
0 0.866211 0.235352 0.001953 0.001953
0 0.506836 0.250977 0.025391 0.033203
0 0.499023 0.236328 0.005859 0.003906
0 0.493164 0.236328 0.001953 0.003906
0 0.488281 0.236328 0.003906 0.003906
0 0.472656 0.236328 0.003906 0.003906
0 0.463867 0.238281 0.009766 0.007812
0 0.993164 0.250000 0.013672 0.035156
0 0.928711 0.233398 0.001953 0.001953
1 0.459961 0.231445 0.001953 0.001953
1 0.284180 0.233398 0.005859 0.005859
0 0.155273 0.232422 0.001953 0.003906
0 0.534180 0.229492 0.001953 0.001953
0 0.473633 0.230469 0.001953 0.003906
0 0.411133 0.229492 0.001953 0.001953
1 0.276367 0.235352 0.005859 0.013672
0 0.442383 0.227539 0.001953 0.001953
0 0.401367 0.227539 0.001953 0.001953
1 0.215820 0.229492 0.005859 0.009766
0 0.824219 0.611328 0.351562 0.777344
0 0.463867 0.224609 0.001953 0.003906
0 0.434570 0.223633 0.001953 0.001953
0 0.973633 0.222656 0.001953 0.003906
0 0.472656 0.222656 0.003906 0.003906
1 0.312500 0.227539 0.007812 0.013672
1 0.618164 0.218750 0.001953 0.003906
1 0.217773 0.217773 0.001953 0.001953
0 0.188477 0.217773 0.001953 0.001953
0 0.861328 0.223633 0.015625 0.017578
0 0.389648 0.213867 0.001953 0.001953
0 0.370117 0.213867 0.001953 0.001953
1 0.276367 0.217773 0.005859 0.017578
0 0.482422 0.208984 0.003906 0.003906
1 0.274414 0.208008 0.001953 0.001953
0 0.473633 0.208008 0.009766 0.005859
0 0.122070 0.202148 0.001953 0.001953
0 0.516602 0.198242 0.001953 0.001953
0 0.512695 0.213867 0.052734 0.033203
0 0.534180 0.191406 0.001953 0.003906
1 0.370117 0.188477 0.005859 0.005859
1 0.375977 0.183594 0.005859 0.007812
1 0.310547 0.183594 0.011719 0.007812
1 0.245117 0.180664 0.001953 0.001953
0 0.124023 0.178711 0.001953 0.001953
0 0.104492 0.180664 0.005859 0.005859
1 0.369141 0.177734 0.003906 0.003906
1 0.307617 0.176758 0.001953 0.001953
1 0.303711 0.176758 0.001953 0.001953
0 0.276367 0.283203 0.388672 0.218750
0 0.124023 0.174805 0.001953 0.001953
0 0.094727 0.174805 0.001953 0.001953
1 0.307617 0.170898 0.001953 0.001953
1 0.608398 0.168945 0.001953 0.001953
0 0.937500 0.166992 0.003906 0.001953
0 0.927734 0.171875 0.011719 0.011719
1 0.602539 0.166992 0.001953 0.001953
0 0.008789 0.166992 0.001953 0.001953
0 0.924805 0.163086 0.001953 0.001953
1 0.305664 0.163086 0.001953 0.001953
1 0.300781 0.166992 0.007812 0.009766
1 0.602539 0.157227 0.001953 0.001953
0 0.050781 0.157227 0.003906 0.001953
1 0.343750 0.162109 0.011719 0.015625
1 0.403320 0.160156 0.013672 0.015625
0 0.051758 0.153320 0.001953 0.001953
0 0.047852 0.153320 0.001953 0.001953
0 0.033203 0.179688 0.042969 0.054688
1 0.610352 0.160156 0.009766 0.019531
0 0.436523 0.151367 0.001953 0.001953
1 0.346680 0.149414 0.001953 0.001953
0 0.844727 0.147461 0.001953 0.001953
1 0.381836 0.145508 0.001953 0.001953
0 0.438477 0.143555 0.001953 0.001953
0 0.426758 0.141602 0.001953 0.001953
1 0.172852 0.141602 0.001953 0.001953
1 0.145508 0.141602 0.001953 0.001953
0 0.864258 0.139648 0.001953 0.001953
1 0.416992 0.143555 0.005859 0.009766
1 0.391602 0.142578 0.005859 0.007812
1 0.378906 0.140625 0.003906 0.003906
1 0.392578 0.133789 0.003906 0.005859
0 0.841797 0.129883 0.003906 0.001953
1 0.155273 0.125977 0.001953 0.001953
0 0.122070 0.122070 0.001953 0.001953
0 0.888672 0.120117 0.015625 0.009766
0 0.902344 0.116211 0.003906 0.005859
0 0.530273 0.195312 0.169922 0.167969
0 0.458008 0.112305 0.001953 0.001953
0 0.440430 0.112305 0.001953 0.001953
1 0.201172 0.192383 0.199219 0.162109
1 0.151367 0.117188 0.005859 0.011719
0 0.842773 0.110352 0.001953 0.001953
0 0.877930 0.104492 0.001953 0.001953
1 0.158203 0.104492 0.003906 0.005859
1 0.151367 0.102539 0.001953 0.001953
0 0.485352 0.102539 0.013672 0.009766
0 0.489258 0.094727 0.001953 0.001953
1 0.243164 0.095703 0.001953 0.003906
0 0.149414 0.092773 0.001953 0.001953
1 0.163086 0.090820 0.001953 0.001953
1 0.552734 0.091797 0.007812 0.007812
1 0.225586 0.088867 0.001953 0.001953
0 0.530273 0.088867 0.001953 0.005859
1 0.559570 0.084961 0.001953 0.001953
0 0.795898 0.083008 0.001953 0.001953
0 0.811523 0.083984 0.005859 0.007812
1 0.559570 0.080078 0.001953 0.003906
0 0.516602 0.077148 0.001953 0.001953
1 0.227539 0.083984 0.013672 0.015625
1 0.186523 0.075195 0.001953 0.001953
0 0.788086 0.078125 0.005859 0.011719
1 0.557617 0.073242 0.001953 0.001953
1 0.541992 0.073242 0.001953 0.001953
0 0.432617 0.089844 0.037109 0.035156
1 0.186523 0.071289 0.001953 0.001953
0 0.784180 0.069336 0.001953 0.001953
0 0.461914 0.068359 0.001953 0.003906
1 0.520508 0.065430 0.001953 0.001953
1 0.899414 0.060547 0.001953 0.003906
1 0.215820 0.069336 0.009766 0.021484
0 0.809570 0.051758 0.001953 0.001953
1 0.942383 0.104492 0.115234 0.119141
1 0.559570 0.045898 0.001953 0.001953
1 0.918945 0.045898 0.005859 0.005859
1 0.500977 0.034180 0.001953 0.001953
1 0.497070 0.028320 0.001953 0.001953
0 0.813477 0.027344 0.001953 0.003906
0 0.794922 0.026367 0.003906 0.001953
1 0.823242 0.022461 0.001953 0.001953
0 0.996094 0.039062 0.007812 0.039062
1 0.494141 0.021484 0.003906 0.003906
0 0.627930 0.018555 0.001953 0.001953
0 0.614258 0.015625 0.005859 0.003906
0 0.823242 0.012695 0.001953 0.001953
1 0.881836 0.012695 0.001953 0.005859
0 0.627930 0.012695 0.009766 0.005859
1 0.481445 0.008789 0.001953 0.001953
1 0.582031 0.010742 0.007812 0.009766
0 0.980469 0.001953 0.003906 0.003906
0 0.975586 0.000977 0.001953 0.001953
0 0.969727 0.000977 0.001953 0.001953
0 0.956055 0.000977 0.001953 0.001953
0 0.850586 0.078125 0.064453 0.156250
0 0.799805 0.014648 0.044922 0.029297
1 0.536133 0.023438 0.076172 0.046875
1 0.482422 0.002930 0.003906 0.005859
1 0.265625 0.085938 0.531250 0.171875
2 0.891602 0.999023 0.001953 0.001953
2 0.229492 0.997070 0.001953 0.005859
2 0.001953 0.995117 0.003906 0.005859
2 0.229492 0.990234 0.005859 0.003906
2 0.659180 0.987305 0.001953 0.001953
3 0.454102 0.987305 0.001953 0.001953
2 0.006836 0.985352 0.001953 0.001953
2 0.002930 0.985352 0.001953 0.001953
3 0.788086 0.991211 0.017578 0.017578
2 0.223633 0.984375 0.005859 0.003906
3 0.215820 0.983398 0.001953 0.001953
2 0.006836 0.981445 0.001953 0.001953
2 0.001953 0.980469 0.003906 0.003906
3 0.891602 0.978516 0.001953 0.003906
3 0.774414 0.973633 0.001953 0.001953
2 0.906250 0.985352 0.027344 0.029297
2 0.010742 0.971680 0.001953 0.001953
2 0.190430 0.969727 0.001953 0.001953
3 0.762695 0.967773 0.001953 0.001953
2 0.549805 0.979492 0.029297 0.029297
2 0.888672 0.958008 0.003906 0.001953
2 0.442383 0.958008 0.001953 0.001953
2 0.886719 0.953125 0.003906 0.003906
2 0.811523 0.953125 0.001953 0.003906
2 0.530273 0.948242 0.005859 0.001953
2 0.885742 0.947266 0.001953 0.003906
2 0.896484 0.950195 0.011719 0.017578
3 0.696289 0.944336 0.009766 0.005859
2 0.688477 0.940430 0.001953 0.001953
2 0.866211 0.938477 0.001953 0.001953
2 0.532227 0.936523 0.001953 0.001953
2 0.008789 0.936523 0.001953 0.001953
3 0.780273 0.934570 0.001953 0.001953
2 0.022461 0.928711 0.001953 0.001953
2 0.541992 0.935547 0.013672 0.027344
3 0.571289 0.887695 0.001953 0.001953
3 0.072266 0.868164 0.003906 0.005859
2 0.467773 0.862305 0.001953 0.001953
3 0.075195 0.859375 0.001953 0.003906
2 0.598633 0.856445 0.001953 0.001953
2 0.474609 0.860352 0.007812 0.009766
2 0.622070 0.854492 0.001953 0.001953
2 0.808594 0.851562 0.003906 0.003906
2 0.627930 0.842773 0.001953 0.001953
3 0.743164 0.913086 0.091797 0.173828
3 0.155273 0.817383 0.001953 0.001953
3 0.077148 0.815430 0.001953 0.001953
3 0.057617 0.813477 0.001953 0.001953
3 0.053711 0.809570 0.001953 0.001953
3 0.065430 0.799805 0.001953 0.001953
3 0.069336 0.793945 0.001953 0.001953
2 0.782227 0.776367 0.001953 0.001953
2 0.809570 0.764648 0.001953 0.001953
3 0.020508 0.756836 0.001953 0.001953
3 0.032227 0.752930 0.001953 0.001953
3 0.103516 0.875000 0.207031 0.250000
2 0.920898 0.665039 0.001953 0.001953
2 0.932617 0.657227 0.001953 0.001953
2 0.940430 0.643555 0.001953 0.001953
2 0.812500 0.635742 0.007812 0.017578
2 0.969727 0.612305 0.001953 0.005859
2 0.964844 0.597656 0.007812 0.007812
2 0.899414 0.780273 0.201172 0.439453
2 0.999023 0.557617 0.001953 0.001953
2 0.885742 0.448242 0.001953 0.001953
2 0.827148 0.419922 0.009766 0.023438
2 0.825195 0.405273 0.005859 0.001953
2 0.839844 0.402344 0.003906 0.003906
2 0.795898 0.366211 0.001953 0.001953
2 0.916992 0.299805 0.001953 0.001953
2 0.829102 0.120117 0.001953 0.001953
3 0.325195 0.102539 0.001953 0.001953
3 0.291992 0.090820 0.001953 0.001953
2 0.504883 0.086914 0.001953 0.001953
2 0.520508 0.084961 0.001953 0.001953
3 0.306641 0.086914 0.011719 0.013672
2 0.854492 0.083008 0.005859 0.009766
2 0.497070 0.075195 0.001953 0.001953
2 0.879883 0.072266 0.001953 0.003906
3 0.239258 0.069336 0.001953 0.001953
2 0.333984 0.071289 0.003906 0.009766
2 0.008789 0.067383 0.001953 0.001953
2 0.000977 0.067383 0.001953 0.001953
3 0.942383 0.063477 0.001953 0.001953
3 0.292969 0.067383 0.003906 0.009766
3 0.252930 0.063477 0.001953 0.001953
3 0.246094 0.066406 0.007812 0.007812
3 0.239258 0.063477 0.001953 0.001953
3 0.114258 0.064453 0.001953 0.003906
2 0.501953 0.059570 0.003906 0.005859
3 0.241211 0.058594 0.001953 0.003906
3 0.499023 0.053711 0.001953 0.001953
3 0.183594 0.049805 0.003906 0.001953
3 0.235352 0.045898 0.001953 0.001953
2 0.869141 0.041992 0.003906 0.001953
3 0.559570 0.038086 0.001953 0.001953
3 0.568359 0.034180 0.003906 0.001953
3 0.510742 0.032227 0.001953 0.001953
3 0.567383 0.030273 0.001953 0.001953
3 0.225586 0.022461 0.001953 0.001953
2 0.042969 0.021484 0.003906 0.003906
3 0.254883 0.019531 0.005859 0.003906
2 0.042969 0.015625 0.003906 0.003906
3 0.414062 0.011719 0.003906 0.003906
2 0.813477 0.008789 0.001953 0.001953
3 0.270508 0.024414 0.029297 0.041016
2 0.194336 0.003906 0.001953 0.003906
2 0.811523 0.000977 0.001953 0.001953
2 0.805664 0.001953 0.005859 0.003906
2 0.500000 0.500000 1.000000 1.000000
3 0.384766 0.012695 0.027344 0.025391
3 0.326172 0.023438 0.019531 0.046875
2 0.199219 0.002930 0.003906 0.005859
3 0.126953 0.011719 0.015625 0.023438
2 0.005859 0.016602 0.011719 0.033203