0 0.772461 0.995117 0.001953 0.001953
0 0.625977 0.989258 0.001953 0.001953
1 0.557617 0.990234 0.009766 0.007812
1 0.058594 0.984375 0.039062 0.027344
1 0.103516 0.983398 0.023438 0.033203
0 0.666016 0.981445 0.019531 0.037109
1 0.987305 0.976562 0.025391 0.046875
1 0.868164 0.944336 0.001953 0.001953
1 0.873047 0.943359 0.003906 0.003906
1 0.265625 0.946289 0.003906 0.013672
1 0.817383 0.938477 0.001953 0.001953
1 0.807617 0.953125 0.033203 0.035156
1 0.551758 0.939453 0.009766 0.011719
1 0.162109 0.939453 0.007812 0.011719
1 0.815430 0.927734 0.013672 0.015625
1 0.804688 0.920898 0.007812 0.013672
1 0.727539 0.916992 0.013672 0.005859
1 0.639648 0.923828 0.009766 0.023438
1 0.054688 0.917969 0.011719 0.011719
1 0.993164 0.911133 0.005859 0.005859
1 0.889648 0.949219 0.158203 0.089844
1 0.370117 0.913086 0.017578 0.017578
1 0.317383 0.951172 0.076172 0.097656
1 0.998047 0.903320 0.003906 0.005859
0 0.848633 0.916992 0.048828 0.041016
0 0.448242 0.899414 0.017578 0.005859
1 0.989258 0.892578 0.013672 0.011719
1 0.401367 0.893555 0.009766 0.013672
0 0.859375 0.887695 0.011719 0.005859
1 0.107422 0.887695 0.027344 0.009766
0 0.710938 0.882812 0.003906 0.003906
1 0.043945 0.891602 0.029297 0.021484
1 0.536133 0.924805 0.126953 0.095703
1 0.998047 0.881836 0.003906 0.013672
1 0.755859 0.933594 0.066406 0.132812
1 0.698242 0.866211 0.001953 0.001953
1 0.619141 0.873047 0.023438 0.015625
1 0.166992 0.871094 0.025391 0.011719
1 0.123047 0.869141 0.015625 0.011719
0 0.620117 0.860352 0.001953 0.001953
1 0.250000 0.857422 0.003906 0.003906
1 0.566406 0.862305 0.050781 0.037109
1 0.652344 0.859375 0.015625 0.039062
1 0.066406 0.844727 0.015625 0.013672
1 0.680664 0.849609 0.025391 0.035156
1 0.069336 0.831055 0.001953 0.001953
1 0.598633 0.826172 0.009766 0.007812
1 0.961914 0.834961 0.033203 0.029297
0 0.443359 0.823242 0.011719 0.005859
1 0.416992 0.830078 0.017578 0.023438
1 0.379883 0.836914 0.021484 0.044922
1 0.669922 0.801758 0.007812 0.005859
1 0.087891 0.814453 0.035156 0.031250
1 0.698242 0.822266 0.033203 0.062500
1 0.641602 0.803711 0.056641 0.041016
0 0.464844 0.800781 0.054688 0.035156
1 0.720703 0.782227 0.003906 0.001953
1 0.787109 0.780273 0.007812 0.005859
1 0.604492 0.776367 0.001953 0.001953
1 0.357422 0.781250 0.019531 0.015625
1 0.914062 0.770508 0.007812 0.005859
1 0.104492 0.768555 0.001953 0.001953
1 0.116211 0.770508 0.009766 0.009766
1 0.613281 0.768555 0.011719 0.021484
1 0.586914 0.756836 0.005859 0.001953
1 0.512695 0.754883 0.001953 0.001953
1 0.125977 0.757812 0.017578 0.011719
1 0.752930 0.761719 0.029297 0.023438
1 0.962891 0.751953 0.007812 0.007812
1 0.600586 0.751953 0.009766 0.007812
1 0.186523 0.746094 0.005859 0.003906
1 0.207031 0.785156 0.082031 0.089844
1 0.907227 0.740234 0.009766 0.007812
1 0.720703 0.739258 0.019531 0.017578
1 0.629883 0.730469 0.005859 0.003906
1 0.136719 0.734375 0.019531 0.023438
1 0.625000 0.722656 0.003906 0.003906
1 0.173828 0.721680 0.003906 0.001953
1 0.092773 0.723633 0.009766 0.005859
1 0.766602 0.721680 0.013672 0.009766
1 0.122070 0.717773 0.005859 0.005859
1 0.103516 0.718750 0.011719 0.011719
1 0.051758 0.716797 0.013672 0.007812
1 0.113281 0.712891 0.003906 0.003906
0 0.349609 0.717773 0.011719 0.017578
1 0.175781 0.706055 0.003906 0.001953
1 0.129883 0.708984 0.013672 0.007812
0 0.310547 0.705078 0.003906 0.007812
1 0.821289 0.694336 0.001953 0.001953
1 0.002930 0.699219 0.005859 0.015625
1 0.031250 0.702148 0.042969 0.033203
1 0.635742 0.684570 0.001953 0.001953
1 0.963867 0.682617 0.001953 0.001953
1 0.181641 0.674805 0.011719 0.009766
1 0.011719 0.671875 0.007812 0.007812
1 0.643555 0.718750 0.103516 0.105469
1 0.215820 0.665039 0.001953 0.001953
1 0.206055 0.669922 0.013672 0.023438
1 0.192383 0.661133 0.009766 0.009766
1 0.171875 0.665039 0.015625 0.017578
1 0.108398 0.663086 0.013672 0.013672
1 0.080078 0.657227 0.003906 0.001953
1 0.730469 0.660156 0.011719 0.011719
1 0.452148 0.655273 0.001953 0.001953
1 0.376953 0.656250 0.003906 0.003906
1 0.709961 0.653320 0.001953 0.001953
1 0.684570 0.652344 0.001953 0.003906
1 0.680664 0.651367 0.001953 0.001953
1 0.660156 0.650391 0.015625 0.003906
1 0.401367 0.655273 0.017578 0.017578
1 0.049805 0.650391 0.005859 0.011719
1 0.140625 0.643555 0.003906 0.001953
1 0.057617 0.641602 0.005859 0.009766
1 0.697266 0.646484 0.019531 0.023438
0 0.009766 0.637695 0.011719 0.005859
1 0.431641 0.695312 0.121094 0.125000
1 0.748047 0.672852 0.035156 0.083984
1 0.641602 0.641602 0.025391 0.021484
1 0.172852 0.629883 0.013672 0.009766
1 0.089844 0.626953 0.007812 0.011719
1 0.703125 0.634766 0.035156 0.031250
1 0.306641 0.656250 0.039062 0.082031
1 0.076172 0.615234 0.007812 0.007812
1 0.737305 0.619141 0.060547 0.019531
1 0.295898 0.608398 0.001953 0.001953
1 0.982422 0.653320 0.035156 0.115234
1 0.697266 0.591797 0.015625 0.007812
0 0.394531 0.586914 0.003906 0.001953
1 0.256836 0.592773 0.033203 0.017578
1 0.625000 0.583008 0.007812 0.005859
1 0.841797 0.584961 0.015625 0.013672
1 0.117188 0.573242 0.007812 0.005859
1 0.456055 0.571289 0.005859 0.005859
0 0.416992 0.570312 0.001953 0.003906
0 0.390625 0.573242 0.027344 0.013672
1 0.270508 0.577148 0.025391 0.021484
1 0.965820 0.566406 0.005859 0.003906
1 0.948242 0.563477 0.001953 0.001953
1 0.803711 0.565430 0.013672 0.005859
1 0.687500 0.560547 0.003906 0.003906
1 0.032227 0.559570 0.001953 0.001953
1 0.769531 0.559570 0.042969 0.013672
1 0.608398 0.553711 0.001953 0.001953
1 0.203125 0.584961 0.078125 0.076172
1 0.319336 0.567383 0.056641 0.048828
1 0.694336 0.548828 0.017578 0.015625
0 0.391602 0.543945 0.009766 0.005859
1 0.738281 0.541992 0.011719 0.009766
1 0.753906 0.537109 0.007812 0.003906
1 0.470703 0.592773 0.292969 0.126953
1 0.517578 0.536133 0.023438 0.017578
1 0.116211 0.526367 0.001953 0.001953
1 0.364258 0.512695 0.001953 0.001953
1 0.570312 0.508789 0.003906 0.005859
1 0.726562 0.497070 0.003906 0.001953
1 0.727539 0.493164 0.001953 0.001953
1 0.541016 0.489258 0.003906 0.001953
1 0.961914 0.485352 0.001953 0.001953
1 0.541992 0.485352 0.001953 0.001953
1 0.041992 0.485352 0.001953 0.001953
0 0.006836 0.490234 0.013672 0.011719
1 0.094727 0.498047 0.037109 0.031250
1 0.041992 0.561523 0.083984 0.169922
1 0.000977 0.475586 0.001953 0.001953
1 0.536133 0.471680 0.001953 0.001953
1 0.445312 0.484375 0.132812 0.035156
1 0.037109 0.466797 0.003906 0.003906
1 0.727539 0.493164 0.228516 0.064453
1 0.109375 0.463867 0.003906 0.005859
1 0.001953 0.458984 0.003906 0.007812
0 0.198242 0.451172 0.005859 0.003906
1 0.960938 0.449219 0.003906 0.003906
1 0.153320 0.440430 0.001953 0.001953
0 0.187500 0.442383 0.007812 0.009766
1 0.245117 0.504883 0.177734 0.134766
1 0.094727 0.439453 0.001953 0.003906
0 0.507812 0.448242 0.027344 0.025391
1 0.153320 0.436523 0.005859 0.001953
1 0.149414 0.432617 0.001953 0.001953
1 0.242188 0.434570 0.011719 0.009766
1 0.226562 0.433594 0.007812 0.007812
1 0.333984 0.429688 0.003906 0.003906
1 0.060547 0.430664 0.019531 0.013672
1 0.497070 0.421875 0.009766 0.007812
1 0.369141 0.444336 0.074219 0.052734
1 0.041016 0.419922 0.015625 0.015625
1 0.025391 0.434570 0.050781 0.048828
1 0.121094 0.407227 0.011719 0.009766
1 0.943359 0.450195 0.113281 0.103516
1 0.241211 0.400391 0.017578 0.011719
1 0.547852 0.395508 0.017578 0.009766
1 0.084961 0.389648 0.005859 0.005859
1 0.051758 0.383789 0.005859 0.001953
1 0.601562 0.394531 0.015625 0.031250
1 0.147461 0.380859 0.009766 0.011719
1 0.512695 0.375977 0.029297 0.017578
1 0.588867 0.366211 0.001953 0.001953
1 0.406250 0.388672 0.050781 0.046875
1 0.202148 0.366211 0.001953 0.001953
1 0.186523 0.368164 0.013672 0.009766
1 0.293945 0.370117 0.017578 0.017578
1 0.791016 0.363281 0.023438 0.015625
1 0.463867 0.361328 0.013672 0.011719
1 0.226562 0.394531 0.136719 0.078125
1 0.508789 0.349609 0.005859 0.007812
1 0.897461 0.335938 0.001953 0.003906
1 0.337891 0.341797 0.011719 0.015625
1 0.492188 0.334961 0.007812 0.005859
1 0.227539 0.332031 0.005859 0.007812
1 0.192383 0.330078 0.005859 0.003906
0 0.176758 0.315430 0.001953 0.001953
0 0.182617 0.309570 0.001953 0.001953
1 0.586914 0.308594 0.001953 0.003906
0 0.594727 0.304688 0.005859 0.003906
1 0.807617 0.301758 0.001953 0.001953
1 0.340820 0.304688 0.037109 0.031250
0 0.588867 0.288086 0.001953 0.001953
1 0.581055 0.288086 0.001953 0.001953
0 0.143555 0.282227 0.001953 0.001953
0 0.755859 0.285156 0.003906 0.011719
0 0.151367 0.282227 0.009766 0.009766
1 0.946289 0.276367 0.001953 0.001953
0 0.456055 0.277344 0.001953 0.003906
1 0.424805 0.268555 0.001953 0.001953
1 0.362305 0.279297 0.029297 0.023438
1 0.037109 0.323242 0.074219 0.111328
1 0.988281 0.320312 0.023438 0.117188
0 0.152344 0.259766 0.003906 0.003906
1 0.265625 0.255859 0.023438 0.019531
1 0.043945 0.254883 0.025391 0.017578
1 0.514648 0.245117 0.001953 0.001953
1 0.664062 0.292969 0.171875 0.101562
1 0.409180 0.243164 0.001953 0.001953
0 0.164062 0.250000 0.015625 0.015625
1 0.413086 0.241211 0.001953 0.001953
0 0.254883 0.239258 0.005859 0.001953
0 0.265625 0.237305 0.007812 0.005859
1 0.016602 0.246094 0.033203 0.039062
1 0.796875 0.279297 0.070312 0.109375
1 0.089844 0.253906 0.046875 0.058594
1 0.531250 0.227539 0.007812 0.009766
1 0.319336 0.242188 0.056641 0.046875
1 0.261719 0.222656 0.011719 0.015625
1 0.805664 0.208984 0.001953 0.003906
0 0.974609 0.209961 0.011719 0.009766
1 0.007812 0.199219 0.015625 0.015625
1 0.570312 0.233398 0.058594 0.087891
1 0.854492 0.191406 0.009766 0.007812
1 0.268555 0.200195 0.013672 0.025391
1 0.489258 0.191406 0.009766 0.011719
1 0.140625 0.187500 0.007812 0.003906
1 0.335938 0.189453 0.019531 0.011719
1 0.248047 0.179688 0.003906 0.003906
1 0.200195 0.179688 0.005859 0.003906
1 0.188477 0.179688 0.013672 0.007812
0 0.994141 0.179688 0.011719 0.015625
0 0.881836 0.183594 0.009766 0.023438
1 0.781250 0.176758 0.007812 0.009766
1 0.441406 0.172852 0.003906 0.001953
1 0.087891 0.180664 0.019531 0.017578
1 0.719727 0.165039 0.001953 0.001953
1 0.487305 0.165039 0.001953 0.001953
1 0.371094 0.163086 0.003906 0.005859
1 0.273438 0.158203 0.003906 0.007812
1 0.132812 0.158203 0.007812 0.007812
1 0.229492 0.159180 0.013672 0.021484
0 0.317383 0.154297 0.013672 0.015625
1 0.544922 0.137695 0.003906 0.001953
1 0.009766 0.155273 0.019531 0.037109
0 0.257812 0.136719 0.003906 0.003906
0 0.415039 0.132812 0.009766 0.007812
1 0.862305 0.125977 0.001953 0.001953
1 0.045898 0.128906 0.009766 0.007812
1 0.357422 0.137695 0.023438 0.029297
1 0.528320 0.131836 0.017578 0.021484
1 0.179688 0.124023 0.007812 0.005859
1 0.488281 0.123047 0.011719 0.011719
1 0.936523 0.193359 0.041016 0.156250
1 0.123047 0.115234 0.007812 0.007812
1 0.109375 0.111328 0.007812 0.007812
0 0.005859 0.116211 0.011719 0.017578
1 0.874023 0.103516 0.005859 0.003906
1 0.611328 0.120117 0.019531 0.037109
1 0.995117 0.105469 0.009766 0.011719
1 0.668945 0.148438 0.380859 0.097656
1 0.572266 0.099609 0.011719 0.007812
1 0.191406 0.100586 0.007812 0.009766
1 0.041016 0.104492 0.027344 0.017578
1 0.918945 0.105469 0.048828 0.023438
1 0.955078 0.094727 0.015625 0.009766
1 0.750000 0.089844 0.003906 0.003906
1 0.203125 0.107422 0.035156 0.039062
1 0.181641 0.093750 0.011719 0.011719
0 0.654297 0.087891 0.003906 0.003906
0 0.661133 0.084961 0.005859 0.001953
0 0.680664 0.087891 0.005859 0.011719
1 0.165039 0.086914 0.005859 0.009766
1 0.197266 0.081055 0.003906 0.001953
1 0.499023 0.085938 0.134766 0.031250
0 0.994141 0.069336 0.011719 0.009766
1 0.446289 0.063477 0.017578 0.009766
0 0.480469 0.057617 0.007812 0.009766
0 0.285156 0.055664 0.007812 0.009766
1 0.739258 0.067383 0.189453 0.037109
1 0.643555 0.050781 0.005859 0.003906
1 0.845703 0.056641 0.015625 0.023438
1 0.625977 0.075195 0.052734 0.060547
1 0.216797 0.075195 0.031250 0.064453
0 0.479492 0.041992 0.001953 0.001953
0 0.602539 0.040039 0.005859 0.009766
1 0.089844 0.036133 0.003906 0.001953
1 0.096680 0.035156 0.001953 0.003906
1 0.851562 0.035156 0.015625 0.011719
0 0.570312 0.037109 0.054688 0.019531
1 0.157227 0.100586 0.076172 0.150391
1 0.291992 0.024414 0.001953 0.001953
1 0.287109 0.023438 0.003906 0.003906
1 0.177734 0.025391 0.003906 0.007812
1 0.142578 0.027344 0.007812 0.011719
1 0.307617 0.020508 0.001953 0.001953
1 0.276367 0.023438 0.013672 0.007812
0 0.025391 0.021484 0.003906 0.003906
1 0.728516 0.034180 0.035156 0.033203
1 0.512695 0.042969 0.029297 0.050781
1 0.821289 0.018555 0.013672 0.017578
1 0.042969 0.046875 0.085938 0.074219
1 0.063477 0.008789 0.001953 0.001953
0 0.521484 0.008789 0.007812 0.005859
1 0.449219 0.005859 0.003906 0.007812
1 0.648438 0.020508 0.058594 0.041016
1 0.646484 0.001953 0.007812 0.003906
1 0.464844 0.008789 0.015625 0.017578
1 0.318359 0.031250 0.054688 0.062500
1 0.324219 0.003906 0.011719 0.007812
1 0.313477 0.000977 0.001953 0.001953
1 0.218750 0.011719 0.039062 0.023438
1 0.177734 0.011719 0.031250 0.023438
0 0.014648 0.005859 0.013672 0.011719
3 0.995117 0.993164 0.009766 0.013672
3 0.029297 0.556641 0.058594 0.089844
3 0.063477 0.495117 0.005859 0.009766
3 0.007812 0.434570 0.015625 0.017578
3 0.067383 0.366211 0.001953 0.001953
3 0.065430 0.362305 0.001953 0.001953
3 0.010742 0.326172 0.021484 0.042969
3 0.014648 0.247070 0.001953 0.001953
3 0.000977 0.170898 0.001953 0.001953
3 0.001953 0.076172 0.003906 0.007812
3 0.000977 0.063477 0.001953 0.001953
3 0.063477 0.036133 0.001953 0.001953
3 0.202148 0.004883 0.001953 0.001953
3 0.208984 0.001953 0.007812 0.003906
3 0.500000 0.500000 1.000000 1.000000