1 0.965820 0.194336 0.001953 0.001953
1 0.500000 0.500000 1.000000 1.000000
3 0.986328 0.999023 0.003906 0.001953
3 0.700195 0.994141 0.017578 0.011719
2 0.598633 0.989258 0.001953 0.001953
2 0.627930 0.991211 0.009766 0.017578
3 0.983398 0.977539 0.001953 0.001953
3 0.981445 0.973633 0.001953 0.001953
2 0.624023 0.975586 0.005859 0.005859
3 0.831055 0.984375 0.025391 0.027344
2 0.883789 0.980469 0.041016 0.023438
3 0.671875 0.967773 0.003906 0.001953
3 0.079102 0.965820 0.001953 0.001953
3 0.066406 0.970703 0.019531 0.015625
2 0.588867 0.968750 0.029297 0.019531
3 0.749023 0.957031 0.005859 0.003906
3 0.298828 0.977539 0.039062 0.044922
3 0.012695 0.959961 0.017578 0.025391
3 0.710938 0.966797 0.050781 0.050781
2 0.987305 0.936523 0.013672 0.009766
3 0.731445 0.937500 0.056641 0.023438
2 0.845703 0.948242 0.070312 0.048828
2 0.547852 0.925781 0.001953 0.003906
2 0.594727 0.935547 0.052734 0.027344
3 0.618164 0.914062 0.001953 0.003906
3 0.614258 0.911133 0.001953 0.001953
2 0.563477 0.907227 0.001953 0.001953
3 0.629883 0.913086 0.021484 0.017578
3 0.379883 0.900391 0.001953 0.003906
3 0.353516 0.904297 0.015625 0.011719
3 0.715820 0.908203 0.037109 0.023438
2 0.642578 0.898438 0.007812 0.003906
2 0.863281 0.897461 0.011719 0.009766
3 0.651367 0.891602 0.001953 0.001953
3 0.682617 0.889648 0.009766 0.005859
3 0.566406 0.899414 0.042969 0.025391
3 0.545898 0.887695 0.001953 0.001953
3 0.531250 0.885742 0.003906 0.005859
3 0.840820 0.893555 0.029297 0.029297
3 0.556641 0.877930 0.003906 0.001953
2 0.831055 0.874023 0.001953 0.001953
3 0.047852 0.878906 0.009766 0.011719
3 0.373047 0.880859 0.027344 0.019531
3 0.028320 0.875977 0.017578 0.009766
3 0.996094 0.875000 0.007812 0.011719
2 0.388672 0.871094 0.003906 0.003906
3 0.356445 0.870117 0.001953 0.001953
3 0.583984 0.882812 0.046875 0.031250
3 0.472656 0.867188 0.007812 0.003906
3 0.583984 0.867188 0.019531 0.007812
3 0.458008 0.866211 0.005859 0.005859
3 0.749023 0.868164 0.009766 0.013672
3 0.465820 0.862305 0.001953 0.001953
2 0.116211 0.858398 0.001953 0.001953
3 0.437500 0.880859 0.019531 0.058594
3 0.052734 0.856445 0.027344 0.017578
3 0.566406 0.853516 0.031250 0.019531
3 0.708984 0.848633 0.019531 0.013672
3 0.227539 0.846680 0.013672 0.013672
3 0.639648 0.828125 0.009766 0.007812
3 0.613281 0.819336 0.011719 0.009766
3 0.639648 0.810547 0.013672 0.007812
3 0.072266 0.827148 0.121094 0.060547
3 0.834961 0.799805 0.013672 0.009766
3 0.508789 0.897461 0.060547 0.205078
3 0.688477 0.793945 0.005859 0.005859
3 0.071289 0.794922 0.017578 0.011719
3 0.951172 0.797852 0.046875 0.021484
2 0.927734 0.783203 0.003906 0.003906
3 0.955078 0.779297 0.003906 0.003906
3 0.514648 0.782227 0.017578 0.021484
2 0.325195 0.787109 0.044922 0.031250
3 0.914062 0.771484 0.015625 0.015625
3 0.662109 0.761719 0.015625 0.007812
3 0.948242 0.756836 0.001953 0.001953
3 0.636719 0.759766 0.007812 0.007812
3 0.848633 0.758789 0.021484 0.017578
3 0.269531 0.774414 0.023438 0.048828
3 0.476562 0.751953 0.011719 0.015625
3 0.190430 0.742188 0.009766 0.007812
3 0.726562 0.736328 0.011719 0.011719
3 0.674805 0.738281 0.021484 0.019531
3 0.176758 0.734375 0.013672 0.011719
3 0.697266 0.727539 0.007812 0.009766
3 0.144531 0.726562 0.015625 0.015625
3 0.958984 0.730469 0.015625 0.031250
3 0.958984 0.712891 0.003906 0.003906
3 0.613281 0.714844 0.015625 0.007812
3 0.589844 0.714844 0.007812 0.007812
2 0.225586 0.707031 0.005859 0.003906
3 0.001953 0.706055 0.003906 0.005859
3 0.940430 0.703125 0.005859 0.003906
3 0.404297 0.683594 0.019531 0.007812
3 0.141602 0.677734 0.021484 0.011719
2 0.235352 0.678711 0.021484 0.017578
2 0.889648 0.668945 0.001953 0.001953
2 0.829102 0.676758 0.033203 0.025391
3 0.581055 0.662109 0.005859 0.007812
2 0.266602 0.652344 0.001953 0.003906
3 0.201172 0.677734 0.023438 0.054688
2 0.268555 0.646484 0.001953 0.003906
3 0.938477 0.648438 0.029297 0.011719
2 0.593750 0.635742 0.003906 0.001953
3 0.673828 0.632812 0.011719 0.007812
3 0.158203 0.637695 0.019531 0.017578
2 0.268555 0.633789 0.005859 0.013672
2 0.211914 0.619141 0.029297 0.031250
2 0.745117 0.596680 0.001953 0.001953
3 0.741211 0.592773 0.001953 0.001953
3 0.583008 0.593750 0.005859 0.003906
3 0.762695 0.589844 0.001953 0.003906
2 0.758789 0.587891 0.001953 0.003906
3 0.118164 0.591797 0.017578 0.031250
3 0.774414 0.576172 0.005859 0.007812
3 0.802734 0.575195 0.015625 0.009766
2 0.126953 0.566406 0.003906 0.003906
3 0.237305 0.570312 0.029297 0.019531
3 0.766602 0.557617 0.001953 0.001953
3 0.749023 0.559570 0.009766 0.025391
3 0.764648 0.530273 0.001953 0.001953
3 0.687500 0.531250 0.011719 0.011719
3 0.793945 0.518555 0.001953 0.001953
3 0.358398 0.516602 0.013672 0.025391
3 0.194336 0.511719 0.025391 0.015625
3 0.509766 0.500977 0.003906 0.005859
3 0.603516 0.500000 0.007812 0.011719
3 0.162109 0.536133 0.093750 0.083984
3 0.245117 0.491211 0.001953 0.001953
3 0.745117 0.479492 0.001953 0.001953
3 0.744141 0.475586 0.007812 0.001953
3 0.031250 0.475586 0.003906 0.001953
3 0.123047 0.470703 0.023438 0.023438
3 0.808594 0.458984 0.019531 0.019531
3 0.496094 0.455078 0.011719 0.019531
3 0.295898 0.426758 0.005859 0.009766
3 0.166992 0.419922 0.021484 0.015625
2 0.089844 0.395508 0.007812 0.005859
2 0.926758 0.384766 0.001953 0.003906
3 0.466797 0.387695 0.011719 0.009766
2 0.938477 0.372070 0.009766 0.009766
2 0.005859 0.375977 0.011719 0.017578
3 0.418945 0.358398 0.091797 0.021484
3 0.378906 0.342773 0.007812 0.001953
3 0.380859 0.337891 0.003906 0.003906
3 0.574219 0.344727 0.015625 0.021484
3 0.375977 0.333008 0.001953 0.001953
3 0.243164 0.352539 0.021484 0.048828
3 0.865234 0.428711 0.187500 0.216797
3 0.192383 0.334961 0.064453 0.048828
3 0.089844 0.315430 0.015625 0.009766
3 0.913086 0.305664 0.005859 0.005859
3 0.345703 0.306641 0.058594 0.035156
3 0.984375 0.300781 0.031250 0.035156
3 0.495117 0.260742 0.005859 0.001953
3 0.932617 0.254883 0.001953 0.001953
3 0.529297 0.261719 0.019531 0.015625
3 0.480469 0.255859 0.007812 0.003906
3 0.932617 0.250977 0.001953 0.001953
2 0.131836 0.244141 0.044922 0.035156
3 0.242188 0.269531 0.054688 0.089844
2 0.424805 0.223633 0.001953 0.001953
2 0.430664 0.225586 0.005859 0.009766
2 0.485352 0.215820 0.001953 0.001953
3 0.280273 0.211914 0.005859 0.005859
2 0.135742 0.212891 0.017578 0.011719
3 0.157227 0.208008 0.013672 0.009766
3 0.217773 0.200195 0.001953 0.001953
2 0.120117 0.205078 0.005859 0.015625
3 0.245117 0.186523 0.001953 0.009766
2 0.435547 0.172852 0.003906 0.005859
3 0.939453 0.194336 0.121094 0.060547
2 0.470703 0.170898 0.019531 0.013672
2 0.191406 0.167969 0.007812 0.007812
2 0.188477 0.156250 0.005859 0.011719
3 0.356445 0.169922 0.048828 0.042969
3 0.377930 0.149414 0.009766 0.005859
3 0.399414 0.145508 0.009766 0.009766
3 0.353516 0.142578 0.003906 0.003906
2 0.026367 0.122070 0.001953 0.001953
2 0.173828 0.132812 0.027344 0.027344
3 0.248047 0.092773 0.011719 0.009766
3 0.842773 0.087891 0.005859 0.003906
3 0.313477 0.095703 0.013672 0.019531
3 0.027344 0.094727 0.054688 0.017578
2 0.204102 0.083008 0.001953 0.001953
3 0.355469 0.085938 0.039062 0.019531
3 0.099609 0.066406 0.003906 0.003906
3 0.416016 0.146484 0.128906 0.175781
3 0.294922 0.075195 0.058594 0.033203
3 0.213867 0.066406 0.009766 0.015625
3 0.582031 0.063477 0.007812 0.013672
3 0.104492 0.059570 0.005859 0.005859
3 0.601562 0.044922 0.011719 0.011719
3 0.514648 0.041992 0.005859 0.009766
3 0.328125 0.038086 0.023438 0.009766
3 0.229492 0.038086 0.056641 0.025391
3 0.391602 0.026367 0.009766 0.009766
3 0.376953 0.012695 0.011719 0.013672
3 0.511719 0.078125 0.117188 0.156250
3 0.443359 0.000977 0.003906 0.001953
3 0.436523 0.000977 0.005859 0.001953
3 0.360352 0.019531 0.048828 0.039062
3 0.228516 0.004883 0.003906 0.009766
3 0.187500 0.001953 0.003906 0.003906
3 0.160156 0.000977 0.003906 0.001953
2 0.116211 0.008789 0.060547 0.017578
3 0.000977 0.000977 0.001953 0.001953