1 0.039062 0.982422 0.007812 0.007812
0 0.268555 0.969727 0.001953 0.001953
0 0.215820 0.958008 0.001953 0.001953
0 0.263672 0.957031 0.011719 0.015625
0 0.223633 0.950195 0.001953 0.001953
0 0.286133 0.967773 0.021484 0.044922
0 0.483398 0.947266 0.013672 0.011719
0 0.255859 0.944336 0.003906 0.005859
0 0.256836 0.938477 0.001953 0.001953
0 0.522461 0.936523 0.001953 0.001953
1 0.012695 0.934570 0.009766 0.009766
0 0.282227 0.925781 0.005859 0.003906
0 0.242188 0.924805 0.007812 0.005859
0 0.346680 0.919922 0.001953 0.003906
0 0.364258 0.913086 0.001953 0.001953
0 0.350586 0.913086 0.001953 0.001953
0 0.268555 0.915039 0.001953 0.005859
1 0.008789 0.913086 0.005859 0.001953
1 0.141602 0.911133 0.001953 0.001953
0 0.344727 0.909180 0.001953 0.001953
1 0.172852 0.909180 0.001953 0.001953
0 0.358398 0.908203 0.001953 0.003906
0 0.320312 0.910156 0.007812 0.007812
0 0.360352 0.903320 0.001953 0.001953
0 0.328125 0.903320 0.003906 0.001953
1 0.088867 0.904297 0.005859 0.007812
0 0.262695 0.899414 0.001953 0.001953
0 0.256836 0.897461 0.001953 0.001953
1 0.111328 0.907227 0.015625 0.025391
0 0.277344 0.899414 0.015625 0.013672
0 0.268555 0.885742 0.001953 0.001953
1 0.182617 0.881836 0.001953 0.001953
0 0.365234 0.880859 0.003906 0.003906
0 0.290039 0.879883 0.001953 0.001953
0 0.286133 0.879883 0.001953 0.001953
0 0.674805 0.875000 0.009766 0.007812
0 0.404297 0.878906 0.015625 0.019531
0 0.379883 0.871094 0.001953 0.003906
1 0.172852 0.875000 0.017578 0.015625
0 0.308594 0.875977 0.031250 0.021484
1 0.219727 0.866211 0.001953 0.001953
0 0.141602 0.866211 0.001953 0.001953
0 0.577148 0.864258 0.001953 0.001953
0 0.346680 0.883789 0.021484 0.048828
0 0.352539 0.858398 0.001953 0.001953
0 0.180664 0.852539 0.001953 0.001953
1 0.217773 0.850586 0.001953 0.001953
0 0.582031 0.854492 0.011719 0.013672
0 0.389648 0.850586 0.009766 0.009766
0 0.565430 0.842773 0.001953 0.001953
0 0.559570 0.840820 0.009766 0.013672
0 0.481445 0.835938 0.001953 0.003906
0 0.347656 0.840820 0.015625 0.017578
1 0.336914 0.833008 0.001953 0.001953
0 0.260742 0.859375 0.072266 0.058594
0 0.610352 0.831055 0.005859 0.005859
0 0.236328 0.828125 0.003906 0.003906
0 0.346680 0.825195 0.001953 0.001953
1 0.335938 0.828125 0.007812 0.007812
0 0.718750 0.829102 0.011719 0.013672
0 0.465820 0.821289 0.001953 0.001953
1 0.333984 0.820312 0.011719 0.007812
0 0.706055 0.813477 0.001953 0.001953
0 0.722656 0.814453 0.007812 0.007812
0 0.700195 0.811523 0.001953 0.001953
0 0.348633 0.818359 0.017578 0.015625
1 0.346680 0.806641 0.001953 0.003906
1 0.352539 0.803711 0.001953 0.001953
1 0.309570 0.803711 0.001953 0.001953
1 0.352539 0.799805 0.001953 0.001953
0 0.260742 0.802734 0.013672 0.007812
0 0.449219 0.815430 0.027344 0.037109
0 0.439453 0.800781 0.007812 0.007812
1 0.318359 0.806641 0.015625 0.019531
0 0.721680 0.796875 0.005859 0.007812
1 0.331055 0.793945 0.001953 0.001953
0 0.676758 0.796875 0.009766 0.011719
0 0.733398 0.788086 0.001953 0.001953
0 0.249023 0.784180 0.001953 0.001953
0 0.734375 0.783203 0.003906 0.003906
0 0.444336 0.779297 0.005859 0.003906
0 0.240234 0.779297 0.027344 0.027344
0 0.442383 0.768555 0.009766 0.013672
0 0.005859 0.759766 0.007812 0.007812
1 0.313477 0.754883 0.001953 0.001953
0 0.309570 0.750977 0.001953 0.001953
0 0.884766 0.759766 0.039062 0.031250
0 0.005859 0.746094 0.007812 0.007812
0 0.711914 0.730469 0.005859 0.007812
0 0.770508 0.727539 0.009766 0.013672
0 0.169922 0.719727 0.003906 0.001953
0 0.786133 0.718750 0.017578 0.007812
0 0.407227 0.722656 0.009766 0.015625
0 0.368164 0.717773 0.005859 0.005859
0 0.362305 0.715820 0.001953 0.001953
0 0.877930 0.713867 0.001953 0.001953
0 0.809570 0.711914 0.001953 0.001953
0 0.801758 0.712891 0.001953 0.003906
0 0.774414 0.711914 0.001953 0.001953
1 0.342773 0.711914 0.001953 0.001953
1 0.278320 0.711914 0.001953 0.001953
0 0.797852 0.709961 0.001953 0.001953
0 0.748047 0.709961 0.003906 0.001953
0 0.793945 0.708984 0.001953 0.003906
0 0.176758 0.715820 0.017578 0.021484
0 0.706055 0.708984 0.013672 0.011719
0 0.343750 0.734375 0.101562 0.062500
0 0.809570 0.703125 0.001953 0.007812
0 0.948242 0.700195 0.005859 0.005859
0 0.704102 0.699219 0.001953 0.003906
0 0.782227 0.694336 0.001953 0.001953
1 0.472656 0.698242 0.007812 0.009766
0 0.243164 0.694336 0.001953 0.001953
0 0.870117 0.701172 0.025391 0.019531
0 0.860352 0.692383 0.001953 0.001953
0 0.708984 0.694336 0.003906 0.005859
0 0.616211 0.690430 0.001953 0.001953
0 0.861328 0.688477 0.003906 0.001953
0 0.708008 0.688477 0.001953 0.001953
1 0.313477 0.692383 0.013672 0.009766
0 0.252930 0.690430 0.005859 0.009766
1 0.344727 0.688477 0.005859 0.009766
1 0.319336 0.684570 0.001953 0.001953
0 0.610352 0.682617 0.001953 0.001953
1 0.332031 0.693359 0.011719 0.023438
0 0.249023 0.720703 0.103516 0.078125
0 0.489258 0.680664 0.001953 0.001953
0 0.705078 0.681641 0.003906 0.007812
1 0.331055 0.670898 0.001953 0.001953
0 0.805664 0.666992 0.005859 0.005859
0 0.286133 0.663086 0.009766 0.005859
0 0.221680 0.664062 0.001953 0.007812
0 0.286133 0.659180 0.001953 0.001953
0 0.678711 0.657227 0.001953 0.001953
1 0.221680 0.657227 0.001953 0.001953
0 0.556641 0.670898 0.046875 0.033203
0 0.286133 0.653320 0.001953 0.001953
0 0.209961 0.651367 0.001953 0.001953
0 0.784180 0.677734 0.103516 0.062500
1 0.333008 0.651367 0.013672 0.009766
1 0.223633 0.645508 0.001953 0.001953
0 0.969727 0.643555 0.001953 0.001953
1 0.557617 0.647461 0.009766 0.009766
0 0.272461 0.639648 0.001953 0.001953
1 0.329102 0.636719 0.001953 0.003906
0 0.286133 0.631836 0.001953 0.001953
0 0.042969 0.633789 0.003906 0.005859
0 0.846680 0.628906 0.005859 0.007812
0 0.837891 0.639648 0.035156 0.029297
0 0.393555 0.625977 0.001953 0.001953
1 0.327148 0.628906 0.005859 0.007812
0 0.828125 0.624023 0.007812 0.001953
1 0.340820 0.624023 0.001953 0.001953
0 0.278320 0.624023 0.001953 0.001953
0 0.420898 0.622070 0.001953 0.001953
1 0.327148 0.622070 0.001953 0.001953
1 0.323242 0.620117 0.001953 0.001953
0 0.246094 0.647461 0.042969 0.056641
0 0.581055 0.618164 0.001953 0.001953
0 0.989258 0.616211 0.001953 0.001953
1 0.419922 0.614258 0.003906 0.001953
1 0.317383 0.614258 0.001953 0.001953
0 0.991211 0.612305 0.001953 0.001953
0 0.944336 0.611328 0.005859 0.007812
1 0.416016 0.610352 0.003906 0.005859
0 0.371094 0.639648 0.035156 0.064453
0 0.405273 0.614258 0.013672 0.017578
0 0.302734 0.637695 0.039062 0.064453
0 0.389648 0.602539 0.001953 0.001953
0 0.280273 0.602539 0.001953 0.001953
0 0.615234 0.600586 0.007812 0.001953
0 0.329102 0.601562 0.001953 0.003906
0 0.076172 0.602539 0.003906 0.005859
0 0.995117 0.606445 0.009766 0.021484
1 0.404297 0.600586 0.007812 0.009766
0 0.393555 0.596680 0.001953 0.001953
0 0.333984 0.598633 0.003906 0.005859
1 0.393555 0.592773 0.001953 0.001953
0 0.389648 0.592773 0.001953 0.001953
0 0.601562 0.590820 0.003906 0.001953
1 0.606445 0.586914 0.001953 0.001953
0 0.848633 0.595703 0.013672 0.027344
0 0.325195 0.583984 0.001953 0.003906
0 0.553711 0.595703 0.056641 0.035156
0 0.325195 0.579102 0.001953 0.001953
0 0.641602 0.577148 0.001953 0.001953
0 0.659180 0.575195 0.001953 0.001953
0 0.321289 0.575195 0.001953 0.001953
0 0.657227 0.571289 0.001953 0.001953
0 0.640625 0.572266 0.003906 0.003906
0 0.123047 0.600586 0.097656 0.060547
0 0.131836 0.573242 0.005859 0.005859
1 0.425781 0.573242 0.007812 0.009766
0 0.325195 0.569336 0.001953 0.001953
0 0.641602 0.567383 0.001953 0.001953
0 0.509766 0.581055 0.027344 0.029297
0 0.946289 0.565430 0.001953 0.001953
0 0.942383 0.565430 0.001953 0.001953
1 0.615234 0.583008 0.039062 0.037109
1 0.605469 0.565430 0.003906 0.001953
1 0.405273 0.565430 0.001953 0.001953
0 0.274414 0.568359 0.009766 0.007812
1 0.418945 0.563477 0.001953 0.001953
0 0.358398 0.583984 0.056641 0.042969
0 0.938477 0.561523 0.001953 0.001953
0 0.150391 0.561523 0.003906 0.001953
0 0.992188 0.562500 0.003906 0.007812
1 0.606445 0.560547 0.009766 0.003906
0 0.123047 0.561523 0.003906 0.005859
1 0.525391 0.558594 0.011719 0.003906
1 0.539062 0.557617 0.011719 0.005859
0 0.324219 0.553711 0.003906 0.001953
0 0.297852 0.576172 0.044922 0.046875
1 0.532227 0.551758 0.001953 0.001953
0 0.041992 0.554688 0.005859 0.007812
1 0.643555 0.546875 0.005859 0.003906
0 0.003906 0.545898 0.007812 0.009766
1 0.606445 0.542969 0.009766 0.007812
0 0.204102 0.575195 0.056641 0.072266
1 0.532227 0.541016 0.009766 0.007812
0 0.149414 0.536133 0.001953 0.001953
0 0.279297 0.539062 0.011719 0.015625
0 0.983398 0.530273 0.001953 0.001953
0 0.073242 0.528320 0.001953 0.001953
0 0.965820 0.526367 0.001953 0.001953
0 0.774414 0.524414 0.001953 0.001953
0 0.770508 0.524414 0.001953 0.001953
0 0.759766 0.525391 0.007812 0.003906
1 0.371094 0.525391 0.003906 0.007812
1 0.126953 0.522461 0.011719 0.005859
0 0.834961 0.518555 0.001953 0.001953
1 0.395508 0.518555 0.001953 0.001953
0 0.256836 0.518555 0.001953 0.001953
0 0.305664 0.516602 0.001953 0.001953
0 0.301758 0.516602 0.001953 0.001953
0 0.268555 0.516602 0.001953 0.001953
0 0.092773 0.516602 0.001953 0.001953
1 0.923828 0.517578 0.011719 0.007812
0 0.066406 0.518555 0.007812 0.009766
0 0.894531 0.528320 0.027344 0.033203
0 0.339844 0.527344 0.054688 0.031250
0 0.305664 0.512695 0.001953 0.001953
1 0.640625 0.511719 0.003906 0.003906
0 0.273438 0.515625 0.007812 0.015625
1 0.641602 0.506836 0.001953 0.001953
1 0.491211 0.506836 0.001953 0.001953
0 0.271484 0.504883 0.003906 0.001953
0 0.009766 0.515625 0.019531 0.027344
0 0.727539 0.502930 0.001953 0.005859
0 0.282227 0.497070 0.001953 0.001953
0 0.702148 0.495117 0.001953 0.001953
0 0.000977 0.495117 0.001953 0.001953
0 0.851562 0.497070 0.015625 0.013672
0 0.290039 0.495117 0.009766 0.009766
0 0.088867 0.491211 0.001953 0.001953
0 0.092773 0.508789 0.033203 0.037109
0 0.881836 0.490234 0.005859 0.003906
1 0.670898 0.489258 0.001953 0.001953
0 0.873047 0.489258 0.003906 0.005859
1 0.630859 0.491211 0.007812 0.009766
0 0.291992 0.487305 0.001953 0.001953
1 0.996094 0.486328 0.007812 0.003906
0 0.977539 0.518555 0.044922 0.068359
1 0.656250 0.499023 0.031250 0.029297
0 0.045898 0.488281 0.013672 0.007812
0 0.698242 0.483398 0.001953 0.001953
0 0.690430 0.483398 0.001953 0.001953
1 0.645508 0.483398 0.001953 0.001953
1 0.485352 0.493164 0.025391 0.021484
1 0.362305 0.491211 0.009766 0.017578
0 0.939453 0.481445 0.003906 0.001953
0 0.894531 0.487305 0.015625 0.013672
0 0.694336 0.481445 0.001953 0.001953
1 0.916992 0.483398 0.013672 0.009766
1 0.376953 0.479492 0.007812 0.005859
0 0.032227 0.477539 0.001953 0.001953
1 0.827148 0.475586 0.001953 0.001953
1 0.379883 0.473633 0.001953 0.001953
1 0.999023 0.471680 0.001953 0.001953
0 0.954102 0.475586 0.021484 0.013672
1 0.366211 0.472656 0.005859 0.007812
1 0.996094 0.468750 0.003906 0.003906
0 0.862305 0.467773 0.001953 0.001953
1 0.378906 0.468750 0.003906 0.003906
0 0.956055 0.465820 0.001953 0.001953
0 0.873047 0.466797 0.007812 0.007812
1 0.354492 0.466797 0.005859 0.007812
0 0.961914 0.461914 0.001953 0.001953
1 0.363281 0.462891 0.003906 0.003906
0 0.852539 0.465820 0.017578 0.013672
0 0.953125 0.459961 0.003906 0.005859
1 0.364258 0.458008 0.001953 0.001953
1 0.805664 0.465820 0.044922 0.021484
0 0.990234 0.459961 0.011719 0.013672
1 0.048828 0.452148 0.003906 0.001953
0 0.922852 0.448242 0.001953 0.001953
1 0.366211 0.448242 0.001953 0.001953
0 0.455078 0.603516 0.152344 0.324219
1 0.036133 0.444336 0.005859 0.005859
0 0.015625 0.465820 0.031250 0.048828
0 0.890625 0.445312 0.011719 0.011719
1 0.804688 0.445312 0.011719 0.011719
1 0.678711 0.438477 0.001953 0.001953
1 0.672852 0.439453 0.005859 0.003906
1 0.583008 0.450195 0.013672 0.025391
1 0.520508 0.438477 0.001953 0.001953
1 0.614258 0.447266 0.021484 0.023438
0 0.729492 0.482422 0.064453 0.097656
1 0.698242 0.434570 0.001953 0.001953
1 0.640625 0.437500 0.003906 0.007812
1 0.046875 0.445312 0.019531 0.023438
0 0.938477 0.445312 0.029297 0.027344
1 0.655273 0.430664 0.001953 0.001953
0 0.852539 0.428711 0.001953 0.001953
1 0.449219 0.431641 0.007812 0.007812
0 0.391602 0.428711 0.001953 0.001953
1 0.036133 0.428711 0.001953 0.001953
1 0.575195 0.424805 0.001953 0.001953
1 0.512695 0.429688 0.017578 0.011719
1 0.359375 0.441406 0.039062 0.035156
0 0.862305 0.434570 0.017578 0.025391
0 0.829102 0.422852 0.001953 0.001953
0 0.823242 0.422852 0.001953 0.001953
1 0.528320 0.421875 0.001953 0.003906
0 0.366211 0.420898 0.001953 0.001953
1 0.088867 0.420898 0.001953 0.001953
1 0.039062 0.421875 0.003906 0.003906
0 0.827148 0.418945 0.001953 0.001953
1 0.779297 0.428711 0.019531 0.025391
1 0.592773 0.416992 0.001953 0.001953
1 0.301758 0.419922 0.005859 0.007812
0 0.406250 0.434570 0.062500 0.044922
0 0.377930 0.415039 0.005859 0.005859
0 0.865234 0.412109 0.003906 0.003906
0 0.845703 0.411133 0.003906 0.001953
1 0.575195 0.411133 0.001953 0.001953
1 0.049805 0.411133 0.001953 0.001953
1 0.527344 0.412109 0.003906 0.007812
0 0.362305 0.409180 0.001953 0.001953
1 0.053711 0.409180 0.001953 0.001953
1 0.782227 0.407227 0.001953 0.001953
1 0.534180 0.406250 0.001953 0.003906
1 0.712891 0.403320 0.003906 0.001953
1 0.702148 0.416992 0.021484 0.029297
1 0.206055 0.401367 0.001953 0.001953
1 0.698242 0.399414 0.001953 0.001953
0 0.798828 0.416016 0.027344 0.042969
1 0.666992 0.418945 0.025391 0.052734
1 0.542969 0.393555 0.007812 0.005859
1 0.458984 0.393555 0.007812 0.005859
1 0.524414 0.390625 0.001953 0.003906
1 0.234375 0.390625 0.003906 0.003906
0 0.017578 0.388672 0.003906 0.003906
1 0.648438 0.386719 0.003906 0.003906
1 0.233398 0.385742 0.001953 0.001953
0 0.711914 0.386719 0.005859 0.007812
1 0.466797 0.381836 0.007812 0.013672
0 0.348633 0.392578 0.041016 0.035156
0 0.850586 0.378906 0.013672 0.011719
0 0.821289 0.377930 0.017578 0.009766
1 0.808594 0.373047 0.007812 0.003906
1 0.242188 0.379883 0.007812 0.017578
1 0.241211 0.367188 0.005859 0.003906
1 0.768555 0.367188 0.005859 0.007812
0 0.717773 0.364258 0.001953 0.001953
1 0.703125 0.373047 0.011719 0.023438
1 0.575195 0.383789 0.056641 0.044922
0 0.567383 0.362305 0.001953 0.001953
1 0.713867 0.361328 0.001953 0.003906
0 0.486328 0.355469 0.003906 0.003906
1 0.264648 0.361328 0.017578 0.015625
0 0.792969 0.359375 0.011719 0.023438
1 0.456055 0.355469 0.013672 0.015625
0 0.737305 0.346680 0.001953 0.001953
1 0.568359 0.349609 0.015625 0.007812
0 0.886719 0.353516 0.019531 0.019531
0 0.735352 0.342773 0.001953 0.001953
1 0.437500 0.342773 0.003906 0.005859
0 0.769531 0.340820 0.003906 0.005859
0 0.506836 0.346680 0.033203 0.017578
0 0.735352 0.335938 0.001953 0.003906
0 0.949219 0.333984 0.007812 0.007812
0 0.382812 0.332031 0.011719 0.003906
0 0.049805 0.321289 0.001953 0.001953
0 0.422852 0.319336 0.001953 0.001953
0 0.855469 0.322266 0.011719 0.015625
0 0.039062 0.321289 0.011719 0.013672
0 0.009766 0.322266 0.019531 0.015625
0 0.942383 0.313477 0.001953 0.001953
0 0.002930 0.313477 0.001953 0.001953
1 0.252930 0.311523 0.001953 0.001953
0 0.936523 0.310547 0.001953 0.003906
0 0.931641 0.310547 0.003906 0.003906
0 0.435547 0.315430 0.011719 0.017578
0 0.379883 0.307617 0.001953 0.001953
0 0.424805 0.310547 0.005859 0.011719
0 0.651367 0.302734 0.001953 0.003906
0 0.307617 0.302734 0.001953 0.003906
1 0.260742 0.299805 0.001953 0.001953
0 0.811523 0.297852 0.001953 0.001953
0 0.314453 0.298828 0.007812 0.007812
1 0.281250 0.316406 0.042969 0.050781
0 0.466797 0.288086 0.003906 0.001953
0 0.796875 0.287109 0.007812 0.007812
0 0.729492 0.284180 0.001953 0.001953
0 0.610352 0.284180 0.001953 0.001953
0 0.780273 0.281250 0.013672 0.007812
1 0.557617 0.280273 0.009766 0.009766
0 0.618164 0.279297 0.005859 0.011719
0 0.485352 0.275391 0.001953 0.003906
0 0.624023 0.268555 0.001953 0.001953
0 0.709961 0.266602 0.001953 0.001953
0 0.665039 0.266602 0.001953 0.001953
0 0.709961 0.259766 0.001953 0.003906
0 0.400391 0.261719 0.007812 0.007812
0 0.751953 0.287109 0.046875 0.066406
0 0.768555 0.250977 0.001953 0.001953
1 0.413086 0.250977 0.001953 0.001953
1 0.388672 0.257812 0.011719 0.015625
0 0.547852 0.249023 0.001953 0.001953
1 0.403320 0.251953 0.009766 0.007812
1 0.386719 0.247070 0.003906 0.001953
1 0.467773 0.247070 0.009766 0.005859
0 0.645508 0.246094 0.001953 0.007812
0 0.428711 0.317383 0.107422 0.154297
1 0.453125 0.235352 0.011719 0.005859
1 0.413086 0.238281 0.009766 0.011719
0 0.075195 0.233398 0.001953 0.001953
0 0.916016 0.231445 0.003906 0.001953
1 0.678711 0.231445 0.001953 0.001953
0 0.555664 0.232422 0.001953 0.003906
1 0.432617 0.232422 0.005859 0.003906
0 0.774414 0.229492 0.001953 0.001953
0 0.681641 0.287109 0.109375 0.117188
0 0.613281 0.252930 0.042969 0.048828
0 0.886719 0.283203 0.046875 0.117188
1 0.838867 0.228516 0.013672 0.011719
0 0.889648 0.220703 0.001953 0.003906
0 0.713867 0.219727 0.001953 0.001953
0 0.688477 0.219727 0.001953 0.001953
0 0.708984 0.218750 0.003906 0.003906
0 0.573242 0.240234 0.033203 0.046875
0 0.548828 0.225586 0.011719 0.017578
0 0.688477 0.215820 0.001953 0.001953
1 0.844727 0.209961 0.001953 0.001953
0 0.698242 0.213867 0.009766 0.009766
1 0.374023 0.209961 0.001953 0.001953
0 0.754883 0.208984 0.001953 0.003906
1 0.582031 0.206055 0.003906 0.005859
1 0.837891 0.206055 0.007812 0.009766
1 0.362305 0.202148 0.001953 0.001953
0 0.713867 0.200195 0.001953 0.001953
0 0.737305 0.208008 0.029297 0.021484
1 0.569336 0.205078 0.017578 0.019531
0 0.743164 0.192383 0.001953 0.001953
1 0.633789 0.192383 0.001953 0.001953
1 0.615234 0.208008 0.050781 0.033203
1 0.715820 0.193359 0.005859 0.007812
1 0.349609 0.188477 0.003906 0.001953
0 0.870117 0.186523 0.001953 0.001953
0 0.869141 0.202148 0.027344 0.033203
1 0.376953 0.196289 0.011719 0.021484
1 0.666992 0.206055 0.037109 0.044922
0 0.344727 0.184570 0.001953 0.001953
0 0.768555 0.182617 0.001953 0.001953
1 0.775391 0.184570 0.007812 0.013672
0 0.834961 0.176758 0.001953 0.001953
1 0.711914 0.176758 0.009766 0.009766
1 0.450195 0.168945 0.001953 0.001953
0 0.815430 0.166992 0.001953 0.001953
0 0.805664 0.166992 0.001953 0.001953
1 0.455078 0.166992 0.003906 0.001953
0 0.879883 0.163086 0.001953 0.001953
0 0.803711 0.163086 0.001953 0.001953
0 0.793945 0.165039 0.009766 0.005859
1 0.582031 0.166016 0.007812 0.007812
1 0.461914 0.163086 0.001953 0.001953
1 0.417969 0.165039 0.003906 0.005859
0 0.785156 0.167969 0.003906 0.015625
0 0.821289 0.155273 0.001953 0.001953
0 0.983398 0.153320 0.001953 0.001953
0 0.876953 0.155273 0.007812 0.009766
0 0.846680 0.161133 0.052734 0.033203
1 0.764648 0.153320 0.021484 0.017578
0 0.771484 0.145508 0.003906 0.005859
1 0.620117 0.141602 0.001953 0.001953
0 0.856445 0.139648 0.001953 0.001953
1 0.597656 0.141602 0.007812 0.005859
0 0.989258 0.137695 0.001953 0.001953
1 0.903320 0.136719 0.001953 0.003906
0 0.968750 0.136719 0.011719 0.007812
0 0.825195 0.134766 0.005859 0.003906
1 0.687500 0.134766 0.003906 0.003906
1 0.503906 0.154297 0.035156 0.042969
1 0.620117 0.131836 0.005859 0.001953
1 0.555664 0.131836 0.005859 0.005859
1 0.515625 0.129883 0.003906 0.001953
0 0.391602 0.124023 0.001953 0.001953
1 0.278320 0.124023 0.001953 0.001953
1 0.522461 0.122070 0.001953 0.001953
0 0.007812 0.139648 0.015625 0.041016
0 0.717773 0.118164 0.001953 0.001953
0 0.171875 0.116211 0.003906 0.001953
1 0.366211 0.115234 0.005859 0.003906
0 0.179688 0.114258 0.003906 0.001953
0 0.958008 0.110352 0.001953 0.001953
1 0.407227 0.108398 0.001953 0.001953
1 0.996094 0.106445 0.003906 0.001953
0 0.946289 0.179688 0.080078 0.152344
0 0.184570 0.104492 0.001953 0.001953
0 0.100586 0.107422 0.009766 0.007812
1 0.997070 0.102539 0.005859 0.001953
0 0.958008 0.100586 0.001953 0.001953
0 0.715820 0.098633 0.001953 0.001953
0 0.848633 0.098633 0.009766 0.005859
0 0.243164 0.098633 0.005859 0.005859
0 0.014648 0.101562 0.013672 0.011719
0 0.885742 0.095703 0.005859 0.003906
0 0.697266 0.094727 0.003906 0.001953
1 0.952148 0.092773 0.001953 0.001953
0 0.879883 0.088867 0.001953 0.001953
0 0.227539 0.086914 0.001953 0.001953
0 0.782227 0.084961 0.001953 0.001953
0 0.709961 0.085938 0.001953 0.003906
0 0.344727 0.081055 0.001953 0.001953
1 0.918945 0.081055 0.005859 0.005859
0 0.420898 0.079102 0.001953 0.001953
1 0.185547 0.080078 0.003906 0.003906
0 0.329102 0.077148 0.001953 0.001953
0 0.320312 0.077148 0.003906 0.001953
0 0.872070 0.082031 0.013672 0.015625
0 0.091797 0.081055 0.007812 0.013672
0 0.333008 0.074219 0.005859 0.003906
0 0.327148 0.073242 0.001953 0.001953
0 0.148438 0.087891 0.023438 0.031250
0 0.391602 0.071289 0.001953 0.001953
0 0.315430 0.071289 0.001953 0.001953
0 0.010742 0.087891 0.021484 0.035156
0 0.333008 0.069336 0.001953 0.001953
1 0.861328 0.068359 0.003906 0.003906
0 0.782227 0.067383 0.001953 0.001953
0 0.778320 0.067383 0.001953 0.001953
0 0.913086 0.065430 0.001953 0.001953
0 0.143555 0.065430 0.001953 0.001953
0 0.418945 0.063477 0.001953 0.001953
0 0.407227 0.063477 0.001953 0.001953
0 0.781250 0.062500 0.003906 0.003906
0 0.355469 0.062500 0.003906 0.003906
1 0.934570 0.073242 0.033203 0.033203
0 0.893555 0.057617 0.001953 0.001953
0 0.777344 0.058594 0.003906 0.003906
0 0.766602 0.064453 0.017578 0.015625
0 0.731445 0.081055 0.037109 0.048828
0 0.164062 0.064453 0.011719 0.015625
0 0.779297 0.053711 0.003906 0.001953
0 0.317383 0.056641 0.005859 0.007812
1 0.825195 0.051758 0.001953 0.001953
0 0.750977 0.051758 0.001953 0.001953
0 0.218750 0.052734 0.003906 0.003906
1 0.860352 0.050781 0.001953 0.003906
0 0.770508 0.049805 0.001953 0.001953
1 0.774414 0.047852 0.001953 0.001953
0 0.313477 0.045898 0.001953 0.001953
0 0.834961 0.085938 0.091797 0.093750
0 0.537109 0.042969 0.007812 0.007812
1 0.940430 0.038086 0.001953 0.001953
0 0.686523 0.038086 0.001953 0.001953
1 0.862305 0.040039 0.009766 0.009766
0 0.256836 0.037109 0.005859 0.011719
0 0.686523 0.032227 0.005859 0.005859
0 0.692383 0.028320 0.001953 0.001953
0 0.323242 0.027344 0.001953 0.003906
0 0.294922 0.034180 0.011719 0.017578
1 0.982422 0.065430 0.035156 0.083984
0 0.893555 0.058594 0.044922 0.070312
0 0.271484 0.024414 0.003906 0.001953
0 0.887695 0.020508 0.001953 0.001953
0 0.313477 0.020508 0.001953 0.001953
0 0.011719 0.021484 0.003906 0.003906
1 0.745117 0.018555 0.001953 0.001953
0 0.006836 0.034180 0.013672 0.033203
0 0.192383 0.016602 0.001953 0.001953
0 0.001953 0.014648 0.003906 0.001953
0 0.661133 0.012695 0.001953 0.001953
0 0.188477 0.010742 0.001953 0.001953
0 0.690430 0.008789 0.001953 0.001953
1 0.740234 0.007812 0.003906 0.003906
0 0.458008 0.009766 0.009766 0.007812
0 0.875977 0.013672 0.029297 0.019531
1 0.741211 0.025391 0.033203 0.046875
0 0.611328 0.018555 0.035156 0.033203
0 0.713867 0.000977 0.001953 0.001953
0 0.701172 0.001953 0.011719 0.003906
0 0.682617 0.022461 0.048828 0.044922
0 0.558594 0.003906 0.011719 0.007812
0 0.500000 0.000977 0.007812 0.001953
0 0.357422 0.284180 0.714844 0.568359
0 0.388672 0.001953 0.003906 0.003906
0 0.375977 0.010742 0.017578 0.021484
0 0.347656 0.029297 0.042969 0.058594
0 0.331055 0.000977 0.001953 0.001953
0 0.208984 0.000977 0.003906 0.001953
0 0.174805 0.010742 0.029297 0.021484
0 0.064453 0.001953 0.003906 0.003906
0 0.024414 0.000977 0.013672 0.001953
2 0.106445 0.534180 0.001953 0.001953
2 0.094727 0.534180 0.001953 0.001953
3 0.127930 0.532227 0.001953 0.001953
2 0.994141 0.521484 0.003906 0.007812
2 0.999023 0.516602 0.001953 0.001953
2 0.967773 0.500977 0.001953 0.001953
2 0.965820 0.497070 0.001953 0.001953
2 0.256836 0.494141 0.001953 0.003906
2 0.260742 0.490234 0.001953 0.003906
3 0.208008 0.469727 0.001953 0.001953
3 0.131836 0.459961 0.001953 0.001953
3 0.005859 0.457031 0.003906 0.007812
3 0.273438 0.453125 0.003906 0.003906
3 0.098633 0.452148 0.001953 0.001953
3 0.269531 0.446289 0.003906 0.001953
3 0.108398 0.451172 0.013672 0.019531
2 0.250977 0.415039 0.001953 0.001953
3 0.155273 0.411133 0.001953 0.001953
3 0.249023 0.410156 0.005859 0.003906
3 0.250977 0.405273 0.001953 0.001953
3 0.188477 0.395508 0.001953 0.001953
3 0.274414 0.379883 0.001953 0.001953
2 0.053711 0.375977 0.001953 0.001953
3 0.060547 0.375000 0.007812 0.003906
2 0.044922 0.379883 0.023438 0.013672
2 0.015625 0.388672 0.031250 0.031250
3 0.187500 0.420898 0.074219 0.126953
2 0.104492 0.333008 0.001953 0.001953
2 0.053711 0.333008 0.001953 0.001953
2 0.165039 0.331055 0.001953 0.001953
2 0.113281 0.328125 0.003906 0.003906
2 0.108398 0.330078 0.001953 0.007812
2 0.094727 0.323242 0.001953 0.005859
2 0.000977 0.321289 0.001953 0.001953
2 0.102539 0.322266 0.009766 0.007812
2 0.131836 0.315430 0.001953 0.001953
2 0.102539 0.309570 0.001953 0.001953
3 0.250977 0.301758 0.005859 0.005859
3 0.186523 0.295898 0.001953 0.001953
2 0.315430 0.290039 0.001953 0.001953
2 0.183594 0.284180 0.003906 0.001953
2 0.178711 0.284180 0.001953 0.001953
3 0.333008 0.278320 0.001953 0.001953
3 0.328125 0.283203 0.015625 0.011719
2 0.112305 0.278320 0.001953 0.001953
2 0.177734 0.276367 0.003906 0.001953
3 0.196289 0.274414 0.001953 0.001953
2 0.190430 0.275391 0.001953 0.003906
3 0.311523 0.272461 0.001953 0.001953
3 0.206055 0.270508 0.021484 0.029297
2 0.067383 0.252930 0.001953 0.001953
2 0.083008 0.243164 0.001953 0.001953
3 0.293945 0.236328 0.001953 0.003906
2 0.284180 0.238281 0.009766 0.007812
3 0.293945 0.227539 0.001953 0.001953
3 0.303711 0.219727 0.001953 0.001953
3 0.316406 0.217773 0.003906 0.005859
2 0.235352 0.208008 0.001953 0.001953
3 0.224609 0.206055 0.003906 0.001953
2 0.231445 0.204102 0.001953 0.001953
2 0.289062 0.200195 0.007812 0.005859
2 0.114258 0.198242 0.001953 0.001953
2 0.241211 0.206055 0.013672 0.021484
2 0.170898 0.259766 0.134766 0.140625
2 0.120117 0.191406 0.001953 0.003906
2 0.352539 0.170898 0.013672 0.005859
2 0.193359 0.177734 0.023438 0.019531
2 0.204102 0.166992 0.001953 0.001953
2 0.352539 0.165039 0.001953 0.001953
3 0.393555 0.164062 0.001953 0.003906
3 0.389648 0.166016 0.005859 0.007812
2 0.232422 0.151367 0.003906 0.005859
3 0.389648 0.136719 0.001953 0.003906
2 0.233398 0.135742 0.001953 0.001953
3 0.387695 0.131836 0.001953 0.001953
3 0.422852 0.123047 0.017578 0.011719
2 0.254883 0.114258 0.001953 0.001953
2 0.239258 0.114258 0.001953 0.001953
2 0.274414 0.112305 0.001953 0.001953
2 0.259766 0.112305 0.003906 0.005859
2 0.282227 0.106445 0.001953 0.001953
2 0.293945 0.103516 0.005859 0.007812
2 0.231445 0.105469 0.009766 0.011719
2 0.265625 0.092773 0.003906 0.005859
2 0.260742 0.090820 0.001953 0.001953
3 0.649414 0.088867 0.001953 0.001953
3 0.655273 0.086914 0.001953 0.001953
2 0.528320 0.076172 0.009766 0.007812
2 0.511719 0.060547 0.003906 0.003906
2 0.990234 0.058594 0.003906 0.003906
2 0.633789 0.055664 0.001953 0.001953
2 0.510742 0.055664 0.001953 0.001953
2 0.456055 0.057617 0.005859 0.005859
2 0.198242 0.055664 0.001953 0.001953
2 0.479492 0.047852 0.001953 0.001953
2 0.008789 0.030273 0.001953 0.001953
2 0.360352 0.028320 0.001953 0.001953
2 0.350586 0.028320 0.001953 0.001953
2 0.670898 0.021484 0.001953 0.003906
2 0.424805 0.008789 0.001953 0.001953
2 0.676758 0.002930 0.001953 0.001953
2 0.409180 0.002930 0.001953 0.001953
2 0.668945 0.001953 0.009766 0.003906
2 0.500000 0.500000 1.000000 1.000000
2 0.422852 0.000977 0.005859 0.001953
2 0.415039 0.000977 0.001953 0.001953
2 0.232422 0.168945 0.464844 0.337891