1 0.853516 0.999023 0.003906 0.001953
1 0.674805 0.999023 0.001953 0.001953
0 0.008789 0.997070 0.001953 0.001953
1 0.663086 0.997070 0.013672 0.005859
1 0.604492 0.995117 0.001953 0.001953
1 0.604492 0.991211 0.001953 0.001953
1 0.686523 0.979492 0.001953 0.001953
1 0.614258 0.977539 0.001953 0.001953
1 0.685547 0.974609 0.003906 0.003906
1 0.683594 0.967773 0.003906 0.005859
0 0.993164 0.967773 0.013672 0.013672
1 0.586914 0.958008 0.001953 0.001953
1 0.639648 0.954102 0.001953 0.001953
1 0.031250 0.956055 0.003906 0.005859
1 0.615234 0.958008 0.054688 0.033203
0 0.098633 0.911133 0.009766 0.005859
1 0.473633 0.929688 0.064453 0.058594
0 0.095703 0.890625 0.027344 0.023438
1 0.302734 0.854492 0.050781 0.041016
1 0.594727 0.797852 0.001953 0.001953
0 0.317383 0.803711 0.017578 0.013672
0 0.590820 0.791992 0.001953 0.001953
0 0.006836 0.776367 0.001953 0.001953
0 0.604492 0.780273 0.017578 0.029297
1 0.200195 0.758789 0.001953 0.001953
1 0.532227 0.750977 0.005859 0.005859
1 0.260742 0.731445 0.001953 0.001953
1 0.909180 0.729492 0.001953 0.001953
1 0.902344 0.736328 0.011719 0.019531
1 0.262695 0.725586 0.005859 0.005859
0 0.000977 0.723633 0.001953 0.001953
1 0.283203 0.721680 0.003906 0.001953
1 0.280273 0.714844 0.009766 0.007812
0 0.006836 0.711914 0.001953 0.001953
0 0.301758 0.705078 0.013672 0.015625
1 0.225586 0.721680 0.064453 0.076172
0 0.321289 0.683594 0.009766 0.007812
1 0.243164 0.680664 0.001953 0.001953
1 0.238281 0.681641 0.003906 0.007812
1 0.251953 0.660156 0.007812 0.011719
1 0.828125 0.668945 0.035156 0.041016
1 0.202148 0.652344 0.013672 0.011719
1 0.497070 0.645508 0.005859 0.005859
0 0.758789 0.627930 0.001953 0.001953
0 0.471680 0.637695 0.029297 0.021484
0 0.396484 0.617188 0.003906 0.003906
0 0.787109 0.630859 0.035156 0.035156
0 0.391602 0.614258 0.001953 0.001953
0 0.988281 0.587891 0.011719 0.015625
0 0.974609 0.574219 0.019531 0.019531
1 0.638672 0.563477 0.003906 0.005859
0 0.477539 0.561523 0.001953 0.005859
0 0.766602 0.572266 0.021484 0.031250
0 0.972656 0.547852 0.015625 0.013672
0 0.357422 0.519531 0.007812 0.007812
0 0.775391 0.521484 0.011719 0.015625
1 0.962891 0.513672 0.003906 0.003906
0 0.356445 0.512695 0.001953 0.001953
1 0.958008 0.511719 0.001953 0.003906
0 0.442383 0.508789 0.001953 0.001953
1 0.955078 0.506836 0.007812 0.001953
0 0.370117 0.511719 0.013672 0.011719
1 0.942383 0.508789 0.013672 0.009766
0 0.361328 0.501953 0.003906 0.003906
1 0.673828 0.479492 0.003906 0.001953
0 0.398438 0.489258 0.027344 0.021484
0 0.727539 0.496094 0.025391 0.039062
1 0.672852 0.469727 0.001953 0.001953
0 0.792969 0.453125 0.007812 0.007812
0 0.725586 0.442383 0.001953 0.001953
0 0.738281 0.456055 0.019531 0.037109
0 0.279297 0.440430 0.023438 0.025391
0 0.733398 0.429688 0.005859 0.007812
0 0.246094 0.430664 0.019531 0.013672
1 0.301758 0.420898 0.001953 0.001953
0 0.247070 0.419922 0.001953 0.003906
1 0.284180 0.415039 0.005859 0.001953
1 0.002930 0.397461 0.005859 0.013672
0 0.748047 0.411133 0.070312 0.076172
1 0.914062 0.361328 0.007812 0.003906
0 0.571289 0.357422 0.005859 0.003906
1 0.923828 0.359375 0.003906 0.011719
0 0.744141 0.363281 0.011719 0.019531
0 0.140625 0.359375 0.015625 0.019531
0 0.723633 0.350586 0.013672 0.021484
0 0.573242 0.326172 0.005859 0.007812
0 0.162109 0.328125 0.007812 0.011719
0 0.750000 0.316406 0.003906 0.003906
0 0.870117 0.313477 0.005859 0.005859
0 0.744141 0.320312 0.007812 0.023438
0 0.194336 0.309570 0.001953 0.001953
0 0.920898 0.297852 0.009766 0.005859
0 0.200195 0.292969 0.001953 0.003906
1 0.845703 0.290039 0.011719 0.005859
0 0.916992 0.287109 0.001953 0.003906
0 0.793945 0.293945 0.021484 0.017578
1 0.844727 0.284180 0.005859 0.001953
0 0.906250 0.279297 0.007812 0.007812
1 0.856445 0.276367 0.001953 0.001953
1 0.327148 0.274414 0.001953 0.001953
0 0.192383 0.274414 0.001953 0.001953
1 0.616211 0.270508 0.005859 0.001953
1 0.329102 0.269531 0.001953 0.003906
1 0.397461 0.258789 0.001953 0.001953
1 0.331055 0.257812 0.001953 0.003906
1 0.310547 0.254883 0.003906 0.001953
0 0.249023 0.259766 0.005859 0.011719
1 0.402344 0.255859 0.003906 0.007812
1 0.321289 0.250977 0.001953 0.001953
1 0.315430 0.251953 0.001953 0.003906
1 0.311523 0.250977 0.001953 0.001953
1 0.405273 0.249023 0.001953 0.001953
1 0.335938 0.250000 0.011719 0.007812
1 0.403320 0.245117 0.001953 0.001953
1 0.395508 0.245117 0.001953 0.001953
1 0.311523 0.246094 0.005859 0.003906
0 0.954102 0.243164 0.001953 0.001953
0 0.894531 0.256836 0.039062 0.033203
1 0.388672 0.250000 0.011719 0.019531
0 0.891602 0.240234 0.001953 0.003906
0 0.885742 0.239258 0.001953 0.001953
0 0.752930 0.239258 0.013672 0.025391
0 0.248047 0.227539 0.003906 0.001953
0 0.273438 0.234375 0.035156 0.023438
0 0.097656 0.213867 0.007812 0.005859
0 0.944336 0.208984 0.001953 0.003906
0 0.759766 0.212891 0.007812 0.011719
1 0.491211 0.208008 0.001953 0.001953
0 0.274414 0.210938 0.021484 0.011719
0 0.105469 0.208008 0.003906 0.005859
0 0.965820 0.217773 0.037109 0.033203
0 0.949219 0.202148 0.003906 0.001953
0 0.704102 0.202148 0.001953 0.001953
1 0.897461 0.209961 0.029297 0.021484
0 0.702148 0.198242 0.001953 0.001953
0 0.801758 0.190430 0.001953 0.001953
0 0.090820 0.191406 0.001953 0.003906
0 0.085938 0.189453 0.003906 0.003906
0 0.929688 0.186523 0.003906 0.005859
0 0.952148 0.186523 0.009766 0.009766
0 0.807617 0.180664 0.001953 0.001953
0 0.930664 0.178711 0.001953 0.001953
1 0.877930 0.178711 0.001953 0.001953
1 0.864258 0.178711 0.001953 0.001953
1 0.000977 0.178711 0.001953 0.001953
1 0.854492 0.176758 0.001953 0.001953
0 0.084961 0.176758 0.001953 0.001953
0 0.088867 0.174805 0.001953 0.001953
1 0.005859 0.175781 0.003906 0.003906
0 0.942383 0.172852 0.001953 0.001953
0 0.982422 0.188477 0.035156 0.037109
1 0.004883 0.170898 0.001953 0.001953
1 0.000977 0.170898 0.001953 0.005859
0 0.805664 0.166992 0.001953 0.001953
0 0.661133 0.167969 0.001953 0.003906
0 0.704102 0.181641 0.029297 0.035156
0 0.819336 0.170898 0.013672 0.017578
1 0.001953 0.164062 0.003906 0.003906
0 0.793945 0.172852 0.021484 0.025391
0 0.669922 0.166992 0.035156 0.021484
0 0.999023 0.149414 0.001953 0.001953
0 0.489258 0.160156 0.017578 0.023438
0 0.701172 0.147461 0.007812 0.005859
0 0.693359 0.144531 0.003906 0.003906
0 0.670898 0.143555 0.001953 0.001953
0 0.961914 0.162109 0.060547 0.042969
1 0.184570 0.139648 0.001953 0.001953
0 0.998047 0.141602 0.003906 0.009766
1 0.213867 0.137695 0.001953 0.001953
0 0.085938 0.142578 0.007812 0.011719
1 0.219727 0.134766 0.005859 0.003906
1 0.188477 0.134766 0.005859 0.003906
0 0.920898 0.131836 0.001953 0.001953
1 0.205078 0.146484 0.019531 0.031250
0 0.957031 0.131836 0.003906 0.005859
0 0.922852 0.127930 0.001953 0.001953
0 0.993164 0.124023 0.001953 0.001953
0 0.982422 0.125977 0.003906 0.005859
1 0.905273 0.125000 0.005859 0.003906
1 0.845703 0.125000 0.003906 0.003906
0 0.582031 0.125000 0.003906 0.003906
0 0.797852 0.125977 0.009766 0.009766
1 0.893555 0.119141 0.001953 0.003906
1 0.692383 0.118164 0.001953 0.001953
1 0.805664 0.116211 0.001953 0.001953
1 0.893555 0.144531 0.126953 0.066406
0 0.733398 0.108398 0.001953 0.001953
0 0.592773 0.110352 0.021484 0.013672
1 0.823242 0.098633 0.001953 0.001953
0 0.886719 0.103516 0.015625 0.019531
1 0.825195 0.094727 0.001953 0.001953
0 0.762695 0.096680 0.001953 0.005859
1 0.714844 0.113281 0.093750 0.054688
1 0.848633 0.083984 0.001953 0.003906
0 0.971680 0.084961 0.025391 0.009766
1 0.831055 0.081055 0.001953 0.001953
1 0.272461 0.081055 0.001953 0.001953
0 0.943359 0.087891 0.035156 0.019531
0 0.921875 0.086914 0.031250 0.017578
1 0.266602 0.079102 0.001953 0.001953
1 0.200195 0.077148 0.001953 0.001953
1 0.814453 0.081055 0.015625 0.013672
1 0.799805 0.075195 0.001953 0.001953
1 0.821289 0.073242 0.001953 0.001953
1 0.264648 0.069336 0.001953 0.001953
1 0.821289 0.066406 0.001953 0.003906
1 0.768555 0.065430 0.001953 0.001953
1 0.280273 0.061523 0.001953 0.001953
1 0.273438 0.069336 0.015625 0.017578
0 0.910156 0.059570 0.003906 0.001953
1 0.725586 0.055664 0.001953 0.001953
0 0.924805 0.053711 0.001953 0.001953
1 0.870117 0.053711 0.001953 0.001953
1 0.754883 0.053711 0.001953 0.001953
1 0.748047 0.069336 0.042969 0.033203
1 0.190430 0.053711 0.001953 0.001953
0 0.897461 0.051758 0.001953 0.001953
1 0.197266 0.050781 0.003906 0.003906
0 0.897461 0.047852 0.001953 0.001953
1 0.880859 0.060547 0.023438 0.027344
1 0.754883 0.048828 0.001953 0.003906
1 0.769531 0.044922 0.003906 0.003906
1 0.237305 0.044922 0.013672 0.007812
1 0.221680 0.038086 0.001953 0.001953
1 0.210938 0.056641 0.031250 0.039062
0 0.612305 0.047852 0.013672 0.025391
1 0.280273 0.036133 0.001953 0.001953
1 0.321289 0.032227 0.001953 0.001953
1 0.718750 0.031250 0.011719 0.003906
1 0.659180 0.035156 0.021484 0.019531
0 0.925781 0.038086 0.023438 0.033203
1 0.350586 0.018555 0.005859 0.005859
1 0.267578 0.019531 0.003906 0.007812
1 0.000977 0.017578 0.001953 0.003906
1 0.356445 0.014648 0.001953 0.001953
0 0.649414 0.012695 0.005859 0.005859
0 0.935547 0.013672 0.027344 0.027344
0 0.549805 0.028320 0.056641 0.056641
1 0.310547 0.029297 0.082031 0.058594
1 0.214844 0.005859 0.023438 0.011719
3 0.291992 0.034180 0.001953 0.001953
3 0.325195 0.020508 0.005859 0.001953
3 0.336914 0.012695 0.001953 0.001953
2 0.568359 0.001953 0.003906 0.003906
3 0.323242 0.006836 0.029297 0.013672
3 0.304688 0.000977 0.003906 0.001953
3 0.219727 0.000977 0.001953 0.001953
3 0.215820 0.000977 0.001953 0.001953
3 0.500000 0.500000 1.000000 1.000000