1 0.002930 0.996094 0.005859 0.007812
1 0.000977 0.979492 0.001953 0.001953
0 0.000977 0.262695 0.001953 0.001953
1 0.047852 0.229492 0.001953 0.001953
1 0.001953 0.194336 0.003906 0.005859
1 0.998047 0.103516 0.003906 0.007812
1 0.500000 0.500000 1.000000 1.000000
3 0.729492 0.999023 0.001953 0.001953
3 0.289062 0.998047 0.011719 0.003906
3 0.064453 0.998047 0.003906 0.003906
3 0.727539 0.991211 0.001953 0.001953
3 0.773438 0.991211 0.003906 0.005859
2 0.463867 0.994141 0.013672 0.011719
3 0.392578 0.994141 0.031250 0.011719
3 0.332031 0.993164 0.019531 0.013672
3 0.709961 0.992188 0.025391 0.015625
3 0.859375 0.983398 0.023438 0.017578
3 0.685547 0.984375 0.035156 0.019531
3 0.976562 0.977539 0.003906 0.009766
2 0.434570 0.965820 0.001953 0.001953
3 0.016602 0.982422 0.033203 0.035156
3 0.303711 0.964844 0.005859 0.003906
2 0.803711 0.961914 0.001953 0.001953
3 0.305664 0.959961 0.001953 0.001953
3 0.194336 0.963867 0.005859 0.009766
3 0.125000 0.962891 0.007812 0.015625
3 0.867188 0.956055 0.019531 0.009766
3 0.666992 0.950195 0.001953 0.001953
3 0.721680 0.952148 0.013672 0.017578
3 0.151367 0.940430 0.001953 0.001953
2 0.974609 0.942383 0.019531 0.009766
3 0.895508 0.938477 0.001953 0.001953
3 0.544922 0.942383 0.011719 0.009766
3 0.332031 0.957031 0.050781 0.042969
2 0.718750 0.931641 0.003906 0.003906
3 0.143555 0.929688 0.001953 0.003906
3 0.374023 0.943359 0.048828 0.042969
3 0.140625 0.925781 0.003906 0.007812
3 0.788086 0.913086 0.009766 0.009766
2 0.703125 0.910156 0.003906 0.003906
3 0.025391 0.912109 0.011719 0.007812
3 0.781250 0.951172 0.074219 0.089844
2 0.711914 0.907227 0.001953 0.001953
3 0.077148 0.911133 0.009766 0.013672
3 0.254883 0.903320 0.001953 0.001953
3 0.824219 0.901367 0.015625 0.017578
3 0.836914 0.893555 0.005859 0.009766
2 0.888672 0.886719 0.007812 0.003906
2 0.854492 0.885742 0.001953 0.001953
3 0.850586 0.881836 0.001953 0.001953
3 0.949219 0.906250 0.101562 0.058594
2 0.850586 0.877930 0.001953 0.001953
3 0.850586 0.870117 0.001953 0.001953
3 0.000977 0.874023 0.001953 0.009766
3 0.106445 0.866211 0.001953 0.001953
3 0.458008 0.860352 0.009766 0.005859
3 0.948242 0.857422 0.005859 0.003906
3 0.196289 0.859375 0.021484 0.007812
3 0.516602 0.855469 0.005859 0.007812
3 0.879883 0.844727 0.001953 0.001953
2 0.794922 0.844727 0.003906 0.005859
3 0.916016 0.842773 0.011719 0.009766
3 0.249023 0.857422 0.029297 0.039062
3 0.812500 0.860352 0.195312 0.048828
2 0.825195 0.835938 0.001953 0.003906
3 0.331055 0.829102 0.001953 0.001953
3 0.166992 0.825195 0.009766 0.009766
3 0.489258 0.825195 0.021484 0.017578
3 0.736328 0.812500 0.003906 0.003906
3 0.958984 0.809570 0.003906 0.001953
3 0.444336 0.795898 0.001953 0.001953
2 0.717773 0.795898 0.009766 0.013672
3 0.444336 0.790039 0.001953 0.001953
3 0.019531 0.796875 0.011719 0.015625
3 0.754883 0.818359 0.052734 0.062500
3 0.676758 0.788086 0.001953 0.001953
3 0.211914 0.813477 0.041016 0.052734
3 0.266602 0.800781 0.056641 0.035156
3 0.476562 0.793945 0.046875 0.025391
3 0.269531 0.780273 0.003906 0.001953
3 0.232422 0.780273 0.003906 0.001953
2 0.847656 0.796875 0.042969 0.039062
3 0.339844 0.775391 0.003906 0.003906
3 0.006836 0.788086 0.013672 0.029297
2 0.606445 0.770508 0.005859 0.005859
3 0.787109 0.774414 0.019531 0.017578
2 0.266602 0.764648 0.005859 0.005859
2 0.810547 0.794922 0.031250 0.074219
2 0.637695 0.754883 0.001953 0.001953
3 0.641602 0.783203 0.142578 0.062500
2 0.458008 0.750977 0.001953 0.001953
2 0.446289 0.750977 0.005859 0.005859
2 0.430664 0.745117 0.001953 0.001953
2 0.606445 0.746094 0.009766 0.007812
3 0.653320 0.739258 0.001953 0.001953
3 0.754883 0.760742 0.076172 0.052734
3 0.473633 0.739258 0.009766 0.017578
3 0.887695 0.748047 0.158203 0.039062
3 0.111328 0.736328 0.011719 0.015625
3 0.015625 0.726562 0.031250 0.011719
3 0.592773 0.719727 0.001953 0.001953
3 0.053711 0.717773 0.005859 0.005859
3 0.041992 0.715820 0.009766 0.009766
3 0.397461 0.724609 0.041016 0.046875
3 0.711914 0.724609 0.056641 0.050781
3 0.646484 0.698242 0.003906 0.001953
3 0.231445 0.700195 0.017578 0.013672
3 0.713867 0.689453 0.013672 0.003906
3 0.333984 0.698242 0.027344 0.025391
2 0.486328 0.686523 0.011719 0.005859
2 0.799805 0.701172 0.033203 0.039062
3 0.765625 0.692383 0.019531 0.021484
3 0.593750 0.689453 0.023438 0.015625
3 0.295898 0.673828 0.005859 0.003906
3 0.076172 0.677734 0.019531 0.011719
3 0.587891 0.673828 0.011719 0.011719
3 0.296875 0.689453 0.042969 0.046875
3 0.077148 0.649414 0.013672 0.009766
3 0.740234 0.642578 0.007812 0.011719
3 0.586914 0.647461 0.029297 0.021484
3 0.105469 0.643555 0.011719 0.013672
2 0.651367 0.633789 0.001953 0.001953
3 0.029297 0.636719 0.007812 0.007812
3 0.044922 0.643555 0.007812 0.025391
2 0.758789 0.644531 0.025391 0.031250
3 0.102539 0.631836 0.005859 0.005859
3 0.065430 0.634766 0.009766 0.011719
3 0.275391 0.631836 0.007812 0.009766
2 0.633789 0.630859 0.037109 0.011719
3 0.313477 0.635742 0.052734 0.021484
2 0.767578 0.625977 0.027344 0.025391
3 0.109375 0.618164 0.007812 0.009766
3 0.533203 0.613281 0.003906 0.003906
3 0.225586 0.620117 0.025391 0.025391
3 0.672852 0.657227 0.126953 0.103516
3 0.252930 0.609375 0.013672 0.011719
3 0.124023 0.620117 0.021484 0.033203
3 0.327148 0.605469 0.021484 0.015625
3 0.459961 0.607422 0.009766 0.023438
3 0.444336 0.594727 0.001953 0.001953
2 0.633789 0.598633 0.041016 0.017578
3 0.444336 0.588867 0.001953 0.001953
3 0.225586 0.590820 0.009766 0.005859
3 0.054688 0.599609 0.019531 0.023438
2 0.212891 0.584961 0.003906 0.001953
3 0.550781 0.594727 0.023438 0.025391
3 0.484375 0.587891 0.011719 0.011719
2 0.291016 0.578125 0.019531 0.007812
2 0.547852 0.571289 0.005859 0.001953
2 0.533203 0.567383 0.011719 0.005859
3 0.450195 0.565430 0.001953 0.001953
2 0.690430 0.565430 0.013672 0.005859
3 0.446289 0.563477 0.001953 0.001953
3 0.441406 0.561523 0.003906 0.001953
3 0.081055 0.569336 0.025391 0.025391
2 0.367188 0.560547 0.003906 0.011719
3 0.489258 0.554688 0.005859 0.003906
3 0.506836 0.551758 0.009766 0.005859
3 0.471680 0.549805 0.001953 0.001953
3 0.201172 0.542969 0.003906 0.003906
2 0.355469 0.543945 0.011719 0.009766
3 0.329102 0.545898 0.021484 0.013672
3 0.190430 0.561523 0.048828 0.044922
3 0.830078 0.538086 0.007812 0.005859
2 0.532227 0.546875 0.029297 0.023438
3 0.078125 0.534180 0.003906 0.001953
3 0.340820 0.528320 0.001953 0.001953
3 0.066406 0.528320 0.007812 0.001953
3 0.323242 0.528320 0.021484 0.005859
3 0.668945 0.544922 0.029297 0.042969
3 0.657227 0.516602 0.005859 0.001953
3 0.489258 0.525391 0.013672 0.019531
3 0.225586 0.510742 0.001953 0.001953
3 0.397461 0.535156 0.158203 0.058594
3 0.499023 0.502930 0.001953 0.001953
3 0.492188 0.503906 0.007812 0.003906
3 0.794922 0.505859 0.011719 0.015625
3 0.094727 0.500977 0.005859 0.009766
3 0.801758 0.603516 0.146484 0.230469
3 0.208008 0.490234 0.005859 0.003906
3 0.103516 0.490234 0.015625 0.007812
3 0.092773 0.483398 0.009766 0.013672
2 0.827148 0.469727 0.001953 0.001953
3 0.368164 0.466797 0.009766 0.003906
3 0.817383 0.471680 0.017578 0.017578
3 0.098633 0.468750 0.029297 0.011719
3 0.584961 0.487305 0.021484 0.056641
3 0.211914 0.471680 0.123047 0.048828
3 0.436523 0.448242 0.005859 0.005859
3 0.344727 0.450195 0.009766 0.009766
3 0.649414 0.457031 0.095703 0.031250
3 0.440430 0.443359 0.001953 0.003906
3 0.319336 0.447266 0.033203 0.011719
2 0.513672 0.440430 0.007812 0.005859
3 0.839844 0.438477 0.003906 0.005859
2 0.452148 0.429688 0.017578 0.011719
3 0.744141 0.428711 0.011719 0.013672
3 0.191406 0.419922 0.003906 0.003906
3 0.390625 0.468750 0.085938 0.105469
3 0.721680 0.446289 0.033203 0.064453
3 0.182617 0.431641 0.037109 0.035156
2 0.096680 0.396484 0.005859 0.007812
3 0.967773 0.380859 0.009766 0.007812
2 0.087891 0.375977 0.015625 0.017578
3 0.169922 0.369141 0.019531 0.011719
3 0.720703 0.363281 0.003906 0.003906
2 0.307617 0.360352 0.001953 0.001953
2 0.312500 0.360352 0.003906 0.005859
2 0.297852 0.359375 0.005859 0.003906
3 0.175781 0.385742 0.089844 0.060547
3 0.917969 0.367188 0.019531 0.027344
2 0.062500 0.353516 0.015625 0.007812
3 0.781250 0.346680 0.003906 0.001953
3 0.004883 0.342773 0.001953 0.001953
2 0.470703 0.332031 0.003906 0.003906
3 0.872070 0.335938 0.033203 0.015625
3 0.538086 0.331055 0.009766 0.009766
3 0.457031 0.347656 0.082031 0.074219
3 0.906250 0.315430 0.019531 0.013672
3 0.422852 0.305664 0.001953 0.001953
3 0.550781 0.305664 0.003906 0.005859
3 0.879883 0.301758 0.001953 0.001953
3 0.527344 0.312500 0.011719 0.023438
3 0.059570 0.303711 0.013672 0.005859
3 0.216797 0.300781 0.046875 0.035156
2 0.375977 0.282227 0.001953 0.001953
3 0.609375 0.282227 0.011719 0.013672
3 0.867188 0.280273 0.011719 0.013672
2 0.268555 0.274414 0.001953 0.001953
3 0.537109 0.265625 0.003906 0.003906
3 0.533203 0.285156 0.027344 0.042969
2 0.286133 0.264648 0.001953 0.001953
2 0.049805 0.268555 0.005859 0.009766
2 0.053711 0.262695 0.001953 0.001953
2 0.001953 0.261719 0.003906 0.007812
3 0.329102 0.275391 0.076172 0.039062
3 0.683594 0.261719 0.019531 0.015625
3 0.376953 0.258789 0.019531 0.013672
3 0.656250 0.250977 0.011719 0.005859
3 0.423828 0.271484 0.093750 0.066406
3 0.191406 0.232422 0.011719 0.007812
3 0.309570 0.242188 0.029297 0.031250
3 0.099609 0.227539 0.003906 0.001953
3 0.750000 0.221680 0.007812 0.009766
3 0.624023 0.244141 0.017578 0.058594
3 0.546875 0.353516 0.128906 0.292969
3 0.665039 0.208008 0.009766 0.017578
3 0.568359 0.194336 0.007812 0.005859
2 0.418945 0.193359 0.001953 0.003906
3 0.106445 0.206055 0.076172 0.037109
2 0.216797 0.183594 0.007812 0.003906
2 0.896484 0.185547 0.015625 0.011719
3 0.430664 0.184570 0.017578 0.017578
3 0.100586 0.179688 0.009766 0.007812
3 0.602539 0.188477 0.021484 0.033203
3 0.240234 0.173828 0.007812 0.003906
2 0.054688 0.170898 0.003906 0.005859
3 0.038086 0.214844 0.076172 0.097656
3 0.342773 0.160156 0.005859 0.003906
3 0.780273 0.231445 0.166016 0.150391
3 0.948242 0.164062 0.021484 0.019531
2 0.464844 0.154297 0.007812 0.003906
2 0.458008 0.153320 0.001953 0.001953
2 0.786133 0.163086 0.060547 0.025391
3 0.356445 0.149414 0.021484 0.009766
3 0.105469 0.143555 0.003906 0.005859
3 0.505859 0.141602 0.019531 0.005859
3 0.293945 0.139648 0.009766 0.013672
3 0.139648 0.173828 0.189453 0.093750
3 0.582031 0.126953 0.003906 0.003906
2 0.823242 0.122070 0.001953 0.001953
3 0.508789 0.123047 0.009766 0.011719
2 0.194336 0.125000 0.017578 0.015625
3 0.903320 0.126953 0.041016 0.027344
2 0.831055 0.112305 0.001953 0.001953
3 0.622070 0.123047 0.009766 0.023438
2 0.845703 0.114258 0.035156 0.013672
2 0.762695 0.112305 0.009766 0.013672
2 0.821289 0.104492 0.001953 0.001953
2 0.808594 0.107422 0.019531 0.019531
3 0.595703 0.098633 0.007812 0.005859
3 0.344727 0.101562 0.052734 0.023438
2 0.079102 0.092773 0.009766 0.005859
2 0.195312 0.085938 0.007812 0.007812
3 0.009766 0.085938 0.019531 0.007812
3 0.497070 0.084961 0.017578 0.009766
3 0.741211 0.078125 0.005859 0.003906
3 0.507812 0.072266 0.015625 0.011719
3 0.436523 0.138672 0.099609 0.148438
2 0.843750 0.068359 0.015625 0.011719
2 0.438477 0.061523 0.001953 0.001953
3 0.001953 0.068359 0.003906 0.015625
3 0.227539 0.088867 0.056641 0.064453
3 0.629883 0.056641 0.009766 0.007812
3 0.651367 0.053711 0.013672 0.009766
3 0.075195 0.051758 0.009766 0.009766
3 0.092773 0.049805 0.017578 0.009766
2 0.411133 0.048828 0.021484 0.011719
2 0.665039 0.046875 0.009766 0.011719
3 0.585938 0.043945 0.007812 0.009766
3 0.946289 0.083008 0.107422 0.099609
3 0.046875 0.042969 0.031250 0.019531
2 0.846680 0.050781 0.041016 0.039062
3 0.553711 0.034180 0.005859 0.005859
2 0.679688 0.034180 0.015625 0.009766
3 0.875000 0.036133 0.031250 0.025391
3 0.982422 0.032227 0.035156 0.037109
3 0.651367 0.016602 0.005859 0.005859
2 0.217773 0.022461 0.021484 0.021484
3 0.288086 0.018555 0.017578 0.017578
3 0.619141 0.010742 0.007812 0.005859
3 0.957031 0.004883 0.011719 0.009766
2 0.747070 0.000977 0.001953 0.001953
2 0.721680 0.003906 0.009766 0.007812
3 0.554688 0.008789 0.058594 0.017578
3 0.397461 0.018555 0.076172 0.037109
3 0.285156 0.000977 0.003906 0.001953
2 0.280273 0.000977 0.001953 0.001953
2 0.271484 0.000977 0.011719 0.001953
3 0.243164 0.013672 0.029297 0.027344