1 0.770508 0.999023 0.001953 0.001953
1 0.553711 0.999023 0.001953 0.001953
1 0.548828 0.999023 0.003906 0.001953
1 0.541992 0.999023 0.001953 0.001953
1 0.536133 0.999023 0.001953 0.001953
1 0.513672 0.999023 0.003906 0.001953
1 0.784180 0.997070 0.001953 0.001953
1 0.512695 0.995117 0.001953 0.001953
1 0.506836 0.996094 0.005859 0.007812
1 0.500977 0.993164 0.001953 0.001953
1 0.884766 0.995117 0.023438 0.009766
1 0.833008 0.993164 0.021484 0.013672
1 0.505859 0.988281 0.003906 0.003906
0 0.848633 0.985352 0.001953 0.001953
1 0.796875 0.990234 0.011719 0.015625
0 0.853516 0.983398 0.003906 0.005859
0 0.850586 0.979492 0.001953 0.001953
0 0.333008 0.980469 0.005859 0.003906
0 0.468750 0.986328 0.050781 0.027344
0 0.340820 0.973633 0.001953 0.001953
0 0.439453 0.980469 0.027344 0.023438
1 0.663086 0.970703 0.005859 0.007812
0 0.156250 0.965820 0.003906 0.001953
1 0.889648 0.963867 0.001953 0.001953
0 0.338867 0.966797 0.005859 0.007812
1 0.521484 0.972656 0.015625 0.023438
0 0.156250 0.961914 0.003906 0.001953
0 0.135742 0.959961 0.001953 0.001953
0 0.602539 0.961914 0.009766 0.009766
1 0.766602 0.956055 0.001953 0.001953
1 0.701172 0.977539 0.058594 0.044922
0 0.134766 0.956055 0.003906 0.001953
1 0.566406 0.955078 0.003906 0.003906
1 0.569336 0.975586 0.048828 0.048828
1 0.668945 0.947266 0.017578 0.011719
0 0.579102 0.938477 0.001953 0.001953
0 0.189453 0.944336 0.023438 0.013672
1 0.718750 0.937500 0.003906 0.003906
1 0.550781 0.936523 0.015625 0.013672
0 0.647461 0.928711 0.005859 0.005859
1 0.744141 0.922852 0.003906 0.001953
1 0.942383 0.918945 0.009766 0.013672
1 0.737305 0.914062 0.001953 0.003906
1 0.698242 0.913086 0.001953 0.001953
1 0.700195 0.907227 0.001953 0.001953
0 0.106445 0.915039 0.021484 0.037109
1 0.657227 0.895508 0.001953 0.001953
0 0.170898 0.903320 0.029297 0.017578
1 0.680664 0.900391 0.033203 0.027344
0 0.621094 0.916016 0.078125 0.058594
0 0.600586 0.887695 0.001953 0.001953
0 0.590820 0.888672 0.009766 0.007812
0 0.525391 0.916992 0.062500 0.064453
0 0.188477 0.885742 0.001953 0.001953
0 0.115234 0.884766 0.003906 0.003906
0 0.479492 0.883789 0.005859 0.005859
0 0.192383 0.881836 0.001953 0.001953
0 0.182617 0.886719 0.005859 0.011719
1 0.690430 0.879883 0.001953 0.001953
1 0.615234 0.886719 0.027344 0.019531
0 0.049805 0.877930 0.001953 0.001953
0 0.018555 0.902344 0.037109 0.050781
1 0.762695 0.875977 0.001953 0.001953
1 0.719727 0.904297 0.033203 0.058594
0 0.022461 0.875000 0.005859 0.003906
1 0.933594 0.872070 0.003906 0.001953
0 0.117188 0.871094 0.003906 0.003906
1 0.936523 0.868164 0.001953 0.001953
1 0.615234 0.869141 0.003906 0.003906
0 0.828125 0.869141 0.011719 0.007812
1 0.477539 0.866211 0.001953 0.001953
0 0.268555 0.868164 0.005859 0.005859
1 0.619141 0.865234 0.003906 0.003906
0 0.213867 0.864258 0.001953 0.001953
0 0.000977 0.864258 0.001953 0.001953
1 0.685547 0.866211 0.015625 0.009766
1 0.964844 0.861328 0.003906 0.003906
1 0.699219 0.858398 0.003906 0.001953
1 0.458008 0.859375 0.005859 0.003906
0 0.500000 0.868164 0.023438 0.025391
0 0.200195 0.860352 0.017578 0.009766
1 0.795898 0.854492 0.001953 0.001953
1 0.781250 0.860352 0.023438 0.013672
1 0.655273 0.866211 0.041016 0.033203
1 0.921875 0.847656 0.003906 0.003906
0 0.857422 0.848633 0.003906 0.005859
1 0.772461 0.842773 0.001953 0.001953
0 0.435547 0.843750 0.003906 0.003906
0 0.087891 0.860352 0.042969 0.037109
1 0.760742 0.846680 0.013672 0.013672
1 0.754883 0.838867 0.001953 0.001953
1 0.750977 0.838867 0.001953 0.001953
1 0.649414 0.838867 0.001953 0.001953
1 0.763672 0.836914 0.003906 0.001953
0 0.026367 0.836914 0.001953 0.001953
1 0.647461 0.834961 0.001953 0.001953
1 0.639648 0.850586 0.021484 0.033203
1 0.629883 0.834961 0.001953 0.001953
0 0.699219 0.836914 0.011719 0.009766
1 0.931641 0.832031 0.003906 0.003906
0 0.024414 0.831055 0.001953 0.001953
1 0.710938 0.833008 0.011719 0.009766
0 0.231445 0.829102 0.001953 0.001953
0 0.637695 0.827148 0.001953 0.001953
1 0.930664 0.823242 0.001953 0.001953
0 0.651367 0.821289 0.001953 0.001953
1 0.900391 0.816406 0.003906 0.003906
1 0.684570 0.815430 0.001953 0.001953
0 0.029297 0.815430 0.003906 0.001953
1 0.919922 0.823242 0.031250 0.029297
0 0.014648 0.837891 0.029297 0.058594
0 0.683594 0.806641 0.011719 0.007812
0 0.658203 0.803711 0.003906 0.001953
0 0.342773 0.799805 0.001953 0.001953
0 0.659180 0.797852 0.001953 0.001953
0 0.066406 0.797852 0.003906 0.001953
0 0.680664 0.796875 0.001953 0.003906
0 0.226562 0.796875 0.003906 0.003906
0 0.676758 0.793945 0.001953 0.001953
0 0.065430 0.793945 0.001953 0.001953
0 0.671875 0.792969 0.003906 0.003906
0 0.674805 0.790039 0.001953 0.001953
0 0.579102 0.811523 0.150391 0.044922
0 0.504883 0.790039 0.001953 0.001953
0 0.681641 0.788086 0.003906 0.001953
0 0.493164 0.791016 0.017578 0.007812
0 0.391602 0.788086 0.001953 0.001953
0 0.755859 0.788086 0.003906 0.005859
0 0.052734 0.789062 0.007812 0.007812
1 0.721680 0.782227 0.001953 0.001953
0 0.948242 0.796875 0.033203 0.035156
0 0.943359 0.778320 0.003906 0.001953
1 0.897461 0.778320 0.001953 0.001953
0 0.063477 0.784180 0.009766 0.013672
1 0.565430 0.772461 0.001953 0.001953
1 0.561523 0.772461 0.001953 0.001953
0 0.948242 0.770508 0.001953 0.001953
1 0.893555 0.771484 0.005859 0.003906
0 0.377930 0.775391 0.013672 0.011719
1 0.932617 0.768555 0.001953 0.001953
1 0.894531 0.766602 0.003906 0.001953
1 0.924805 0.768555 0.005859 0.009766
1 0.713867 0.759766 0.001953 0.003906
0 0.033203 0.790039 0.066406 0.064453
1 0.753906 0.765625 0.023438 0.019531
1 0.720703 0.758789 0.003906 0.005859
0 0.702148 0.757812 0.005859 0.003906
0 0.672852 0.756836 0.001953 0.001953
0 0.901367 0.752930 0.001953 0.001953
1 0.782227 0.752930 0.001953 0.001953
0 0.706055 0.752930 0.001953 0.001953
0 0.024414 0.752930 0.001953 0.001953
1 0.789062 0.752930 0.007812 0.005859
0 0.005859 0.753906 0.011719 0.007812
0 0.002930 0.746094 0.005859 0.003906
0 0.712891 0.748047 0.011719 0.011719
1 0.934570 0.741211 0.001953 0.001953
1 0.793945 0.741211 0.001953 0.001953
0 0.715820 0.741211 0.001953 0.001953
1 0.798828 0.739258 0.003906 0.001953
1 0.733398 0.736328 0.005859 0.003906
0 0.557617 0.735352 0.001953 0.001953
0 0.553711 0.735352 0.001953 0.001953
1 0.781250 0.737305 0.015625 0.009766
0 0.694336 0.743164 0.017578 0.021484
0 0.638672 0.733398 0.003906 0.001953
1 0.735352 0.731445 0.001953 0.001953
0 0.468750 0.737305 0.011719 0.013672
0 0.458008 0.731445 0.001953 0.001953
0 0.696289 0.729492 0.001953 0.001953
1 0.563477 0.760742 0.044922 0.064453
1 0.720703 0.731445 0.003906 0.009766
0 0.020508 0.731445 0.009766 0.009766
1 0.778320 0.725586 0.001953 0.001953
0 0.929688 0.724609 0.003906 0.003906
0 0.938477 0.727539 0.009766 0.013672
0 0.106445 0.722656 0.001953 0.003906
1 0.780273 0.717773 0.001953 0.001953
0 0.945312 0.710938 0.003906 0.003906
0 0.963867 0.711914 0.013672 0.009766
0 0.042969 0.708984 0.003906 0.003906
1 0.838867 0.700195 0.001953 0.001953
0 0.688477 0.702148 0.013672 0.009766
0 0.114258 0.708008 0.021484 0.021484
0 0.764648 0.705078 0.041016 0.023438
0 0.846680 0.692383 0.001953 0.005859
0 0.059570 0.690430 0.001953 0.001953
0 0.004883 0.695312 0.009766 0.015625
0 0.625000 0.688477 0.007812 0.005859
0 0.960938 0.687500 0.019531 0.015625
0 0.829102 0.675781 0.001953 0.003906
0 0.987305 0.672852 0.001953 0.001953
0 0.629883 0.675781 0.005859 0.007812
0 0.985352 0.666992 0.001953 0.001953
0 0.051758 0.685547 0.021484 0.039062
0 0.836914 0.663086 0.001953 0.001953
0 0.829102 0.665039 0.009766 0.013672
1 0.989258 0.655273 0.001953 0.001953
0 0.963867 0.655273 0.001953 0.001953
0 0.949219 0.653320 0.003906 0.005859
0 0.817383 0.651367 0.001953 0.001953
0 0.989258 0.666016 0.021484 0.035156
0 0.815430 0.643555 0.001953 0.001953
0 0.084961 0.641602 0.001953 0.001953
0 0.844727 0.655273 0.037109 0.033203
0 0.985352 0.639648 0.005859 0.009766
0 0.792969 0.634766 0.011719 0.007812
0 0.972656 0.637695 0.015625 0.021484
0 0.628906 0.627930 0.003906 0.001953
1 0.985352 0.627930 0.001953 0.005859
0 0.643555 0.657227 0.033203 0.068359
0 0.651367 0.620117 0.001953 0.001953
1 0.975586 0.625977 0.009766 0.017578
0 0.954102 0.614258 0.001953 0.001953
0 0.189453 0.615234 0.003906 0.003906
0 0.969727 0.612305 0.001953 0.001953
0 0.219727 0.612305 0.001953 0.001953
0 0.211914 0.612305 0.009766 0.001953
0 0.212891 0.606445 0.011719 0.005859
0 0.579102 0.600586 0.001953 0.001953
0 0.814453 0.600586 0.003906 0.005859
0 0.963867 0.594727 0.001953 0.001953
1 0.777344 0.593750 0.007812 0.003906
0 0.797852 0.588867 0.001953 0.001953
0 0.036133 0.585938 0.005859 0.003906
1 0.749023 0.583008 0.001953 0.001953
0 0.896484 0.578125 0.003906 0.003906
0 0.106445 0.579102 0.001953 0.005859
0 0.791992 0.577148 0.005859 0.005859
0 0.971680 0.573242 0.001953 0.001953
0 0.887695 0.580078 0.009766 0.015625
0 0.520508 0.573242 0.001953 0.001953
0 0.125977 0.573242 0.001953 0.005859
0 0.887695 0.569336 0.001953 0.001953
0 0.038086 0.573242 0.009766 0.009766
0 0.128906 0.567383 0.003906 0.001953
1 0.762695 0.563477 0.001953 0.001953
0 0.138672 0.564453 0.003906 0.003906
1 0.751953 0.570312 0.015625 0.019531
0 0.678711 0.561523 0.001953 0.001953
0 0.976562 0.560547 0.003906 0.003906
0 0.844727 0.553711 0.001953 0.001953
0 0.989258 0.568359 0.021484 0.035156
0 0.160156 0.554688 0.011719 0.007812
0 0.958008 0.549805 0.001953 0.001953
0 0.671875 0.563477 0.019531 0.029297
0 0.987305 0.547852 0.005859 0.001953
0 0.875000 0.690430 0.199219 0.291016
0 0.842773 0.547852 0.005859 0.005859
0 0.995117 0.543945 0.001953 0.001953
0 0.200195 0.543945 0.001953 0.001953
0 0.840820 0.541992 0.001953 0.001953
0 0.031250 0.542969 0.003906 0.003906
0 0.026367 0.541992 0.001953 0.001953
0 0.491211 0.546875 0.013672 0.015625
0 0.840820 0.532227 0.001953 0.001953
0 0.794922 0.525391 0.003906 0.003906
0 0.844727 0.522461 0.001953 0.001953
0 0.850586 0.520508 0.001953 0.001953
0 0.939453 0.519531 0.019531 0.015625
0 0.118164 0.510742 0.001953 0.001953
1 0.997070 0.512695 0.005859 0.009766
0 0.530273 0.506836 0.005859 0.001953
0 0.126953 0.507812 0.003906 0.003906
0 0.122070 0.506836 0.001953 0.001953
0 0.429688 0.507812 0.007812 0.011719
0 0.535156 0.501953 0.011719 0.011719
0 0.920898 0.500000 0.013672 0.011719
0 0.538086 0.495117 0.001953 0.001953
0 0.269531 0.496094 0.015625 0.011719
0 0.211914 0.489258 0.001953 0.001953
0 0.090820 0.488281 0.001953 0.003906
0 0.059570 0.491211 0.009766 0.009766
0 0.446289 0.497070 0.037109 0.037109
0 0.225586 0.485352 0.021484 0.017578
0 0.496094 0.475586 0.003906 0.001953
0 0.983398 0.473633 0.001953 0.001953
0 0.534180 0.465820 0.001953 0.001953
0 0.830078 0.464844 0.007812 0.007812
0 0.815430 0.461914 0.001953 0.001953
0 0.356445 0.458008 0.001953 0.001953
0 0.438477 0.457031 0.001953 0.003906
0 0.416992 0.454102 0.001953 0.001953
0 0.474609 0.455078 0.015625 0.015625
0 0.329102 0.448242 0.001953 0.001953
0 0.467773 0.446289 0.001953 0.001953
1 0.826172 0.441406 0.007812 0.007812
1 0.002930 0.434570 0.001953 0.001953
1 0.677734 0.427734 0.003906 0.003906
1 0.814453 0.423828 0.003906 0.003906
1 0.833008 0.420898 0.001953 0.001953
1 0.944336 0.422852 0.013672 0.009766
0 0.979492 0.444336 0.041016 0.064453
1 0.928711 0.413086 0.001953 0.001953
0 0.800781 0.416016 0.007812 0.007812
0 0.058594 0.420898 0.015625 0.017578
1 0.829102 0.409180 0.001953 0.001953
0 0.797852 0.409180 0.001953 0.001953
0 0.568359 0.413086 0.007812 0.009766
1 0.811523 0.408203 0.001953 0.003906
1 0.977539 0.416016 0.021484 0.023438
0 0.106445 0.409180 0.005859 0.013672
0 0.910156 0.434570 0.042969 0.076172
0 0.407227 0.419922 0.193359 0.050781
1 0.629883 0.393555 0.001953 0.001953
1 0.959961 0.393555 0.005859 0.005859
1 0.965820 0.387695 0.001953 0.001953
0 0.607422 0.401367 0.023438 0.029297
1 0.074219 0.389648 0.007812 0.005859
1 0.006836 0.407227 0.013672 0.041016
1 0.998047 0.385742 0.003906 0.005859
0 0.458984 0.380859 0.007812 0.003906
1 0.977539 0.377930 0.001953 0.001953
0 0.895508 0.379883 0.009766 0.013672
1 0.114258 0.364258 0.001953 0.001953
0 0.929688 0.361328 0.003906 0.003906
1 0.073242 0.358398 0.001953 0.001953
0 0.577148 0.352539 0.001953 0.001953
1 0.074219 0.353516 0.003906 0.003906
0 0.738281 0.351562 0.003906 0.003906
1 0.064453 0.350586 0.003906 0.005859
0 0.438477 0.344727 0.001953 0.001953
0 0.428711 0.339844 0.001953 0.003906
1 0.104492 0.338867 0.001953 0.001953
1 0.953125 0.362305 0.093750 0.052734
1 0.086914 0.351562 0.029297 0.031250
0 0.132812 0.340820 0.007812 0.013672
1 0.981445 0.331055 0.001953 0.001953
0 0.515625 0.335938 0.007812 0.011719
1 0.083984 0.332031 0.003906 0.003906
1 0.050781 0.339844 0.015625 0.019531
0 0.528320 0.329102 0.001953 0.001953
1 0.030273 0.327148 0.001953 0.001953
0 0.888672 0.343750 0.039062 0.039062
1 0.036133 0.328125 0.009766 0.007812
0 0.761719 0.334961 0.027344 0.025391
1 0.030273 0.321289 0.001953 0.001953
1 0.985352 0.319336 0.001953 0.001953
1 0.098633 0.321289 0.005859 0.005859
1 0.086914 0.319336 0.001953 0.001953
1 0.994141 0.318359 0.003906 0.003906
0 0.500000 0.329102 0.019531 0.025391
0 0.844727 0.376953 0.083984 0.125000
0 0.738281 0.317383 0.003906 0.005859
1 0.083008 0.315430 0.001953 0.001953
0 0.962891 0.316406 0.007812 0.007812
0 0.866211 0.315430 0.005859 0.009766
0 0.505859 0.313477 0.011719 0.005859
1 0.090820 0.303711 0.005859 0.005859
0 0.608398 0.317383 0.029297 0.037109
0 0.567383 0.299805 0.001953 0.001953
0 0.440430 0.295898 0.001953 0.001953
1 0.094727 0.295898 0.005859 0.001953
0 0.825195 0.293945 0.001953 0.001953
0 0.114258 0.290039 0.001953 0.001953
1 0.073242 0.290039 0.001953 0.001953
0 0.993164 0.286133 0.001953 0.001953
0 0.980469 0.296875 0.015625 0.023438
1 0.458984 0.287109 0.011719 0.003906
1 0.018555 0.291016 0.021484 0.011719
0 0.998047 0.285156 0.003906 0.003906
1 0.450195 0.290039 0.013672 0.013672
1 0.420898 0.299805 0.033203 0.033203
1 0.016602 0.283203 0.001953 0.003906
0 0.916992 0.281250 0.009766 0.003906
0 0.464844 0.280273 0.003906 0.001953
1 0.456055 0.278320 0.001953 0.001953
1 0.125977 0.281250 0.005859 0.007812
0 0.463867 0.276367 0.001953 0.001953
0 0.541992 0.274414 0.001953 0.001953
1 0.133789 0.274414 0.001953 0.001953
1 0.027344 0.275391 0.003906 0.003906
0 0.607422 0.334961 0.175781 0.126953
1 0.448242 0.271484 0.001953 0.003906
1 0.022461 0.273438 0.001953 0.007812
0 0.750977 0.268555 0.001953 0.001953
1 0.115234 0.279297 0.007812 0.023438
0 0.448242 0.264648 0.001953 0.001953
1 0.599609 0.271484 0.019531 0.019531
0 0.510742 0.262695 0.001953 0.001953
0 0.439453 0.263672 0.007812 0.007812
1 0.146484 0.272461 0.027344 0.025391
0 0.737305 0.269531 0.017578 0.023438
0 0.541992 0.258789 0.001953 0.001953
0 0.432617 0.258789 0.001953 0.001953
0 0.547852 0.259766 0.005859 0.007812
0 0.515625 0.257812 0.003906 0.003906
0 0.510742 0.256836 0.001953 0.001953
0 0.453125 0.257812 0.003906 0.003906
0 0.996094 0.261719 0.007812 0.015625
0 0.749023 0.250977 0.001953 0.001953
0 0.585938 0.251953 0.011719 0.011719
0 0.702148 0.245117 0.001953 0.001953
0 0.458008 0.247070 0.013672 0.005859
1 0.003906 0.248047 0.003906 0.007812
0 0.636719 0.263672 0.039062 0.042969
0 0.960938 0.246094 0.007812 0.011719
1 0.085938 0.265625 0.039062 0.050781
0 0.704102 0.240234 0.005859 0.007812
0 0.225586 0.237305 0.001953 0.001953
0 0.999023 0.242188 0.001953 0.015625
0 0.448242 0.235352 0.001953 0.001953
0 0.838867 0.262695 0.033203 0.064453
0 0.473633 0.232422 0.001953 0.003906
1 0.014648 0.248047 0.029297 0.039062
1 0.012695 0.229492 0.001953 0.001953
0 0.181641 0.236328 0.015625 0.023438
0 0.698242 0.226562 0.013672 0.011719
0 0.397461 0.225586 0.025391 0.013672
1 0.104492 0.215820 0.005859 0.005859
1 0.091797 0.215820 0.003906 0.005859
0 0.990234 0.216797 0.011719 0.011719
1 0.084961 0.209961 0.001953 0.001953
0 0.818359 0.212891 0.015625 0.011719
0 0.201172 0.208984 0.003906 0.003906
1 0.154297 0.213867 0.015625 0.013672
1 0.029297 0.209961 0.011719 0.005859
0 0.569336 0.215820 0.017578 0.021484
1 0.059570 0.204102 0.009766 0.009766
1 0.047852 0.200195 0.001953 0.001953
1 0.030273 0.200195 0.001953 0.001953
1 0.038086 0.198242 0.001953 0.001953
0 0.657227 0.196289 0.001953 0.001953
0 0.602539 0.198242 0.005859 0.005859
0 0.468750 0.197266 0.003906 0.003906
0 0.789062 0.209961 0.035156 0.033203
0 0.479492 0.196289 0.005859 0.005859
0 0.626953 0.194336 0.011719 0.005859
0 0.471680 0.190430 0.001953 0.001953
1 0.155273 0.190430 0.001953 0.001953
0 0.661133 0.189453 0.001953 0.007812
0 0.471680 0.186523 0.001953 0.001953
1 0.079102 0.191406 0.009766 0.011719
0 0.293945 0.184570 0.005859 0.005859
0 0.186523 0.182617 0.001953 0.001953
1 0.152344 0.183594 0.007812 0.007812
0 0.915039 0.178711 0.001953 0.001953
1 0.042969 0.190430 0.015625 0.025391
0 0.999023 0.175781 0.001953 0.003906
0 0.131836 0.172852 0.001953 0.001953
0 0.081055 0.172852 0.001953 0.001953
0 0.325195 0.175781 0.017578 0.015625
0 0.252930 0.172852 0.009766 0.009766
0 0.144531 0.168945 0.003906 0.001953
0 0.126953 0.187500 0.031250 0.039062
0 0.923828 0.173828 0.011719 0.015625
0 0.825195 0.166992 0.001953 0.001953
0 0.576172 0.177734 0.023438 0.023438
0 0.472656 0.175781 0.023438 0.019531
0 0.062500 0.167969 0.003906 0.003906
1 0.025391 0.166992 0.003906 0.001953
1 0.018555 0.166992 0.001953 0.001953
0 0.973633 0.166992 0.005859 0.005859
0 0.819336 0.170898 0.009766 0.013672
0 0.186523 0.165039 0.001953 0.001953
1 0.170898 0.173828 0.013672 0.019531
0 0.555664 0.163086 0.001953 0.001953
0 0.483398 0.163086 0.001953 0.001953
0 0.297852 0.167969 0.013672 0.011719
0 0.126953 0.164062 0.007812 0.003906
0 0.820312 0.161133 0.003906 0.001953
0 0.524414 0.182617 0.056641 0.044922
0 0.240234 0.163086 0.003906 0.005859
0 0.215820 0.161133 0.001953 0.001953
0 0.184570 0.161133 0.001953 0.001953
0 0.645508 0.175781 0.025391 0.035156
1 0.145508 0.160156 0.001953 0.003906
0 0.092773 0.159180 0.001953 0.001953
1 0.014648 0.193359 0.029297 0.070312
0 0.499023 0.157227 0.001953 0.001953
0 0.236328 0.155273 0.003906 0.001953
0 0.145508 0.155273 0.001953 0.001953
0 0.516602 0.153320 0.001953 0.001953
0 0.185547 0.155273 0.003906 0.005859
0 0.235352 0.151367 0.001953 0.001953
0 0.262695 0.159180 0.013672 0.021484
0 0.575195 0.150391 0.009766 0.011719
0 0.372070 0.145508 0.001953 0.001953
0 0.546875 0.143555 0.003906 0.005859
0 0.284180 0.142578 0.005859 0.003906
0 0.869141 0.150391 0.023438 0.023438
0 0.482422 0.142578 0.003906 0.007812
0 0.477539 0.139648 0.001953 0.001953
1 0.250000 0.146484 0.015625 0.015625
0 0.490234 0.138672 0.011719 0.007812
0 0.215820 0.135742 0.001953 0.001953
1 0.215820 0.131836 0.001953 0.001953
0 0.350586 0.129883 0.001953 0.001953
1 0.211914 0.125977 0.001953 0.001953
0 0.070312 0.127930 0.003906 0.005859
0 0.394531 0.135742 0.019531 0.025391
0 0.636719 0.125000 0.003906 0.007812
0 0.064453 0.122070 0.003906 0.001953
0 0.020508 0.120117 0.001953 0.001953
1 0.217773 0.123047 0.005859 0.011719
0 0.303711 0.116211 0.001953 0.001953
0 0.024414 0.116211 0.001953 0.001953
0 0.305664 0.111328 0.001953 0.003906
1 0.255859 0.119141 0.027344 0.019531
0 0.020508 0.110352 0.001953 0.001953
0 0.011719 0.125000 0.023438 0.031250
0 0.569336 0.110352 0.005859 0.005859
0 0.190430 0.108398 0.001953 0.001953
0 0.100586 0.132812 0.056641 0.050781
0 0.040039 0.108398 0.001953 0.001953
0 0.530273 0.127930 0.037109 0.048828
0 0.491211 0.102539 0.001953 0.001953
1 0.487305 0.102539 0.001953 0.001953
0 0.528320 0.098633 0.001953 0.001953
0 0.523438 0.100586 0.003906 0.005859
1 0.239258 0.099609 0.001953 0.003906
0 0.002930 0.099609 0.001953 0.003906
0 0.652344 0.102539 0.011719 0.013672
1 0.596680 0.101562 0.005859 0.011719
0 0.735352 0.094727 0.005859 0.001953
0 0.577148 0.094727 0.001953 0.001953
0 0.206055 0.111328 0.029297 0.035156
0 0.030273 0.094727 0.001953 0.001953
0 0.903320 0.103516 0.021484 0.027344
0 0.724609 0.091797 0.003906 0.003906
0 0.567383 0.090820 0.001953 0.001953
0 0.484375 0.091797 0.003906 0.003906
0 0.163086 0.105469 0.052734 0.031250
0 0.891602 0.086914 0.001953 0.001953
0 0.730469 0.088867 0.003906 0.005859
0 0.713867 0.086914 0.001953 0.001953
1 0.581055 0.086914 0.005859 0.005859
0 0.560547 0.087891 0.007812 0.007812
0 0.732422 0.083008 0.003906 0.001953
0 0.715820 0.083008 0.001953 0.001953
0 0.188477 0.083984 0.005859 0.003906
0 0.727539 0.079102 0.001953 0.001953
0 0.296875 0.084961 0.023438 0.013672
0 0.180664 0.079102 0.001953 0.001953
1 0.485352 0.077148 0.001953 0.001953
1 0.202148 0.077148 0.001953 0.001953
0 0.844727 0.080078 0.009766 0.011719
0 0.180664 0.075195 0.001953 0.001953
0 0.006836 0.083984 0.013672 0.019531
0 0.000977 0.075195 0.001953 0.001953
0 0.997070 0.076172 0.005859 0.011719
0 0.274414 0.071289 0.001953 0.001953
1 0.208984 0.075195 0.011719 0.009766
0 0.774414 0.069336 0.001953 0.001953
1 0.481445 0.069336 0.001953 0.001953
1 0.457031 0.069336 0.003906 0.001953
1 0.100586 0.067383 0.001953 0.001953
1 0.627930 0.068359 0.005859 0.011719
0 0.114258 0.063477 0.001953 0.001953
0 0.110352 0.066406 0.009766 0.007812
0 0.032227 0.063477 0.001953 0.001953
1 0.495117 0.062500 0.001953 0.003906
1 0.465820 0.067383 0.009766 0.013672
1 0.260742 0.059570 0.001953 0.001953
1 0.166992 0.059570 0.001953 0.001953
0 0.457031 0.081055 0.058594 0.048828
1 0.256836 0.080078 0.037109 0.046875
1 0.083008 0.059570 0.005859 0.005859
0 0.895508 0.058594 0.009766 0.007812
0 0.877930 0.059570 0.009766 0.009766
0 0.063477 0.085938 0.037109 0.062500
0 0.811523 0.063477 0.021484 0.021484
1 0.478516 0.054688 0.007812 0.003906
1 0.073242 0.053711 0.001953 0.001953
1 0.069336 0.053711 0.001953 0.001953
0 0.737305 0.062500 0.029297 0.027344
1 0.481445 0.049805 0.001953 0.001953
1 0.485352 0.047852 0.001953 0.001953
0 0.275391 0.048828 0.003906 0.003906
1 0.183594 0.048828 0.003906 0.003906
0 0.129883 0.043945 0.001953 0.001953
0 0.893555 0.043945 0.001953 0.005859
1 0.183594 0.042969 0.003906 0.003906
0 0.990234 0.044922 0.007812 0.011719
1 0.358398 0.038086 0.001953 0.001953
0 0.904297 0.041992 0.015625 0.021484
0 0.631836 0.044922 0.041016 0.027344
0 0.826172 0.031250 0.003906 0.003906
0 0.630859 0.030273 0.003906 0.001953
1 0.513672 0.035156 0.011719 0.011719
0 0.111328 0.032227 0.003906 0.005859
1 0.182617 0.032227 0.009766 0.009766
0 0.631836 0.026367 0.001953 0.001953
1 0.508789 0.027344 0.001953 0.003906
1 0.502930 0.024414 0.001953 0.001953
1 0.011719 0.039062 0.023438 0.039062
0 0.840820 0.029297 0.021484 0.023438
0 0.760742 0.018555 0.001953 0.005859
1 0.011719 0.015625 0.003906 0.003906
1 0.025391 0.012695 0.003906 0.001953
1 0.252930 0.006836 0.001953 0.001953
1 0.184570 0.006836 0.001953 0.001953
0 0.139648 0.010742 0.009766 0.009766
0 0.997070 0.011719 0.005859 0.015625
0 0.990234 0.004883 0.007812 0.009766
0 0.894531 0.004883 0.027344 0.009766
0 0.864258 0.010742 0.021484 0.021484
0 0.652344 0.000977 0.003906 0.001953
1 0.458008 0.023438 0.095703 0.046875
0 0.329102 0.058594 0.087891 0.117188
1 0.269531 0.009766 0.015625 0.019531
1 0.217773 0.030273 0.041016 0.060547
0 0.106445 0.014648 0.044922 0.029297
1 0.013672 0.005859 0.027344 0.011719
3 0.678711 0.991211 0.001953 0.001953
3 0.563477 0.963867 0.001953 0.001953
2 0.029297 0.899414 0.003906 0.005859
2 0.000977 0.827148 0.001953 0.001953
2 0.013672 0.787109 0.007812 0.007812
2 0.036133 0.778320 0.001953 0.001953
2 0.001953 0.773438 0.003906 0.011719
2 0.030273 0.766602 0.001953 0.001953
2 0.037109 0.764648 0.003906 0.001953
3 0.020508 0.244141 0.001953 0.003906
2 0.018555 0.223633 0.001953 0.001953
3 0.016602 0.219727 0.001953 0.001953
3 0.002930 0.188477 0.005859 0.009766
2 0.352539 0.090820 0.001953 0.001953
3 0.432617 0.032227 0.001953 0.001953
2 0.298828 0.035156 0.007812 0.007812
2 0.319336 0.030273 0.013672 0.005859
2 0.106445 0.016602 0.001953 0.001953
3 0.432617 0.013672 0.001953 0.003906
2 0.364258 0.006836 0.001953 0.001953
2 0.353516 0.002930 0.015625 0.005859
2 0.342773 0.000977 0.001953 0.001953
3 0.303711 0.000977 0.001953 0.001953
2 0.500000 0.500000 1.000000 1.000000