0 0.512695 0.999023 0.001953 0.001953
0 0.506836 0.999023 0.001953 0.001953
0 0.069336 0.999023 0.009766 0.001953
1 0.042969 0.999023 0.003906 0.001953
0 0.286133 0.998047 0.005859 0.003906
1 0.152344 0.998047 0.003906 0.003906
0 0.514648 0.993164 0.001953 0.001953
0 0.112305 0.995117 0.013672 0.005859
0 0.311523 0.991211 0.009766 0.009766
0 0.213867 0.992188 0.033203 0.015625
0 0.115234 0.982422 0.003906 0.003906
0 0.114258 0.977539 0.001953 0.001953
0 0.217773 0.975586 0.001953 0.001953
0 0.206055 0.975586 0.001953 0.001953
0 0.111328 0.981445 0.007812 0.017578
0 0.479492 0.969727 0.001953 0.001953
0 0.946289 0.965820 0.001953 0.001953
0 0.102539 0.965820 0.001953 0.001953
0 0.953125 0.965820 0.007812 0.009766
0 0.208008 0.966797 0.005859 0.011719
0 0.290039 0.959961 0.001953 0.001953
0 0.115234 0.964844 0.019531 0.011719
0 0.496094 0.962891 0.031250 0.019531
0 0.160156 0.932617 0.003906 0.001953
0 0.176758 0.926758 0.001953 0.001953
0 0.202148 0.918945 0.001953 0.001953
0 0.217773 0.916992 0.001953 0.001953
0 0.292969 0.936523 0.027344 0.048828
0 0.217773 0.907227 0.001953 0.001953
0 0.223633 0.904297 0.025391 0.023438
0 0.448242 0.883789 0.001953 0.001953
0 0.037109 0.883789 0.003906 0.001953
0 0.014648 0.881836 0.001953 0.001953
0 0.036133 0.879883 0.001953 0.001953
0 0.243164 0.877930 0.001953 0.001953
0 0.029297 0.880859 0.007812 0.007812
0 0.287109 0.875977 0.003906 0.001953
0 0.239258 0.874023 0.001953 0.001953
0 0.216797 0.875000 0.003906 0.003906
0 0.233398 0.872070 0.005859 0.005859
0 0.286133 0.860352 0.021484 0.013672
0 0.363281 0.836914 0.003906 0.001953
0 0.436523 0.834961 0.001953 0.001953
0 0.422852 0.885742 0.044922 0.111328
0 0.362305 0.831055 0.001953 0.001953
0 0.435547 0.824219 0.003906 0.003906
0 0.254883 0.817383 0.001953 0.001953
0 0.249023 0.817383 0.001953 0.001953
0 0.557617 0.788086 0.001953 0.001953
0 0.521484 0.810547 0.054688 0.046875
1 0.020508 0.780273 0.001953 0.001953
0 0.600586 0.776367 0.001953 0.001953
0 0.596680 0.776367 0.001953 0.001953
0 0.553711 0.776367 0.001953 0.001953
0 0.457031 0.805664 0.046875 0.060547
1 0.018555 0.776367 0.001953 0.001953
0 0.610352 0.775391 0.005859 0.007812
0 0.558594 0.776367 0.007812 0.017578
0 0.588867 0.782227 0.048828 0.037109
0 0.490234 0.769531 0.011719 0.011719
1 0.011719 0.763672 0.003906 0.003906
0 0.583008 0.756836 0.001953 0.001953
1 0.000977 0.756836 0.001953 0.001953
0 0.500000 0.754883 0.007812 0.009766
0 0.581055 0.747070 0.001953 0.001953
0 0.573242 0.741211 0.001953 0.001953
0 0.569336 0.740234 0.001953 0.003906
0 0.508789 0.734375 0.001953 0.003906
0 0.770508 0.732422 0.001953 0.003906
0 0.395508 0.731445 0.001953 0.001953
0 0.540039 0.729492 0.001953 0.001953
0 0.354492 0.727539 0.001953 0.001953
0 0.898438 0.728516 0.023438 0.007812
0 0.505859 0.727539 0.003906 0.005859
0 0.407227 0.735352 0.025391 0.025391
0 0.490234 0.728516 0.015625 0.019531
0 0.502930 0.715820 0.001953 0.001953
0 0.507812 0.715820 0.003906 0.005859
0 0.559570 0.708008 0.001953 0.001953
0 0.631836 0.700195 0.001953 0.001953
0 0.624023 0.700195 0.001953 0.001953
0 0.522461 0.697266 0.001953 0.003906
0 0.324219 0.697266 0.003906 0.003906
0 0.958008 0.694336 0.001953 0.001953
0 0.572266 0.695312 0.003906 0.003906
0 0.927734 0.707031 0.089844 0.031250
0 0.575195 0.686523 0.001953 0.001953
0 0.997070 0.687500 0.005859 0.007812
1 0.688477 0.676758 0.001953 0.001953
0 0.997070 0.670898 0.005859 0.021484
1 0.690430 0.665039 0.005859 0.009766
0 0.997070 0.657227 0.001953 0.001953
0 0.969727 0.657227 0.001953 0.001953
1 0.675781 0.657227 0.007812 0.005859
1 0.656250 0.639648 0.003906 0.001953
1 0.660156 0.631836 0.003906 0.001953
1 0.653320 0.631836 0.001953 0.001953
0 0.513672 0.629883 0.003906 0.001953
0 0.711914 0.624023 0.009766 0.005859
0 0.699219 0.623047 0.003906 0.003906
0 0.770508 0.595703 0.005859 0.007812
0 0.186523 0.579102 0.001953 0.001953
0 0.463867 0.575195 0.001953 0.001953
0 0.984375 0.565430 0.007812 0.001953
0 0.980469 0.605469 0.027344 0.082031
0 0.695312 0.672852 0.371094 0.216797
0 0.399414 0.565430 0.001953 0.001953
0 0.786133 0.557617 0.001953 0.001953
0 0.600586 0.557617 0.001953 0.001953
0 0.407227 0.567383 0.017578 0.021484
0 0.676758 0.547852 0.001953 0.001953
0 0.663086 0.545898 0.001953 0.001953
0 0.514648 0.546875 0.005859 0.003906
0 0.657227 0.543945 0.001953 0.001953
0 0.492188 0.573242 0.050781 0.060547
0 0.589844 0.541992 0.003906 0.001953
0 0.555664 0.541992 0.009766 0.005859
0 0.561523 0.538086 0.001953 0.001953
0 0.350586 0.534180 0.001953 0.001953
0 0.330078 0.550781 0.035156 0.039062
0 0.999023 0.530273 0.001953 0.001953
0 0.966797 0.532227 0.007812 0.005859
0 0.495117 0.531250 0.001953 0.003906
0 0.381836 0.528320 0.001953 0.001953
0 0.385742 0.526367 0.001953 0.001953
0 0.349609 0.526367 0.003906 0.001953
0 0.330078 0.527344 0.015625 0.003906
0 0.155273 0.522461 0.001953 0.005859
0 0.637695 0.516602 0.001953 0.001953
0 0.159180 0.517578 0.001953 0.003906
0 0.399414 0.527344 0.029297 0.027344
0 0.993164 0.514648 0.005859 0.005859
0 0.643555 0.510742 0.001953 0.001953
0 0.399414 0.512695 0.005859 0.005859
0 0.154297 0.509766 0.003906 0.003906
0 0.399414 0.488281 0.001953 0.003906
0 0.557617 0.485352 0.001953 0.001953
0 0.456055 0.473633 0.001953 0.001953
0 0.651367 0.471680 0.001953 0.001953
0 0.168945 0.469727 0.001953 0.001953
0 0.654297 0.465820 0.003906 0.001953
0 0.270508 0.456055 0.001953 0.001953
0 0.270508 0.452148 0.001953 0.001953
0 0.231445 0.458008 0.013672 0.017578
0 0.223633 0.444336 0.001953 0.001953
0 0.247070 0.440430 0.001953 0.001953
0 0.937500 0.473633 0.109375 0.072266
0 0.237305 0.446289 0.017578 0.017578
0 0.795898 0.432617 0.001953 0.001953
0 0.226562 0.432617 0.003906 0.001953
0 0.823242 0.418945 0.001953 0.001953
0 0.223633 0.411133 0.001953 0.001953
0 0.214844 0.418945 0.015625 0.017578
0 0.573242 0.409180 0.001953 0.001953
0 0.444336 0.405273 0.001953 0.001953
0 0.442383 0.401367 0.001953 0.001953
0 0.454102 0.389648 0.001953 0.001953
0 0.223633 0.381836 0.001953 0.001953
0 0.510742 0.377930 0.001953 0.001953
0 0.918945 0.368164 0.001953 0.001953
0 0.208008 0.366211 0.001953 0.001953
0 0.871094 0.358398 0.003906 0.001953
0 0.970703 0.342773 0.003906 0.001953
0 0.887695 0.342773 0.001953 0.001953
0 0.209961 0.342773 0.001953 0.001953
0 0.850586 0.340820 0.001953 0.001953
0 0.967773 0.336914 0.009766 0.005859
0 0.972656 0.331055 0.007812 0.005859
0 0.895508 0.329102 0.001953 0.001953
0 0.594727 0.325195 0.001953 0.001953
0 0.036133 0.311523 0.001953 0.005859
0 0.051758 0.305664 0.001953 0.001953
1 0.074219 0.297852 0.007812 0.009766
0 0.502930 0.288086 0.001953 0.001953
0 0.471680 0.286133 0.001953 0.001953
1 0.055664 0.280273 0.001953 0.001953
0 0.200195 0.274414 0.001953 0.001953
0 0.280273 0.264648 0.001953 0.001953
0 0.110352 0.264648 0.001953 0.001953
0 0.027344 0.285156 0.054688 0.042969
0 0.114258 0.260742 0.001953 0.001953
0 0.207031 0.258789 0.003906 0.001953
0 0.151367 0.258789 0.001953 0.001953
0 0.007812 0.258789 0.007812 0.005859
0 0.842773 0.254883 0.001953 0.001953
0 0.004883 0.250977 0.001953 0.001953
0 0.000977 0.250977 0.001953 0.001953
0 0.941406 0.311523 0.117188 0.126953
0 0.141602 0.249023 0.001953 0.001953
0 0.008789 0.250000 0.001953 0.003906
0 0.907227 0.247070 0.001953 0.001953
1 0.811523 0.246094 0.001953 0.003906
0 0.276367 0.245117 0.001953 0.001953
0 0.905273 0.243164 0.001953 0.001953
1 0.834961 0.241211 0.001953 0.001953
1 0.115234 0.249023 0.011719 0.017578
0 0.268555 0.238281 0.001953 0.003906
0 0.241211 0.238281 0.009766 0.007812
0 0.104492 0.227539 0.001953 0.001953
0 0.090820 0.223633 0.001953 0.001953
0 0.094727 0.217773 0.001953 0.001953
0 0.014648 0.232422 0.017578 0.031250
0 0.115234 0.220703 0.011719 0.015625
0 0.013672 0.211914 0.003906 0.001953
0 0.008789 0.211914 0.001953 0.001953
0 0.003906 0.213867 0.003906 0.005859
0 0.204102 0.206055 0.001953 0.001953
0 0.002930 0.207031 0.005859 0.003906
0 0.139648 0.198242 0.001953 0.001953
0 0.405273 0.196289 0.001953 0.001953
1 0.817383 0.195312 0.009766 0.011719
1 0.809570 0.190430 0.001953 0.001953
0 0.002930 0.190430 0.001953 0.001953
0 0.938477 0.192383 0.009766 0.009766
1 0.809570 0.186523 0.001953 0.001953
1 0.799805 0.186523 0.001953 0.001953
0 0.936523 0.184570 0.001953 0.001953
0 0.430664 0.184570 0.001953 0.001953
0 0.141602 0.187500 0.005859 0.007812
0 0.948242 0.182617 0.001953 0.001953
0 0.124023 0.182617 0.001953 0.001953
0 0.124023 0.174805 0.001953 0.001953
0 0.886719 0.171875 0.003906 0.003906
1 0.436523 0.165039 0.001953 0.001953
0 0.061523 0.163086 0.001953 0.001953
0 0.995117 0.161133 0.001953 0.001953
0 0.921875 0.159180 0.003906 0.001953
0 0.225586 0.158203 0.005859 0.003906
0 0.922852 0.151367 0.001953 0.001953
1 0.276367 0.151367 0.001953 0.001953
1 0.266602 0.147461 0.001953 0.001953
0 0.196289 0.145508 0.001953 0.001953
0 0.159180 0.145508 0.001953 0.001953
1 0.235352 0.137695 0.001953 0.001953
0 0.368164 0.135742 0.001953 0.001953
1 0.274414 0.129883 0.001953 0.001953
1 0.268555 0.129883 0.001953 0.001953
0 0.927734 0.127930 0.003906 0.001953
0 0.922852 0.127930 0.001953 0.001953
0 0.951172 0.125000 0.003906 0.003906
0 0.942383 0.132812 0.021484 0.019531
1 0.307617 0.120117 0.001953 0.001953
1 0.371094 0.114258 0.007812 0.005859
0 0.990234 0.104492 0.003906 0.001953
0 0.976562 0.104492 0.003906 0.001953
0 0.579102 0.092773 0.001953 0.001953
0 0.148438 0.137695 0.105469 0.099609
1 0.158203 0.083008 0.003906 0.005859
1 0.461914 0.109375 0.048828 0.062500
1 0.842773 0.071289 0.001953 0.001953
0 0.569336 0.072266 0.005859 0.003906
0 0.061523 0.067383 0.001953 0.001953
0 0.565430 0.062500 0.001953 0.003906
0 0.979492 0.060547 0.001953 0.003906
0 0.559570 0.047852 0.001953 0.001953
0 0.565430 0.044922 0.001953 0.007812
0 0.972656 0.041016 0.003906 0.003906
0 0.532227 0.040039 0.001953 0.001953
0 0.347656 0.041016 0.003906 0.003906
0 0.344727 0.038086 0.001953 0.001953
0 0.605469 0.037109 0.003906 0.003906
0 0.534180 0.034180 0.001953 0.001953
0 0.607422 0.029297 0.007812 0.007812
1 0.836914 0.020508 0.001953 0.005859
1 0.450195 0.014648 0.001953 0.001953
0 0.788086 0.000977 0.001953 0.001953
0 0.780273 0.001953 0.001953 0.003906
0 0.774414 0.001953 0.005859 0.003906
0 0.500000 0.500000 1.000000 1.000000
0 0.549805 0.015625 0.025391 0.031250
1 0.394531 0.069336 0.085938 0.138672
0 0.232422 0.060547 0.214844 0.121094
3 0.145508 0.975586 0.001953 0.001953
3 0.146484 0.971680 0.003906 0.001953
2 0.175781 0.965820 0.003906 0.005859
2 0.085938 0.974609 0.171875 0.050781
2 0.114258 0.944336 0.001953 0.001953
2 0.100586 0.944336 0.001953 0.001953
2 0.083008 0.944336 0.001953 0.001953
2 0.092773 0.942383 0.001953 0.001953
2 0.186523 0.907227 0.001953 0.001953
2 0.013672 0.901367 0.003906 0.001953
2 0.011719 0.926758 0.023438 0.052734
2 0.012695 0.895508 0.001953 0.001953
2 0.291016 0.891602 0.003906 0.001953
2 0.010742 0.891602 0.001953 0.001953
2 0.206055 0.889648 0.001953 0.001953
2 0.116211 0.881836 0.001953 0.001953
2 0.327148 0.879883 0.001953 0.001953
2 0.087891 0.881836 0.003906 0.005859
2 0.078125 0.882812 0.007812 0.011719
2 0.317383 0.875977 0.001953 0.001953
2 0.094727 0.864258 0.001953 0.001953
2 0.008789 0.858398 0.001953 0.001953
2 0.006836 0.854492 0.001953 0.001953
2 0.031250 0.877930 0.062500 0.052734
2 0.001953 0.857422 0.003906 0.015625
2 0.099609 0.867188 0.031250 0.046875
2 0.055664 0.844727 0.005859 0.001953
2 0.048828 0.844727 0.003906 0.001953
2 0.043945 0.842773 0.001953 0.001953
2 0.045898 0.838867 0.001953 0.001953
2 0.003906 0.834961 0.003906 0.001953
2 0.312500 0.830078 0.003906 0.003906
2 0.348633 0.825195 0.001953 0.001953
2 0.422852 0.818359 0.001953 0.003906
2 0.266602 0.811523 0.001953 0.001953
2 0.165039 0.809570 0.005859 0.013672
2 0.162109 0.802734 0.003906 0.003906
2 0.165039 0.799805 0.001953 0.001953
2 0.389648 0.791992 0.001953 0.001953
2 0.172852 0.787109 0.001953 0.003906
2 0.167969 0.787109 0.003906 0.003906
2 0.366211 0.784180 0.001953 0.001953
2 0.371094 0.780273 0.003906 0.001953
2 0.401367 0.768555 0.001953 0.001953
2 0.338867 0.766602 0.001953 0.001953
2 0.166016 0.774414 0.011719 0.021484
2 0.286133 0.758789 0.001953 0.001953
2 0.202148 0.760742 0.005859 0.017578
2 0.282227 0.752930 0.013672 0.005859
2 0.385742 0.749023 0.001953 0.001953
2 0.385742 0.745117 0.001953 0.001953
3 0.016602 0.769531 0.033203 0.050781
2 0.364258 0.736328 0.005859 0.007812
2 0.372070 0.729492 0.001953 0.001953
3 0.082031 0.729492 0.003906 0.001953
2 0.126953 0.728516 0.007812 0.007812
2 0.133789 0.713867 0.001953 0.001953
3 0.006836 0.720703 0.013672 0.023438
2 0.237305 0.714844 0.009766 0.015625
2 0.245117 0.680664 0.001953 0.001953
2 0.191406 0.671875 0.011719 0.003906
2 0.169922 0.653320 0.003906 0.001953
2 0.223633 0.675781 0.048828 0.050781
2 0.200195 0.633789 0.001953 0.001953
2 0.194336 0.636719 0.041016 0.023438
2 0.170898 0.586914 0.001953 0.001953
2 0.096680 0.584961 0.001953 0.001953
2 0.108398 0.630859 0.044922 0.093750
2 0.096680 0.581055 0.001953 0.001953
2 0.125000 0.575195 0.050781 0.052734
2 0.697266 0.545898 0.003906 0.005859
2 0.596680 0.536133 0.001953 0.001953
2 0.567383 0.524414 0.001953 0.001953
2 0.072266 0.531250 0.023438 0.015625
2 0.573242 0.514648 0.001953 0.001953
2 0.011719 0.514648 0.003906 0.001953
2 0.604492 0.513672 0.001953 0.003906
2 0.526367 0.512695 0.001953 0.001953
2 0.710938 0.515625 0.007812 0.015625
2 0.019531 0.513672 0.039062 0.015625
2 0.004883 0.506836 0.001953 0.001953
2 0.568359 0.509766 0.019531 0.015625
2 0.355469 0.500000 0.011719 0.003906
2 0.346680 0.499023 0.001953 0.001953
2 0.438477 0.497070 0.001953 0.001953
2 0.560547 0.498047 0.003906 0.007812
2 0.427734 0.497070 0.003906 0.005859
2 0.742188 0.489258 0.003906 0.001953
2 0.341797 0.491211 0.007812 0.005859
3 0.342773 0.485352 0.001953 0.001953
2 0.354492 0.478516 0.001953 0.003906
3 0.346680 0.478516 0.005859 0.007812
2 0.739258 0.467773 0.001953 0.001953
2 0.736328 0.474609 0.019531 0.015625
3 0.350586 0.469727 0.009766 0.005859
3 0.341797 0.462891 0.003906 0.003906
2 0.768555 0.459961 0.001953 0.001953
2 0.774414 0.454102 0.013672 0.005859
2 0.776367 0.448242 0.001953 0.001953
2 0.785156 0.439453 0.003906 0.003906
3 0.293945 0.432617 0.001953 0.001953
2 0.276367 0.433594 0.001953 0.003906
2 0.416016 0.433594 0.003906 0.011719
3 0.293945 0.422852 0.001953 0.001953
2 0.864258 0.416992 0.001953 0.001953
2 0.096680 0.425781 0.017578 0.019531
2 0.088867 0.415039 0.001953 0.001953
2 0.090820 0.411133 0.001953 0.001953
2 0.719727 0.412109 0.017578 0.007812
3 0.319336 0.440430 0.056641 0.064453
2 0.733398 0.401367 0.001953 0.001953
2 0.729492 0.401367 0.001953 0.001953
2 0.115234 0.395508 0.003906 0.001953
2 0.106445 0.402344 0.017578 0.015625
2 0.116211 0.391602 0.001953 0.001953
2 0.095703 0.391602 0.003906 0.001953
2 0.631836 0.390625 0.001953 0.003906
2 0.447266 0.387695 0.003906 0.001953
2 0.400391 0.386719 0.003906 0.003906
2 0.370117 0.383789 0.005859 0.001953
2 0.362305 0.383789 0.001953 0.001953
2 0.211914 0.379883 0.001953 0.001953
2 0.123047 0.382812 0.019531 0.035156
2 0.043945 0.366211 0.005859 0.001953
2 0.040039 0.372070 0.009766 0.013672
2 0.530273 0.362305 0.001953 0.001953
2 0.454102 0.362305 0.001953 0.001953
2 0.224609 0.364258 0.003906 0.005859
2 0.180664 0.360352 0.005859 0.001953
2 0.118164 0.360352 0.001953 0.001953
2 0.454102 0.356445 0.001953 0.001953
2 0.171875 0.357422 0.003906 0.003906
2 0.732422 0.378906 0.035156 0.054688
2 0.320312 0.371094 0.062500 0.042969
2 0.286133 0.351562 0.005859 0.003906
2 0.009766 0.351562 0.003906 0.003906
2 0.586914 0.344727 0.001953 0.001953
2 0.277344 0.344727 0.003906 0.001953
2 0.442383 0.333008 0.001953 0.001953
2 0.211914 0.327148 0.001953 0.001953
2 0.061523 0.327148 0.001953 0.001953
2 0.487305 0.325195 0.001953 0.001953
2 0.489258 0.321289 0.001953 0.001953
2 0.483398 0.322266 0.001953 0.003906
2 0.159180 0.308594 0.001953 0.003906
2 0.319336 0.301758 0.001953 0.001953
2 0.255859 0.303711 0.007812 0.005859
2 0.249023 0.301758 0.001953 0.001953
2 0.268555 0.299805 0.001953 0.001953
2 0.656250 0.325195 0.035156 0.064453
2 0.356445 0.291992 0.001953 0.001953
2 0.193359 0.302734 0.039062 0.023438
2 0.637695 0.288086 0.001953 0.001953
2 0.191406 0.287109 0.003906 0.003906
2 0.260742 0.284180 0.001953 0.001953
3 0.034180 0.286133 0.005859 0.009766
2 0.260742 0.280273 0.001953 0.001953
2 0.263672 0.290039 0.019531 0.025391
3 0.043945 0.278320 0.001953 0.001953
2 0.084961 0.266602 0.001953 0.001953
2 0.416992 0.262695 0.001953 0.001953
2 0.170898 0.260742 0.001953 0.001953
2 0.980469 0.256836 0.003906 0.001953
2 0.508789 0.247070 0.001953 0.001953
2 0.512695 0.245117 0.001953 0.001953
2 0.506836 0.243164 0.001953 0.001953
2 0.846680 0.241211 0.001953 0.001953
2 0.094727 0.241211 0.001953 0.001953
2 0.684570 0.237305 0.001953 0.001953
2 0.610352 0.235352 0.001953 0.001953
2 0.686523 0.233398 0.001953 0.001953
2 0.770508 0.274414 0.037109 0.091797
2 0.611328 0.224609 0.003906 0.007812
3 0.788086 0.219727 0.001953 0.001953
2 0.035156 0.220703 0.003906 0.003906
2 0.604492 0.219727 0.005859 0.005859
2 0.597656 0.218750 0.003906 0.003906
2 0.586914 0.210938 0.005859 0.003906
2 0.780273 0.208008 0.001953 0.001953
2 0.393555 0.208008 0.001953 0.001953
2 0.022461 0.206055 0.001953 0.001953
2 0.210938 0.204102 0.003906 0.001953
2 0.303711 0.198242 0.001953 0.001953
2 0.589844 0.198242 0.011719 0.013672
2 0.610352 0.198242 0.013672 0.029297
2 0.616211 0.180664 0.001953 0.001953
2 0.605469 0.184570 0.007812 0.009766
3 0.791992 0.172852 0.001953 0.001953
2 0.059570 0.170898 0.001953 0.001953
3 0.790039 0.168945 0.001953 0.001953
2 0.731445 0.167969 0.009766 0.011719
2 0.901367 0.161133 0.001953 0.001953
3 0.678711 0.131836 0.005859 0.005859
3 0.686523 0.129883 0.001953 0.005859
3 0.675781 0.127930 0.003906 0.001953
3 0.690430 0.127930 0.001953 0.005859
2 0.889648 0.124023 0.001953 0.001953
2 0.879883 0.123047 0.009766 0.007812
3 0.817383 0.116211 0.001953 0.001953
3 0.383789 0.114258 0.001953 0.001953
3 0.827148 0.110352 0.001953 0.001953
2 0.948242 0.108398 0.001953 0.001953
3 0.383789 0.109375 0.005859 0.003906
2 0.739258 0.108398 0.001953 0.005859
2 0.579102 0.106445 0.001953 0.001953
3 0.819336 0.104492 0.009766 0.013672
2 0.696289 0.098633 0.001953 0.001953
2 0.675781 0.186523 0.050781 0.181641
3 0.698242 0.094727 0.001953 0.001953
2 0.908203 0.093750 0.003906 0.003906
3 0.819336 0.079102 0.001953 0.001953
2 0.967773 0.077148 0.001953 0.001953
2 0.598633 0.071289 0.001953 0.001953
3 0.829102 0.069336 0.001953 0.001953
2 0.385742 0.067383 0.001953 0.001953
2 0.565430 0.529297 0.869141 0.941406
3 0.416992 0.057617 0.001953 0.001953
2 0.356445 0.043945 0.001953 0.001953
2 0.364258 0.041992 0.001953 0.001953
2 0.159180 0.038086 0.005859 0.005859
2 0.997070 0.028320 0.005859 0.001953
2 0.158203 0.028320 0.003906 0.005859
2 0.975586 0.074219 0.048828 0.105469
2 0.979492 0.023438 0.017578 0.011719
2 0.965820 0.018555 0.001953 0.001953
2 0.977539 0.016602 0.001953 0.001953
2 0.780273 0.017578 0.001953 0.003906
2 0.764648 0.014648 0.001953 0.001953
2 0.401367 0.012695 0.001953 0.001953
2 0.543945 0.011719 0.001953 0.003906
3 0.418945 0.006836 0.001953 0.001953
2 0.987305 0.005859 0.025391 0.011719
3 0.845703 0.028320 0.074219 0.056641
3 0.798828 0.130859 0.128906 0.261719
2 0.684570 0.040039 0.037109 0.080078
3 0.426758 0.005859 0.013672 0.011719
3 0.416992 0.000977 0.001953 0.001953
2 0.223633 0.006836 0.021484 0.013672
2 0.206055 0.002930 0.009766 0.005859
2 0.198242 0.000977 0.001953 0.001953
2 0.316406 0.175781 0.632812 0.351562