1 0.125977 0.999023 0.001953 0.001953
1 0.113281 0.997070 0.011719 0.005859
0 0.628906 0.996094 0.019531 0.007812
1 0.202148 0.989258 0.001953 0.001953
0 0.658203 0.987305 0.003906 0.005859
1 0.126953 0.990234 0.003906 0.011719
0 0.993164 0.984375 0.005859 0.003906
0 0.882812 0.983398 0.003906 0.001953
0 0.666016 0.981445 0.003906 0.001953
1 0.009766 0.989258 0.019531 0.021484
0 0.665039 0.977539 0.001953 0.001953
0 0.873047 0.974609 0.003906 0.007812
1 0.165039 0.977539 0.021484 0.013672
0 0.784180 0.970703 0.001953 0.003906
0 0.880859 0.961914 0.003906 0.001953
0 0.872070 0.958008 0.001953 0.001953
0 0.868164 0.958008 0.001953 0.001953
1 0.003906 0.958008 0.003906 0.005859
0 0.963867 0.954102 0.001953 0.001953
0 0.876953 0.955078 0.003906 0.007812
0 0.312500 0.953125 0.003906 0.003906
1 0.096680 0.968750 0.013672 0.035156
0 0.961914 0.950195 0.001953 0.001953
0 0.612305 0.950195 0.001953 0.001953
0 0.895508 0.973633 0.201172 0.052734
0 0.876953 0.948242 0.003906 0.001953
1 0.127930 0.948242 0.001953 0.001953
0 0.883789 0.946289 0.001953 0.001953
0 0.875977 0.942383 0.001953 0.001953
1 0.117188 0.944336 0.003906 0.005859
0 0.916992 0.943359 0.005859 0.007812
0 0.713867 0.940430 0.001953 0.001953
0 0.860352 0.938477 0.001953 0.001953
1 0.675781 0.935547 0.003906 0.003906
0 0.319336 0.933594 0.005859 0.003906
1 0.354492 0.930664 0.001953 0.001953
1 0.727539 0.926758 0.001953 0.001953
0 0.946289 0.924805 0.001953 0.001953
1 0.054688 0.937500 0.007812 0.027344
1 0.375977 0.922852 0.001953 0.001953
1 0.358398 0.922852 0.001953 0.001953
1 0.598633 0.932617 0.025391 0.025391
1 0.147461 0.927734 0.033203 0.023438
1 0.034180 0.928711 0.021484 0.029297
1 0.354492 0.911133 0.001953 0.001953
1 0.465820 0.954102 0.169922 0.091797
0 0.410156 0.910156 0.003906 0.003906
1 0.371094 0.910156 0.003906 0.003906
0 0.413086 0.907227 0.001953 0.001953
1 0.500977 0.910156 0.009766 0.011719
1 0.691406 0.905273 0.007812 0.005859
0 0.401367 0.904297 0.005859 0.003906
1 0.712891 0.917969 0.050781 0.039062
1 0.088867 0.905273 0.009766 0.017578
1 0.546875 0.899414 0.011719 0.009766
0 0.401367 0.895508 0.001953 0.001953
1 0.352539 0.895508 0.001953 0.001953
1 0.666016 0.892578 0.003906 0.003906
1 0.170898 0.892578 0.001953 0.003906
1 0.572266 0.889648 0.011719 0.009766
0 0.405273 0.885742 0.001953 0.001953
1 0.360352 0.902344 0.013672 0.035156
1 0.043945 0.883789 0.005859 0.009766
1 0.068359 0.894531 0.039062 0.035156
1 0.214844 0.870117 0.003906 0.005859
1 0.782227 0.866211 0.001953 0.001953
1 0.675781 0.863281 0.003906 0.003906
1 0.070312 0.862305 0.003906 0.001953
1 0.649414 0.875977 0.021484 0.033203
1 0.071289 0.858398 0.001953 0.001953
1 0.649414 0.856445 0.001953 0.001953
0 0.965820 0.856445 0.005859 0.005859
1 0.645508 0.852539 0.001953 0.001953
1 0.652344 0.850586 0.003906 0.001953
1 0.647461 0.848633 0.001953 0.001953
1 0.086914 0.848633 0.001953 0.001953
0 0.392578 0.867188 0.031250 0.046875
0 0.950195 0.838867 0.001953 0.001953
0 0.895508 0.838867 0.001953 0.001953
0 0.348633 0.840820 0.005859 0.005859
0 0.321289 0.838867 0.001953 0.001953
0 0.608398 0.836914 0.001953 0.001953
0 0.609375 0.833008 0.003906 0.001953
1 0.809570 0.831055 0.001953 0.001953
1 0.779297 0.835938 0.019531 0.011719
0 0.322266 0.833008 0.003906 0.005859
0 0.317383 0.831055 0.001953 0.001953
0 0.313477 0.831055 0.001953 0.001953
0 0.309570 0.831055 0.001953 0.001953
1 0.665039 0.838867 0.021484 0.021484
0 0.325195 0.825195 0.001953 0.001953
1 0.797852 0.829102 0.013672 0.017578
1 0.639648 0.829102 0.017578 0.017578
0 0.596680 0.821289 0.005859 0.001953
1 0.400391 0.813477 0.003906 0.005859
0 0.339844 0.827148 0.027344 0.033203
1 0.004883 0.814453 0.009766 0.007812
0 0.628906 0.810547 0.003906 0.003906
1 0.041992 0.815430 0.029297 0.017578
0 0.555664 0.805664 0.001953 0.001953
0 0.555664 0.801758 0.001953 0.001953
0 0.512695 0.801758 0.001953 0.001953
1 0.434570 0.799805 0.001953 0.001953
1 0.819336 0.797852 0.001953 0.001953
1 0.783203 0.797852 0.003906 0.001953
1 0.011719 0.800781 0.011719 0.015625
0 0.575195 0.803711 0.029297 0.029297
1 0.172852 0.791016 0.001953 0.007812
1 0.185547 0.786133 0.003906 0.001953
0 0.655273 0.784180 0.001953 0.001953
1 0.440430 0.799805 0.029297 0.033203
1 0.759766 0.806641 0.042969 0.050781
1 0.272461 0.782227 0.001953 0.001953
1 0.246094 0.787109 0.007812 0.011719
0 0.594727 0.780273 0.001953 0.001953
0 0.665039 0.776367 0.001953 0.001953
0 0.644531 0.791992 0.023438 0.037109
0 0.636719 0.773438 0.003906 0.003906
1 0.401367 0.772461 0.001953 0.001953
1 0.258789 0.772461 0.001953 0.001953
0 0.651367 0.772461 0.009766 0.005859
0 0.641602 0.770508 0.001953 0.001953
1 0.515625 0.784180 0.027344 0.033203
0 0.753906 0.768555 0.003906 0.005859
0 0.502930 0.766602 0.001953 0.001953
1 0.235352 0.766602 0.001953 0.001953
1 0.230469 0.767578 0.003906 0.003906
1 0.039062 0.770508 0.011719 0.013672
0 0.592773 0.772461 0.021484 0.021484
1 0.021484 0.764648 0.007812 0.005859
1 0.682617 0.758789 0.005859 0.001953
0 0.456055 0.758789 0.001953 0.001953
1 0.424805 0.760742 0.009766 0.005859
0 0.767578 0.759766 0.003906 0.007812
0 0.651367 0.760742 0.013672 0.009766
0 0.595703 0.756836 0.003906 0.001953
0 0.375977 0.758789 0.005859 0.005859
1 0.423828 0.754883 0.003906 0.001953
0 0.641602 0.754883 0.001953 0.005859
1 0.449219 0.755859 0.007812 0.007812
0 0.774414 0.749023 0.001953 0.001953
0 0.349609 0.747070 0.003906 0.001953
0 0.834961 0.743164 0.001953 0.001953
1 0.079102 0.743164 0.005859 0.005859
0 0.987305 0.737305 0.001953 0.001953
1 0.555664 0.737305 0.001953 0.001953
1 0.631836 0.735352 0.001953 0.001953
1 0.616211 0.736328 0.013672 0.007812
1 0.612305 0.733398 0.001953 0.001953
0 0.500977 0.731445 0.001953 0.001953
1 0.173828 0.733398 0.007812 0.009766
0 0.817383 0.727539 0.001953 0.001953
1 0.629883 0.727539 0.005859 0.005859
1 0.188477 0.860352 0.333984 0.279297
1 0.141602 0.721680 0.001953 0.001953
1 0.635742 0.719727 0.001953 0.001953
1 0.631836 0.719727 0.001953 0.001953
1 0.135742 0.719727 0.005859 0.005859
0 0.824219 0.718750 0.011719 0.007812
1 0.619141 0.709961 0.003906 0.005859
1 0.588867 0.708008 0.001953 0.001953
1 0.217773 0.708984 0.005859 0.003906
0 0.799805 0.707031 0.001953 0.003906
1 0.239258 0.705078 0.005859 0.003906
1 0.774414 0.696289 0.005859 0.001953
0 0.633789 0.696289 0.001953 0.001953
0 0.859375 0.694336 0.003906 0.001953
1 0.175781 0.697266 0.011719 0.007812
1 0.766602 0.692383 0.001953 0.001953
1 0.752930 0.693359 0.005859 0.003906
1 0.313477 0.693359 0.001953 0.003906
0 0.922852 0.690430 0.001953 0.001953
0 0.848633 0.690430 0.013672 0.009766
1 0.190430 0.688477 0.009766 0.009766
0 0.629883 0.680664 0.001953 0.001953
0 0.624023 0.686523 0.009766 0.013672
1 0.276367 0.680664 0.001953 0.001953
0 0.863281 0.683594 0.011719 0.011719
0 0.801758 0.670898 0.001953 0.001953
0 0.832031 0.834961 0.335938 0.330078
1 0.174805 0.669922 0.001953 0.003906
1 0.070312 0.669922 0.007812 0.007812
1 0.293945 0.665039 0.001953 0.001953
0 0.671875 0.665039 0.003906 0.005859
0 0.997070 0.661133 0.001953 0.001953
0 0.676758 0.662109 0.001953 0.003906
1 0.466797 0.664062 0.003906 0.007812
0 0.973633 0.669922 0.041016 0.035156
0 0.555664 0.653320 0.001953 0.001953
0 0.879883 0.651367 0.001953 0.001953
0 0.869141 0.651367 0.003906 0.001953
1 0.680664 0.652344 0.001953 0.003906
1 0.716797 0.649414 0.003906 0.001953
1 0.100586 0.649414 0.001953 0.001953
0 0.988281 0.648438 0.003906 0.003906
0 0.870117 0.645508 0.001953 0.001953
1 0.089844 0.657227 0.023438 0.025391
0 0.880859 0.644531 0.003906 0.003906
0 0.874023 0.643555 0.001953 0.001953
1 0.681641 0.645508 0.003906 0.005859
0 0.969727 0.641602 0.001953 0.001953
0 0.850586 0.641602 0.005859 0.001953
1 0.674805 0.641602 0.001953 0.001953
1 0.706055 0.642578 0.009766 0.007812
0 0.888672 0.640625 0.003906 0.007812
1 0.458008 0.640625 0.041016 0.007812
0 0.993164 0.635742 0.001953 0.001953
1 0.084961 0.693359 0.169922 0.121094
0 0.268555 0.629883 0.001953 0.001953
0 0.962891 0.631836 0.019531 0.021484
1 0.754883 0.656250 0.064453 0.074219
0 0.834961 0.614258 0.005859 0.005859
1 0.736328 0.616211 0.015625 0.009766
1 0.729492 0.608398 0.001953 0.001953
1 0.705078 0.609375 0.003906 0.003906
0 0.880859 0.611328 0.015625 0.011719
0 0.875000 0.624023 0.035156 0.037109
0 0.859375 0.609375 0.003906 0.007812
0 0.901367 0.602539 0.001953 0.001953
1 0.704102 0.603516 0.005859 0.003906
1 0.000977 0.598633 0.001953 0.009766
0 0.872070 0.594727 0.017578 0.017578
0 0.678711 0.588867 0.001953 0.005859
0 0.874023 0.583984 0.005859 0.003906
0 0.915039 0.635742 0.044922 0.111328
0 0.812500 0.581055 0.007812 0.005859
0 0.779297 0.586914 0.015625 0.021484
0 0.872070 0.573242 0.001953 0.001953
0 0.797852 0.574219 0.001953 0.003906
1 0.122070 0.573242 0.001953 0.001953
1 0.389648 0.571289 0.001953 0.001953
0 0.881836 0.569336 0.001953 0.001953
1 0.124023 0.569336 0.001953 0.001953
1 0.066406 0.569336 0.003906 0.001953
0 0.487305 0.568359 0.001953 0.003906
1 0.633789 0.568359 0.033203 0.031250
1 0.582031 0.554688 0.007812 0.003906
0 0.776367 0.549805 0.001953 0.001953
0 0.687500 0.583008 0.066406 0.076172
0 0.563477 0.543945 0.001953 0.001953
1 0.079102 0.541992 0.001953 0.001953
1 0.008789 0.546875 0.009766 0.011719
0 0.458008 0.540039 0.001953 0.001953
0 0.510742 0.538086 0.001953 0.001953
0 0.504883 0.530273 0.001953 0.001953
1 0.067383 0.530273 0.001953 0.001953
0 0.832031 0.554688 0.066406 0.058594
0 0.807617 0.522461 0.001953 0.001953
1 0.075195 0.529297 0.009766 0.019531
1 0.164062 0.528320 0.011719 0.021484
0 0.709961 0.510742 0.001953 0.001953
0 0.500977 0.522461 0.021484 0.025391
0 0.767578 0.529297 0.062500 0.050781
0 0.786133 0.502930 0.001953 0.001953
0 0.641602 0.504883 0.005859 0.005859
0 0.877930 0.505859 0.009766 0.011719
0 0.614258 0.491211 0.001953 0.001953
0 0.858398 0.489258 0.001953 0.001953
0 0.350586 0.485352 0.001953 0.001953
0 0.446289 0.479492 0.001953 0.001953
0 0.174805 0.475586 0.001953 0.001953
1 0.032227 0.471680 0.001953 0.001953
0 0.868164 0.469727 0.001953 0.001953
0 0.678711 0.476562 0.013672 0.019531
0 0.207031 0.466797 0.003906 0.003906
0 0.866211 0.461914 0.001953 0.001953
0 0.375977 0.465820 0.009766 0.009766
0 0.372070 0.461914 0.001953 0.001953
1 0.037109 0.460938 0.003906 0.003906
0 0.245117 0.458984 0.001953 0.003906
0 0.398438 0.456055 0.003906 0.005859
0 0.368164 0.454102 0.001953 0.001953
0 0.854492 0.448242 0.001953 0.001953
0 0.248047 0.448242 0.003906 0.001953
0 0.952148 0.446289 0.001953 0.001953
0 0.779297 0.442383 0.003906 0.001953
0 0.248047 0.441406 0.003906 0.003906
0 0.779297 0.438477 0.003906 0.001953
0 0.180664 0.438477 0.001953 0.001953
0 0.176758 0.438477 0.001953 0.001953
0 0.370117 0.440430 0.009766 0.017578
1 0.013672 0.438477 0.007812 0.013672
0 0.409180 0.429688 0.005859 0.007812
1 0.030273 0.426758 0.001953 0.001953
0 0.434570 0.422852 0.001953 0.001953
1 0.002930 0.426758 0.005859 0.009766
0 0.804688 0.420898 0.003906 0.001953
0 0.782227 0.422852 0.001953 0.005859
0 0.774414 0.422852 0.009766 0.005859
0 0.788086 0.416992 0.001953 0.001953
0 0.446289 0.430664 0.025391 0.029297
0 0.567383 0.415039 0.001953 0.001953
0 0.805664 0.413086 0.001953 0.001953
0 0.783203 0.415039 0.003906 0.005859
0 0.764648 0.413086 0.001953 0.001953
0 0.448242 0.413086 0.001953 0.001953
0 0.147461 0.413086 0.001953 0.001953
0 0.444336 0.411133 0.001953 0.001953
0 0.158203 0.412109 0.003906 0.003906
0 0.829102 0.407227 0.001953 0.001953
0 0.931641 0.409180 0.007812 0.009766
0 0.788086 0.405273 0.001953 0.001953
0 0.784180 0.406250 0.001953 0.003906
0 0.510742 0.405273 0.001953 0.001953
0 0.890625 0.456055 0.218750 0.111328
0 0.790039 0.401367 0.001953 0.001953
1 0.055664 0.397461 0.001953 0.001953
1 0.013672 0.395508 0.003906 0.001953
0 0.489258 0.393555 0.001953 0.001953
1 0.044922 0.393555 0.003906 0.001953
0 0.891602 0.391602 0.001953 0.001953
0 0.741211 0.387695 0.001953 0.001953
1 0.949219 0.381836 0.011719 0.005859
0 0.506836 0.384766 0.009766 0.015625
0 0.496094 0.377930 0.003906 0.001953
0 0.333008 0.366211 0.001953 0.001953
1 0.961914 0.374023 0.013672 0.021484
0 0.875977 0.367188 0.009766 0.011719
0 0.727539 0.361328 0.001953 0.003906
0 0.761719 0.372070 0.035156 0.029297
0 0.414062 0.358398 0.011719 0.005859
0 0.727539 0.348633 0.001953 0.001953
0 0.504883 0.348633 0.001953 0.001953
1 0.968750 0.346680 0.003906 0.005859
1 0.996094 0.342773 0.007812 0.005859
1 0.965820 0.339844 0.001953 0.003906
0 0.726562 0.340820 0.003906 0.005859
1 0.624023 0.338867 0.001953 0.001953
1 0.911133 0.336914 0.001953 0.001953
1 0.987305 0.336914 0.001953 0.005859
0 0.783203 0.336914 0.007812 0.005859
0 0.725586 0.334961 0.001953 0.001953
0 0.715820 0.338867 0.013672 0.009766
1 0.958008 0.338867 0.009766 0.017578
0 0.706055 0.321289 0.001953 0.001953
0 0.400391 0.316406 0.003906 0.003906
0 0.913086 0.355469 0.052734 0.085938
0 0.370117 0.315430 0.005859 0.009766
0 0.361328 0.310547 0.003906 0.003906
1 0.938477 0.303711 0.001953 0.001953
0 0.383789 0.306641 0.021484 0.019531
1 0.933594 0.286133 0.003906 0.001953
0 0.266602 0.282227 0.001953 0.001953
0 0.032227 0.281250 0.001953 0.003906
0 0.270508 0.274414 0.001953 0.001953
0 0.266602 0.274414 0.001953 0.001953
0 0.018555 0.276367 0.013672 0.009766
0 0.277344 0.266602 0.003906 0.001953
1 0.881836 0.265625 0.017578 0.015625
1 0.863281 0.262695 0.003906 0.013672
1 0.906250 0.255859 0.003906 0.003906
0 0.318359 0.254883 0.003906 0.001953
1 0.915039 0.255859 0.005859 0.015625
0 0.820312 0.264648 0.039062 0.033203
0 0.783203 0.250000 0.003906 0.003906
1 0.829102 0.247070 0.001953 0.001953
1 0.901367 0.241211 0.013672 0.013672
0 0.612305 0.235352 0.001953 0.001953
0 0.610352 0.230469 0.001953 0.003906
0 0.297852 0.219727 0.001953 0.001953
0 0.342773 0.217773 0.001953 0.001953
1 0.791992 0.211914 0.001953 0.001953
0 0.296875 0.212891 0.003906 0.003906
0 0.963867 0.208008 0.001953 0.001953
0 0.971680 0.202148 0.005859 0.009766
0 0.757812 0.199219 0.003906 0.003906
0 0.736328 0.198242 0.003906 0.001953
0 0.565430 0.194336 0.001953 0.001953
0 0.717773 0.192383 0.001953 0.001953
0 0.561523 0.192383 0.001953 0.001953
0 0.558594 0.194336 0.003906 0.005859
1 0.857422 0.186523 0.003906 0.001953
1 0.854492 0.179688 0.005859 0.007812
1 0.797852 0.180664 0.005859 0.013672
1 0.772461 0.161133 0.001953 0.001953
1 0.787109 0.159180 0.011719 0.009766
1 0.951172 0.150391 0.003906 0.003906
1 0.914062 0.188477 0.109375 0.080078
0 0.277344 0.145508 0.015625 0.005859
1 0.769531 0.148438 0.015625 0.015625
1 0.721680 0.141602 0.001953 0.001953
1 0.999023 0.135742 0.001953 0.001953
0 0.982422 0.240234 0.035156 0.210938
1 0.894531 0.135742 0.019531 0.009766
1 0.721680 0.132812 0.001953 0.003906
1 0.873047 0.132812 0.003906 0.007812
1 0.301758 0.138672 0.025391 0.019531
1 0.993164 0.127930 0.001953 0.001953
1 0.984375 0.129883 0.007812 0.005859
1 0.381836 0.127930 0.001953 0.001953
1 0.284180 0.134766 0.013672 0.015625
1 0.406250 0.130859 0.015625 0.011719
1 0.695312 0.125000 0.003906 0.003906
1 0.745117 0.125000 0.005859 0.007812
1 0.664062 0.116211 0.003906 0.001953
1 0.271484 0.117188 0.003906 0.003906
1 0.412109 0.115234 0.003906 0.003906
0 0.100586 0.112305 0.001953 0.001953
1 0.677734 0.112305 0.007812 0.005859
1 0.602539 0.110352 0.001953 0.001953
1 0.405273 0.108398 0.001953 0.001953
1 0.265625 0.112305 0.015625 0.009766
1 0.258789 0.108398 0.001953 0.001953
1 0.274414 0.106445 0.001953 0.001953
0 0.100586 0.106445 0.001953 0.001953
1 0.708008 0.107422 0.005859 0.007812
0 0.000977 0.086914 0.001953 0.001953
0 0.107422 0.087891 0.003906 0.007812
0 0.999023 0.081055 0.001953 0.001953
1 0.272461 0.081055 0.001953 0.001953
1 0.268555 0.081055 0.001953 0.001953
1 0.722656 0.080078 0.007812 0.003906
0 0.002930 0.080078 0.005859 0.011719
1 0.737305 0.073242 0.001953 0.001953
0 0.148438 0.073242 0.003906 0.001953
0 0.999023 0.071289 0.001953 0.001953
1 0.509766 0.063477 0.007812 0.005859
1 0.488281 0.061523 0.003906 0.001953
1 0.372070 0.061523 0.009766 0.009766
1 0.932617 0.055664 0.001953 0.001953
1 0.487305 0.056641 0.001953 0.003906
1 0.617188 0.052734 0.003906 0.003906
1 0.456055 0.051758 0.001953 0.001953
1 0.801758 0.047852 0.001953 0.001953
1 0.618164 0.047852 0.001953 0.001953
1 0.497070 0.047852 0.001953 0.001953
1 0.200195 0.048828 0.001953 0.003906
1 0.879883 0.051758 0.013672 0.013672
1 0.306641 0.045898 0.007812 0.009766
0 0.098633 0.042969 0.001953 0.003906
1 0.454102 0.038086 0.001953 0.001953
0 0.124023 0.038086 0.001953 0.001953
1 0.807617 0.034180 0.001953 0.001953
1 0.830078 0.034180 0.007812 0.005859
1 0.612305 0.030273 0.001953 0.001953
1 0.520508 0.030273 0.001953 0.001953
1 0.461914 0.033203 0.009766 0.011719
0 0.000977 0.028320 0.001953 0.001953
0 0.109375 0.037109 0.023438 0.023438
1 0.631836 0.024414 0.001953 0.001953
1 0.463867 0.024414 0.001953 0.001953
1 0.678711 0.020508 0.001953 0.001953
1 0.317383 0.030273 0.017578 0.021484
1 0.620117 0.018555 0.001953 0.001953
1 0.523438 0.022461 0.007812 0.009766
1 0.637695 0.016602 0.001953 0.001953
0 0.069336 0.020508 0.005859 0.009766
1 0.819336 0.014648 0.001953 0.001953
1 0.698242 0.014648 0.001953 0.001953
1 0.624023 0.014648 0.001953 0.001953
1 0.342773 0.014648 0.009766 0.005859
1 0.065430 0.012695 0.005859 0.001953
1 0.625977 0.010742 0.001953 0.001953
1 0.075195 0.011719 0.005859 0.007812
0 0.024414 0.008789 0.001953 0.001953
0 0.959961 0.010742 0.013672 0.009766
0 0.614258 0.002930 0.001953 0.001953
0 0.973633 0.036133 0.052734 0.072266
0 0.954102 0.000977 0.001953 0.001953
1 0.915039 0.000977 0.001953 0.001953
1 0.845703 0.006836 0.011719 0.013672
1 0.724609 0.054688 0.210938 0.109375
1 0.535156 0.004883 0.007812 0.009766
1 0.497070 0.022461 0.041016 0.044922
1 0.467773 0.001953 0.009766 0.003906
1 0.356445 0.004883 0.005859 0.009766
1 0.331055 0.002930 0.009766 0.005859
1 0.319336 0.005859 0.013672 0.011719
1 0.092773 0.011719 0.013672 0.023438
0 0.405273 0.395508 0.810547 0.791016
0 0.026367 0.001953 0.009766 0.003906
0 0.013672 0.000977 0.003906 0.001953
2 0.877930 0.999023 0.009766 0.001953
2 0.731445 0.999023 0.005859 0.001953
2 0.952148 0.998047 0.005859 0.003906
2 0.737305 0.997070 0.001953 0.001953
2 0.256836 0.989258 0.001953 0.001953
3 0.448242 0.985352 0.001953 0.001953
3 0.474609 0.991211 0.027344 0.017578
2 0.215820 0.983398 0.001953 0.001953
2 0.547852 0.981445 0.001953 0.001953
2 0.689453 0.985352 0.011719 0.013672
2 0.312500 0.978516 0.003906 0.003906
2 0.920898 0.975586 0.001953 0.001953
2 0.916992 0.975586 0.001953 0.001953
2 0.683594 0.974609 0.003906 0.003906
2 0.677734 0.972656 0.003906 0.003906
2 0.270508 0.983398 0.037109 0.033203
2 0.894531 0.961914 0.003906 0.005859
2 0.920898 0.952148 0.001953 0.001953
3 0.534180 0.949219 0.001953 0.003906
3 0.459961 0.964844 0.025391 0.046875
2 0.296875 0.946289 0.011719 0.009766
2 0.477539 0.941406 0.005859 0.003906
2 0.274414 0.938477 0.005859 0.001953
2 0.999023 0.930664 0.001953 0.001953
3 0.344727 0.928711 0.001953 0.001953
3 0.483398 0.930664 0.009766 0.009766
2 0.299805 0.927734 0.005859 0.003906
2 0.865234 0.925781 0.003906 0.003906
3 0.256836 0.924805 0.001953 0.001953
2 0.265625 0.935547 0.019531 0.027344
2 0.292969 0.922852 0.011719 0.005859
3 0.256836 0.920898 0.001953 0.001953
3 0.237305 0.915039 0.001953 0.001953
3 0.258789 0.916016 0.009766 0.007812
3 0.233398 0.911133 0.005859 0.001953
2 0.861328 0.910156 0.003906 0.003906
3 0.862305 0.905273 0.001953 0.001953
3 0.858398 0.905273 0.001953 0.001953
2 0.821289 0.897461 0.001953 0.001953
3 0.998047 0.897461 0.003906 0.005859
2 0.870117 0.947266 0.259766 0.105469
2 0.911133 0.891602 0.001953 0.001953
3 0.839844 0.888672 0.023438 0.015625
3 0.327148 0.879883 0.001953 0.001953
3 0.344727 0.879883 0.005859 0.005859
2 0.886719 0.876953 0.003906 0.003906
2 0.952148 0.870117 0.001953 0.001953
2 0.885742 0.870117 0.001953 0.001953
3 0.226562 0.871094 0.003906 0.003906
3 0.203125 0.868164 0.003906 0.001953
2 0.225586 0.864258 0.001953 0.001953
2 0.202148 0.860352 0.001953 0.001953
2 0.888672 0.859375 0.003906 0.003906
3 0.221680 0.858398 0.001953 0.001953
3 0.237305 0.856445 0.001953 0.001953
3 0.318359 0.855469 0.003906 0.003906
3 0.246094 0.856445 0.003906 0.005859
3 0.232422 0.846680 0.003906 0.001953
3 0.237305 0.842773 0.001953 0.001953
2 0.937500 0.840820 0.003906 0.001953
2 0.153320 0.836914 0.005859 0.001953
2 0.129883 0.836914 0.001953 0.001953
2 0.159180 0.833008 0.001953 0.001953
3 0.297852 0.829102 0.001953 0.001953
2 0.956055 0.825195 0.001953 0.001953
3 0.115234 0.821289 0.003906 0.005859
2 0.894531 0.820312 0.011719 0.007812
2 0.907227 0.813477 0.001953 0.001953
2 0.150391 0.813477 0.003906 0.001953
2 0.145508 0.812500 0.001953 0.003906
2 0.838867 0.816406 0.021484 0.023438
2 0.843750 0.803711 0.003906 0.001953
2 0.143555 0.804688 0.001953 0.003906
3 0.116211 0.808594 0.005859 0.011719
2 0.943359 0.845703 0.113281 0.089844
3 0.092773 0.801758 0.001953 0.001953
2 0.153320 0.793945 0.001953 0.001953
3 0.099609 0.790039 0.003906 0.001953
3 0.063477 0.790039 0.001953 0.001953
2 0.142578 0.813477 0.042969 0.052734
3 0.108398 0.790039 0.021484 0.017578
2 0.799805 0.778320 0.001953 0.001953
3 0.209961 0.778320 0.001953 0.001953
2 0.833008 0.770508 0.001953 0.001953
3 0.180664 0.768555 0.001953 0.001953
2 0.805664 0.772461 0.013672 0.013672
2 0.979492 0.764648 0.001953 0.001953
2 0.833008 0.765625 0.001953 0.003906
2 0.862305 0.768555 0.013672 0.013672
2 0.808594 0.764648 0.007812 0.005859
2 0.795898 0.762695 0.001953 0.001953
2 0.387695 0.760742 0.001953 0.001953
2 0.754883 0.758789 0.001953 0.001953
2 0.719727 0.758789 0.001953 0.001953
3 0.170898 0.758789 0.001953 0.001953
2 0.815430 0.754883 0.001953 0.001953
2 0.760742 0.754883 0.001953 0.001953
2 0.981445 0.749023 0.001953 0.001953
3 0.414062 0.747070 0.003906 0.005859
2 0.857422 0.743164 0.003906 0.001953
2 0.378906 0.744141 0.003906 0.003906
2 0.450195 0.742188 0.005859 0.003906
3 0.442383 0.740234 0.001953 0.003906
3 0.413086 0.739258 0.001953 0.001953
3 0.231445 0.739258 0.001953 0.001953
2 0.795898 0.742188 0.009766 0.011719
3 0.711914 0.737305 0.001953 0.001953
3 0.401367 0.738281 0.001953 0.003906
2 0.443359 0.735352 0.007812 0.001953
3 0.272461 0.735352 0.001953 0.001953
2 0.795898 0.731445 0.001953 0.001953
3 0.400391 0.732422 0.003906 0.003906
2 0.374023 0.732422 0.001953 0.003906
3 0.592773 0.725586 0.001953 0.001953
3 0.409180 0.725586 0.001953 0.001953
3 0.282227 0.721680 0.001953 0.001953
3 0.278320 0.719727 0.001953 0.001953
3 0.557617 0.711914 0.001953 0.001953
3 0.106445 0.709961 0.001953 0.001953
3 0.415039 0.714844 0.025391 0.015625
3 0.528320 0.705078 0.001953 0.003906
3 0.112305 0.705078 0.001953 0.003906
2 0.784180 0.702148 0.001953 0.001953
3 0.537109 0.704102 0.003906 0.005859
3 0.118164 0.699219 0.001953 0.003906
2 0.475586 0.696289 0.005859 0.005859
2 0.473633 0.690430 0.001953 0.001953
3 0.403320 0.690430 0.001953 0.001953
3 0.534180 0.688477 0.001953 0.001953
2 0.469727 0.688477 0.001953 0.001953
3 0.407227 0.689453 0.001953 0.003906
3 0.510742 0.690430 0.005859 0.009766
3 0.476562 0.684570 0.003906 0.001953
2 0.513672 0.680664 0.007812 0.009766
3 0.409180 0.672852 0.021484 0.025391
3 0.111328 0.660156 0.003906 0.003906
3 0.523438 0.652344 0.003906 0.003906
2 0.547852 0.641602 0.001953 0.001953
2 0.538086 0.642578 0.005859 0.003906
2 0.223633 0.625977 0.001953 0.001953
3 0.196289 0.618164 0.001953 0.001953
3 0.540039 0.614258 0.001953 0.001953
3 0.532227 0.618164 0.005859 0.009766
3 0.375977 0.614258 0.001953 0.001953
2 0.223633 0.614258 0.001953 0.001953
2 0.534180 0.610352 0.001953 0.001953
3 0.043945 0.617188 0.009766 0.015625
2 0.198242 0.594727 0.001953 0.001953
3 0.544922 0.589844 0.003906 0.003906
2 0.518555 0.587891 0.001953 0.003906
3 0.508789 0.583008 0.001953 0.001953
3 0.360352 0.601562 0.025391 0.042969
2 0.508789 0.579102 0.001953 0.001953
2 0.224609 0.580078 0.007812 0.003906
2 0.204102 0.574219 0.001953 0.003906
2 0.349609 0.571289 0.003906 0.009766
2 0.461914 0.565430 0.001953 0.001953
2 0.506836 0.559570 0.001953 0.001953
3 0.018555 0.617188 0.037109 0.117188
3 0.567383 0.557617 0.001953 0.001953
3 0.186523 0.557617 0.001953 0.001953
2 0.291992 0.555664 0.001953 0.001953
2 0.510742 0.551758 0.001953 0.001953
2 0.495117 0.551758 0.001953 0.001953
2 0.298828 0.552734 0.011719 0.011719
2 0.372070 0.525391 0.009766 0.007812
2 0.355469 0.525391 0.019531 0.019531
2 0.348633 0.516602 0.001953 0.001953
3 0.083008 0.514648 0.001953 0.001953
2 0.352539 0.512695 0.001953 0.001953
2 0.235352 0.502930 0.005859 0.001953
2 0.352539 0.500977 0.001953 0.001953
2 0.233398 0.499023 0.001953 0.001953
3 0.070312 0.496094 0.007812 0.003906
3 0.155273 0.491211 0.001953 0.001953
3 0.075195 0.489258 0.001953 0.001953
3 0.093750 0.487305 0.015625 0.017578
2 0.155273 0.473633 0.001953 0.001953
2 0.102539 0.463867 0.001953 0.001953
2 0.094727 0.463867 0.001953 0.001953
2 0.076172 0.473633 0.015625 0.021484
2 0.116211 0.461914 0.001953 0.001953
2 0.356445 0.459961 0.001953 0.001953
2 0.110352 0.464844 0.009766 0.011719
2 0.150391 0.458008 0.003906 0.001953
2 0.674805 0.456055 0.001953 0.001953
2 0.611328 0.454102 0.003906 0.001953
2 0.200195 0.454102 0.001953 0.001953
2 0.653320 0.448242 0.001953 0.001953
3 0.047852 0.446289 0.001953 0.001953
2 0.713867 0.440430 0.001953 0.001953
2 0.653320 0.436523 0.001953 0.001953
2 0.360352 0.434570 0.001953 0.001953
2 0.237305 0.434570 0.001953 0.001953
2 0.196289 0.434570 0.001953 0.001953
2 0.852539 0.432617 0.001953 0.001953
2 0.708008 0.432617 0.001953 0.001953
2 0.208008 0.431641 0.001953 0.003906
2 0.245117 0.428711 0.001953 0.001953
2 0.232422 0.429688 0.003906 0.003906
2 0.642578 0.420898 0.003906 0.001953
2 0.583008 0.418945 0.005859 0.001953
2 0.222656 0.420898 0.003906 0.005859
2 0.815430 0.415039 0.001953 0.001953
2 0.356445 0.415039 0.001953 0.001953
2 0.222656 0.415039 0.003906 0.001953
2 0.206055 0.415039 0.001953 0.001953
2 0.821289 0.413086 0.001953 0.001953
2 0.579102 0.413086 0.001953 0.001953
2 0.639648 0.411133 0.001953 0.001953
2 0.137695 0.411133 0.001953 0.001953
2 0.818359 0.408203 0.007812 0.003906
2 0.809570 0.407227 0.001953 0.001953
2 0.639648 0.401367 0.005859 0.005859
2 0.569336 0.399414 0.001953 0.001953
2 0.628906 0.397461 0.003906 0.001953
2 0.638672 0.396484 0.003906 0.003906
2 0.603516 0.395508 0.003906 0.001953
3 0.126953 0.501953 0.253906 0.218750
3 0.049805 0.434570 0.099609 0.095703
3 0.041992 0.387695 0.001953 0.001953
3 0.030273 0.387695 0.001953 0.001953
2 0.555664 0.385742 0.001953 0.001953
2 0.303711 0.385742 0.001953 0.001953
2 0.633789 0.387695 0.005859 0.009766
3 0.567383 0.383789 0.001953 0.001953
2 0.307617 0.383789 0.001953 0.001953
2 0.580078 0.394531 0.027344 0.027344
2 0.625000 0.386719 0.015625 0.015625
2 0.558594 0.382812 0.007812 0.015625
2 0.248047 0.374023 0.003906 0.005859
2 0.555664 0.370117 0.001953 0.001953
2 0.303711 0.368164 0.001953 0.001953
2 0.299805 0.366211 0.001953 0.001953
2 0.286133 0.375977 0.029297 0.025391
3 0.620117 0.356445 0.001953 0.001953
2 0.563477 0.363281 0.017578 0.015625
2 0.547852 0.359375 0.005859 0.007812
2 0.541992 0.357422 0.001953 0.003906
3 0.610352 0.354492 0.005859 0.005859
2 0.535156 0.352539 0.003906 0.001953
2 0.530273 0.352539 0.001953 0.001953
2 0.294922 0.352539 0.003906 0.001953
2 0.543945 0.347656 0.009766 0.011719
2 0.552734 0.341797 0.003906 0.003906
2 0.073242 0.336914 0.001953 0.001953
2 0.126953 0.337891 0.011719 0.011719
2 0.077148 0.339844 0.017578 0.015625
3 0.000977 0.333984 0.001953 0.003906
3 0.000977 0.329102 0.001953 0.001953
2 0.080078 0.328125 0.003906 0.003906
2 0.079102 0.323242 0.001953 0.001953
2 0.290039 0.330078 0.025391 0.023438
2 0.162109 0.305664 0.003906 0.001953
2 0.349609 0.302734 0.003906 0.003906
2 0.163086 0.301758 0.001953 0.001953
2 0.112305 0.296875 0.005859 0.003906
2 0.356445 0.293945 0.001953 0.001953
2 0.040039 0.290039 0.005859 0.001953
2 0.543945 0.288086 0.001953 0.001953
2 0.157227 0.288086 0.001953 0.001953
2 0.583008 0.286133 0.005859 0.001953
2 0.575195 0.286133 0.001953 0.001953
2 0.153320 0.286133 0.001953 0.001953
2 0.551758 0.284180 0.001953 0.001953
2 0.191406 0.308594 0.078125 0.050781
2 0.159180 0.284180 0.001953 0.001953
2 0.592773 0.280273 0.001953 0.001953
2 0.588867 0.280273 0.001953 0.001953
2 0.546875 0.282227 0.003906 0.005859
2 0.593750 0.275391 0.003906 0.003906
2 0.412109 0.273438 0.003906 0.003906
2 0.109375 0.273438 0.003906 0.003906
2 0.989258 0.264648 0.001953 0.001953
2 0.262695 0.262695 0.001953 0.001953
2 0.996094 0.257812 0.003906 0.003906
2 0.264648 0.250977 0.001953 0.001953
2 0.325195 0.245117 0.001953 0.001953
2 0.780273 0.243164 0.001953 0.001953
2 0.495117 0.243164 0.001953 0.001953
2 0.801758 0.242188 0.001953 0.003906
2 0.062500 0.246094 0.003906 0.011719
2 0.488281 0.240234 0.007812 0.007812
2 0.651367 0.235352 0.001953 0.001953
2 0.502930 0.239258 0.009766 0.013672
2 0.496094 0.234375 0.003906 0.003906
2 0.197266 0.236328 0.003906 0.007812
2 0.653320 0.228516 0.001953 0.003906
2 0.197266 0.227539 0.003906 0.005859
2 0.653320 0.223633 0.001953 0.001953
2 0.655273 0.219727 0.001953 0.001953
2 0.169922 0.219727 0.007812 0.005859
2 0.371094 0.224609 0.023438 0.019531
2 0.661133 0.214844 0.001953 0.003906
2 0.655273 0.213867 0.001953 0.001953
2 0.603516 0.210938 0.003906 0.003906
2 0.024414 0.267578 0.048828 0.117188
2 0.694336 0.208008 0.001953 0.001953
2 0.141602 0.208008 0.001953 0.001953
2 0.700195 0.206055 0.001953 0.001953
2 0.678711 0.205078 0.005859 0.003906
3 0.481445 0.206055 0.005859 0.005859
2 0.985352 0.200195 0.001953 0.001953
2 0.181641 0.207031 0.035156 0.019531
2 0.124023 0.198242 0.001953 0.001953
2 0.202148 0.196289 0.001953 0.001953
2 0.124023 0.194336 0.001953 0.001953
2 0.984375 0.193359 0.003906 0.003906
2 0.645508 0.192383 0.001953 0.001953
3 0.478516 0.191406 0.003906 0.003906
2 0.985352 0.188477 0.001953 0.001953
2 0.731445 0.186523 0.001953 0.001953
2 0.702148 0.186523 0.001953 0.001953
2 0.689453 0.194336 0.027344 0.017578
2 0.124023 0.186523 0.001953 0.001953
2 0.977539 0.182617 0.001953 0.001953
3 0.089844 0.182617 0.003906 0.001953
2 0.538086 0.180664 0.001953 0.001953
2 0.626953 0.189453 0.031250 0.023438
2 0.107422 0.178711 0.003906 0.001953
2 0.723633 0.176758 0.001953 0.001953
2 0.534180 0.176758 0.001953 0.001953
2 0.625977 0.176758 0.009766 0.005859
2 0.530273 0.175781 0.001953 0.003906
3 0.186523 0.174805 0.001953 0.001953
3 0.163086 0.174805 0.001953 0.001953
2 0.135742 0.174805 0.001953 0.001953
3 0.723633 0.172852 0.001953 0.001953
2 0.645508 0.172852 0.001953 0.001953
2 0.029297 0.177734 0.011719 0.011719
2 0.984375 0.171875 0.003906 0.007812
2 0.526367 0.168945 0.001953 0.001953
3 0.221680 0.168945 0.001953 0.001953
2 0.094727 0.175781 0.009766 0.015625
2 0.014648 0.166992 0.001953 0.001953
2 0.138672 0.166016 0.003906 0.003906
2 0.522461 0.163086 0.001953 0.001953
2 0.649414 0.161133 0.001953 0.001953
2 0.645508 0.165039 0.013672 0.009766
2 0.516602 0.164062 0.005859 0.007812
2 0.150391 0.165039 0.011719 0.009766
2 0.539062 0.162109 0.003906 0.007812
2 0.999023 0.157227 0.001953 0.001953
2 0.106445 0.155273 0.001953 0.001953
2 0.071289 0.155273 0.001953 0.001953
2 0.100586 0.151367 0.001953 0.001953
2 0.605469 0.149414 0.015625 0.005859
2 0.591797 0.149414 0.007812 0.005859
2 0.100586 0.147461 0.001953 0.001953
3 0.422852 0.145508 0.001953 0.001953
2 0.583008 0.143555 0.001953 0.001953
2 0.610352 0.135742 0.001953 0.001953
2 0.079102 0.135742 0.001953 0.001953
2 0.653320 0.136719 0.009766 0.007812
2 0.546875 0.142578 0.054688 0.019531
3 0.428711 0.134766 0.001953 0.003906
3 0.157227 0.129883 0.001953 0.001953
2 0.108398 0.184570 0.107422 0.111328
2 0.151367 0.153320 0.095703 0.052734
2 0.096680 0.127930 0.001953 0.001953
3 0.184570 0.125977 0.001953 0.001953
2 0.133789 0.122070 0.001953 0.001953
2 0.128906 0.124023 0.003906 0.005859
2 0.494141 0.122070 0.011719 0.005859
2 0.154297 0.120117 0.003906 0.001953
3 0.194336 0.121094 0.013672 0.007812
3 0.165039 0.118164 0.001953 0.001953
3 0.604492 0.116211 0.001953 0.001953
3 0.624023 0.114258 0.001953 0.001953
3 0.631836 0.112305 0.001953 0.001953
2 0.127930 0.112305 0.001953 0.001953
2 0.176758 0.113281 0.013672 0.015625
2 0.166992 0.101562 0.001953 0.003906
2 0.200195 0.105469 0.025391 0.019531
2 0.166992 0.096680 0.001953 0.001953
3 0.242188 0.093750 0.003906 0.003906
2 0.155273 0.092773 0.001953 0.001953
2 0.050781 0.095703 0.011719 0.011719
2 0.229492 0.088867 0.005859 0.001953
2 0.222656 0.088867 0.003906 0.001953
2 0.055664 0.083008 0.001953 0.001953
2 0.055664 0.079102 0.001953 0.001953
2 0.055664 0.075195 0.001953 0.001953
3 0.211914 0.073242 0.001953 0.001953
2 0.204102 0.078125 0.005859 0.015625
2 0.198242 0.071289 0.001953 0.001953
2 0.011719 0.083008 0.023438 0.033203
2 0.002930 0.059570 0.001953 0.001953
2 0.260742 0.055664 0.001953 0.001953
3 0.702148 0.053711 0.001953 0.001953
2 0.999023 0.054688 0.001953 0.007812
3 0.448242 0.051758 0.001953 0.001953
3 0.698242 0.049805 0.001953 0.001953
3 0.269531 0.052734 0.003906 0.007812
3 0.646484 0.049805 0.003906 0.005859
3 0.392578 0.053711 0.007812 0.013672
2 0.988281 0.048828 0.011719 0.011719
3 0.650391 0.043945 0.003906 0.005859
3 0.273438 0.041992 0.007812 0.001953
2 0.055664 0.043945 0.013672 0.009766
3 0.678711 0.038086 0.001953 0.001953
3 0.659180 0.038086 0.001953 0.001953
2 0.250977 0.038086 0.001953 0.001953
3 0.669922 0.032227 0.003906 0.001953
3 0.647461 0.031250 0.001953 0.003906
2 0.043945 0.028320 0.001953 0.001953
3 0.761719 0.018555 0.003906 0.001953
3 0.809570 0.006836 0.001953 0.001953
2 0.290039 0.006836 0.001953 0.001953
2 0.262695 0.007812 0.001953 0.003906
2 0.291992 0.002930 0.001953 0.001953
3 0.756836 0.015625 0.080078 0.031250
2 0.500000 0.500000 1.000000 1.000000
3 0.499023 0.042969 0.169922 0.085938
2 0.348633 0.143555 0.259766 0.287109
2 0.270508 0.000977 0.005859 0.001953
2 0.264648 0.000977 0.001953 0.001953
2 0.237305 0.000977 0.001953 0.001953
2 0.207031 0.031250 0.050781 0.062500
2 0.104492 0.061523 0.119141 0.123047
2 0.017578 0.016602 0.035156 0.033203