0 0.436523 0.997070 0.001953 0.001953
1 0.292969 0.995117 0.007812 0.009766
0 0.211914 0.051758 0.001953 0.001953
0 0.323242 0.000977 0.001953 0.001953
1 0.301758 0.000977 0.005859 0.001953
1 0.500000 0.500000 1.000000 1.000000
3 0.664062 0.999023 0.007812 0.001953
3 0.194336 0.999023 0.005859 0.001953
3 0.151367 0.999023 0.005859 0.001953
3 0.125977 0.999023 0.001953 0.001953
2 0.403320 0.997070 0.001953 0.001953
3 0.098633 0.996094 0.001953 0.003906
3 0.996094 0.994141 0.007812 0.011719
3 0.258789 0.993164 0.013672 0.009766
2 0.437500 0.993164 0.027344 0.013672
2 0.414062 0.988281 0.003906 0.003906
3 0.827148 0.992188 0.021484 0.015625
2 0.406250 0.987305 0.007812 0.009766
3 0.695312 0.982422 0.003906 0.007812
3 0.677734 0.985352 0.023438 0.017578
2 0.448242 0.981445 0.009766 0.009766
3 0.975586 0.981445 0.009766 0.013672
2 0.830078 0.973633 0.007812 0.005859
2 0.956055 0.969727 0.001953 0.001953
3 0.163086 0.974609 0.005859 0.011719
3 0.655273 0.976562 0.029297 0.019531
3 0.294922 0.983398 0.035156 0.033203
3 0.358398 0.982422 0.072266 0.035156
3 0.094727 0.977539 0.009766 0.029297
3 0.962891 0.960938 0.003906 0.003906
2 0.377930 0.960938 0.001953 0.003906
2 0.941406 0.961914 0.023438 0.009766
2 0.689453 0.951172 0.011719 0.015625
3 0.514648 0.942383 0.009766 0.005859
3 0.326172 0.944336 0.011719 0.009766
2 0.377930 0.938477 0.001953 0.001953
2 0.349609 0.940430 0.003906 0.005859
2 0.336914 0.938477 0.001953 0.001953
3 0.302734 0.946289 0.046875 0.025391
2 0.361328 0.936523 0.007812 0.009766
2 0.894531 0.931641 0.007812 0.007812
3 0.199219 0.927734 0.003906 0.003906
3 0.956055 0.944336 0.087891 0.044922
2 0.685547 0.930664 0.003906 0.017578
2 0.999023 0.923828 0.001953 0.007812
3 0.756836 0.922852 0.009766 0.009766
2 0.352539 0.927734 0.025391 0.019531
3 0.047852 0.924805 0.009766 0.017578
2 0.857422 0.915039 0.003906 0.001953
3 0.750000 0.950195 0.074219 0.076172
2 0.645508 0.909180 0.001953 0.001953
3 0.877930 0.916992 0.029297 0.021484
2 0.804688 0.912109 0.007812 0.011719
3 0.790039 0.916016 0.013672 0.019531
2 0.378906 0.905273 0.003906 0.005859
2 0.370117 0.907227 0.005859 0.013672
2 0.816406 0.897461 0.003906 0.001953
2 0.831055 0.897461 0.013672 0.017578
2 0.812500 0.890625 0.003906 0.003906
3 0.915039 0.888672 0.009766 0.011719
3 0.497070 0.875977 0.001953 0.001953
3 0.492188 0.873047 0.003906 0.003906
3 0.881836 0.870117 0.009766 0.005859
3 0.646484 0.870117 0.011719 0.009766
3 0.498047 0.863281 0.011719 0.011719
3 0.485352 0.858398 0.001953 0.001953
3 0.469727 0.858398 0.001953 0.001953
3 0.163086 0.857422 0.021484 0.007812
3 0.482422 0.851562 0.015625 0.007812
3 0.428711 0.854492 0.013672 0.013672
3 0.922852 0.843750 0.005859 0.007812
2 0.848633 0.843750 0.009766 0.011719
3 0.219727 0.846680 0.033203 0.037109
2 0.706055 0.823242 0.001953 0.001953
3 0.302734 0.823242 0.003906 0.005859
3 0.136719 0.823242 0.007812 0.009766
2 0.708984 0.818359 0.003906 0.003906
2 0.606445 0.819336 0.005859 0.005859
3 0.662109 0.818359 0.007812 0.007812
2 0.125977 0.815430 0.001953 0.001953
2 0.806641 0.832031 0.050781 0.039062
2 0.129883 0.814453 0.001953 0.003906
2 0.704102 0.812500 0.005859 0.003906
3 0.452148 0.825195 0.033203 0.037109
2 0.401367 0.808594 0.001953 0.003906
2 0.699219 0.805664 0.003906 0.001953
3 0.476562 0.803711 0.003906 0.001953
2 0.106445 0.803711 0.001953 0.001953
2 0.718750 0.806641 0.015625 0.011719
2 0.706055 0.801758 0.001953 0.001953
2 0.841797 0.803711 0.027344 0.009766
2 0.741211 0.799805 0.001953 0.001953
2 0.737305 0.799805 0.001953 0.001953
2 0.730469 0.799805 0.003906 0.001953
2 0.111328 0.798828 0.003906 0.003906
2 0.076172 0.801758 0.046875 0.009766
2 0.729492 0.795898 0.001953 0.001953
3 0.407227 0.797852 0.005859 0.005859
2 0.099609 0.791992 0.015625 0.005859
2 0.788086 0.784180 0.001953 0.001953
2 0.780273 0.836914 0.193359 0.107422
2 0.209961 0.782227 0.001953 0.001953
3 0.183594 0.805664 0.046875 0.048828
3 0.657227 0.780273 0.001953 0.001953
3 0.239258 0.794922 0.052734 0.031250
2 0.209961 0.777344 0.001953 0.003906
2 0.759766 0.784180 0.050781 0.025391
3 0.241211 0.773438 0.005859 0.003906
2 0.202148 0.774414 0.009766 0.009766
3 0.310547 0.762695 0.007812 0.005859
3 0.618164 0.758789 0.001953 0.001953
2 0.443359 0.760742 0.011719 0.005859
3 0.610352 0.774414 0.138672 0.044922
2 0.448242 0.750977 0.001953 0.001953
2 0.239258 0.759766 0.013672 0.019531
2 0.725586 0.750977 0.005859 0.005859
3 0.706055 0.752930 0.005859 0.009766
2 0.719727 0.778320 0.087891 0.064453
2 0.443359 0.748047 0.003906 0.003906
2 0.449219 0.746094 0.003906 0.003906
2 0.430664 0.772461 0.068359 0.056641
2 0.446289 0.743164 0.001953 0.001953
2 0.260742 0.746094 0.009766 0.007812
2 0.450195 0.740234 0.001953 0.003906
2 0.763672 0.736328 0.007812 0.003906
2 0.680664 0.741211 0.041016 0.017578
2 0.434570 0.733398 0.001953 0.001953
3 0.690430 0.731445 0.001953 0.001953
2 0.463867 0.727539 0.001953 0.001953
2 0.438477 0.727539 0.001953 0.001953
2 0.575195 0.738281 0.017578 0.027344
3 0.081055 0.732422 0.013672 0.015625
2 0.656250 0.724609 0.007812 0.007812
2 0.778320 0.715820 0.001953 0.001953
2 0.271484 0.718750 0.015625 0.011719
3 0.023438 0.713867 0.007812 0.005859
3 0.693359 0.718750 0.023438 0.019531
3 0.012695 0.711914 0.009766 0.009766
2 0.732422 0.711914 0.015625 0.017578
2 0.891602 0.701172 0.009766 0.003906
3 0.169922 0.702148 0.003906 0.005859
2 0.771484 0.703125 0.015625 0.019531
2 0.753906 0.695312 0.003906 0.003906
2 0.683594 0.698242 0.023438 0.009766
3 0.369141 0.715820 0.046875 0.044922
2 0.750977 0.690430 0.001953 0.001953
2 0.919922 0.693359 0.027344 0.011719
2 0.763672 0.689453 0.003906 0.003906
2 0.947266 0.688477 0.007812 0.005859
3 0.561523 0.693359 0.025391 0.015625
2 0.454102 0.687500 0.013672 0.007812
2 0.959961 0.682617 0.009766 0.005859
2 0.465820 0.680664 0.005859 0.005859
2 0.303711 0.690430 0.025391 0.025391
2 0.910156 0.680664 0.011719 0.009766
3 0.556641 0.678711 0.011719 0.009766
2 0.988281 0.673828 0.015625 0.011719
3 0.045898 0.668945 0.017578 0.009766
2 0.949219 0.669922 0.031250 0.015625
3 0.198242 0.674805 0.029297 0.025391
2 0.743164 0.661133 0.021484 0.017578
2 0.733398 0.671875 0.033203 0.046875
3 0.269531 0.672852 0.039062 0.048828
3 0.556641 0.651367 0.027344 0.021484
2 0.709961 0.640625 0.009766 0.003906
2 0.646484 0.668945 0.136719 0.087891
3 0.410156 0.624023 0.007812 0.005859
3 0.015625 0.633789 0.007812 0.025391
3 0.041016 0.629883 0.019531 0.025391
2 0.602539 0.621094 0.048828 0.011719
3 0.003906 0.622070 0.007812 0.013672
3 0.894531 0.618164 0.007812 0.013672
2 0.246094 0.608398 0.007812 0.009766
3 0.429688 0.607422 0.011719 0.023438
2 0.516602 0.609375 0.033203 0.031250
2 0.102539 0.590820 0.001953 0.001953
3 0.454102 0.589844 0.013672 0.007812
3 0.203125 0.592773 0.011719 0.013672
2 0.411133 0.581055 0.001953 0.001953
3 0.194336 0.581055 0.005859 0.005859
2 0.514648 0.583984 0.033203 0.015625
3 0.223633 0.581055 0.013672 0.009766
2 0.283203 0.597656 0.050781 0.046875
3 0.797852 0.572266 0.017578 0.011719
2 0.096680 0.584961 0.021484 0.037109
3 0.010742 0.568359 0.005859 0.007812
3 0.030273 0.579102 0.033203 0.044922
3 0.449219 0.558594 0.011719 0.007812
3 0.643555 0.573242 0.044922 0.044922
2 0.177734 0.551758 0.007812 0.001953
2 0.493164 0.553711 0.044922 0.017578
2 0.263672 0.549805 0.019531 0.009766
2 0.337891 0.549805 0.007812 0.017578
2 0.526367 0.540039 0.001953 0.001953
2 0.733398 0.536133 0.001953 0.001953
3 0.052734 0.545898 0.023438 0.021484
2 0.326172 0.534180 0.011719 0.009766
3 0.763672 0.537109 0.015625 0.019531
3 0.038086 0.528320 0.001953 0.001953
3 0.170898 0.523438 0.001953 0.003906
2 0.300781 0.527344 0.023438 0.015625
2 0.541992 0.518555 0.001953 0.001953
3 0.458984 0.527344 0.015625 0.019531
3 0.162109 0.528320 0.050781 0.029297
3 0.809570 0.655273 0.236328 0.287109
3 0.292969 0.513672 0.015625 0.007812
3 0.040039 0.511719 0.009766 0.007812
2 0.709961 0.499023 0.001953 0.001953
3 0.361328 0.500000 0.003906 0.003906
3 0.206055 0.497070 0.001953 0.001953
3 0.787109 0.495117 0.023438 0.017578
2 0.551758 0.511719 0.021484 0.058594
3 0.797852 0.479492 0.001953 0.001953
3 0.064453 0.481445 0.007812 0.005859
3 0.799805 0.475586 0.001953 0.001953
2 0.179688 0.472656 0.007812 0.003906
3 0.552734 0.468750 0.007812 0.003906
2 0.336914 0.468750 0.017578 0.007812
3 0.620117 0.482422 0.099609 0.039062
3 0.806641 0.466797 0.011719 0.011719
2 0.295898 0.458008 0.001953 0.001953
3 0.712891 0.460938 0.011719 0.015625
2 0.315430 0.452148 0.001953 0.001953
3 0.689453 0.476562 0.039062 0.066406
2 0.440430 0.444336 0.001953 0.001953
2 0.291016 0.447266 0.039062 0.015625
2 0.442383 0.438477 0.001953 0.001953
2 0.119141 0.438477 0.003906 0.001953
2 0.402344 0.452148 0.054688 0.033203
2 0.366211 0.436523 0.001953 0.001953
2 0.088867 0.437500 0.001953 0.003906
2 0.083008 0.435547 0.005859 0.003906
3 0.068359 0.454102 0.027344 0.041016
2 0.129883 0.426758 0.001953 0.001953
3 0.359375 0.491211 0.179688 0.138672
2 0.087891 0.423828 0.007812 0.003906
2 0.047852 0.416992 0.001953 0.001953
2 0.161133 0.411133 0.001953 0.001953
2 0.387695 0.412109 0.005859 0.007812
3 0.183594 0.442383 0.121094 0.076172
3 0.933594 0.405273 0.011719 0.009766
2 0.874023 0.402344 0.005859 0.003906
3 0.145508 0.399414 0.005859 0.001953
2 0.581055 0.399414 0.005859 0.005859
3 0.147461 0.395508 0.001953 0.001953
2 0.864258 0.393555 0.001953 0.001953
3 0.688477 0.392578 0.005859 0.007812
2 0.305664 0.392578 0.005859 0.007812
2 0.301758 0.389648 0.001953 0.001953
2 0.703125 0.382812 0.003906 0.003906
2 0.700195 0.377930 0.001953 0.001953
3 0.749023 0.374023 0.009766 0.005859
2 0.274414 0.377930 0.025391 0.013672
2 0.391602 0.372070 0.005859 0.005859
3 0.717773 0.366211 0.001953 0.001953
3 0.885742 0.377930 0.021484 0.029297
2 0.679688 0.374023 0.035156 0.021484
2 0.378906 0.362305 0.003906 0.001953
3 0.508789 0.364258 0.009766 0.009766
2 0.036133 0.364258 0.009766 0.009766
3 0.149414 0.380859 0.099609 0.046875
2 0.044922 0.354492 0.003906 0.001953
2 0.061523 0.367188 0.021484 0.031250
3 0.425781 0.373047 0.082031 0.066406
3 0.840820 0.345703 0.033203 0.015625
2 0.008789 0.338867 0.001953 0.001953
2 0.001953 0.340820 0.003906 0.005859
3 0.498047 0.345703 0.011719 0.019531
3 0.188477 0.327148 0.001953 0.001953
2 0.031250 0.337891 0.019531 0.023438
3 0.872070 0.329102 0.013672 0.009766
3 0.604492 0.325195 0.001953 0.001953
3 0.669922 0.322266 0.011719 0.011719
2 0.290039 0.314453 0.001953 0.003906
2 0.256836 0.313477 0.001953 0.001953
2 0.030273 0.315430 0.009766 0.005859
2 0.272461 0.312500 0.005859 0.003906
2 0.351562 0.308594 0.007812 0.003906
2 0.282227 0.306641 0.005859 0.003906
2 0.256836 0.305664 0.001953 0.001953
3 0.580078 0.302734 0.011719 0.015625
3 0.505859 0.319336 0.031250 0.048828
3 0.187500 0.307617 0.046875 0.033203
2 0.232422 0.291016 0.003906 0.003906
3 0.835938 0.294922 0.011719 0.019531
2 0.240234 0.283203 0.019531 0.011719
3 0.346680 0.277344 0.021484 0.011719
3 0.653320 0.281250 0.025391 0.023438
3 0.626953 0.270508 0.015625 0.009766
3 0.026367 0.283203 0.037109 0.039062
3 0.398438 0.295898 0.082031 0.072266
2 0.466797 0.256836 0.003906 0.005859
3 0.578125 0.258789 0.003906 0.013672
3 0.295898 0.281250 0.087891 0.058594
2 0.577148 0.249023 0.001953 0.001953
2 0.603516 0.247070 0.003906 0.005859
2 0.452148 0.246094 0.001953 0.003906
2 0.482422 0.247070 0.019531 0.009766
2 0.454102 0.241211 0.001953 0.001953
3 0.161133 0.243164 0.009766 0.009766
2 0.813477 0.239258 0.005859 0.009766
2 0.607422 0.235352 0.007812 0.009766
2 0.592773 0.261719 0.021484 0.070312
3 0.510742 0.365234 0.134766 0.292969
3 0.539062 0.215820 0.007812 0.009766
2 0.916992 0.209961 0.001953 0.001953
3 0.883789 0.210938 0.005859 0.007812
2 0.791992 0.206055 0.001953 0.001953
3 0.499023 0.205078 0.009766 0.007812
2 0.634766 0.217773 0.015625 0.037109
3 0.983398 0.241211 0.033203 0.091797
3 0.398438 0.205078 0.023438 0.019531
2 0.197266 0.201172 0.035156 0.015625
2 0.022461 0.234375 0.044922 0.082031
3 0.012695 0.192383 0.005859 0.001953
2 0.434570 0.193359 0.013672 0.011719
2 0.864258 0.192383 0.013672 0.013672
3 0.071289 0.186523 0.009766 0.005859
3 0.572266 0.198242 0.019531 0.033203
2 0.435547 0.182617 0.003906 0.001953
2 0.434570 0.176758 0.001953 0.001953
3 0.313477 0.176758 0.009766 0.009766
2 0.108398 0.172852 0.001953 0.001953
2 0.025391 0.171875 0.011719 0.011719
3 0.915039 0.171875 0.021484 0.015625
3 0.001953 0.167969 0.003906 0.007812
3 0.923828 0.164062 0.003906 0.003906
3 0.477539 0.162109 0.017578 0.007812
3 0.327148 0.162109 0.021484 0.011719
3 0.746094 0.211914 0.167969 0.119141
2 0.138672 0.154297 0.003906 0.003906
2 0.133789 0.151367 0.001953 0.001953
2 0.413086 0.149414 0.001953 0.001953
3 0.263672 0.150391 0.011719 0.015625
3 0.480469 0.145508 0.007812 0.009766
3 0.403320 0.137695 0.001953 0.001953
3 0.111328 0.184570 0.195312 0.111328
2 0.755859 0.143555 0.062500 0.037109
3 0.409180 0.125977 0.001953 0.001953
3 0.591797 0.128906 0.015625 0.027344
2 0.174805 0.116211 0.001953 0.001953
3 0.416016 0.115234 0.003906 0.007812
2 0.008789 0.112305 0.001953 0.001953
3 0.874023 0.126953 0.041016 0.035156
3 0.566406 0.113281 0.007812 0.007812
3 0.316406 0.119141 0.054688 0.023438
2 0.170898 0.108398 0.017578 0.009766
3 0.595703 0.106445 0.007812 0.009766
2 0.155273 0.102539 0.001953 0.001953
3 0.967773 0.100586 0.001953 0.001953
3 0.870117 0.094727 0.001953 0.001953
3 0.866211 0.094727 0.001953 0.001953
2 0.049805 0.093750 0.001953 0.003906
3 0.870117 0.090820 0.001953 0.001953
2 0.157227 0.094727 0.005859 0.009766
2 0.824219 0.090820 0.011719 0.005859
3 0.474609 0.097656 0.027344 0.023438
2 0.820312 0.084961 0.003906 0.001953
3 0.572266 0.091797 0.011719 0.015625
3 0.976562 0.086914 0.007812 0.009766
3 0.406250 0.158203 0.105469 0.152344
2 0.828125 0.082031 0.007812 0.007812
2 0.188477 0.118164 0.072266 0.080078
2 0.809570 0.092773 0.087891 0.033203
2 0.081055 0.077148 0.001953 0.001953
2 0.733398 0.083008 0.013672 0.017578
2 0.831055 0.072266 0.009766 0.003906
2 0.852539 0.070312 0.001953 0.003906
2 0.378906 0.074219 0.031250 0.023438
2 0.811523 0.067383 0.025391 0.017578
2 0.848633 0.053711 0.001953 0.001953
3 0.298828 0.061523 0.011719 0.017578
3 0.055664 0.064453 0.037109 0.023438
3 0.600586 0.052734 0.009766 0.007812
2 0.849609 0.048828 0.003906 0.003906
2 0.779297 0.045898 0.003906 0.005859
3 0.918945 0.086914 0.115234 0.091797
2 0.799805 0.049805 0.021484 0.017578
3 0.555664 0.047852 0.009766 0.013672
3 0.525391 0.042969 0.007812 0.007812
3 0.254883 0.049805 0.021484 0.021484
3 0.734375 0.041016 0.015625 0.007812
2 0.949219 0.035156 0.003906 0.003906
3 0.021484 0.043945 0.039062 0.021484
2 0.182617 0.044922 0.033203 0.027344
2 0.829102 0.035156 0.005859 0.011719
3 0.623047 0.034180 0.015625 0.013672
3 0.368164 0.024414 0.001953 0.001953
3 0.364258 0.024414 0.001953 0.001953
2 0.871094 0.032227 0.011719 0.025391
2 0.820312 0.043945 0.046875 0.048828
3 0.079102 0.023438 0.005859 0.007812
3 0.438477 0.018555 0.001953 0.001953
3 0.844727 0.015625 0.029297 0.019531
3 0.625977 0.006836 0.001953 0.001953
2 0.635742 0.015625 0.009766 0.023438
2 0.162109 0.009766 0.019531 0.011719
3 0.872070 0.008789 0.009766 0.013672
3 0.589844 0.005859 0.011719 0.007812
2 0.968750 0.024414 0.058594 0.048828
2 0.671875 0.004883 0.011719 0.009766
3 0.527344 0.013672 0.062500 0.027344
3 0.372070 0.029297 0.068359 0.058594
3 0.258789 0.031250 0.150391 0.062500
2 0.144531 0.004883 0.011719 0.009766
2 0.115234 0.001953 0.003906 0.003906