1 0.666992 0.998047 0.001953 0.003906
1 0.586914 0.997070 0.001953 0.001953
1 0.606445 0.995117 0.001953 0.001953
1 0.596680 0.997070 0.013672 0.005859
1 0.997070 0.996094 0.005859 0.007812
1 0.591797 0.989258 0.003906 0.001953
1 0.682617 0.987305 0.001953 0.001953
1 0.612305 0.987305 0.001953 0.001953
1 0.598633 0.988281 0.001953 0.003906
0 0.546875 0.990234 0.007812 0.007812
0 0.476562 0.988281 0.003906 0.003906
1 0.750977 0.985352 0.001953 0.001953
1 0.742188 0.986328 0.007812 0.003906
1 0.816406 0.986328 0.007812 0.007812
1 0.598633 0.983398 0.001953 0.001953
0 0.393555 0.982422 0.005859 0.003906
0 0.262695 0.990234 0.033203 0.019531
1 0.733398 0.979492 0.001953 0.001953
1 0.515625 0.979492 0.003906 0.001953
1 0.608398 0.977539 0.001953 0.001953
1 0.534180 0.977539 0.001953 0.001953
0 0.209961 0.988281 0.041016 0.023438
1 0.709961 0.987305 0.021484 0.025391
1 0.725586 0.971680 0.001953 0.001953
1 0.686523 0.971680 0.001953 0.001953
1 0.610352 0.970703 0.005859 0.003906
1 0.601562 0.972656 0.007812 0.007812
1 0.700195 0.968750 0.001953 0.003906
1 0.596680 0.967773 0.001953 0.001953
1 0.608398 0.966797 0.009766 0.003906
0 0.361328 0.982422 0.035156 0.035156
0 0.253906 0.967773 0.011719 0.009766
1 0.757812 0.961914 0.003906 0.001953
0 0.459961 0.969727 0.009766 0.021484
0 0.385742 0.959961 0.001953 0.001953
0 0.375977 0.960938 0.009766 0.003906
0 0.366211 0.959961 0.001953 0.001953
0 0.385742 0.956055 0.001953 0.001953
1 0.952148 0.955078 0.001953 0.003906
1 0.801758 0.952148 0.001953 0.001953
0 0.020508 0.962891 0.021484 0.023438
1 0.765625 0.974609 0.066406 0.050781
1 0.948242 0.948242 0.001953 0.001953
1 0.784180 0.948242 0.001953 0.001953
0 0.466797 0.949219 0.003906 0.003906
0 0.034180 0.949219 0.005859 0.007812
1 0.489258 0.969727 0.044922 0.052734
1 0.492188 0.942383 0.003906 0.001953
0 0.002930 0.947266 0.005859 0.011719
0 0.257812 0.938477 0.003906 0.001953
0 0.058594 0.951172 0.035156 0.031250
0 0.000977 0.936523 0.001953 0.001953
1 0.789062 0.936523 0.003906 0.005859
1 0.661133 0.965820 0.099609 0.068359
1 0.994141 0.946289 0.011719 0.033203
0 0.935547 0.926758 0.003906 0.001953
0 0.458008 0.935547 0.037109 0.019531
0 0.275391 0.944336 0.031250 0.037109
1 0.817383 0.920898 0.001953 0.001953
0 0.459961 0.921875 0.005859 0.003906
0 0.389648 0.925781 0.013672 0.011719
0 0.509766 0.919922 0.003906 0.003906
1 0.452148 0.919922 0.001953 0.003906
0 0.311523 0.916992 0.001953 0.001953
0 0.963867 0.915039 0.001953 0.001953
0 0.504883 0.916016 0.001953 0.003906
0 0.416016 0.916016 0.011719 0.007812
0 0.372070 0.916016 0.009766 0.007812
0 0.305664 0.913086 0.001953 0.001953
0 0.124023 0.911133 0.001953 0.001953
1 0.952148 0.931641 0.037109 0.046875
0 0.904297 0.911133 0.003906 0.005859
0 0.901367 0.923828 0.025391 0.031250
1 0.830078 0.916992 0.023438 0.017578
1 0.458008 0.911133 0.001953 0.005859
1 0.899414 0.907227 0.001953 0.001953
1 0.883789 0.905273 0.001953 0.001953
0 0.298828 0.905273 0.003906 0.001953
1 0.462891 0.904297 0.003906 0.003906
1 0.887695 0.901367 0.001953 0.001953
0 0.445312 0.902344 0.003906 0.003906
0 0.450195 0.899414 0.001953 0.001953
0 0.301758 0.899414 0.001953 0.001953
1 0.883789 0.897461 0.001953 0.001953
0 0.131836 0.897461 0.001953 0.001953
0 0.125977 0.897461 0.001953 0.001953
1 0.782227 0.903320 0.013672 0.017578
0 0.448242 0.895508 0.001953 0.001953
0 0.120117 0.895508 0.001953 0.001953
1 0.900391 0.897461 0.011719 0.009766
0 0.444336 0.893555 0.001953 0.001953
1 0.899414 0.892578 0.001953 0.003906
0 0.450195 0.891602 0.001953 0.001953
0 0.458984 0.890625 0.003906 0.003906
0 0.135742 0.889648 0.001953 0.001953
1 0.895508 0.887695 0.001953 0.001953
0 0.907227 0.888672 0.005859 0.007812
0 0.469727 0.885742 0.001953 0.001953
0 0.959961 0.883789 0.001953 0.001953
0 0.932617 0.883789 0.001953 0.001953
1 0.516602 0.883789 0.001953 0.001953
1 0.633789 0.881836 0.001953 0.001953
0 0.000977 0.881836 0.001953 0.001953
1 0.639648 0.877930 0.001953 0.001953
0 0.000977 0.877930 0.001953 0.001953
0 0.017578 0.874023 0.007812 0.005859
0 0.317383 0.870117 0.001953 0.001953
0 0.115234 0.879883 0.035156 0.029297
0 0.496094 0.888672 0.058594 0.074219
1 0.704102 0.857422 0.021484 0.019531
1 0.708984 0.848633 0.007812 0.005859
0 0.498047 0.847656 0.003906 0.003906
0 0.667969 0.851562 0.023438 0.019531
1 0.934570 0.859375 0.130859 0.042969
0 0.670898 0.836914 0.001953 0.001953
0 0.665039 0.835938 0.005859 0.003906
1 0.758789 0.831055 0.001953 0.001953
0 0.379883 0.830078 0.001953 0.003906
0 0.291992 0.829102 0.001953 0.001953
0 0.300781 0.824219 0.003906 0.003906
0 0.291992 0.823242 0.001953 0.001953
0 0.295898 0.822266 0.001953 0.003906
0 0.206055 0.819336 0.001953 0.001953
0 0.688477 0.817383 0.001953 0.001953
1 0.781250 0.821289 0.007812 0.013672
1 0.778320 0.814453 0.001953 0.003906
0 0.332031 0.813477 0.003906 0.001953
1 0.789062 0.813477 0.003906 0.005859
0 0.331055 0.809570 0.001953 0.001953
0 0.233398 0.809570 0.001953 0.001953
1 0.770508 0.809570 0.005859 0.005859
0 0.654297 0.808594 0.007812 0.003906
0 0.314453 0.811523 0.007812 0.013672
0 0.206055 0.805664 0.001953 0.001953
0 0.491211 0.810547 0.013672 0.015625
0 0.647461 0.801758 0.001953 0.001953
0 0.330078 0.803711 0.003906 0.005859
0 0.325195 0.801758 0.001953 0.001953
0 0.192383 0.802734 0.001953 0.003906
0 0.334961 0.799805 0.001953 0.001953
0 0.312500 0.801758 0.003906 0.005859
0 0.234375 0.800781 0.003906 0.003906
0 0.500000 0.799805 0.003906 0.005859
0 0.379883 0.798828 0.001953 0.003906
0 0.315430 0.797852 0.001953 0.001953
0 0.395508 0.797852 0.001953 0.005859
0 0.391602 0.797852 0.001953 0.005859
0 0.307617 0.795898 0.001953 0.001953
0 0.205078 0.797852 0.003906 0.005859
0 0.958008 0.794922 0.005859 0.003906
0 0.172852 0.814453 0.044922 0.042969
0 0.303711 0.791992 0.001953 0.001953
0 0.217773 0.795898 0.013672 0.009766
0 0.505859 0.789062 0.003906 0.003906
0 0.370117 0.852539 0.138672 0.134766
0 0.233398 0.791992 0.013672 0.013672
0 0.750977 0.784180 0.001953 0.001953
0 0.342773 0.784180 0.001953 0.001953
1 0.782227 0.782227 0.009766 0.001953
0 0.666016 0.803711 0.039062 0.048828
0 0.519531 0.782227 0.003906 0.005859
0 0.491211 0.781250 0.005859 0.003906
0 0.608398 0.772461 0.001953 0.001953
0 0.494141 0.773438 0.003906 0.003906
0 0.365234 0.790039 0.058594 0.041016
0 0.983398 0.774414 0.005859 0.013672
0 0.994141 0.772461 0.011719 0.013672
0 0.237305 0.774414 0.037109 0.017578
0 0.600586 0.764648 0.001953 0.001953
0 0.189453 0.763672 0.003906 0.003906
0 0.150391 0.763672 0.003906 0.003906
0 0.601562 0.760742 0.003906 0.001953
0 0.491211 0.762695 0.005859 0.005859
0 0.485352 0.760742 0.001953 0.001953
0 0.278320 0.769531 0.029297 0.019531
0 0.583984 0.759766 0.003906 0.003906
1 0.702148 0.783203 0.041016 0.054688
0 0.514648 0.755859 0.005859 0.003906
0 0.097656 0.812500 0.109375 0.117188
0 0.497070 0.756836 0.017578 0.009766
0 0.407227 0.752930 0.001953 0.001953
0 0.582031 0.752930 0.007812 0.005859
0 0.446289 0.750977 0.001953 0.001953
0 0.417969 0.750977 0.003906 0.001953
0 0.616211 0.758789 0.017578 0.021484
0 0.417969 0.746094 0.007812 0.003906
0 0.409180 0.746094 0.005859 0.003906
0 0.422852 0.743164 0.001953 0.001953
0 0.479492 0.741211 0.001953 0.001953
0 0.407227 0.741211 0.001953 0.001953
0 0.700195 0.737305 0.001953 0.001953
0 0.457031 0.759766 0.035156 0.046875
1 0.112305 0.738281 0.005859 0.003906
0 0.986328 0.736328 0.003906 0.007812
0 0.458008 0.733398 0.001953 0.001953
0 0.233398 0.731445 0.001953 0.001953
0 0.985352 0.729492 0.001953 0.001953
0 0.716797 0.728516 0.003906 0.003906
0 0.233398 0.727539 0.001953 0.001953
0 0.510742 0.725586 0.001953 0.001953
0 0.221680 0.729492 0.013672 0.009766
0 0.958008 0.723633 0.001953 0.001953
0 0.516602 0.723633 0.001953 0.001953
0 0.425781 0.726562 0.007812 0.007812
0 0.404297 0.723633 0.003906 0.001953
0 0.210938 0.725586 0.003906 0.005859
0 0.971680 0.732422 0.017578 0.023438
0 0.416992 0.722656 0.005859 0.003906
0 0.415039 0.719727 0.001953 0.001953
0 0.815430 0.719727 0.001953 0.005859
0 0.979492 0.713867 0.001953 0.001953
0 0.954102 0.711914 0.001953 0.001953
0 0.997070 0.709961 0.001953 0.001953
0 0.701172 0.709961 0.003906 0.001953
0 0.696289 0.709961 0.001953 0.001953
0 0.790039 0.708008 0.001953 0.001953
0 0.674805 0.708984 0.001953 0.003906
0 0.075195 0.708984 0.005859 0.003906
0 0.944336 0.704102 0.001953 0.001953
0 0.754883 0.704102 0.001953 0.001953
1 0.760742 0.761719 0.142578 0.121094
0 0.977539 0.700195 0.001953 0.001953
0 0.715820 0.698242 0.001953 0.001953
0 0.372070 0.698242 0.001953 0.001953
1 0.102539 0.718750 0.041016 0.042969
0 0.977539 0.696289 0.001953 0.001953
0 0.956055 0.700195 0.005859 0.009766
0 0.800781 0.706055 0.023438 0.025391
0 0.967773 0.700195 0.013672 0.021484
0 0.704102 0.696289 0.009766 0.021484
0 0.674805 0.686523 0.001953 0.001953
0 0.956055 0.682617 0.001953 0.001953
0 0.706055 0.682617 0.001953 0.001953
0 0.669922 0.683594 0.003906 0.003906
0 0.805664 0.678711 0.001953 0.001953
0 0.754883 0.680664 0.005859 0.005859
0 0.822266 0.676758 0.003906 0.001953
1 0.931641 0.686523 0.031250 0.025391
0 0.755859 0.671875 0.003906 0.003906
0 0.750977 0.670898 0.001953 0.001953
0 0.428711 0.669922 0.001953 0.003906
1 0.819336 0.666992 0.001953 0.001953
0 0.753906 0.666992 0.007812 0.001953
0 0.743164 0.672852 0.009766 0.013672
1 0.796875 0.665039 0.003906 0.001953
0 0.630859 0.665039 0.003906 0.001953
0 0.737305 0.665039 0.005859 0.005859
0 0.697266 0.661133 0.003906 0.001953
0 0.534180 0.661133 0.001953 0.001953
0 0.977539 0.663086 0.033203 0.017578
0 0.985352 0.655273 0.001953 0.001953
0 0.837891 0.662109 0.015625 0.015625
0 0.762695 0.653320 0.001953 0.001953
0 0.982422 0.652344 0.003906 0.003906
1 0.776367 0.652344 0.001953 0.003906
1 0.977539 0.649414 0.001953 0.001953
0 0.837891 0.649414 0.003906 0.001953
0 0.627930 0.649414 0.001953 0.001953
1 0.904297 0.647461 0.003906 0.001953
0 0.783203 0.648438 0.003906 0.003906
0 0.789062 0.645508 0.003906 0.001953
0 0.827148 0.643555 0.001953 0.001953
0 0.792969 0.647461 0.011719 0.009766
0 0.414062 0.650391 0.015625 0.015625
0 0.827148 0.639648 0.001953 0.001953
0 0.812500 0.652344 0.035156 0.027344
1 0.903320 0.637695 0.001953 0.001953
0 0.890625 0.645508 0.011719 0.017578
0 0.762695 0.642578 0.009766 0.011719
1 0.988281 0.639648 0.007812 0.009766
1 0.768555 0.635742 0.001953 0.001953
0 0.827148 0.633789 0.001953 0.001953
1 0.750977 0.631836 0.001953 0.001953
1 0.744141 0.631836 0.003906 0.001953
0 0.692383 0.631836 0.001953 0.001953
0 0.642578 0.676758 0.089844 0.091797
0 0.006836 0.631836 0.001953 0.001953
0 0.735352 0.629883 0.001953 0.001953
1 0.727539 0.629883 0.001953 0.001953
0 0.684570 0.627930 0.001953 0.001953
0 0.794922 0.632812 0.015625 0.015625
0 0.749023 0.625977 0.001953 0.001953
0 0.755859 0.623047 0.003906 0.003906
0 0.765625 0.619141 0.003906 0.003906
0 0.538086 0.619141 0.009766 0.007812
0 0.561523 0.608398 0.001953 0.001953
0 0.948242 0.606445 0.001953 0.001953
0 0.804688 0.606445 0.003906 0.001953
0 0.621094 0.608398 0.003906 0.005859
0 0.751953 0.605469 0.003906 0.003906
0 0.942383 0.603516 0.005859 0.007812
0 0.757812 0.599609 0.003906 0.003906
0 0.731445 0.616211 0.041016 0.037109
0 0.786133 0.596680 0.001953 0.001953
0 0.596680 0.594727 0.001953 0.001953
0 0.815430 0.592773 0.001953 0.001953
0 0.764648 0.592773 0.001953 0.001953
0 0.937500 0.591797 0.007812 0.007812
0 0.887695 0.588867 0.001953 0.001953
0 0.772461 0.595703 0.021484 0.019531
0 0.751953 0.588867 0.007812 0.005859
0 0.880859 0.586914 0.011719 0.017578
0 0.978516 0.570312 0.003906 0.007812
0 0.739258 0.577148 0.029297 0.029297
0 0.608398 0.557617 0.001953 0.001953
0 0.588867 0.577148 0.048828 0.044922
0 0.778320 0.556641 0.013672 0.007812
0 0.881836 0.541992 0.001953 0.001953
0 0.887695 0.540039 0.001953 0.001953
0 0.856445 0.538086 0.001953 0.001953
0 0.893555 0.536133 0.001953 0.001953
0 0.860352 0.536133 0.001953 0.001953
0 0.873047 0.528320 0.003906 0.001953
1 0.972656 0.526367 0.003906 0.001953
1 0.965820 0.527344 0.001953 0.003906
0 0.570312 0.528320 0.011719 0.009766
0 0.449219 0.539062 0.031250 0.031250
0 0.438477 0.524414 0.001953 0.001953
0 0.883789 0.522461 0.001953 0.001953
0 0.625977 0.522461 0.001953 0.001953
0 0.837891 0.575195 0.128906 0.111328
0 0.618164 0.520508 0.001953 0.001953
0 0.002930 0.520508 0.001953 0.001953
1 0.942383 0.520508 0.001953 0.005859
0 0.623047 0.518555 0.003906 0.001953
0 0.901367 0.516602 0.001953 0.001953
0 0.011719 0.521484 0.007812 0.011719
1 0.979492 0.512695 0.001953 0.001953
1 0.915039 0.510742 0.001953 0.001953
0 0.908203 0.514648 0.007812 0.009766
0 0.616211 0.510742 0.001953 0.001953
1 0.938477 0.519531 0.072266 0.027344
1 0.924805 0.506836 0.001953 0.001953
0 0.754883 0.510742 0.009766 0.009766
0 0.810547 0.527344 0.070312 0.050781
0 0.880859 0.498047 0.007812 0.003906
0 0.775391 0.497070 0.003906 0.001953
0 0.821289 0.478516 0.009766 0.003906
0 0.711914 0.473633 0.001953 0.001953
0 0.708008 0.472656 0.001953 0.003906
1 0.717773 0.470703 0.001953 0.003906
0 0.702148 0.465820 0.001953 0.001953
0 0.696289 0.458008 0.001953 0.001953
1 0.720703 0.459961 0.011719 0.013672
0 0.717773 0.450195 0.001953 0.001953
0 0.703125 0.455078 0.011719 0.019531
0 0.708008 0.443359 0.001953 0.003906
0 0.714844 0.442383 0.007812 0.005859
0 0.952148 0.430664 0.001953 0.001953
0 0.741211 0.428711 0.001953 0.001953
0 0.868164 0.426758 0.001953 0.001953
0 0.742188 0.423828 0.003906 0.003906
0 0.124023 0.418945 0.001953 0.001953
0 0.748047 0.418945 0.015625 0.013672
0 0.153320 0.418945 0.033203 0.033203
0 0.088867 0.403320 0.001953 0.001953
1 0.729492 0.403320 0.005859 0.005859
0 0.103516 0.402344 0.003906 0.003906
0 0.755859 0.401367 0.007812 0.005859
0 0.749023 0.399414 0.001953 0.001953
0 0.769531 0.380859 0.003906 0.003906
0 0.107422 0.385742 0.011719 0.013672
1 0.736328 0.376953 0.003906 0.003906
0 0.931641 0.439453 0.136719 0.136719
0 0.963867 0.372070 0.001953 0.001953
0 0.737305 0.371094 0.001953 0.003906
0 0.743164 0.368164 0.001953 0.001953
0 0.208008 0.368164 0.001953 0.001953
0 0.745117 0.374023 0.009766 0.017578
0 0.769531 0.370117 0.011719 0.013672
0 0.772461 0.360352 0.001953 0.001953
0 0.977539 0.360352 0.013672 0.005859
0 0.169922 0.345703 0.003906 0.003906
0 0.985352 0.340820 0.017578 0.009766
0 0.998047 0.336914 0.003906 0.009766
0 0.330078 0.318359 0.003906 0.003906
0 0.130859 0.313477 0.003906 0.001953
0 0.030273 0.323242 0.017578 0.021484
0 0.333008 0.312500 0.005859 0.003906
0 0.958984 0.311523 0.007812 0.005859
0 0.239258 0.307617 0.001953 0.001953
0 0.132812 0.305664 0.007812 0.005859
0 0.967773 0.303711 0.001953 0.005859
0 0.971680 0.297852 0.005859 0.001953
0 0.125977 0.298828 0.001953 0.003906
0 0.333008 0.296875 0.005859 0.015625
0 0.111328 0.291016 0.003906 0.003906
0 0.105469 0.290039 0.003906 0.001953
0 0.357422 0.289062 0.003906 0.003906
0 0.267578 0.297852 0.015625 0.021484
0 0.122070 0.290039 0.005859 0.005859
0 0.118164 0.288086 0.001953 0.001953
0 0.134766 0.285156 0.003906 0.003906
0 0.102539 0.285156 0.001953 0.003906
0 0.360352 0.280273 0.001953 0.001953
0 0.356445 0.280273 0.001953 0.001953
0 0.151367 0.284180 0.009766 0.009766
0 0.342773 0.281250 0.005859 0.007812
0 0.356445 0.276367 0.001953 0.001953
0 0.111328 0.275391 0.011719 0.019531
0 0.133789 0.266602 0.005859 0.005859
0 0.375000 0.263672 0.003906 0.003906
0 0.337891 0.267578 0.011719 0.019531
0 0.055664 0.252930 0.001953 0.001953
0 0.222656 0.313477 0.074219 0.134766
0 0.057617 0.247070 0.001953 0.005859
0 0.023438 0.246094 0.003906 0.003906
0 0.297852 0.251953 0.013672 0.019531
0 0.434570 0.241211 0.001953 0.001953
0 0.430664 0.243164 0.001953 0.005859
0 0.325195 0.246094 0.005859 0.011719
0 0.430664 0.237305 0.001953 0.001953
1 0.157227 0.237305 0.001953 0.001953
1 0.121094 0.242188 0.007812 0.011719
0 0.442383 0.238281 0.009766 0.007812
0 0.198242 0.235352 0.001953 0.001953
1 0.058594 0.230469 0.003906 0.003906
1 0.166992 0.227539 0.001953 0.001953
0 0.286133 0.224609 0.001953 0.003906
1 0.079102 0.223633 0.001953 0.001953
1 0.071289 0.223633 0.001953 0.001953
1 0.268555 0.220703 0.001953 0.003906
0 0.198242 0.219727 0.001953 0.001953
0 0.194336 0.218750 0.001953 0.003906
1 0.185547 0.212891 0.003906 0.003906
1 0.180664 0.211914 0.001953 0.001953
0 0.176758 0.235352 0.029297 0.048828
0 0.264648 0.209961 0.001953 0.001953
0 0.197266 0.206055 0.003906 0.001953
0 0.192383 0.206055 0.001953 0.001953
0 0.288086 0.204102 0.001953 0.001953
1 0.099609 0.218750 0.046875 0.035156
1 0.997070 0.208008 0.005859 0.017578
0 0.258789 0.200195 0.001953 0.001953
0 0.188477 0.200195 0.001953 0.001953
1 0.056641 0.201172 0.003906 0.003906
1 0.061523 0.213867 0.029297 0.029297
0 0.278320 0.209961 0.013672 0.025391
1 0.227539 0.198242 0.001953 0.001953
0 0.265625 0.201172 0.007812 0.011719
0 0.232422 0.197266 0.003906 0.003906
1 0.999023 0.194336 0.001953 0.005859
0 0.243164 0.194336 0.017578 0.017578
0 0.219727 0.186523 0.001953 0.001953
1 0.126953 0.190430 0.003906 0.009766
1 0.162109 0.184570 0.003906 0.005859
0 0.147461 0.180664 0.001953 0.001953
0 0.049805 0.178711 0.001953 0.001953
1 0.181641 0.177734 0.003906 0.003906
0 0.039062 0.184570 0.019531 0.017578
0 0.356445 0.165039 0.001953 0.001953
0 0.274414 0.166016 0.001953 0.003906
0 0.242188 0.163086 0.003906 0.001953
0 0.272461 0.162109 0.005859 0.007812
0 0.266602 0.159180 0.001953 0.005859
1 0.250977 0.169922 0.033203 0.027344
0 0.289062 0.170898 0.019531 0.037109
1 0.114258 0.143555 0.001953 0.001953
1 0.229492 0.142578 0.001953 0.003906
0 0.261719 0.146484 0.011719 0.015625
0 0.142578 0.138672 0.003906 0.003906
0 0.127930 0.137695 0.001953 0.001953
1 0.118164 0.137695 0.001953 0.001953
1 0.106445 0.137695 0.009766 0.001953
1 0.270508 0.135742 0.001953 0.001953
1 0.122070 0.135742 0.001953 0.001953
1 0.083984 0.144531 0.050781 0.019531
0 0.291992 0.133789 0.001953 0.001953
0 0.132812 0.135742 0.003906 0.005859
1 0.245117 0.130859 0.005859 0.003906
1 0.112305 0.129883 0.001953 0.001953
1 0.247070 0.127930 0.001953 0.001953
1 0.125977 0.128906 0.001953 0.003906
1 0.119141 0.127930 0.007812 0.005859
1 0.125977 0.124023 0.001953 0.001953
0 0.005859 0.124023 0.003906 0.001953
1 0.249023 0.123047 0.005859 0.003906
0 0.013672 0.129883 0.019531 0.021484
0 0.354492 0.117188 0.001953 0.003906
1 0.005859 0.118164 0.003906 0.005859
1 0.179688 0.114258 0.015625 0.017578
0 0.383789 0.100586 0.001953 0.001953
1 0.281250 0.100586 0.003906 0.005859
1 0.247070 0.105469 0.013672 0.015625
1 0.206055 0.098633 0.001953 0.001953
1 0.001953 0.097656 0.003906 0.003906
1 0.228516 0.094727 0.003906 0.001953
1 0.219727 0.100586 0.021484 0.017578
0 0.256836 0.088867 0.001953 0.001953
1 0.252930 0.088867 0.001953 0.001953
1 0.250977 0.084961 0.001953 0.001953
1 0.243164 0.084961 0.001953 0.001953
0 0.254883 0.081055 0.005859 0.005859
0 0.313477 0.073242 0.001953 0.001953
0 0.398438 0.069336 0.003906 0.001953
0 0.392578 0.070312 0.003906 0.007812
1 0.239258 0.074219 0.017578 0.015625
0 0.314453 0.065430 0.003906 0.001953
0 0.282227 0.053711 0.001953 0.001953
0 0.284180 0.049805 0.001953 0.001953
1 0.254883 0.047852 0.001953 0.001953
0 0.428711 0.030273 0.001953 0.001953
1 0.473633 0.028320 0.001953 0.001953
0 0.377930 0.029297 0.005859 0.003906
1 0.111328 0.027344 0.003906 0.003906
1 0.078125 0.028320 0.007812 0.005859
0 0.413086 0.022461 0.001953 0.001953
0 0.389648 0.022461 0.001953 0.001953
0 0.431641 0.021484 0.003906 0.003906
0 0.416992 0.020508 0.001953 0.001953
1 0.096680 0.020508 0.001953 0.001953
0 0.393555 0.018555 0.001953 0.001953
0 0.430664 0.016602 0.001953 0.001953
1 0.088867 0.016602 0.001953 0.001953
0 0.446289 0.014648 0.001953 0.001953
1 0.438477 0.010742 0.001953 0.001953
1 0.016602 0.011719 0.005859 0.003906
0 0.516602 0.008789 0.001953 0.001953
1 0.404297 0.009766 0.003906 0.007812
1 0.105469 0.013672 0.035156 0.023438
1 0.098633 0.002930 0.001953 0.001953
0 0.540039 0.017578 0.029297 0.035156
1 0.429688 0.007812 0.039062 0.015625
0 0.355469 0.125977 0.078125 0.251953
0 0.297852 0.000977 0.009766 0.001953
1 0.267578 0.001953 0.007812 0.003906
1 0.253906 0.001953 0.011719 0.003906
1 0.190430 0.020508 0.029297 0.041016
0 0.081055 0.004883 0.017578 0.009766
1 0.047852 0.010742 0.029297 0.021484
1 0.020508 0.000977 0.001953 0.001953
1 0.014648 0.001953 0.001953 0.003906
3 0.350586 0.997070 0.001953 0.001953
3 0.772461 0.995117 0.001953 0.001953
2 0.205078 0.995117 0.007812 0.001953
3 0.743164 0.973633 0.001953 0.001953
3 0.756836 0.969727 0.001953 0.001953
3 0.680664 0.970703 0.001953 0.003906
3 0.622070 0.969727 0.001953 0.001953
2 0.368164 0.969727 0.001953 0.001953
3 0.666016 0.963867 0.003906 0.001953
3 0.678711 0.959961 0.001953 0.001953
3 0.678711 0.954102 0.001953 0.001953
3 0.687500 0.952148 0.003906 0.001953
3 0.682617 0.949219 0.001953 0.003906
2 0.950195 0.875977 0.001953 0.001953
2 0.957031 0.874023 0.003906 0.001953
3 0.960938 0.842773 0.003906 0.001953
3 0.956055 0.843750 0.001953 0.003906
3 0.940430 0.493164 0.001953 0.001953
2 0.908203 0.488281 0.003906 0.003906
3 0.954102 0.479492 0.001953 0.001953
3 0.954102 0.475586 0.005859 0.001953
3 0.953125 0.471680 0.003906 0.001953
3 0.966797 0.446289 0.066406 0.068359
2 0.339844 0.245117 0.003906 0.001953
2 0.340820 0.241211 0.001953 0.001953
2 0.348633 0.130859 0.001953 0.003906
2 0.327148 0.098633 0.001953 0.001953
2 0.352539 0.094727 0.001953 0.001953
2 0.354492 0.090820 0.001953 0.001953
2 0.350586 0.090820 0.001953 0.001953
3 0.185547 0.014648 0.003906 0.005859
2 0.369141 0.001953 0.007812 0.003906
2 0.500000 0.500000 1.000000 1.000000