0 0.623047 0.999023 0.003906 0.001953
0 0.606445 0.999023 0.005859 0.001953
0 0.454102 0.999023 0.001953 0.001953
0 0.686523 0.997070 0.001953 0.001953
0 0.371094 0.998047 0.007812 0.003906
1 0.279297 0.998047 0.007812 0.003906
0 0.799805 0.994141 0.001953 0.003906
1 0.524414 0.992188 0.001953 0.003906
1 0.531250 0.990234 0.003906 0.003906
1 0.506836 0.983398 0.001953 0.001953
0 0.470703 0.989258 0.011719 0.013672
0 0.013672 0.990234 0.027344 0.019531
0 0.338867 0.979492 0.001953 0.001953
0 0.200195 0.977539 0.001953 0.001953
0 0.002930 0.975586 0.001953 0.001953
0 0.561523 0.971680 0.001953 0.001953
0 0.196289 0.974609 0.001953 0.007812
0 0.081055 0.974609 0.005859 0.007812
0 0.075195 0.971680 0.001953 0.001953
1 0.556641 0.970703 0.003906 0.003906
0 0.500000 0.984375 0.042969 0.031250
0 0.848633 0.967773 0.001953 0.001953
1 0.190430 0.967773 0.001953 0.001953
1 0.552734 0.965820 0.003906 0.001953
0 0.297852 0.967773 0.005859 0.005859
1 0.194336 0.965820 0.001953 0.001953
0 0.837891 0.961914 0.015625 0.009766
0 0.827148 0.967773 0.029297 0.021484
1 0.181641 0.964844 0.011719 0.015625
0 0.226562 0.977539 0.046875 0.044922
0 0.844727 0.956055 0.005859 0.005859
0 0.822266 0.954102 0.003906 0.001953
0 0.024414 0.952148 0.001953 0.001953
0 0.348633 0.950195 0.001953 0.001953
0 0.343750 0.950195 0.003906 0.001953
0 0.018555 0.950195 0.001953 0.001953
0 0.961914 0.952148 0.009766 0.009766
0 0.909180 0.944336 0.001953 0.001953
0 0.469727 0.944336 0.001953 0.001953
0 0.460938 0.945312 0.007812 0.007812
0 0.571289 0.940430 0.001953 0.001953
0 0.940430 0.938477 0.001953 0.001953
0 0.575195 0.938477 0.001953 0.001953
0 0.438477 0.939453 0.005859 0.003906
0 0.640625 0.937500 0.003906 0.003906
1 0.500977 0.939453 0.005859 0.007812
0 0.743164 0.934570 0.001953 0.001953
1 0.546875 0.941406 0.015625 0.015625
0 0.010742 0.930664 0.001953 0.001953
0 0.749023 0.929688 0.001953 0.003906
0 0.795898 0.926758 0.001953 0.001953
0 0.767578 0.926758 0.003906 0.001953
0 0.643555 0.920898 0.005859 0.001953
0 0.674805 0.923828 0.009766 0.011719
1 0.484375 0.935547 0.027344 0.035156
0 0.980469 0.920898 0.011719 0.009766
1 0.541016 0.917969 0.003906 0.003906
1 0.153320 0.916992 0.001953 0.001953
0 0.668945 0.915039 0.001953 0.001953
0 0.713867 0.914062 0.005859 0.003906
0 0.015625 0.917969 0.003906 0.011719
0 0.733398 0.955078 0.111328 0.089844
0 0.637695 0.911133 0.001953 0.001953
1 0.482422 0.913086 0.003906 0.005859
0 0.862305 0.910156 0.009766 0.003906
1 0.481445 0.905273 0.001953 0.001953
1 0.471680 0.905273 0.001953 0.001953
0 0.754883 0.904297 0.005859 0.003906
0 0.164062 0.904297 0.003906 0.003906
0 0.911133 0.900391 0.001953 0.003906
0 0.870117 0.899414 0.001953 0.001953
0 0.178711 0.899414 0.001953 0.001953
0 0.545898 0.905273 0.013672 0.017578
1 0.339844 0.898438 0.003906 0.007812
0 0.903320 0.893555 0.001953 0.001953
0 0.392578 0.946289 0.109375 0.107422
1 0.486328 0.892578 0.003906 0.003906
0 0.415039 0.891602 0.001953 0.001953
0 0.397461 0.895508 0.005859 0.009766
0 0.926758 0.889648 0.001953 0.001953
0 0.391602 0.887695 0.001953 0.001953
0 0.379883 0.888672 0.005859 0.003906
0 0.594727 0.925781 0.083984 0.082031
0 0.089844 0.886719 0.003906 0.003906
0 0.761719 0.884766 0.003906 0.003906
1 0.456055 0.883789 0.001953 0.001953
0 0.118164 0.884766 0.001953 0.003906
0 0.106445 0.883789 0.001953 0.001953
0 0.097656 0.885742 0.003906 0.005859
0 0.996094 0.889648 0.007812 0.017578
0 0.377930 0.881836 0.001953 0.001953
0 0.672852 0.882812 0.009766 0.007812
0 0.381836 0.880859 0.001953 0.003906
0 0.327148 0.879883 0.001953 0.001953
0 0.941406 0.892578 0.046875 0.031250
1 0.993164 0.875977 0.001953 0.001953
0 0.541992 0.875977 0.001953 0.001953
0 0.615234 0.884766 0.023438 0.023438
1 0.512695 0.875000 0.005859 0.003906
1 0.469727 0.874023 0.001953 0.001953
0 0.106445 0.874023 0.001953 0.001953
1 0.443359 0.889648 0.042969 0.037109
0 0.952148 0.870117 0.001953 0.001953
0 0.186523 0.871094 0.001953 0.003906
1 0.821289 0.868164 0.001953 0.001953
0 0.606445 0.868164 0.001953 0.001953
1 0.479492 0.880859 0.021484 0.027344
0 0.323242 0.889648 0.025391 0.044922
0 0.247070 0.869141 0.005859 0.003906
0 0.940430 0.868164 0.009766 0.005859
0 0.190430 0.866211 0.001953 0.001953
0 0.931641 0.865234 0.003906 0.003906
0 0.145508 0.862305 0.001953 0.001953
0 0.691406 0.868164 0.023438 0.017578
0 0.579102 0.860352 0.001953 0.001953
0 0.261719 0.861328 0.007812 0.003906
0 0.227539 0.860352 0.001953 0.001953
0 0.574219 0.858398 0.003906 0.001953
0 0.769531 0.880859 0.054688 0.054688
0 0.256836 0.854492 0.001953 0.001953
1 0.444336 0.852539 0.001953 0.001953
0 0.261719 0.852539 0.003906 0.005859
0 0.221680 0.848633 0.001953 0.001953
0 0.223633 0.894531 0.130859 0.093750
0 0.225586 0.846680 0.001953 0.001953
0 0.260742 0.844727 0.001953 0.001953
1 0.483398 0.842773 0.001953 0.001953
0 0.477539 0.840820 0.001953 0.001953
0 0.001953 0.841797 0.003906 0.003906
1 0.489258 0.836914 0.001953 0.001953
0 0.477539 0.836914 0.001953 0.001953
0 0.639648 0.834961 0.001953 0.001953
0 0.536133 0.837891 0.005859 0.007812
1 0.458984 0.844727 0.019531 0.021484
0 0.936523 0.836914 0.021484 0.009766
1 0.485352 0.833008 0.001953 0.001953
0 0.016602 0.833008 0.001953 0.001953
0 0.604492 0.831055 0.001953 0.001953
0 0.041016 0.832031 0.003906 0.003906
0 0.974609 0.853516 0.050781 0.050781
0 0.379883 0.833008 0.013672 0.009766
0 0.008789 0.829102 0.001953 0.001953
0 0.897461 0.831055 0.009766 0.009766
0 0.600586 0.827148 0.001953 0.001953
1 0.713867 0.831055 0.017578 0.013672
0 0.590820 0.825195 0.001953 0.001953
0 0.133789 0.825195 0.001953 0.001953
0 0.542969 0.825195 0.007812 0.005859
0 0.397461 0.823242 0.001953 0.001953
0 0.939453 0.820312 0.003906 0.003906
0 0.645508 0.819336 0.001953 0.001953
1 0.638672 0.820312 0.003906 0.003906
0 0.619141 0.825195 0.023438 0.013672
0 0.608398 0.819336 0.001953 0.001953
0 0.579102 0.825195 0.025391 0.017578
0 0.288086 0.836914 0.048828 0.041016
0 0.793945 0.815430 0.001953 0.001953
0 0.790039 0.815430 0.001953 0.001953
0 0.374023 0.816406 0.001953 0.003906
1 0.636719 0.814453 0.011719 0.003906
0 0.389648 0.820312 0.017578 0.019531
0 0.807617 0.809570 0.001953 0.001953
0 0.788086 0.809570 0.005859 0.005859
0 0.190430 0.807617 0.001953 0.001953
0 0.272461 0.805664 0.001953 0.001953
0 0.994141 0.806641 0.011719 0.011719
0 0.189453 0.802734 0.003906 0.003906
0 0.178711 0.801758 0.001953 0.001953
0 0.067383 0.801758 0.001953 0.001953
0 0.049805 0.817383 0.025391 0.033203
0 0.416992 0.799805 0.001953 0.001953
0 0.057617 0.799805 0.001953 0.001953
0 0.176758 0.797852 0.001953 0.001953
0 0.735352 0.795898 0.001953 0.001953
1 0.289062 0.796875 0.003906 0.003906
0 0.194336 0.795898 0.005859 0.001953
0 0.076172 0.797852 0.011719 0.005859
0 0.786133 0.797852 0.005859 0.009766
0 0.412109 0.795898 0.003906 0.005859
0 0.415039 0.791992 0.001953 0.001953
0 0.674805 0.790039 0.001953 0.001953
0 0.806641 0.792969 0.015625 0.015625
0 0.815430 0.784180 0.001953 0.001953
0 0.969727 0.805664 0.056641 0.048828
0 0.813477 0.780273 0.001953 0.001953
0 0.784180 0.780273 0.001953 0.001953
0 0.112305 0.780273 0.001953 0.001953
1 0.663086 0.778320 0.001953 0.001953
0 0.313477 0.778320 0.001953 0.001953
1 0.036133 0.778320 0.001953 0.001953
0 0.807617 0.776367 0.001953 0.001953
0 0.692383 0.776367 0.001953 0.001953
0 0.159180 0.776367 0.001953 0.001953
0 0.147461 0.776367 0.001953 0.001953
0 0.725586 0.774414 0.001953 0.001953
1 0.661133 0.774414 0.001953 0.001953
0 0.529297 0.775391 0.003906 0.003906
0 0.166992 0.776367 0.005859 0.005859
0 0.106445 0.774414 0.001953 0.001953
0 0.978516 0.772461 0.003906 0.001953
0 0.487305 0.772461 0.001953 0.001953
0 0.422852 0.773438 0.001953 0.003906
0 0.137695 0.772461 0.001953 0.001953
1 0.000977 0.770508 0.001953 0.001953
0 0.443359 0.800781 0.054688 0.066406
0 0.097656 0.768555 0.003906 0.001953
0 0.969727 0.769531 0.009766 0.007812
0 0.933594 0.769531 0.007812 0.007812
0 0.901367 0.766602 0.001953 0.001953
0 0.868164 0.767578 0.001953 0.003906
0 0.170898 0.766602 0.001953 0.001953
0 0.106445 0.768555 0.001953 0.005859
0 0.371094 0.764648 0.003906 0.001953
0 0.177734 0.765625 0.003906 0.003906
0 0.016602 0.762695 0.001953 0.001953
1 0.773438 0.760742 0.003906 0.001953
0 0.003906 0.764648 0.007812 0.009766
0 0.376953 0.760742 0.007812 0.005859
0 0.016602 0.758789 0.001953 0.001953
0 0.006836 0.758789 0.001953 0.001953
0 0.187500 0.757812 0.007812 0.003906
0 0.047852 0.754883 0.001953 0.001953
0 0.051758 0.775391 0.064453 0.042969
0 0.843750 0.753906 0.003906 0.003906
0 0.825195 0.752930 0.001953 0.001953
0 0.516602 0.754883 0.001953 0.005859
0 0.233398 0.750977 0.001953 0.001953
0 0.103516 0.750977 0.003906 0.001953
0 0.944336 0.749023 0.001953 0.001953
0 0.934570 0.756836 0.013672 0.017578
0 0.904297 0.749023 0.007812 0.005859
0 0.734375 0.748047 0.003906 0.003906
0 0.024414 0.749023 0.009766 0.005859
0 0.001953 0.751953 0.003906 0.011719
0 0.741211 0.745117 0.001953 0.001953
0 0.164062 0.744141 0.003906 0.003906
0 0.112305 0.743164 0.001953 0.001953
0 0.104492 0.743164 0.001953 0.001953
0 0.801758 0.742188 0.001953 0.003906
0 0.733398 0.742188 0.001953 0.003906
0 0.737305 0.756836 0.064453 0.033203
0 0.161133 0.741211 0.001953 0.001953
0 0.119141 0.746094 0.015625 0.011719
0 0.832031 0.740234 0.003906 0.003906
0 0.727539 0.737305 0.001953 0.001953
0 0.240234 0.737305 0.007812 0.005859
0 0.113281 0.736328 0.007812 0.003906
0 0.722656 0.734375 0.003906 0.003906
0 0.484375 0.750977 0.058594 0.037109
0 0.456055 0.733398 0.001953 0.001953
1 0.625977 0.731445 0.001953 0.001953
0 0.402344 0.739258 0.023438 0.017578
0 0.467773 0.729492 0.001953 0.001953
0 0.264648 0.729492 0.001953 0.001953
0 0.041992 0.729492 0.001953 0.001953
0 0.036133 0.729492 0.001953 0.001953
0 0.178711 0.725586 0.001953 0.001953
0 0.149414 0.733398 0.041016 0.017578
0 0.616211 0.723633 0.001953 0.001953
0 0.436523 0.719727 0.001953 0.001953
0 0.364258 0.719727 0.001953 0.001953
0 0.581055 0.717773 0.001953 0.001953
0 0.072266 0.730469 0.050781 0.031250
0 0.063477 0.715820 0.001953 0.001953
0 0.029297 0.715820 0.003906 0.001953
0 0.823242 0.714844 0.009766 0.003906
0 0.566406 0.718750 0.023438 0.011719
0 0.252930 0.713867 0.001953 0.001953
0 0.002930 0.717773 0.005859 0.009766
0 0.476562 0.719727 0.015625 0.017578
0 0.028320 0.711914 0.001953 0.001953
0 0.821289 0.709961 0.001953 0.001953
0 0.571289 0.708008 0.001953 0.001953
0 0.434570 0.708008 0.001953 0.001953
0 0.430664 0.708008 0.001953 0.001953
0 0.070312 0.706055 0.003906 0.001953
0 0.603516 0.706055 0.011719 0.005859
0 0.811523 0.706055 0.013672 0.009766
0 0.420898 0.702148 0.001953 0.001953
0 0.073242 0.702148 0.001953 0.001953
0 0.030273 0.706055 0.013672 0.009766
0 0.639648 0.701172 0.005859 0.003906
0 0.626953 0.712891 0.027344 0.027344
0 0.482422 0.701172 0.007812 0.003906
0 0.258789 0.702148 0.009766 0.005859
0 0.248047 0.701172 0.007812 0.003906
0 0.085938 0.702148 0.003906 0.005859
0 0.430664 0.700195 0.013672 0.013672
0 0.200195 0.694336 0.001953 0.001953
0 0.376953 0.691406 0.011719 0.003906
0 0.465820 0.688477 0.001953 0.001953
0 0.588867 0.690430 0.013672 0.009766
0 0.196289 0.686523 0.001953 0.001953
0 0.081055 0.686523 0.001953 0.001953
0 0.215820 0.691406 0.021484 0.015625
0 0.834961 0.682617 0.001953 0.001953
0 0.147461 0.682617 0.001953 0.001953
0 0.137695 0.681641 0.009766 0.007812
0 0.565430 0.676758 0.001953 0.001953
0 0.897461 0.675781 0.001953 0.003906
1 0.760742 0.675781 0.001953 0.003906
0 0.162109 0.674805 0.003906 0.001953
0 0.157227 0.674805 0.001953 0.001953
0 0.153320 0.672852 0.001953 0.001953
0 0.881836 0.698242 0.041016 0.056641
0 0.125000 0.670898 0.003906 0.001953
1 0.760742 0.668945 0.001953 0.001953
0 0.497070 0.670898 0.005859 0.005859
0 0.129883 0.668945 0.001953 0.001953
0 0.577148 0.666992 0.005859 0.001953
0 0.172852 0.693359 0.044922 0.054688
0 0.147461 0.666992 0.005859 0.001953
0 0.020508 0.667969 0.001953 0.003906
1 0.760742 0.665039 0.001953 0.001953
0 0.028320 0.668945 0.009766 0.009766
1 0.753906 0.666016 0.003906 0.007812
0 0.799805 0.784180 0.267578 0.244141
0 0.602539 0.653320 0.001953 0.001953
1 0.358398 0.654297 0.005859 0.003906
0 0.158203 0.656250 0.015625 0.007812
0 0.192383 0.649414 0.001953 0.001953
0 0.098633 0.649414 0.001953 0.001953
0 0.011719 0.661133 0.023438 0.025391
0 0.510742 0.648438 0.005859 0.003906
0 0.151367 0.648438 0.001953 0.003906
0 0.488281 0.645508 0.003906 0.001953
0 0.404297 0.646484 0.003906 0.003906
0 0.327148 0.656250 0.017578 0.023438
0 0.303711 0.645508 0.001953 0.001953
0 0.295898 0.645508 0.001953 0.001953
0 0.205078 0.822266 0.410156 0.355469
0 0.139648 0.645508 0.001953 0.001953
0 0.095703 0.665039 0.054688 0.041016
0 0.098633 0.645508 0.001953 0.001953
0 0.591797 0.653320 0.019531 0.021484
0 0.495117 0.643555 0.001953 0.001953
0 0.307617 0.644531 0.001953 0.003906
0 0.151367 0.643555 0.001953 0.001953
0 0.403320 0.641602 0.001953 0.001953
0 0.123047 0.641602 0.003906 0.001953
0 0.652344 0.640625 0.003906 0.003906
0 0.312500 0.641602 0.007812 0.005859
0 0.196289 0.639648 0.001953 0.001953
0 0.125977 0.637695 0.001953 0.001953
0 0.105469 0.640625 0.015625 0.007812
0 0.016602 0.637695 0.001953 0.001953
0 0.000977 0.637695 0.001953 0.001953
0 0.766602 0.635742 0.001953 0.001953
0 0.661133 0.638672 0.005859 0.007812
0 0.455078 0.675781 0.226562 0.082031
0 0.020508 0.635742 0.001953 0.001953
1 0.209961 0.633789 0.001953 0.001953
0 0.016602 0.633789 0.001953 0.001953
0 0.012695 0.635742 0.001953 0.005859
0 0.561523 0.631836 0.001953 0.001953
0 0.194336 0.631836 0.001953 0.001953
1 0.221680 0.631836 0.005859 0.005859
0 0.120117 0.629883 0.001953 0.001953
0 0.602539 0.632812 0.005859 0.011719
0 0.500000 0.634766 0.023438 0.015625
0 0.180664 0.627930 0.001953 0.001953
1 0.322266 0.626953 0.003906 0.003906
1 0.215820 0.626953 0.001953 0.003906
1 0.712891 0.625977 0.003906 0.005859
1 0.382812 0.628906 0.011719 0.011719
0 0.173828 0.639648 0.039062 0.033203
0 0.135742 0.624023 0.001953 0.001953
1 0.256836 0.622070 0.001953 0.001953
1 0.212891 0.622070 0.003906 0.001953
0 0.150391 0.627930 0.003906 0.013672
0 0.143555 0.622070 0.009766 0.001953
1 0.745117 0.624023 0.013672 0.009766
1 0.706055 0.623047 0.005859 0.007812
0 0.587891 0.629883 0.019531 0.021484
0 0.158203 0.621094 0.003906 0.003906
0 0.020508 0.621094 0.005859 0.003906
1 0.579102 0.618164 0.001953 0.001953
0 0.499023 0.618164 0.001953 0.001953
1 0.227539 0.618164 0.001953 0.001953
1 0.217773 0.620117 0.005859 0.005859
0 0.147461 0.618164 0.001953 0.001953
1 0.744141 0.616211 0.003906 0.001953
0 0.644531 0.617188 0.003906 0.003906
0 0.750000 0.615234 0.003906 0.003906
0 0.255859 0.616211 0.003906 0.005859
0 0.784180 0.612305 0.001953 0.001953
0 0.907227 0.611328 0.001953 0.003906
0 0.826172 0.611328 0.003906 0.003906
0 0.652344 0.612305 0.007812 0.005859
0 0.604492 0.610352 0.001953 0.001953
0 0.463867 0.610352 0.001953 0.001953
0 0.457031 0.614258 0.003906 0.009766
1 0.701172 0.608398 0.003906 0.001953
0 0.592773 0.608398 0.001953 0.001953
1 0.185547 0.608398 0.003906 0.001953
0 0.166992 0.612305 0.013672 0.009766
0 0.000977 0.608398 0.001953 0.001953
0 0.598633 0.611328 0.005859 0.011719
0 0.466797 0.605469 0.003906 0.003906
0 0.250977 0.604492 0.001953 0.001953
0 0.000977 0.604492 0.001953 0.001953
0 0.897461 0.614258 0.017578 0.025391
0 0.602539 0.602539 0.001953 0.001953
0 0.000977 0.598633 0.001953 0.005859
0 0.552734 0.601562 0.007812 0.015625
0 0.673828 0.593750 0.003906 0.003906
0 0.668945 0.592773 0.001953 0.001953
0 0.204102 0.599609 0.025391 0.015625
0 0.220703 0.591797 0.003906 0.003906
0 0.590820 0.586914 0.001953 0.001953
0 0.283203 0.613281 0.070312 0.058594
1 0.710938 0.585938 0.007812 0.007812
0 0.238281 0.584961 0.023438 0.009766
0 0.700195 0.577148 0.001953 0.001953
0 0.702148 0.571289 0.001953 0.001953
0 0.272461 0.572266 0.005859 0.003906
0 0.680664 0.583008 0.033203 0.029297
0 0.870117 0.567383 0.001953 0.001953
0 0.677734 0.566406 0.003906 0.003906
0 0.668945 0.565430 0.001953 0.001953
0 0.796875 0.564453 0.003906 0.003906
0 0.599609 0.586914 0.039062 0.048828
0 0.807617 0.561523 0.001953 0.001953
1 0.466797 0.564453 0.007812 0.007812
0 0.762695 0.571289 0.021484 0.025391
0 0.959961 0.551758 0.001953 0.001953
0 0.945312 0.564453 0.023438 0.027344
0 0.584961 0.552734 0.001953 0.003906
0 0.870117 0.549805 0.001953 0.001953
0 0.428711 0.549805 0.001953 0.001953
0 0.795898 0.552734 0.009766 0.011719
0 0.646484 0.547852 0.007812 0.001953
0 0.853516 0.547852 0.003906 0.005859
0 0.801758 0.541992 0.001953 0.001953
0 0.745117 0.541992 0.001953 0.001953
0 0.428711 0.541992 0.001953 0.001953
0 0.951172 0.543945 0.007812 0.009766
0 0.801758 0.538086 0.001953 0.001953
1 0.999023 0.536133 0.001953 0.001953
0 0.794922 0.534180 0.003906 0.001953
0 0.549805 0.534180 0.001953 0.001953
0 0.536133 0.534180 0.001953 0.001953
0 0.532227 0.532227 0.001953 0.001953
0 0.538086 0.530273 0.001953 0.001953
0 0.870117 0.528320 0.001953 0.001953
0 0.137695 0.540039 0.033203 0.029297
0 0.754883 0.525391 0.005859 0.003906
0 0.909180 0.521484 0.001953 0.003906
0 0.905273 0.514648 0.001953 0.001953
0 0.791992 0.514648 0.001953 0.001953
0 0.585938 0.526367 0.035156 0.033203
0 0.122070 0.513672 0.013672 0.007812
0 0.924805 0.508789 0.001953 0.001953
0 0.665039 0.508789 0.001953 0.001953
0 0.003906 0.511719 0.007812 0.011719
0 0.860352 0.502930 0.001953 0.001953
0 0.404297 0.564453 0.269531 0.125000
1 0.985352 0.526367 0.029297 0.052734
0 0.563477 0.499023 0.001953 0.001953
0 0.556641 0.495117 0.003906 0.001953
0 0.233398 0.495117 0.001953 0.001953
1 0.745117 0.493164 0.001953 0.001953
0 0.536133 0.493164 0.001953 0.001953
0 0.547852 0.489258 0.001953 0.001953
0 0.536133 0.489258 0.001953 0.001953
0 0.859375 0.489258 0.003906 0.005859
1 0.770508 0.485352 0.001953 0.001953
0 0.631836 0.493164 0.025391 0.021484
0 0.553711 0.482422 0.005859 0.003906
1 0.710938 0.479492 0.003906 0.001953
1 0.556641 0.477539 0.003906 0.001953
0 0.540039 0.486328 0.025391 0.023438
0 0.533203 0.476562 0.003906 0.003906
0 0.788086 0.473633 0.001953 0.001953
0 0.688477 0.475586 0.009766 0.005859
0 0.528320 0.473633 0.001953 0.001953
0 0.293945 0.473633 0.001953 0.001953
0 0.282227 0.473633 0.001953 0.001953
1 0.770508 0.471680 0.001953 0.001953
0 0.425781 0.476562 0.015625 0.015625
0 0.625000 0.466797 0.003906 0.003906
0 0.266602 0.461914 0.001953 0.001953
0 0.265625 0.479492 0.039062 0.037109
0 0.025391 0.479492 0.050781 0.041016
0 0.293945 0.456055 0.001953 0.001953
0 0.281250 0.458008 0.007812 0.009766
0 0.723633 0.502930 0.048828 0.103516
0 0.258789 0.446289 0.001953 0.001953
0 0.864258 0.444336 0.001953 0.001953
0 0.916992 0.440430 0.001953 0.001953
0 0.654297 0.452148 0.027344 0.025391
0 0.043945 0.443359 0.009766 0.007812
0 0.508789 0.438477 0.001953 0.001953
0 0.888672 0.453125 0.042969 0.039062
0 0.833008 0.434570 0.001953 0.001953
0 0.442383 0.432617 0.001953 0.001953
0 0.842773 0.424805 0.001953 0.001953
0 0.169922 0.420898 0.003906 0.005859
0 0.483398 0.413086 0.001953 0.001953
0 0.353516 0.413086 0.003906 0.001953
0 0.184570 0.419922 0.017578 0.015625
0 0.292969 0.412109 0.003906 0.003906
0 0.842773 0.409180 0.001953 0.001953
0 0.497070 0.424805 0.029297 0.033203
0 0.478516 0.411133 0.003906 0.005859
0 0.348633 0.409180 0.001953 0.001953
0 0.850586 0.405273 0.001953 0.001953
1 0.703125 0.405273 0.003906 0.001953
1 0.590820 0.405273 0.001953 0.001953
1 0.620117 0.404297 0.005859 0.003906
0 0.555664 0.403320 0.001953 0.001953
0 0.852539 0.401367 0.001953 0.001953
1 0.711914 0.401367 0.001953 0.001953
1 0.633789 0.416992 0.025391 0.033203
0 0.304688 0.441406 0.089844 0.085938
1 0.583008 0.438477 0.080078 0.083984
0 0.362305 0.397461 0.001953 0.001953
0 0.553711 0.395508 0.001953 0.001953
0 0.722656 0.399414 0.011719 0.013672
0 0.483398 0.393555 0.001953 0.001953
0 0.474609 0.399414 0.019531 0.013672
0 0.461914 0.393555 0.001953 0.001953
1 0.672852 0.413086 0.044922 0.044922
1 0.657227 0.393555 0.005859 0.005859
0 0.378906 0.392578 0.007812 0.003906
1 0.764648 0.389648 0.005859 0.001953
0 0.588867 0.389648 0.001953 0.001953
1 0.595703 0.387695 0.003906 0.001953
0 0.400391 0.386719 0.003906 0.003906
0 0.270508 0.383789 0.001953 0.001953
0 0.082031 0.384766 0.003906 0.003906
0 0.477539 0.381836 0.001953 0.001953
1 0.612305 0.391602 0.041016 0.025391
1 0.890625 0.378906 0.003906 0.003906
0 0.482422 0.381836 0.003906 0.009766
0 0.264648 0.375977 0.001953 0.001953
0 0.260742 0.375977 0.001953 0.001953
0 0.520508 0.377930 0.005859 0.009766
0 0.875000 0.381836 0.019531 0.021484
0 0.260742 0.372070 0.001953 0.001953
1 0.985352 0.368164 0.001953 0.001953
0 0.576172 0.370117 0.003906 0.005859
0 0.540039 0.378906 0.013672 0.023438
0 0.617188 0.366211 0.007812 0.001953
0 0.481445 0.366211 0.001953 0.001953
1 0.989258 0.364258 0.001953 0.001953
1 0.823242 0.364258 0.001953 0.001953
1 0.750977 0.364258 0.001953 0.001953
1 0.977539 0.362305 0.001953 0.001953
0 0.741211 0.365234 0.017578 0.007812
0 0.633789 0.362305 0.001953 0.001953
0 0.560547 0.373047 0.027344 0.023438
1 0.549805 0.362305 0.001953 0.001953
1 0.545898 0.362305 0.001953 0.001953
0 0.481445 0.362305 0.001953 0.001953
0 0.438477 0.362305 0.001953 0.001953
0 0.618164 0.358398 0.001953 0.001953
1 0.553711 0.358398 0.001953 0.001953
0 0.381836 0.359375 0.001953 0.003906
0 0.375977 0.358398 0.001953 0.001953
0 0.718750 0.373047 0.039062 0.046875
0 0.610352 0.352539 0.001953 0.005859
0 0.427734 0.376953 0.078125 0.058594
0 0.264648 0.340820 0.001953 0.001953
0 0.694336 0.340820 0.025391 0.013672
0 0.663086 0.334961 0.001953 0.001953
1 0.581055 0.338867 0.009766 0.009766
1 0.992188 0.349609 0.015625 0.035156
0 0.680664 0.329102 0.001953 0.001953
0 0.672852 0.329102 0.001953 0.001953
0 0.676758 0.327148 0.001953 0.001953
0 0.517578 0.353516 0.074219 0.054688
1 0.929688 0.319336 0.003906 0.001953
0 0.069336 0.319336 0.001953 0.001953
0 0.458984 0.327148 0.031250 0.029297
1 0.937500 0.312500 0.007812 0.003906
0 0.446289 0.311523 0.001953 0.001953
0 0.809570 0.425781 0.107422 0.234375
0 0.737305 0.317383 0.025391 0.017578
0 0.014648 0.337891 0.029297 0.058594
0 0.001953 0.308594 0.003906 0.003906
1 0.981445 0.304688 0.001953 0.003906
0 0.698242 0.303711 0.001953 0.001953
0 0.010742 0.305664 0.005859 0.005859
1 0.907227 0.304688 0.009766 0.007812
0 0.709961 0.299805 0.001953 0.001953
0 0.698242 0.299805 0.001953 0.001953
0 0.718750 0.297852 0.003906 0.005859
0 0.698242 0.295898 0.001953 0.001953
0 0.106445 0.295898 0.001953 0.001953
0 0.719727 0.291992 0.001953 0.001953
0 0.159180 0.301758 0.025391 0.021484
0 0.043945 0.292969 0.001953 0.003906
0 0.000977 0.291992 0.001953 0.001953
0 0.649414 0.336914 0.091797 0.095703
0 0.690430 0.288086 0.001953 0.001953
0 0.028320 0.288086 0.001953 0.001953
0 0.358398 0.284180 0.001953 0.001953
0 0.760742 0.282227 0.001953 0.001953
0 0.887695 0.280273 0.001953 0.001953
0 0.682617 0.280273 0.001953 0.001953
0 0.186523 0.280273 0.001953 0.001953
0 0.023438 0.283203 0.011719 0.007812
0 0.754883 0.279297 0.005859 0.003906
0 0.530273 0.278320 0.009766 0.005859
1 0.770508 0.278320 0.005859 0.009766
0 0.682617 0.274414 0.001953 0.001953
0 0.337891 0.285156 0.023438 0.023438
0 0.268555 0.270508 0.001953 0.001953
0 0.109375 0.271484 0.003906 0.003906
0 0.083008 0.295898 0.068359 0.052734
0 0.412109 0.274414 0.019531 0.013672
0 0.114258 0.268555 0.001953 0.001953
0 0.045898 0.280273 0.029297 0.025391
0 0.874023 0.266602 0.001953 0.001953
0 0.682617 0.267578 0.005859 0.003906
0 0.836914 0.264648 0.001953 0.001953
0 0.186523 0.270508 0.013672 0.013672
0 0.180664 0.264648 0.001953 0.001953
0 0.875000 0.260742 0.003906 0.001953
0 0.665039 0.277344 0.021484 0.035156
0 0.190430 0.260742 0.001953 0.001953
0 0.850586 0.269531 0.025391 0.027344
0 0.718750 0.282227 0.050781 0.052734
0 0.068359 0.254883 0.003906 0.001953
0 0.719727 0.252930 0.001953 0.001953
0 0.701172 0.252930 0.003906 0.001953
0 0.662109 0.253906 0.003906 0.003906
0 0.508789 0.252930 0.001953 0.001953
0 0.074219 0.252930 0.003906 0.001953
0 0.581055 0.250977 0.001953 0.001953
0 0.852539 0.250977 0.005859 0.005859
0 0.661133 0.249023 0.001953 0.001953
0 0.298828 0.284180 0.058594 0.072266
0 0.742188 0.250000 0.003906 0.007812
0 0.073242 0.248047 0.001953 0.003906
0 0.700195 0.245117 0.001953 0.001953
0 0.502930 0.245117 0.001953 0.001953
0 0.061523 0.249023 0.017578 0.013672
0 0.931641 0.245117 0.011719 0.009766
0 0.478516 0.242188 0.003906 0.003906
0 0.422852 0.243164 0.001953 0.005859
0 0.270508 0.239258 0.001953 0.001953
0 0.969727 0.243164 0.013672 0.013672
0 0.401367 0.231445 0.001953 0.001953
0 0.336914 0.232422 0.005859 0.003906
0 0.297852 0.231445 0.001953 0.001953
0 0.239258 0.232422 0.001953 0.003906
0 0.428711 0.230469 0.001953 0.003906
0 0.360352 0.229492 0.001953 0.001953
0 0.351562 0.227539 0.003906 0.001953
0 0.344727 0.227539 0.001953 0.001953
0 0.757812 0.230469 0.011719 0.015625
0 0.458008 0.223633 0.001953 0.001953
0 0.450195 0.237305 0.048828 0.029297
0 0.308594 0.228516 0.019531 0.019531
0 0.578125 0.240234 0.085938 0.054688
0 0.274414 0.225586 0.021484 0.025391
0 0.500977 0.224609 0.025391 0.035156
0 0.813477 0.198242 0.001953 0.001953
0 0.831055 0.194336 0.001953 0.001953
0 0.649414 0.187500 0.005859 0.003906
0 0.659180 0.182617 0.001953 0.001953
0 0.815430 0.178711 0.005859 0.005859
0 0.925781 0.170898 0.003906 0.001953
0 0.354492 0.170898 0.001953 0.001953
0 0.346680 0.163086 0.001953 0.001953
0 0.420898 0.159180 0.001953 0.001953
0 0.508789 0.151367 0.001953 0.001953
0 0.303711 0.151367 0.001953 0.001953
0 0.297852 0.157227 0.017578 0.013672
0 0.233398 0.157227 0.009766 0.017578
0 0.225586 0.149414 0.001953 0.001953
1 0.670898 0.145508 0.001953 0.001953
0 0.768555 0.147461 0.005859 0.009766
0 0.750977 0.141602 0.001953 0.001953
0 0.538086 0.143555 0.009766 0.009766
0 0.245117 0.138672 0.001953 0.003906
0 0.824219 0.135742 0.003906 0.001953
0 0.735352 0.127930 0.001953 0.001953
0 0.826172 0.126953 0.003906 0.003906
0 0.741211 0.125977 0.001953 0.001953
0 0.352539 0.124023 0.001953 0.001953
0 0.242188 0.129883 0.015625 0.013672
0 0.833008 0.122070 0.001953 0.001953
0 0.825195 0.122070 0.001953 0.001953
0 0.119141 0.125977 0.015625 0.009766
0 0.691406 0.198242 0.085938 0.158203
0 0.952148 0.118164 0.001953 0.001953
0 0.947266 0.119141 0.003906 0.003906
1 0.963867 0.116211 0.001953 0.001953
0 0.850586 0.116211 0.001953 0.001953
0 0.952148 0.114258 0.001953 0.001953
1 0.919922 0.120117 0.011719 0.013672
1 0.870117 0.114258 0.001953 0.001953
1 0.750977 0.125977 0.009766 0.025391
0 0.708984 0.117188 0.011719 0.007812
0 0.025391 0.121094 0.011719 0.015625
0 0.844727 0.112305 0.001953 0.001953
0 0.540039 0.112305 0.001953 0.001953
0 0.042969 0.116211 0.015625 0.013672
1 0.868164 0.109375 0.005859 0.003906
0 0.679688 0.110352 0.003906 0.005859
0 0.125000 0.109375 0.003906 0.003906
0 0.944336 0.108398 0.001953 0.005859
0 0.692383 0.106445 0.001953 0.001953
0 0.801758 0.139648 0.064453 0.072266
0 0.638672 0.102539 0.003906 0.001953
0 0.632812 0.102539 0.003906 0.001953
0 0.946289 0.100586 0.001953 0.001953
0 0.689453 0.113281 0.015625 0.027344
0 0.536133 0.101562 0.009766 0.003906
0 0.131836 0.101562 0.001953 0.003906
0 0.656250 0.105469 0.015625 0.015625
0 0.840820 0.096680 0.001953 0.001953
0 0.684570 0.096680 0.001953 0.001953
0 0.666992 0.096680 0.001953 0.001953
0 0.649414 0.096680 0.001953 0.001953
0 0.625977 0.096680 0.001953 0.001953
0 0.960938 0.102539 0.023438 0.017578
0 0.670898 0.094727 0.001953 0.001953
0 0.850586 0.107422 0.033203 0.031250
0 0.838867 0.092773 0.001953 0.001953
0 0.575195 0.092773 0.001953 0.001953
0 0.122070 0.092773 0.001953 0.001953
1 0.853516 0.091797 0.003906 0.003906
0 0.652344 0.091797 0.003906 0.003906
0 0.662109 0.091797 0.011719 0.007812
0 0.131836 0.095703 0.017578 0.019531
1 0.875977 0.083984 0.005859 0.003906
0 0.768555 0.083008 0.001953 0.001953
0 0.679688 0.081055 0.003906 0.001953
0 0.105469 0.080078 0.007812 0.003906
0 0.942383 0.077148 0.001953 0.001953
0 0.125000 0.076172 0.011719 0.003906
0 0.631836 0.075195 0.005859 0.005859
1 0.872070 0.070312 0.001953 0.003906
0 0.770508 0.069336 0.001953 0.001953
0 0.915039 0.067383 0.001953 0.001953
0 0.778320 0.065430 0.001953 0.001953
0 0.510742 0.067383 0.001953 0.005859
0 0.790039 0.075195 0.029297 0.025391
0 0.129883 0.061523 0.001953 0.001953
0 0.522461 0.059570 0.001953 0.001953
0 0.764648 0.057617 0.001953 0.001953
1 0.831055 0.057617 0.005859 0.005859
0 0.893555 0.065430 0.037109 0.025391
0 0.869141 0.058594 0.011719 0.011719
0 0.705078 0.079102 0.042969 0.052734
0 0.710938 0.049805 0.003906 0.001953
0 0.516602 0.054688 0.005859 0.011719
0 0.947266 0.063477 0.039062 0.041016
0 0.358398 0.043945 0.001953 0.001953
0 0.110352 0.043945 0.001953 0.001953
0 0.928711 0.041992 0.001953 0.001953
0 0.753906 0.059570 0.027344 0.041016
0 0.367188 0.040039 0.003906 0.001953
0 0.389648 0.150391 0.396484 0.222656
0 0.928711 0.038086 0.001953 0.001953
1 0.838867 0.034180 0.001953 0.001953
0 0.452148 0.034180 0.001953 0.001953
0 0.997070 0.030273 0.005859 0.001953
1 0.834961 0.032227 0.001953 0.005859
0 0.528320 0.040039 0.029297 0.033203
0 0.983398 0.022461 0.001953 0.001953
0 0.786133 0.033203 0.021484 0.023438
0 0.791992 0.020508 0.001953 0.001953
0 0.898438 0.025391 0.023438 0.027344
0 0.879883 0.013672 0.005859 0.003906
0 0.838867 0.010742 0.001953 0.001953
0 0.387695 0.028320 0.041016 0.041016
0 0.127930 0.008789 0.001953 0.001953
0 0.944336 0.006836 0.001953 0.001953
0 0.975586 0.009766 0.013672 0.011719
0 0.819336 0.002930 0.001953 0.001953
0 0.424805 0.002930 0.001953 0.001953
0 0.419922 0.002930 0.003906 0.001953
0 0.978516 0.002930 0.003906 0.005859
0 0.967773 0.000977 0.001953 0.001953
0 0.956055 0.002930 0.009766 0.005859
0 0.866211 0.009766 0.025391 0.019531
0 0.844727 0.001953 0.013672 0.003906
0 0.832031 0.000977 0.003906 0.001953
0 0.812500 0.001953 0.003906 0.003906
0 0.806641 0.009766 0.019531 0.019531
0 0.594727 0.049805 0.103516 0.099609
0 0.456055 0.015625 0.029297 0.031250
1 0.163086 0.002930 0.001953 0.005859
0 0.126953 0.035156 0.066406 0.070312
0 0.134766 0.002930 0.007812 0.005859
2 0.004883 0.999023 0.005859 0.001953
2 0.742188 0.995117 0.007812 0.005859
2 0.241211 0.993164 0.001953 0.001953
3 0.237305 0.992188 0.001953 0.003906
2 0.485352 0.989258 0.001953 0.001953
2 0.696289 0.985352 0.001953 0.001953
2 0.753906 0.984375 0.003906 0.003906
2 0.237305 0.975586 0.001953 0.001953
2 0.234375 0.969727 0.003906 0.001953
2 0.342773 0.967773 0.001953 0.001953
2 0.213867 0.958008 0.001953 0.001953
3 0.097656 0.977539 0.058594 0.044922
2 0.403320 0.940430 0.001953 0.001953
2 0.114258 0.940430 0.001953 0.001953
2 0.766602 0.919922 0.005859 0.003906
2 0.768555 0.915039 0.001953 0.001953
3 0.110352 0.903320 0.001953 0.001953
2 0.002930 0.885742 0.005859 0.001953
2 0.085938 0.875977 0.003906 0.001953
2 0.114258 0.866211 0.001953 0.001953
2 0.108398 0.860352 0.001953 0.001953
2 0.965820 0.858398 0.001953 0.001953
2 0.996094 0.855469 0.003906 0.003906
2 0.984375 0.850586 0.003906 0.001953
2 0.018555 0.848633 0.001953 0.001953
2 0.078125 0.922852 0.156250 0.154297
2 0.981445 0.842773 0.001953 0.001953
2 0.993164 0.845703 0.013672 0.019531
2 0.160156 0.828125 0.003906 0.003906
2 0.375977 0.805664 0.001953 0.001953
2 0.370117 0.804688 0.005859 0.003906
2 0.276367 0.795898 0.001953 0.001953
2 0.270508 0.793945 0.005859 0.005859
2 0.133789 0.784180 0.001953 0.001953
2 0.226562 0.783203 0.003906 0.003906
2 0.231445 0.780273 0.001953 0.001953
2 0.233398 0.776367 0.001953 0.001953
2 0.200195 0.764648 0.001953 0.001953
2 0.352539 0.762695 0.001953 0.001953
2 0.334961 0.747070 0.001953 0.001953
2 0.282227 0.721680 0.001953 0.001953
2 0.258789 0.686523 0.001953 0.001953
3 0.999023 0.520508 0.001953 0.001953
2 0.001953 0.483398 0.003906 0.009766
3 0.987305 0.358398 0.001953 0.001953
2 0.004883 0.350586 0.009766 0.005859
2 0.622070 0.079102 0.001953 0.001953
2 0.577148 0.079102 0.001953 0.001953
2 0.579102 0.073242 0.001953 0.001953
2 0.594727 0.072266 0.005859 0.007812
2 0.590820 0.058594 0.005859 0.007812
2 0.868164 0.012695 0.001953 0.001953
2 0.864258 0.012695 0.001953 0.001953
2 0.625000 0.004883 0.003906 0.001953
2 0.589844 0.002930 0.007812 0.005859
2 0.461914 0.000977 0.001953 0.001953
2 0.458008 0.000977 0.001953 0.001953
2 0.500000 0.500000 1.000000 1.000000