1 0.377930 0.999023 0.001953 0.001953
1 0.590820 0.997070 0.001953 0.001953
0 0.972656 0.996094 0.003906 0.007812
1 0.858398 0.991211 0.001953 0.005859
1 0.301758 0.992188 0.013672 0.015625
1 0.747070 0.990234 0.044922 0.019531
1 0.224609 0.990234 0.015625 0.019531
1 0.450195 0.989258 0.138672 0.021484
1 0.013672 0.986328 0.027344 0.027344
1 0.140625 0.984375 0.019531 0.031250
1 0.947266 0.971680 0.007812 0.009766
1 0.926758 0.967773 0.009766 0.005859
1 0.084961 0.967773 0.005859 0.009766
1 0.601562 0.971680 0.011719 0.021484
1 0.210938 0.961914 0.015625 0.009766
1 0.876953 0.977539 0.046875 0.044922
1 0.240234 0.961914 0.015625 0.013672
1 0.062500 0.958008 0.003906 0.005859
1 0.414062 0.955078 0.003906 0.003906
1 0.370117 0.957031 0.021484 0.019531
1 0.868164 0.945312 0.001953 0.003906
1 0.950195 0.942383 0.001953 0.001953
1 0.007812 0.951172 0.015625 0.019531
1 0.978516 0.956055 0.042969 0.033203
1 0.846680 0.943359 0.009766 0.007812
1 0.318359 0.947266 0.015625 0.015625
1 0.824219 0.967773 0.031250 0.064453
0 0.428711 0.936523 0.001953 0.001953
1 0.424805 0.935547 0.001953 0.003906
1 0.426758 0.930664 0.001953 0.001953
1 0.859375 0.937500 0.011719 0.023438
1 0.375977 0.930664 0.052734 0.013672
1 0.639648 0.924805 0.029297 0.009766
1 0.669922 0.919922 0.015625 0.003906
1 0.518555 0.916992 0.001953 0.001953
1 0.977539 0.911133 0.001953 0.001953
1 0.966797 0.924805 0.066406 0.037109
1 0.938477 0.906250 0.005859 0.007812
1 0.817383 0.915039 0.017578 0.033203
1 0.888672 0.898438 0.003906 0.003906
1 0.611328 0.947266 0.183594 0.105469
0 0.092773 0.910156 0.017578 0.035156
1 0.044922 0.904297 0.054688 0.027344
1 0.932617 0.888672 0.013672 0.011719
1 0.000977 0.886719 0.001953 0.007812
1 0.814453 0.886719 0.015625 0.023438
1 0.532227 0.882812 0.013672 0.015625
1 0.664062 0.889648 0.027344 0.033203
1 0.342773 0.875000 0.009766 0.015625
1 0.878906 0.851562 0.019531 0.007812
1 0.606445 0.877930 0.033203 0.060547
1 0.234375 0.862305 0.019531 0.029297
0 0.219727 0.848633 0.001953 0.001953
1 0.029297 0.850586 0.015625 0.005859
1 0.014648 0.848633 0.001953 0.001953
1 0.821289 0.859375 0.009766 0.027344
1 0.691406 0.850586 0.007812 0.009766
1 0.403320 0.885742 0.044922 0.083984
1 0.853516 0.843750 0.011719 0.015625
1 0.474609 0.846680 0.023438 0.029297
1 0.193359 0.833984 0.007812 0.011719
1 0.734375 0.833008 0.019531 0.017578
1 0.691406 0.822266 0.011719 0.007812
1 0.866211 0.819336 0.005859 0.005859
1 0.639648 0.837891 0.029297 0.042969
1 0.829102 0.821289 0.009766 0.013672
1 0.674805 0.821289 0.009766 0.025391
1 0.444336 0.808594 0.005859 0.003906
0 0.725586 0.805664 0.009766 0.005859
1 0.442383 0.799805 0.001953 0.001953
1 0.476562 0.812500 0.046875 0.039062
1 0.756836 0.795898 0.005859 0.009766
1 0.495117 0.792969 0.013672 0.031250
1 0.333008 0.772461 0.009766 0.005859
1 0.910156 0.833984 0.031250 0.132812
1 0.864258 0.780273 0.048828 0.025391
1 0.729492 0.772461 0.025391 0.013672
1 0.482422 0.768555 0.031250 0.009766
0 0.333008 0.764648 0.001953 0.001953
0 0.241211 0.763672 0.005859 0.007812
1 0.815430 0.772461 0.029297 0.029297
1 0.122070 0.742188 0.009766 0.011719
1 0.716797 0.735352 0.007812 0.005859
1 0.024414 0.752930 0.048828 0.041016
1 0.358398 0.793945 0.162109 0.126953
1 0.845703 0.735352 0.007812 0.013672
1 0.001953 0.732422 0.003906 0.007812
1 0.491211 0.727539 0.005859 0.005859
1 0.425781 0.726562 0.003906 0.003906
1 0.725586 0.726562 0.009766 0.007812
1 0.826172 0.722656 0.003906 0.003906
1 0.714844 0.723633 0.011719 0.013672
1 0.785156 0.715820 0.003906 0.001953
1 0.178711 0.720703 0.009766 0.011719
1 0.024414 0.716797 0.005859 0.007812
1 0.274414 0.736328 0.056641 0.054688
1 0.635742 0.778320 0.130859 0.146484
1 0.844727 0.707031 0.005859 0.015625
0 0.365234 0.708984 0.023438 0.019531
1 0.896484 0.698242 0.003906 0.001953
1 0.709961 0.696289 0.001953 0.001953
1 0.701172 0.700195 0.007812 0.009766
1 0.975586 0.689453 0.009766 0.011719
0 0.381836 0.691406 0.009766 0.015625
1 0.252930 0.715820 0.103516 0.083984
1 0.272461 0.674805 0.001953 0.001953
1 0.092773 0.681641 0.013672 0.019531
1 0.827148 0.672852 0.005859 0.005859
1 0.776367 0.687500 0.029297 0.035156
1 0.993164 0.681641 0.013672 0.031250
1 0.873047 0.670898 0.007812 0.013672
1 0.225586 0.666992 0.005859 0.005859
1 0.084961 0.665039 0.005859 0.005859
1 0.586914 0.664062 0.009766 0.011719
1 0.875977 0.655273 0.009766 0.013672
1 0.906250 0.655273 0.019531 0.021484
1 0.988281 0.651367 0.023438 0.025391
1 0.576172 0.640625 0.007812 0.007812
1 0.549805 0.636719 0.001953 0.003906
1 0.131836 0.647461 0.060547 0.025391
1 0.682617 0.634766 0.005859 0.007812
0 0.330078 0.632812 0.007812 0.003906
1 0.041992 0.655273 0.083984 0.052734
0 0.786133 0.627930 0.001953 0.001953
1 0.206055 0.631836 0.013672 0.009766
1 0.823242 0.646484 0.052734 0.050781
1 0.710938 0.632812 0.011719 0.027344
1 0.309570 0.618164 0.001953 0.001953
1 0.274414 0.618164 0.001953 0.001953
1 0.531250 0.619141 0.015625 0.011719
1 0.512695 0.619141 0.013672 0.015625
1 0.066406 0.613281 0.003906 0.003906
1 0.344727 0.614258 0.009766 0.009766
1 0.748047 0.611328 0.003906 0.007812
1 0.708008 0.611328 0.009766 0.011719
1 0.323242 0.608398 0.005859 0.005859
1 0.554688 0.604492 0.003906 0.001953
1 0.047852 0.618164 0.013672 0.029297
1 0.182617 0.610352 0.029297 0.017578
0 0.583008 0.599609 0.001953 0.003906
1 0.296875 0.612305 0.046875 0.029297
1 0.373047 0.646484 0.113281 0.105469
0 0.992188 0.597656 0.015625 0.011719
1 0.215820 0.594727 0.001953 0.005859
1 0.797852 0.594727 0.013672 0.009766
1 0.728516 0.621094 0.027344 0.062500
0 0.573242 0.590820 0.001953 0.001953
1 0.436523 0.590820 0.001953 0.001953
1 0.845703 0.585938 0.003906 0.003906
0 0.768555 0.591797 0.013672 0.015625
0 0.619141 0.583984 0.003906 0.003906
1 0.850586 0.581055 0.001953 0.001953
1 0.821289 0.590820 0.025391 0.021484
0 0.575195 0.579102 0.001953 0.001953
1 0.105469 0.583008 0.015625 0.009766
1 0.854492 0.571289 0.001953 0.001953
1 0.697266 0.581055 0.015625 0.021484
1 0.458984 0.581055 0.023438 0.021484
1 0.353516 0.572266 0.003906 0.003906
1 0.713867 0.569336 0.001953 0.001953
1 0.153320 0.581055 0.017578 0.025391
1 0.964844 0.571289 0.019531 0.013672
1 0.272461 0.572266 0.017578 0.015625
1 0.736328 0.572266 0.039062 0.031250
1 0.138672 0.564453 0.011719 0.015625
1 0.272461 0.556641 0.009766 0.003906
1 0.832031 0.566406 0.035156 0.027344
1 0.095703 0.554688 0.007812 0.007812
1 0.245117 0.553711 0.009766 0.013672
1 0.854492 0.557617 0.009766 0.025391
0 0.536133 0.543945 0.001953 0.001953
1 0.997070 0.540039 0.005859 0.001953
1 0.001953 0.542969 0.003906 0.007812
1 0.930664 0.545898 0.025391 0.021484
1 0.968750 0.541992 0.011719 0.017578
0 0.545898 0.535156 0.001953 0.003906
1 0.928711 0.530273 0.001953 0.001953
0 0.073242 0.524414 0.001953 0.001953
1 0.905273 0.522461 0.001953 0.001953
1 0.695312 0.526367 0.011719 0.009766
1 0.600586 0.525391 0.005859 0.007812
1 0.258789 0.531250 0.013672 0.019531
1 0.407227 0.522461 0.009766 0.005859
1 0.946289 0.522461 0.017578 0.009766
1 0.216797 0.551758 0.039062 0.068359
1 0.196289 0.518555 0.001953 0.001953
1 0.178711 0.519531 0.005859 0.003906
0 0.061523 0.521484 0.009766 0.007812
1 0.910156 0.516602 0.003906 0.001953
1 0.306641 0.520508 0.011719 0.013672
1 0.046875 0.550781 0.089844 0.078125
1 0.919922 0.511719 0.007812 0.003906
0 0.800781 0.514648 0.011719 0.013672
1 0.075195 0.502930 0.001953 0.001953
1 0.573242 0.506836 0.013672 0.013672
1 0.277344 0.505859 0.007812 0.011719
1 0.746094 0.510742 0.066406 0.037109
1 0.711914 0.491211 0.001953 0.001953
1 0.782227 0.488281 0.001953 0.003906
1 0.356445 0.492188 0.009766 0.011719
1 0.518555 0.670898 0.205078 0.373047
1 0.887695 0.479492 0.001953 0.001953
1 0.246094 0.483398 0.003906 0.009766
1 0.183594 0.489258 0.011719 0.021484
1 0.650391 0.487305 0.027344 0.021484
1 0.400391 0.491211 0.015625 0.029297
1 0.372070 0.479492 0.005859 0.005859
1 0.059570 0.491211 0.025391 0.029297
1 0.032227 0.488281 0.017578 0.023438
1 0.792969 0.480469 0.015625 0.015625
1 0.716797 0.474609 0.011719 0.011719
0 0.876953 0.474609 0.023438 0.015625
1 0.851562 0.464844 0.011719 0.007812
1 0.836914 0.460938 0.009766 0.007812
1 0.657227 0.459961 0.009766 0.009766
1 0.508789 0.459961 0.021484 0.013672
1 0.476562 0.458008 0.023438 0.025391
1 0.295898 0.446289 0.001953 0.001953
1 0.381836 0.444336 0.013672 0.005859
1 0.166992 0.445312 0.009766 0.011719
1 0.798828 0.447266 0.015625 0.019531
1 0.498047 0.446289 0.011719 0.017578
1 0.284180 0.439453 0.005859 0.007812
0 0.918945 0.469727 0.021484 0.072266
0 0.919922 0.433594 0.003906 0.003906
0 0.754883 0.432617 0.009766 0.005859
0 0.889648 0.439453 0.025391 0.023438
0 0.348633 0.420898 0.001953 0.001953
1 0.234375 0.425781 0.011719 0.011719
0 0.903320 0.423828 0.009766 0.011719
1 0.815430 0.418945 0.009766 0.009766
0 0.877930 0.418945 0.009766 0.013672
1 0.216797 0.416016 0.007812 0.007812
1 0.541016 0.412109 0.003906 0.003906
0 0.339844 0.411133 0.003906 0.001953
1 0.309570 0.401367 0.001953 0.001953
0 0.390625 0.400391 0.003906 0.015625
1 0.141602 0.404297 0.029297 0.023438
0 0.422852 0.394531 0.005859 0.011719
1 0.856445 0.389648 0.009766 0.009766
1 0.777344 0.413086 0.015625 0.056641
1 0.727539 0.397461 0.009766 0.025391
0 0.002930 0.387695 0.005859 0.005859
1 0.798828 0.396484 0.023438 0.027344
0 0.924805 0.393555 0.017578 0.025391
0 0.537109 0.384766 0.003906 0.007812
1 0.711914 0.375000 0.001953 0.003906
1 0.133789 0.379883 0.017578 0.013672
0 0.516602 0.377930 0.005859 0.013672
1 0.850586 0.376953 0.021484 0.019531
0 0.597656 0.369141 0.007812 0.007812
1 0.602539 0.364258 0.001953 0.001953
1 0.406250 0.368164 0.011719 0.013672
1 0.379883 0.371094 0.033203 0.019531
1 0.615234 0.367188 0.019531 0.015625
1 0.986328 0.363281 0.011719 0.011719
1 0.375000 0.357422 0.003906 0.003906
1 0.237305 0.385742 0.076172 0.060547
0 0.072266 0.361328 0.023438 0.019531
0 0.766602 0.353516 0.017578 0.019531
0 0.070312 0.338867 0.003906 0.005859
1 0.525391 0.357422 0.109375 0.046875
1 0.809570 0.334961 0.013672 0.009766
1 0.311523 0.341797 0.013672 0.023438
1 0.832031 0.332031 0.015625 0.015625
1 0.393555 0.330078 0.009766 0.011719
1 0.786133 0.333984 0.021484 0.027344
1 0.055664 0.319336 0.001953 0.001953
1 0.182617 0.324219 0.013672 0.015625
1 0.285156 0.312500 0.003906 0.003906
1 0.166016 0.316406 0.015625 0.011719
1 0.436523 0.313477 0.013672 0.009766
1 0.728516 0.316406 0.015625 0.023438
1 0.330078 0.390625 0.085938 0.171875
1 0.833984 0.302734 0.003906 0.003906
1 0.829102 0.301758 0.001953 0.001953
1 0.793945 0.301758 0.001953 0.001953
1 0.268555 0.297852 0.001953 0.001953
1 0.666992 0.298828 0.009766 0.011719
1 0.414062 0.297852 0.011719 0.009766
1 0.891602 0.291992 0.001953 0.001953
1 0.636719 0.288086 0.003906 0.001953
1 0.499023 0.306641 0.072266 0.039062
1 0.903320 0.286133 0.001953 0.001953
1 0.653320 0.286133 0.001953 0.001953
1 0.548828 0.288086 0.011719 0.009766
1 0.885742 0.286133 0.009766 0.009766
1 0.375000 0.286133 0.003906 0.009766
1 0.815430 0.288086 0.017578 0.017578
1 0.553711 0.280273 0.001953 0.001953
1 0.333984 0.289062 0.023438 0.023438
1 0.289062 0.278320 0.007812 0.009766
1 0.061523 0.276367 0.009766 0.009766
1 0.583984 0.277344 0.011719 0.015625
1 0.557617 0.268555 0.001953 0.001953
0 0.119141 0.277344 0.023438 0.019531
1 0.991211 0.274414 0.017578 0.021484
1 0.401367 0.265625 0.005859 0.003906
1 0.056641 0.262695 0.003906 0.001953
1 0.621094 0.278320 0.054688 0.037109
1 0.071289 0.265625 0.013672 0.011719
1 0.711914 0.257812 0.005859 0.007812
1 0.108398 0.258789 0.009766 0.009766
0 0.287109 0.251953 0.003906 0.003906
1 0.312500 0.264648 0.015625 0.033203
1 0.812500 0.248047 0.015625 0.011719
1 0.392578 0.245117 0.007812 0.013672
0 0.924805 0.278320 0.064453 0.083984
1 0.677734 0.239258 0.007812 0.005859
1 0.453125 0.237305 0.003906 0.001953
1 0.326172 0.242188 0.027344 0.011719
1 0.081055 0.233398 0.001953 0.001953
1 0.459961 0.232422 0.005859 0.003906
1 0.115234 0.238281 0.015625 0.015625
1 0.445312 0.230469 0.007812 0.007812
1 0.433594 0.223633 0.003906 0.001953
1 0.791992 0.221680 0.001953 0.001953
1 0.634766 0.235352 0.031250 0.029297
1 0.366211 0.221680 0.001953 0.001953
1 0.228516 0.232422 0.035156 0.023438
1 0.819336 0.213867 0.001953 0.001953
1 0.726562 0.211914 0.003906 0.005859
1 0.025391 0.325195 0.050781 0.232422
1 0.972656 0.206055 0.003906 0.001953
1 0.341797 0.211914 0.015625 0.013672
1 0.956055 0.207031 0.005859 0.007812
1 0.871094 0.210938 0.011719 0.015625
1 0.379883 0.200195 0.001953 0.001953
1 0.956055 0.221680 0.087891 0.048828
1 0.290039 0.198242 0.005859 0.005859
1 0.284180 0.196289 0.001953 0.001953
1 0.390625 0.205078 0.039062 0.035156
0 0.055664 0.189453 0.001953 0.003906
1 0.939453 0.193359 0.023438 0.015625
1 0.139648 0.197266 0.115234 0.027344
1 0.771484 0.187500 0.011719 0.011719
1 0.384766 0.187500 0.019531 0.011719
1 0.972656 0.182617 0.003906 0.005859
1 0.402344 0.181641 0.007812 0.007812
1 0.913086 0.174805 0.001953 0.001953
1 0.800781 0.174805 0.003906 0.001953
1 0.208008 0.174805 0.001953 0.001953
1 0.909180 0.170898 0.001953 0.001953
1 0.786133 0.171875 0.009766 0.007812
1 0.720703 0.166992 0.007812 0.009766
1 0.423828 0.163086 0.003906 0.001953
1 0.092773 0.166016 0.009766 0.007812
0 0.055664 0.157227 0.001953 0.001953
0 0.934570 0.155273 0.001953 0.001953
1 0.440430 0.151367 0.009766 0.005859
1 0.571289 0.206055 0.060547 0.119141
1 0.075195 0.166016 0.033203 0.050781
1 0.961914 0.156250 0.052734 0.035156
1 0.931641 0.139648 0.003906 0.001953
1 0.947266 0.131836 0.003906 0.001953
1 0.663086 0.150391 0.068359 0.039062
1 0.126953 0.159180 0.062500 0.056641
1 0.776367 0.129883 0.001953 0.001953
1 0.805664 0.134766 0.009766 0.015625
1 0.356445 0.142578 0.025391 0.031250
1 0.209961 0.133789 0.013672 0.013672
1 0.752930 0.166992 0.048828 0.087891
1 0.401367 0.125977 0.009766 0.005859
1 0.591797 0.131836 0.027344 0.021484
1 0.459961 0.130859 0.052734 0.027344
1 0.850586 0.112305 0.001953 0.001953
1 0.520508 0.110352 0.001953 0.001953
1 0.413086 0.113281 0.001953 0.007812
1 0.069336 0.114258 0.017578 0.013672
1 0.008789 0.119141 0.017578 0.023438
1 0.514648 0.108398 0.005859 0.005859
1 0.748047 0.115234 0.027344 0.023438
1 0.506836 0.104492 0.001953 0.001953
1 0.253906 0.110352 0.011719 0.013672
1 0.553711 0.106445 0.009766 0.009766
1 0.784180 0.112305 0.033203 0.029297
1 0.142578 0.099609 0.007812 0.007812
1 0.623047 0.092773 0.007812 0.005859
1 0.484375 0.095703 0.023438 0.015625
0 0.789062 0.086914 0.003906 0.005859
1 0.951172 0.103516 0.046875 0.046875
1 0.368164 0.081055 0.001953 0.001953
1 0.363281 0.100586 0.093750 0.041016
1 0.279297 0.115234 0.070312 0.070312
1 0.460938 0.085938 0.015625 0.015625
1 0.364258 0.079102 0.001953 0.001953
1 0.666992 0.081055 0.013672 0.013672
0 0.506836 0.072266 0.001953 0.003906
1 0.118164 0.077148 0.013672 0.013672
1 0.006836 0.081055 0.013672 0.021484
1 0.951172 0.073242 0.019531 0.013672
0 0.833008 0.085938 0.037109 0.039062
1 0.679688 0.071289 0.011719 0.013672
1 0.149414 0.062500 0.001953 0.003906
1 0.643555 0.059570 0.001953 0.001953
0 0.823242 0.057617 0.001953 0.001953
1 0.360352 0.062500 0.009766 0.011719
1 0.159180 0.063477 0.017578 0.017578
1 0.138672 0.061523 0.015625 0.013672
1 0.536133 0.062500 0.029297 0.023438
0 0.531250 0.047852 0.007812 0.005859
1 0.180664 0.053711 0.017578 0.021484
1 0.886719 0.103516 0.128906 0.125000
1 0.357422 0.045898 0.011719 0.013672
1 0.733398 0.067383 0.044922 0.072266
1 0.341797 0.036133 0.003906 0.009766
1 0.215820 0.034180 0.009766 0.009766
1 0.709961 0.031250 0.009766 0.011719
1 0.574219 0.032227 0.019531 0.017578
1 0.230469 0.034180 0.015625 0.025391
1 0.735352 0.020508 0.001953 0.001953
0 0.846680 0.028320 0.037109 0.021484
1 0.727539 0.018555 0.001953 0.001953
1 0.749023 0.015625 0.009766 0.007812
1 0.407227 0.012695 0.001953 0.001953
1 0.013672 0.013672 0.011719 0.011719
0 0.789062 0.014648 0.011719 0.017578
1 0.238281 0.067383 0.136719 0.123047
1 0.967773 0.030273 0.064453 0.060547
1 0.884766 0.014648 0.019531 0.029297
1 0.774414 0.008789 0.021484 0.017578
1 0.711914 0.013672 0.033203 0.027344
1 0.650391 0.008789 0.015625 0.017578
1 0.486328 0.013672 0.031250 0.027344
1 0.394531 0.006836 0.019531 0.013672
1 0.156250 0.016602 0.078125 0.033203
3 0.670898 0.999023 0.001953 0.001953
3 0.469727 0.999023 0.001953 0.001953
3 0.452148 0.999023 0.005859 0.001953
3 0.659180 0.995117 0.017578 0.009766
3 0.003906 0.765625 0.007812 0.007812
3 0.015625 0.332031 0.031250 0.199219
3 0.999023 0.218750 0.001953 0.003906
3 0.966797 0.037109 0.011719 0.003906
3 0.975586 0.014648 0.048828 0.029297
3 0.167969 0.000977 0.003906 0.001953
3 0.147461 0.002930 0.033203 0.005859
3 0.500000 0.500000 1.000000 1.000000