1 0.491211 0.999023 0.001953 0.001953
1 0.444336 0.999023 0.001953 0.001953
1 0.415039 0.999023 0.001953 0.001953
1 0.397461 0.999023 0.005859 0.001953
1 0.161133 0.998047 0.001953 0.003906
1 0.422852 0.997070 0.009766 0.005859
1 0.368164 0.996094 0.001953 0.003906
1 0.109375 0.996094 0.015625 0.007812
0 0.844727 0.991211 0.001953 0.001953
1 0.120117 0.991211 0.001953 0.001953
1 0.096680 0.993164 0.001953 0.005859
1 0.102539 0.990234 0.001953 0.003906
0 0.844727 0.985352 0.005859 0.001953
1 0.367188 0.986328 0.003906 0.003906
1 0.161133 0.983398 0.001953 0.001953
1 0.140625 0.990234 0.035156 0.019531
1 0.004883 0.981445 0.001953 0.001953
1 0.616211 0.979492 0.001953 0.001953
1 0.916016 0.980469 0.003906 0.007812
1 0.602539 0.988281 0.033203 0.023438
1 0.550781 0.977539 0.003906 0.001953
1 0.200195 0.977539 0.001953 0.001953
1 0.306641 0.975586 0.003906 0.001953
1 0.586914 0.974609 0.005859 0.003906
1 0.196289 0.973633 0.001953 0.001953
1 0.301758 0.969727 0.001953 0.001953
1 0.621094 0.968750 0.003906 0.003906
1 0.573242 0.968750 0.001953 0.003906
1 0.202148 0.967773 0.001953 0.001953
1 0.194336 0.968750 0.001953 0.003906
1 0.015625 0.983398 0.027344 0.033203
0 0.697266 0.967773 0.003906 0.005859
1 0.375000 0.982422 0.042969 0.035156
1 0.306641 0.968750 0.003906 0.007812
1 0.413086 0.963867 0.001953 0.001953
0 0.748047 0.963867 0.003906 0.005859
0 0.672852 0.961914 0.001953 0.001953
1 0.611328 0.967773 0.011719 0.013672
1 0.197266 0.962891 0.003906 0.003906
1 0.338867 0.959961 0.001953 0.001953
1 0.010742 0.960938 0.001953 0.003906
1 0.003906 0.962891 0.007812 0.007812
1 0.898438 0.960938 0.007812 0.007812
1 0.415039 0.958008 0.001953 0.001953
1 0.375000 0.959961 0.003906 0.005859
1 0.901367 0.957031 0.001953 0.003906
1 0.580078 0.957031 0.003906 0.003906
1 0.568359 0.958008 0.007812 0.005859
1 0.936523 0.956055 0.005859 0.005859
1 0.362305 0.954102 0.001953 0.001953
1 0.204102 0.956055 0.005859 0.005859
1 0.901367 0.952148 0.001953 0.001953
1 0.590820 0.952148 0.001953 0.001953
1 0.373047 0.953125 0.003906 0.003906
1 0.209961 0.952148 0.001953 0.001953
1 0.932617 0.950195 0.001953 0.001953
1 0.329102 0.950195 0.001953 0.001953
1 0.938477 0.948242 0.001953 0.001953
0 0.599609 0.950195 0.011719 0.005859
1 0.221680 0.947266 0.001953 0.003906
1 0.217773 0.947266 0.001953 0.003906
0 0.657227 0.942383 0.001953 0.001953
1 0.001953 0.943359 0.003906 0.003906
1 0.333008 0.940430 0.001953 0.001953
1 0.219727 0.941406 0.005859 0.003906
1 0.935547 0.940430 0.007812 0.005859
0 0.725586 0.938477 0.001953 0.001953
1 0.272461 0.938477 0.001953 0.001953
0 0.646484 0.939453 0.007812 0.007812
1 0.347656 0.949219 0.031250 0.027344
1 0.332031 0.935547 0.003906 0.003906
1 0.219727 0.935547 0.001953 0.003906
1 0.303711 0.933594 0.009766 0.003906
1 0.305664 0.930664 0.001953 0.001953
1 0.260742 0.931641 0.005859 0.003906
1 0.158203 0.932617 0.003906 0.005859
1 0.402344 0.929688 0.003906 0.003906
1 0.304688 0.924805 0.003906 0.001953
1 0.297852 0.924805 0.001953 0.001953
1 0.458008 0.916992 0.001953 0.001953
1 0.414062 0.918945 0.003906 0.005859
1 0.307617 0.916992 0.001953 0.001953
1 0.299805 0.917969 0.005859 0.003906
1 0.916992 0.921875 0.013672 0.015625
1 0.501953 0.918945 0.011719 0.009766
1 0.418945 0.916016 0.001953 0.003906
1 0.803711 0.913086 0.001953 0.001953
1 0.458008 0.913086 0.001953 0.001953
1 0.415039 0.913086 0.001953 0.001953
0 0.957031 0.917969 0.011719 0.015625
1 0.796875 0.912109 0.003906 0.003906
1 0.418945 0.911133 0.001953 0.001953
1 0.296875 0.911133 0.003906 0.001953
1 0.385742 0.926758 0.048828 0.041016
1 0.500977 0.905273 0.001953 0.001953
1 0.462891 0.907227 0.011719 0.005859
1 0.802734 0.903320 0.003906 0.001953
1 0.177734 0.920898 0.035156 0.037109
0 0.754883 0.901367 0.001953 0.001953
1 0.528320 0.901367 0.001953 0.001953
1 0.190430 0.901367 0.001953 0.001953
1 0.180664 0.901367 0.001953 0.001953
1 0.172852 0.901367 0.005859 0.001953
1 0.052734 0.903320 0.019531 0.009766
1 0.532227 0.897461 0.001953 0.005859
1 0.465820 0.895508 0.001953 0.001953
0 0.598633 0.891602 0.001953 0.001953
1 0.496094 0.901367 0.015625 0.021484
1 0.482422 0.894531 0.007812 0.007812
1 0.928711 0.889648 0.001953 0.001953
0 0.747070 0.889648 0.001953 0.001953
1 0.161133 0.887695 0.001953 0.001953
0 0.930664 0.885742 0.001953 0.001953
1 0.465820 0.885742 0.001953 0.001953
0 0.608398 0.883789 0.001953 0.001953
1 0.041016 0.885742 0.003906 0.005859
1 0.469727 0.881836 0.001953 0.001953
1 0.221680 0.881836 0.001953 0.001953
1 0.198242 0.881836 0.001953 0.001953
1 0.166992 0.879883 0.013672 0.009766
1 0.219727 0.875977 0.005859 0.005859
0 0.600586 0.873047 0.005859 0.003906
1 0.657227 0.871094 0.005859 0.003906
1 0.208008 0.877930 0.009766 0.017578
1 0.126953 0.868164 0.003906 0.005859
1 0.496094 0.867188 0.019531 0.011719
0 0.772461 0.860352 0.001953 0.001953
1 0.739258 0.860352 0.001953 0.001953
1 0.502930 0.858398 0.001953 0.001953
1 0.022461 0.868164 0.013672 0.025391
1 0.729492 0.854492 0.001953 0.001953
1 0.504883 0.854492 0.001953 0.001953
1 0.493164 0.855469 0.005859 0.007812
0 0.756836 0.850586 0.001953 0.001953
1 0.448242 0.850586 0.001953 0.001953
0 0.929688 0.849609 0.003906 0.003906
1 0.790039 0.877930 0.080078 0.060547
1 0.811523 0.848633 0.001953 0.001953
1 0.807617 0.849609 0.001953 0.003906
1 0.443359 0.849609 0.003906 0.003906
1 0.124023 0.846680 0.001953 0.001953
1 0.807617 0.844727 0.001953 0.001953
1 0.346680 0.844727 0.001953 0.001953
1 0.455078 0.854492 0.039062 0.025391
1 0.722656 0.840820 0.003906 0.005859
1 0.479492 0.840820 0.005859 0.005859
1 0.273438 0.840820 0.003906 0.005859
1 0.167969 0.847656 0.015625 0.019531
1 0.793945 0.836914 0.001953 0.001953
1 0.617188 0.847656 0.019531 0.023438
0 0.977539 0.834961 0.001953 0.001953
0 0.973633 0.834961 0.001953 0.001953
1 0.301758 0.839844 0.005859 0.011719
1 0.274414 0.834961 0.001953 0.001953
1 0.805664 0.832031 0.001953 0.003906
1 0.797852 0.832031 0.009766 0.003906
1 0.785156 0.837891 0.019531 0.015625
1 0.782227 0.831055 0.001953 0.001953
1 0.741211 0.846680 0.029297 0.033203
1 0.287109 0.836914 0.019531 0.013672
1 0.818359 0.835938 0.019531 0.015625
1 0.643555 0.829102 0.001953 0.001953
1 0.028320 0.837891 0.009766 0.019531
1 0.436523 0.834961 0.037109 0.017578
1 0.724609 0.830078 0.015625 0.011719
1 0.430664 0.827148 0.001953 0.005859
1 0.616211 0.823242 0.001953 0.001953
1 0.134766 0.826172 0.007812 0.007812
1 0.465820 0.819336 0.001953 0.001953
1 0.262695 0.820312 0.001953 0.003906
1 0.350586 0.817383 0.001953 0.001953
1 0.604492 0.815430 0.001953 0.001953
1 0.604492 0.828125 0.025391 0.027344
1 0.128906 0.816406 0.007812 0.003906
1 0.612305 0.811523 0.001953 0.001953
0 0.764648 0.809570 0.001953 0.001953
0 0.753906 0.809570 0.007812 0.005859
0 0.622070 0.807617 0.001953 0.001953
1 0.351562 0.808594 0.003906 0.003906
1 0.125977 0.808594 0.001953 0.003906
1 0.120117 0.807617 0.005859 0.001953
0 0.771484 0.807617 0.007812 0.005859
1 0.467773 0.805664 0.001953 0.001953
0 0.781250 0.805664 0.007812 0.005859
0 0.770508 0.803711 0.001953 0.001953
1 0.350586 0.803711 0.001953 0.001953
0 0.852539 0.804688 0.009766 0.007812
1 0.657227 0.807617 0.005859 0.013672
1 0.364258 0.805664 0.009766 0.009766
1 0.329102 0.828125 0.029297 0.054688
1 0.096680 0.804688 0.005859 0.007812
1 0.633789 0.807617 0.009766 0.017578
1 0.430664 0.801758 0.005859 0.005859
1 0.371094 0.800781 0.003906 0.003906
1 0.090820 0.799805 0.001953 0.001953
0 0.789062 0.797852 0.003906 0.001953
1 0.320312 0.800781 0.007812 0.007812
1 0.118164 0.797852 0.001953 0.001953
0 0.793945 0.795898 0.001953 0.001953
1 0.094727 0.796875 0.001953 0.003906
1 0.037109 0.796875 0.003906 0.003906
1 0.838867 0.809570 0.025391 0.033203
0 0.800781 0.794922 0.007812 0.003906
1 0.349609 0.796875 0.003906 0.007812
1 0.327148 0.793945 0.001953 0.001953
1 0.320312 0.794922 0.003906 0.003906
1 0.016602 0.806641 0.033203 0.027344
0 0.806641 0.797852 0.011719 0.013672
1 0.418945 0.792969 0.001953 0.003906
0 0.821289 0.790039 0.001953 0.001953
1 0.633789 0.788086 0.001953 0.001953
1 0.398438 0.794922 0.027344 0.015625
1 0.528320 0.786133 0.001953 0.001953
1 0.488281 0.794922 0.015625 0.019531
1 0.457031 0.800781 0.023438 0.031250
1 0.323242 0.787109 0.001953 0.003906
0 0.864258 0.785156 0.001953 0.003906
0 0.848633 0.784180 0.001953 0.001953
1 0.361328 0.791016 0.015625 0.015625
0 0.857422 0.786133 0.007812 0.009766
1 0.842773 0.780273 0.001953 0.001953
1 0.689453 0.781250 0.003906 0.003906
1 0.601562 0.795898 0.035156 0.033203
1 0.358398 0.780273 0.001953 0.001953
1 0.071289 0.781250 0.005859 0.003906
1 0.511719 0.784180 0.015625 0.013672
0 0.871094 0.780273 0.011719 0.009766
0 0.823242 0.776367 0.001953 0.001953
1 0.598633 0.778320 0.005859 0.005859
1 0.471680 0.778320 0.001953 0.005859
1 0.438477 0.799805 0.029297 0.048828
1 0.310547 0.783203 0.011719 0.015625
1 0.178711 0.776367 0.001953 0.001953
0 0.864258 0.775391 0.005859 0.003906
1 0.136719 0.775391 0.003906 0.003906
1 0.054688 0.777344 0.003906 0.007812
1 0.254883 0.772461 0.001953 0.001953
1 0.444336 0.770508 0.001953 0.001953
1 0.852539 0.768555 0.001953 0.001953
1 0.427734 0.769531 0.003906 0.003906
1 0.125977 0.768555 0.001953 0.001953
0 0.820312 0.768555 0.007812 0.005859
1 0.625977 0.766602 0.001953 0.001953
1 0.608398 0.769531 0.005859 0.007812
1 0.036133 0.770508 0.009766 0.009766
1 0.182617 0.764648 0.001953 0.001953
1 0.075195 0.762695 0.001953 0.001953
1 0.306641 0.759766 0.003906 0.003906
1 0.170898 0.758789 0.001953 0.001953
1 0.285156 0.753906 0.003906 0.003906
1 0.231445 0.752930 0.001953 0.001953
1 0.178711 0.753906 0.001953 0.003906
1 0.174805 0.752930 0.001953 0.001953
0 0.327148 0.751953 0.001953 0.003906
1 0.069336 0.750977 0.001953 0.001953
1 0.002930 0.758789 0.005859 0.017578
0 0.083984 0.752930 0.015625 0.013672
1 0.162109 0.757812 0.035156 0.027344
1 0.329102 0.744141 0.001953 0.003906
1 0.623047 0.751953 0.015625 0.023438
0 0.359375 0.742188 0.003906 0.003906
1 0.266602 0.741211 0.001953 0.001953
1 0.069336 0.741211 0.001953 0.001953
1 0.851562 0.741211 0.003906 0.005859
1 0.603516 0.739258 0.003906 0.001953
1 0.270508 0.741211 0.001953 0.005859
0 0.112305 0.739258 0.001953 0.001953
0 0.074219 0.740234 0.003906 0.003906
1 0.288086 0.737305 0.001953 0.001953
1 0.662109 0.738281 0.007812 0.007812
1 0.258789 0.735352 0.001953 0.001953
1 0.241211 0.750000 0.025391 0.031250
1 0.165039 0.736328 0.009766 0.003906
1 0.013672 0.733398 0.003906 0.001953
1 0.281250 0.732422 0.003906 0.003906
1 0.291016 0.743164 0.035156 0.029297
1 0.758789 0.728516 0.005859 0.003906
1 0.864258 0.726562 0.001953 0.003906
1 0.878906 0.727539 0.011719 0.009766
0 0.139648 0.723633 0.001953 0.001953
1 0.107422 0.750000 0.066406 0.054688
1 0.699219 0.722656 0.007812 0.003906
1 0.292969 0.724609 0.011719 0.007812
0 0.145508 0.722656 0.005859 0.003906
1 0.282227 0.719727 0.001953 0.001953
0 0.120117 0.719727 0.001953 0.001953
0 0.118164 0.715820 0.001953 0.001953
0 0.092773 0.715820 0.001953 0.001953
1 0.858398 0.716797 0.005859 0.007812
1 0.168945 0.713867 0.001953 0.001953
1 0.002930 0.710938 0.001953 0.003906
0 0.969727 0.708008 0.001953 0.001953
1 0.576172 0.708984 0.003906 0.003906
0 0.131836 0.708984 0.001953 0.003906
1 0.863281 0.707031 0.003906 0.003906
0 0.399414 0.706055 0.001953 0.001953
1 0.276367 0.706055 0.001953 0.001953
0 0.136719 0.708984 0.003906 0.007812
0 0.962891 0.705078 0.003906 0.003906
1 0.869141 0.703125 0.003906 0.003906
1 0.163086 0.708008 0.017578 0.017578
0 0.982422 0.699219 0.003906 0.003906
1 0.873047 0.697266 0.003906 0.003906
1 0.165039 0.696289 0.001953 0.001953
0 0.100586 0.715820 0.033203 0.041016
1 0.993164 0.686523 0.001953 0.001953
1 0.583008 0.687500 0.005859 0.003906
1 0.538086 0.694336 0.017578 0.021484
0 0.972656 0.682617 0.007812 0.013672
1 0.634766 0.676758 0.003906 0.001953
1 0.600586 0.676758 0.001953 0.001953
1 0.559570 0.676758 0.001953 0.001953
1 0.368164 0.676758 0.001953 0.001953
1 0.297852 0.674805 0.001953 0.001953
1 0.791992 0.672852 0.001953 0.001953
1 0.724609 0.674805 0.011719 0.005859
1 0.635742 0.672852 0.001953 0.001953
1 0.600586 0.672852 0.001953 0.001953
1 0.690430 0.668945 0.001953 0.001953
1 0.624023 0.668945 0.001953 0.001953
1 0.560547 0.668945 0.003906 0.001953
0 0.990234 0.674805 0.019531 0.017578
0 0.962891 0.667969 0.007812 0.003906
1 0.690430 0.665039 0.001953 0.001953
1 0.580078 0.673828 0.035156 0.019531
1 0.432617 0.665039 0.001953 0.001953
1 0.360352 0.665039 0.001953 0.001953
1 0.741211 0.661133 0.001953 0.001953
1 0.748047 0.655273 0.003906 0.001953
1 0.561523 0.660156 0.013672 0.011719
1 0.424805 0.657227 0.005859 0.005859
1 0.932617 0.651367 0.001953 0.001953
0 0.971680 0.649414 0.001953 0.001953
1 0.932617 0.647461 0.001953 0.001953
1 0.765625 0.648438 0.003906 0.003906
1 0.432617 0.645508 0.001953 0.001953
1 0.608398 0.639648 0.001953 0.001953
1 0.430664 0.643555 0.009766 0.009766
1 0.622070 0.633789 0.001953 0.001953
1 0.803711 0.634766 0.013672 0.015625
1 0.738281 0.629883 0.007812 0.009766
1 0.632812 0.650391 0.066406 0.050781
1 0.640625 0.626953 0.003906 0.003906
1 0.843750 0.625000 0.003906 0.003906
1 0.551758 0.628906 0.013672 0.011719
1 0.547852 0.622070 0.001953 0.001953
1 0.403320 0.623047 0.001953 0.003906
1 0.669922 0.622070 0.003906 0.005859
1 0.579102 0.620117 0.001953 0.001953
1 0.575195 0.620117 0.001953 0.001953
1 0.571289 0.620117 0.001953 0.001953
1 0.566406 0.620117 0.003906 0.001953
1 0.938477 0.617188 0.001953 0.003906
1 0.860352 0.616211 0.001953 0.001953
1 0.793945 0.614258 0.001953 0.001953
1 0.913086 0.612305 0.001953 0.001953
1 0.399414 0.602539 0.001953 0.001953
1 0.945312 0.604492 0.007812 0.013672
1 0.411133 0.594727 0.001953 0.001953
1 0.406250 0.593750 0.003906 0.003906
1 0.866211 0.648438 0.107422 0.117188
1 0.833984 0.594727 0.007812 0.009766
1 0.411133 0.588867 0.001953 0.001953
1 0.633789 0.596680 0.025391 0.025391
1 0.409180 0.584961 0.001953 0.001953
1 0.588867 0.583008 0.005859 0.005859
1 0.574219 0.583984 0.019531 0.007812
1 0.691406 0.582031 0.003906 0.007812
1 0.583008 0.577148 0.001953 0.001953
1 0.704102 0.573242 0.001953 0.001953
1 0.700195 0.571289 0.001953 0.001953
1 0.717773 0.575195 0.017578 0.013672
1 0.973633 0.598633 0.052734 0.064453
1 0.708984 0.563477 0.003906 0.005859
1 0.516602 0.568359 0.017578 0.015625
1 0.500000 0.560547 0.015625 0.011719
1 0.671875 0.562500 0.027344 0.019531
1 0.456055 0.549805 0.001953 0.001953
1 0.646484 0.541992 0.011719 0.009766
1 0.555664 0.538086 0.001953 0.001953
1 0.458008 0.538086 0.001953 0.001953
1 0.997070 0.549805 0.005859 0.029297
1 0.452148 0.532227 0.001953 0.001953
1 0.547852 0.529297 0.005859 0.003906
1 0.532227 0.528320 0.001953 0.001953
1 0.585938 0.533203 0.070312 0.019531
1 0.524414 0.527344 0.009766 0.007812
1 0.407227 0.532227 0.052734 0.033203
1 0.379883 0.516602 0.001953 0.001953
1 0.535156 0.513672 0.011719 0.011719
1 0.506836 0.507812 0.005859 0.007812
1 0.704102 0.504883 0.013672 0.009766
1 0.608398 0.510742 0.087891 0.025391
1 0.984375 0.498047 0.003906 0.003906
1 0.507812 0.498047 0.007812 0.007812
1 0.994141 0.488281 0.011719 0.011719
1 0.313477 0.475586 0.001953 0.001953
1 0.465820 0.473633 0.001953 0.001953
1 0.461914 0.473633 0.001953 0.001953
1 0.577148 0.471680 0.001953 0.001953
1 0.461914 0.478516 0.009766 0.015625
1 0.668945 0.465820 0.001953 0.001953
1 0.350586 0.465820 0.001953 0.001953
1 0.438477 0.458984 0.005859 0.003906
1 0.618164 0.456055 0.001953 0.001953
1 0.446289 0.456055 0.001953 0.001953
1 0.480469 0.455078 0.007812 0.003906
1 0.429688 0.456055 0.003906 0.005859
1 0.329102 0.454102 0.001953 0.005859
1 0.458008 0.458008 0.017578 0.017578
1 0.815430 0.449219 0.001953 0.003906
1 0.791016 0.450195 0.007812 0.005859
1 0.458008 0.444336 0.001953 0.001953
1 0.860352 0.442383 0.001953 0.001953
1 0.849609 0.450195 0.015625 0.017578
1 0.467773 0.441406 0.001953 0.003906
1 0.381836 0.440430 0.001953 0.001953
1 0.858398 0.438477 0.001953 0.001953
1 0.681641 0.448242 0.035156 0.021484
1 0.386719 0.439453 0.003906 0.003906
1 0.374023 0.437500 0.009766 0.007812
1 0.488281 0.444336 0.046875 0.025391
1 0.449219 0.434570 0.007812 0.009766
1 0.742188 0.430664 0.007812 0.005859
1 0.355469 0.431641 0.003906 0.007812
1 0.631836 0.421875 0.001953 0.003906
1 0.625977 0.420898 0.001953 0.001953
1 0.481445 0.421875 0.005859 0.003906
1 0.475586 0.420898 0.001953 0.001953
1 0.718750 0.421875 0.019531 0.015625
1 0.597656 0.422852 0.015625 0.017578
1 0.589844 0.416016 0.003906 0.003906
1 0.496094 0.421875 0.019531 0.015625
1 0.588867 0.410156 0.001953 0.003906
1 0.502930 0.406250 0.001953 0.003906
1 0.452148 0.405273 0.001953 0.001953
1 0.448242 0.404297 0.001953 0.003906
1 0.584961 0.399414 0.001953 0.001953
1 0.502930 0.399414 0.001953 0.001953
1 0.959961 0.395508 0.001953 0.001953
1 0.667969 0.411133 0.023438 0.033203
1 0.655273 0.393555 0.001953 0.001953
1 0.487305 0.402344 0.021484 0.019531
1 0.955078 0.392578 0.003906 0.003906
1 0.580078 0.393555 0.011719 0.009766
1 0.698242 0.387695 0.001953 0.001953
1 0.686523 0.387695 0.001953 0.001953
1 0.429688 0.382812 0.003906 0.003906
1 0.688477 0.378906 0.001953 0.003906
1 0.538086 0.364258 0.001953 0.001953
1 0.549805 0.362305 0.001953 0.001953
1 0.686523 0.366211 0.005859 0.013672
1 0.501953 0.358398 0.003906 0.001953
1 0.543945 0.360352 0.005859 0.009766
1 0.504883 0.352539 0.009766 0.005859
1 0.643555 0.346680 0.001953 0.001953
1 0.639648 0.346680 0.001953 0.001953
1 0.592773 0.342773 0.013672 0.009766
1 0.502930 0.337891 0.009766 0.007812
1 0.577148 0.325195 0.001953 0.001953
1 0.660156 0.313477 0.003906 0.001953
1 0.999023 0.311523 0.001953 0.001953
1 0.006836 0.311523 0.001953 0.001953
1 0.655273 0.309570 0.001953 0.001953
1 0.659180 0.307617 0.001953 0.001953
1 0.499023 0.305664 0.001953 0.001953
1 0.672852 0.301758 0.009766 0.005859
1 0.725586 0.291992 0.001953 0.001953
1 0.672852 0.290039 0.001953 0.001953
1 0.565430 0.286133 0.001953 0.001953
1 0.475586 0.280273 0.001953 0.001953
1 0.813477 0.278320 0.001953 0.001953
1 0.758789 0.279297 0.005859 0.003906
0 0.741211 0.278320 0.001953 0.001953
1 0.657227 0.278320 0.001953 0.001953
1 0.481445 0.278320 0.001953 0.001953
1 0.473633 0.276367 0.001953 0.001953
1 0.518555 0.272461 0.001953 0.001953
1 0.477539 0.268555 0.001953 0.001953
0 0.615234 0.264648 0.003906 0.001953
0 0.604492 0.264648 0.005859 0.001953
1 0.887695 0.262695 0.001953 0.001953
0 0.627930 0.262695 0.001953 0.001953
0 0.499023 0.267578 0.021484 0.011719
1 0.651367 0.258789 0.001953 0.001953
1 0.639648 0.260742 0.017578 0.005859
0 0.597656 0.259766 0.003906 0.003906
0 0.585938 0.260742 0.011719 0.009766
1 0.467773 0.265625 0.017578 0.019531
1 0.733398 0.254883 0.001953 0.001953
1 0.998047 0.252930 0.003906 0.001953
1 0.989258 0.252930 0.001953 0.001953
0 0.728516 0.268555 0.019531 0.033203
0 0.585938 0.252930 0.003906 0.001953
0 0.583008 0.249023 0.005859 0.001953
1 0.669922 0.276367 0.046875 0.060547
1 0.860352 0.245117 0.001953 0.001953
1 0.928711 0.248047 0.115234 0.023438
1 0.903320 0.237305 0.001953 0.001953
1 0.883789 0.237305 0.001953 0.001953
1 0.877930 0.237305 0.001953 0.001953
1 0.871094 0.235352 0.003906 0.001953
1 0.901367 0.231445 0.001953 0.001953
1 0.859375 0.229492 0.003906 0.001953
1 0.672852 0.235352 0.017578 0.013672
1 0.818359 0.251953 0.085938 0.054688
1 0.864258 0.223633 0.001953 0.001953
1 0.789062 0.228516 0.011719 0.011719
1 0.859375 0.223633 0.003906 0.005859
1 0.837891 0.222656 0.003906 0.003906
1 0.821289 0.222656 0.001953 0.003906
0 0.561523 0.221680 0.001953 0.001953
1 0.988281 0.220703 0.003906 0.003906
0 0.489258 0.217773 0.001953 0.001953
1 0.899414 0.213867 0.001953 0.001953
1 0.870117 0.219727 0.013672 0.017578
1 0.975586 0.209961 0.013672 0.009766
1 0.987305 0.200195 0.001953 0.001953
1 0.965820 0.196289 0.001953 0.001953
1 0.825195 0.207031 0.013672 0.023438
1 0.802734 0.197266 0.003906 0.003906
0 0.717773 0.196289 0.001953 0.001953
1 0.994141 0.196289 0.007812 0.005859
1 0.832031 0.193359 0.003906 0.003906
1 0.836914 0.190430 0.001953 0.001953
0 0.719727 0.191406 0.001953 0.003906
0 0.730469 0.195312 0.019531 0.015625
0 0.727539 0.188477 0.001953 0.001953
1 0.845703 0.185547 0.007812 0.003906
1 0.971680 0.182617 0.001953 0.001953
1 0.962891 0.184570 0.011719 0.005859
1 0.835938 0.184570 0.007812 0.005859
1 0.976562 0.181641 0.003906 0.003906
1 0.842773 0.180664 0.001953 0.001953
0 0.530273 0.178711 0.001953 0.001953
0 0.521484 0.181641 0.011719 0.007812
1 0.817383 0.170898 0.001953 0.001953
0 0.504883 0.176758 0.009766 0.013672
0 0.464844 0.172852 0.003906 0.005859
0 0.494141 0.169922 0.003906 0.003906
1 0.915039 0.166992 0.001953 0.001953
1 0.815430 0.166992 0.001953 0.001953
0 0.502930 0.165039 0.001953 0.001953
1 0.926758 0.198242 0.048828 0.072266
1 0.917969 0.163086 0.003906 0.001953
1 0.821289 0.165039 0.005859 0.005859
1 0.937500 0.163086 0.007812 0.009766
1 0.901367 0.157227 0.001953 0.001953
1 0.825195 0.157227 0.001953 0.001953
0 0.461914 0.157227 0.001953 0.001953
1 0.886719 0.164062 0.023438 0.019531
1 0.887695 0.155273 0.001953 0.001953
1 0.916992 0.151367 0.001953 0.001953
0 0.719727 0.147461 0.001953 0.001953
1 0.936523 0.149414 0.009766 0.009766
1 0.964844 0.136719 0.023438 0.031250
0 0.963867 0.114258 0.001953 0.001953
1 0.696289 0.114258 0.001953 0.001953
1 0.000977 0.112305 0.001953 0.001953
0 0.462891 0.111328 0.003906 0.003906
1 0.458008 0.110352 0.001953 0.001953
1 0.438477 0.108398 0.001953 0.001953
1 0.647461 0.106445 0.001953 0.001953
1 0.936523 0.104492 0.001953 0.001953
0 0.474609 0.104492 0.003906 0.001953
1 0.942383 0.100586 0.001953 0.001953
1 0.938477 0.100586 0.001953 0.001953
1 0.446289 0.098633 0.001953 0.001953
1 0.657227 0.094727 0.001953 0.001953
1 0.458984 0.100586 0.019531 0.013672
1 0.672852 0.100586 0.033203 0.037109
0 0.793945 0.077148 0.001953 0.001953
1 0.967773 0.075195 0.001953 0.001953
1 0.462891 0.081055 0.007812 0.021484
0 0.489258 0.069336 0.001953 0.001953
0 0.764648 0.067383 0.001953 0.001953
0 0.526367 0.068359 0.001953 0.003906
0 0.771484 0.066406 0.003906 0.003906
1 0.498047 0.080078 0.050781 0.031250
1 0.692383 0.066406 0.005859 0.011719
0 0.745117 0.058594 0.001953 0.003906
1 0.581055 0.057617 0.001953 0.001953
1 0.835938 0.055664 0.003906 0.001953
1 0.819336 0.053711 0.001953 0.001953
0 0.540039 0.053711 0.001953 0.001953
1 0.918945 0.049805 0.001953 0.001953
0 0.737305 0.052734 0.013672 0.007812
0 0.698242 0.049805 0.001953 0.001953
0 0.000977 0.050781 0.001953 0.003906
1 0.911133 0.047852 0.001953 0.001953
0 0.702148 0.053711 0.013672 0.013672
1 0.006836 0.047852 0.001953 0.001953
0 0.749023 0.048828 0.013672 0.011719
1 0.637695 0.043945 0.001953 0.001953
0 0.504883 0.041992 0.001953 0.001953
1 0.010742 0.042969 0.001953 0.003906
0 0.766602 0.050781 0.013672 0.023438
1 0.621094 0.041016 0.003906 0.003906
1 0.919922 0.040039 0.007812 0.005859
1 0.625977 0.047852 0.017578 0.021484
0 0.510742 0.038086 0.001953 0.001953
0 0.756836 0.036133 0.001953 0.001953
0 0.529297 0.052734 0.039062 0.035156
0 0.503906 0.037109 0.003906 0.003906
0 0.741211 0.034180 0.001953 0.001953
0 0.752930 0.032227 0.001953 0.001953
0 0.676758 0.031250 0.005859 0.003906
0 0.686523 0.030273 0.009766 0.005859
0 0.731445 0.031250 0.005859 0.011719
0 0.685547 0.026367 0.003906 0.001953
1 0.833008 0.026367 0.005859 0.005859
0 0.733398 0.022461 0.001953 0.001953
1 0.831055 0.018555 0.001953 0.001953
1 0.824219 0.016602 0.003906 0.001953
1 0.002930 0.016602 0.005859 0.005859
1 0.825195 0.012695 0.001953 0.001953
1 0.833984 0.013672 0.003906 0.007812
0 0.720703 0.014648 0.011719 0.013672
0 0.688477 0.010742 0.009766 0.005859
1 0.192383 0.008789 0.001953 0.001953
1 0.020508 0.008789 0.001953 0.001953
1 0.766602 0.007812 0.001953 0.003906
0 0.864258 0.000977 0.001953 0.001953
1 0.786133 0.000977 0.001953 0.001953
1 0.843750 0.088867 0.312500 0.177734
1 0.747070 0.007812 0.021484 0.015625
1 0.726562 0.002930 0.007812 0.005859
1 0.721680 0.000977 0.001953 0.001953
1 0.313477 0.372070 0.626953 0.744141
3 0.135742 0.999023 0.001953 0.001953
3 0.112305 0.999023 0.001953 0.001953
3 0.387695 0.997070 0.001953 0.001953
3 0.008789 0.998047 0.005859 0.003906
3 0.129883 0.997070 0.005859 0.005859
3 0.131836 0.989258 0.001953 0.001953
3 0.608398 0.983398 0.001953 0.001953
3 0.383789 0.983398 0.001953 0.001953
3 0.028320 0.797852 0.001953 0.001953
3 0.227539 0.723633 0.001953 0.001953
3 0.035156 0.720703 0.003906 0.003906
3 0.032227 0.714844 0.001953 0.003906
2 0.114258 0.692383 0.001953 0.001953
3 0.000977 0.688477 0.001953 0.005859
3 0.231445 0.677734 0.005859 0.007812
3 0.002930 0.672852 0.001953 0.001953
3 0.997070 0.670898 0.001953 0.001953
3 0.345703 0.666992 0.003906 0.001953
3 0.282227 0.641602 0.005859 0.001953
2 0.000977 0.633789 0.001953 0.009766
3 0.270508 0.632812 0.009766 0.015625
3 0.394531 0.615234 0.007812 0.007812
3 0.999023 0.557617 0.001953 0.001953
3 0.313477 0.572266 0.115234 0.082031
3 0.262695 0.538086 0.025391 0.021484
3 0.323242 0.493164 0.001953 0.001953
3 0.272461 0.485352 0.001953 0.001953
3 0.000977 0.485352 0.001953 0.001953
3 0.161133 0.469727 0.001953 0.001953
3 0.161133 0.465820 0.001953 0.001953
3 0.122070 0.461914 0.001953 0.001953
3 0.189453 0.469727 0.027344 0.021484
3 0.147461 0.457031 0.005859 0.003906
3 0.149414 0.452148 0.001953 0.001953
3 0.008789 0.452148 0.001953 0.001953
3 0.340820 0.449219 0.005859 0.007812
3 0.169922 0.442383 0.003906 0.001953
3 0.164062 0.443359 0.003906 0.003906
3 0.142578 0.450195 0.031250 0.021484
3 0.330078 0.436523 0.003906 0.001953
3 0.179688 0.436523 0.007812 0.005859
3 0.005859 0.439453 0.011719 0.027344
3 0.196289 0.424805 0.005859 0.009766
3 0.382812 0.407227 0.003906 0.001953
3 0.190430 0.403320 0.001953 0.001953
3 0.222656 0.404297 0.003906 0.011719
3 0.196289 0.397461 0.001953 0.001953
3 0.217773 0.395508 0.001953 0.001953
3 0.180664 0.391602 0.001953 0.001953
3 0.375977 0.387695 0.001953 0.001953
3 0.122070 0.387695 0.001953 0.001953
3 0.319336 0.381836 0.001953 0.001953
2 0.195312 0.387695 0.007812 0.013672
3 0.354492 0.386719 0.044922 0.027344
3 0.364258 0.372070 0.001953 0.001953
3 0.360352 0.371094 0.001953 0.003906
3 0.454102 0.376953 0.025391 0.019531
3 0.383789 0.368164 0.001953 0.001953
3 0.088867 0.369141 0.001953 0.003906
3 0.458008 0.364258 0.001953 0.001953
3 0.518555 0.362305 0.001953 0.001953
3 0.387695 0.355469 0.009766 0.007812
2 0.198242 0.348633 0.001953 0.001953
3 0.222656 0.367188 0.023438 0.042969
3 0.200195 0.344727 0.001953 0.001953
2 0.196289 0.344727 0.001953 0.001953
3 0.452148 0.342773 0.001953 0.001953
3 0.436523 0.343750 0.001953 0.003906
3 0.415039 0.354492 0.037109 0.025391
3 0.428711 0.338867 0.001953 0.001953
3 0.322266 0.339844 0.003906 0.003906
3 0.458008 0.335938 0.021484 0.011719
3 0.000977 0.327148 0.001953 0.001953
2 0.178711 0.321289 0.001953 0.001953
3 0.008789 0.319336 0.001953 0.001953
3 0.329102 0.317383 0.001953 0.001953
2 0.184570 0.319336 0.005859 0.005859
3 0.336914 0.319336 0.021484 0.017578
3 0.329102 0.303711 0.001953 0.001953
2 0.164062 0.334961 0.070312 0.095703
3 0.473633 0.286133 0.001953 0.001953
3 0.450195 0.284180 0.001953 0.001953
3 0.395508 0.282227 0.001953 0.001953
3 0.450195 0.280273 0.001953 0.001953
3 0.400391 0.278320 0.003906 0.001953
3 0.416016 0.290039 0.066406 0.041016
3 0.004883 0.290039 0.009766 0.068359
3 0.439453 0.246094 0.003906 0.003906
3 0.432617 0.245117 0.001953 0.001953
3 0.428711 0.245117 0.001953 0.001953
3 0.422852 0.245117 0.001953 0.001953
3 0.384766 0.240234 0.003906 0.003906
3 0.079102 0.240234 0.005859 0.003906
3 0.300781 0.236328 0.003906 0.003906
3 0.312500 0.224609 0.003906 0.003906
3 0.407227 0.221680 0.009766 0.005859
3 0.299805 0.302734 0.099609 0.175781
3 0.381836 0.223633 0.017578 0.021484
3 0.079102 0.200195 0.001953 0.001953
3 0.067383 0.178711 0.001953 0.001953
3 0.047852 0.176758 0.001953 0.001953
3 0.086914 0.174805 0.001953 0.001953
2 0.112305 0.220703 0.060547 0.097656
3 0.057617 0.173828 0.001953 0.003906
3 0.155273 0.171875 0.005859 0.007812
3 0.071289 0.168945 0.001953 0.001953
3 0.083008 0.166992 0.001953 0.001953
2 0.741211 0.164062 0.005859 0.003906
3 0.092773 0.163086 0.001953 0.001953
2 0.721680 0.159180 0.001953 0.001953
2 0.721680 0.155273 0.001953 0.001953
3 0.143555 0.152344 0.001953 0.003906
3 0.125977 0.143555 0.001953 0.001953
3 0.809570 0.141602 0.001953 0.001953
3 0.805664 0.141602 0.001953 0.001953
3 0.848633 0.139648 0.001953 0.001953
3 0.842773 0.139648 0.001953 0.001953
3 0.118164 0.143555 0.009766 0.009766
3 0.855469 0.137695 0.003906 0.001953
3 0.138672 0.139648 0.007812 0.005859
3 0.131836 0.141602 0.009766 0.009766
3 0.000977 0.137695 0.001953 0.005859
3 0.864258 0.125977 0.001953 0.001953
3 0.001953 0.122070 0.003906 0.005859
3 0.055664 0.145508 0.033203 0.056641
3 0.723633 0.108398 0.001953 0.001953
3 0.713867 0.104492 0.013672 0.013672
3 0.009766 0.106445 0.019531 0.021484
3 0.430664 0.090820 0.001953 0.001953
3 0.190430 0.083008 0.001953 0.001953
2 0.104492 0.081055 0.001953 0.001953
3 0.360352 0.073242 0.001953 0.001953
3 0.198242 0.072266 0.001953 0.003906
3 0.178711 0.071289 0.001953 0.001953
3 0.200195 0.067383 0.001953 0.001953
3 0.936523 0.065430 0.001953 0.001953
2 0.359375 0.067383 0.003906 0.005859
3 0.184570 0.066406 0.001953 0.003906
2 0.356445 0.063477 0.001953 0.001953
3 0.950195 0.061523 0.001953 0.001953
3 0.459961 0.057617 0.001953 0.001953
3 0.594727 0.051758 0.001953 0.001953
3 0.095703 0.052734 0.011719 0.003906
3 0.481445 0.049805 0.001953 0.001953
3 0.063477 0.049805 0.001953 0.001953
3 0.030273 0.047852 0.001953 0.001953
3 0.174805 0.043945 0.001953 0.001953
3 0.168945 0.043945 0.001953 0.001953
3 0.088867 0.041992 0.001953 0.001953
3 0.172852 0.040039 0.001953 0.001953
3 0.166992 0.040039 0.001953 0.001953
3 0.084961 0.038086 0.001953 0.001953
3 0.071289 0.038086 0.001953 0.001953
3 0.024414 0.036133 0.001953 0.001953
3 0.557617 0.035156 0.001953 0.003906
3 0.570312 0.032227 0.003906 0.001953
3 0.606445 0.030273 0.005859 0.009766
3 0.563477 0.029297 0.005859 0.007812
3 0.488281 0.028320 0.003906 0.005859
2 0.315430 0.024414 0.001953 0.001953
3 0.195312 0.047852 0.062500 0.048828
3 0.087891 0.025391 0.007812 0.003906
3 0.122070 0.093750 0.130859 0.140625
3 0.601562 0.023438 0.007812 0.007812
3 0.996094 0.022461 0.007812 0.009766
3 0.220703 0.019531 0.003906 0.003906
3 0.957031 0.017578 0.003906 0.003906
2 0.338867 0.051758 0.212891 0.076172
3 0.174805 0.014648 0.001953 0.001953
3 0.991211 0.014648 0.005859 0.005859
3 0.610352 0.011719 0.013672 0.007812
3 0.979492 0.010742 0.041016 0.021484
3 0.951172 0.000977 0.003906 0.001953
3 0.784180 0.005859 0.017578 0.011719
3 0.500000 0.500000 1.000000 1.000000
3 0.190430 0.007812 0.037109 0.015625
3 0.100586 0.001953 0.005859 0.003906
3 0.092773 0.000977 0.001953 0.001953
3 0.075195 0.000977 0.001953 0.001953
3 0.070312 0.001953 0.003906 0.003906
3 0.032227 0.049805 0.064453 0.099609