0 0.847656 0.997070 0.011719 0.005859
0 0.389648 0.993164 0.001953 0.001953
0 0.758789 0.991211 0.025391 0.017578
0 0.561523 0.944336 0.001953 0.001953
0 0.858398 0.940430 0.001953 0.001953
0 0.844727 0.937500 0.005859 0.007812
0 0.801758 0.934570 0.001953 0.001953
0 0.432617 0.933594 0.001953 0.003906
0 0.418945 0.942383 0.021484 0.021484
0 0.838867 0.930664 0.001953 0.001953
0 0.772461 0.928711 0.001953 0.001953
0 0.389648 0.931641 0.009766 0.011719
0 0.903320 0.927734 0.009766 0.007812
0 0.413086 0.924805 0.001953 0.001953
0 0.910156 0.923828 0.007812 0.003906
0 0.772461 0.922852 0.005859 0.005859
0 0.617188 0.925781 0.007812 0.011719
0 0.393555 0.923828 0.001953 0.007812
0 0.850586 0.919922 0.001953 0.003906
0 0.838867 0.916992 0.001953 0.001953
0 0.620117 0.915039 0.001953 0.001953
0 0.838867 0.913086 0.001953 0.001953
0 0.830078 0.911133 0.003906 0.001953
0 0.820312 0.913086 0.011719 0.009766
0 0.901367 0.913086 0.017578 0.013672
0 0.803711 0.911133 0.013672 0.017578
0 0.409180 0.904297 0.017578 0.011719
0 0.780273 0.883789 0.001953 0.001953
0 0.948242 0.874023 0.001953 0.001953
0 0.629883 0.872070 0.001953 0.001953
0 0.956055 0.862305 0.001953 0.001953
0 0.950195 0.866211 0.005859 0.009766
0 0.948242 0.858398 0.001953 0.001953
0 0.655273 0.855469 0.001953 0.003906
0 0.647461 0.854492 0.001953 0.001953
0 0.963867 0.852539 0.001953 0.001953
0 0.604492 0.844727 0.001953 0.001953
0 0.608398 0.843750 0.001953 0.003906
0 0.443359 0.854492 0.031250 0.025391
0 0.717773 0.840820 0.001953 0.001953
0 0.824219 0.878906 0.136719 0.082031
0 0.924805 0.835938 0.001953 0.003906
0 0.772461 0.834961 0.001953 0.001953
0 0.620117 0.854492 0.033203 0.041016
1 0.789062 0.833984 0.003906 0.003906
0 0.622070 0.830078 0.009766 0.003906
1 0.792969 0.828125 0.003906 0.003906
1 0.781250 0.831055 0.003906 0.009766
0 0.706055 0.825195 0.001953 0.001953
0 0.939453 0.824219 0.003906 0.003906
0 0.934570 0.824219 0.001953 0.003906
0 0.925781 0.826172 0.007812 0.007812
0 0.411133 0.822266 0.005859 0.003906
0 0.902344 0.818359 0.007812 0.007812
0 0.607422 0.822266 0.015625 0.019531
0 0.887695 0.815430 0.005859 0.009766
1 0.793945 0.811523 0.001953 0.001953
0 0.819336 0.809570 0.001953 0.001953
1 0.801758 0.809570 0.001953 0.001953
0 0.620117 0.811523 0.005859 0.005859
0 0.979492 0.838867 0.041016 0.068359
0 0.766602 0.803711 0.001953 0.001953
0 0.766602 0.817383 0.033203 0.029297
1 0.784180 0.801758 0.001953 0.001953
0 0.393555 0.799805 0.001953 0.001953
1 0.903320 0.795898 0.001953 0.005859
0 0.389648 0.790039 0.001953 0.001953
0 0.770508 0.786133 0.001953 0.001953
0 0.719727 0.810547 0.029297 0.054688
1 0.898438 0.782227 0.003906 0.005859
0 0.777344 0.782227 0.015625 0.013672
0 0.534180 0.774414 0.001953 0.001953
0 0.577148 0.772461 0.017578 0.013672
0 0.444336 0.766602 0.001953 0.001953
1 0.583008 0.764648 0.001953 0.001953
0 0.650391 0.781250 0.042969 0.039062
0 0.596680 0.754883 0.021484 0.033203
0 0.731445 0.735352 0.001953 0.001953
0 0.793945 0.731445 0.005859 0.005859
0 0.799805 0.727539 0.001953 0.001953
0 0.925781 0.725586 0.003906 0.005859
0 0.932617 0.718750 0.005859 0.003906
0 0.768555 0.715820 0.001953 0.001953
0 0.932617 0.713867 0.001953 0.001953
0 0.778320 0.757812 0.107422 0.105469
0 0.729492 0.686523 0.001953 0.001953
0 0.471680 0.678711 0.001953 0.001953
0 0.831055 0.676758 0.001953 0.001953
0 0.629883 0.653320 0.001953 0.001953
0 0.952148 0.657227 0.009766 0.013672
0 0.713867 0.651367 0.005859 0.009766
0 0.641602 0.647461 0.001953 0.001953
0 0.629883 0.647461 0.001953 0.001953
0 0.830078 0.661133 0.042969 0.037109
0 0.825195 0.643555 0.001953 0.001953
0 0.666992 0.641602 0.001953 0.001953
0 0.639648 0.642578 0.009766 0.011719
0 0.710938 0.635742 0.003906 0.001953
0 0.694336 0.646484 0.025391 0.023438
0 0.711914 0.631836 0.001953 0.001953
0 0.997070 0.638672 0.005859 0.023438
0 0.759766 0.633789 0.042969 0.029297
0 0.014648 0.600586 0.001953 0.001953
0 0.557617 0.592773 0.001953 0.001953
0 0.639648 0.615234 0.041016 0.066406
0 0.949219 0.582031 0.003906 0.003906
0 0.944336 0.581055 0.001953 0.001953
0 0.940430 0.579102 0.001953 0.001953
0 0.925781 0.567383 0.039062 0.041016
0 0.979492 0.532227 0.001953 0.001953
0 0.999023 0.518555 0.001953 0.005859
1 0.399414 0.518555 0.005859 0.005859
1 0.549805 0.508789 0.001953 0.001953
1 0.526367 0.508789 0.009766 0.013672
1 0.530273 0.500977 0.001953 0.001953
1 0.508789 0.496094 0.005859 0.007812
1 0.468750 0.500000 0.015625 0.019531
1 0.541016 0.491211 0.003906 0.005859
1 0.562500 0.488281 0.003906 0.003906
1 0.491211 0.488281 0.005859 0.003906
1 0.495117 0.483398 0.001953 0.001953
1 0.476562 0.482422 0.003906 0.003906
0 0.899414 0.479492 0.001953 0.001953
0 0.895508 0.474609 0.005859 0.003906
1 0.523438 0.485352 0.027344 0.025391
1 0.445312 0.492188 0.054688 0.042969
1 0.436523 0.469727 0.001953 0.001953
1 0.422852 0.473633 0.021484 0.009766
0 0.579102 0.476562 0.017578 0.031250
0 0.905273 0.458008 0.001953 0.001953
0 0.597656 0.452148 0.011719 0.009766
0 0.587891 0.424805 0.003906 0.005859
0 0.939453 0.418945 0.015625 0.013672
0 0.709961 0.405273 0.001953 0.001953
0 0.644531 0.405273 0.003906 0.001953
0 0.618164 0.404297 0.005859 0.003906
0 0.644531 0.399414 0.011719 0.005859
1 0.988281 0.395508 0.007812 0.005859
1 0.987305 0.387695 0.001953 0.001953
0 0.620117 0.389648 0.005859 0.005859
0 0.960938 0.406250 0.066406 0.046875
1 0.990234 0.384766 0.007812 0.011719
0 0.700195 0.389648 0.064453 0.056641
1 0.495117 0.356445 0.001953 0.001953
1 0.483398 0.354492 0.001953 0.001953
1 0.479492 0.354492 0.001953 0.001953
1 0.428711 0.354492 0.001953 0.001953
0 0.658203 0.366211 0.042969 0.044922
0 0.477539 0.347656 0.009766 0.007812
0 0.459961 0.342773 0.001953 0.001953
0 0.563477 0.329102 0.001953 0.001953
0 0.579102 0.327148 0.001953 0.001953
0 0.570312 0.328125 0.003906 0.003906
0 0.998047 0.326172 0.003906 0.007812
1 0.475586 0.328125 0.009766 0.011719
0 0.989258 0.321289 0.001953 0.001953
0 0.652344 0.324219 0.003906 0.007812
1 0.543945 0.324219 0.009766 0.007812
0 0.442383 0.323242 0.005859 0.005859
0 0.592773 0.319336 0.001953 0.001953
1 0.526367 0.403320 0.107422 0.173828
0 0.658203 0.326172 0.011719 0.023438
1 0.534180 0.313477 0.005859 0.005859
0 0.731445 0.305664 0.001953 0.001953
0 0.724609 0.301758 0.003906 0.001953
1 0.510742 0.300781 0.001953 0.003906
1 0.489258 0.296875 0.005859 0.003906
0 0.653320 0.282227 0.001953 0.001953
0 0.596680 0.268555 0.001953 0.001953
0 0.749023 0.270508 0.009766 0.009766
0 0.986328 0.289062 0.027344 0.054688
0 0.749023 0.262695 0.001953 0.001953
0 0.586914 0.262695 0.001953 0.001953
0 0.594727 0.260742 0.001953 0.001953
0 0.553711 0.250977 0.001953 0.001953
1 0.729492 0.231445 0.001953 0.001953
0 0.098633 0.227539 0.001953 0.001953
0 0.057617 0.227539 0.001953 0.001953
0 0.096680 0.223633 0.001953 0.001953
1 0.135742 0.220703 0.005859 0.003906
0 0.791992 0.217773 0.005859 0.005859
1 0.715820 0.220703 0.009766 0.011719
0 0.801758 0.215820 0.009766 0.005859
1 0.692383 0.208008 0.001953 0.001953
0 0.124023 0.206055 0.001953 0.001953
1 0.707031 0.206055 0.003906 0.005859
0 0.134766 0.206055 0.003906 0.005859
0 0.131836 0.200195 0.005859 0.001953
0 0.870117 0.198242 0.001953 0.001953
1 0.861328 0.199219 0.003906 0.003906
0 0.057617 0.196289 0.001953 0.001953
1 0.864258 0.194336 0.001953 0.001953
1 0.684570 0.194336 0.001953 0.001953
0 0.137695 0.194336 0.001953 0.001953
1 0.845703 0.190430 0.003906 0.001953
0 0.017578 0.192383 0.003906 0.005859
0 0.007812 0.199219 0.015625 0.023438
1 0.844727 0.186523 0.001953 0.001953
0 0.023438 0.187500 0.003906 0.003906
1 0.696289 0.184570 0.001953 0.001953
1 0.695312 0.180664 0.003906 0.001953
1 0.685547 0.182617 0.003906 0.009766
0 0.897461 0.172852 0.001953 0.001953
1 0.778320 0.172852 0.001953 0.001953
0 0.159180 0.172852 0.001953 0.001953
1 0.813477 0.173828 0.005859 0.007812
0 0.142578 0.179688 0.027344 0.019531
0 0.011719 0.172852 0.011719 0.005859
1 0.689453 0.173828 0.011719 0.011719
0 0.161133 0.168945 0.001953 0.001953
0 0.012695 0.168945 0.001953 0.001953
1 0.829102 0.166992 0.001953 0.001953
1 0.696289 0.166992 0.001953 0.001953
0 0.168945 0.166992 0.001953 0.001953
1 0.672852 0.165039 0.001953 0.001953
0 0.006836 0.166016 0.001953 0.003906
0 0.016602 0.163086 0.001953 0.001953
0 0.105469 0.161133 0.003906 0.001953
0 0.096680 0.161133 0.001953 0.001953
1 0.819336 0.156250 0.001953 0.003906
1 0.677734 0.157227 0.003906 0.005859
1 0.672852 0.156250 0.001953 0.003906
0 0.137695 0.153320 0.001953 0.001953
1 0.000977 0.147461 0.001953 0.001953
0 0.888672 0.137695 0.003906 0.005859
1 0.679688 0.135742 0.003906 0.005859
0 0.885742 0.131836 0.001953 0.001953
0 0.883789 0.127930 0.001953 0.001953
0 0.844727 0.121094 0.005859 0.003906
0 0.150391 0.119141 0.003906 0.003906
0 0.127930 0.117188 0.009766 0.003906
1 0.005859 0.121094 0.011719 0.015625
0 0.937500 0.135742 0.062500 0.048828
0 0.124023 0.112305 0.001953 0.001953
0 0.879883 0.106445 0.001953 0.001953
0 0.905273 0.102539 0.001953 0.001953
0 0.865234 0.118164 0.039062 0.033203
0 0.963867 0.100586 0.001953 0.001953
0 0.030273 0.098633 0.001953 0.001953
0 0.911133 0.096680 0.001953 0.001953
0 0.905273 0.097656 0.005859 0.003906
0 0.109375 0.106445 0.023438 0.021484
0 0.044922 0.095703 0.007812 0.007812
0 0.906250 0.091797 0.003906 0.003906
0 0.912109 0.089844 0.003906 0.003906
0 0.903320 0.088867 0.001953 0.001953
0 0.999023 0.089844 0.001953 0.007812
0 0.934570 0.083008 0.001953 0.001953
0 0.930664 0.083008 0.001953 0.001953
0 0.903320 0.083008 0.001953 0.001953
0 0.903320 0.077148 0.001953 0.001953
0 0.961914 0.076172 0.001953 0.003906
0 0.926758 0.075195 0.001953 0.001953
0 0.866211 0.074219 0.005859 0.015625
0 0.141602 0.065430 0.001953 0.001953
0 0.820312 0.059570 0.007812 0.017578
0 0.119141 0.050781 0.003906 0.003906
0 0.063477 0.049805 0.001953 0.001953
1 0.870117 0.043945 0.001953 0.001953
0 0.076172 0.049805 0.019531 0.017578
0 0.838867 0.043945 0.029297 0.025391
1 0.877930 0.030273 0.001953 0.001953
0 0.114258 0.030273 0.001953 0.001953
0 0.014648 0.030273 0.001953 0.001953
1 0.874023 0.028320 0.001953 0.001953
1 0.860352 0.026367 0.001953 0.001953
1 0.892578 0.025391 0.007812 0.015625
0 0.952148 0.016602 0.001953 0.001953
0 0.999023 0.009766 0.001953 0.003906
1 0.898438 0.007812 0.003906 0.003906
0 0.934570 0.052734 0.130859 0.105469
1 0.895508 0.000977 0.001953 0.001953
0 0.447266 0.500000 0.894531 1.000000
0 0.044922 0.030273 0.089844 0.060547
2 0.339844 0.997070 0.003906 0.005859
3 0.068359 0.996094 0.015625 0.007812
2 0.329102 0.994141 0.013672 0.011719
2 0.177734 0.989258 0.015625 0.013672
2 0.293945 0.979492 0.001953 0.005859
3 0.013672 0.984375 0.027344 0.023438
2 0.191406 0.976562 0.007812 0.011719
2 0.362305 0.942383 0.001953 0.005859
2 0.063477 0.940430 0.001953 0.001953
2 0.163086 0.941406 0.005859 0.011719
3 0.206055 0.940430 0.009766 0.017578
2 0.303711 0.930664 0.001953 0.001953
3 0.211914 0.923828 0.001953 0.003906
2 0.291992 0.926758 0.009766 0.017578
2 0.003906 0.917969 0.007812 0.007812
2 0.027344 0.914062 0.003906 0.003906
3 0.283203 0.911133 0.015625 0.017578
2 0.300781 0.915039 0.019531 0.029297
2 0.155273 0.893555 0.001953 0.001953
3 0.208008 0.909180 0.068359 0.037109
3 0.258789 0.889648 0.001953 0.001953
2 0.157227 0.883789 0.001953 0.001953
3 0.319336 0.886719 0.009766 0.011719
3 0.304688 0.888672 0.015625 0.015625
3 0.309570 0.874023 0.001953 0.001953
3 0.127930 0.856445 0.001953 0.001953
3 0.132812 0.851562 0.007812 0.011719
3 0.012695 0.858398 0.025391 0.025391
2 0.323242 0.842773 0.001953 0.001953
3 0.003906 0.841797 0.007812 0.003906
3 0.197266 0.850586 0.042969 0.029297
2 0.319336 0.835938 0.001953 0.007812
2 0.311523 0.833008 0.001953 0.001953
3 0.999023 0.831055 0.001953 0.001953
3 0.096680 0.833008 0.009766 0.013672
3 0.240234 0.825195 0.031250 0.029297
3 0.134766 0.823242 0.023438 0.041016
3 0.089844 0.804688 0.007812 0.011719
3 0.229492 0.796875 0.001953 0.003906
3 0.290039 0.780273 0.001953 0.009766
3 0.077148 0.816406 0.044922 0.085938
2 0.423828 0.772461 0.003906 0.001953
2 0.384766 0.771484 0.003906 0.003906
3 0.288086 0.769531 0.001953 0.003906
3 0.336914 0.752930 0.005859 0.005859
3 0.274414 0.745117 0.001953 0.001953
3 0.325195 0.746094 0.009766 0.007812
3 0.199219 0.769531 0.050781 0.082031
3 0.200195 0.726562 0.001953 0.003906
3 0.295898 0.744141 0.037109 0.042969
3 0.088867 0.724609 0.009766 0.007812
3 0.306641 0.719727 0.003906 0.001953
3 0.237305 0.704102 0.001953 0.001953
3 0.105469 0.715820 0.035156 0.025391
3 0.299805 0.700195 0.001953 0.001953
2 0.163086 0.698242 0.001953 0.001953
2 0.155273 0.700195 0.013672 0.009766
3 0.081055 0.696289 0.001953 0.001953
3 0.088867 0.694336 0.005859 0.005859
3 0.075195 0.693359 0.001953 0.003906
3 0.259766 0.709961 0.070312 0.060547
3 0.078125 0.679688 0.003906 0.003906
2 0.016602 0.661133 0.001953 0.005859
2 0.005859 0.666992 0.011719 0.017578
2 0.421875 0.657227 0.003906 0.001953
2 0.000977 0.655273 0.001953 0.001953
2 0.284180 0.650391 0.013672 0.007812
3 0.083008 0.647461 0.001953 0.009766
3 0.025391 0.643555 0.003906 0.001953
2 0.005859 0.640625 0.003906 0.003906
3 0.129883 0.638672 0.001953 0.003906
3 0.023438 0.644531 0.035156 0.023438
2 0.508789 0.629883 0.001953 0.001953
2 0.397461 0.676758 0.150391 0.111328
2 0.442383 0.622070 0.001953 0.001953
2 0.366211 0.616211 0.005859 0.005859
3 0.034180 0.592773 0.001953 0.001953
2 0.015625 0.603516 0.031250 0.023438
2 0.485352 0.588867 0.001953 0.001953
2 0.333008 0.590820 0.017578 0.017578
2 0.172852 0.583008 0.001953 0.001953
3 0.221680 0.579102 0.001953 0.001953
3 0.214844 0.577148 0.003906 0.001953
2 0.481445 0.575195 0.001953 0.001953
3 0.148438 0.610352 0.214844 0.072266
3 0.007812 0.572266 0.003906 0.003906
2 0.487305 0.569336 0.001953 0.001953
3 0.049805 0.575195 0.025391 0.017578
2 0.364258 0.592773 0.037109 0.056641
2 0.356445 0.563477 0.001953 0.001953
3 0.046875 0.564453 0.003906 0.003906
2 0.368164 0.559570 0.001953 0.001953
2 0.303711 0.561523 0.005859 0.013672
2 0.301758 0.551758 0.001953 0.001953
2 0.528320 0.545898 0.001953 0.001953
3 0.506836 0.539062 0.005859 0.003906
3 0.129883 0.514648 0.001953 0.001953
2 0.122070 0.514648 0.001953 0.001953
3 0.125977 0.507812 0.013672 0.007812
3 0.485352 0.503906 0.001953 0.003906
3 0.120117 0.500977 0.001953 0.001953
2 0.107422 0.508789 0.015625 0.021484
3 0.006836 0.509766 0.013672 0.023438
2 0.577148 0.497070 0.001953 0.001953
3 0.135742 0.493164 0.001953 0.001953
3 0.008789 0.493164 0.001953 0.001953
3 0.247070 0.493164 0.001953 0.005859
3 0.125000 0.493164 0.007812 0.009766
2 0.093750 0.492188 0.011719 0.011719
3 0.004883 0.482422 0.001953 0.003906
2 0.133789 0.475586 0.001953 0.001953
2 0.056641 0.443359 0.007812 0.011719
2 0.047852 0.430664 0.001953 0.001953
3 0.007812 0.435547 0.015625 0.023438
3 0.362305 0.420898 0.001953 0.001953
3 0.180664 0.416992 0.005859 0.005859
3 0.372070 0.396484 0.001953 0.003906
3 0.188477 0.398438 0.005859 0.007812
2 0.018555 0.400391 0.005859 0.011719
2 0.037109 0.402344 0.027344 0.023438
2 0.020508 0.391602 0.001953 0.001953
3 0.046875 0.385742 0.003906 0.001953
3 0.034180 0.383789 0.001953 0.001953
2 0.022461 0.383789 0.013672 0.009766
2 0.006836 0.379883 0.001953 0.001953
3 0.379883 0.375977 0.001953 0.001953
3 0.037109 0.368164 0.007812 0.005859
2 0.087891 0.355469 0.003906 0.003906
2 0.115234 0.375000 0.058594 0.046875
2 0.080078 0.351562 0.003906 0.003906
3 0.228516 0.347656 0.007812 0.023438
2 0.063477 0.347656 0.029297 0.023438
2 0.054688 0.323242 0.003906 0.001953
3 0.008789 0.332031 0.017578 0.023438
2 0.584961 0.319336 0.001953 0.001953
3 0.419922 0.321289 0.003906 0.005859
3 0.341797 0.315430 0.003906 0.001953
3 0.029297 0.315430 0.007812 0.005859
2 0.573242 0.311523 0.001953 0.001953
3 0.020508 0.311523 0.001953 0.001953
2 0.702148 0.309570 0.001953 0.001953
2 0.073242 0.309570 0.001953 0.001953
3 0.026367 0.309570 0.001953 0.001953
3 0.006836 0.313477 0.013672 0.009766
3 0.420898 0.306641 0.001953 0.003906
2 0.703125 0.301758 0.003906 0.001953
2 0.032227 0.301758 0.001953 0.001953
2 0.557617 0.297852 0.001953 0.001953
2 0.416992 0.298828 0.001953 0.003906
3 0.000977 0.295898 0.001953 0.001953
2 0.038086 0.296875 0.001953 0.007812
2 0.987305 0.290039 0.001953 0.001953
2 0.601562 0.286133 0.003906 0.005859
3 0.307617 0.285156 0.009766 0.003906
2 0.560547 0.282227 0.003906 0.001953
3 0.209961 0.282227 0.001953 0.001953
3 0.154297 0.282227 0.003906 0.001953
3 0.209961 0.278320 0.001953 0.001953
3 0.202148 0.280273 0.001953 0.005859
2 0.024414 0.278320 0.001953 0.001953
3 0.224609 0.409180 0.250000 0.267578
2 0.070312 0.296875 0.054688 0.042969
2 0.559570 0.274414 0.001953 0.001953
3 0.284180 0.273438 0.001953 0.003906
2 0.659180 0.270508 0.001953 0.001953
2 0.655273 0.268555 0.001953 0.001953
2 0.706055 0.276367 0.017578 0.021484
2 0.648438 0.268555 0.007812 0.009766
2 0.608398 0.262695 0.001953 0.001953
2 0.658203 0.261719 0.003906 0.003906
2 0.677734 0.257812 0.027344 0.007812
2 0.034180 0.254883 0.001953 0.001953
2 0.040039 0.252930 0.001953 0.001953
2 0.032227 0.250977 0.001953 0.001953
2 0.028320 0.252930 0.005859 0.005859
2 0.621094 0.251953 0.007812 0.007812
2 0.609375 0.242188 0.003906 0.003906
2 0.036133 0.241211 0.001953 0.001953
3 0.325195 0.238281 0.001953 0.003906
3 0.706055 0.235352 0.001953 0.001953
3 0.187500 0.253906 0.054688 0.042969
3 0.258789 0.230469 0.001953 0.003906
3 0.254883 0.227539 0.001953 0.001953
2 0.638672 0.218750 0.015625 0.023438
2 0.469727 0.208984 0.005859 0.003906
2 0.159180 0.208008 0.001953 0.001953
3 0.282227 0.206055 0.001953 0.001953
2 0.180664 0.200195 0.001953 0.001953
3 0.291992 0.237305 0.072266 0.087891
2 0.163086 0.192383 0.001953 0.001953
3 0.866211 0.184570 0.001953 0.001953
3 0.586914 0.180664 0.001953 0.001953
2 0.628906 0.180664 0.007812 0.005859
3 0.602539 0.179688 0.001953 0.003906
2 0.028320 0.178711 0.001953 0.001953
3 0.795898 0.174805 0.001953 0.001953
2 0.630859 0.174805 0.003906 0.001953
2 0.625977 0.171875 0.005859 0.007812
3 0.598633 0.166992 0.001953 0.001953
3 0.579102 0.168945 0.005859 0.005859
2 0.379883 0.166992 0.001953 0.001953
3 0.383789 0.215820 0.037109 0.103516
3 0.581055 0.163086 0.001953 0.001953
3 0.565430 0.164062 0.005859 0.003906
3 0.594727 0.161133 0.001953 0.001953
3 0.590820 0.165039 0.009766 0.013672
3 0.574219 0.159180 0.003906 0.001953
3 0.556641 0.157227 0.003906 0.001953
3 0.270508 0.157227 0.001953 0.001953
3 0.563477 0.157227 0.005859 0.005859
3 0.583008 0.156250 0.005859 0.007812
2 0.058594 0.218750 0.117188 0.132812
3 0.594727 0.150391 0.001953 0.003906
3 0.768555 0.147461 0.001953 0.001953
2 0.168945 0.147461 0.001953 0.001953
2 0.555664 0.145508 0.001953 0.001953
3 0.307617 0.146484 0.001953 0.003906
2 0.452148 0.223633 0.076172 0.162109
3 0.595703 0.142578 0.019531 0.007812
3 0.791992 0.137695 0.001953 0.001953
3 0.249023 0.131836 0.001953 0.001953
3 0.831055 0.125977 0.001953 0.001953
3 0.267578 0.156250 0.082031 0.062500
2 0.599609 0.128906 0.015625 0.015625
3 0.000977 0.122070 0.001953 0.001953
2 0.590820 0.120117 0.001953 0.001953
3 0.801758 0.118164 0.001953 0.001953
3 0.256836 0.118164 0.001953 0.001953
2 0.540039 0.116211 0.001953 0.001953
3 0.801758 0.114258 0.001953 0.001953
2 0.576172 0.113281 0.003906 0.003906
3 0.416016 0.133789 0.023438 0.044922
2 0.569336 0.105469 0.005859 0.007812
2 0.891602 0.098633 0.001953 0.001953
3 0.428711 0.098633 0.001953 0.001953
2 0.549805 0.092773 0.001953 0.001953
2 0.540039 0.092773 0.001953 0.001953
2 0.534180 0.093750 0.005859 0.003906
2 0.579102 0.102539 0.037109 0.029297
2 0.554688 0.089844 0.003906 0.003906
3 0.280273 0.087891 0.005859 0.003906
2 0.989258 0.081055 0.001953 0.001953
3 0.430664 0.080078 0.001953 0.003906
2 0.790039 0.070312 0.001953 0.003906
2 0.909180 0.067383 0.001953 0.001953
3 0.703125 0.067383 0.003906 0.001953
3 0.697266 0.065430 0.003906 0.001953
2 0.523438 0.095703 0.058594 0.074219
2 0.790039 0.061523 0.005859 0.009766
2 0.291992 0.076172 0.013672 0.039062
2 0.875977 0.051758 0.001953 0.001953
2 0.533203 0.052734 0.007812 0.007812
2 0.807617 0.047852 0.001953 0.001953
3 0.706055 0.045898 0.001953 0.001953
2 0.030273 0.045898 0.001953 0.001953
2 0.522461 0.043945 0.001953 0.001953
3 0.711914 0.043945 0.005859 0.005859
2 0.527344 0.043945 0.003906 0.005859
3 0.706055 0.040039 0.001953 0.001953
3 0.712891 0.038086 0.003906 0.001953
2 0.012695 0.036133 0.001953 0.001953
2 0.998047 0.039062 0.003906 0.011719
3 0.711914 0.034180 0.001953 0.001953
3 0.704102 0.034180 0.001953 0.001953
3 0.237305 0.035156 0.001953 0.003906
3 0.686523 0.044922 0.029297 0.031250
2 0.795898 0.026367 0.001953 0.001953
2 0.142578 0.030273 0.007812 0.009766
2 0.997070 0.024414 0.001953 0.001953
2 0.799805 0.022461 0.001953 0.001953
3 0.213867 0.070312 0.115234 0.101562
3 0.807617 0.016602 0.001953 0.001953
2 0.747070 0.016602 0.001953 0.001953
3 0.264648 0.016602 0.001953 0.001953
2 0.032227 0.014648 0.001953 0.001953
3 0.738281 0.040039 0.093750 0.056641
2 0.022461 0.013672 0.005859 0.003906
2 0.963867 0.010742 0.001953 0.001953
2 0.968750 0.009766 0.003906 0.003906
2 0.735352 0.009766 0.005859 0.003906
3 0.877930 0.004883 0.001953 0.001953
2 0.993164 0.010742 0.013672 0.021484
2 0.973633 0.001953 0.005859 0.003906
2 0.965820 0.003906 0.005859 0.007812
2 0.671875 0.500000 0.656250 1.000000
3 0.854492 0.001953 0.009766 0.003906
3 0.798828 0.003906 0.011719 0.007812
2 0.788086 0.000977 0.001953 0.001953
3 0.416016 0.005859 0.011719 0.011719
3 0.406250 0.001953 0.003906 0.003906
3 0.250000 0.002930 0.003906 0.005859
3 0.201172 0.002930 0.007812 0.005859
2 0.158203 0.011719 0.019531 0.023438
2 0.098633 0.116211 0.197266 0.232422