0 0.665039 0.999023 0.001953 0.001953
1 0.391602 0.999023 0.001953 0.001953
0 0.820312 0.998047 0.003906 0.003906
0 0.375977 0.997070 0.001953 0.001953
1 0.324219 0.998047 0.007812 0.003906
0 0.298828 0.998047 0.003906 0.003906
0 0.163086 0.998047 0.005859 0.003906
1 0.743164 0.995117 0.001953 0.001953
0 0.161133 0.993164 0.001953 0.001953
0 0.520508 0.992188 0.005859 0.003906
0 0.632812 0.994141 0.015625 0.011719
0 0.573242 0.990234 0.001953 0.003906
0 0.344727 0.989258 0.001953 0.001953
0 0.312500 0.989258 0.003906 0.001953
1 0.790039 0.990234 0.005859 0.007812
0 0.511719 0.992188 0.019531 0.015625
1 0.499023 0.984375 0.001953 0.003906
0 0.863281 0.986328 0.015625 0.011719
1 0.590820 0.981445 0.001953 0.001953
0 0.852539 0.980469 0.001953 0.003906
1 0.798828 0.980469 0.003906 0.003906
1 0.597656 0.989258 0.035156 0.021484
0 0.944336 0.975586 0.001953 0.001953
0 0.833984 0.987305 0.058594 0.025391
1 0.043945 0.973633 0.005859 0.001953
0 0.358398 0.967773 0.001953 0.001953
0 0.012695 0.973633 0.025391 0.017578
1 0.610352 0.964844 0.001953 0.003906
1 0.157227 0.963867 0.001953 0.001953
0 0.783203 0.962891 0.003906 0.003906
0 0.528320 0.963867 0.005859 0.005859
0 0.735352 0.979492 0.033203 0.041016
1 0.618164 0.959961 0.001953 0.001953
1 0.561523 0.959961 0.001953 0.001953
1 0.552734 0.964844 0.011719 0.011719
1 0.733398 0.958008 0.001953 0.001953
1 0.630859 0.962891 0.023438 0.011719
0 0.959961 0.956055 0.001953 0.001953
1 0.737305 0.956055 0.001953 0.001953
1 0.729492 0.956055 0.001953 0.001953
1 0.524414 0.956055 0.001953 0.001953
1 0.391602 0.956055 0.001953 0.001953
1 0.377930 0.956055 0.001953 0.001953
1 0.436523 0.975586 0.080078 0.044922
1 0.274414 0.955078 0.005859 0.007812
1 0.581055 0.958008 0.013672 0.017578
1 0.391602 0.951172 0.001953 0.003906
1 0.166016 0.949219 0.003906 0.003906
0 0.331055 0.942383 0.001953 0.001953
1 0.912109 0.943359 0.015625 0.011719
0 0.134766 0.940430 0.007812 0.005859
1 0.857422 0.933594 0.007812 0.003906
1 0.411133 0.932617 0.001953 0.001953
1 0.156250 0.933594 0.015625 0.015625
1 0.815430 0.925781 0.005859 0.003906
1 0.809570 0.925781 0.001953 0.003906
1 0.967773 0.960938 0.064453 0.078125
1 0.864258 0.922852 0.001953 0.001953
1 0.926758 0.929688 0.017578 0.019531
1 0.548828 0.930664 0.011719 0.021484
1 0.867188 0.919922 0.003906 0.003906
1 0.504883 0.936523 0.037109 0.037109
1 0.527344 0.917969 0.003906 0.003906
1 0.243164 0.916992 0.001953 0.001953
1 0.409180 0.915039 0.001953 0.001953
1 0.221680 0.957031 0.126953 0.085938
1 0.535156 0.913086 0.011719 0.005859
1 0.372070 0.911133 0.001953 0.001953
0 0.230469 0.911133 0.003906 0.001953
1 0.137695 0.911133 0.001953 0.001953
1 0.540039 0.907227 0.001953 0.001953
1 0.007812 0.908203 0.007812 0.003906
1 0.846680 0.905273 0.001953 0.001953
1 0.411133 0.906250 0.001953 0.003906
1 0.211914 0.906250 0.005859 0.003906
1 0.144531 0.907227 0.007812 0.005859
1 0.837891 0.916016 0.046875 0.031250
1 0.213867 0.899414 0.001953 0.001953
0 0.000977 0.899414 0.001953 0.001953
0 0.497070 0.897461 0.001953 0.001953
1 0.403320 0.897461 0.001953 0.001953
1 0.366211 0.930664 0.080078 0.068359
1 0.827148 0.894531 0.009766 0.003906
1 0.695312 0.888672 0.003906 0.003906
0 0.010742 0.888672 0.001953 0.003906
1 0.961914 0.885742 0.001953 0.001953
1 0.830078 0.886719 0.007812 0.007812
1 0.996094 0.884766 0.007812 0.007812
1 0.217773 0.879883 0.001953 0.001953
1 0.867188 0.877930 0.003906 0.005859
1 0.958008 0.874023 0.001953 0.001953
1 0.536133 0.875000 0.001953 0.003906
1 0.647461 0.872070 0.001953 0.001953
1 0.965820 0.870117 0.001953 0.001953
1 0.958008 0.870117 0.001953 0.001953
1 0.770508 0.870117 0.001953 0.001953
1 0.558594 0.877930 0.031250 0.017578
1 0.544922 0.870117 0.003906 0.001953
1 0.442383 0.870117 0.001953 0.001953
0 0.030273 0.870117 0.001953 0.001953
1 0.637695 0.868164 0.001953 0.001953
1 0.631836 0.868164 0.001953 0.001953
1 0.760742 0.866211 0.009766 0.001953
1 0.442383 0.866211 0.001953 0.001953
1 0.435547 0.868164 0.007812 0.005859
1 0.955078 0.862305 0.003906 0.001953
1 0.530273 0.862305 0.005859 0.001953
1 0.524414 0.862305 0.001953 0.001953
1 0.627930 0.860352 0.001953 0.001953
1 0.413086 0.860352 0.005859 0.001953
1 0.954102 0.858398 0.001953 0.001953
0 0.018555 0.866211 0.021484 0.017578
1 0.743164 0.860352 0.009766 0.009766
1 0.600586 0.856445 0.001953 0.001953
1 0.254883 0.854492 0.001953 0.001953
1 0.270508 0.852539 0.001953 0.001953
0 0.016602 0.852539 0.001953 0.001953
1 0.539062 0.850586 0.003906 0.001953
1 0.530273 0.850586 0.001953 0.001953
1 0.545898 0.849609 0.001953 0.003906
1 0.428711 0.848633 0.001953 0.001953
1 0.432617 0.856445 0.021484 0.017578
1 0.502930 0.844727 0.001953 0.001953
1 0.431641 0.841797 0.003906 0.003906
1 0.727539 0.827148 0.001953 0.001953
0 0.446289 0.823242 0.001953 0.001953
1 0.752930 0.833984 0.044922 0.027344
1 0.699219 0.813477 0.003906 0.001953
1 0.698242 0.809570 0.001953 0.001953
1 0.577148 0.807617 0.001953 0.001953
1 0.590820 0.850586 0.240234 0.087891
1 0.516602 0.808594 0.001953 0.003906
1 0.461914 0.820312 0.033203 0.035156
1 0.468750 0.799805 0.003906 0.001953
1 0.528320 0.774414 0.001953 0.001953
1 0.471680 0.774414 0.001953 0.001953
1 0.003906 0.774414 0.007812 0.005859
1 0.584961 0.768555 0.001953 0.001953
1 0.888672 0.766602 0.007812 0.005859
1 0.891602 0.760742 0.001953 0.001953
0 0.629883 0.759766 0.005859 0.007812
1 0.071289 0.752930 0.001953 0.001953
1 0.976562 0.750000 0.003906 0.003906
1 0.583008 0.749023 0.001953 0.001953
1 0.589844 0.755859 0.019531 0.023438
1 0.918945 0.784180 0.162109 0.087891
1 0.983398 0.741211 0.001953 0.001953
1 0.969727 0.741211 0.001953 0.001953
0 0.581055 0.741211 0.001953 0.001953
1 0.977539 0.740234 0.001953 0.003906
1 0.975586 0.735352 0.001953 0.001953
0 0.446289 0.735352 0.001953 0.001953
1 0.584961 0.733398 0.001953 0.001953
1 0.583008 0.735352 0.005859 0.005859
0 0.619141 0.734375 0.003906 0.011719
1 0.975586 0.725586 0.001953 0.001953
1 0.958008 0.730469 0.029297 0.019531
1 0.975586 0.720703 0.001953 0.003906
0 0.491211 0.719727 0.001953 0.001953
0 0.495117 0.717773 0.001953 0.001953
1 0.489258 0.709961 0.001953 0.001953
1 0.141602 0.709961 0.001953 0.001953
1 0.919922 0.708008 0.003906 0.001953
1 0.927734 0.713867 0.015625 0.017578
1 0.453125 0.702148 0.003906 0.001953
1 0.446289 0.702148 0.001953 0.001953
1 0.928711 0.700195 0.001953 0.001953
1 0.155273 0.703125 0.005859 0.007812
1 0.466797 0.706055 0.039062 0.021484
1 0.499023 0.694336 0.001953 0.001953
1 0.487305 0.685547 0.001953 0.003906
1 0.983398 0.693359 0.029297 0.031250
1 0.487305 0.670898 0.001953 0.001953
1 0.610352 0.668945 0.001953 0.001953
1 0.133789 0.669922 0.001953 0.003906
1 0.530273 0.663086 0.001953 0.001953
0 0.107422 0.666992 0.011719 0.013672
1 0.426758 0.660156 0.001953 0.003906
1 0.438477 0.657227 0.001953 0.001953
1 0.035156 0.658203 0.003906 0.003906
1 0.431641 0.656250 0.003906 0.003906
0 0.137695 0.655273 0.001953 0.001953
0 0.128906 0.655273 0.003906 0.001953
1 0.594727 0.653320 0.001953 0.001953
0 0.118164 0.659180 0.009766 0.017578
1 0.026367 0.651367 0.001953 0.001953
1 0.580078 0.691406 0.089844 0.085938
0 0.141602 0.649414 0.001953 0.001953
1 0.088867 0.650391 0.001953 0.003906
1 0.452148 0.653320 0.013672 0.017578
1 0.215820 0.652344 0.017578 0.015625
1 0.026367 0.645508 0.001953 0.001953
1 0.995117 0.657227 0.009766 0.029297
1 0.559570 0.643555 0.001953 0.001953
0 0.135742 0.643555 0.001953 0.001953
1 0.510742 0.666016 0.041016 0.050781
1 0.471680 0.649414 0.021484 0.017578
1 0.425781 0.648438 0.003906 0.015625
0 0.087891 0.643555 0.007812 0.005859
1 0.438477 0.646484 0.017578 0.015625
1 0.595703 0.641602 0.007812 0.009766
1 0.485352 0.638672 0.001953 0.003906
1 0.829102 0.635742 0.001953 0.001953
1 0.058594 0.636719 0.003906 0.003906
1 0.596680 0.633789 0.001953 0.001953
1 0.442383 0.633789 0.005859 0.001953
1 0.833008 0.649414 0.025391 0.037109
1 0.830078 0.631836 0.003906 0.001953
0 0.122070 0.635742 0.013672 0.009766
1 0.032227 0.631836 0.001953 0.001953
1 0.580078 0.643555 0.023438 0.029297
0 0.243164 0.629883 0.001953 0.001953
0 0.081055 0.625977 0.001953 0.001953
1 0.998047 0.625977 0.003906 0.005859
0 0.086914 0.618164 0.001953 0.001953
0 0.082031 0.619141 0.003906 0.003906
1 0.561523 0.616211 0.001953 0.001953
1 0.833008 0.614258 0.001953 0.001953
0 0.249023 0.610352 0.001953 0.001953
1 0.270508 0.608398 0.001953 0.001953
0 0.072266 0.626953 0.023438 0.042969
1 0.997070 0.612305 0.005859 0.017578
1 0.991211 0.604492 0.001953 0.001953
1 0.182617 0.599609 0.001953 0.003906
1 0.131836 0.598633 0.001953 0.001953
1 0.037109 0.615234 0.042969 0.035156
1 0.877930 0.598633 0.001953 0.005859
1 0.852539 0.596680 0.001953 0.001953
1 0.141602 0.596680 0.001953 0.001953
1 0.125977 0.598633 0.005859 0.005859
1 0.059570 0.597656 0.001953 0.003906
1 0.176758 0.592773 0.001953 0.001953
1 0.469727 0.590820 0.001953 0.001953
1 0.150391 0.592773 0.007812 0.009766
1 0.082031 0.596680 0.035156 0.017578
0 0.231445 0.593750 0.033203 0.023438
0 0.201172 0.583984 0.003906 0.003906
0 0.838867 0.581055 0.001953 0.001953
1 0.565430 0.581055 0.001953 0.001953
1 0.572266 0.580078 0.003906 0.003906
1 0.556641 0.581055 0.003906 0.005859
1 0.950195 0.575195 0.001953 0.001953
1 0.563477 0.573242 0.001953 0.001953
1 0.173828 0.582031 0.019531 0.019531
1 0.950195 0.571289 0.001953 0.001953
1 0.892578 0.586914 0.035156 0.033203
0 0.827148 0.571289 0.001953 0.001953
1 0.549805 0.577148 0.017578 0.017578
1 0.975586 0.565430 0.001953 0.001953
1 0.952148 0.565430 0.001953 0.001953
1 0.754883 0.563477 0.001953 0.001953
1 0.747070 0.563477 0.001953 0.001953
1 0.526367 0.561523 0.001953 0.001953
0 0.952148 0.559570 0.001953 0.001953
1 0.758789 0.559570 0.001953 0.001953
1 0.754883 0.559570 0.001953 0.001953
0 0.961914 0.558594 0.013672 0.003906
0 0.958984 0.555664 0.003906 0.001953
0 0.954102 0.555664 0.001953 0.001953
0 0.870117 0.555664 0.001953 0.001953
1 0.736328 0.553711 0.015625 0.005859
1 0.526367 0.553711 0.005859 0.005859
0 0.955078 0.550781 0.003906 0.003906
0 0.831055 0.549805 0.001953 0.001953
1 0.752930 0.549805 0.001953 0.001953
1 0.926758 0.558594 0.041016 0.042969
1 0.866211 0.541992 0.033203 0.013672
0 0.399414 0.532227 0.001953 0.001953
1 0.974609 0.546875 0.042969 0.035156
0 0.009766 0.528320 0.003906 0.001953
0 0.021484 0.533203 0.011719 0.015625
1 0.204102 0.524414 0.001953 0.001953
1 0.789062 0.535156 0.042969 0.031250
1 0.212891 0.520508 0.003906 0.001953
1 0.300781 0.521484 0.007812 0.007812
1 0.454102 0.516602 0.001953 0.001953
1 0.005859 0.517578 0.003906 0.003906
1 0.790039 0.516602 0.013672 0.005859
1 0.774414 0.514648 0.001953 0.001953
1 0.353516 0.516602 0.007812 0.005859
1 0.161133 0.537109 0.080078 0.046875
1 0.985352 0.513672 0.005859 0.003906
0 0.504883 0.515625 0.005859 0.007812
0 0.053711 0.514648 0.005859 0.005859
1 0.212891 0.511719 0.003906 0.003906
1 0.022461 0.510742 0.001953 0.001953
1 0.271484 0.753906 0.542969 0.492188
0 0.054688 0.549805 0.109375 0.083984
0 0.504883 0.504883 0.001953 0.001953
1 0.359375 0.504883 0.003906 0.001953
1 0.207031 0.505859 0.003906 0.003906
1 0.176758 0.504883 0.001953 0.001953
1 0.209961 0.502930 0.001953 0.001953
1 0.151367 0.503906 0.001953 0.003906
0 0.053711 0.502930 0.001953 0.001953
1 0.936523 0.500977 0.001953 0.001953
1 0.918945 0.500977 0.001953 0.001953
1 0.206055 0.500977 0.001953 0.001953
1 0.926758 0.504883 0.017578 0.021484
1 0.155273 0.493164 0.001953 0.001953
1 0.012695 0.502930 0.021484 0.021484
1 0.352539 0.491211 0.001953 0.001953
1 0.726562 0.491211 0.007812 0.005859
1 0.151367 0.489258 0.005859 0.001953
1 0.731445 0.487305 0.001953 0.005859
1 0.718750 0.485352 0.007812 0.001953
1 0.658203 0.485352 0.003906 0.001953
1 0.381836 0.485352 0.001953 0.001953
1 0.970703 0.499023 0.039062 0.033203
0 0.806641 0.484375 0.003906 0.007812
0 0.668945 0.481445 0.001953 0.001953
1 0.472656 0.483398 0.007812 0.009766
1 0.764648 0.478516 0.001953 0.003906
1 0.759766 0.476562 0.003906 0.003906
1 0.475586 0.475586 0.005859 0.001953
0 0.420898 0.478516 0.013672 0.011719
0 0.677734 0.477539 0.011719 0.013672
1 0.375000 0.474609 0.007812 0.007812
1 0.980469 0.470703 0.003906 0.003906
1 0.973633 0.468750 0.005859 0.007812
1 0.520508 0.463867 0.001953 0.001953
0 0.477539 0.463867 0.001953 0.001953
1 0.875977 0.476562 0.033203 0.031250
1 0.883789 0.459961 0.001953 0.001953
0 0.800781 0.466797 0.015625 0.015625
1 0.775391 0.475586 0.039062 0.033203
1 0.760742 0.459961 0.001953 0.001953
1 0.719727 0.460938 0.009766 0.007812
1 0.522461 0.458008 0.001953 0.001953
1 0.260742 0.458008 0.001953 0.001953
1 0.996094 0.462891 0.007812 0.015625
1 0.868164 0.457031 0.009766 0.003906
1 0.866211 0.454102 0.001953 0.001953
1 0.731445 0.469727 0.033203 0.033203
1 0.723633 0.454102 0.001953 0.001953
0 0.716797 0.454102 0.003906 0.001953
0 0.475586 0.454102 0.001953 0.001953
0 0.442383 0.455078 0.005859 0.003906
0 0.436523 0.454102 0.001953 0.001953
1 0.882812 0.451172 0.003906 0.003906
1 0.866211 0.449219 0.005859 0.003906
0 0.881836 0.446289 0.001953 0.001953
1 0.858398 0.444336 0.001953 0.001953
1 0.963867 0.445312 0.005859 0.007812
1 0.763672 0.449219 0.019531 0.015625
1 0.362305 0.438477 0.001953 0.001953
1 0.497070 0.436523 0.001953 0.001953
1 0.765625 0.436523 0.019531 0.009766
0 0.470703 0.436523 0.007812 0.009766
1 0.190430 0.432617 0.001953 0.001953
1 0.203125 0.431641 0.007812 0.011719
1 0.186523 0.425781 0.005859 0.007812
1 0.299805 0.418945 0.001953 0.001953
1 0.213867 0.418945 0.001953 0.001953
1 0.196289 0.415039 0.001953 0.001953
1 0.996094 0.414062 0.007812 0.007812
1 0.756836 0.411133 0.001953 0.001953
0 0.297852 0.411133 0.001953 0.001953
1 0.213867 0.414062 0.009766 0.007812
0 0.806641 0.413086 0.019531 0.013672
1 0.745117 0.413086 0.021484 0.017578
1 0.342773 0.405273 0.001953 0.001953
0 0.297852 0.405273 0.001953 0.001953
1 0.247070 0.405273 0.001953 0.001953
1 0.985352 0.405273 0.001953 0.005859
1 0.766602 0.401367 0.001953 0.001953
0 0.458984 0.402344 0.007812 0.003906
1 0.233398 0.397461 0.001953 0.001953
1 0.629883 0.464844 0.173828 0.144531
1 0.860352 0.391602 0.001953 0.001953
1 0.233398 0.392578 0.009766 0.003906
0 0.427734 0.393555 0.011719 0.009766
1 0.538086 0.385742 0.001953 0.001953
0 0.000977 0.385742 0.001953 0.001953
1 0.244141 0.383789 0.003906 0.001953
1 0.147461 0.381836 0.001953 0.001953
1 0.147461 0.376953 0.001953 0.003906
1 0.610352 0.378906 0.009766 0.011719
1 0.151367 0.374023 0.001953 0.001953
1 0.242188 0.374023 0.003906 0.005859
0 0.403320 0.374023 0.009766 0.013672
1 0.333008 0.369141 0.001953 0.003906
0 0.413086 0.367188 0.001953 0.003906
1 0.132812 0.367188 0.003906 0.003906
1 0.148438 0.369141 0.011719 0.011719
0 0.401367 0.362305 0.001953 0.001953
1 0.910156 0.365234 0.019531 0.011719
1 0.079102 0.360352 0.001953 0.001953
0 0.402344 0.358398 0.003906 0.001953
1 0.147461 0.358398 0.001953 0.001953
1 0.684570 0.356445 0.001953 0.001953
0 0.416992 0.356445 0.001953 0.001953
1 0.309570 0.356445 0.001953 0.001953
1 0.125977 0.357422 0.005859 0.003906
1 0.118164 0.356445 0.001953 0.001953
1 0.111328 0.358398 0.003906 0.005859
1 0.692383 0.355469 0.005859 0.003906
1 0.501953 0.354492 0.003906 0.001953
1 0.425781 0.354492 0.003906 0.001953
1 0.086914 0.355469 0.001953 0.003906
1 0.082031 0.355469 0.003906 0.003906
1 0.751953 0.376953 0.066406 0.050781
1 0.077148 0.353516 0.001953 0.003906
0 0.856445 0.350586 0.001953 0.001953
0 0.500977 0.350586 0.001953 0.001953
0 0.390625 0.359375 0.015625 0.019531
1 0.081055 0.350586 0.001953 0.001953
0 0.504883 0.348633 0.001953 0.001953
0 0.409180 0.348633 0.001953 0.001953
0 0.391602 0.348633 0.001953 0.001953
0 0.385742 0.346680 0.001953 0.001953
1 0.000977 0.348633 0.001953 0.005859
1 0.945312 0.345703 0.003906 0.003906
1 0.415039 0.347656 0.005859 0.007812
1 0.096680 0.349609 0.013672 0.019531
1 0.887695 0.334961 0.001953 0.001953
1 0.122070 0.339844 0.041016 0.027344
1 0.127930 0.327148 0.001953 0.001953
1 0.895508 0.323242 0.001953 0.001953
1 0.183594 0.422852 0.367188 0.205078
1 0.898438 0.326172 0.007812 0.015625
1 0.153320 0.319336 0.001953 0.001953
1 0.396484 0.316406 0.007812 0.003906
1 0.901367 0.309570 0.001953 0.001953
1 0.504883 0.307617 0.001953 0.001953
1 0.083984 0.308594 0.003906 0.003906
1 0.583008 0.305664 0.001953 0.001953
0 0.335938 0.307617 0.003906 0.005859
1 0.870117 0.315430 0.037109 0.025391
0 0.336914 0.301758 0.001953 0.001953
1 0.401367 0.297852 0.001953 0.001953
1 0.153320 0.297852 0.001953 0.001953
0 0.149414 0.297852 0.001953 0.001953
1 0.510742 0.298828 0.005859 0.007812
1 0.589844 0.294922 0.007812 0.003906
1 0.401367 0.293945 0.001953 0.001953
0 0.354492 0.322266 0.044922 0.058594
1 0.196289 0.293945 0.001953 0.001953
1 0.950195 0.292969 0.009766 0.003906
0 0.333984 0.292969 0.003906 0.003906
1 0.077148 0.297852 0.017578 0.013672
1 0.403320 0.290039 0.001953 0.001953
1 0.372070 0.290039 0.001953 0.001953
1 0.198242 0.290039 0.001953 0.001953
1 0.321289 0.288086 0.001953 0.001953
1 0.196289 0.286133 0.001953 0.001953
1 0.920898 0.284180 0.001953 0.001953
1 0.413086 0.286133 0.013672 0.005859
0 0.377930 0.287109 0.001953 0.007812
1 0.485352 0.272461 0.001953 0.001953
1 0.295898 0.268555 0.001953 0.001953
1 0.460938 0.318359 0.085938 0.109375
1 0.283203 0.262695 0.003906 0.001953
1 0.514648 0.280273 0.029297 0.044922
1 0.458008 0.258789 0.001953 0.001953
1 0.432617 0.256836 0.001953 0.001953
0 0.359375 0.257812 0.003906 0.003906
1 0.467773 0.254883 0.001953 0.001953
1 0.842773 0.253906 0.009766 0.007812
1 0.436523 0.251953 0.005859 0.003906
0 0.352539 0.250977 0.001953 0.001953
1 0.475586 0.247070 0.013672 0.009766
1 0.431641 0.237305 0.003906 0.001953
0 0.817383 0.238281 0.005859 0.007812
1 0.182617 0.229492 0.001953 0.001953
1 0.247070 0.228516 0.001953 0.011719
1 0.163086 0.223633 0.001953 0.001953
1 0.390625 0.251953 0.031250 0.062500
1 0.495117 0.224609 0.017578 0.011719
1 0.663086 0.218750 0.001953 0.003906
1 0.657227 0.219727 0.005859 0.005859
1 0.036133 0.217773 0.001953 0.001953
1 0.309570 0.215820 0.001953 0.001953
0 0.958008 0.213867 0.001953 0.001953
1 0.247070 0.215820 0.001953 0.005859
1 0.522461 0.211914 0.001953 0.001953
1 0.499023 0.211914 0.017578 0.005859
1 0.528320 0.209961 0.005859 0.005859
0 0.219727 0.194336 0.001953 0.001953
1 0.268555 0.192383 0.001953 0.001953
1 0.649414 0.199219 0.013672 0.019531
1 0.633789 0.190430 0.001953 0.001953
1 0.627930 0.190430 0.001953 0.001953
1 0.454102 0.190430 0.001953 0.001953
1 0.264648 0.190430 0.001953 0.001953
1 0.624023 0.187500 0.001953 0.003906
1 0.028320 0.182617 0.001953 0.001953
1 0.875977 0.184570 0.005859 0.009766
1 0.382812 0.182617 0.011719 0.009766
1 0.625977 0.179688 0.013672 0.007812
1 0.407227 0.176758 0.001953 0.001953
1 0.401367 0.176758 0.001953 0.001953
1 0.397461 0.176758 0.001953 0.001953
0 0.513672 0.170898 0.003906 0.001953
1 0.153320 0.170898 0.001953 0.001953
1 0.417969 0.181641 0.011719 0.027344
0 0.316406 0.167969 0.003906 0.003906
0 0.377930 0.169922 0.009766 0.011719
0 0.305664 0.164062 0.001953 0.003906
0 0.507812 0.163086 0.003906 0.005859
0 0.315430 0.161133 0.001953 0.001953
1 0.471680 0.170898 0.037109 0.025391
1 0.541992 0.155273 0.001953 0.001953
1 0.518555 0.153320 0.001953 0.001953
1 0.227539 0.153320 0.001953 0.001953
1 0.044922 0.155273 0.003906 0.005859
1 0.021484 0.155273 0.003906 0.005859
1 0.526367 0.151367 0.001953 0.001953
1 0.235352 0.151367 0.001953 0.001953
1 0.222656 0.151367 0.003906 0.001953
1 0.041992 0.151367 0.001953 0.001953
0 0.373047 0.155273 0.011719 0.013672
1 0.229492 0.149414 0.001953 0.001953
1 0.538086 0.147461 0.001953 0.001953
1 0.043945 0.147461 0.001953 0.001953
1 0.244141 0.154297 0.011719 0.019531
1 0.174805 0.145508 0.001953 0.001953
1 0.167969 0.283203 0.335938 0.277344
0 0.839844 0.144531 0.003906 0.003906
1 0.183594 0.143555 0.003906 0.001953
1 0.041992 0.143555 0.001953 0.001953
1 0.034180 0.148438 0.009766 0.011719
1 0.536133 0.142578 0.001953 0.003906
1 0.175781 0.140625 0.007812 0.007812
1 0.531250 0.135742 0.003906 0.005859
0 0.859375 0.137695 0.015625 0.013672
1 0.573242 0.163086 0.056641 0.064453
0 0.336914 0.127930 0.001953 0.001953
1 0.315430 0.127930 0.001953 0.001953
1 0.327148 0.127930 0.013672 0.005859
0 0.697266 0.127930 0.011719 0.009766
0 0.329102 0.122070 0.001953 0.001953
1 0.870117 0.118164 0.001953 0.001953
1 0.868164 0.112305 0.001953 0.001953
0 0.858398 0.110352 0.001953 0.001953
1 0.867188 0.108398 0.003906 0.001953
1 0.176758 0.106445 0.001953 0.001953
0 0.389648 0.105469 0.001953 0.003906
1 0.172852 0.104492 0.001953 0.001953
0 0.489258 0.110352 0.009766 0.017578
1 0.379883 0.102539 0.001953 0.001953
0 0.481445 0.100586 0.001953 0.001953
1 0.176758 0.100586 0.001953 0.001953
1 0.381836 0.098633 0.001953 0.001953
1 0.053711 0.098633 0.001953 0.001953
1 0.049805 0.098633 0.001953 0.001953
1 0.024414 0.098633 0.001953 0.001953
0 0.395508 0.094727 0.001953 0.001953
1 0.029297 0.097656 0.007812 0.007812
1 0.037109 0.113281 0.066406 0.039062
1 0.137695 0.090820 0.001953 0.001953
1 0.383789 0.089844 0.001953 0.003906
1 0.850586 0.094727 0.021484 0.021484
1 0.118164 0.101562 0.044922 0.035156
1 0.053711 0.084961 0.001953 0.001953
1 0.210938 0.087891 0.023438 0.011719
1 0.152344 0.088867 0.007812 0.013672
1 0.647461 0.082031 0.001953 0.003906
1 0.920898 0.095703 0.044922 0.042969
1 0.388672 0.079102 0.015625 0.013672
1 0.381836 0.071289 0.001953 0.001953
1 0.377930 0.071289 0.001953 0.001953
1 0.372070 0.071289 0.001953 0.001953
1 0.228516 0.076172 0.015625 0.011719
1 0.004883 0.075195 0.009766 0.009766
0 0.629883 0.076172 0.029297 0.015625
1 0.250000 0.070312 0.003906 0.003906
0 0.543945 0.068359 0.005859 0.003906
1 0.394531 0.067383 0.003906 0.005859
1 0.249023 0.065430 0.001953 0.001953
0 0.541992 0.063477 0.001953 0.001953
1 0.257812 0.066406 0.011719 0.011719
1 0.142578 0.063477 0.003906 0.005859
1 0.409180 0.057617 0.001953 0.001953
0 0.785156 0.054688 0.003906 0.003906
0 0.598633 0.052734 0.005859 0.007812
1 0.262695 0.047852 0.009766 0.005859
1 0.145508 0.050781 0.009766 0.011719
1 0.932617 0.044922 0.001953 0.003906
0 0.537109 0.069336 0.031250 0.052734
1 0.045898 0.043945 0.001953 0.001953
0 0.547852 0.041992 0.001953 0.001953
0 0.516602 0.041992 0.001953 0.001953
0 0.002930 0.040039 0.001953 0.001953
1 0.143555 0.038086 0.001953 0.001953
0 0.803711 0.032227 0.001953 0.001953
0 0.635742 0.041016 0.025391 0.019531
0 0.534180 0.036133 0.005859 0.009766
0 0.810547 0.028320 0.003906 0.001953
1 0.124023 0.028320 0.001953 0.001953
1 0.042969 0.028320 0.003906 0.001953
0 0.013672 0.034180 0.015625 0.013672
0 0.143555 0.024414 0.001953 0.001953
1 0.420898 0.014648 0.001953 0.001953
0 0.144531 0.016602 0.003906 0.005859
1 0.963867 0.028320 0.052734 0.033203
0 0.936523 0.014648 0.005859 0.005859
0 0.809570 0.018555 0.017578 0.013672
0 0.623047 0.013672 0.007812 0.003906
0 0.614258 0.010742 0.001953 0.001953
0 0.614258 0.006836 0.001953 0.001953
0 0.617188 0.003906 0.003906 0.003906
0 0.945312 0.005859 0.007812 0.011719
1 0.743164 0.000977 0.001953 0.001953
1 0.412109 0.145508 0.332031 0.291016
1 0.228516 0.030273 0.085938 0.060547
1 0.070312 0.041016 0.140625 0.082031
3 0.858398 0.999023 0.001953 0.001953
3 0.228516 0.999023 0.003906 0.001953
3 0.731445 0.998047 0.001953 0.003906
3 0.589844 0.998047 0.007812 0.003906
3 0.998047 0.986328 0.003906 0.003906
3 0.270508 0.983398 0.001953 0.001953
3 0.194336 0.978516 0.005859 0.003906
2 0.725586 0.975586 0.001953 0.001953
3 0.221680 0.987305 0.048828 0.025391
3 0.036133 0.963867 0.001953 0.001953
3 0.236328 0.958984 0.003906 0.003906
3 0.240234 0.954102 0.003906 0.001953
2 0.004883 0.950195 0.001953 0.001953
3 0.256836 0.949219 0.001953 0.003906
3 0.026367 0.973633 0.052734 0.052734
2 0.227539 0.944336 0.001953 0.001953
3 0.008789 0.944336 0.001953 0.001953
3 0.100586 0.932617 0.001953 0.001953
3 0.046875 0.932617 0.003906 0.001953
3 0.030273 0.911133 0.001953 0.001953
3 0.031250 0.906250 0.003906 0.003906
3 0.040039 0.903320 0.001953 0.001953
3 0.011719 0.913086 0.023438 0.033203
2 0.092773 0.885742 0.001953 0.001953
3 0.301758 0.856445 0.001953 0.001953
3 0.092773 0.831055 0.001953 0.001953
3 0.020508 0.862305 0.041016 0.068359
3 0.081055 0.825195 0.001953 0.001953
3 0.085938 0.822266 0.003906 0.003906
3 0.010742 0.823242 0.021484 0.013672
3 0.085938 0.816406 0.003906 0.003906
3 0.020508 0.815430 0.001953 0.001953
3 0.237305 0.817383 0.009766 0.009766
3 0.940430 0.811523 0.001953 0.001953
3 0.936523 0.811523 0.001953 0.001953
3 0.354492 0.812500 0.001953 0.003906
3 0.000977 0.800781 0.001953 0.003906
2 0.092773 0.788086 0.001953 0.001953
3 0.164062 0.835938 0.195312 0.101562
2 0.170898 0.794922 0.021484 0.027344
3 0.321289 0.773438 0.009766 0.007812
3 0.073242 0.768555 0.001953 0.001953
3 0.069336 0.766602 0.001953 0.001953
3 0.352539 0.764648 0.001953 0.001953
2 0.095703 0.762695 0.003906 0.001953
3 0.363281 0.756836 0.003906 0.001953
3 0.256836 0.757812 0.017578 0.007812
2 0.202148 0.784180 0.064453 0.060547
3 0.095703 0.756836 0.003906 0.005859
3 0.348633 0.752930 0.001953 0.001953
3 0.325195 0.750977 0.001953 0.001953
3 0.291016 0.755859 0.015625 0.011719
3 0.324219 0.744141 0.003906 0.007812
3 0.315430 0.745117 0.009766 0.009766
3 0.339844 0.748047 0.023438 0.027344
3 0.147461 0.733398 0.001953 0.001953
3 0.006836 0.756836 0.013672 0.056641
3 0.000977 0.708008 0.001953 0.001953
3 0.390625 0.708008 0.003906 0.005859
3 0.246094 0.704102 0.003906 0.005859
3 0.234375 0.710938 0.019531 0.019531
3 0.155273 0.666992 0.001953 0.001953
3 0.341797 0.692383 0.050781 0.056641
3 0.368164 0.661133 0.001953 0.001953
3 0.373047 0.652344 0.007812 0.011719
3 0.303711 0.647461 0.001953 0.001953
3 0.237305 0.645508 0.001953 0.001953
3 0.315430 0.643555 0.001953 0.001953
2 0.241211 0.641602 0.001953 0.001953
2 0.247070 0.640625 0.001953 0.003906
3 0.319336 0.672852 0.064453 0.080078
3 0.266602 0.631836 0.001953 0.001953
3 0.483398 0.614258 0.001953 0.001953
3 0.475586 0.614258 0.001953 0.001953
3 0.478516 0.610352 0.003906 0.005859
3 0.334961 0.602539 0.013672 0.009766
3 0.346680 0.596680 0.001953 0.001953
3 0.420898 0.592773 0.001953 0.001953
3 0.483398 0.590820 0.001953 0.001953
3 0.463867 0.586914 0.001953 0.001953
2 0.018555 0.584961 0.001953 0.001953
3 0.450195 0.583008 0.001953 0.001953
3 0.475586 0.579102 0.001953 0.001953
3 0.452148 0.579102 0.001953 0.001953
3 0.484375 0.577148 0.003906 0.001953
3 0.353516 0.574219 0.003906 0.003906
3 0.346680 0.574219 0.001953 0.003906
3 0.460938 0.571289 0.007812 0.005859
2 0.052734 0.565430 0.003906 0.001953
2 0.073242 0.563477 0.001953 0.001953
3 0.387695 0.561523 0.001953 0.001953
3 0.386719 0.555664 0.003906 0.005859
3 0.415039 0.545898 0.001953 0.001953
3 0.353516 0.539062 0.003906 0.007812
3 0.497070 0.532227 0.001953 0.001953
2 0.471680 0.528320 0.001953 0.001953
3 0.333984 0.520508 0.003906 0.001953
3 0.196289 0.493164 0.001953 0.001953
3 0.284180 0.489258 0.001953 0.001953
2 0.071289 0.489258 0.001953 0.001953
3 0.183594 0.487305 0.007812 0.005859
2 0.174805 0.486328 0.005859 0.003906
3 0.054688 0.485352 0.003906 0.005859
2 0.055664 0.477539 0.005859 0.005859
3 0.227539 0.471680 0.001953 0.001953
3 0.032227 0.472656 0.001953 0.003906
3 0.012695 0.469727 0.001953 0.001953
3 0.035156 0.467773 0.003906 0.001953
3 0.017578 0.468750 0.003906 0.003906
3 0.174805 0.465820 0.001953 0.001953
3 0.085938 0.466797 0.003906 0.003906
3 0.174805 0.458008 0.001953 0.001953
3 0.024414 0.458008 0.001953 0.001953
3 0.311523 0.444336 0.001953 0.001953
3 0.168945 0.426758 0.001953 0.001953
3 0.156250 0.426758 0.003906 0.001953
2 0.040039 0.414062 0.001953 0.003906
3 0.092773 0.412109 0.009766 0.007812
2 0.084961 0.409180 0.001953 0.001953
3 0.077148 0.398438 0.001953 0.003906
3 0.327148 0.393555 0.001953 0.001953
2 0.054688 0.432617 0.058594 0.083984
3 0.038086 0.385742 0.009766 0.005859
3 0.264648 0.375977 0.001953 0.001953
3 0.266602 0.366211 0.001953 0.001953
3 0.153320 0.352539 0.001953 0.001953
3 0.012695 0.366211 0.025391 0.068359
3 0.149414 0.331055 0.001953 0.001953
3 0.000977 0.329102 0.001953 0.001953
3 0.170898 0.324219 0.005859 0.003906
3 0.008789 0.323242 0.001953 0.001953
3 0.171875 0.319336 0.003906 0.001953
3 0.175781 0.313477 0.003906 0.001953
3 0.123047 0.313477 0.007812 0.005859
3 0.188477 0.301758 0.001953 0.001953
2 0.129883 0.290039 0.001953 0.001953
2 0.139648 0.282227 0.001953 0.001953
3 0.141602 0.278320 0.001953 0.001953
3 0.264648 0.264648 0.001953 0.001953
3 0.147461 0.257812 0.009766 0.007812
3 0.290039 0.249023 0.001953 0.001953
3 0.269531 0.221680 0.007812 0.009766
3 0.028320 0.209961 0.001953 0.001953
3 0.310547 0.198242 0.003906 0.001953
3 0.107422 0.207031 0.042969 0.023438
3 0.264648 0.176758 0.001953 0.001953
3 0.077148 0.176758 0.001953 0.001953
2 0.301758 0.153320 0.001953 0.001953
3 0.307617 0.102539 0.005859 0.005859
3 0.321289 0.098633 0.001953 0.001953
2 0.459961 0.096680 0.001953 0.001953
3 0.335938 0.063477 0.003906 0.001953
3 0.382812 0.059570 0.007812 0.001953
3 0.354492 0.059570 0.001953 0.001953
3 0.077148 0.038086 0.001953 0.001953
3 0.265625 0.031250 0.003906 0.003906
3 0.366211 0.037109 0.048828 0.050781
3 0.053711 0.012695 0.001953 0.001953
3 0.063477 0.007812 0.013672 0.011719
3 0.059570 0.002930 0.005859 0.001953
3 0.407227 0.010742 0.044922 0.021484
3 0.500000 0.500000 1.000000 1.000000
2 0.016602 0.004883 0.033203 0.009766