1 0.223633 0.998047 0.005859 0.003906
0 0.457031 0.997070 0.003906 0.005859
0 0.413086 0.997070 0.009766 0.005859
0 0.060547 0.996094 0.003906 0.007812
0 0.812500 0.995117 0.019531 0.009766
0 0.795898 0.995117 0.009766 0.009766
1 0.671875 0.994141 0.007812 0.011719
0 0.034180 0.994141 0.009766 0.011719
0 0.573242 0.992188 0.009766 0.011719
1 0.666992 0.985352 0.001953 0.001953
0 0.049805 0.991211 0.013672 0.017578
0 0.466797 0.990234 0.011719 0.019531
0 0.060547 0.986328 0.023438 0.019531
0 0.458984 0.974609 0.003906 0.007812
0 0.390625 0.983398 0.031250 0.033203
1 0.687500 0.950195 0.003906 0.001953
0 0.452148 0.952148 0.001953 0.005859
0 0.095703 0.949219 0.003906 0.003906
1 0.000977 0.949219 0.001953 0.003906
0 0.368164 0.945312 0.001953 0.003906
0 0.506836 0.946289 0.005859 0.009766
0 0.000977 0.943359 0.001953 0.003906
0 0.363281 0.966797 0.023438 0.054688
0 0.097656 0.942383 0.003906 0.005859
0 0.977539 0.937500 0.005859 0.003906
0 0.352539 0.936523 0.001953 0.001953
0 0.006836 0.936523 0.001953 0.001953
0 0.224609 0.935547 0.003906 0.003906
0 0.366211 0.931641 0.013672 0.011719
0 0.468750 0.940430 0.031250 0.044922
0 0.510742 0.932617 0.037109 0.033203
0 0.395508 0.920898 0.001953 0.009766
0 0.225586 0.922852 0.021484 0.021484
0 0.342773 0.911133 0.001953 0.001953
0 0.522461 0.905273 0.013672 0.017578
0 0.374023 0.875000 0.013672 0.019531
0 0.366211 0.898438 0.044922 0.066406
0 0.075195 0.865234 0.013672 0.007812
0 0.072266 0.857422 0.003906 0.003906
0 0.215820 0.863281 0.017578 0.019531
0 0.159180 0.854492 0.001953 0.005859
0 0.077148 0.849609 0.025391 0.011719
0 0.968750 0.876953 0.039062 0.082031
0 0.380859 0.844727 0.011719 0.017578
0 0.061523 0.836914 0.001953 0.001953
0 0.959961 0.834961 0.001953 0.001953
0 0.367188 0.845703 0.015625 0.027344
0 0.052734 0.850586 0.031250 0.037109
0 0.057617 0.831055 0.001953 0.001953
0 0.979492 0.839844 0.021484 0.027344
0 0.496094 0.876953 0.054688 0.105469
0 0.967773 0.813477 0.005859 0.001953
0 0.950195 0.826172 0.041016 0.027344
0 0.377930 0.819336 0.017578 0.021484
0 0.302734 0.834961 0.031250 0.052734
0 0.940430 0.811523 0.025391 0.017578
0 0.379883 0.802734 0.005859 0.003906
1 0.469727 0.795898 0.005859 0.001953
0 0.404297 0.798828 0.011719 0.015625
0 0.930664 0.791016 0.005859 0.003906
0 0.417969 0.797852 0.011719 0.017578
0 0.435547 0.787109 0.003906 0.003906
1 0.000977 0.787109 0.001953 0.003906
0 0.928711 0.784180 0.001953 0.005859
0 0.505859 0.783203 0.003906 0.015625
0 0.577148 0.776367 0.005859 0.005859
1 0.075195 0.776367 0.009766 0.005859
0 0.473633 0.775391 0.009766 0.011719
0 0.586914 0.767578 0.001953 0.003906
0 0.506836 0.767578 0.009766 0.011719
0 0.492188 0.777344 0.019531 0.035156
0 0.944336 0.778320 0.025391 0.044922
0 0.519531 0.763672 0.003906 0.015625
0 0.218750 0.754883 0.007812 0.009766
1 0.150391 0.750000 0.003906 0.011719
1 0.709961 0.743164 0.001953 0.001953
0 0.550781 0.748047 0.003906 0.011719
0 0.704102 0.739258 0.005859 0.005859
0 0.186523 0.749023 0.060547 0.025391
0 0.046875 0.735352 0.003906 0.005859
0 0.572266 0.750977 0.035156 0.041016
0 0.702148 0.727539 0.001953 0.001953
0 0.055664 0.723633 0.001953 0.001953
0 0.042969 0.720703 0.007812 0.007812
0 0.287109 0.716797 0.019531 0.015625
0 0.071289 0.718750 0.017578 0.023438
0 0.695312 0.709961 0.019531 0.025391
0 0.679688 0.699219 0.003906 0.003906
0 0.799805 0.710938 0.029297 0.031250
1 0.004883 0.699219 0.009766 0.019531
1 0.004883 0.684570 0.001953 0.001953
0 0.483398 0.682617 0.001953 0.001953
0 0.511719 0.687500 0.023438 0.015625
0 0.040039 0.693359 0.025391 0.031250
0 0.070312 0.692383 0.023438 0.033203
0 0.481445 0.672852 0.001953 0.001953
0 0.511719 0.669922 0.011719 0.015625
0 0.147461 0.659180 0.001953 0.001953
0 0.514648 0.657227 0.001953 0.001953
0 0.510742 0.657227 0.001953 0.001953
0 0.465820 0.670898 0.029297 0.033203
0 0.589844 0.649414 0.015625 0.009766
1 0.159180 0.645508 0.001953 0.001953
1 0.151367 0.645508 0.001953 0.001953
0 0.146484 0.645508 0.003906 0.005859
0 0.000977 0.644531 0.001953 0.007812
1 0.588867 0.638672 0.001953 0.003906
1 0.918945 0.635742 0.001953 0.001953
0 0.063477 0.635742 0.001953 0.001953
0 0.601562 0.638672 0.007812 0.011719
0 0.000977 0.627930 0.001953 0.001953
1 0.065430 0.626953 0.005859 0.003906
0 0.051758 0.614258 0.001953 0.001953
0 0.004883 0.615234 0.009766 0.007812
0 0.049805 0.599609 0.005859 0.003906
0 0.467773 0.597656 0.005859 0.007812
0 0.487305 0.621094 0.037109 0.078125
0 0.055664 0.593750 0.017578 0.035156
0 0.906250 0.593750 0.019531 0.039062
0 0.470703 0.581055 0.007812 0.017578
1 0.189453 0.573242 0.007812 0.005859
0 0.008789 0.588867 0.017578 0.037109
0 0.250977 0.571289 0.005859 0.005859
0 0.518555 0.581055 0.025391 0.037109
0 0.190430 0.563477 0.009766 0.009766
0 0.647461 0.572266 0.029297 0.031250
0 0.234375 0.576172 0.050781 0.039062
0 0.636719 0.557617 0.007812 0.005859
0 0.703125 0.555664 0.019531 0.017578
0 0.706055 0.545898 0.001953 0.001953
0 0.030273 0.544922 0.001953 0.003906
0 0.010742 0.554688 0.021484 0.023438
0 0.517578 0.549805 0.015625 0.017578
1 0.040039 0.546875 0.009766 0.011719
0 0.455078 0.549805 0.019531 0.021484
0 0.148438 0.530273 0.003906 0.005859
0 0.139648 0.526367 0.001953 0.001953
0 0.016602 0.529297 0.005859 0.011719
0 0.052734 0.507812 0.003906 0.003906
1 0.616211 0.500977 0.001953 0.001953
0 0.040039 0.515625 0.029297 0.042969
0 0.937500 0.492188 0.003906 0.003906
1 0.647461 0.497070 0.009766 0.013672
1 0.634766 0.492188 0.003906 0.003906
1 0.994141 0.492188 0.011719 0.007812
1 0.612305 0.492188 0.005859 0.007812
0 0.918945 0.494141 0.017578 0.015625
0 0.623047 0.487305 0.011719 0.009766
0 0.902344 0.490234 0.023438 0.019531
0 0.158203 0.486328 0.011719 0.011719
0 0.875977 0.473633 0.013672 0.009766
0 0.953125 0.479492 0.023438 0.025391
0 0.989258 0.467773 0.021484 0.017578
0 0.128906 0.444336 0.003906 0.001953
0 0.004883 0.448242 0.009766 0.009766
0 0.133789 0.458008 0.072266 0.041016
0 0.007812 0.439453 0.003906 0.003906
0 0.291992 0.416016 0.001953 0.003906
0 0.998047 0.416016 0.003906 0.007812
0 0.266602 0.412109 0.001953 0.003906
0 0.645508 0.408203 0.005859 0.007812
0 0.298828 0.414062 0.011719 0.019531
0 0.643555 0.422852 0.037109 0.041016
0 0.590820 0.406250 0.009766 0.007812
0 0.639648 0.401367 0.001953 0.001953
1 0.858398 0.400391 0.005859 0.003906
0 0.009766 0.397461 0.015625 0.009766
0 0.293945 0.393555 0.005859 0.005859
0 0.999023 0.389648 0.001953 0.001953
0 0.307617 0.393555 0.005859 0.009766
0 0.931641 0.386719 0.003906 0.003906
1 0.860352 0.425781 0.080078 0.082031
0 0.018555 0.389648 0.013672 0.009766
0 0.922852 0.383789 0.001953 0.001953
1 0.914062 0.374023 0.003906 0.001953
1 0.901367 0.372070 0.001953 0.001953
0 0.037109 0.376953 0.011719 0.011719
0 0.970703 0.371094 0.007812 0.003906
0 0.055664 0.364258 0.001953 0.001953
0 0.039062 0.364258 0.007812 0.001953
1 0.897461 0.361328 0.001953 0.003906
1 0.899414 0.356445 0.001953 0.001953
1 0.053711 0.350586 0.001953 0.001953
1 0.060547 0.347656 0.003906 0.003906
1 0.887695 0.346680 0.009766 0.009766
0 0.959961 0.336914 0.001953 0.001953
1 0.930664 0.334961 0.001953 0.001953
1 0.860352 0.353516 0.072266 0.070312
0 0.073242 0.309570 0.005859 0.005859
0 0.062500 0.315430 0.015625 0.017578
1 0.207031 0.280273 0.003906 0.005859
1 0.157227 0.287109 0.009766 0.019531
0 0.222656 0.282227 0.015625 0.017578
0 0.990234 0.310547 0.019531 0.078125
0 0.099609 0.273438 0.003906 0.007812
1 0.543945 0.267578 0.005859 0.003906
1 0.933594 0.318359 0.132812 0.121094
0 0.839844 0.248047 0.003906 0.003906
1 0.541992 0.243164 0.005859 0.005859
0 0.624023 0.237305 0.001953 0.001953
0 0.074219 0.270508 0.054688 0.068359
1 0.099609 0.235352 0.003906 0.005859
1 0.090820 0.235352 0.005859 0.005859
0 0.639648 0.238281 0.013672 0.031250
1 0.881836 0.222656 0.005859 0.003906
0 0.831055 0.233398 0.021484 0.029297
0 0.993164 0.222656 0.013672 0.027344
0 0.616211 0.210938 0.001953 0.003906
0 0.000977 0.206055 0.001953 0.005859
0 0.644531 0.206055 0.015625 0.013672
0 0.626953 0.211914 0.023438 0.044922
0 0.343750 0.191406 0.007812 0.007812
0 0.979492 0.207031 0.033203 0.042969
0 0.647461 0.188477 0.009766 0.005859
0 0.592773 0.186523 0.001953 0.001953
0 0.977539 0.185547 0.013672 0.015625
0 0.594727 0.195312 0.041016 0.039062
0 0.345703 0.181641 0.019531 0.015625
0 0.357422 0.168945 0.003906 0.009766
1 0.870117 0.162109 0.001953 0.003906
0 0.779297 0.159180 0.003906 0.001953
0 0.641602 0.171875 0.048828 0.027344
0 0.645508 0.155273 0.001953 0.001953
0 0.329102 0.163086 0.005859 0.025391
0 0.856445 0.150391 0.005859 0.003906
0 0.009766 0.171875 0.019531 0.046875
0 0.842773 0.158203 0.017578 0.023438
0 0.736328 0.148438 0.015625 0.011719
0 0.778320 0.137695 0.001953 0.001953
0 0.725586 0.201172 0.123047 0.128906
0 0.752930 0.133789 0.001953 0.001953
0 0.340820 0.151367 0.017578 0.041016
1 0.250000 0.126953 0.007812 0.003906
0 0.717773 0.125000 0.001953 0.003906
0 0.680664 0.124023 0.009766 0.005859
0 0.733398 0.120117 0.005859 0.001953
1 0.155273 0.133789 0.033203 0.029297
0 0.933594 0.117188 0.003906 0.003906
1 0.621094 0.117188 0.003906 0.003906
0 0.856445 0.112305 0.001953 0.001953
0 0.702148 0.125000 0.037109 0.027344
0 0.719727 0.110352 0.001953 0.001953
1 0.624023 0.108398 0.001953 0.001953
0 0.444336 0.108398 0.001953 0.001953
0 0.938477 0.102539 0.001953 0.001953
0 0.866211 0.102539 0.001953 0.001953
0 0.778320 0.102539 0.001953 0.001953
0 0.024414 0.104492 0.001953 0.005859
1 0.893555 0.100586 0.001953 0.001953
0 0.839844 0.113281 0.027344 0.027344
0 0.838867 0.102539 0.005859 0.005859
0 0.881836 0.101562 0.013672 0.011719
0 0.829102 0.096680 0.001953 0.001953
0 0.788086 0.098633 0.001953 0.005859
0 0.885742 0.092773 0.001953 0.001953
0 0.323242 0.113281 0.017578 0.042969
0 0.308594 0.093750 0.003906 0.007812
0 0.863281 0.092773 0.035156 0.013672
0 0.322266 0.087891 0.003906 0.003906
0 0.027344 0.088867 0.015625 0.009766
0 0.786133 0.083008 0.001953 0.001953
0 0.309570 0.083008 0.001953 0.001953
0 0.916016 0.081055 0.007812 0.013672
0 0.450195 0.074219 0.001953 0.003906
0 0.443359 0.082031 0.011719 0.019531
0 0.704102 0.063477 0.001953 0.001953
0 0.141602 0.064453 0.005859 0.003906
0 0.129883 0.062500 0.005859 0.003906
0 0.818359 0.097656 0.078125 0.078125
1 0.233398 0.060547 0.001953 0.003906
0 0.810547 0.063477 0.027344 0.013672
0 0.445312 0.057617 0.003906 0.005859
0 0.869141 0.064453 0.027344 0.027344
0 0.826172 0.051758 0.015625 0.005859
1 0.607422 0.065430 0.007812 0.037109
0 0.178711 0.041992 0.001953 0.001953
1 0.035156 0.067383 0.054688 0.052734
1 0.006836 0.041992 0.001953 0.001953
1 0.001953 0.041992 0.003906 0.001953
1 0.090820 0.042969 0.005859 0.007812
0 0.139648 0.047852 0.025391 0.021484
1 0.000977 0.038086 0.001953 0.001953
0 0.422852 0.041016 0.025391 0.011719
1 0.282227 0.036133 0.001953 0.001953
0 0.420898 0.030273 0.001953 0.001953
0 0.144531 0.037109 0.011719 0.015625
0 0.936523 0.061523 0.052734 0.068359
0 0.139648 0.026367 0.001953 0.001953
0 0.387695 0.023438 0.001953 0.003906
1 0.085938 0.020508 0.003906 0.005859
0 0.974609 0.009766 0.003906 0.007812
0 0.145508 0.009766 0.009766 0.015625
0 0.135742 0.006836 0.005859 0.009766
1 0.973633 0.000977 0.001953 0.001953
0 0.940430 0.001953 0.005859 0.003906
0 0.917969 0.026367 0.042969 0.052734
0 0.777344 0.011719 0.031250 0.023438
0 0.754883 0.000977 0.001953 0.001953
0 0.413086 0.015625 0.060547 0.031250
1 0.087891 0.006836 0.023438 0.013672
2 0.001953 0.587891 0.003906 0.007812
2 0.985352 0.365234 0.021484 0.007812
3 0.929688 0.350586 0.003906 0.001953
2 0.976562 0.344727 0.011719 0.005859
2 0.999023 0.338867 0.001953 0.001953
3 0.946289 0.323242 0.005859 0.005859
2 0.932617 0.307617 0.001953 0.001953
2 0.011719 0.172852 0.003906 0.005859
2 0.428711 0.013672 0.009766 0.007812
3 0.500000 0.500000 1.000000 1.000000