0 0.973633 0.999023 0.001953 0.001953
1 0.876953 0.999023 0.003906 0.001953
1 0.514648 0.999023 0.001953 0.001953
1 0.861328 0.998047 0.003906 0.003906
0 0.816406 0.998047 0.003906 0.003906
1 0.795898 0.998047 0.001953 0.003906
0 0.680664 0.998047 0.009766 0.003906
1 0.381836 0.998047 0.001953 0.003906
1 0.377930 0.998047 0.001953 0.003906
0 0.923828 0.997070 0.011719 0.005859
1 0.559570 0.997070 0.005859 0.005859
1 0.399414 0.995117 0.001953 0.001953
1 0.606445 0.996094 0.009766 0.007812
1 0.512695 0.993164 0.001953 0.001953
1 0.866211 0.986328 0.001953 0.003906
1 0.772461 0.992188 0.005859 0.015625
1 0.327148 0.985352 0.001953 0.001953
0 0.719727 0.990234 0.037109 0.019531
1 0.041016 0.983398 0.003906 0.005859
1 0.001953 0.982422 0.003906 0.007812
1 0.867188 0.979492 0.003906 0.005859
0 0.815430 0.974609 0.005859 0.003906
0 0.808594 0.978516 0.007812 0.011719
0 0.657227 0.973633 0.001953 0.001953
1 0.598633 0.977539 0.005859 0.009766
0 0.464844 0.979492 0.015625 0.013672
1 0.387695 0.981445 0.017578 0.017578
1 0.553711 0.975586 0.005859 0.009766
0 0.535156 0.972656 0.003906 0.003906
0 0.951172 0.968750 0.003906 0.003906
0 0.668945 0.968750 0.005859 0.003906
1 0.324219 0.972656 0.007812 0.011719
1 0.182617 0.975586 0.017578 0.017578
1 0.426758 0.964844 0.001953 0.003906
1 0.310547 0.967773 0.003906 0.009766
1 0.106445 0.970703 0.005859 0.015625
0 0.807617 0.961914 0.001953 0.001953
1 0.159180 0.963867 0.017578 0.013672
1 0.593750 0.957031 0.003906 0.007812
1 0.904297 0.954102 0.003906 0.005859
1 0.846680 0.958008 0.009766 0.017578
1 0.545898 0.958984 0.013672 0.019531
1 0.603516 0.950195 0.011719 0.005859
0 0.654297 0.948242 0.003906 0.005859
1 0.422852 0.946289 0.001953 0.001953
1 0.570312 0.942383 0.007812 0.001953
1 0.434570 0.942383 0.001953 0.001953
0 0.458984 0.951172 0.019531 0.023438
1 0.364258 0.946289 0.013672 0.013672
0 0.807617 0.953125 0.029297 0.035156
1 0.723633 0.937500 0.005859 0.007812
1 0.276367 0.936523 0.001953 0.005859
1 0.104492 0.943359 0.009766 0.019531
0 0.685547 0.936523 0.011719 0.013672
1 0.352539 0.932617 0.009766 0.005859
1 0.337891 0.931641 0.003906 0.003906
1 0.296875 0.931641 0.003906 0.003906
1 0.904297 0.932617 0.007812 0.009766
0 0.793945 0.930664 0.005859 0.009766
1 0.130859 0.928711 0.007812 0.017578
0 0.667969 0.927734 0.011719 0.019531
1 0.518555 0.911133 0.001953 0.001953
0 0.966797 0.926758 0.019531 0.041016
1 0.084961 0.907227 0.001953 0.001953
0 0.655273 0.916992 0.017578 0.029297
1 0.092773 0.916016 0.013672 0.031250
1 0.019531 0.911133 0.039062 0.021484
0 0.784180 0.907227 0.021484 0.017578
1 0.489258 0.897461 0.001953 0.001953
1 0.411133 0.904297 0.021484 0.015625
1 0.582031 0.901367 0.015625 0.013672
1 0.369141 0.898438 0.003906 0.007812
1 0.320312 0.896484 0.007812 0.011719
1 0.259766 0.908203 0.011719 0.035156
0 0.689453 0.900391 0.023438 0.023438
0 0.820312 0.907227 0.046875 0.044922
1 0.325195 0.885742 0.001953 0.001953
0 0.989258 0.924805 0.021484 0.087891
1 0.325195 0.881836 0.001953 0.001953
1 0.405273 0.877930 0.013672 0.009766
1 0.658203 0.873047 0.003906 0.003906
1 0.525391 0.877930 0.007812 0.013672
1 0.022461 0.876953 0.009766 0.015625
1 0.651367 0.868164 0.001953 0.001953
0 0.969727 0.862305 0.001953 0.001953
1 0.788086 0.860352 0.001953 0.001953
1 0.431641 0.860352 0.003906 0.001953
1 0.333008 0.868164 0.009766 0.017578
1 0.285156 0.861328 0.003906 0.003906
0 0.981445 0.861328 0.005859 0.007812
0 0.977539 0.858398 0.005859 0.001953
1 0.763672 0.856445 0.003906 0.005859
1 0.442383 0.855469 0.005859 0.003906
0 0.231445 0.868164 0.017578 0.033203
1 0.618164 0.849609 0.005859 0.003906
1 0.540039 0.860352 0.017578 0.025391
0 0.090820 0.851562 0.021484 0.015625
1 0.404297 0.846680 0.019531 0.017578
1 0.630859 0.839844 0.003906 0.011719
1 0.571289 0.839844 0.009766 0.011719
1 0.403320 0.834961 0.001953 0.001953
1 0.755859 0.841797 0.011719 0.019531
0 0.223633 0.843750 0.017578 0.023438
1 0.869141 0.832031 0.003906 0.003906
1 0.857422 0.869141 0.031250 0.078125
1 0.938477 0.828125 0.001953 0.003906
0 0.924805 0.827148 0.001953 0.001953
1 0.413086 0.828125 0.009766 0.011719
1 0.094727 0.825195 0.009766 0.005859
0 0.652344 0.824219 0.007812 0.011719
0 0.070312 0.820312 0.003906 0.003906
0 0.942383 0.817383 0.001953 0.001953
1 0.534180 0.819336 0.009766 0.009766
1 0.547852 0.813477 0.009766 0.005859
0 0.668945 0.814453 0.021484 0.015625
1 0.260742 0.807617 0.001953 0.001953
0 0.428711 0.809570 0.013672 0.009766
1 0.830078 0.804688 0.003906 0.003906
1 0.320312 0.818359 0.019531 0.031250
0 0.275391 0.815430 0.015625 0.025391
1 0.368164 0.801758 0.001953 0.001953
0 0.297852 0.809570 0.009766 0.017578
1 0.883789 0.819336 0.021484 0.041016
1 0.860352 0.802734 0.009766 0.011719
1 0.684570 0.797852 0.001953 0.001953
1 0.477539 0.796875 0.017578 0.007812
1 0.131836 0.798828 0.005859 0.011719
1 0.710938 0.791016 0.003906 0.003906
0 0.049805 0.799805 0.025391 0.029297
0 0.954102 0.785156 0.001953 0.003906
0 0.287109 0.784180 0.003906 0.005859
0 0.606445 0.786133 0.013672 0.013672
0 0.959961 0.868164 0.080078 0.181641
0 0.279297 0.782227 0.007812 0.009766
1 0.269531 0.776367 0.007812 0.005859
0 0.068359 0.775391 0.003906 0.003906
0 0.948242 0.777344 0.013672 0.019531
1 0.558594 0.775391 0.011719 0.015625
1 0.075195 0.768555 0.001953 0.001953
0 0.661133 0.790039 0.064453 0.048828
1 0.208984 0.769531 0.007812 0.007812
1 0.817383 0.780273 0.017578 0.037109
1 0.774414 0.775391 0.017578 0.031250
1 0.731445 0.769531 0.017578 0.027344
1 0.743164 0.754883 0.001953 0.001953
1 0.063477 0.759766 0.005859 0.011719
1 0.506836 0.756836 0.017578 0.009766
1 0.735352 0.750977 0.001953 0.001953
1 0.652344 0.755859 0.007812 0.011719
0 0.281250 0.755859 0.015625 0.011719
1 0.907227 0.791992 0.064453 0.091797
1 0.144531 0.752930 0.011719 0.017578
1 0.561523 0.747070 0.005859 0.009766
1 0.197266 0.752930 0.015625 0.021484
0 0.603516 0.757812 0.015625 0.035156
0 0.282227 0.744141 0.005859 0.007812
1 0.223633 0.747070 0.017578 0.021484
0 0.622070 0.744141 0.021484 0.027344
1 0.324219 0.741211 0.019531 0.025391
0 0.018555 0.742188 0.029297 0.031250
1 0.449219 0.732422 0.035156 0.015625
0 0.977539 0.751953 0.044922 0.058594
1 0.788086 0.721680 0.001953 0.001953
1 0.537109 0.727539 0.019531 0.013672
1 0.291016 0.723633 0.003906 0.005859
1 0.340820 0.725586 0.017578 0.013672
1 0.796875 0.725586 0.019531 0.017578
0 0.952148 0.732422 0.044922 0.035156
1 0.674805 0.720703 0.009766 0.011719
1 0.300781 0.717773 0.007812 0.005859
1 0.121094 0.726562 0.019531 0.023438
1 0.224609 0.721680 0.011719 0.017578
1 0.792969 0.713867 0.003906 0.005859
1 0.372070 0.713867 0.005859 0.009766
1 0.747070 0.715820 0.017578 0.021484
1 0.725586 0.706055 0.001953 0.001953
1 0.586914 0.708008 0.005859 0.009766
1 0.382812 0.708984 0.015625 0.015625
0 0.800781 0.700195 0.003906 0.001953
1 0.786133 0.701172 0.005859 0.007812
1 0.362305 0.699219 0.001953 0.003906
1 0.305664 0.698242 0.001953 0.001953
1 0.807617 0.697266 0.005859 0.011719
1 0.446289 0.700195 0.033203 0.017578
1 0.006836 0.687500 0.013672 0.011719
1 0.190430 0.685547 0.009766 0.015625
1 0.879883 0.677734 0.001953 0.003906
0 0.654297 0.682617 0.019531 0.017578
0 0.630859 0.696289 0.054688 0.044922
1 0.447266 0.680664 0.019531 0.013672
0 0.927734 0.684570 0.015625 0.025391
1 0.144531 0.673828 0.003906 0.003906
0 0.640625 0.673828 0.003906 0.007812
1 0.120117 0.668945 0.001953 0.001953
1 0.818359 0.667969 0.015625 0.007812
0 0.645508 0.666016 0.001953 0.003906
0 0.622070 0.666992 0.001953 0.005859
1 0.116211 0.676758 0.033203 0.025391
1 0.037109 0.664062 0.003906 0.003906
1 0.772461 0.666016 0.009766 0.011719
1 0.788086 0.659180 0.001953 0.001953
1 0.206055 0.662109 0.009766 0.011719
0 0.643555 0.653320 0.001953 0.001953
0 0.625977 0.658203 0.021484 0.011719
0 0.999023 0.652344 0.001953 0.003906
1 0.757812 0.660156 0.011719 0.019531
0 0.195312 0.651367 0.003906 0.005859
0 0.919922 0.648438 0.007812 0.003906
0 0.913086 0.647461 0.001953 0.001953
1 0.441406 0.651367 0.007812 0.009766
0 0.965820 0.681641 0.068359 0.078125
0 0.980469 0.652344 0.015625 0.023438
1 0.010742 0.646484 0.017578 0.011719
1 0.592773 0.637695 0.001953 0.001953
1 0.596680 0.636719 0.001953 0.003906
1 0.601562 0.632812 0.003906 0.003906
0 0.521484 0.636719 0.007812 0.011719
1 0.404297 0.634766 0.003906 0.007812
1 0.596680 0.630859 0.001953 0.003906
0 0.428711 0.638672 0.021484 0.019531
1 0.311523 0.638672 0.013672 0.019531
1 0.190430 0.629883 0.001953 0.001953
0 0.675781 0.628906 0.003906 0.003906
1 0.112305 0.627930 0.005859 0.005859
0 0.625000 0.634766 0.027344 0.023438
0 0.074219 0.635742 0.019531 0.025391
1 0.833008 0.623047 0.001953 0.003906
1 0.826172 0.620117 0.003906 0.005859
1 0.055664 0.616211 0.001953 0.001953
1 0.625977 0.616211 0.005859 0.005859
1 0.444336 0.614258 0.001953 0.001953
0 0.003906 0.619141 0.007812 0.011719
0 0.694336 0.639648 0.033203 0.060547
1 0.066406 0.618164 0.011719 0.017578
1 0.259766 0.608398 0.003906 0.001953
1 0.821289 0.606445 0.001953 0.001953
1 0.347656 0.610352 0.007812 0.009766
1 0.183594 0.608398 0.011719 0.005859
0 0.678711 0.604492 0.001953 0.001953
0 0.513672 0.633789 0.097656 0.060547
0 0.666992 0.603516 0.013672 0.007812
1 0.568359 0.602539 0.007812 0.005859
1 0.856445 0.670898 0.123047 0.154297
1 0.605469 0.604492 0.007812 0.021484
0 0.001953 0.598633 0.003906 0.009766
1 0.875977 0.599609 0.017578 0.015625
1 0.533203 0.596680 0.015625 0.009766
0 0.993164 0.595703 0.013672 0.011719
1 0.247070 0.591797 0.005859 0.003906
1 0.197266 0.590820 0.003906 0.001953
1 0.823242 0.595703 0.009766 0.015625
1 0.083008 0.591797 0.013672 0.007812
1 0.214844 0.589844 0.015625 0.007812
0 0.836914 0.584961 0.001953 0.001953
1 0.124023 0.602539 0.025391 0.037109
0 0.932617 0.603516 0.041016 0.042969
1 0.569336 0.583008 0.005859 0.001953
0 0.441406 0.595703 0.031250 0.027344
1 0.068359 0.583984 0.003906 0.003906
1 0.978516 0.586914 0.019531 0.021484
0 0.931641 0.578125 0.003906 0.003906
0 0.811523 0.577148 0.001953 0.001953
1 0.661133 0.577148 0.001953 0.001953
1 0.344727 0.575195 0.001953 0.001953
1 0.213867 0.576172 0.001953 0.003906
0 0.020508 0.581055 0.005859 0.013672
1 0.732422 0.584961 0.015625 0.025391
1 0.683594 0.578125 0.007812 0.011719
0 0.798828 0.578125 0.007812 0.015625
0 0.243164 0.573242 0.001953 0.005859
1 0.604492 0.565430 0.001953 0.001953
1 0.209961 0.568359 0.005859 0.007812
1 0.600586 0.563477 0.001953 0.001953
0 0.426758 0.563477 0.001953 0.001953
1 0.336914 0.576172 0.021484 0.027344
0 0.192383 0.563477 0.001953 0.001953
1 0.364258 0.568359 0.013672 0.015625
1 0.269531 0.585938 0.039062 0.050781
0 0.848633 0.565430 0.013672 0.013672
1 0.739258 0.562500 0.001953 0.007812
1 0.247070 0.559570 0.001953 0.001953
1 0.754883 0.558594 0.001953 0.003906
1 0.724609 0.559570 0.003906 0.005859
1 0.245117 0.555664 0.001953 0.001953
0 0.008789 0.571289 0.017578 0.033203
1 0.928711 0.553711 0.001953 0.001953
1 0.924805 0.553711 0.001953 0.001953
1 0.491211 0.553711 0.001953 0.001953
1 0.148438 0.557617 0.011719 0.013672
1 0.730469 0.551758 0.003906 0.005859
1 0.718750 0.545898 0.003906 0.001953
1 0.288086 0.546875 0.021484 0.011719
1 0.788086 0.542969 0.005859 0.007812
1 0.719727 0.540039 0.001953 0.001953
1 0.931641 0.538086 0.003906 0.001953
1 0.671875 0.539062 0.003906 0.003906
1 0.641602 0.539062 0.001953 0.003906
1 0.268555 0.541016 0.009766 0.007812
0 0.989258 0.536133 0.001953 0.001953
0 0.876953 0.553711 0.035156 0.037109
1 0.607422 0.542969 0.015625 0.015625
1 0.161133 0.536133 0.001953 0.001953
0 0.999023 0.534180 0.001953 0.001953
1 0.641602 0.534180 0.001953 0.001953
1 0.276367 0.535156 0.001953 0.003906
1 0.233398 0.542969 0.021484 0.019531
1 0.084961 0.541992 0.017578 0.017578
1 0.547852 0.532227 0.001953 0.001953
1 0.126953 0.532227 0.003906 0.001953
0 0.400391 0.576172 0.027344 0.093750
0 0.185547 0.540039 0.023438 0.021484
1 0.293945 0.530273 0.009766 0.005859
1 0.203125 0.528320 0.011719 0.013672
1 0.735352 0.520508 0.001953 0.001953
1 0.557617 0.525391 0.013672 0.015625
0 0.429688 0.518555 0.003906 0.001953
1 0.267578 0.519531 0.003906 0.003906
0 0.984375 0.531250 0.031250 0.031250
1 0.779297 0.528320 0.015625 0.025391
1 0.940430 0.514648 0.001953 0.001953
1 0.825195 0.517578 0.001953 0.007812
1 0.804688 0.516602 0.003906 0.005859
1 0.008789 0.514648 0.001953 0.001953
1 0.965820 0.510742 0.001953 0.001953
0 0.362305 0.510742 0.001953 0.001953
1 0.924805 0.509766 0.001953 0.003906
1 0.528320 0.515625 0.021484 0.015625
1 0.015625 0.506836 0.003906 0.001953
1 0.768555 0.505859 0.001953 0.003906
1 0.141602 0.504883 0.001953 0.001953
1 0.930664 0.503906 0.005859 0.003906
1 0.242188 0.514648 0.011719 0.025391
1 0.947266 0.501953 0.003906 0.003906
1 0.065430 0.513672 0.017578 0.027344
1 0.008789 0.500977 0.001953 0.001953
1 0.953125 0.499023 0.003906 0.001953
0 0.376953 0.519531 0.097656 0.042969
1 0.935547 0.499023 0.003906 0.005859
1 0.929688 0.498047 0.003906 0.003906
1 0.884766 0.503906 0.015625 0.015625
1 0.854492 0.503906 0.013672 0.015625
0 0.456055 0.497070 0.001953 0.001953
0 0.358398 0.500977 0.013672 0.009766
1 0.768555 0.498047 0.005859 0.007812
1 0.702148 0.496094 0.017578 0.011719
1 0.625977 0.498047 0.013672 0.015625
1 0.578125 0.494141 0.007812 0.007812
1 0.112305 0.489258 0.001953 0.001953
0 0.075195 0.489258 0.001953 0.001953
1 0.048828 0.492188 0.011719 0.007812
0 0.988281 0.500977 0.023438 0.029297
1 0.120117 0.514648 0.076172 0.056641
1 0.485352 0.492188 0.009766 0.015625
0 0.381836 0.488281 0.013672 0.007812
1 0.809570 0.487305 0.009766 0.009766
0 0.851562 0.483398 0.003906 0.005859
0 0.184570 0.501953 0.041016 0.042969
0 0.429688 0.485352 0.019531 0.013672
0 0.240234 0.485352 0.007812 0.013672
1 0.559570 0.477539 0.001953 0.001953
0 0.689453 0.476562 0.003906 0.003906
1 0.509766 0.479492 0.007812 0.009766
0 0.975586 0.474609 0.001953 0.003906
1 0.541016 0.481445 0.023438 0.017578
0 0.229492 0.473633 0.001953 0.001953
1 0.144531 0.474609 0.003906 0.003906
1 0.112305 0.474609 0.005859 0.003906
1 0.031250 0.472656 0.003906 0.003906
1 0.610352 0.474609 0.009766 0.011719
1 0.088867 0.474609 0.009766 0.011719
0 0.935547 0.471680 0.011719 0.013672
0 0.892578 0.464844 0.003906 0.003906
1 0.844727 0.463867 0.001953 0.001953
1 0.819336 0.463867 0.001953 0.001953
0 0.395508 0.463867 0.001953 0.001953
1 0.132812 0.464844 0.003906 0.003906
1 0.301758 0.462891 0.005859 0.003906
0 0.990234 0.465820 0.011719 0.017578
0 0.446289 0.475586 0.033203 0.037109
1 0.975586 0.456055 0.001953 0.001953
1 0.971680 0.456055 0.001953 0.001953
1 0.062500 0.465820 0.027344 0.025391
0 0.975586 0.452148 0.001953 0.001953
0 0.752930 0.456055 0.013672 0.017578
1 0.328125 0.450195 0.003906 0.005859
1 0.017578 0.457031 0.015625 0.019531
0 0.873047 0.458984 0.039062 0.027344
0 0.750977 0.446289 0.001953 0.001953
0 0.685547 0.456055 0.027344 0.021484
1 0.150391 0.447266 0.007812 0.003906
1 0.732422 0.446289 0.003906 0.005859
1 0.310547 0.449219 0.011719 0.015625
0 0.952148 0.436523 0.001953 0.001953
0 0.902344 0.439453 0.011719 0.007812
1 0.562500 0.440430 0.011719 0.009766
0 0.371094 0.455078 0.039062 0.039062
1 0.507812 0.445312 0.027344 0.027344
1 0.468750 0.447266 0.023438 0.031250
0 0.419922 0.440430 0.027344 0.017578
1 0.607422 0.433594 0.015625 0.011719
1 0.598633 0.428711 0.001953 0.001953
1 0.315430 0.430664 0.017578 0.009766
0 0.270508 0.432617 0.009766 0.013672
0 0.244141 0.448242 0.031250 0.044922
0 0.995117 0.437500 0.009766 0.027344
1 0.202148 0.425781 0.005859 0.007812
0 0.721680 0.418945 0.001953 0.001953
0 0.988281 0.416992 0.007812 0.009766
0 0.943359 0.421875 0.015625 0.019531
1 0.784180 0.413086 0.001953 0.001953
0 0.729492 0.419922 0.009766 0.023438
0 0.409180 0.409180 0.001953 0.001953
0 0.328125 0.412109 0.007812 0.007812
1 0.010742 0.409180 0.017578 0.005859
0 0.120117 0.405273 0.001953 0.001953
0 0.945312 0.403320 0.003906 0.005859
0 0.308594 0.403320 0.007812 0.005859
1 0.495117 0.403320 0.009766 0.009766
0 0.942383 0.397461 0.001953 0.001953
1 0.667969 0.395508 0.003906 0.005859
1 0.600586 0.391602 0.001953 0.001953
1 0.643555 0.389648 0.001953 0.001953
0 0.372070 0.410156 0.076172 0.042969
1 0.238281 0.393555 0.007812 0.009766
1 0.079102 0.389648 0.001953 0.001953
1 0.055664 0.397461 0.041016 0.017578
1 0.766602 0.390625 0.005859 0.007812
0 0.109375 0.395508 0.042969 0.017578
1 0.782227 0.398438 0.021484 0.027344
1 0.770508 0.385742 0.001953 0.001953
0 0.533203 0.397461 0.046875 0.025391
0 0.291992 0.401367 0.025391 0.033203
0 0.961914 0.391602 0.017578 0.017578
0 0.913086 0.391602 0.013672 0.017578
0 0.723633 0.385742 0.001953 0.005859
1 0.637695 0.383789 0.001953 0.001953
0 0.520508 0.383789 0.009766 0.009766
1 0.838867 0.436523 0.044922 0.119141
0 0.545898 0.379883 0.009766 0.005859
0 0.564453 0.375977 0.003906 0.001953
1 0.250977 0.375977 0.001953 0.001953
1 0.170898 0.376953 0.005859 0.003906
1 0.876953 0.376953 0.007812 0.007812
0 0.587891 0.376953 0.007812 0.007812
1 0.154297 0.382812 0.027344 0.023438
0 0.931641 0.371094 0.003906 0.003906
1 0.874023 0.370117 0.001953 0.001953
0 0.249023 0.370117 0.001953 0.001953
1 0.241211 0.373047 0.005859 0.007812
0 0.904297 0.371094 0.003906 0.011719
1 0.874023 0.366211 0.001953 0.001953
1 0.234375 0.367188 0.003906 0.003906
1 0.816406 0.364258 0.003906 0.001953
0 0.340820 0.362305 0.001953 0.001953
0 0.967773 0.365234 0.009766 0.011719
1 0.840820 0.360352 0.001953 0.001953
0 0.354492 0.380859 0.044922 0.046875
0 0.379883 0.356445 0.001953 0.001953
1 0.889648 0.355469 0.001953 0.003906
1 0.290039 0.356445 0.009766 0.005859
1 0.758789 0.367188 0.017578 0.031250
1 0.260742 0.362305 0.013672 0.021484
0 0.990234 0.360352 0.007812 0.021484
0 0.385742 0.352539 0.005859 0.005859
1 0.885742 0.348633 0.001953 0.001953
0 0.824219 0.356445 0.023438 0.017578
1 0.749023 0.348633 0.001953 0.001953
0 0.700195 0.379883 0.033203 0.064453
0 0.987305 0.345703 0.005859 0.003906
1 0.864258 0.346680 0.005859 0.005859
1 0.750977 0.344727 0.001953 0.001953
0 0.456055 0.374023 0.060547 0.060547
1 0.288086 0.342773 0.001953 0.001953
1 0.264648 0.345703 0.009766 0.007812
0 0.351562 0.349609 0.031250 0.019531
1 0.291992 0.340820 0.001953 0.001953
1 0.669922 0.344727 0.011719 0.013672
0 0.566406 0.355469 0.042969 0.035156
1 0.860352 0.356445 0.044922 0.041016
1 0.807617 0.341797 0.009766 0.011719
1 0.679688 0.338867 0.003906 0.005859
1 0.646484 0.338867 0.003906 0.005859
1 0.201172 0.343750 0.019531 0.015625
1 0.145508 0.346680 0.060547 0.021484
0 0.924805 0.345703 0.017578 0.023438
1 0.185547 0.333984 0.003906 0.003906
1 0.853516 0.331055 0.007812 0.009766
0 0.444336 0.330078 0.005859 0.007812
1 0.470703 0.329102 0.011719 0.009766
1 0.316406 0.326172 0.007812 0.003906
1 0.020508 0.328125 0.017578 0.011719
1 0.790039 0.326172 0.025391 0.015625
1 0.717773 0.328125 0.021484 0.019531
0 0.507812 0.327148 0.023438 0.021484
0 0.995117 0.325195 0.009766 0.021484
1 0.829102 0.312500 0.005859 0.003906
1 0.612305 0.327148 0.013672 0.033203
0 0.225586 0.322266 0.029297 0.023438
0 0.897461 0.324219 0.044922 0.031250
1 0.143555 0.315430 0.033203 0.013672
1 0.977539 0.311523 0.009766 0.009766
0 0.471680 0.316406 0.041016 0.019531
1 0.827148 0.305664 0.001953 0.001953
1 0.841797 0.305664 0.003906 0.005859
1 0.809570 0.304688 0.001953 0.003906
1 0.702148 0.303711 0.001953 0.001953
1 0.566406 0.307617 0.007812 0.009766
1 0.367188 0.306641 0.007812 0.007812
1 0.250000 0.310547 0.019531 0.015625
1 0.328125 0.309570 0.019531 0.017578
1 0.028320 0.295898 0.001953 0.001953
1 0.603516 0.297852 0.007812 0.009766
1 0.974609 0.292969 0.003906 0.003906
1 0.063477 0.296875 0.009766 0.011719
1 0.030273 0.290039 0.001953 0.001953
1 0.017578 0.290039 0.003906 0.001953
1 0.950195 0.288086 0.001953 0.001953
1 0.946289 0.288086 0.001953 0.001953
0 0.648438 0.294922 0.011719 0.015625
1 0.026367 0.289062 0.001953 0.003906
1 0.036133 0.292969 0.009766 0.015625
1 0.985352 0.290039 0.017578 0.013672
1 0.689453 0.291016 0.011719 0.015625
1 0.546875 0.278320 0.007812 0.005859
1 0.640625 0.279297 0.011719 0.011719
1 0.492188 0.280273 0.019531 0.013672
1 0.144531 0.275391 0.019531 0.011719
0 0.850586 0.271484 0.005859 0.007812
0 0.407227 0.272461 0.013672 0.009766
1 0.601562 0.272461 0.015625 0.013672
1 0.789062 0.280273 0.054688 0.033203
0 0.875000 0.268555 0.023438 0.017578
1 0.228516 0.263672 0.007812 0.007812
0 0.901367 0.282227 0.072266 0.052734
0 0.860352 0.255859 0.005859 0.003906
1 0.591797 0.258789 0.019531 0.009766
1 0.119141 0.259766 0.015625 0.011719
1 0.198242 0.258789 0.048828 0.013672
0 0.006836 0.254883 0.013672 0.013672
1 0.514648 0.248047 0.005859 0.003906
0 0.365234 0.254883 0.011719 0.017578
1 0.780273 0.247070 0.005859 0.005859
1 0.731445 0.245117 0.001953 0.001953
0 0.929688 0.249023 0.011719 0.013672
0 0.269531 0.256836 0.031250 0.029297
0 0.864258 0.240234 0.005859 0.007812
1 0.744141 0.239258 0.003906 0.005859
0 0.416016 0.249023 0.027344 0.025391
0 0.881836 0.244141 0.021484 0.019531
1 0.721680 0.237305 0.001953 0.005859
0 0.389648 0.250977 0.021484 0.044922
1 0.649414 0.239258 0.017578 0.025391
1 0.836914 0.238281 0.013672 0.031250
1 0.327148 0.227539 0.005859 0.009766
1 0.507812 0.228516 0.011719 0.015625
0 0.963867 0.250977 0.037109 0.064453
0 0.179688 0.221680 0.003906 0.005859
0 0.570312 0.226562 0.023438 0.019531
1 0.031250 0.217773 0.003906 0.001953
1 0.989258 0.216797 0.001953 0.003906
1 0.307617 0.228516 0.013672 0.027344
0 0.914062 0.228516 0.035156 0.031250
0 0.430664 0.220703 0.021484 0.015625
1 0.331055 0.216797 0.005859 0.007812
0 0.948242 0.221680 0.021484 0.021484
0 0.881836 0.211914 0.001953 0.001953
1 0.692383 0.213867 0.013672 0.009766
0 0.325195 0.209961 0.005859 0.001953
1 0.764648 0.209961 0.005859 0.005859
1 0.502930 0.207031 0.005859 0.003906
1 0.226562 0.211914 0.011719 0.013672
0 0.217773 0.207031 0.001953 0.003906
0 0.569336 0.202148 0.001953 0.001953
0 0.176758 0.207031 0.025391 0.011719
0 0.879883 0.198242 0.001953 0.001953
0 0.301758 0.198242 0.001953 0.001953
1 0.243164 0.193359 0.009766 0.007812
0 0.941406 0.189453 0.003906 0.003906
0 0.214844 0.190430 0.007812 0.005859
0 0.935547 0.188477 0.003906 0.005859
0 0.866211 0.184570 0.001953 0.001953
1 0.001953 0.187500 0.003906 0.007812
0 0.880859 0.182617 0.003906 0.005859
0 0.135742 0.201172 0.060547 0.042969
1 0.473633 0.185547 0.013672 0.015625
0 0.953125 0.187500 0.015625 0.023438
0 0.475586 0.174805 0.001953 0.001953
1 0.612305 0.172852 0.001953 0.001953
0 0.339844 0.178711 0.019531 0.013672
0 0.441406 0.171875 0.003906 0.003906
0 0.851562 0.182617 0.015625 0.033203
0 0.415039 0.194336 0.052734 0.056641
0 0.554688 0.177734 0.027344 0.027344
0 0.429688 0.165039 0.003906 0.005859
0 0.279297 0.169922 0.011719 0.015625
0 0.177734 0.176758 0.042969 0.048828
1 0.016602 0.156250 0.009766 0.007812
0 0.305664 0.171875 0.037109 0.042969
0 0.536133 0.153320 0.017578 0.013672
0 0.462891 0.157227 0.023438 0.021484
0 0.649414 0.170898 0.076172 0.052734
0 0.596680 0.152344 0.021484 0.015625
0 0.220703 0.151367 0.019531 0.013672
0 0.606445 0.143555 0.001953 0.001953
0 0.985352 0.149414 0.029297 0.021484
1 0.510742 0.139648 0.001953 0.001953
0 0.377930 0.159180 0.044922 0.041016
0 0.857422 0.144531 0.015625 0.015625
0 0.776367 0.154297 0.037109 0.035156
0 0.454102 0.137695 0.021484 0.013672
1 0.258789 0.132812 0.005859 0.003906
1 0.061523 0.141602 0.029297 0.025391
1 0.726562 0.126953 0.007812 0.011719
0 0.201172 0.126953 0.011719 0.015625
0 0.194336 0.120117 0.005859 0.005859
0 0.813477 0.151367 0.025391 0.072266
0 0.462891 0.119141 0.007812 0.007812
0 0.227539 0.123047 0.017578 0.015625
0 0.129883 0.129883 0.064453 0.029297
1 0.343750 0.116211 0.003906 0.005859
1 0.456055 0.117188 0.009766 0.011719
0 0.209961 0.108398 0.001953 0.001953
1 0.176758 0.108398 0.001953 0.001953
0 0.586914 0.123047 0.037109 0.035156
1 0.405273 0.106445 0.001953 0.001953
0 0.191406 0.111328 0.011719 0.011719
0 0.088867 0.106445 0.013672 0.001953
1 0.017578 0.107422 0.007812 0.011719
0 0.147461 0.100586 0.001953 0.001953
1 0.026367 0.101562 0.005859 0.003906
0 0.155273 0.099609 0.005859 0.003906
0 0.850586 0.111328 0.013672 0.035156
0 0.669922 0.107422 0.023438 0.031250
0 0.513672 0.109375 0.046875 0.035156
1 0.010742 0.096680 0.005859 0.009766
1 0.377930 0.109375 0.041016 0.039062
0 0.556641 0.094727 0.011719 0.013672
0 0.516602 0.088867 0.001953 0.001953
1 0.471680 0.089844 0.001953 0.003906
0 0.133789 0.086914 0.009766 0.005859
1 0.436523 0.083008 0.005859 0.009766
0 0.115234 0.084961 0.011719 0.013672
0 0.547852 0.080078 0.005859 0.007812
0 0.510742 0.077148 0.001953 0.001953
0 0.671875 0.081055 0.015625 0.013672
1 0.283203 0.077148 0.007812 0.005859
0 0.209961 0.089844 0.017578 0.035156
0 0.079102 0.081055 0.048828 0.021484
1 0.374023 0.070312 0.001953 0.003906
1 0.312500 0.069336 0.007812 0.005859
1 0.489258 0.071289 0.017578 0.017578
0 0.285156 0.064453 0.023438 0.007812
0 0.134766 0.070312 0.015625 0.019531
0 0.530273 0.059570 0.001953 0.001953
1 0.467773 0.061523 0.005859 0.005859
1 0.930664 0.057617 0.001953 0.001953
1 0.345703 0.063477 0.015625 0.013672
0 0.141602 0.057617 0.001953 0.001953
0 0.137695 0.057617 0.001953 0.001953
0 0.133789 0.057617 0.001953 0.001953
0 0.540039 0.049805 0.001953 0.001953
0 0.171875 0.070312 0.054688 0.042969
0 0.603516 0.062500 0.023438 0.035156
1 0.253906 0.048828 0.019531 0.011719
0 0.698242 0.041992 0.001953 0.001953
1 0.910156 0.045898 0.003906 0.013672
0 0.875977 0.038086 0.013672 0.005859
0 0.661133 0.036133 0.001953 0.001953
1 0.507812 0.043945 0.011719 0.017578
0 0.735352 0.048828 0.017578 0.031250
0 0.642578 0.057617 0.035156 0.052734
0 0.448242 0.046875 0.052734 0.031250
0 0.093750 0.042969 0.031250 0.023438
0 0.915039 0.114258 0.169922 0.169922
0 0.678711 0.040039 0.017578 0.021484
0 0.567383 0.051758 0.052734 0.048828
1 0.969727 0.028320 0.005859 0.005859
0 0.789062 0.073242 0.046875 0.095703
0 0.428711 0.026367 0.009766 0.009766
1 0.199219 0.023438 0.003906 0.003906
0 0.612305 0.018555 0.001953 0.001953
0 0.622070 0.022461 0.013672 0.013672
0 0.296875 0.026367 0.039062 0.025391
1 0.111328 0.015625 0.003906 0.003906
0 0.784180 0.024414 0.013672 0.029297
0 0.671875 0.016602 0.023438 0.017578
1 0.458008 0.008789 0.001953 0.001953
1 0.118164 0.002930 0.001953 0.001953
1 0.096680 0.007812 0.009766 0.011719
0 0.922852 0.027344 0.083984 0.054688
0 0.842773 0.009766 0.033203 0.019531
0 0.808594 0.000977 0.003906 0.001953
0 0.723633 0.039062 0.052734 0.078125
0 0.640625 0.001953 0.007812 0.003906
0 0.585938 0.007812 0.019531 0.015625
0 0.570312 0.002930 0.007812 0.005859
0 0.539062 0.015625 0.042969 0.031250
0 0.408203 0.002930 0.015625 0.005859
0 0.363281 0.021484 0.070312 0.042969
0 0.291992 0.003906 0.013672 0.007812
1 0.200195 0.000977 0.001953 0.001953
1 0.178711 0.000977 0.001953 0.001953
1 0.041992 0.007812 0.017578 0.015625
2 0.944336 0.911133 0.001953 0.001953
3 0.989258 0.897461 0.001953 0.001953
3 0.985352 0.895508 0.001953 0.001953
3 0.932617 0.842773 0.001953 0.005859
2 0.972656 0.836914 0.003906 0.005859
3 0.948242 0.834961 0.009766 0.005859
2 0.998047 0.833008 0.003906 0.005859
2 0.994141 0.812500 0.011719 0.019531
2 0.990234 0.748047 0.019531 0.015625
2 0.986328 0.704102 0.011719 0.005859
2 0.980469 0.696289 0.003906 0.001953
2 0.944336 0.700195 0.009766 0.013672
2 0.966797 0.688477 0.003906 0.005859
2 0.898438 0.192383 0.003906 0.001953
2 0.893555 0.188477 0.001953 0.001953
2 0.928711 0.178711 0.001953 0.001953
2 0.921875 0.182617 0.007812 0.009766
2 0.911133 0.145508 0.001953 0.001953
2 0.948242 0.088867 0.001953 0.001953
2 0.971680 0.084961 0.001953 0.001953
2 0.959961 0.079102 0.001953 0.001953
2 0.916992 0.024414 0.013672 0.017578
2 0.918945 0.006836 0.001953 0.001953
2 0.906250 0.007812 0.019531 0.015625
2 0.733398 0.000977 0.009766 0.001953
3 0.500000 0.500000 1.000000 1.000000