0 0.948242 0.998047 0.017578 0.003906
0 0.974609 0.996094 0.019531 0.007812
0 0.743164 0.983398 0.001953 0.001953
0 0.734375 0.983398 0.003906 0.001953
0 0.651367 0.973633 0.001953 0.001953
0 0.992188 0.972656 0.003906 0.003906
0 0.776367 0.960938 0.001953 0.003906
0 0.857422 0.946289 0.003906 0.005859
0 0.992188 0.954102 0.015625 0.029297
0 0.867188 0.934570 0.015625 0.021484
0 0.815430 0.909180 0.001953 0.001953
0 0.817383 0.905273 0.001953 0.001953
0 0.820312 0.871094 0.007812 0.003906
0 0.629883 0.873047 0.013672 0.011719
0 0.819336 0.858398 0.005859 0.009766
0 0.832031 0.853516 0.003906 0.003906
0 0.823242 0.853516 0.005859 0.003906
0 0.839844 0.846680 0.011719 0.009766
0 0.686523 0.844727 0.029297 0.013672
0 0.665039 0.834961 0.001953 0.001953
0 0.651367 0.840820 0.017578 0.013672
1 0.750977 0.828125 0.001953 0.003906
0 0.823242 0.805664 0.001953 0.001953
0 0.817383 0.805664 0.001953 0.001953
0 0.833984 0.796875 0.003906 0.007812
0 0.695312 0.789062 0.003906 0.007812
0 0.871094 0.772461 0.011719 0.009766
1 0.647461 0.763672 0.001953 0.003906
0 0.945312 0.763672 0.015625 0.015625
0 0.946289 0.751953 0.001953 0.003906
0 0.647461 0.749023 0.001953 0.001953
0 0.704102 0.747070 0.001953 0.001953
0 0.048828 0.767578 0.097656 0.042969
0 0.654297 0.748047 0.007812 0.007812
0 0.701172 0.742188 0.007812 0.003906
1 0.831055 0.739258 0.001953 0.001953
0 0.545898 0.740234 0.001953 0.003906
0 0.760742 0.733398 0.001953 0.001953
0 0.846680 0.732422 0.001953 0.003906
0 0.851562 0.730469 0.003906 0.003906
0 0.754883 0.729492 0.001953 0.001953
0 0.936523 0.730469 0.013672 0.011719
0 0.756836 0.725586 0.001953 0.001953
0 0.750000 0.738281 0.027344 0.027344
0 0.553711 0.725586 0.001953 0.001953
0 0.546875 0.726562 0.007812 0.003906
0 0.700195 0.724609 0.005859 0.007812
0 0.559570 0.714844 0.013672 0.011719
0 0.813477 0.716797 0.025391 0.019531
0 0.752930 0.713867 0.013672 0.013672
0 0.810547 0.703125 0.003906 0.003906
0 0.656250 0.710938 0.031250 0.027344
0 0.567383 0.704102 0.005859 0.013672
0 0.543945 0.708984 0.013672 0.027344
0 0.872070 0.689453 0.009766 0.003906
0 0.616211 0.714844 0.048828 0.054688
0 0.806641 0.691406 0.007812 0.011719
0 0.592773 0.687500 0.005859 0.003906
0 0.613281 0.677734 0.015625 0.015625
0 0.933594 0.670898 0.011719 0.009766
0 0.974609 0.671875 0.007812 0.015625
0 0.614258 0.666016 0.001953 0.003906
0 0.591797 0.666992 0.003906 0.005859
0 0.931641 0.663086 0.003906 0.001953
0 0.584961 0.666992 0.005859 0.009766
0 0.942383 0.659180 0.001953 0.001953
0 0.558594 0.654297 0.003906 0.003906
0 0.803711 0.662109 0.017578 0.023438
0 0.612305 0.651367 0.001953 0.001953
0 0.954102 0.652344 0.017578 0.011719
0 0.045898 0.646484 0.005859 0.003906
0 0.905273 0.646484 0.013672 0.007812
0 0.895508 0.643555 0.001953 0.001953
1 0.904297 0.641602 0.003906 0.001953
0 0.576172 0.649414 0.019531 0.017578
0 0.590820 0.631836 0.001953 0.001953
0 0.958984 0.628906 0.003906 0.003906
0 0.856445 0.621094 0.005859 0.003906
0 0.862305 0.620117 0.001953 0.005859
0 0.631836 0.608398 0.001953 0.001953
0 0.565430 0.608398 0.001953 0.001953
0 0.629883 0.602539 0.001953 0.001953
0 0.852539 0.610352 0.048828 0.021484
1 0.850586 0.598633 0.001953 0.001953
0 0.593750 0.595703 0.003906 0.003906
0 0.946289 0.603516 0.029297 0.023438
0 0.582031 0.593750 0.003906 0.003906
0 0.576172 0.593750 0.003906 0.003906
0 0.584961 0.590820 0.001953 0.001953
0 0.552734 0.591797 0.003906 0.003906
0 0.581055 0.588867 0.001953 0.001953
0 0.622070 0.586914 0.001953 0.001953
0 0.564453 0.586914 0.015625 0.009766
0 0.030273 0.578125 0.001953 0.003906
1 0.901367 0.582031 0.021484 0.015625
0 0.576172 0.577148 0.003906 0.005859
0 0.113281 0.570312 0.003906 0.003906
0 0.640625 0.632812 0.148438 0.156250
0 0.018555 0.547852 0.001953 0.001953
0 0.613281 0.542969 0.011719 0.011719
0 0.612305 0.536133 0.001953 0.001953
0 0.635742 0.534180 0.001953 0.001953
0 0.606445 0.534180 0.001953 0.001953
0 0.641602 0.530273 0.001953 0.001953
0 0.022461 0.530273 0.001953 0.001953
0 0.639648 0.526367 0.001953 0.001953
0 0.622070 0.529297 0.013672 0.011719
0 0.345703 0.605469 0.054688 0.167969
0 0.587891 0.544922 0.039062 0.058594
0 0.692383 0.519531 0.005859 0.011719
0 0.592773 0.514648 0.001953 0.001953
0 0.584961 0.514648 0.001953 0.001953
0 0.646484 0.515625 0.003906 0.007812
0 0.600586 0.510742 0.001953 0.001953
0 0.693359 0.507812 0.003906 0.003906
0 0.212891 0.497070 0.007812 0.005859
0 0.217773 0.469727 0.001953 0.001953
0 0.803711 0.464844 0.021484 0.019531
1 0.802734 0.453125 0.003906 0.003906
0 0.261719 0.447266 0.003906 0.003906
0 0.137695 0.436523 0.001953 0.001953
0 0.133789 0.436523 0.001953 0.001953
1 0.779297 0.434570 0.003906 0.001953
0 0.763672 0.441406 0.035156 0.019531
0 0.135742 0.423828 0.001953 0.003906
0 0.139648 0.420898 0.001953 0.001953
0 0.361328 0.422852 0.015625 0.017578
0 0.920898 0.411133 0.001953 0.001953
0 0.930664 0.411133 0.005859 0.005859
0 0.923828 0.408203 0.003906 0.003906
0 0.917969 0.407227 0.003906 0.001953
0 0.985352 0.406250 0.005859 0.003906
0 0.918945 0.403320 0.001953 0.001953
0 0.689453 0.408203 0.011719 0.011719
0 0.943359 0.404297 0.011719 0.007812
0 0.696289 0.399414 0.005859 0.005859
0 0.380859 0.396484 0.007812 0.007812
0 0.322266 0.397461 0.015625 0.013672
0 0.385742 0.389648 0.001953 0.001953
0 0.875977 0.385742 0.001953 0.001953
0 0.973633 0.375000 0.005859 0.003906
1 0.802734 0.369141 0.003906 0.003906
0 0.947266 0.367188 0.003906 0.003906
1 0.793945 0.368164 0.005859 0.009766
0 0.246094 0.370117 0.015625 0.013672
0 0.684570 0.362305 0.001953 0.001953
0 0.988281 0.379883 0.023438 0.041016
0 0.708984 0.360352 0.003906 0.001953
0 0.624023 0.364258 0.013672 0.009766
0 0.210938 0.363281 0.011719 0.011719
0 0.971680 0.356445 0.005859 0.001953
0 0.710938 0.355469 0.003906 0.003906
0 0.968750 0.352539 0.003906 0.001953
0 0.702148 0.352539 0.001953 0.001953
0 0.177734 0.352539 0.003906 0.001953
0 0.186523 0.350586 0.001953 0.001953
0 0.616211 0.349609 0.005859 0.003906
0 0.699219 0.347656 0.003906 0.003906
0 0.679688 0.351562 0.011719 0.015625
0 0.686523 0.340820 0.001953 0.001953
0 0.849609 0.362305 0.042969 0.048828
0 0.501953 0.361328 0.011719 0.050781
0 0.347656 0.332031 0.003906 0.003906
1 0.833008 0.325195 0.001953 0.001953
1 0.828125 0.326172 0.003906 0.003906
0 0.906250 0.330078 0.031250 0.019531
0 0.639648 0.321289 0.001953 0.001953
1 0.775391 0.323242 0.015625 0.013672
0 0.438477 0.316406 0.001953 0.003906
0 0.650391 0.313477 0.003906 0.001953
0 0.991211 0.314453 0.009766 0.007812
0 0.411133 0.312500 0.001953 0.003906
0 0.904297 0.309570 0.003906 0.001953
0 0.220703 0.328125 0.078125 0.046875
0 0.801758 0.288086 0.001953 0.001953
0 0.640625 0.298828 0.027344 0.035156
0 0.790039 0.284180 0.017578 0.009766
0 0.425781 0.295898 0.035156 0.033203
0 0.463867 0.270508 0.001953 0.001953
0 0.819336 0.274414 0.013672 0.017578
0 0.840820 0.266602 0.005859 0.005859
0 0.903320 0.252930 0.001953 0.001953
0 0.895508 0.251953 0.001953 0.003906
0 0.944336 0.249023 0.001953 0.001953
0 0.918945 0.247070 0.005859 0.009766
0 0.892578 0.242188 0.003906 0.003906
0 0.813477 0.245117 0.005859 0.009766
1 0.656250 0.242188 0.003906 0.003906
0 0.922852 0.239258 0.001953 0.001953
0 0.760742 0.239258 0.001953 0.001953
0 0.893555 0.237305 0.001953 0.001953
0 0.752930 0.240234 0.005859 0.007812
0 0.887695 0.237305 0.001953 0.005859
0 0.757812 0.222656 0.023438 0.027344
0 0.715820 0.210938 0.001953 0.003906
0 0.711914 0.209961 0.001953 0.001953
0 0.692383 0.231445 0.033203 0.048828
0 0.343750 0.208008 0.003906 0.001953
0 0.792969 0.208008 0.003906 0.005859
1 0.932617 0.200195 0.001953 0.001953
1 0.940430 0.196289 0.001953 0.001953
0 0.729492 0.202148 0.009766 0.013672
1 0.932617 0.195312 0.001953 0.003906
1 0.657227 0.194336 0.001953 0.001953
0 0.719727 0.189453 0.005859 0.007812
0 0.942383 0.188477 0.013672 0.009766
1 0.844727 0.182617 0.001953 0.001953
0 0.734375 0.187500 0.007812 0.019531
0 0.522461 0.165039 0.001953 0.001953
0 0.701172 0.167969 0.015625 0.019531
0 0.656250 0.157227 0.003906 0.001953
1 0.915039 0.155273 0.001953 0.001953
0 0.666992 0.172852 0.037109 0.041016
0 0.724609 0.153320 0.015625 0.017578
0 0.817383 0.135742 0.001953 0.001953
1 0.623047 0.140625 0.007812 0.011719
0 0.838867 0.131836 0.001953 0.001953
0 0.809570 0.131836 0.001953 0.001953
0 0.874023 0.125977 0.001953 0.001953
0 0.872070 0.116211 0.001953 0.001953
0 0.854492 0.138672 0.037109 0.046875
0 0.896484 0.130859 0.042969 0.039062
0 0.736328 0.111328 0.003906 0.003906
0 0.879883 0.108398 0.001953 0.001953
0 0.980469 0.108398 0.003906 0.005859
0 0.989258 0.096680 0.001953 0.001953
0 0.958008 0.094727 0.009766 0.009766
0 0.608398 0.086914 0.001953 0.001953
0 0.945312 0.084961 0.003906 0.001953
0 0.683594 0.085938 0.003906 0.003906
0 0.936523 0.084961 0.009766 0.005859
0 0.583008 0.077148 0.001953 0.001953
0 0.577148 0.083008 0.013672 0.013672
0 0.690430 0.063477 0.001953 0.001953
0 0.971680 0.061523 0.001953 0.001953
0 0.710938 0.083984 0.035156 0.058594
0 0.808594 0.054688 0.003906 0.003906
0 0.983398 0.063477 0.017578 0.025391
0 0.669922 0.056641 0.011719 0.011719
0 0.991211 0.047852 0.001953 0.001953
0 0.987305 0.047852 0.001953 0.001953
0 0.862305 0.043945 0.001953 0.001953
0 0.661133 0.043945 0.001953 0.001953
0 0.655273 0.043945 0.005859 0.001953
0 0.746094 0.044922 0.011719 0.007812
0 0.889648 0.055664 0.044922 0.033203
0 0.844727 0.055664 0.029297 0.033203
0 0.741211 0.038086 0.001953 0.001953
0 0.807617 0.036133 0.001953 0.001953
0 0.847656 0.035156 0.003906 0.003906
0 0.804688 0.033203 0.003906 0.003906
0 0.916992 0.034180 0.009766 0.009766
0 0.503906 0.095703 0.070312 0.132812
0 0.833008 0.028320 0.009766 0.005859
0 0.971680 0.027344 0.005859 0.007812
0 0.345703 0.026367 0.003906 0.005859
0 0.963867 0.022461 0.001953 0.001953
0 0.393555 0.025391 0.005859 0.007812
0 0.767578 0.026367 0.035156 0.033203
0 0.815430 0.010742 0.005859 0.005859
0 0.754883 0.006836 0.001953 0.001953
0 0.991211 0.011719 0.017578 0.023438
0 0.937500 0.001953 0.011719 0.003906
0 0.909180 0.001953 0.005859 0.003906
0 0.817383 0.000977 0.001953 0.001953
0 0.807617 0.000977 0.001953 0.001953
0 0.434570 0.013672 0.037109 0.027344
2 0.973633 0.997070 0.001953 0.001953
2 0.032227 0.772461 0.001953 0.001953
2 0.038086 0.770508 0.001953 0.001953
2 0.500000 0.500000 1.000000 1.000000