0 0.429688 0.996094 0.003906 0.007812
1 0.422852 0.989258 0.005859 0.005859
0 0.913086 0.983398 0.001953 0.001953
0 0.875977 0.984375 0.005859 0.003906
0 0.895508 0.981445 0.001953 0.001953
0 0.911133 0.979492 0.001953 0.001953
0 0.901367 0.970703 0.001953 0.003906
0 0.890625 0.972656 0.015625 0.011719
0 0.900391 0.964844 0.003906 0.003906
1 0.425781 0.949219 0.003906 0.007812
0 0.270508 0.942383 0.001953 0.001953
0 0.262695 0.942383 0.001953 0.001953
0 0.876953 0.932617 0.011719 0.009766
1 0.624023 0.928711 0.005859 0.001953
0 0.393555 0.930664 0.005859 0.005859
0 0.411133 0.926758 0.001953 0.001953
0 0.791016 0.922852 0.003906 0.001953
0 0.784180 0.922852 0.001953 0.001953
1 0.799805 0.920898 0.001953 0.001953
0 0.795898 0.921875 0.001953 0.003906
1 0.692383 0.918945 0.001953 0.001953
1 0.688477 0.919922 0.001953 0.003906
0 0.416016 0.916016 0.003906 0.003906
0 0.947266 0.956055 0.078125 0.087891
1 0.788086 0.914062 0.009766 0.003906
0 0.664062 0.914062 0.007812 0.011719
0 0.660156 0.906250 0.003906 0.003906
0 0.875977 0.903320 0.001953 0.001953
1 0.798828 0.909180 0.011719 0.013672
0 0.262695 0.903320 0.001953 0.001953
1 0.786133 0.901367 0.017578 0.009766
1 0.625977 0.895508 0.001953 0.001953
0 0.861328 0.892578 0.003906 0.003906
1 0.625977 0.891602 0.001953 0.001953
1 0.799805 0.887695 0.001953 0.001953
1 0.625977 0.887695 0.001953 0.001953
0 0.395508 0.885742 0.001953 0.001953
1 0.612305 0.883789 0.001953 0.001953
0 0.946289 0.881836 0.001953 0.001953
1 0.805664 0.881836 0.001953 0.001953
1 0.821289 0.879883 0.001953 0.001953
0 0.368164 0.879883 0.001953 0.001953
1 0.803711 0.877930 0.005859 0.001953
1 0.812500 0.875977 0.007812 0.001953
0 0.372070 0.874023 0.001953 0.001953
1 0.762695 0.870117 0.001953 0.001953
0 0.049805 0.859375 0.001953 0.003906
1 0.611328 0.874023 0.031250 0.037109
0 0.018555 0.850586 0.001953 0.001953
1 0.397461 0.834961 0.001953 0.001953
1 0.208984 0.842773 0.015625 0.021484
1 0.122070 0.829102 0.001953 0.001953
1 0.421875 0.813477 0.003906 0.001953
1 0.334961 0.809570 0.001953 0.001953
0 0.624023 0.801758 0.001953 0.001953
0 0.204102 0.801758 0.001953 0.001953
0 0.792969 0.799805 0.003906 0.001953
0 0.747070 0.798828 0.001953 0.003906
0 0.606445 0.795898 0.001953 0.001953
0 0.389648 0.793945 0.001953 0.001953
1 0.137695 0.792969 0.005859 0.003906
0 0.073242 0.841797 0.146484 0.105469
0 0.016602 0.792969 0.009766 0.007812
1 0.092773 0.786133 0.001953 0.001953
1 0.100586 0.784180 0.001953 0.001953
0 0.014648 0.784180 0.001953 0.001953
0 0.151367 0.782227 0.001953 0.001953
0 0.138672 0.784180 0.015625 0.005859
1 0.102539 0.780273 0.001953 0.001953
1 0.098633 0.780273 0.001953 0.001953
1 0.094727 0.778320 0.001953 0.001953
1 0.331055 0.776367 0.001953 0.001953
0 0.562500 0.775391 0.003906 0.003906
0 0.553711 0.778320 0.005859 0.013672
0 0.595703 0.771484 0.011719 0.003906
0 0.019531 0.775391 0.015625 0.011719
0 0.622070 0.768555 0.001953 0.001953
0 0.152344 0.776367 0.015625 0.021484
0 0.657227 0.758789 0.001953 0.001953
1 0.136719 0.754883 0.003906 0.001953
1 0.128906 0.755859 0.003906 0.003906
0 0.013672 0.754883 0.007812 0.005859
0 0.676758 0.749023 0.001953 0.001953
0 0.030273 0.743164 0.001953 0.001953
0 0.006836 0.745117 0.013672 0.009766
0 0.004883 0.739258 0.001953 0.001953
0 0.676758 0.737305 0.001953 0.001953
0 0.297852 0.731445 0.001953 0.001953
0 0.620117 0.729492 0.001953 0.001953
0 0.612305 0.729492 0.001953 0.001953
0 0.819336 0.727539 0.001953 0.001953
0 0.026367 0.728516 0.001953 0.003906
0 0.625977 0.725586 0.001953 0.001953
0 0.016602 0.733398 0.013672 0.017578
0 0.608398 0.748047 0.099609 0.050781
0 0.622070 0.723633 0.001953 0.001953
0 0.537109 0.723633 0.003906 0.001953
1 0.364258 0.721680 0.001953 0.001953
1 0.350586 0.719727 0.001953 0.001953
0 0.024414 0.719727 0.001953 0.001953
0 0.819336 0.715820 0.001953 0.001953
0 0.592773 0.711914 0.001953 0.001953
1 0.342773 0.711914 0.001953 0.001953
0 0.577148 0.708008 0.001953 0.001953
1 0.340820 0.707031 0.001953 0.003906
0 0.023438 0.708008 0.007812 0.005859
0 0.942383 0.704102 0.001953 0.001953
0 0.026367 0.702148 0.001953 0.001953
0 0.821289 0.706055 0.025391 0.013672
0 0.611328 0.710938 0.019531 0.027344
0 0.617188 0.698242 0.003906 0.005859
0 0.610352 0.696289 0.001953 0.001953
0 0.594727 0.696289 0.001953 0.001953
0 0.606445 0.694336 0.001953 0.001953
0 0.819336 0.694336 0.005859 0.005859
0 0.649414 0.693359 0.001953 0.003906
0 0.016602 0.692383 0.001953 0.001953
0 0.933594 0.696289 0.019531 0.017578
0 0.919922 0.689453 0.003906 0.003906
0 0.902344 0.685547 0.003906 0.003906
0 0.979492 0.697266 0.009766 0.031250
0 0.917969 0.682617 0.007812 0.005859
0 0.706055 0.678711 0.001953 0.001953
1 0.055664 0.678711 0.001953 0.001953
0 0.006836 0.676758 0.001953 0.001953
0 0.916992 0.674805 0.001953 0.001953
1 0.059570 0.676758 0.001953 0.005859
0 0.037109 0.676758 0.003906 0.005859
0 0.022461 0.681641 0.013672 0.015625
0 0.928711 0.678711 0.013672 0.013672
0 0.738281 0.710938 0.113281 0.078125
0 0.020508 0.672852 0.001953 0.001953
0 0.047852 0.670898 0.001953 0.001953
0 0.982422 0.673828 0.003906 0.011719
0 0.862305 0.668945 0.001953 0.001953
0 0.059570 0.667969 0.001953 0.007812
1 0.714844 0.664062 0.003906 0.003906
0 0.075195 0.664062 0.005859 0.007812
0 0.846680 0.659180 0.001953 0.001953
1 0.819336 0.660156 0.001953 0.003906
0 0.059570 0.659180 0.001953 0.001953
1 0.711914 0.658203 0.001953 0.003906
1 0.939453 0.659180 0.011719 0.009766
0 0.042969 0.663086 0.023438 0.017578
1 0.736328 0.656250 0.007812 0.007812
0 0.705078 0.653320 0.003906 0.001953
0 0.694336 0.651367 0.001953 0.001953
0 0.343750 0.652344 0.007812 0.003906
0 0.041016 0.650391 0.003906 0.003906
0 0.643555 0.647461 0.001953 0.001953
0 0.059570 0.651367 0.001953 0.009766
0 0.350586 0.643555 0.001953 0.001953
1 0.896484 0.642578 0.007812 0.007812
1 0.729492 0.640625 0.001953 0.003906
0 0.698242 0.639648 0.001953 0.001953
1 0.897461 0.635742 0.001953 0.001953
0 0.944336 0.634766 0.005859 0.003906
1 0.887695 0.633789 0.001953 0.001953
1 0.710938 0.631836 0.003906 0.001953
0 0.682617 0.647461 0.080078 0.033203
0 0.615234 0.653320 0.035156 0.048828
1 0.874023 0.627930 0.001953 0.001953
1 0.722656 0.632812 0.011719 0.011719
0 0.353516 0.631836 0.027344 0.017578
0 0.937500 0.623047 0.007812 0.003906
1 0.871094 0.622070 0.003906 0.001953
1 0.944336 0.620117 0.001953 0.001953
1 0.863281 0.621094 0.003906 0.007812
0 0.611328 0.619141 0.007812 0.007812
0 0.889648 0.621094 0.025391 0.019531
0 0.879883 0.612305 0.001953 0.001953
0 0.446289 0.600586 0.001953 0.001953
0 0.625977 0.592773 0.001953 0.001953
0 0.914062 0.586914 0.003906 0.001953
0 0.916992 0.583008 0.001953 0.001953
0 0.666992 0.579102 0.001953 0.001953
1 0.838867 0.619141 0.060547 0.085938
0 0.627930 0.577148 0.001953 0.001953
0 0.913086 0.575195 0.001953 0.001953
0 0.627930 0.573242 0.001953 0.001953
1 0.396484 0.573242 0.003906 0.001953
0 0.895508 0.571289 0.001953 0.001953
0 0.896484 0.585938 0.062500 0.039062
1 0.393555 0.568359 0.005859 0.003906
0 0.352539 0.559570 0.001953 0.001953
1 0.112305 0.559570 0.001953 0.001953
1 0.100586 0.559570 0.001953 0.001953
0 0.065430 0.559570 0.001953 0.001953
1 0.627930 0.555664 0.001953 0.001953
0 0.307617 0.560547 0.013672 0.015625
0 0.307617 0.547852 0.001953 0.001953
0 0.743164 0.540039 0.001953 0.001953
0 0.345703 0.544922 0.023438 0.023438
0 0.305664 0.534180 0.001953 0.001953
0 0.299805 0.534180 0.001953 0.001953
0 0.737305 0.532227 0.001953 0.001953
1 0.716797 0.557617 0.058594 0.052734
1 0.647461 0.566406 0.033203 0.078125
0 0.352539 0.526367 0.001953 0.001953
1 0.649414 0.524414 0.001953 0.001953
0 0.312500 0.529297 0.007812 0.011719
1 0.818359 0.528320 0.011719 0.013672
0 0.667969 0.527344 0.015625 0.019531
0 0.322266 0.521484 0.007812 0.007812
0 0.309570 0.518555 0.009766 0.005859
1 0.002930 0.516602 0.001953 0.001953
1 0.652344 0.516602 0.007812 0.009766
0 0.424805 0.502930 0.001953 0.001953
0 0.252930 0.502930 0.001953 0.001953
0 0.764648 0.499023 0.001953 0.001953
0 0.814453 0.497070 0.007812 0.005859
0 0.766602 0.495117 0.001953 0.001953
0 0.762695 0.495117 0.001953 0.001953
0 0.989258 0.489258 0.001953 0.001953
1 0.813477 0.489258 0.001953 0.001953
0 0.137695 0.492188 0.009766 0.007812
1 0.816406 0.484375 0.003906 0.003906
0 0.420898 0.481445 0.001953 0.001953
0 0.419922 0.477539 0.003906 0.001953
0 0.293945 0.480469 0.005859 0.007812
0 0.985352 0.489258 0.017578 0.033203
0 0.959961 0.470703 0.021484 0.023438
1 0.811523 0.442383 0.001953 0.001953
0 0.906250 0.439453 0.003906 0.003906
0 0.450195 0.438477 0.001953 0.001953
0 0.461914 0.437500 0.001953 0.003906
0 0.913086 0.430664 0.001953 0.001953
0 0.909180 0.430664 0.001953 0.001953
0 0.911133 0.426758 0.001953 0.001953
0 0.593750 0.425781 0.015625 0.011719
0 0.627930 0.416992 0.001953 0.001953
1 0.544922 0.416992 0.003906 0.001953
1 0.680664 0.412109 0.001953 0.003906
1 0.346680 0.409180 0.001953 0.001953
0 0.869141 0.407227 0.003906 0.001953
1 0.667969 0.412109 0.019531 0.011719
0 0.645508 0.412109 0.009766 0.011719
0 0.635742 0.409180 0.001953 0.005859
0 0.604492 0.407227 0.001953 0.001953
0 0.999023 0.403320 0.001953 0.005859
0 0.497070 0.401367 0.001953 0.001953
0 0.470703 0.401367 0.003906 0.005859
0 0.605469 0.697266 0.789062 0.605469
0 0.961914 0.393555 0.001953 0.001953
1 0.682617 0.396484 0.009766 0.007812
0 0.823242 0.400391 0.033203 0.023438
0 0.779297 0.388672 0.003906 0.003906
0 0.760742 0.388672 0.005859 0.003906
0 0.752930 0.388672 0.005859 0.003906
0 0.620117 0.403320 0.033203 0.033203
0 0.622070 0.389648 0.005859 0.005859
0 0.042969 0.386719 0.003906 0.003906
0 0.967773 0.383789 0.001953 0.001953
0 0.967773 0.379883 0.001953 0.001953
0 0.773438 0.383789 0.007812 0.013672
0 0.580078 0.379883 0.003906 0.005859
0 0.884766 0.403320 0.046875 0.056641
0 0.811523 0.368164 0.001953 0.001953
0 0.776367 0.368164 0.001953 0.005859
0 0.148438 0.367188 0.015625 0.015625
0 0.002930 0.356445 0.001953 0.001953
0 0.981445 0.366211 0.037109 0.025391
0 0.817383 0.353516 0.029297 0.019531
0 0.847656 0.341797 0.003906 0.007812
0 0.616211 0.338867 0.001953 0.001953
0 0.848633 0.333008 0.001953 0.001953
1 0.721680 0.333008 0.001953 0.001953
1 0.716797 0.334961 0.003906 0.005859
0 0.518555 0.365234 0.083984 0.066406
1 0.180664 0.333008 0.001953 0.001953
0 0.870117 0.333008 0.001953 0.005859
0 0.126953 0.333984 0.019531 0.023438
0 0.558594 0.319336 0.003906 0.001953
0 0.133789 0.321289 0.005859 0.005859
1 0.178711 0.317383 0.001953 0.001953
0 0.858398 0.326172 0.017578 0.027344
0 0.350586 0.313477 0.001953 0.001953
1 0.188477 0.309570 0.001953 0.001953
0 0.575195 0.307617 0.001953 0.001953
0 0.594727 0.305664 0.001953 0.001953
0 0.846680 0.303711 0.001953 0.001953
1 0.718750 0.305664 0.003906 0.005859
0 0.545898 0.307617 0.009766 0.009766
0 0.618164 0.324219 0.044922 0.054688
0 0.552734 0.301758 0.011719 0.013672
0 0.882812 0.295898 0.003906 0.005859
0 0.623047 0.293945 0.003906 0.001953
1 0.711914 0.291992 0.001953 0.001953
1 0.579102 0.291992 0.001953 0.001953
0 0.565430 0.294922 0.001953 0.007812
0 0.590820 0.299805 0.041016 0.033203
1 0.573242 0.291016 0.005859 0.015625
0 0.883789 0.286133 0.005859 0.009766
1 0.360352 0.282227 0.001953 0.001953
0 0.833984 0.291992 0.031250 0.025391
1 0.688477 0.278320 0.001953 0.001953
1 0.692383 0.277344 0.001953 0.003906
1 0.678711 0.274414 0.001953 0.001953
0 0.672852 0.270508 0.001953 0.001953
0 0.618164 0.269531 0.001953 0.003906
0 0.614258 0.268555 0.001953 0.001953
1 0.584961 0.268555 0.001953 0.001953
1 0.589844 0.267578 0.003906 0.003906
0 0.014648 0.266602 0.001953 0.001953
0 0.033203 0.448242 0.066406 0.373047
0 0.958008 0.258789 0.001953 0.001953
0 0.082031 0.251953 0.003906 0.003906
1 0.564453 0.258789 0.003906 0.021484
0 0.091797 0.250000 0.003906 0.003906
0 0.706055 0.245117 0.001953 0.001953
1 0.565430 0.245117 0.001953 0.001953
0 0.081055 0.245117 0.001953 0.001953
0 0.682617 0.243164 0.001953 0.001953
0 0.086914 0.246094 0.005859 0.007812
0 0.150391 0.246094 0.007812 0.011719
0 0.893555 0.239258 0.001953 0.001953
0 0.153320 0.239258 0.001953 0.001953
0 0.670898 0.240234 0.021484 0.007812
0 0.717773 0.241211 0.025391 0.013672
0 0.893555 0.226562 0.001953 0.003906
0 0.902344 0.229492 0.015625 0.013672
0 0.903320 0.221680 0.001953 0.001953
0 0.897461 0.206055 0.001953 0.001953
0 0.894531 0.202148 0.003906 0.001953
0 0.920898 0.198242 0.001953 0.001953
0 0.891602 0.196289 0.001953 0.001953
0 0.127930 0.192383 0.001953 0.001953
0 0.233398 0.194336 0.009766 0.009766
0 0.872070 0.188477 0.001953 0.001953
0 0.169922 0.258789 0.046875 0.146484
0 0.129883 0.186523 0.001953 0.001953
0 0.545898 0.184570 0.001953 0.001953
0 0.898438 0.186523 0.035156 0.025391
0 0.229492 0.176758 0.001953 0.005859
0 0.236328 0.179688 0.007812 0.015625
0 0.550781 0.171875 0.003906 0.003906
0 0.677734 0.350586 0.261719 0.369141
0 0.102539 0.159180 0.001953 0.001953
0 0.353516 0.351562 0.144531 0.390625
0 0.531250 0.159180 0.011719 0.013672
0 0.916992 0.147461 0.001953 0.001953
0 0.448242 0.127930 0.001953 0.001953
0 0.444336 0.127930 0.001953 0.001953
0 0.887695 0.110352 0.001953 0.001953
1 0.867188 0.112305 0.007812 0.005859
1 0.473633 0.104492 0.001953 0.001953
1 0.443359 0.101562 0.011719 0.007812
0 0.215820 0.098633 0.001953 0.001953
0 0.030273 0.098633 0.001953 0.001953
0 0.025391 0.096680 0.003906 0.001953
0 0.020508 0.092773 0.001953 0.001953
0 0.619141 0.091797 0.015625 0.003906
0 0.584961 0.101562 0.025391 0.031250
0 0.581055 0.087891 0.001953 0.003906
1 0.431641 0.087891 0.007812 0.003906
0 0.000977 0.087891 0.001953 0.003906
0 0.725586 0.086914 0.005859 0.005859
1 0.542969 0.085938 0.007812 0.007812
1 0.266602 0.083008 0.001953 0.001953
1 0.451172 0.083984 0.011719 0.007812
0 0.290039 0.081055 0.001953 0.001953
0 0.884766 0.079102 0.003906 0.001953
0 0.277344 0.096680 0.023438 0.037109
0 0.186523 0.091797 0.025391 0.027344
0 0.724609 0.078125 0.007812 0.003906
0 0.233398 0.075195 0.001953 0.001953
0 0.571289 0.071289 0.001953 0.001953
0 0.024414 0.069336 0.001953 0.001953
1 0.558594 0.076172 0.019531 0.019531
0 0.040039 0.072266 0.017578 0.011719
0 0.435547 0.065430 0.007812 0.005859
0 0.944336 0.061523 0.001953 0.001953
0 0.943359 0.057617 0.003906 0.001953
0 0.962891 0.056641 0.003906 0.003906
0 0.240234 0.056641 0.003906 0.003906
1 0.860352 0.053711 0.009766 0.005859
0 0.484375 0.051758 0.003906 0.001953
1 0.848633 0.049805 0.001953 0.001953
1 0.855469 0.044922 0.003906 0.003906
0 0.385742 0.043945 0.001953 0.001953
0 0.981445 0.040039 0.001953 0.001953
0 0.411133 0.038086 0.001953 0.001953
0 0.401367 0.038086 0.001953 0.001953
1 0.844727 0.040039 0.013672 0.009766
0 0.955078 0.047852 0.023438 0.029297
0 0.952148 0.034180 0.001953 0.001953
0 0.719727 0.034180 0.001953 0.001953
0 0.666992 0.030273 0.001953 0.001953
0 0.520508 0.030273 0.001953 0.001953
0 0.065430 0.028320 0.001953 0.001953
0 0.666992 0.026367 0.001953 0.001953
1 0.378906 0.028320 0.007812 0.005859
1 0.370117 0.026367 0.005859 0.001953
1 0.421875 0.025391 0.003906 0.003906
0 0.493164 0.035156 0.060547 0.039062
1 0.432617 0.016602 0.001953 0.001953
1 0.838867 0.014648 0.001953 0.001953
0 0.258789 0.041016 0.048828 0.054688
0 0.270508 0.010742 0.001953 0.001953
0 0.168945 0.037109 0.044922 0.054688
1 0.997070 0.006836 0.001953 0.001953
0 0.923828 0.138672 0.152344 0.277344
0 0.708984 0.025391 0.046875 0.050781
0 0.655273 0.000977 0.005859 0.001953
0 0.375000 0.005859 0.023438 0.011719
0 0.073242 0.125977 0.146484 0.251953
0 0.025391 0.025391 0.050781 0.050781
2 0.774414 0.999023 0.001953 0.001953
3 0.770508 0.999023 0.001953 0.001953
3 0.696289 0.998047 0.001953 0.003906
2 0.562500 0.998047 0.003906 0.003906
2 0.842773 0.993164 0.001953 0.001953
3 0.643555 0.994141 0.041016 0.011719
3 0.729492 0.992188 0.068359 0.015625
3 0.610352 0.989258 0.017578 0.021484
3 0.539062 0.973633 0.003906 0.001953
3 0.625000 0.974609 0.019531 0.015625
3 0.609375 0.961914 0.003906 0.005859
3 0.533203 0.958984 0.003906 0.003906
3 0.600586 0.959961 0.009766 0.009766
3 0.521484 0.944336 0.003906 0.005859
2 0.588867 0.940430 0.005859 0.005859
3 0.494141 0.936523 0.003906 0.001953
2 0.573242 0.928711 0.001953 0.001953
2 0.696289 0.903320 0.001953 0.001953
2 0.885742 0.901367 0.001953 0.001953
2 0.879883 0.895508 0.001953 0.001953
2 0.897461 0.893555 0.001953 0.001953
2 0.670898 0.893555 0.001953 0.001953
2 0.874023 0.887695 0.001953 0.001953
2 0.850586 0.887695 0.001953 0.001953
2 0.878906 0.888672 0.003906 0.007812
2 0.569336 0.881836 0.001953 0.001953
3 0.454102 0.879883 0.001953 0.001953
2 0.521484 0.880859 0.007812 0.011719
2 0.303711 0.874023 0.001953 0.001953
3 0.449219 0.875000 0.007812 0.007812
3 0.672852 0.868164 0.001953 0.001953
3 0.668945 0.868164 0.001953 0.001953
3 0.745117 0.864258 0.001953 0.001953
3 0.672852 0.864258 0.001953 0.001953
3 0.231445 0.864258 0.001953 0.001953
3 0.665039 0.862305 0.001953 0.001953
2 0.243164 0.862305 0.001953 0.001953
2 0.132812 0.862305 0.003906 0.001953
3 0.700195 0.860352 0.001953 0.001953
3 0.461914 0.861328 0.001953 0.003906
3 0.454102 0.856445 0.001953 0.001953
2 0.293945 0.854492 0.001953 0.001953
2 0.661133 0.853516 0.001953 0.003906
3 0.639648 0.852539 0.001953 0.001953
3 0.399414 0.853516 0.005859 0.003906
3 0.594727 0.848633 0.001953 0.001953
2 0.461914 0.852539 0.009766 0.009766
2 0.045898 0.848633 0.001953 0.001953
3 0.599609 0.846680 0.003906 0.001953
3 0.683594 0.856445 0.035156 0.025391
2 0.785156 0.921875 0.429688 0.156250
2 0.688477 0.842773 0.001953 0.001953
3 0.596680 0.842773 0.001953 0.001953
3 0.455078 0.842773 0.023438 0.009766
3 0.440430 0.838867 0.001953 0.001953
2 0.547852 0.836914 0.001953 0.001953
3 0.454102 0.838867 0.005859 0.005859
3 0.444336 0.836914 0.001953 0.001953
2 0.668945 0.836914 0.005859 0.009766
3 0.440430 0.833008 0.001953 0.001953
2 0.668945 0.829102 0.005859 0.001953
2 0.668945 0.825195 0.001953 0.001953
2 0.029297 0.827148 0.011719 0.009766
3 0.114258 0.819336 0.001953 0.001953
2 0.655273 0.815430 0.001953 0.001953
2 0.649414 0.813477 0.001953 0.001953
2 0.657227 0.811523 0.001953 0.001953
2 0.549805 0.811523 0.001953 0.001953
2 0.503906 0.820312 0.011719 0.019531
2 0.040039 0.807617 0.001953 0.001953
2 0.542969 0.818359 0.015625 0.027344
2 0.500977 0.806641 0.001953 0.003906
2 0.319336 0.805664 0.001953 0.001953
2 0.372070 0.803711 0.001953 0.001953
2 0.501953 0.797852 0.003906 0.001953
2 0.551758 0.795898 0.001953 0.001953
2 0.556641 0.792969 0.003906 0.003906
2 0.553711 0.790039 0.001953 0.001953
2 0.420898 0.782227 0.001953 0.001953
2 0.219727 0.783203 0.001953 0.003906
2 0.434570 0.774414 0.001953 0.001953
2 0.430664 0.774414 0.001953 0.001953
3 0.301758 0.774414 0.001953 0.001953
2 0.499023 0.771484 0.005859 0.003906
2 0.436523 0.770508 0.001953 0.001953
2 0.430664 0.754883 0.001953 0.001953
2 0.467773 0.715820 0.001953 0.001953
3 0.377930 0.709961 0.005859 0.013672
3 0.385742 0.702148 0.001953 0.001953
3 0.379883 0.700195 0.001953 0.001953
2 0.413086 0.696289 0.001953 0.001953
2 0.409180 0.695312 0.001953 0.003906
2 0.405273 0.688477 0.001953 0.001953
2 0.569336 0.670898 0.001953 0.001953
2 0.542969 0.667969 0.003906 0.003906
2 0.051758 0.625977 0.001953 0.001953
2 0.474609 0.696289 0.050781 0.150391
2 0.527344 0.610352 0.007812 0.017578
2 0.520508 0.632812 0.037109 0.074219
2 0.446289 0.592773 0.001953 0.005859
2 0.022461 0.585938 0.001953 0.003906
2 0.610352 0.579102 0.001953 0.001953
2 0.500977 0.584961 0.009766 0.017578
2 0.508789 0.575195 0.001953 0.001953
2 0.491211 0.573242 0.001953 0.001953
2 0.615234 0.562500 0.003906 0.007812
2 0.432617 0.532227 0.001953 0.001953
3 0.604492 0.526367 0.001953 0.001953
3 0.604492 0.522461 0.001953 0.001953
3 0.608398 0.506836 0.001953 0.001953
3 0.001953 0.487305 0.003906 0.009766
3 0.536133 0.471680 0.001953 0.001953
2 0.590820 0.469727 0.001953 0.001953
2 0.591797 0.465820 0.003906 0.001953
3 0.536133 0.464844 0.013672 0.015625
3 0.546875 0.456055 0.007812 0.013672
2 0.484375 0.508789 0.042969 0.119141
3 0.561523 0.446289 0.001953 0.001953
2 0.526367 0.432617 0.001953 0.001953
2 0.510742 0.432617 0.013672 0.009766
2 0.488281 0.429688 0.003906 0.007812
2 0.021484 0.393555 0.003906 0.001953
2 0.975586 0.375977 0.001953 0.001953
2 0.005859 0.363281 0.011719 0.031250
2 0.000977 0.309570 0.001953 0.001953
2 0.002930 0.305664 0.001953 0.001953
2 0.010742 0.294922 0.005859 0.003906
2 0.006836 0.290039 0.001953 0.001953
2 0.014648 0.278320 0.001953 0.001953
2 0.000977 0.264648 0.001953 0.001953
2 0.106445 0.237305 0.001953 0.001953
2 0.105469 0.183594 0.003906 0.003906
2 0.035156 0.111328 0.007812 0.003906
2 0.943359 0.101562 0.003906 0.003906
2 0.903320 0.095703 0.001953 0.003906
3 0.872070 0.090820 0.001953 0.001953
2 0.893555 0.084961 0.001953 0.001953
2 0.034180 0.041992 0.001953 0.001953
2 0.704102 0.040039 0.001953 0.001953
2 0.025391 0.038086 0.003906 0.001953
2 0.000977 0.030273 0.001953 0.001953
2 0.950195 0.125977 0.099609 0.251953
2 0.700195 0.000977 0.001953 0.001953
2 0.500000 0.500000 1.000000 1.000000
2 0.050781 0.054688 0.101562 0.109375