1 0.288086 0.999023 0.001953 0.001953
0 0.102539 0.999023 0.001953 0.001953
1 0.282227 0.998047 0.005859 0.003906
1 0.272461 0.998047 0.005859 0.003906
0 0.834961 0.991211 0.001953 0.001953
0 0.842773 0.990234 0.001953 0.003906
1 0.055664 0.994141 0.005859 0.011719
0 0.594727 0.990234 0.021484 0.019531
0 0.265625 0.965820 0.003906 0.005859
0 0.268555 0.946289 0.001953 0.001953
1 0.192383 0.946289 0.001953 0.001953
0 0.526367 0.944336 0.001953 0.001953
0 0.235352 0.944336 0.001953 0.001953
1 0.461914 0.942383 0.001953 0.001953
0 0.324219 0.942383 0.003906 0.001953
1 0.461914 0.936523 0.001953 0.001953
0 0.242188 0.938477 0.003906 0.005859
0 0.512695 0.934570 0.001953 0.001953
1 0.600586 0.933594 0.005859 0.003906
0 0.506836 0.934570 0.005859 0.005859
0 0.534180 0.931641 0.005859 0.003906
1 0.514648 0.930664 0.001953 0.001953
0 0.246094 0.930664 0.003906 0.001953
0 0.260742 0.929688 0.001953 0.003906
1 0.642578 0.932617 0.027344 0.017578
1 0.143555 0.916992 0.001953 0.001953
1 0.716797 0.898438 0.003906 0.007812
1 0.176758 0.945312 0.205078 0.109375
1 0.663086 0.883789 0.001953 0.001953
1 0.543945 0.877930 0.001953 0.001953
1 0.325195 0.877930 0.001953 0.001953
1 0.553711 0.900391 0.044922 0.050781
1 0.563477 0.872070 0.001953 0.001953
0 0.202148 0.872070 0.001953 0.001953
1 0.555664 0.871094 0.009766 0.003906
1 0.543945 0.870117 0.001953 0.001953
0 0.814453 0.868164 0.003906 0.001953
0 0.274414 0.865234 0.005859 0.003906
0 0.307617 0.874023 0.037109 0.033203
0 0.194336 0.865234 0.013672 0.019531
0 0.182617 0.856445 0.001953 0.001953
1 0.500977 0.851562 0.005859 0.003906
1 0.916992 0.848633 0.001953 0.001953
1 0.500977 0.846680 0.001953 0.001953
1 0.914062 0.844727 0.003906 0.001953
1 0.830078 0.919922 0.339844 0.160156
1 0.019531 0.841797 0.011719 0.003906
1 0.489258 0.848633 0.013672 0.021484
0 0.956055 0.834961 0.001953 0.001953
0 0.975586 0.827148 0.001953 0.001953
0 0.001953 0.828125 0.003906 0.003906
1 0.956055 0.825195 0.001953 0.001953
1 0.644531 0.826172 0.003906 0.003906
1 0.424805 0.823242 0.001953 0.001953
1 0.422852 0.819336 0.001953 0.001953
1 0.643555 0.817383 0.001953 0.001953
0 0.020508 0.815430 0.001953 0.001953
1 0.618164 0.807617 0.001953 0.001953
1 0.625977 0.805664 0.001953 0.001953
1 0.622070 0.806641 0.001953 0.003906
1 0.089844 0.809570 0.011719 0.009766
1 0.382812 0.804688 0.003906 0.003906
1 0.389648 0.801758 0.005859 0.001953
1 0.066406 0.799805 0.003906 0.001953
1 0.375977 0.797852 0.001953 0.001953
0 0.977539 0.811523 0.044922 0.037109
1 0.676758 0.794922 0.005859 0.003906
1 0.653320 0.786133 0.001953 0.001953
1 0.129883 0.780273 0.001953 0.001953
1 0.004883 0.778320 0.001953 0.001953
1 0.991211 0.780273 0.005859 0.009766
1 0.011719 0.776367 0.003906 0.005859
1 0.005859 0.773438 0.003906 0.003906
1 0.647461 0.770508 0.001953 0.001953
1 0.010742 0.770508 0.001953 0.001953
1 0.523438 0.767578 0.003906 0.003906
1 0.065430 0.766602 0.001953 0.001953
1 0.781250 0.765625 0.003906 0.003906
1 0.778320 0.761719 0.001953 0.003906
1 0.069336 0.760742 0.001953 0.001953
1 0.061523 0.760742 0.001953 0.001953
1 0.407227 0.758789 0.001953 0.001953
1 0.964844 0.759766 0.007812 0.007812
1 0.778320 0.756836 0.001953 0.001953
1 0.495117 0.749023 0.001953 0.001953
1 0.395508 0.749023 0.001953 0.005859
1 0.506836 0.750000 0.009766 0.011719
1 0.499023 0.745117 0.001953 0.001953
1 0.345703 0.746094 0.003906 0.003906
1 0.770508 0.751953 0.009766 0.019531
1 0.426758 0.743164 0.001953 0.001953
1 0.419922 0.755859 0.015625 0.031250
1 0.069336 0.741211 0.001953 0.001953
0 0.032227 0.741211 0.001953 0.001953
0 0.037109 0.741211 0.003906 0.005859
1 0.620117 0.736328 0.001953 0.003906
1 0.633789 0.731445 0.001953 0.001953
1 0.507812 0.733398 0.007812 0.005859
1 0.467773 0.731445 0.001953 0.001953
1 0.080078 0.730469 0.003906 0.003906
1 0.172852 0.727539 0.005859 0.005859
1 0.461914 0.723633 0.009766 0.009766
1 0.567383 0.737305 0.029297 0.041016
1 0.472656 0.718750 0.007812 0.007812
1 0.125977 0.711914 0.001953 0.001953
1 0.120117 0.712891 0.005859 0.003906
1 0.118164 0.708008 0.001953 0.001953
0 0.631836 0.706055 0.001953 0.001953
1 0.128906 0.706055 0.007812 0.005859
1 0.405273 0.702148 0.001953 0.001953
0 0.637695 0.700195 0.005859 0.005859
1 0.303711 0.698242 0.001953 0.001953
1 0.319336 0.696289 0.001953 0.001953
1 0.309570 0.696289 0.001953 0.001953
1 0.323242 0.694336 0.001953 0.001953
1 0.317383 0.692383 0.001953 0.001953
1 0.311523 0.692383 0.001953 0.001953
0 0.636719 0.693359 0.007812 0.007812
1 0.074219 0.716797 0.085938 0.054688
0 0.631836 0.685547 0.009766 0.003906
1 0.258789 0.685547 0.001953 0.003906
1 0.859375 0.678711 0.003906 0.001953
1 0.870117 0.677734 0.005859 0.003906
1 0.414062 0.689453 0.019531 0.027344
1 0.478516 0.682617 0.019531 0.017578
1 0.140625 0.680664 0.007812 0.013672
1 0.868164 0.672852 0.001953 0.001953
1 0.749023 0.672852 0.001953 0.001953
1 0.422852 0.672852 0.001953 0.001953
1 0.852539 0.670898 0.001953 0.001953
1 0.434570 0.671875 0.001953 0.003906
1 0.298828 0.672852 0.007812 0.005859
1 0.844727 0.668945 0.001953 0.001953
1 0.482422 0.669922 0.003906 0.003906
1 0.879883 0.665039 0.001953 0.001953
1 0.298828 0.666016 0.003906 0.003906
1 0.887695 0.664062 0.001953 0.003906
1 0.331055 0.663086 0.005859 0.001953
1 0.325195 0.663086 0.001953 0.001953
1 0.317383 0.664062 0.009766 0.003906
1 0.307617 0.664062 0.005859 0.003906
1 0.843750 0.662109 0.003906 0.003906
1 0.402344 0.663086 0.007812 0.009766
1 0.129883 0.655273 0.001953 0.001953
1 0.886719 0.653320 0.003906 0.005859
1 0.458008 0.651367 0.001953 0.001953
1 0.305664 0.651367 0.001953 0.001953
1 0.410156 0.654297 0.011719 0.011719
1 0.130859 0.650391 0.003906 0.003906
1 0.627930 0.647461 0.001953 0.001953
1 0.121094 0.652344 0.011719 0.015625
1 0.407227 0.644531 0.001953 0.003906
1 0.864258 0.653320 0.037109 0.025391
1 0.508789 0.645508 0.005859 0.009766
1 0.430664 0.639648 0.001953 0.001953
1 0.133789 0.639648 0.001953 0.001953
1 0.448242 0.643555 0.005859 0.017578
0 0.362305 0.635742 0.001953 0.001953
1 0.340820 0.635742 0.001953 0.001953
1 0.692383 0.631836 0.001953 0.001953
0 0.344727 0.632812 0.001953 0.003906
0 0.354492 0.632812 0.013672 0.007812
0 0.329102 0.629883 0.005859 0.005859
1 0.778320 0.621094 0.001953 0.003906
1 0.305664 0.620117 0.001953 0.005859
0 0.498047 0.619141 0.003906 0.007812
1 0.147461 0.616211 0.001953 0.001953
1 0.147461 0.612305 0.001953 0.001953
1 0.165039 0.610352 0.001953 0.001953
1 0.618164 0.604492 0.001953 0.001953
1 0.144531 0.605469 0.003906 0.003906
1 0.610352 0.600586 0.001953 0.001953
1 0.625000 0.600586 0.007812 0.009766
1 0.895508 0.592773 0.001953 0.001953
1 0.330078 0.595703 0.007812 0.007812
1 0.327148 0.592773 0.001953 0.001953
1 0.887695 0.591797 0.009766 0.007812
1 0.786133 0.586914 0.001953 0.001953
1 0.791016 0.585938 0.003906 0.003906
1 0.329102 0.586914 0.005859 0.005859
1 0.168945 0.585938 0.001953 0.003906
1 0.619141 0.589844 0.019531 0.015625
1 0.620117 0.573242 0.001953 0.001953
1 0.668945 0.560547 0.005859 0.007812
0 0.801758 0.555664 0.001953 0.001953
1 0.793945 0.555664 0.001953 0.001953
1 0.791016 0.567383 0.019531 0.025391
1 0.632812 0.553711 0.003906 0.001953
1 0.647461 0.547852 0.001953 0.001953
1 0.104492 0.547852 0.001953 0.001953
1 0.081055 0.545898 0.001953 0.001953
1 0.092773 0.541992 0.001953 0.001953
1 0.642578 0.539062 0.003906 0.003906
1 0.628906 0.543945 0.015625 0.013672
0 0.508789 0.536133 0.001953 0.001953
0 0.528320 0.535156 0.005859 0.003906
0 0.552734 0.538086 0.015625 0.013672
0 0.534180 0.533203 0.001953 0.007812
1 0.067383 0.517578 0.001953 0.003906
1 0.090820 0.527344 0.041016 0.039062
0 0.818359 0.504883 0.003906 0.005859
1 0.694336 0.500977 0.001953 0.001953
1 0.690430 0.500977 0.001953 0.001953
0 0.824219 0.500977 0.003906 0.005859
1 0.683594 0.499023 0.003906 0.001953
0 0.819336 0.495117 0.001953 0.001953
0 0.621094 0.495117 0.003906 0.001953
0 0.591797 0.499023 0.015625 0.009766
0 0.830078 0.495117 0.007812 0.009766
0 0.592773 0.491211 0.001953 0.001953
1 0.881836 0.487305 0.001953 0.001953
1 0.650391 0.485352 0.007812 0.009766
1 0.660156 0.476562 0.007812 0.007812
1 0.415039 0.471680 0.001953 0.001953
1 0.414062 0.464844 0.007812 0.007812
0 0.565430 0.459961 0.001953 0.001953
0 0.624023 0.458008 0.001953 0.001953
0 0.622070 0.454102 0.001953 0.001953
0 0.695312 0.455078 0.011719 0.011719
0 0.683594 0.454102 0.007812 0.009766
0 0.703125 0.448242 0.007812 0.005859
0 0.682617 0.446289 0.001953 0.001953
1 0.976562 0.450195 0.007812 0.021484
0 0.711914 0.451172 0.001953 0.023438
0 0.733398 0.440430 0.001953 0.005859
1 0.571289 0.440430 0.001953 0.005859
0 0.741211 0.436523 0.001953 0.001953
1 0.457031 0.527344 0.222656 0.183594
1 0.943359 0.434570 0.003906 0.001953
1 0.586914 0.430664 0.001953 0.001953
1 0.989258 0.425781 0.001953 0.003906
0 0.903320 0.424805 0.001953 0.001953
0 0.800781 0.426758 0.003906 0.005859
1 0.736328 0.424805 0.003906 0.001953
0 0.811523 0.422852 0.001953 0.001953
0 0.770508 0.422852 0.001953 0.001953
1 0.827148 0.420898 0.001953 0.001953
0 0.799805 0.420898 0.001953 0.001953
0 0.885742 0.415039 0.005859 0.005859
1 0.744141 0.412109 0.003906 0.003906
0 0.777344 0.416992 0.039062 0.017578
1 0.736328 0.412109 0.007812 0.011719
1 0.922852 0.405273 0.001953 0.001953
1 0.852539 0.405273 0.001953 0.001953
1 0.922852 0.401367 0.001953 0.001953
1 0.900391 0.409180 0.031250 0.021484
1 0.971680 0.397461 0.001953 0.001953
1 0.838867 0.397461 0.001953 0.001953
1 0.256836 0.397461 0.001953 0.001953
1 0.612305 0.393555 0.001953 0.001953
1 0.594727 0.394531 0.001953 0.003906
1 0.940430 0.389648 0.001953 0.001953
1 0.952148 0.412109 0.064453 0.050781
1 0.237305 0.381836 0.001953 0.001953
1 0.825195 0.379883 0.001953 0.001953
1 0.265625 0.379883 0.003906 0.001953
1 0.920898 0.379883 0.017578 0.005859
1 0.830078 0.402344 0.039062 0.050781
1 0.690430 0.377930 0.001953 0.001953
1 0.831055 0.379883 0.005859 0.009766
1 0.861328 0.375977 0.003906 0.005859
1 0.804688 0.371094 0.003906 0.003906
1 0.749023 0.370117 0.001953 0.001953
1 0.199219 0.375977 0.011719 0.013672
1 0.752930 0.366211 0.001953 0.001953
0 0.133789 0.367188 0.001953 0.003906
1 0.581055 0.367188 0.025391 0.011719
0 0.140625 0.365234 0.007812 0.007812
1 0.904297 0.368164 0.019531 0.017578
1 0.844727 0.366211 0.025391 0.021484
0 0.641602 0.360352 0.013672 0.009766
1 0.178711 0.352539 0.001953 0.001953
1 0.997070 0.353516 0.005859 0.007812
0 0.135742 0.342773 0.001953 0.001953
0 0.145508 0.342773 0.005859 0.005859
1 0.204102 0.340820 0.005859 0.005859
0 0.146484 0.333984 0.003906 0.007812
0 0.127930 0.329102 0.001953 0.001953
1 0.118164 0.332031 0.005859 0.007812
1 0.614258 0.328125 0.005859 0.007812
1 0.610352 0.324219 0.001953 0.003906
0 0.139648 0.321289 0.001953 0.001953
1 0.139648 0.317383 0.001953 0.001953
0 0.838867 0.311523 0.001953 0.001953
1 0.835938 0.336914 0.058594 0.052734
1 0.894531 0.310547 0.003906 0.003906
1 0.694336 0.307617 0.001953 0.001953
1 0.131836 0.316406 0.017578 0.019531
1 0.124023 0.307617 0.001953 0.001953
1 0.715820 0.305664 0.001953 0.001953
1 0.674805 0.305664 0.001953 0.001953
0 0.967773 0.303711 0.001953 0.001953
1 0.709961 0.303711 0.001953 0.001953
1 0.214844 0.310547 0.015625 0.015625
1 0.729492 0.302734 0.013672 0.003906
1 0.344727 0.301758 0.001953 0.001953
1 0.892578 0.302734 0.007812 0.007812
1 0.662109 0.376953 0.148438 0.164062
1 0.890625 0.294922 0.003906 0.003906
1 0.886719 0.289062 0.003906 0.003906
1 0.344727 0.284180 0.001953 0.001953
1 0.352539 0.278320 0.001953 0.001953
1 0.348633 0.278320 0.001953 0.001953
1 0.465820 0.274414 0.001953 0.001953
0 0.861328 0.266602 0.003906 0.005859
1 0.881836 0.269531 0.009766 0.015625
0 0.850586 0.258789 0.001953 0.001953
0 0.843750 0.258789 0.003906 0.001953
0 0.836914 0.278320 0.037109 0.041016
0 0.988281 0.257812 0.003906 0.003906
1 0.053711 0.245117 0.001953 0.001953
1 0.463867 0.243164 0.001953 0.001953
0 0.829102 0.241211 0.001953 0.001953
1 0.980469 0.237305 0.003906 0.001953
1 0.981445 0.231445 0.001953 0.001953
1 0.188477 0.231445 0.001953 0.001953
1 0.064453 0.237305 0.015625 0.017578
1 0.157227 0.225586 0.001953 0.001953
1 0.981445 0.224609 0.001953 0.003906
1 0.188477 0.225586 0.001953 0.005859
1 0.152344 0.224609 0.003906 0.003906
0 0.833008 0.221680 0.001953 0.001953
1 0.197266 0.223633 0.003906 0.005859
1 0.791992 0.219727 0.001953 0.001953
1 0.196289 0.217773 0.001953 0.001953
1 0.329102 0.208008 0.001953 0.001953
1 0.240234 0.213867 0.015625 0.013672
1 0.219727 0.208008 0.001953 0.001953
1 0.310547 0.221680 0.035156 0.033203
1 0.151367 0.206055 0.001953 0.001953
1 0.358398 0.204102 0.001953 0.001953
1 0.200195 0.207031 0.029297 0.011719
1 0.930664 0.200195 0.001953 0.001953
1 0.321289 0.201172 0.001953 0.003906
1 0.372070 0.198242 0.001953 0.001953
1 0.181641 0.198242 0.007812 0.005859
1 0.999023 0.194336 0.001953 0.001953
1 0.929688 0.195312 0.003906 0.003906
1 0.349609 0.195312 0.003906 0.003906
1 0.393555 0.250977 0.150391 0.115234
1 0.274414 0.196289 0.009766 0.009766
1 0.988281 0.213867 0.023438 0.048828
1 0.930664 0.190430 0.001953 0.001953
1 0.162109 0.193359 0.015625 0.007812
0 0.348633 0.184570 0.001953 0.001953
1 0.071289 0.184570 0.001953 0.001953
1 0.851562 0.178711 0.011719 0.005859
1 0.368164 0.183594 0.029297 0.027344
1 0.126953 0.170898 0.003906 0.001953
1 0.149414 0.168945 0.001953 0.001953
1 0.141602 0.169922 0.005859 0.003906
1 0.070312 0.175781 0.023438 0.019531
1 0.874023 0.176758 0.025391 0.025391
1 0.766602 0.161133 0.001953 0.001953
1 0.770508 0.160156 0.001953 0.003906
1 0.305664 0.159180 0.001953 0.001953
1 0.225586 0.159180 0.001953 0.001953
1 0.880859 0.158203 0.007812 0.003906
1 0.867188 0.162109 0.011719 0.011719
1 0.770508 0.155273 0.001953 0.001953
1 0.869141 0.149414 0.003906 0.001953
1 0.770508 0.144531 0.001953 0.003906
1 0.764648 0.141602 0.001953 0.001953
1 0.760742 0.142578 0.001953 0.003906
1 0.293945 0.152344 0.033203 0.031250
1 0.767578 0.137695 0.007812 0.005859
1 0.888672 0.125977 0.015625 0.021484
1 0.841797 0.117188 0.003906 0.003906
1 0.238281 0.127930 0.027344 0.025391
1 0.232422 0.116211 0.003906 0.001953
1 0.113281 0.104492 0.011719 0.017578
1 0.093750 0.084961 0.003906 0.001953
1 0.370117 0.083008 0.001953 0.001953
1 0.252930 0.067383 0.001953 0.001953
1 0.346680 0.065430 0.001953 0.001953
1 0.138672 0.066406 0.003906 0.003906
1 0.126953 0.077148 0.019531 0.025391
1 0.192383 0.064453 0.005859 0.003906
1 0.326172 0.060547 0.007812 0.007812
1 0.143555 0.058594 0.009766 0.003906
1 0.179688 0.050781 0.003906 0.003906
1 0.163086 0.047852 0.001953 0.001953
1 0.897461 0.043945 0.001953 0.001953
1 0.174805 0.056641 0.025391 0.031250
0 0.205078 0.050781 0.031250 0.035156
1 0.897461 0.030273 0.001953 0.001953
1 0.668945 0.030273 0.001953 0.001953
1 0.267578 0.028320 0.007812 0.005859
1 0.065430 0.027344 0.001953 0.003906
1 0.059570 0.028320 0.005859 0.005859
1 0.666992 0.021484 0.013672 0.011719
1 0.663086 0.012695 0.001953 0.001953
1 0.143555 0.010742 0.005859 0.009766
1 0.161133 0.017578 0.025391 0.035156
1 0.150391 0.002930 0.007812 0.005859
1 0.142578 0.001953 0.003906 0.003906
3 0.963867 0.999023 0.001953 0.001953
3 0.939453 0.999023 0.015625 0.001953
2 0.814453 0.994141 0.003906 0.003906
3 0.965820 0.991211 0.001953 0.001953
3 0.959961 0.987305 0.001953 0.001953
3 0.953125 0.988281 0.003906 0.003906
3 0.926758 0.993164 0.037109 0.013672
2 0.835938 0.992188 0.035156 0.015625
2 0.814453 0.986328 0.003906 0.003906
2 0.696289 0.969727 0.001953 0.001953
3 0.853516 0.946289 0.003906 0.001953
3 0.098633 0.946289 0.001953 0.001953
3 0.975586 0.943359 0.013672 0.007812
3 0.921875 0.943359 0.023438 0.015625
3 0.857422 0.936523 0.003906 0.009766
3 0.146484 0.925781 0.003906 0.003906
2 0.776367 0.956055 0.076172 0.072266
3 0.875977 0.931641 0.029297 0.031250
3 0.690430 0.913086 0.001953 0.001953
3 0.691406 0.901367 0.003906 0.005859
3 0.686523 0.899414 0.001953 0.001953
2 0.815430 0.879883 0.001953 0.001953
3 0.689453 0.879883 0.003906 0.005859
2 0.980469 0.819336 0.003906 0.001953
2 0.997070 0.817383 0.001953 0.001953
3 0.986328 0.213867 0.003906 0.001953
3 0.500000 0.500000 1.000000 1.000000