0 0.796875 0.999023 0.003906 0.001953
0 0.756836 0.999023 0.001953 0.001953
0 0.333008 0.999023 0.001953 0.001953
0 0.326172 0.999023 0.007812 0.001953
1 0.892578 0.997070 0.007812 0.005859
0 0.795898 0.995117 0.001953 0.001953
0 0.360352 0.996094 0.025391 0.007812
0 0.179688 0.992188 0.007812 0.007812
0 0.752930 0.988281 0.005859 0.003906
0 0.735352 0.987305 0.001953 0.001953
0 0.569336 0.987305 0.001953 0.001953
0 0.176758 0.987305 0.001953 0.001953
0 0.166992 0.993164 0.013672 0.013672
0 0.747070 0.985352 0.001953 0.001953
0 0.581055 0.985352 0.001953 0.001953
0 0.117188 0.990234 0.039062 0.019531
0 0.100586 0.981445 0.001953 0.001953
0 0.784180 0.983398 0.013672 0.009766
0 0.281250 0.989258 0.046875 0.021484
1 0.020508 0.980469 0.009766 0.011719
0 0.136719 0.976562 0.003906 0.011719
0 0.126953 0.974609 0.003906 0.007812
0 0.858398 0.969727 0.001953 0.001953
0 0.557617 0.967773 0.001953 0.001953
0 0.108398 0.970703 0.005859 0.007812
0 0.846680 0.965820 0.001953 0.001953
0 0.543945 0.965820 0.001953 0.001953
0 0.773438 0.965820 0.007812 0.005859
0 0.731445 0.961914 0.001953 0.001953
0 0.142578 0.962891 0.003906 0.003906
0 0.062500 0.980469 0.050781 0.039062
0 0.059570 0.958008 0.001953 0.001953
0 0.333984 0.953125 0.007812 0.003906
0 0.743164 0.950195 0.001953 0.001953
1 0.608398 0.949219 0.005859 0.007812
0 0.293945 0.947266 0.009766 0.003906
0 0.858398 0.940430 0.001953 0.001953
0 0.853516 0.940430 0.003906 0.001953
0 0.090820 0.940430 0.001953 0.001953
0 0.384766 0.968750 0.082031 0.062500
0 0.094727 0.939453 0.001953 0.003906
0 0.749023 0.936523 0.001953 0.001953
1 0.606445 0.939453 0.001953 0.007812
0 0.050781 0.937500 0.003906 0.003906
0 0.963867 0.966797 0.072266 0.066406
0 0.864258 0.934570 0.001953 0.001953
0 0.063477 0.934570 0.001953 0.001953
0 0.056641 0.934570 0.003906 0.005859
0 0.737305 0.937500 0.017578 0.019531
0 0.057617 0.928711 0.001953 0.001953
0 0.440430 0.926758 0.001953 0.001953
0 0.125977 0.929688 0.005859 0.007812
0 0.543945 0.961914 0.103516 0.076172
0 0.342773 0.924805 0.001953 0.001953
0 0.536133 0.924805 0.001953 0.005859
0 0.137695 0.922852 0.001953 0.001953
0 0.540039 0.920898 0.001953 0.001953
0 0.434570 0.920898 0.001953 0.001953
0 0.131836 0.920898 0.001953 0.001953
0 0.833984 0.919922 0.003906 0.003906
0 0.825195 0.918945 0.001953 0.001953
0 0.582031 0.918945 0.003906 0.001953
0 0.735352 0.916992 0.001953 0.001953
0 0.577148 0.916992 0.001953 0.001953
0 0.436523 0.916992 0.001953 0.001953
0 0.366211 0.916992 0.001953 0.001953
0 0.325195 0.916992 0.001953 0.001953
0 0.124023 0.919922 0.005859 0.007812
0 0.567383 0.919922 0.013672 0.011719
0 0.134766 0.915039 0.003906 0.001953
0 0.544922 0.914062 0.003906 0.003906
0 0.442383 0.914062 0.001953 0.003906
0 0.437500 0.913086 0.003906 0.001953
0 0.888672 0.913086 0.003906 0.005859
0 0.811523 0.911133 0.001953 0.001953
0 0.591797 0.920898 0.011719 0.021484
0 0.448242 0.911133 0.001953 0.001953
0 0.122070 0.911133 0.001953 0.001953
0 0.368164 0.909180 0.001953 0.001953
0 0.535156 0.908203 0.007812 0.003906
1 0.645508 0.905273 0.001953 0.001953
0 0.133789 0.910156 0.009766 0.011719
0 0.557617 0.899414 0.001953 0.001953
0 0.885742 0.897461 0.001953 0.001953
0 0.553711 0.904297 0.013672 0.019531
0 0.566406 0.902344 0.019531 0.019531
1 0.473633 0.893555 0.001953 0.001953
1 0.468750 0.895508 0.003906 0.005859
0 0.905273 0.875977 0.001953 0.001953
0 0.803711 0.892578 0.048828 0.039062
0 0.905273 0.872070 0.001953 0.001953
0 0.840820 0.934570 0.177734 0.130859
0 0.448242 0.888672 0.033203 0.039062
1 0.693359 0.869141 0.003906 0.003906
0 0.374023 0.867188 0.001953 0.003906
0 0.639648 0.864258 0.001953 0.001953
0 0.561523 0.877930 0.029297 0.029297
0 0.233398 0.862305 0.001953 0.001953
1 0.862305 0.862305 0.013672 0.005859
0 0.813477 0.860352 0.001953 0.001953
1 0.677734 0.861328 0.003906 0.003906
0 0.376953 0.862305 0.003906 0.005859
0 0.999023 0.859375 0.001953 0.003906
0 0.188477 0.858398 0.001953 0.001953
0 0.198242 0.857422 0.001953 0.003906
1 0.083008 0.856445 0.001953 0.001953
0 0.909180 0.854492 0.001953 0.001953
1 0.698242 0.857422 0.005859 0.007812
0 0.207031 0.901367 0.050781 0.099609
0 0.999023 0.850586 0.001953 0.009766
0 0.819336 0.851562 0.009766 0.011719
1 0.087891 0.846680 0.003906 0.001953
0 0.343750 0.847656 0.007812 0.007812
0 0.030273 0.842773 0.001953 0.001953
0 0.350586 0.840820 0.001953 0.001953
0 0.043945 0.840820 0.001953 0.001953
0 0.028320 0.838867 0.001953 0.001953
0 0.352539 0.836914 0.001953 0.001953
0 0.839844 0.844727 0.023438 0.021484
0 0.313477 0.834961 0.001953 0.001953
0 0.263672 0.834961 0.003906 0.001953
0 0.036133 0.834961 0.001953 0.001953
1 0.693359 0.840820 0.011719 0.017578
1 0.499023 0.833008 0.001953 0.001953
0 0.366211 0.831055 0.001953 0.001953
0 0.185547 0.841797 0.011719 0.023438
0 0.314453 0.875000 0.125000 0.093750
0 0.848633 0.827148 0.001953 0.001953
0 0.842773 0.827148 0.001953 0.001953
0 0.836914 0.827148 0.001953 0.001953
0 0.265625 0.829102 0.003906 0.005859
0 0.192383 0.828125 0.001953 0.003906
0 0.862305 0.826172 0.001953 0.003906
0 0.487305 0.825195 0.001953 0.001953
0 0.364258 0.825195 0.001953 0.001953
0 0.290039 0.825195 0.001953 0.001953
1 0.999023 0.826172 0.001953 0.007812
0 0.157227 0.824219 0.001953 0.003906
0 0.793945 0.821289 0.001953 0.001953
0 0.368164 0.821289 0.001953 0.001953
0 0.865234 0.819336 0.003906 0.001953
0 0.942383 0.817383 0.001953 0.001953
0 0.387695 0.815430 0.005859 0.001953
0 0.600586 0.813477 0.001953 0.001953
0 0.942383 0.812500 0.001953 0.003906
0 0.259766 0.811523 0.011719 0.009766
0 0.909180 0.805664 0.001953 0.001953
0 0.862305 0.805664 0.001953 0.001953
0 0.661133 0.805664 0.001953 0.001953
0 0.184570 0.805664 0.001953 0.001953
0 0.869141 0.804688 0.003906 0.003906
0 0.192383 0.805664 0.005859 0.005859
1 0.744141 0.803711 0.015625 0.005859
0 0.663086 0.801758 0.001953 0.001953
0 0.211914 0.801758 0.001953 0.001953
0 0.197266 0.802734 0.003906 0.003906
0 0.186523 0.801758 0.001953 0.001953
0 0.590820 0.797852 0.001953 0.001953
0 0.151367 0.799805 0.005859 0.005859
0 0.663086 0.796875 0.001953 0.003906
0 0.659180 0.795898 0.001953 0.001953
0 0.931641 0.794922 0.003906 0.003906
0 0.663086 0.791992 0.001953 0.001953
0 0.612305 0.792969 0.005859 0.003906
0 0.483398 0.793945 0.005859 0.005859
0 0.632812 0.793945 0.011719 0.009766
0 0.150391 0.789062 0.003906 0.003906
0 0.835938 0.787109 0.003906 0.003906
0 0.618164 0.788086 0.005859 0.005859
0 0.098633 0.786133 0.001953 0.001953
0 0.913086 0.785156 0.001953 0.003906
0 0.489258 0.784180 0.001953 0.001953
0 0.919922 0.794922 0.023438 0.027344
0 0.602539 0.791016 0.013672 0.019531
0 0.478516 0.784180 0.015625 0.009766
0 0.543945 0.778320 0.001953 0.001953
1 0.641602 0.777344 0.001953 0.003906
0 0.635742 0.776367 0.001953 0.001953
0 0.645508 0.773438 0.001953 0.003906
0 0.239258 0.772461 0.001953 0.001953
0 0.305664 0.770508 0.001953 0.001953
0 0.205078 0.774414 0.007812 0.009766
1 0.516602 0.777344 0.021484 0.019531
0 0.485352 0.768555 0.001953 0.001953
0 0.643555 0.766602 0.001953 0.001953
0 0.627930 0.767578 0.001953 0.003906
0 0.223633 0.768555 0.005859 0.005859
0 0.932617 0.763672 0.001953 0.003906
0 0.645508 0.762695 0.001953 0.001953
0 0.477539 0.767578 0.009766 0.011719
0 0.469727 0.760742 0.001953 0.001953
0 0.229492 0.760742 0.001953 0.001953
0 0.801758 0.758789 0.001953 0.001953
0 0.634766 0.762695 0.007812 0.009766
0 0.295898 0.758789 0.001953 0.001953
0 0.952148 0.757812 0.005859 0.007812
1 0.877930 0.755859 0.001953 0.003906
0 0.906250 0.765625 0.042969 0.027344
0 0.387695 0.752930 0.001953 0.001953
0 0.645508 0.751953 0.001953 0.003906
0 0.641602 0.750977 0.001953 0.001953
1 0.637695 0.750977 0.001953 0.001953
0 0.382812 0.761719 0.023438 0.023438
0 0.870117 0.760742 0.013672 0.025391
0 0.383789 0.749023 0.001953 0.001953
0 0.379883 0.747070 0.001953 0.001953
1 0.410156 0.747070 0.007812 0.009766
1 0.517578 0.744141 0.011719 0.011719
1 0.411133 0.739258 0.001953 0.001953
0 0.390625 0.741211 0.003906 0.005859
0 0.409180 0.735352 0.001953 0.001953
0 0.375000 0.737305 0.003906 0.005859
0 0.886719 0.733398 0.003906 0.001953
0 0.950195 0.731445 0.001953 0.001953
0 0.933594 0.738281 0.007812 0.015625
0 0.922852 0.729492 0.001953 0.001953
1 0.763672 0.734375 0.011719 0.015625
1 0.465820 0.725586 0.001953 0.001953
0 0.750977 0.717773 0.001953 0.001953
0 0.934570 0.715820 0.001953 0.001953
0 0.699219 0.716797 0.011719 0.003906
1 0.655273 0.715820 0.001953 0.001953
0 0.932617 0.711914 0.001953 0.001953
0 0.751953 0.710938 0.003906 0.003906
0 0.967773 0.708008 0.001953 0.001953
0 0.698242 0.706055 0.001953 0.001953
0 0.694336 0.706055 0.001953 0.001953
0 0.968750 0.704102 0.003906 0.001953
1 0.481445 0.713867 0.017578 0.025391
0 0.905273 0.716797 0.037109 0.035156
0 0.749023 0.703125 0.005859 0.007812
0 0.968750 0.699219 0.003906 0.003906
0 0.747070 0.699219 0.001953 0.003906
0 0.905273 0.695312 0.001953 0.003906
0 0.713867 0.694336 0.001953 0.001953
1 0.541992 0.728516 0.037109 0.070312
0 0.403320 0.694336 0.001953 0.001953
0 0.394531 0.698242 0.003906 0.009766
0 0.364258 0.694336 0.001953 0.001953
0 0.967773 0.692383 0.001953 0.001953
0 0.805664 0.696289 0.013672 0.009766
0 0.799805 0.690430 0.001953 0.001953
0 0.396484 0.690430 0.003906 0.001953
0 0.892578 0.689453 0.007812 0.003906
0 0.795898 0.688477 0.001953 0.001953
0 0.373047 0.691406 0.015625 0.007812
0 0.655273 0.686523 0.001953 0.001953
1 0.513672 0.710938 0.046875 0.050781
0 0.405273 0.686523 0.001953 0.001953
1 0.083984 0.688477 0.007812 0.005859
0 0.985352 0.685547 0.001953 0.003906
0 0.905273 0.684570 0.001953 0.001953
0 0.393555 0.684570 0.001953 0.001953
1 0.715820 0.684570 0.005859 0.005859
0 0.675781 0.695312 0.039062 0.027344
0 0.378906 0.680664 0.007812 0.009766
0 0.108398 0.676758 0.001953 0.001953
1 0.555664 0.678711 0.005859 0.009766
1 0.524414 0.674805 0.001953 0.001953
0 0.840820 0.669922 0.001953 0.003906
1 0.560547 0.669922 0.003906 0.003906
0 0.859375 0.667969 0.003906 0.003906
0 0.999023 0.665039 0.001953 0.001953
0 0.805664 0.665039 0.001953 0.001953
1 0.700195 0.666016 0.005859 0.003906
1 0.693359 0.666016 0.003906 0.003906
0 0.405273 0.665039 0.001953 0.001953
0 0.860352 0.663086 0.001953 0.001953
0 0.963867 0.788086 0.072266 0.259766
0 0.809570 0.659180 0.001953 0.001953
0 0.821289 0.653320 0.001953 0.001953
0 0.510742 0.651367 0.001953 0.001953
0 0.918945 0.650391 0.001953 0.003906
0 0.903320 0.650391 0.001953 0.003906
0 0.793945 0.649414 0.001953 0.001953
1 0.026367 0.654297 0.013672 0.011719
0 0.983398 0.654297 0.013672 0.015625
0 0.934570 0.676758 0.052734 0.060547
0 0.846680 0.647461 0.001953 0.001953
0 0.844727 0.643555 0.001953 0.001953
0 0.001953 0.644531 0.003906 0.003906
0 0.834961 0.641602 0.001953 0.001953
0 0.377930 0.643555 0.009766 0.005859
0 0.405273 0.639648 0.001953 0.001953
0 0.985352 0.637695 0.001953 0.001953
0 0.817383 0.647461 0.029297 0.025391
0 0.018555 0.633789 0.001953 0.001953
0 0.911133 0.638672 0.009766 0.015625
0 0.377930 0.634766 0.009766 0.007812
0 0.084961 0.629883 0.001953 0.001953
0 0.434570 0.627930 0.001953 0.001953
0 0.021484 0.630859 0.007812 0.007812
0 0.070312 0.628906 0.007812 0.007812
0 0.838867 0.630859 0.021484 0.015625
0 0.491211 0.624023 0.001953 0.001953
0 0.065430 0.625000 0.005859 0.003906
0 0.928711 0.625977 0.005859 0.009766
0 0.022461 0.620117 0.001953 0.001953
0 0.803711 0.618164 0.001953 0.001953
0 0.084961 0.618164 0.001953 0.001953
0 0.757812 0.656250 0.062500 0.082031
0 0.493164 0.617188 0.001953 0.003906
0 0.045898 0.617188 0.001953 0.003906
0 0.050781 0.619141 0.011719 0.015625
0 0.451172 0.695312 0.117188 0.171875
0 0.043945 0.608398 0.001953 0.001953
0 0.363281 0.608398 0.011719 0.009766
0 0.048828 0.605469 0.003906 0.003906
0 0.930664 0.602539 0.001953 0.001953
1 0.833984 0.604492 0.003906 0.005859
0 0.375977 0.607422 0.009766 0.011719
0 0.942383 0.596680 0.001953 0.001953
0 0.815430 0.611328 0.021484 0.031250
0 0.349609 0.595703 0.003906 0.003906
0 0.998047 0.593750 0.003906 0.003906
0 0.811523 0.588867 0.001953 0.001953
0 0.368164 0.588867 0.001953 0.001953
0 0.357422 0.593750 0.007812 0.011719
0 0.499023 0.587891 0.013672 0.003906
0 0.883789 0.583008 0.001953 0.001953
0 0.002930 0.583008 0.005859 0.001953
0 0.818359 0.580078 0.007812 0.003906
0 0.372070 0.579102 0.001953 0.001953
0 0.497070 0.577148 0.001953 0.001953
0 0.378906 0.577148 0.003906 0.001953
0 0.708008 0.575195 0.001953 0.001953
0 0.770508 0.573242 0.001953 0.001953
0 0.504883 0.573242 0.001953 0.001953
0 0.375977 0.573242 0.001953 0.001953
0 0.741211 0.571289 0.001953 0.001953
1 0.511719 0.571289 0.003906 0.001953
0 0.999023 0.569336 0.001953 0.001953
0 0.478516 0.574219 0.011719 0.011719
0 0.372070 0.569336 0.001953 0.001953
0 0.337891 0.570312 0.003906 0.007812
1 0.497070 0.565430 0.001953 0.001953
1 0.063477 0.565430 0.001953 0.001953
0 0.942383 0.556641 0.001953 0.003906
0 0.920898 0.553711 0.001953 0.001953
1 0.053711 0.553711 0.001953 0.001953
0 0.936523 0.555664 0.005859 0.009766
1 0.840820 0.551758 0.001953 0.001953
1 0.016602 0.552734 0.005859 0.003906
0 0.402344 0.586914 0.078125 0.076172
0 0.353516 0.572266 0.031250 0.046875
0 0.107422 0.556641 0.011719 0.015625
0 0.784180 0.547852 0.005859 0.001953
1 0.500977 0.548828 0.001953 0.003906
0 0.364258 0.547852 0.001953 0.001953
0 0.875977 0.545898 0.001953 0.001953
0 0.823242 0.559570 0.029297 0.029297
0 0.118164 0.543945 0.001953 0.001953
0 0.920898 0.541992 0.001953 0.001953
1 0.496094 0.539062 0.011719 0.007812
0 0.125977 0.537109 0.001953 0.003906
1 0.487305 0.534180 0.001953 0.005859
0 0.122070 0.535156 0.005859 0.007812
0 0.107422 0.535156 0.007812 0.007812
0 0.934570 0.531250 0.001953 0.003906
1 0.483398 0.530273 0.001953 0.001953
1 0.509766 0.528320 0.003906 0.001953
0 0.000977 0.528320 0.001953 0.001953
0 0.922852 0.529297 0.009766 0.007812
1 0.479492 0.526367 0.001953 0.001953
0 0.090820 0.526367 0.001953 0.001953
0 0.104492 0.526367 0.005859 0.005859
0 0.975586 0.524414 0.005859 0.005859
0 0.090820 0.522461 0.001953 0.001953
1 0.463867 0.528320 0.029297 0.021484
0 0.421875 0.526367 0.015625 0.017578
0 0.409180 0.520508 0.013672 0.013672
0 0.087891 0.515625 0.003906 0.003906
0 0.911133 0.512695 0.001953 0.001953
0 0.020508 0.510742 0.001953 0.001953
0 0.945312 0.525391 0.015625 0.035156
0 0.028320 0.506836 0.001953 0.001953
0 0.023438 0.507812 0.003906 0.003906
0 0.018555 0.506836 0.001953 0.001953
1 0.088867 0.504883 0.001953 0.001953
1 0.629883 0.502930 0.001953 0.001953
1 0.075195 0.502930 0.001953 0.001953
0 0.020508 0.502930 0.001953 0.001953
0 0.918945 0.500977 0.001953 0.001953
1 0.381836 0.500977 0.001953 0.001953
0 0.198242 0.500000 0.001953 0.003906
0 0.926758 0.500000 0.005859 0.007812
1 0.721680 0.495117 0.001953 0.001953
1 0.079102 0.496094 0.005859 0.003906
0 0.018555 0.497070 0.005859 0.005859
1 0.592773 0.495117 0.005859 0.005859
1 0.570312 0.490234 0.003906 0.003906
1 0.408203 0.491211 0.019531 0.009766
0 0.003906 0.495117 0.007812 0.021484
0 0.749023 0.478516 0.005859 0.003906
0 0.943359 0.476562 0.003906 0.003906
1 0.696289 0.469727 0.001953 0.001953
0 0.356445 0.469727 0.001953 0.001953
0 0.337891 0.469727 0.003906 0.001953
0 0.333008 0.469727 0.001953 0.001953
0 0.329102 0.469727 0.001953 0.001953
0 0.237305 0.472656 0.005859 0.007812
0 0.941406 0.468750 0.003906 0.003906
0 0.342773 0.467773 0.001953 0.001953
0 0.956055 0.465820 0.001953 0.001953
1 0.696289 0.465820 0.001953 0.001953
0 0.949219 0.464844 0.003906 0.003906
1 0.260742 0.465820 0.009766 0.005859
0 0.238281 0.464844 0.003906 0.003906
0 0.975586 0.461914 0.001953 0.001953
1 0.549805 0.461914 0.001953 0.001953
0 0.454102 0.461914 0.001953 0.001953
0 0.228516 0.466797 0.007812 0.011719
0 0.217773 0.461914 0.001953 0.001953
0 0.243164 0.459961 0.001953 0.001953
1 0.999023 0.458008 0.001953 0.001953
0 0.452148 0.458008 0.001953 0.001953
0 0.221680 0.458008 0.001953 0.001953
0 0.031250 0.478516 0.062500 0.042969
0 0.551758 0.456055 0.001953 0.001953
1 0.426758 0.456055 0.001953 0.001953
0 0.488281 0.455078 0.003906 0.003906
0 0.145508 0.493164 0.080078 0.080078
1 0.645508 0.452148 0.001953 0.001953
0 0.454102 0.455078 0.009766 0.007812
0 0.497070 0.448242 0.001953 0.001953
1 0.251953 0.447266 0.007812 0.003906
1 0.614258 0.442383 0.001953 0.001953
0 0.507812 0.445312 0.007812 0.007812
0 0.521484 0.444336 0.007812 0.009766
0 0.372070 0.442383 0.005859 0.005859
0 0.351562 0.444336 0.023438 0.013672
0 0.600586 0.436523 0.001953 0.001953
0 0.342773 0.434570 0.001953 0.001953
1 0.446289 0.432617 0.001953 0.001953
1 0.632812 0.453125 0.031250 0.046875
0 0.597656 0.429688 0.003906 0.003906
0 0.467773 0.429688 0.001953 0.003906
0 0.436523 0.444336 0.087891 0.033203
0 0.463867 0.427734 0.001953 0.003906
0 0.320312 0.447266 0.039062 0.042969
1 0.405273 0.422852 0.001953 0.001953
0 0.399414 0.423828 0.001953 0.003906
0 0.035156 0.422852 0.003906 0.001953
0 0.617188 0.420898 0.003906 0.001953
1 0.263672 0.428711 0.023438 0.017578
0 0.192383 0.420898 0.001953 0.001953
0 0.184570 0.421875 0.001953 0.003906
0 0.528320 0.416992 0.001953 0.001953
0 0.602539 0.415039 0.001953 0.001953
0 0.404297 0.416992 0.003906 0.005859
0 0.399414 0.416992 0.001953 0.005859
0 0.191406 0.415039 0.003906 0.001953
0 0.668945 0.413086 0.001953 0.001953
0 0.655273 0.414062 0.001953 0.003906
0 0.532227 0.413086 0.001953 0.001953
0 0.314453 0.415039 0.003906 0.005859
0 0.209961 0.413086 0.001953 0.001953
0 0.181641 0.415039 0.011719 0.005859
0 0.612305 0.411133 0.001953 0.001953
0 0.064453 0.413086 0.003906 0.005859
0 0.616211 0.412109 0.005859 0.007812
0 0.631836 0.408203 0.001953 0.003906
0 0.584961 0.408203 0.001953 0.003906
0 0.032227 0.408203 0.001953 0.007812
0 0.588867 0.403320 0.001953 0.001953
0 0.248047 0.408203 0.015625 0.011719
0 0.217773 0.403320 0.001953 0.001953
0 0.209961 0.407227 0.009766 0.009766
0 0.654297 0.402344 0.007812 0.015625
0 0.606445 0.393555 0.001953 0.001953
0 0.598633 0.403320 0.017578 0.021484
0 0.252930 0.391602 0.001953 0.001953
0 0.106445 0.391602 0.001953 0.001953
0 0.696289 0.389648 0.001953 0.001953
0 0.516602 0.389648 0.001953 0.001953
0 0.261719 0.400391 0.019531 0.023438
0 0.666992 0.388672 0.001953 0.003906
0 0.412109 0.394531 0.011719 0.015625
0 0.104492 0.387695 0.001953 0.001953
0 0.673828 0.389648 0.007812 0.009766
0 0.496094 0.414062 0.074219 0.058594
0 0.635742 0.384766 0.001953 0.003906
0 0.384766 0.386719 0.007812 0.007812
0 0.110352 0.383789 0.001953 0.001953
0 0.092773 0.385742 0.005859 0.005859
0 0.644531 0.383789 0.007812 0.005859
0 0.017578 0.405273 0.035156 0.052734
0 0.004883 0.379883 0.001953 0.001953
0 0.630859 0.380859 0.007812 0.007812
0 0.608398 0.387695 0.021484 0.021484
0 0.670898 0.374023 0.001953 0.001953
0 0.260742 0.374023 0.001953 0.001953
0 0.684570 0.372070 0.001953 0.001953
0 0.598633 0.372070 0.001953 0.001953
0 0.562500 0.416992 0.070312 0.091797
0 0.265625 0.373047 0.003906 0.003906
0 0.194336 0.377930 0.013672 0.013672
0 0.106445 0.370117 0.001953 0.001953
0 0.008789 0.370117 0.001953 0.001953
0 0.418945 0.366211 0.001953 0.001953
0 0.548828 0.364258 0.003906 0.001953
0 0.541992 0.363281 0.005859 0.003906
0 0.602539 0.361328 0.001953 0.003906
0 0.581055 0.360352 0.001953 0.001953
0 0.428711 0.360352 0.001953 0.001953
0 0.625977 0.356445 0.001953 0.001953
1 0.494141 0.361328 0.007812 0.011719
0 0.525391 0.360352 0.011719 0.013672
0 0.606445 0.351562 0.005859 0.007812
0 0.367188 0.350586 0.003906 0.005859
0 0.546875 0.349609 0.011719 0.007812
0 0.235352 0.346680 0.001953 0.001953
0 0.231445 0.344727 0.001953 0.001953
1 0.642578 0.343750 0.003906 0.003906
0 0.450195 0.342773 0.005859 0.001953
0 0.290039 0.340820 0.001953 0.001953
0 0.010742 0.350586 0.013672 0.021484
0 0.448242 0.338867 0.001953 0.001953
0 0.443359 0.340820 0.003906 0.005859
0 0.075195 0.338867 0.001953 0.001953
0 0.401367 0.338867 0.005859 0.005859
0 0.080078 0.338867 0.003906 0.005859
0 0.053711 0.336914 0.001953 0.001953
0 0.049805 0.336914 0.001953 0.001953
0 0.040039 0.336914 0.001953 0.001953
0 0.033203 0.339844 0.003906 0.007812
0 0.297852 0.334961 0.001953 0.001953
0 0.541016 0.334961 0.011719 0.005859
0 0.461914 0.333008 0.001953 0.001953
0 0.301758 0.333008 0.001953 0.001953
0 0.122070 0.333008 0.001953 0.001953
0 0.307617 0.332031 0.005859 0.003906
0 0.524414 0.328125 0.001953 0.003906
0 0.303711 0.327148 0.001953 0.001953
0 0.538086 0.325195 0.001953 0.001953
0 0.529297 0.327148 0.003906 0.005859
0 0.515625 0.332031 0.011719 0.015625
0 0.456055 0.333984 0.005859 0.019531
1 0.647461 0.327148 0.013672 0.013672
0 0.532227 0.321289 0.001953 0.001953
0 0.419922 0.342773 0.035156 0.044922
0 0.129883 0.331055 0.021484 0.021484
0 0.301758 0.319336 0.001953 0.001953
0 0.520508 0.317383 0.001953 0.001953
1 0.459961 0.317383 0.001953 0.001953
0 0.251953 0.315430 0.003906 0.001953
0 0.202148 0.638672 0.404297 0.648438
0 0.052734 0.314453 0.003906 0.003906
0 0.585938 0.311523 0.003906 0.001953
0 0.647461 0.313477 0.005859 0.009766
0 0.519531 0.310547 0.003906 0.003906
0 0.510742 0.308594 0.001953 0.003906
0 0.301758 0.307617 0.001953 0.001953
0 0.823242 0.305664 0.001953 0.001953
0 0.459961 0.309570 0.005859 0.009766
0 0.581055 0.304688 0.005859 0.003906
0 0.602539 0.339844 0.060547 0.078125
0 0.437500 0.298828 0.003906 0.003906
0 0.432617 0.297852 0.001953 0.001953
0 0.291992 0.300781 0.009766 0.007812
0 0.827148 0.296875 0.001953 0.003906
0 0.612305 0.295898 0.001953 0.001953
0 0.604492 0.296875 0.001953 0.003906
0 0.456055 0.296875 0.001953 0.003906
0 0.420898 0.296875 0.005859 0.003906
0 0.243164 0.295898 0.001953 0.001953
0 0.584961 0.293945 0.001953 0.001953
0 0.604492 0.291992 0.001953 0.001953
0 0.592773 0.297852 0.013672 0.013672
0 0.456055 0.291992 0.001953 0.001953
0 0.485352 0.290039 0.001953 0.001953
0 0.835938 0.289062 0.003906 0.003906
0 0.450195 0.288086 0.001953 0.001953
0 0.579102 0.286133 0.001953 0.001953
0 0.488281 0.308594 0.046875 0.046875
1 0.836914 0.284180 0.001953 0.001953
0 0.504883 0.284180 0.001953 0.001953
0 0.489258 0.282227 0.001953 0.001953
0 0.450195 0.283203 0.001953 0.003906
0 0.483398 0.283203 0.005859 0.007812
0 0.334961 0.278320 0.001953 0.001953
0 0.338867 0.276367 0.001953 0.001953
0 0.709961 0.270508 0.001953 0.001953
0 0.548828 0.295898 0.062500 0.052734
0 0.441406 0.281250 0.011719 0.023438
0 0.200195 0.270508 0.001953 0.001953
0 0.499023 0.266602 0.001953 0.001953
0 0.493164 0.266602 0.001953 0.001953
0 0.356445 0.266602 0.001953 0.001953
0 0.342773 0.267578 0.005859 0.003906
0 0.474609 0.280273 0.042969 0.033203
0 0.059570 0.264648 0.001953 0.001953
0 0.467773 0.262695 0.001953 0.001953
0 0.461914 0.260742 0.001953 0.001953
0 0.456055 0.260742 0.001953 0.001953
0 0.506836 0.258789 0.001953 0.001953
0 0.492188 0.260742 0.003906 0.005859
0 0.411133 0.259766 0.001953 0.003906
1 0.845703 0.261719 0.007812 0.011719
0 0.565430 0.256836 0.001953 0.001953
0 0.498047 0.258789 0.003906 0.005859
1 0.803711 0.252930 0.001953 0.001953
0 0.676758 0.250977 0.001953 0.001953
0 0.476562 0.254883 0.003906 0.009766
0 0.435547 0.250977 0.007812 0.005859
0 0.228516 0.254883 0.011719 0.013672
0 0.689453 0.249023 0.003906 0.005859
0 0.321289 0.247070 0.001953 0.001953
0 0.209961 0.247070 0.001953 0.001953
1 0.770508 0.246094 0.001953 0.003906
0 0.706055 0.243164 0.001953 0.001953
0 0.190430 0.243164 0.001953 0.001953
0 0.720703 0.248047 0.011719 0.015625
0 0.712891 0.242188 0.003906 0.003906
0 0.191406 0.236328 0.003906 0.003906
0 0.486328 0.236328 0.007812 0.007812
0 0.024414 0.234375 0.001953 0.003906
1 0.707031 0.235352 0.007812 0.009766
0 0.325195 0.231445 0.001953 0.001953
0 0.190430 0.231445 0.001953 0.001953
0 0.017578 0.232422 0.003906 0.003906
0 0.275391 0.230469 0.003906 0.003906
0 0.043945 0.230469 0.001953 0.003906
0 0.313477 0.227539 0.001953 0.001953
1 0.952148 0.225586 0.001953 0.001953
0 0.309570 0.225586 0.001953 0.001953
0 0.178711 0.225586 0.001953 0.001953
0 0.769531 0.224609 0.003906 0.003906
1 0.728516 0.223633 0.003906 0.001953
0 0.500977 0.223633 0.001953 0.001953
0 0.236328 0.224609 0.003906 0.003906
0 0.225586 0.223633 0.001953 0.001953
0 0.183594 0.224609 0.003906 0.003906
1 0.733398 0.221680 0.001953 0.001953
0 0.526367 0.221680 0.001953 0.001953
0 0.357422 0.221680 0.003906 0.001953
0 0.241211 0.221680 0.001953 0.001953
1 0.928711 0.221680 0.009766 0.005859
0 0.041992 0.222656 0.005859 0.007812
1 0.881836 0.218750 0.005859 0.003906
0 0.531250 0.218750 0.003906 0.003906
0 0.256836 0.215820 0.001953 0.001953
1 0.888672 0.214844 0.003906 0.003906
0 0.633789 0.213867 0.001953 0.001953
0 0.618164 0.213867 0.001953 0.001953
0 0.299805 0.262695 0.103516 0.099609
0 0.231445 0.225586 0.021484 0.029297
0 0.231445 0.209961 0.001953 0.001953
0 0.039062 0.210938 0.003906 0.003906
1 0.684570 0.218750 0.017578 0.023438
0 0.262695 0.223633 0.033203 0.037109
0 0.259766 0.208984 0.007812 0.007812
0 0.252930 0.206055 0.001953 0.001953
0 0.204102 0.206055 0.001953 0.001953
0 0.041992 0.206055 0.001953 0.001953
0 0.765625 0.212891 0.011719 0.019531
0 0.626953 0.207031 0.007812 0.007812
0 0.207031 0.220703 0.031250 0.035156
0 0.192383 0.204102 0.001953 0.001953
0 0.018555 0.215820 0.021484 0.029297
0 0.208984 0.201172 0.003906 0.003906
0 0.665039 0.196289 0.001953 0.001953
0 0.269531 0.197266 0.003906 0.003906
0 0.219727 0.196289 0.001953 0.001953
0 0.280273 0.194336 0.001953 0.001953
0 0.215820 0.194336 0.001953 0.001953
0 0.815430 0.192383 0.001953 0.001953
0 0.807617 0.199219 0.013672 0.015625
0 0.266602 0.192383 0.001953 0.001953
0 0.286133 0.195312 0.005859 0.011719
0 0.258789 0.196289 0.013672 0.013672
0 0.791992 0.188477 0.001953 0.001953
0 0.799805 0.189453 0.009766 0.011719
0 0.215820 0.185547 0.001953 0.003906
0 0.193359 0.183594 0.003906 0.003906
0 0.184570 0.180664 0.001953 0.001953
0 0.194336 0.178711 0.001953 0.001953
0 0.866211 0.169922 0.001953 0.003906
0 0.197266 0.169922 0.003906 0.003906
0 0.397461 0.197266 0.044922 0.062500
0 0.999023 0.165039 0.001953 0.001953
0 0.246094 0.172852 0.046875 0.017578
0 0.184570 0.166016 0.001953 0.007812
1 0.610352 0.163086 0.005859 0.005859
0 0.196289 0.161133 0.001953 0.001953
0 0.616211 0.153320 0.001953 0.001953
0 0.420898 0.151367 0.001953 0.001953
0 0.891602 0.147461 0.001953 0.001953
1 0.625000 0.148438 0.007812 0.003906
0 0.532227 0.147461 0.001953 0.001953
1 0.950195 0.143555 0.001953 0.001953
1 0.626953 0.143555 0.003906 0.001953
0 0.510742 0.143555 0.001953 0.001953
0 0.397461 0.144531 0.001953 0.003906
0 0.307617 0.139648 0.001953 0.001953
0 0.994141 0.149414 0.011719 0.025391
0 0.706055 0.568359 0.587891 0.863281
1 0.556641 0.138672 0.011719 0.007812
0 0.518555 0.135742 0.001953 0.001953
0 0.890625 0.137695 0.003906 0.009766
0 0.419922 0.140625 0.011719 0.015625
0 0.412109 0.135742 0.003906 0.005859
1 0.967773 0.131836 0.001953 0.001953
1 0.960938 0.133789 0.007812 0.005859
0 0.504883 0.131836 0.001953 0.001953
0 0.237305 0.129883 0.001953 0.001953
1 0.971680 0.127930 0.001953 0.001953
0 0.506836 0.127930 0.001953 0.001953
0 0.754883 0.125977 0.001953 0.001953
0 0.502930 0.125977 0.001953 0.001953
0 0.427734 0.127930 0.003906 0.005859
0 0.243164 0.127930 0.001953 0.005859
0 0.433594 0.121094 0.003906 0.003906
0 0.407227 0.121094 0.001953 0.003906
0 0.243164 0.120117 0.001953 0.001953
0 0.833984 0.119141 0.003906 0.003906
0 0.740234 0.118164 0.003906 0.001953
0 0.831055 0.116211 0.001953 0.001953
0 0.397461 0.114258 0.001953 0.001953
0 0.834961 0.112305 0.001953 0.001953
0 0.413086 0.114258 0.005859 0.005859
0 0.397461 0.110352 0.001953 0.001953
0 0.315430 0.108398 0.001953 0.001953
0 0.336914 0.106445 0.001953 0.001953
1 0.976562 0.114258 0.011719 0.021484
0 0.418945 0.104492 0.001953 0.001953
1 0.905273 0.112305 0.013672 0.021484
0 0.415039 0.105469 0.005859 0.007812
0 0.939453 0.115234 0.027344 0.035156
0 0.518555 0.098633 0.001953 0.001953
0 0.247070 0.098633 0.001953 0.001953
0 0.399414 0.096680 0.001953 0.001953
0 0.362305 0.096680 0.001953 0.001953
0 0.377930 0.094727 0.001953 0.001953
0 0.722656 0.092773 0.003906 0.005859
0 0.514648 0.090820 0.001953 0.001953
0 0.377930 0.088867 0.001953 0.001953
0 0.721680 0.086914 0.001953 0.001953
0 0.411133 0.086914 0.001953 0.001953
0 0.306641 0.154297 0.183594 0.136719
1 0.884766 0.085938 0.003906 0.003906
1 0.684570 0.084961 0.001953 0.001953
0 0.514648 0.085938 0.001953 0.003906
0 0.333008 0.085938 0.001953 0.003906
0 0.316406 0.085938 0.003906 0.003906
0 0.303711 0.084961 0.001953 0.001953
0 0.186523 0.084961 0.001953 0.001953
0 0.702148 0.083008 0.001953 0.001953
1 0.454102 0.083008 0.001953 0.001953
0 0.170898 0.083008 0.001953 0.001953
1 0.889648 0.082031 0.001953 0.003906
0 0.534180 0.081055 0.001953 0.001953
0 0.166992 0.081055 0.001953 0.001953
0 0.145508 0.079102 0.001953 0.001953
1 0.896484 0.081055 0.007812 0.009766
0 0.536133 0.077148 0.001953 0.001953
0 0.415039 0.080078 0.013672 0.007812
1 0.889648 0.075195 0.001953 0.001953
1 0.686523 0.077148 0.005859 0.005859
1 0.676758 0.077148 0.005859 0.005859
0 0.365234 0.083008 0.019531 0.017578
0 0.815430 0.098633 0.052734 0.052734
0 0.378906 0.073242 0.003906 0.001953
0 0.166992 0.073242 0.001953 0.001953
0 0.161133 0.074219 0.005859 0.003906
0 0.540039 0.071289 0.001953 0.001953
0 0.530273 0.071289 0.001953 0.001953
0 0.403320 0.071289 0.001953 0.001953
0 0.142578 0.070312 0.003906 0.003906
0 0.534180 0.068359 0.001953 0.003906
0 0.403320 0.067383 0.001953 0.001953
1 0.914062 0.067383 0.011719 0.005859
1 0.878906 0.069336 0.011719 0.009766
0 0.714844 0.136719 0.257812 0.144531
1 0.934570 0.065430 0.013672 0.005859
0 0.768555 0.083984 0.056641 0.042969
0 0.403320 0.063477 0.001953 0.001953
1 0.974609 0.066406 0.007812 0.011719
1 0.876953 0.061523 0.003906 0.001953
0 0.422852 0.061523 0.001953 0.001953
1 0.811523 0.065430 0.009766 0.013672
1 0.763672 0.059570 0.007812 0.005859
1 0.556641 0.060547 0.003906 0.007812
1 0.631836 0.056641 0.005859 0.003906
0 0.435547 0.055664 0.007812 0.001953
1 0.354492 0.053711 0.001953 0.001953
0 0.434570 0.051758 0.005859 0.001953
0 0.349609 0.049805 0.003906 0.001953
0 0.553711 0.043945 0.001953 0.001953
1 0.590820 0.043945 0.013672 0.005859
0 0.428711 0.042969 0.001953 0.003906
0 0.551758 0.040039 0.001953 0.001953
0 0.451172 0.039062 0.007812 0.003906
0 0.422852 0.038086 0.001953 0.001953
0 0.416016 0.041992 0.007812 0.009766
1 0.772461 0.032227 0.001953 0.001953
0 0.448242 0.033203 0.001953 0.003906
0 0.469727 0.030273 0.001953 0.001953
0 0.344727 0.030273 0.001953 0.001953
1 0.989258 0.029297 0.001953 0.003906
0 0.307617 0.028320 0.001953 0.001953
0 0.526367 0.026367 0.001953 0.001953
0 0.400391 0.026367 0.003906 0.001953
0 0.303711 0.026367 0.001953 0.001953
0 0.349609 0.030273 0.011719 0.013672
1 0.870117 0.022461 0.001953 0.001953
0 0.853516 0.036133 0.031250 0.029297
0 0.518555 0.022461 0.001953 0.001953
1 0.869141 0.018555 0.003906 0.001953
0 0.417969 0.237305 0.273438 0.439453
0 0.348633 0.019531 0.001953 0.003906
0 0.344727 0.019531 0.001953 0.003906
0 0.244141 0.019531 0.003906 0.007812
0 0.556641 0.019531 0.015625 0.015625
0 0.541992 0.014648 0.005859 0.005859
1 0.864258 0.011719 0.001953 0.003906
0 0.466797 0.014648 0.015625 0.009766
0 0.572266 0.012695 0.019531 0.009766
0 0.250977 0.004883 0.001953 0.001953
0 0.586914 0.002930 0.001953 0.001953
0 0.644531 0.000977 0.003906 0.001953
0 0.621094 0.007812 0.058594 0.015625
0 0.380859 0.043945 0.058594 0.087891
0 0.279297 0.011719 0.046875 0.023438
0 0.229492 0.015625 0.037109 0.031250
0 0.170898 0.159180 0.341797 0.318359
3 0.926758 0.999023 0.001953 0.001953
2 0.848633 0.999023 0.001953 0.001953
3 0.420898 0.998047 0.001953 0.003906
2 0.661133 0.995117 0.001953 0.001953
2 0.114258 0.993164 0.001953 0.001953
2 0.842773 0.983398 0.001953 0.001953
2 0.270508 0.981445 0.001953 0.001953
2 0.551758 0.977539 0.001953 0.001953
2 0.059570 0.973633 0.001953 0.001953
3 0.893555 0.985352 0.021484 0.029297
2 0.893555 0.971680 0.001953 0.005859
2 0.769531 0.957031 0.003906 0.003906
2 0.885742 0.954102 0.001953 0.001953
2 0.786133 0.954102 0.001953 0.001953
2 0.824219 0.952148 0.003906 0.001953
2 0.762695 0.952148 0.001953 0.001953
2 0.706055 0.952148 0.001953 0.001953
2 0.886719 0.950195 0.003906 0.001953
2 0.790039 0.951172 0.001953 0.003906
2 0.786133 0.948242 0.001953 0.001953
3 0.649414 0.942383 0.001953 0.001953
3 0.900391 0.941406 0.003906 0.003906
2 0.834961 0.938477 0.001953 0.001953
2 0.807617 0.932617 0.001953 0.001953
2 0.043945 0.911133 0.001953 0.001953
2 0.081055 0.916016 0.025391 0.019531
2 0.905273 0.888672 0.005859 0.003906
2 0.001953 0.876953 0.003906 0.015625
3 0.477539 0.866211 0.001953 0.001953
2 0.040039 0.867188 0.001953 0.003906
2 0.002930 0.866211 0.001953 0.001953
2 0.012695 0.864258 0.001953 0.001953
2 0.506836 0.860352 0.001953 0.001953
2 0.014648 0.860352 0.001953 0.001953
3 0.484375 0.861328 0.003906 0.007812
3 0.479492 0.858398 0.001953 0.001953
2 0.053711 0.859375 0.009766 0.011719
2 0.049805 0.852539 0.001953 0.001953
2 0.043945 0.850586 0.001953 0.001953
2 0.643555 0.844727 0.001953 0.001953
3 0.487305 0.844727 0.001953 0.001953
2 0.655273 0.840820 0.001953 0.001953
2 0.647461 0.840820 0.001953 0.001953
2 0.643555 0.840820 0.001953 0.001953
2 0.635742 0.843750 0.009766 0.007812
2 0.651367 0.839844 0.001953 0.003906
2 0.613281 0.838867 0.003906 0.001953
2 0.561523 0.918945 0.181641 0.162109
2 0.670898 0.834961 0.001953 0.001953
2 0.643555 0.835938 0.005859 0.003906
2 0.782227 0.828125 0.001953 0.003906
2 0.606445 0.827148 0.001953 0.001953
2 0.663086 0.825195 0.001953 0.001953
2 0.653320 0.831055 0.013672 0.013672
2 0.125977 0.821289 0.001953 0.001953
2 0.350586 0.817383 0.001953 0.001953
2 0.135742 0.813477 0.001953 0.001953
2 0.129883 0.811523 0.005859 0.005859
2 0.951172 0.808594 0.003906 0.003906
2 0.385742 0.807617 0.001953 0.001953
2 0.803711 0.805664 0.001953 0.001953
2 0.803711 0.799805 0.001953 0.001953
2 0.471680 0.797852 0.001953 0.001953
2 0.370117 0.795898 0.001953 0.001953
2 0.354492 0.795898 0.001953 0.001953
2 0.354492 0.791992 0.001953 0.001953
2 0.276367 0.790039 0.001953 0.001953
2 0.106445 0.790039 0.001953 0.001953
2 0.272461 0.786133 0.001953 0.001953
2 0.278320 0.782227 0.001953 0.001953
2 0.272461 0.780273 0.001953 0.001953
2 0.182617 0.776367 0.001953 0.001953
2 0.166992 0.775391 0.009766 0.003906
2 0.066406 0.816406 0.132812 0.089844
2 0.249023 0.768555 0.001953 0.001953
2 0.135742 0.766602 0.001953 0.001953
2 0.125977 0.771484 0.021484 0.011719
2 0.243164 0.764648 0.001953 0.001953
2 0.273438 0.769531 0.007812 0.015625
2 0.329102 0.759766 0.001953 0.003906
2 0.319336 0.758789 0.001953 0.001953
2 0.271484 0.757812 0.003906 0.003906
2 0.276367 0.752930 0.001953 0.001953
2 0.093750 0.755859 0.015625 0.007812
2 0.606445 0.750977 0.001953 0.001953
2 0.107422 0.750977 0.003906 0.001953
2 0.278320 0.749023 0.005859 0.001953
2 0.096680 0.749023 0.005859 0.001953
2 0.065430 0.741211 0.001953 0.001953
2 0.598633 0.739258 0.001953 0.001953
2 0.261719 0.743164 0.011719 0.013672
2 0.019531 0.760742 0.039062 0.048828
2 0.971680 0.735352 0.001953 0.001953
2 0.290039 0.731445 0.009766 0.005859
2 0.058594 0.747070 0.042969 0.037109
2 0.358398 0.726562 0.001953 0.003906
2 0.352539 0.725586 0.001953 0.001953
2 0.045898 0.724609 0.001953 0.003906
2 0.344727 0.717773 0.001953 0.001953
2 0.322266 0.735352 0.042969 0.037109
2 0.993164 0.713867 0.001953 0.001953
2 0.342773 0.711914 0.005859 0.005859
2 0.178711 0.709961 0.001953 0.001953
2 0.993164 0.708008 0.001953 0.001953
2 0.987305 0.704102 0.001953 0.001953
2 0.995117 0.709961 0.009766 0.017578
2 0.270508 0.692383 0.001953 0.001953
2 0.998047 0.691406 0.003906 0.007812
2 0.234375 0.694336 0.011719 0.017578
2 0.000977 0.684570 0.001953 0.001953
2 0.235352 0.682617 0.001953 0.001953
2 0.147461 0.680664 0.001953 0.001953
2 0.335938 0.681641 0.007812 0.007812
2 0.140625 0.680664 0.007812 0.005859
2 0.131836 0.670898 0.005859 0.005859
2 0.127930 0.667969 0.001953 0.003906
2 0.125000 0.663086 0.003906 0.001953
2 0.133789 0.656250 0.001953 0.003906
2 0.129883 0.653320 0.001953 0.001953
2 0.127930 0.649414 0.001953 0.001953
2 0.131836 0.645508 0.001953 0.001953
2 0.153320 0.697266 0.099609 0.109375
2 0.211914 0.641602 0.001953 0.001953
2 0.216797 0.639648 0.003906 0.005859
2 0.233398 0.633789 0.001953 0.001953
2 0.221680 0.630859 0.001953 0.003906
2 0.217773 0.629883 0.001953 0.001953
2 0.180664 0.637695 0.025391 0.021484
2 0.938477 0.625977 0.001953 0.001953
2 0.170898 0.622070 0.005859 0.005859
2 0.938477 0.618164 0.001953 0.001953
2 0.985352 0.608398 0.001953 0.001953
2 0.177734 0.606445 0.003906 0.001953
2 0.066406 0.663086 0.132812 0.123047
2 0.178711 0.601562 0.005859 0.003906
2 0.979492 0.598633 0.001953 0.001953
2 0.972656 0.602539 0.019531 0.013672
2 0.169922 0.606445 0.011719 0.021484
2 0.132812 0.596680 0.003906 0.001953
3 0.743164 0.594727 0.001953 0.001953
2 0.323242 0.590820 0.001953 0.001953
2 0.025391 0.592773 0.003906 0.005859
2 0.069336 0.581055 0.001953 0.001953
2 0.007812 0.594727 0.015625 0.033203
2 0.924805 0.577148 0.001953 0.001953
2 0.974609 0.575195 0.007812 0.005859
2 0.960938 0.575195 0.007812 0.005859
2 0.916016 0.575195 0.007812 0.005859
2 0.227539 0.573242 0.001953 0.001953
2 0.883789 0.571289 0.001953 0.001953
2 0.952148 0.569336 0.001953 0.001953
2 0.000977 0.569336 0.001953 0.001953
2 0.228516 0.568359 0.003906 0.003906
2 0.994141 0.589844 0.011719 0.054688
2 0.253906 0.623047 0.156250 0.128906
2 0.902344 0.557617 0.011719 0.009766
2 0.993164 0.553711 0.001953 0.005859
2 0.997070 0.547852 0.001953 0.001953
2 0.988281 0.549805 0.003906 0.005859
2 0.983398 0.547852 0.001953 0.001953
2 0.901367 0.549805 0.005859 0.005859
3 0.729492 0.547852 0.001953 0.001953
3 0.721680 0.547852 0.001953 0.001953
3 0.715820 0.549805 0.001953 0.005859
2 0.744141 0.553711 0.027344 0.017578
2 0.966797 0.544922 0.003906 0.003906
2 0.791992 0.543945 0.001953 0.001953
3 0.715820 0.543945 0.001953 0.001953
3 0.733398 0.543945 0.009766 0.005859
3 0.721680 0.541016 0.005859 0.003906
2 0.179688 0.526367 0.003906 0.001953
2 0.351562 0.522461 0.003906 0.001953
2 0.012695 0.522461 0.001953 0.001953
2 0.768555 0.524414 0.021484 0.013672
2 0.748047 0.519531 0.003906 0.003906
2 0.182617 0.520508 0.005859 0.005859
2 0.747070 0.514648 0.001953 0.001953
2 0.346680 0.510742 0.001953 0.001953
2 0.747070 0.508789 0.001953 0.001953
2 0.374023 0.504883 0.001953 0.001953
2 0.836914 0.500977 0.001953 0.001953
2 0.842773 0.502930 0.009766 0.009766
2 0.833008 0.498047 0.005859 0.003906
2 0.781250 0.497070 0.003906 0.001953
2 0.755859 0.498047 0.003906 0.003906
2 0.219727 0.495117 0.001953 0.001953
2 0.785156 0.492188 0.015625 0.003906
2 0.774414 0.491211 0.001953 0.001953
2 0.895508 0.487305 0.001953 0.001953
2 0.219727 0.487305 0.001953 0.001953
2 0.911133 0.481445 0.013672 0.009766
2 0.016602 0.475586 0.001953 0.001953
2 0.860352 0.464844 0.001953 0.003906
2 0.852539 0.464844 0.017578 0.011719
2 0.938477 0.520508 0.123047 0.138672
2 0.893555 0.452148 0.001953 0.001953
2 0.838867 0.453125 0.005859 0.003906
2 0.805664 0.446289 0.001953 0.001953
2 0.819336 0.442383 0.001953 0.001953
2 0.810547 0.446289 0.003906 0.009766
2 0.791992 0.436523 0.001953 0.001953
3 0.875000 0.429688 0.003906 0.003906
2 0.116211 0.436523 0.009766 0.021484
2 0.797852 0.422852 0.001953 0.001953
2 0.774414 0.424805 0.005859 0.005859
2 0.786133 0.421875 0.005859 0.003906
2 0.006836 0.420898 0.001953 0.001953
2 0.057617 0.418945 0.001953 0.001953
2 0.772461 0.415039 0.001953 0.001953
2 0.803711 0.426758 0.013672 0.033203
2 0.164062 0.409180 0.003906 0.001953
2 0.094727 0.405273 0.001953 0.001953
2 0.045898 0.403320 0.001953 0.001953
2 0.793945 0.399414 0.001953 0.001953
2 0.051758 0.393555 0.001953 0.001953
2 0.025391 0.392578 0.003906 0.003906
2 0.000977 0.385742 0.001953 0.001953
2 0.155273 0.375000 0.005859 0.003906
2 0.120117 0.370117 0.001953 0.001953
2 0.063477 0.371094 0.001953 0.003906
2 0.045898 0.370117 0.001953 0.001953
2 0.129883 0.368164 0.001953 0.001953
2 0.083008 0.368164 0.001953 0.001953
2 0.166992 0.359375 0.001953 0.003906
2 0.834961 0.356445 0.001953 0.001953
2 0.159180 0.354492 0.001953 0.001953
2 0.804688 0.333008 0.003906 0.001953
3 0.957031 0.368164 0.085938 0.095703
2 0.826172 0.379883 0.167969 0.119141
2 0.781250 0.321289 0.003906 0.001953
2 0.125977 0.300781 0.001953 0.003906
2 0.125977 0.295898 0.001953 0.001953
2 0.782227 0.295898 0.005859 0.005859
2 0.879883 0.291992 0.001953 0.001953
2 0.131836 0.296875 0.005859 0.011719
2 0.879883 0.286133 0.001953 0.001953
2 0.145508 0.286133 0.001953 0.001953
2 0.163086 0.284180 0.001953 0.001953
2 0.151367 0.286133 0.005859 0.005859
2 0.657227 0.291016 0.005859 0.019531
2 0.600586 0.280273 0.001953 0.001953
2 0.170898 0.280273 0.001953 0.001953
2 0.614258 0.278320 0.001953 0.001953
2 0.196289 0.278320 0.001953 0.001953
2 0.125977 0.278320 0.001953 0.001953
2 0.166992 0.277344 0.001953 0.003906
2 0.588867 0.268555 0.001953 0.001953
2 0.649414 0.266602 0.001953 0.001953
2 0.584961 0.266602 0.001953 0.001953
2 0.581055 0.265625 0.001953 0.003906
2 0.661133 0.269531 0.025391 0.023438
2 0.643555 0.260742 0.005859 0.005859
2 0.590820 0.258789 0.001953 0.001953
2 0.979492 0.256836 0.001953 0.001953
2 0.657227 0.256836 0.001953 0.001953
2 0.603516 0.259766 0.011719 0.007812
2 0.176758 0.258789 0.005859 0.005859
2 0.984375 0.255859 0.003906 0.003906
2 0.987305 0.250977 0.001953 0.001953
2 0.983398 0.250977 0.001953 0.001953
2 0.750977 0.247070 0.001953 0.001953
2 0.745117 0.250977 0.005859 0.009766
2 0.586914 0.247070 0.001953 0.001953
2 0.069336 0.245117 0.001953 0.001953
2 0.638672 0.246094 0.027344 0.015625
2 0.625000 0.229492 0.003906 0.005859
2 0.606445 0.246094 0.033203 0.042969
2 0.546875 0.229492 0.003906 0.009766
2 0.513672 0.225586 0.003906 0.001953
2 0.994141 0.241211 0.011719 0.037109
2 0.997070 0.219727 0.001953 0.001953
2 0.182617 0.206055 0.001953 0.001953
2 0.844727 0.200195 0.001953 0.001953
2 0.178711 0.192383 0.001953 0.001953
2 0.041992 0.192383 0.001953 0.001953
2 0.043945 0.186523 0.001953 0.001953
2 0.998047 0.198242 0.003906 0.029297
3 0.103516 0.173828 0.003906 0.003906
2 0.073242 0.170898 0.001953 0.001953
2 0.106445 0.163086 0.001953 0.001953
2 0.106445 0.159180 0.001953 0.001953
2 0.921875 0.166016 0.023438 0.019531
2 0.897461 0.157227 0.001953 0.001953
2 0.106445 0.155273 0.001953 0.001953
2 0.101562 0.197266 0.058594 0.085938
2 0.928711 0.153320 0.001953 0.001953
2 0.101562 0.156250 0.003906 0.007812
2 0.116211 0.151367 0.001953 0.001953
2 0.116211 0.141602 0.001953 0.001953
2 0.094727 0.139648 0.001953 0.001953
2 0.097656 0.145508 0.011719 0.017578
2 0.002930 0.135742 0.001953 0.001953
2 0.008789 0.134766 0.001953 0.003906
2 0.303711 0.115234 0.005859 0.003906
2 0.301758 0.112305 0.001953 0.001953
2 0.298828 0.107422 0.003906 0.003906
2 0.293945 0.098633 0.001953 0.001953
2 0.295898 0.094727 0.005859 0.001953
2 0.116211 0.092773 0.001953 0.001953
2 0.001953 0.093750 0.003906 0.007812
2 0.108398 0.088867 0.001953 0.001953
2 0.083008 0.088867 0.001953 0.001953
2 0.113281 0.087891 0.003906 0.003906
2 0.297852 0.077148 0.001953 0.001953
2 0.244141 0.080078 0.003906 0.007812
2 0.250977 0.075195 0.001953 0.001953
2 0.307617 0.075195 0.009766 0.005859
2 0.295898 0.072266 0.001953 0.003906
2 0.291992 0.066406 0.005859 0.003906
2 0.040039 0.063477 0.001953 0.001953
2 0.117188 0.056641 0.027344 0.019531
2 0.329102 0.045898 0.001953 0.001953
2 0.108398 0.043945 0.001953 0.001953
2 0.327148 0.041992 0.001953 0.001953
2 0.309570 0.041016 0.001953 0.003906
2 0.303711 0.043945 0.009766 0.009766
2 0.135742 0.026367 0.005859 0.005859
2 0.133789 0.020508 0.001953 0.001953
2 0.053711 0.050781 0.060547 0.062500
2 0.147461 0.017578 0.001953 0.003906
2 0.385742 0.013672 0.001953 0.003906
2 0.633789 0.004883 0.001953 0.001953
2 0.381836 0.000977 0.001953 0.001953
2 0.500000 0.500000 1.000000 1.000000
2 0.141602 0.000977 0.001953 0.001953
2 0.126953 0.005859 0.019531 0.011719
2 0.088867 0.004883 0.017578 0.009766