0 0.588867 0.991211 0.001953 0.001953
1 0.689453 0.993164 0.015625 0.013672
0 0.574219 0.989258 0.023438 0.021484
1 0.267578 0.987305 0.023438 0.017578
0 0.579102 0.975586 0.001953 0.001953
1 0.222656 0.977539 0.003906 0.005859
0 0.735352 0.971680 0.001953 0.001953
0 0.507812 0.985352 0.035156 0.029297
0 0.546875 0.984375 0.011719 0.031250
0 0.504883 0.970703 0.013672 0.007812
1 0.486328 0.964844 0.003906 0.003906
0 0.500977 0.960938 0.001953 0.003906
0 0.740234 0.958984 0.011719 0.011719
0 0.414062 0.965820 0.015625 0.025391
0 0.415039 0.954102 0.001953 0.001953
0 0.625977 0.948242 0.001953 0.001953
0 0.391602 0.969727 0.033203 0.052734
0 0.536133 0.952148 0.013672 0.025391
1 0.536133 0.936523 0.001953 0.001953
1 0.400391 0.932617 0.003906 0.005859
0 0.731445 0.925781 0.005859 0.003906
0 0.737305 0.922852 0.005859 0.001953
0 0.718750 0.948242 0.039062 0.052734
1 0.509766 0.912109 0.003906 0.003906
0 0.555664 0.903320 0.001953 0.001953
1 0.641602 0.897461 0.001953 0.001953
0 0.565430 0.899414 0.001953 0.005859
0 0.558594 0.894531 0.003906 0.003906
1 0.811523 0.881836 0.001953 0.001953
1 0.912109 0.878906 0.011719 0.003906
0 0.739258 0.886719 0.033203 0.046875
1 0.094727 0.879883 0.021484 0.033203
1 0.343750 0.869141 0.007812 0.015625
0 0.682617 0.864258 0.005859 0.009766
0 0.771484 0.859375 0.027344 0.015625
0 0.680664 0.852539 0.001953 0.001953
0 0.699219 0.860352 0.015625 0.021484
0 0.597656 0.915039 0.070312 0.146484
1 0.348633 0.845703 0.005859 0.011719
1 0.983398 0.853516 0.033203 0.031250
0 0.619141 0.835938 0.003906 0.003906
0 0.571289 0.836914 0.001953 0.005859
0 0.553711 0.853516 0.013672 0.050781
1 0.253906 0.833008 0.007812 0.009766
1 0.219727 0.827148 0.001953 0.001953
0 0.013672 0.827148 0.023438 0.021484
1 0.719727 0.815430 0.001953 0.001953
1 0.730469 0.814453 0.003906 0.003906
0 0.694336 0.813477 0.001953 0.001953
0 0.707031 0.828125 0.031250 0.039062
0 0.604492 0.824219 0.017578 0.031250
0 0.567383 0.809570 0.001953 0.001953
1 0.147461 0.813477 0.009766 0.033203
0 0.571289 0.791992 0.001953 0.001953
1 0.555664 0.798828 0.017578 0.015625
0 0.331055 0.811523 0.041016 0.041016
0 0.575195 0.789062 0.001953 0.003906
1 0.716797 0.789062 0.007812 0.011719
0 0.624023 0.795898 0.017578 0.025391
1 0.442383 0.784180 0.001953 0.001953
1 0.375977 0.784180 0.001953 0.001953
1 0.145508 0.785156 0.005859 0.011719
1 0.645508 0.782227 0.005859 0.009766
0 0.307617 0.778320 0.001953 0.001953
0 0.313477 0.779297 0.005859 0.007812
1 0.647461 0.774414 0.005859 0.001953
0 0.332031 0.782227 0.019531 0.021484
1 0.816406 0.771484 0.011719 0.007812
1 0.733398 0.769531 0.001953 0.003906
0 0.627930 0.772461 0.009766 0.009766
0 0.582031 0.820312 0.050781 0.109375
1 0.470703 0.763672 0.003906 0.003906
1 0.547852 0.759766 0.005859 0.007812
1 0.716797 0.755859 0.011719 0.003906
1 0.476562 0.755859 0.003906 0.003906
1 0.715820 0.750977 0.001953 0.001953
1 0.477539 0.750977 0.001953 0.001953
1 0.632812 0.750000 0.003906 0.003906
1 0.627930 0.749023 0.001953 0.001953
1 0.650391 0.747070 0.003906 0.001953
1 0.641602 0.747070 0.001953 0.001953
1 0.637695 0.748047 0.001953 0.003906
1 0.622070 0.747070 0.001953 0.001953
1 0.633789 0.745117 0.001953 0.001953
1 0.569336 0.745117 0.001953 0.001953
1 0.565430 0.745117 0.001953 0.001953
1 0.722656 0.744141 0.003906 0.003906
0 0.737305 0.750000 0.029297 0.019531
1 0.479492 0.741211 0.001953 0.001953
1 0.475586 0.744141 0.009766 0.007812
1 0.943359 0.742188 0.007812 0.007812
1 0.569336 0.737305 0.001953 0.001953
1 0.569336 0.733398 0.001953 0.001953
1 0.564453 0.735352 0.003906 0.005859
1 0.740234 0.731445 0.003906 0.005859
0 0.521484 0.741211 0.031250 0.033203
1 0.456055 0.722656 0.001953 0.003906
0 0.313477 0.733398 0.013672 0.033203
0 0.298828 0.716797 0.003906 0.007812
1 0.596680 0.710938 0.005859 0.003906
0 0.529297 0.720703 0.031250 0.042969
1 0.838867 0.694336 0.001953 0.001953
0 0.886719 0.708984 0.058594 0.046875
1 0.699219 0.663086 0.007812 0.013672
1 0.641602 0.653320 0.001953 0.001953
0 0.887695 0.638672 0.013672 0.007812
1 0.967773 0.633789 0.009766 0.005859
1 0.639648 0.625977 0.001953 0.001953
1 0.589844 0.671875 0.054688 0.097656
1 0.645508 0.620117 0.001953 0.001953
0 0.379883 0.680664 0.041016 0.126953
1 0.427734 0.616211 0.003906 0.005859
0 0.917969 0.613281 0.003906 0.003906
0 0.523438 0.645508 0.039062 0.068359
1 0.179688 0.623047 0.015625 0.027344
0 0.432617 0.598633 0.001953 0.001953
1 0.657227 0.594727 0.005859 0.001953
0 0.361328 0.598633 0.023438 0.025391
1 0.651367 0.583008 0.001953 0.001953
1 0.508789 0.586914 0.009766 0.013672
0 0.935547 0.591797 0.027344 0.027344
0 0.367188 0.579102 0.003906 0.001953
0 0.356445 0.579102 0.001953 0.001953
0 0.403320 0.577148 0.001953 0.001953
1 0.663086 0.582031 0.009766 0.019531
0 0.297852 0.571289 0.001953 0.001953
1 0.722656 0.563477 0.003906 0.001953
1 0.291016 0.561523 0.011719 0.017578
0 0.360352 0.560547 0.009766 0.019531
1 0.317383 0.560547 0.009766 0.019531
0 0.937500 0.554688 0.015625 0.019531
0 0.471680 0.563477 0.021484 0.037109
1 0.676758 0.546875 0.005859 0.007812
0 0.451172 0.617188 0.046875 0.160156
0 0.888672 0.530273 0.003906 0.001953
0 0.886719 0.525391 0.003906 0.003906
1 0.875000 0.527344 0.007812 0.007812
0 0.424805 0.530273 0.009766 0.017578
0 0.941406 0.529297 0.019531 0.019531
0 0.898438 0.577148 0.054688 0.119141
1 0.887695 0.513672 0.005859 0.003906
0 0.241211 0.524414 0.025391 0.033203
1 0.700195 0.561523 0.080078 0.115234
0 0.235352 0.497070 0.001953 0.001953
1 0.541016 0.496094 0.003906 0.007812
1 0.665039 0.491211 0.001953 0.001953
1 0.316406 0.492188 0.003906 0.003906
1 0.677734 0.494141 0.015625 0.019531
0 0.529297 0.485352 0.015625 0.021484
0 0.389648 0.451172 0.005859 0.003906
0 0.205078 0.473633 0.062500 0.048828
0 0.235352 0.447266 0.013672 0.007812
1 0.178711 0.444336 0.005859 0.005859
0 0.214844 0.447266 0.011719 0.015625
1 0.547852 0.435547 0.005859 0.003906
1 0.536133 0.434570 0.001953 0.001953
0 0.375977 0.514648 0.056641 0.162109
1 0.560547 0.436523 0.003906 0.009766
1 0.541992 0.433594 0.001953 0.003906
1 0.174805 0.432617 0.001953 0.001953
1 0.535156 0.429688 0.003906 0.003906
1 0.173828 0.426758 0.003906 0.005859
0 0.388672 0.438477 0.062500 0.033203
0 0.214844 0.422852 0.003906 0.009766
1 0.178711 0.416992 0.001953 0.001953
0 0.225586 0.426758 0.021484 0.025391
0 0.143555 0.426758 0.048828 0.033203
1 0.987305 0.409180 0.001953 0.001953
1 0.975586 0.409180 0.001953 0.001953
1 0.177734 0.409180 0.003906 0.001953
0 0.157227 0.407227 0.001953 0.001953
0 0.155273 0.403320 0.001953 0.001953
0 0.413086 0.401367 0.001953 0.001953
0 0.401367 0.407227 0.021484 0.013672
0 0.235352 0.398438 0.005859 0.003906
1 0.161133 0.397461 0.001953 0.001953
1 0.998047 0.400391 0.003906 0.011719
0 0.241211 0.390625 0.005859 0.003906
1 0.157227 0.390625 0.009766 0.003906
1 0.149414 0.389648 0.001953 0.001953
0 0.979492 0.383789 0.001953 0.001953
1 0.971680 0.383789 0.001953 0.001953
1 0.952148 0.383789 0.001953 0.001953
0 0.254883 0.401367 0.025391 0.037109
1 0.503906 0.383789 0.007812 0.013672
0 0.497070 0.378906 0.001953 0.003906
0 0.987305 0.372070 0.001953 0.001953
1 0.953125 0.375977 0.007812 0.009766
1 0.954102 0.368164 0.001953 0.001953
1 0.431641 0.369141 0.007812 0.011719
0 0.332031 0.370117 0.007812 0.017578
1 0.954102 0.362305 0.005859 0.005859
0 0.516602 0.360352 0.001953 0.001953
1 0.887695 0.356445 0.001953 0.001953
1 0.998047 0.350586 0.003906 0.005859
0 0.502930 0.359375 0.013672 0.023438
1 0.911133 0.375977 0.060547 0.064453
0 0.375000 0.387695 0.050781 0.087891
0 0.590820 0.354492 0.021484 0.029297
1 0.477539 0.338867 0.001953 0.001953
0 0.223633 0.349609 0.009766 0.023438
1 0.145508 0.342773 0.025391 0.021484
0 0.526367 0.336914 0.005859 0.021484
0 0.221680 0.327148 0.001953 0.005859
1 0.089844 0.328125 0.011719 0.007812
0 0.996094 0.326172 0.007812 0.011719
0 0.510742 0.338867 0.013672 0.037109
1 0.365234 0.323242 0.007812 0.009766
0 0.997070 0.311523 0.005859 0.005859
1 0.107422 0.306641 0.003906 0.003906
1 0.418945 0.307617 0.009766 0.017578
1 0.075195 0.295898 0.001953 0.001953
1 0.094727 0.297852 0.013672 0.009766
0 0.379883 0.292969 0.017578 0.031250
1 0.377930 0.274414 0.001953 0.001953
1 0.526367 0.273438 0.001953 0.003906
0 0.125000 0.269531 0.003906 0.003906
1 0.067383 0.278320 0.013672 0.021484
1 0.583984 0.269531 0.007812 0.007812
0 0.134766 0.272461 0.007812 0.013672
1 0.526367 0.262695 0.001953 0.001953
1 0.124023 0.262695 0.001953 0.001953
1 0.842773 0.256836 0.001953 0.001953
1 0.530273 0.255859 0.001953 0.003906
1 0.821289 0.251953 0.001953 0.003906
0 0.139648 0.250977 0.001953 0.001953
1 0.852539 0.245117 0.001953 0.001953
1 0.805664 0.248047 0.005859 0.007812
1 0.877930 0.243164 0.001953 0.001953
0 0.003906 0.244141 0.007812 0.007812
1 0.357422 0.238281 0.003906 0.007812
1 0.836914 0.229492 0.001953 0.001953
1 0.293945 0.230469 0.001953 0.003906
0 0.001953 0.231445 0.003906 0.009766
0 0.226562 0.282227 0.062500 0.115234
1 0.776367 0.221680 0.001953 0.001953
1 0.516602 0.222656 0.005859 0.003906
1 0.368164 0.221680 0.001953 0.001953
0 0.235352 0.221680 0.001953 0.001953
0 0.138672 0.230469 0.019531 0.019531
0 0.188477 0.218750 0.001953 0.003906
1 0.492188 0.249023 0.078125 0.076172
1 0.900391 0.210938 0.003906 0.003906
1 0.308594 0.220703 0.007812 0.023438
0 0.971680 0.198242 0.001953 0.001953
1 0.730469 0.201172 0.019531 0.011719
0 0.127930 0.194336 0.001953 0.001953
1 0.983398 0.192383 0.001953 0.001953
1 0.723633 0.192383 0.001953 0.001953
0 0.290039 0.208984 0.013672 0.035156
1 0.728516 0.191406 0.003906 0.003906
1 0.354492 0.190430 0.001953 0.001953
1 0.349609 0.192383 0.007812 0.009766
1 0.916992 0.186523 0.001953 0.001953
1 0.711914 0.186523 0.001953 0.001953
1 0.471680 0.189453 0.005859 0.007812
1 0.480469 0.185547 0.003906 0.003906
1 0.920898 0.182617 0.001953 0.001953
0 0.142578 0.178711 0.003906 0.001953
0 0.923828 0.178711 0.015625 0.005859
0 0.206055 0.174805 0.001953 0.001953
0 0.477539 0.176758 0.009766 0.009766
1 0.353516 0.173828 0.003906 0.003906
0 0.449219 0.172852 0.003906 0.005859
0 0.419922 0.166992 0.003906 0.001953
1 0.358398 0.165039 0.005859 0.005859
0 0.174805 0.162109 0.001953 0.003906
0 0.870117 0.159180 0.001953 0.001953
0 0.329102 0.165039 0.013672 0.013672
0 0.312500 0.166016 0.015625 0.015625
1 0.700195 0.157227 0.001953 0.001953
1 0.532227 0.157227 0.001953 0.001953
0 0.239258 0.170898 0.029297 0.033203
0 0.072266 0.171875 0.027344 0.035156
0 0.025391 0.193359 0.050781 0.078125
0 0.954102 0.164062 0.044922 0.027344
0 0.197266 0.232422 0.140625 0.164062
0 0.870117 0.146484 0.009766 0.003906
0 0.324219 0.147461 0.023438 0.009766
1 0.750977 0.139648 0.001953 0.001953
1 0.959961 0.137695 0.001953 0.001953
1 0.965820 0.134766 0.009766 0.007812
1 0.954102 0.135742 0.005859 0.009766
1 0.684570 0.131836 0.013672 0.013672
1 0.508789 0.124023 0.001953 0.001953
1 0.905273 0.126953 0.013672 0.011719
1 0.510742 0.118164 0.001953 0.001953
1 0.850586 0.247070 0.298828 0.263672
1 0.514648 0.116211 0.001953 0.001953
1 0.684570 0.115234 0.005859 0.007812
1 0.672852 0.112305 0.001953 0.001953
1 0.520508 0.132812 0.021484 0.046875
1 0.461914 0.105469 0.001953 0.003906
0 0.851562 0.109375 0.046875 0.019531
1 0.823242 0.098633 0.001953 0.001953
1 0.820312 0.085938 0.003906 0.003906
1 0.809570 0.084961 0.021484 0.025391
1 0.296875 0.072266 0.007812 0.007812
1 0.836914 0.076172 0.029297 0.023438
1 0.324219 0.065430 0.003906 0.001953
0 0.164062 0.087891 0.039062 0.046875
0 0.043945 0.066406 0.005859 0.003906
1 0.931641 0.060547 0.003906 0.003906
1 0.301758 0.058594 0.005859 0.007812
1 0.522461 0.053711 0.001953 0.001953
0 0.100586 0.055664 0.013672 0.009766
1 0.792969 0.049805 0.003906 0.001953
1 0.300781 0.048828 0.011719 0.003906
0 0.080078 0.054688 0.007812 0.015625
0 0.069336 0.097656 0.138672 0.101562
1 0.059570 0.041992 0.001953 0.001953
0 0.329102 0.044922 0.013672 0.011719
1 0.184570 0.043945 0.009766 0.009766
0 0.117188 0.043945 0.046875 0.013672
0 0.021484 0.061523 0.042969 0.048828
1 0.690430 0.036133 0.005859 0.001953
0 0.672852 0.036133 0.001953 0.001953
1 0.217773 0.036133 0.001953 0.001953
0 0.684570 0.034180 0.001953 0.001953
1 0.480469 0.033203 0.007812 0.007812
1 0.692383 0.028320 0.001953 0.001953
0 0.660156 0.028320 0.003906 0.001953
0 0.307617 0.037109 0.029297 0.023438
1 0.065430 0.026367 0.001953 0.001953
1 0.060547 0.027344 0.003906 0.003906
0 0.682617 0.022461 0.001953 0.001953
1 0.891602 0.048828 0.068359 0.058594
0 0.669922 0.024414 0.015625 0.017578
0 0.659180 0.016602 0.001953 0.001953
0 0.212891 0.025391 0.019531 0.019531
1 0.428711 0.008789 0.001953 0.001953
1 0.361328 0.006836 0.003906 0.001953
0 0.987305 0.024414 0.025391 0.048828
0 0.971680 0.001953 0.001953 0.003906
1 0.884766 0.007812 0.019531 0.015625
1 0.840820 0.010742 0.052734 0.021484
1 0.755859 0.018555 0.054688 0.037109
0 0.670898 0.006836 0.021484 0.013672
0 0.491211 0.025391 0.052734 0.050781
1 0.425781 0.103516 0.113281 0.207031
1 0.293945 0.000977 0.001953 0.001953
2 0.573242 0.996094 0.001953 0.003906
2 0.511719 0.997070 0.011719 0.005859
2 0.986328 0.291992 0.003906 0.005859
3 0.950195 0.284180 0.001953 0.001953
2 0.972656 0.282227 0.011719 0.005859
2 0.969727 0.276367 0.001953 0.001953
2 0.993164 0.273438 0.013672 0.007812
3 0.950195 0.252930 0.001953 0.001953
2 0.954102 0.251953 0.001953 0.003906
2 0.996094 0.251953 0.007812 0.007812
2 0.982422 0.255859 0.007812 0.015625
3 0.952148 0.247070 0.001953 0.001953
2 0.988281 0.239258 0.003906 0.001953
3 0.947266 0.244141 0.011719 0.011719
3 0.864258 0.240234 0.001953 0.003906
2 0.989258 0.233398 0.001953 0.001953
2 0.952148 0.234375 0.001953 0.003906
2 0.989258 0.229492 0.001953 0.001953
2 0.950195 0.229492 0.005859 0.001953
3 0.849609 0.214844 0.007812 0.003906
2 0.996094 0.220703 0.007812 0.019531
2 0.938477 0.196289 0.001953 0.001953
2 0.000977 0.196289 0.001953 0.001953
3 0.805664 0.195312 0.001953 0.003906
2 0.000977 0.192383 0.001953 0.001953
3 0.828125 0.204102 0.042969 0.041016
3 0.816406 0.180664 0.003906 0.001953
3 0.728516 0.166992 0.003906 0.001953
2 0.843750 0.161133 0.003906 0.005859
3 0.724609 0.160156 0.003906 0.003906
2 0.827148 0.154297 0.001953 0.003906
2 0.428711 0.150391 0.005859 0.003906
2 0.451172 0.149414 0.011719 0.013672
3 0.760742 0.137695 0.001953 0.001953
2 0.833984 0.145508 0.015625 0.033203
2 0.465820 0.129883 0.005859 0.005859
3 0.420898 0.114258 0.001953 0.001953
2 0.004883 0.073242 0.001953 0.001953
2 0.100586 0.067383 0.001953 0.001953
3 0.420898 0.069336 0.013672 0.009766
2 0.001953 0.065430 0.003906 0.005859
2 0.032227 0.049805 0.009766 0.005859
2 0.021484 0.046875 0.003906 0.003906
3 0.421875 0.046875 0.011719 0.015625
2 0.997070 0.027344 0.005859 0.003906
3 0.778320 0.016602 0.001953 0.001953
2 0.997070 0.006836 0.005859 0.013672
3 0.862305 0.000977 0.005859 0.001953
2 0.491211 0.005859 0.005859 0.011719
3 0.500000 0.500000 1.000000 1.000000