1 0.836914 0.999023 0.005859 0.001953
1 0.747070 0.999023 0.001953 0.001953
0 0.252930 0.999023 0.001953 0.001953
1 0.188477 0.999023 0.001953 0.001953
0 0.973633 0.997070 0.001953 0.001953
0 0.879883 0.997070 0.001953 0.001953
1 0.840820 0.995117 0.001953 0.001953
0 0.626953 0.997070 0.003906 0.005859
0 0.558594 0.993164 0.003906 0.001953
0 0.553711 0.994141 0.001953 0.003906
1 0.489258 0.996094 0.005859 0.007812
1 0.476562 0.996094 0.007812 0.007812
0 0.992188 0.995117 0.015625 0.009766
0 0.977539 0.992188 0.001953 0.003906
1 0.781250 0.994141 0.019531 0.007812
1 0.651367 0.995117 0.001953 0.009766
0 0.340820 0.995117 0.009766 0.009766
0 0.049805 0.992188 0.001953 0.003906
1 0.399414 0.989258 0.001953 0.001953
1 0.311523 0.989258 0.001953 0.001953
0 0.059570 0.989258 0.001953 0.001953
0 0.620117 0.988281 0.001953 0.003906
1 0.301758 0.993164 0.009766 0.013672
0 0.284180 0.992188 0.013672 0.011719
1 0.948242 0.989258 0.009766 0.009766
0 0.616211 0.986328 0.001953 0.003906
1 0.276367 0.985352 0.001953 0.001953
1 0.222656 0.992188 0.011719 0.015625
1 0.760742 0.991211 0.013672 0.017578
0 0.372070 0.991211 0.009766 0.017578
0 0.069336 0.981445 0.001953 0.001953
0 0.061523 0.982422 0.001953 0.003906
1 0.459961 0.989258 0.021484 0.021484
1 0.967773 0.977539 0.001953 0.001953
1 0.322266 0.980469 0.007812 0.007812
1 0.197266 0.977539 0.003906 0.001953
1 0.694336 0.975586 0.001953 0.001953
0 0.037109 0.975586 0.003906 0.001953
1 0.789062 0.979492 0.035156 0.013672
0 0.954102 0.975586 0.005859 0.009766
1 0.298828 0.972656 0.003906 0.003906
1 0.240234 0.980469 0.011719 0.019531
0 0.118164 0.977539 0.009766 0.013672
0 0.589844 0.984375 0.066406 0.031250
1 0.155273 0.968750 0.001953 0.003906
0 0.047852 0.965820 0.001953 0.001953
1 0.408203 0.974609 0.015625 0.023438
1 0.262695 0.964844 0.005859 0.003906
0 0.944336 0.965820 0.013672 0.009766
1 0.481445 0.972656 0.013672 0.023438
0 0.051758 0.961914 0.001953 0.001953
1 0.667969 0.978516 0.019531 0.042969
1 0.452148 0.964844 0.009766 0.015625
0 0.362305 0.978516 0.029297 0.042969
1 0.303711 0.958984 0.001953 0.003906
0 0.043945 0.958008 0.001953 0.001953
1 0.690430 0.963867 0.005859 0.017578
0 0.602539 0.970703 0.041016 0.031250
1 0.202148 0.967773 0.009766 0.025391
0 0.047852 0.954102 0.001953 0.001953
0 0.836914 0.952148 0.001953 0.001953
1 0.594727 0.954102 0.005859 0.005859
1 0.082031 0.954102 0.003906 0.005859
0 0.824219 0.949219 0.003906 0.003906
0 0.132812 0.958008 0.015625 0.021484
1 0.599609 0.947266 0.003906 0.003906
1 0.316406 0.949219 0.007812 0.007812
1 0.383789 0.951172 0.009766 0.015625
1 0.492188 0.948242 0.011719 0.021484
1 0.337891 0.956055 0.027344 0.037109
1 0.775391 0.953125 0.023438 0.035156
1 0.796875 0.942383 0.019531 0.017578
0 0.145508 0.939453 0.005859 0.011719
1 0.459961 0.932617 0.001953 0.001953
0 0.126953 0.941406 0.015625 0.019531
1 0.609375 0.938477 0.007812 0.017578
1 0.432617 0.946289 0.021484 0.033203
0 0.087891 0.964844 0.066406 0.070312
1 0.078125 0.937500 0.007812 0.015625
1 0.011719 0.930664 0.003906 0.001953
1 0.723633 0.958984 0.029297 0.062500
1 0.452148 0.930664 0.005859 0.005859
1 0.446289 0.926758 0.001953 0.001953
1 0.283203 0.927734 0.003906 0.003906
1 0.999023 0.924805 0.001953 0.001953
0 0.694336 0.925781 0.001953 0.003906
1 0.362305 0.924805 0.001953 0.001953
1 0.298828 0.924805 0.003906 0.001953
1 0.366211 0.930664 0.017578 0.017578
1 0.367188 0.923828 0.003906 0.003906
1 0.633789 0.920898 0.001953 0.001953
1 0.269531 0.926758 0.015625 0.013672
0 0.125977 0.926758 0.013672 0.013672
1 0.309570 0.918945 0.001953 0.001953
1 0.090820 0.924805 0.013672 0.013672
1 0.278320 0.916992 0.001953 0.001953
0 0.035156 0.957031 0.070312 0.085938
1 0.651367 0.935547 0.017578 0.054688
1 0.604492 0.912109 0.009766 0.007812
1 0.304688 0.913086 0.007812 0.013672
1 0.955078 0.906250 0.003906 0.003906
1 0.461914 0.908203 0.001953 0.007812
0 0.935547 0.903320 0.003906 0.001953
1 0.108398 0.901367 0.009766 0.005859
1 0.955078 0.899414 0.007812 0.005859
1 0.416016 0.924805 0.027344 0.056641
1 0.016602 0.897461 0.001953 0.001953
1 0.275391 0.897461 0.003906 0.005859
1 0.084961 0.899414 0.017578 0.009766
1 0.945312 0.894531 0.003906 0.003906
1 0.124023 0.895508 0.005859 0.005859
1 0.005859 0.895508 0.011719 0.005859
1 0.940430 0.891602 0.001953 0.001953
1 0.502930 0.891602 0.001953 0.001953
0 0.050781 0.903320 0.031250 0.025391
1 0.014648 0.892578 0.001953 0.003906
1 0.380859 0.903320 0.027344 0.029297
1 0.221680 0.924805 0.041016 0.072266
0 0.743164 0.904297 0.021484 0.035156
0 0.704102 0.906250 0.021484 0.039062
0 0.673828 0.915039 0.031250 0.056641
1 0.791016 0.910156 0.027344 0.050781
0 0.729492 0.886719 0.001953 0.003906
1 0.393555 0.885742 0.001953 0.001953
0 0.725586 0.900391 0.017578 0.035156
1 0.634766 0.885742 0.003906 0.005859
1 0.395508 0.881836 0.001953 0.001953
1 0.685547 0.883789 0.011719 0.009766
1 0.641602 0.879883 0.001953 0.001953
1 0.598633 0.900391 0.025391 0.046875
1 0.312500 0.894531 0.015625 0.039062
0 0.958008 0.874023 0.001953 0.001953
1 0.111328 0.878906 0.011719 0.011719
1 0.020508 0.874023 0.001953 0.001953
1 0.003906 0.874023 0.003906 0.001953
1 0.313477 0.872070 0.001953 0.001953
1 0.151367 0.874023 0.005859 0.005859
1 0.151367 0.884766 0.021484 0.027344
0 0.980469 0.878906 0.039062 0.027344
1 0.174805 0.870117 0.001953 0.009766
1 0.034180 0.884766 0.029297 0.039062
0 0.808594 0.876953 0.011719 0.027344
1 0.656250 0.866211 0.011719 0.005859
0 0.038086 0.862305 0.001953 0.001953
1 0.098633 0.874023 0.048828 0.029297
1 0.424805 0.863281 0.013672 0.011719
1 0.176758 0.859375 0.001953 0.003906
1 0.335938 0.861328 0.003906 0.011719
1 0.542969 0.859375 0.011719 0.011719
1 0.208984 0.858398 0.003906 0.009766
0 0.023438 0.859375 0.019531 0.011719
1 0.378906 0.862305 0.031250 0.025391
1 0.342773 0.877930 0.037109 0.056641
1 0.246094 0.851562 0.003906 0.003906
0 0.020508 0.851562 0.001953 0.003906
0 0.047852 0.848633 0.001953 0.001953
0 0.981445 0.853516 0.037109 0.015625
1 0.094727 0.846680 0.001953 0.001953
0 0.716797 0.845703 0.003906 0.003906
1 0.553711 0.921875 0.080078 0.156250
1 0.316406 0.863281 0.031250 0.046875
1 0.179688 0.843750 0.003906 0.007812
1 0.587891 0.839844 0.003906 0.003906
1 0.181641 0.836914 0.003906 0.001953
1 0.138672 0.839844 0.007812 0.007812
1 0.133789 0.852539 0.029297 0.033203
1 0.050781 0.857422 0.035156 0.042969
1 0.414062 0.851562 0.023438 0.035156
1 0.384766 0.838867 0.007812 0.009766
1 0.595703 0.836914 0.007812 0.009766
1 0.429688 0.832031 0.003906 0.003906
1 0.109375 0.838867 0.007812 0.017578
1 0.345703 0.835938 0.011719 0.019531
1 0.169922 0.837891 0.011719 0.027344
0 0.740234 0.859375 0.066406 0.074219
1 0.695312 0.824219 0.003906 0.003906
1 0.182617 0.828125 0.005859 0.011719
1 0.267578 0.866211 0.074219 0.091797
1 0.119141 0.827148 0.007812 0.013672
1 0.112305 0.821289 0.001953 0.001953
1 0.465820 0.860352 0.064453 0.083984
1 0.188477 0.909180 0.103516 0.181641
1 0.186523 0.819336 0.001953 0.001953
0 0.174805 0.819336 0.001953 0.001953
1 0.132812 0.820312 0.003906 0.003906
1 0.683594 0.820312 0.007812 0.007812
1 0.389648 0.818359 0.005859 0.003906
1 0.309570 0.820312 0.013672 0.007812
0 0.158203 0.818359 0.003906 0.007812
1 0.118164 0.815430 0.001953 0.001953
0 0.279297 0.825195 0.031250 0.025391
1 0.399414 0.815430 0.005859 0.009766
1 0.124023 0.812500 0.001953 0.003906
1 0.116211 0.811523 0.001953 0.001953
0 0.166016 0.814453 0.007812 0.011719
1 0.605469 0.810547 0.007812 0.007812
1 0.501953 0.807617 0.003906 0.005859
1 0.123047 0.806641 0.003906 0.003906
1 0.346680 0.812500 0.009766 0.019531
1 0.533203 0.874023 0.078125 0.146484
1 0.422852 0.803711 0.005859 0.005859
0 0.006836 0.802734 0.001953 0.003906
1 0.453125 0.814453 0.031250 0.035156
1 0.611328 0.798828 0.007812 0.007812
1 0.626953 0.797852 0.007812 0.009766
1 0.396484 0.800781 0.011719 0.015625
0 0.261719 0.818359 0.046875 0.054688
0 0.012695 0.791992 0.001953 0.001953
1 0.239258 0.801758 0.017578 0.029297
1 0.539062 0.792969 0.011719 0.015625
1 0.362305 0.784180 0.001953 0.001953
1 0.474609 0.782227 0.003906 0.001953
1 0.469727 0.782227 0.001953 0.001953
1 0.241211 0.786133 0.005859 0.009766
1 0.410156 0.799805 0.011719 0.044922
1 0.203125 0.804688 0.023438 0.054688
1 0.395508 0.779297 0.005859 0.007812
1 0.348633 0.784180 0.009766 0.017578
1 0.520508 0.774414 0.001953 0.001953
1 0.522461 0.770508 0.001953 0.001953
1 0.496094 0.768555 0.003906 0.001953
1 0.522461 0.766602 0.001953 0.001953
1 0.650391 0.828125 0.070312 0.128906
1 0.629883 0.757812 0.001953 0.003906
1 0.006836 0.760742 0.013672 0.009766
1 0.301758 0.771484 0.044922 0.046875
1 0.091797 0.748047 0.007812 0.003906
1 0.486328 0.763672 0.027344 0.039062
1 0.354492 0.743164 0.001953 0.001953
1 0.053711 0.744141 0.001953 0.003906
0 0.858398 0.741211 0.001953 0.001953
1 0.811523 0.745117 0.005859 0.009766
1 0.269531 0.745117 0.003906 0.009766
1 0.009766 0.743164 0.007812 0.005859
0 0.862305 0.739258 0.001953 0.001953
1 0.500977 0.739258 0.001953 0.001953
1 0.172852 0.776367 0.056641 0.076172
0 0.838867 0.735352 0.001953 0.001953
1 0.505859 0.736328 0.003906 0.003906
1 0.105469 0.733398 0.003906 0.001953
0 0.872070 0.729492 0.001953 0.001953
0 0.055664 0.792969 0.111328 0.128906
1 0.526367 0.728516 0.001953 0.003906
1 0.286133 0.725586 0.001953 0.001953
1 0.309570 0.739258 0.037109 0.037109
0 0.883789 0.723633 0.013672 0.009766
1 0.065430 0.723633 0.005859 0.009766
0 0.891602 0.715820 0.001953 0.001953
1 0.332031 0.713867 0.003906 0.001953
1 0.042969 0.715820 0.007812 0.005859
1 0.029297 0.721680 0.011719 0.017578
0 0.137695 0.728516 0.025391 0.042969
1 0.518555 0.712891 0.017578 0.015625
1 0.436523 0.706055 0.001953 0.001953
1 0.406250 0.750977 0.109375 0.091797
1 0.146484 0.707031 0.003906 0.003906
1 0.095703 0.719727 0.062500 0.044922
1 0.509766 0.697266 0.003906 0.003906
1 0.354492 0.696289 0.001953 0.001953
1 0.001953 0.695312 0.003906 0.007812
1 0.909180 0.700195 0.029297 0.025391
1 0.351562 0.690430 0.003906 0.005859
1 0.571289 0.688477 0.005859 0.005859
1 0.056641 0.689453 0.007812 0.011719
0 0.395508 0.682617 0.001953 0.001953
1 0.579102 0.680664 0.001953 0.001953
1 0.208984 0.710938 0.062500 0.062500
1 0.085938 0.681641 0.003906 0.003906
0 0.995117 0.678711 0.001953 0.001953
1 0.142578 0.689453 0.035156 0.023438
1 0.201172 0.677734 0.003906 0.003906
1 0.618164 0.672852 0.001953 0.001953
1 0.401367 0.689453 0.021484 0.035156
1 0.375000 0.686523 0.027344 0.041016
1 0.191406 0.668945 0.011719 0.009766
1 0.112305 0.665039 0.001953 0.001953
1 0.014648 0.663086 0.001953 0.001953
1 0.108398 0.661133 0.001953 0.001953
1 0.008789 0.662109 0.005859 0.003906
0 0.983398 0.671875 0.033203 0.031250
1 0.225586 0.661133 0.009766 0.013672
1 0.115234 0.656250 0.003906 0.003906
1 0.039062 0.667969 0.035156 0.027344
1 0.449219 0.668945 0.019531 0.033203
1 0.100586 0.656250 0.009766 0.007812
1 0.213867 0.651367 0.005859 0.005859
1 0.962891 0.660156 0.031250 0.027344
1 0.061523 0.648438 0.001953 0.003906
1 0.037109 0.653320 0.011719 0.013672
1 0.003906 0.652344 0.007812 0.011719
1 0.084961 0.644531 0.005859 0.003906
1 0.455078 0.642578 0.003906 0.003906
1 0.425781 0.642578 0.011719 0.007812
0 0.267578 0.682617 0.082031 0.087891
1 0.346680 0.637695 0.001953 0.001953
1 0.448242 0.635742 0.001953 0.001953
1 0.332031 0.660156 0.023438 0.050781
1 0.209961 0.635742 0.001953 0.001953
1 0.117188 0.643555 0.023438 0.017578
1 0.026367 0.639648 0.017578 0.009766
1 0.455078 0.635742 0.007812 0.005859
1 0.375000 0.638672 0.007812 0.011719
1 0.094727 0.639648 0.009766 0.013672
1 0.443359 0.633789 0.003906 0.005859
1 0.395508 0.632812 0.001953 0.003906
1 0.137695 0.631836 0.001953 0.001953
1 0.133789 0.629883 0.001953 0.001953
1 0.326172 0.628906 0.003906 0.003906
1 0.992188 0.628906 0.015625 0.011719
1 0.409180 0.650391 0.029297 0.058594
1 0.227539 0.620117 0.005859 0.005859
0 0.222656 0.618164 0.003906 0.001953
1 0.290039 0.620117 0.005859 0.009766
0 0.206055 0.621094 0.005859 0.011719
0 0.902344 0.618164 0.007812 0.009766
1 0.397461 0.614258 0.001953 0.001953
1 0.243164 0.619141 0.013672 0.011719
1 0.514648 0.612305 0.001953 0.001953
1 0.509766 0.613281 0.003906 0.003906
1 0.427734 0.621094 0.027344 0.019531
1 0.318359 0.615234 0.019531 0.011719
1 0.266602 0.610352 0.001953 0.001953
1 0.477539 0.614258 0.013672 0.013672
1 0.393555 0.609375 0.001953 0.003906
1 0.512695 0.606445 0.001953 0.001953
1 0.399414 0.608398 0.005859 0.005859
1 0.345703 0.618164 0.011719 0.025391
1 0.260742 0.607422 0.005859 0.003906
1 0.444336 0.604492 0.001953 0.001953
1 0.512695 0.602539 0.001953 0.001953
1 0.319336 0.600586 0.001953 0.001953
1 0.252930 0.600586 0.001953 0.001953
1 0.444336 0.599609 0.001953 0.003906
1 0.513672 0.596680 0.003906 0.005859
1 0.425781 0.602539 0.023438 0.017578
1 0.393555 0.595703 0.001953 0.003906
0 0.869141 0.593750 0.003906 0.003906
1 0.496094 0.597656 0.011719 0.011719
0 0.912109 0.618164 0.136719 0.060547
0 0.051758 0.616211 0.052734 0.056641
0 0.019531 0.599609 0.019531 0.027344
1 0.436523 0.588867 0.029297 0.009766
0 0.883789 0.583984 0.001953 0.003906
1 0.542969 0.583008 0.003906 0.001953
1 0.281250 0.584961 0.007812 0.005859
0 0.898438 0.582031 0.003906 0.003906
0 0.195312 0.609375 0.035156 0.058594
1 0.306641 0.589844 0.011719 0.023438
1 0.249023 0.579102 0.001953 0.001953
0 0.016602 0.579102 0.001953 0.001953
0 0.239258 0.586914 0.025391 0.025391
0 0.952148 0.573242 0.001953 0.001953
1 0.452148 0.574219 0.009766 0.003906
0 0.937500 0.575195 0.007812 0.009766
1 0.437500 0.572266 0.007812 0.003906
0 0.426758 0.571289 0.001953 0.001953
1 0.591797 0.569336 0.003906 0.001953
1 0.269531 0.572266 0.003906 0.007812
1 0.571289 0.565430 0.001953 0.001953
1 0.243164 0.568359 0.005859 0.007812
0 0.222656 0.588867 0.035156 0.048828
1 0.544922 0.568359 0.003906 0.011719
1 0.441406 0.564453 0.003906 0.003906
0 0.415039 0.563477 0.001953 0.001953
1 0.342773 0.574219 0.029297 0.023438
1 0.463867 0.566406 0.029297 0.015625
1 0.569336 0.555664 0.005859 0.005859
1 0.409180 0.553711 0.001953 0.001953
1 0.402344 0.590820 0.050781 0.080078
1 0.298828 0.563477 0.007812 0.025391
0 0.221680 0.562500 0.017578 0.023438
1 0.623047 0.552734 0.007812 0.011719
1 0.575195 0.545898 0.001953 0.001953
0 0.433594 0.551758 0.011719 0.013672
1 0.390625 0.548828 0.015625 0.015625
1 0.294922 0.542969 0.015625 0.011719
0 0.201172 0.542969 0.023438 0.027344
0 0.089844 0.530273 0.003906 0.001953
1 0.913086 0.528320 0.001953 0.001953
1 0.509766 0.554688 0.046875 0.054688
1 0.422852 0.533203 0.009766 0.011719
1 0.392578 0.531250 0.003906 0.007812
1 0.473633 0.530273 0.029297 0.009766
1 0.747070 0.524414 0.001953 0.001953
1 0.565430 0.536133 0.013672 0.029297
1 0.421875 0.521484 0.007812 0.003906
1 0.298828 0.523438 0.003906 0.007812
1 0.479492 0.518555 0.001953 0.001953
1 0.635742 0.531250 0.013672 0.035156
1 0.362305 0.519531 0.009766 0.011719
1 0.807617 0.512695 0.001953 0.001953
1 0.793945 0.521484 0.009766 0.019531
1 0.477539 0.510742 0.005859 0.005859
0 0.137695 0.559570 0.083984 0.103516
1 0.641602 0.504883 0.001953 0.001953
1 0.444336 0.514648 0.021484 0.021484
0 0.262695 0.504883 0.001953 0.001953
0 0.068359 0.565430 0.136719 0.123047
0 0.899414 0.502930 0.001953 0.001953
0 0.657227 0.513672 0.017578 0.023438
0 0.891602 0.504883 0.009766 0.009766
1 0.641602 0.500977 0.001953 0.001953
1 0.454102 0.501953 0.005859 0.003906
0 0.178711 0.501953 0.001953 0.003906
0 0.053711 0.503906 0.009766 0.007812
1 0.407227 0.509766 0.041016 0.023438
0 0.176758 0.495117 0.001953 0.001953
1 0.488281 0.497070 0.046875 0.009766
1 0.339844 0.497070 0.039062 0.013672
0 0.188477 0.495117 0.013672 0.013672
1 0.544922 0.499023 0.019531 0.029297
1 0.473633 0.481445 0.013672 0.005859
1 0.416992 0.485352 0.033203 0.021484
1 0.456055 0.473633 0.001953 0.001953
0 0.188477 0.473633 0.001953 0.001953
1 0.625977 0.469727 0.001953 0.001953
1 0.507812 0.474609 0.019531 0.011719
1 0.348633 0.467773 0.005859 0.005859
1 0.303711 0.466797 0.001953 0.003906
1 0.507812 0.465820 0.003906 0.005859
0 0.100586 0.497070 0.083984 0.068359
0 0.086914 0.461914 0.001953 0.001953
0 0.798828 0.462891 0.007812 0.007812
1 0.436523 0.467773 0.033203 0.021484
0 0.191406 0.460938 0.007812 0.007812
0 0.095703 0.460938 0.011719 0.007812
1 0.836914 0.457031 0.005859 0.003906
1 0.626953 0.458984 0.015625 0.007812
0 0.923828 0.458008 0.011719 0.013672
0 0.297852 0.453125 0.001953 0.003906
0 0.166016 0.454102 0.003906 0.005859
1 0.537109 0.453125 0.007812 0.007812
1 0.454102 0.453125 0.021484 0.011719
0 0.244141 0.449219 0.003906 0.007812
1 0.488281 0.453125 0.027344 0.023438
0 0.996094 0.443359 0.007812 0.011719
0 0.791992 0.445312 0.013672 0.015625
0 0.931641 0.437500 0.003906 0.003906
1 0.485352 0.439453 0.009766 0.007812
1 0.571289 0.443359 0.013672 0.019531
0 0.324219 0.445312 0.035156 0.023438
1 0.466797 0.435547 0.011719 0.007812
1 0.809570 0.438477 0.025391 0.021484
1 0.562500 0.425781 0.007812 0.007812
0 0.270508 0.492188 0.189453 0.140625
1 0.437500 0.423828 0.007812 0.007812
0 0.993164 0.425781 0.013672 0.015625
1 0.356445 0.416992 0.001953 0.001953
1 0.367188 0.433594 0.031250 0.039062
0 0.055664 0.416016 0.005859 0.003906
0 0.995117 0.411133 0.001953 0.001953
1 0.774414 0.411133 0.001953 0.001953
1 0.416992 0.425781 0.025391 0.031250
0 0.984375 0.409180 0.003906 0.005859
1 0.451172 0.416992 0.027344 0.021484
1 0.407227 0.407227 0.001953 0.001953
0 0.291016 0.414062 0.066406 0.015625
1 0.426758 0.407227 0.009766 0.005859
1 0.502930 0.415039 0.021484 0.025391
0 0.138672 0.404297 0.003906 0.003906
1 0.520508 0.404297 0.005859 0.007812
1 0.446289 0.403320 0.005859 0.005859
1 0.989258 0.399414 0.001953 0.001953
1 0.432617 0.400391 0.001953 0.003906
1 0.308594 0.401367 0.007812 0.005859
0 0.190430 0.409180 0.087891 0.021484
1 0.999023 0.396484 0.001953 0.003906
1 0.506836 0.395508 0.001953 0.001953
1 0.935547 0.402344 0.015625 0.019531
1 0.958984 0.396484 0.011719 0.011719
1 0.795898 0.398438 0.025391 0.015625
1 0.495117 0.393555 0.005859 0.005859
1 0.246094 0.391602 0.007812 0.005859
1 0.211914 0.390625 0.005859 0.003906
1 0.206055 0.389648 0.001953 0.001953
1 0.182617 0.389648 0.001953 0.001953
1 0.813477 0.392578 0.013672 0.011719
1 0.834961 0.390625 0.017578 0.011719
1 0.745117 0.401367 0.033203 0.033203
1 0.328125 0.399414 0.015625 0.029297
0 0.280273 0.393555 0.048828 0.017578
1 0.131836 0.383789 0.001953 0.001953
1 0.844727 0.381836 0.001953 0.001953
1 0.493164 0.383789 0.009766 0.005859
1 0.086914 0.381836 0.001953 0.001953
1 0.414062 0.383789 0.011719 0.009766
1 0.856445 0.377930 0.001953 0.001953
1 0.481445 0.382812 0.009766 0.011719
1 0.344727 0.390625 0.013672 0.027344
1 0.154297 0.381836 0.011719 0.009766
1 0.376953 0.392578 0.019531 0.035156
1 0.360352 0.378906 0.009766 0.007812
1 0.668945 0.374023 0.001953 0.001953
1 0.432617 0.384766 0.025391 0.023438
1 0.200195 0.376953 0.029297 0.007812
1 0.679688 0.372070 0.003906 0.001953
1 0.466797 0.375000 0.007812 0.007812
1 0.173828 0.375000 0.015625 0.007812
1 0.796875 0.370117 0.003906 0.001953
1 0.562500 0.395508 0.046875 0.052734
1 0.123047 0.375977 0.011719 0.013672
1 0.094727 0.370117 0.001953 0.001953
1 0.222656 0.371094 0.007812 0.007812
1 0.659180 0.364258 0.005859 0.001953
1 0.161133 0.366211 0.005859 0.005859
0 0.096680 0.477539 0.193359 0.228516
1 0.835938 0.366211 0.015625 0.009766
1 0.379883 0.364258 0.001953 0.005859
1 0.182617 0.364258 0.009766 0.005859
1 0.326172 0.365234 0.042969 0.011719
0 0.261719 0.368164 0.062500 0.017578
1 0.921875 0.362305 0.007812 0.009766
1 0.690430 0.362305 0.013672 0.013672
1 0.905273 0.362305 0.009766 0.017578
1 0.708984 0.359375 0.015625 0.011719
1 0.671875 0.361328 0.015625 0.015625
1 0.365234 0.357422 0.011719 0.007812
1 0.147461 0.354492 0.001953 0.001953
1 0.129883 0.356445 0.005859 0.005859
1 0.997070 0.357422 0.005859 0.011719
1 0.842773 0.355469 0.005859 0.007812
1 0.172852 0.353516 0.005859 0.003906
1 0.086914 0.357422 0.013672 0.011719
1 0.985352 0.357422 0.013672 0.015625
1 0.935547 0.364258 0.019531 0.029297
1 0.479492 0.354492 0.017578 0.009766
1 0.333984 0.351562 0.003906 0.003906
1 0.530273 0.353516 0.005859 0.011719
1 0.499023 0.352539 0.009766 0.009766
1 0.218750 0.356445 0.023438 0.017578
1 0.782227 0.356445 0.029297 0.025391
1 0.753906 0.355469 0.058594 0.023438
1 0.114258 0.348633 0.013672 0.009766
0 0.108398 0.344727 0.001953 0.001953
1 0.333984 0.344727 0.007812 0.005859
1 0.812500 0.350586 0.023438 0.021484
0 0.223633 0.342773 0.005859 0.005859
1 0.158203 0.349609 0.015625 0.019531
0 0.106445 0.340820 0.001953 0.001953
0 0.467773 0.344727 0.013672 0.013672
0 0.237305 0.341797 0.017578 0.007812
1 0.195312 0.340820 0.007812 0.005859
1 0.969727 0.348633 0.009766 0.025391
1 0.828125 0.343750 0.007812 0.019531
1 0.486328 0.340820 0.015625 0.013672
1 0.837891 0.337891 0.007812 0.011719
1 0.599609 0.346680 0.027344 0.029297
0 0.566406 0.347656 0.046875 0.031250
1 0.376953 0.335938 0.003906 0.007812
1 0.612305 0.336914 0.005859 0.013672
1 0.540039 0.333984 0.005859 0.007812
1 0.485352 0.331055 0.001953 0.001953
0 0.293945 0.344727 0.029297 0.029297
0 0.891602 0.331055 0.005859 0.005859
0 0.253906 0.342773 0.039062 0.029297
1 0.126953 0.334961 0.007812 0.013672
1 0.139648 0.336914 0.013672 0.021484
1 0.385742 0.325195 0.001953 0.001953
1 0.372070 0.326172 0.001953 0.003906
1 0.416992 0.343750 0.017578 0.042969
1 0.169922 0.326172 0.011719 0.007812
1 0.608398 0.319336 0.001953 0.001953
1 0.528320 0.320312 0.001953 0.003906
0 0.484375 0.322266 0.007812 0.007812
1 0.208984 0.322266 0.003906 0.007812
1 0.224609 0.322266 0.011719 0.011719
0 0.018555 0.317383 0.001953 0.001953
1 0.992188 0.319336 0.007812 0.009766
1 0.831055 0.313477 0.001953 0.001953
1 0.699219 0.321289 0.027344 0.017578
1 0.371094 0.317383 0.011719 0.009766
0 0.020508 0.313477 0.001953 0.001953
1 0.973633 0.314453 0.005859 0.007812
1 0.362305 0.312500 0.001953 0.003906
0 0.000977 0.305664 0.001953 0.001953
0 0.467773 0.304688 0.001953 0.003906
1 0.356445 0.303711 0.001953 0.001953
1 0.806641 0.308594 0.015625 0.015625
0 0.724609 0.312500 0.011719 0.023438
0 0.254883 0.322266 0.052734 0.042969
1 0.670898 0.323242 0.037109 0.052734
0 0.083984 0.297852 0.003906 0.001953
0 0.075195 0.300781 0.009766 0.011719
1 0.979492 0.294922 0.005859 0.003906
1 0.206055 0.311523 0.017578 0.037109
0 0.030273 0.293945 0.001953 0.001953
1 0.995117 0.299805 0.009766 0.017578
0 0.559570 0.296875 0.005859 0.011719
0 0.478516 0.301758 0.015625 0.029297
1 0.327148 0.308594 0.048828 0.042969
1 0.210938 0.287109 0.007812 0.003906
1 0.963867 0.286133 0.005859 0.005859
0 0.067383 0.319336 0.134766 0.080078
0 0.553711 0.278320 0.001953 0.001953
0 0.542969 0.277344 0.003906 0.003906
0 0.055664 0.288086 0.017578 0.025391
0 0.251953 0.289062 0.039062 0.031250
1 0.163086 0.298828 0.044922 0.050781
1 0.432617 0.272461 0.001953 0.001953
0 0.087891 0.278320 0.015625 0.013672
1 0.998047 0.272461 0.003906 0.005859
0 0.551758 0.271484 0.005859 0.007812
1 0.978516 0.276367 0.019531 0.021484
1 0.426758 0.269531 0.005859 0.007812
0 0.498047 0.271484 0.007812 0.015625
0 0.443359 0.311523 0.066406 0.095703
1 0.627930 0.276367 0.021484 0.029297
1 0.348633 0.283203 0.037109 0.042969
0 0.099609 0.271484 0.015625 0.019531
1 0.901367 0.263672 0.017578 0.007812
1 0.083984 0.262695 0.003906 0.005859
0 0.019531 0.274414 0.039062 0.029297
0 0.016602 0.260742 0.001953 0.001953
0 0.011719 0.260742 0.003906 0.001953
1 0.881836 0.258789 0.001953 0.001953
1 0.836914 0.258789 0.001953 0.001953
0 0.101562 0.259766 0.003906 0.003906
1 0.910156 0.258789 0.003906 0.005859
0 0.106445 0.256836 0.001953 0.001953
1 0.885742 0.260742 0.021484 0.013672
1 0.720703 0.626953 0.558594 0.746094
1 0.048828 0.257812 0.007812 0.007812
1 0.871094 0.255859 0.019531 0.011719
1 0.322266 0.252930 0.007812 0.005859
0 0.503906 0.252930 0.003906 0.009766
0 0.010742 0.254883 0.021484 0.013672
1 0.993164 0.247070 0.001953 0.001953
1 0.844727 0.248047 0.009766 0.011719
0 0.541992 0.253906 0.017578 0.023438
1 0.425781 0.248047 0.003906 0.011719
1 0.316406 0.245117 0.003906 0.005859
1 0.901367 0.242188 0.005859 0.007812
0 0.782227 0.279297 0.103516 0.093750
1 0.817383 0.233398 0.001953 0.001953
0 0.758789 0.261719 0.076172 0.058594
1 0.645508 0.233398 0.001953 0.001953
0 0.619141 0.246094 0.019531 0.027344
1 0.426758 0.231445 0.001953 0.001953
1 0.966797 0.233398 0.011719 0.009766
1 0.074219 0.244141 0.011719 0.031250
1 0.225586 0.231445 0.005859 0.009766
1 0.199219 0.252930 0.019531 0.052734
1 0.617188 0.226562 0.003906 0.003906
0 0.536133 0.278320 0.068359 0.107422
1 0.902344 0.224609 0.003906 0.003906
1 0.880859 0.234375 0.015625 0.023438
1 0.711914 0.228516 0.021484 0.011719
1 0.677734 0.264648 0.039062 0.083984
1 0.643555 0.226562 0.017578 0.007812
0 0.088867 0.223633 0.001953 0.001953
1 0.948242 0.221680 0.001953 0.001953
1 0.612305 0.222656 0.001953 0.003906
0 0.502930 0.221680 0.001953 0.001953
1 0.333984 0.226562 0.003906 0.011719
1 0.294922 0.228516 0.015625 0.015625
1 0.928711 0.284180 0.099609 0.130859
1 0.631836 0.235352 0.017578 0.033203
0 0.104492 0.219727 0.001953 0.001953
1 0.618164 0.217773 0.001953 0.001953
1 0.456055 0.232422 0.017578 0.031250
0 0.272461 0.258789 0.048828 0.087891
0 0.018555 0.233398 0.037109 0.037109
1 0.617188 0.213867 0.003906 0.001953
0 0.590820 0.264648 0.037109 0.103516
1 0.290039 0.213867 0.001953 0.001953
1 0.021484 0.219727 0.011719 0.013672
1 0.912109 0.216797 0.011719 0.011719
1 0.765625 0.209961 0.003906 0.005859
1 0.007812 0.208008 0.007812 0.005859
1 0.892578 0.205078 0.015625 0.011719
1 0.750000 0.205078 0.007812 0.011719
1 0.620117 0.201172 0.009766 0.007812
1 0.710938 0.208008 0.011719 0.025391
1 0.449219 0.198242 0.003906 0.005859
1 0.695312 0.204102 0.011719 0.021484
1 0.752930 0.193359 0.001953 0.003906
1 0.268555 0.192383 0.001953 0.001953
1 0.063477 0.193359 0.001953 0.003906
1 0.052734 0.197266 0.003906 0.011719
1 0.600586 0.190430 0.001953 0.001953
1 0.045898 0.218750 0.041016 0.062500
1 0.002930 0.189453 0.005859 0.007812
1 0.692383 0.181641 0.001953 0.003906
1 0.902344 0.177734 0.003906 0.003906
1 0.562500 0.179688 0.011719 0.007812
0 0.381836 0.240234 0.064453 0.128906
0 0.358398 0.174805 0.001953 0.001953
0 0.295898 0.182617 0.017578 0.017578
0 0.352539 0.172852 0.001953 0.001953
1 0.235352 0.191406 0.005859 0.039062
1 0.716797 0.170898 0.003906 0.001953
1 0.274414 0.178711 0.009766 0.017578
1 0.908203 0.168945 0.011719 0.005859
1 0.712891 0.166992 0.003906 0.001953
1 0.686523 0.175781 0.005859 0.019531
0 0.352539 0.166992 0.001953 0.001953
1 0.013672 0.173828 0.011719 0.015625
0 0.821289 0.165039 0.001953 0.001953
0 0.363281 0.166016 0.007812 0.007812
0 0.106445 0.164062 0.001953 0.003906
0 0.987305 0.168945 0.009766 0.017578
0 0.312500 0.187500 0.054688 0.062500
1 0.912109 0.159180 0.007812 0.009766
1 0.418945 0.151367 0.001953 0.001953
0 0.099609 0.149414 0.003906 0.001953
0 0.545898 0.201172 0.076172 0.109375
0 0.473633 0.148438 0.001953 0.003906
1 0.326172 0.154297 0.019531 0.015625
0 0.990234 0.168945 0.019531 0.052734
1 0.236328 0.148438 0.011719 0.011719
0 0.885742 0.138672 0.005859 0.003906
0 0.379883 0.160156 0.052734 0.046875
1 0.968750 0.182617 0.062500 0.095703
1 0.720703 0.149414 0.011719 0.029297
1 0.597656 0.144531 0.015625 0.027344
1 0.933594 0.143555 0.019531 0.029297
1 0.006836 0.142578 0.013672 0.027344
0 0.501953 0.184570 0.058594 0.123047
0 0.868164 0.177734 0.080078 0.113281
1 0.997070 0.121094 0.005859 0.003906
1 0.963867 0.120117 0.001953 0.001953
1 0.594727 0.120117 0.001953 0.001953
1 0.949219 0.123047 0.007812 0.011719
0 0.894531 0.125977 0.011719 0.017578
1 0.596680 0.116211 0.001953 0.001953
1 0.587891 0.115234 0.003906 0.003906
1 0.199219 0.167969 0.050781 0.109375
0 0.095703 0.115234 0.003906 0.003906
1 0.193359 0.114258 0.007812 0.005859
1 0.414062 0.125000 0.015625 0.035156
1 0.246094 0.117188 0.019531 0.019531
1 0.850586 0.104492 0.001953 0.001953
1 0.846680 0.104492 0.001953 0.001953
0 0.652344 0.143555 0.070312 0.080078
1 0.592773 0.108398 0.005859 0.009766
1 0.935547 0.107422 0.007812 0.015625
1 0.445312 0.114258 0.007812 0.029297
1 0.396484 0.104492 0.011719 0.009766
1 0.083984 0.104492 0.003906 0.009766
1 0.003906 0.105469 0.007812 0.011719
1 0.974609 0.106445 0.011719 0.017578
1 0.825195 0.096680 0.001953 0.001953
0 0.665039 0.098633 0.013672 0.009766
1 0.077148 0.094727 0.001953 0.001953
1 0.813477 0.092773 0.001953 0.001953
1 0.725586 0.108398 0.013672 0.033203
1 0.009766 0.093750 0.007812 0.007812
1 0.895508 0.108398 0.037109 0.041016
1 0.723633 0.088867 0.001953 0.001953
1 0.442383 0.088867 0.001953 0.001953
1 0.175781 0.093750 0.011719 0.011719
1 0.945312 0.087891 0.007812 0.007812
1 0.649414 0.086914 0.005859 0.005859
1 0.583984 0.090820 0.007812 0.013672
0 0.999023 0.081055 0.001953 0.001953
0 0.462891 0.143555 0.027344 0.126953
0 0.103516 0.177734 0.140625 0.195312
1 0.859375 0.085938 0.007812 0.015625
1 0.202148 0.077148 0.001953 0.001953
1 0.038086 0.077148 0.001953 0.001953
1 0.948242 0.076172 0.001953 0.003906
1 0.079102 0.075195 0.001953 0.001953
1 0.965820 0.074219 0.005859 0.003906
0 0.989258 0.078125 0.009766 0.015625
0 0.985352 0.085938 0.029297 0.031250
1 0.187500 0.081055 0.023438 0.021484
1 0.400391 0.070312 0.003906 0.003906
0 0.453125 0.069336 0.003906 0.005859
0 0.446289 0.067383 0.001953 0.001953
1 0.415039 0.065430 0.001953 0.001953
1 0.288086 0.065430 0.001953 0.001953
1 0.999023 0.063477 0.001953 0.001953
0 0.681641 0.084961 0.027344 0.044922
1 0.065430 0.065430 0.009766 0.005859
1 0.977539 0.061523 0.001953 0.001953
0 0.857422 0.065430 0.007812 0.009766
1 0.187500 0.064453 0.015625 0.007812
1 0.864258 0.061523 0.001953 0.005859
0 0.448242 0.059570 0.001953 0.001953
1 0.192383 0.059570 0.001953 0.001953
1 0.383789 0.076172 0.025391 0.039062
1 0.210938 0.059570 0.007812 0.005859
1 0.290039 0.056641 0.001953 0.003906
0 0.077148 0.055664 0.001953 0.001953
1 0.927734 0.081055 0.027344 0.056641
0 0.846680 0.053711 0.001953 0.001953
0 0.839844 0.074219 0.027344 0.046875
1 0.227539 0.060547 0.013672 0.019531
1 0.754883 0.049805 0.001953 0.001953
1 0.044922 0.051758 0.003906 0.005859
1 0.880859 0.048828 0.003906 0.003906
1 0.694336 0.050781 0.009766 0.007812
1 0.422852 0.064453 0.009766 0.035156
1 0.352539 0.052734 0.009766 0.011719
1 0.682617 0.048828 0.005859 0.007812
1 0.609375 0.044922 0.003906 0.003906
1 0.231445 0.043945 0.001953 0.001953
1 0.587891 0.045898 0.019531 0.009766
1 0.275391 0.042969 0.003906 0.003906
1 0.964844 0.049805 0.015625 0.021484
1 0.936523 0.041016 0.005859 0.007812
0 0.581055 0.038086 0.001953 0.001953
0 0.125000 0.039062 0.011719 0.003906
0 0.795898 0.128906 0.087891 0.187500
1 0.365234 0.037109 0.003906 0.003906
1 0.374023 0.044922 0.017578 0.023438
1 0.968750 0.034180 0.003906 0.005859
1 0.297852 0.037109 0.009766 0.011719
1 0.943359 0.031250 0.003906 0.003906
1 0.883789 0.035156 0.013672 0.011719
1 0.213867 0.030273 0.001953 0.001953
1 0.163086 0.032227 0.005859 0.005859
1 0.738281 0.069336 0.023438 0.083984
1 0.928711 0.029297 0.005859 0.007812
1 0.873047 0.027344 0.007812 0.003906
1 0.858398 0.039062 0.013672 0.027344
1 0.013672 0.052734 0.027344 0.054688
1 0.403320 0.022461 0.001953 0.001953
1 0.637695 0.020508 0.001953 0.001953
1 0.226562 0.021484 0.003906 0.003906
1 0.190430 0.021484 0.005859 0.003906
1 0.745117 0.019531 0.001953 0.003906
1 0.194336 0.036133 0.033203 0.037109
1 0.633789 0.013672 0.001953 0.003906
1 0.733398 0.023438 0.017578 0.039062
1 0.627930 0.004883 0.001953 0.001953
1 0.159180 0.013672 0.009766 0.023438
1 0.984375 0.014648 0.031250 0.029297
0 0.822266 0.028320 0.078125 0.056641
1 0.748047 0.005859 0.011719 0.011719
0 0.736328 0.001953 0.003906 0.003906
1 0.692383 0.005859 0.017578 0.011719
1 0.637695 0.049805 0.095703 0.099609
1 0.629883 0.000977 0.001953 0.001953
0 0.578125 0.020508 0.042969 0.041016
0 0.514648 0.076172 0.126953 0.152344
1 0.413086 0.023438 0.017578 0.046875
0 0.392578 0.006836 0.007812 0.013672
1 0.368164 0.000977 0.001953 0.001953
1 0.354492 0.009766 0.009766 0.019531
1 0.330078 0.082031 0.113281 0.164062
1 0.305664 0.009766 0.009766 0.019531
1 0.280273 0.002930 0.005859 0.005859
1 0.255859 0.044922 0.046875 0.089844
1 0.211914 0.000977 0.001953 0.001953
1 0.204102 0.006836 0.009766 0.013672
1 0.190430 0.008789 0.017578 0.017578
0 0.182617 0.002930 0.009766 0.005859
0 0.171875 0.008789 0.003906 0.017578
1 0.127930 0.000977 0.005859 0.001953
0 0.098633 0.085938 0.123047 0.171875
1 0.012695 0.000977 0.001953 0.001953
1 0.013672 0.020508 0.027344 0.041016
2 0.598633 0.999023 0.021484 0.001953
3 0.456055 0.999023 0.001953 0.001953
2 0.993164 0.998047 0.005859 0.003906
2 0.582031 0.997070 0.007812 0.005859
2 0.100586 0.996094 0.005859 0.003906
3 0.177734 0.994141 0.003906 0.003906
2 0.104492 0.991211 0.005859 0.001953
2 0.098633 0.991211 0.001953 0.001953
3 0.167969 0.994141 0.003906 0.011719
3 0.176758 0.976562 0.005859 0.003906
2 0.091797 0.976562 0.007812 0.003906
2 0.014648 0.973633 0.001953 0.001953
3 0.167969 0.967773 0.003906 0.009766
2 0.026367 0.963867 0.001953 0.001953
2 0.002930 0.963867 0.005859 0.005859
2 0.016602 0.963867 0.009766 0.009766
2 0.542969 0.957031 0.003906 0.007812
3 0.185547 0.952148 0.003906 0.005859
2 0.929688 0.972656 0.140625 0.054688
2 0.998047 0.944336 0.003906 0.001953
2 0.989258 0.946289 0.009766 0.005859
3 0.186523 0.944336 0.001953 0.001953
2 0.064453 0.946289 0.003906 0.005859
3 0.184570 0.940430 0.001953 0.001953
3 0.184570 0.936523 0.001953 0.001953
3 0.159180 0.930664 0.005859 0.005859
2 0.053711 0.931641 0.005859 0.007812
3 0.161133 0.923828 0.001953 0.003906
3 0.163086 0.918945 0.001953 0.001953
3 0.159180 0.918945 0.001953 0.001953
3 0.163086 0.915039 0.001953 0.001953
2 0.823242 0.907227 0.001953 0.001953
2 0.190430 0.907227 0.001953 0.001953
2 0.827148 0.903320 0.001953 0.001953
2 0.823242 0.903320 0.001953 0.001953
2 0.560547 0.898438 0.003906 0.003906
2 0.936523 0.858398 0.001953 0.001953
2 0.821289 0.854492 0.001953 0.001953
2 0.864258 0.855469 0.005859 0.011719
2 0.927734 0.850586 0.007812 0.013672
2 0.875977 0.844727 0.001953 0.001953
2 0.981445 0.840820 0.001953 0.001953
2 0.990234 0.831055 0.011719 0.005859
2 0.843750 0.833008 0.007812 0.009766
2 0.941406 0.827148 0.003906 0.001953
2 0.931641 0.829102 0.007812 0.009766
2 0.897461 0.828125 0.021484 0.011719
2 0.953125 0.832031 0.015625 0.023438
2 0.024414 0.817383 0.001953 0.001953
2 0.968750 0.815430 0.003906 0.001953
2 0.791992 0.815430 0.001953 0.001953
2 0.863281 0.816406 0.011719 0.007812
3 0.721680 0.813477 0.001953 0.001953
2 0.957031 0.814453 0.011719 0.007812
2 0.043945 0.808594 0.001953 0.003906
3 0.723633 0.804688 0.005859 0.007812
2 0.987305 0.813477 0.025391 0.029297
2 0.792969 0.801758 0.007812 0.005859
2 0.939453 0.790039 0.007812 0.009766
2 0.583984 0.780273 0.003906 0.005859
2 0.908203 0.792969 0.015625 0.039062
2 0.917969 0.775391 0.007812 0.007812
3 0.772461 0.766602 0.001953 0.001953
2 0.593750 0.767578 0.003906 0.003906
2 0.598633 0.762695 0.001953 0.001953
2 0.982422 0.757812 0.003906 0.003906
2 0.569336 0.767578 0.017578 0.023438
2 0.843750 0.757812 0.015625 0.007812
2 0.694336 0.754883 0.001953 0.001953
2 0.979492 0.752930 0.001953 0.001953
2 0.850586 0.750977 0.001953 0.001953
2 0.774414 0.752930 0.005859 0.005859
2 0.604492 0.753906 0.005859 0.007812
2 0.611328 0.750977 0.003906 0.005859
2 0.934570 0.763672 0.017578 0.035156
3 0.620117 0.747070 0.001953 0.001953
3 0.687500 0.746094 0.003906 0.003906
2 0.894531 0.757812 0.011719 0.031250
2 0.559570 0.741211 0.005859 0.005859
2 0.696289 0.739258 0.005859 0.005859
2 0.788086 0.737305 0.005859 0.005859
2 0.583984 0.741211 0.015625 0.013672
2 0.997070 0.737305 0.005859 0.009766
2 0.563477 0.731445 0.001953 0.001953
2 0.695312 0.729492 0.003906 0.001953
2 0.596680 0.728516 0.005859 0.003906
2 0.986328 0.723633 0.007812 0.009766
2 0.954102 0.766602 0.091797 0.095703
2 0.606445 0.721680 0.013672 0.009766
2 0.711914 0.715820 0.005859 0.005859
2 0.994141 0.715820 0.011719 0.013672
2 0.469727 0.702148 0.001953 0.001953
2 0.994141 0.704102 0.011719 0.009766
2 0.746094 0.700195 0.003906 0.001953
2 0.711914 0.696289 0.001953 0.001953
2 0.479492 0.697266 0.009766 0.011719
3 0.701172 0.692383 0.003906 0.009766
3 0.598633 0.688477 0.001953 0.001953
2 0.743164 0.687500 0.001953 0.003906
2 0.707031 0.684570 0.003906 0.001953
2 0.780273 0.682617 0.001953 0.001953
2 0.750977 0.707031 0.060547 0.089844
2 0.744141 0.667969 0.003906 0.011719
2 0.749023 0.657227 0.001953 0.001953
2 0.736328 0.653320 0.003906 0.001953
2 0.844727 0.651367 0.001953 0.001953
2 0.766602 0.666016 0.017578 0.039062
2 0.651367 0.646484 0.001953 0.003906
2 0.482422 0.644531 0.007812 0.003906
2 0.841797 0.641602 0.007812 0.009766
3 0.492188 0.638672 0.019531 0.003906
2 0.800781 0.645508 0.007812 0.029297
2 0.775391 0.631836 0.007812 0.005859
3 0.475586 0.630859 0.009766 0.007812
2 0.790039 0.628906 0.021484 0.015625
2 0.657227 0.622070 0.001953 0.001953
2 0.794922 0.607422 0.007812 0.007812
2 0.801758 0.596680 0.001953 0.001953
3 0.563477 0.592773 0.001953 0.001953
3 0.807617 0.590820 0.001953 0.001953
2 0.775391 0.592773 0.003906 0.005859
2 0.102539 0.595703 0.009766 0.011719
3 0.814453 0.586914 0.003906 0.005859
2 0.788086 0.575195 0.001953 0.001953
2 0.784180 0.575195 0.001953 0.001953
2 0.991211 0.576172 0.009766 0.007812
2 0.791992 0.574219 0.001953 0.003906
2 0.063477 0.580078 0.033203 0.019531
2 0.783203 0.569336 0.003906 0.005859
3 0.735352 0.583984 0.025391 0.035156
3 0.733398 0.567383 0.001953 0.001953
3 0.729492 0.567383 0.001953 0.001953
2 0.004883 0.563477 0.001953 0.001953
3 0.729492 0.561523 0.001953 0.001953
2 0.793945 0.562500 0.005859 0.007812
3 0.714844 0.559570 0.023438 0.021484
3 0.805664 0.547852 0.001953 0.001953
3 0.708008 0.552734 0.009766 0.011719
2 0.987305 0.547852 0.009766 0.005859
2 0.859375 0.547852 0.003906 0.005859
2 0.023438 0.556641 0.023438 0.023438
2 0.001953 0.553711 0.003906 0.017578
3 0.661133 0.544922 0.005859 0.003906
3 0.722656 0.542969 0.003906 0.003906
2 0.838867 0.536133 0.001953 0.001953
2 0.789062 0.543945 0.019531 0.017578
3 0.719727 0.537109 0.001953 0.003906
3 0.708008 0.536133 0.001953 0.001953
3 0.930664 0.534180 0.001953 0.001953
2 0.965820 0.532227 0.001953 0.001953
3 0.810547 0.536133 0.003906 0.009766
2 0.924805 0.524414 0.001953 0.001953
2 0.998047 0.516602 0.003906 0.009766
2 0.704102 0.512695 0.001953 0.001953
2 0.734375 0.512695 0.003906 0.005859
2 0.998047 0.500000 0.003906 0.003906
2 0.923828 0.501953 0.023438 0.015625
2 0.020508 0.491211 0.001953 0.001953
2 0.711914 0.490234 0.001953 0.003906
2 0.704102 0.489258 0.005859 0.005859
2 0.878906 0.487305 0.007812 0.009766
2 0.758789 0.488281 0.005859 0.011719
2 0.897461 0.481445 0.001953 0.001953
2 0.736328 0.485352 0.007812 0.009766
2 0.688477 0.479492 0.001953 0.001953
2 0.710938 0.478516 0.003906 0.003906
2 0.684570 0.520508 0.037109 0.087891
2 0.915039 0.475586 0.001953 0.001953
2 0.748047 0.483398 0.007812 0.017578
2 0.733398 0.477539 0.001953 0.005859
2 0.668945 0.485352 0.013672 0.021484
2 0.893555 0.469727 0.017578 0.021484
2 0.132812 0.460938 0.003906 0.003906
2 0.157227 0.455078 0.005859 0.003906
2 0.980469 0.457031 0.011719 0.011719
3 0.864258 0.449219 0.005859 0.007812
2 0.056641 0.449219 0.011719 0.011719
2 0.893555 0.451172 0.021484 0.019531
2 0.880859 0.445312 0.003906 0.007812
2 0.885742 0.438477 0.001953 0.001953
2 0.138672 0.446289 0.019531 0.017578
3 0.660156 0.436523 0.007812 0.013672
2 0.103516 0.435547 0.007812 0.011719
2 0.893555 0.433594 0.009766 0.011719
2 0.142578 0.426758 0.007812 0.005859
2 0.097656 0.427734 0.011719 0.007812
2 0.025391 0.428711 0.015625 0.009766
2 0.041992 0.423828 0.005859 0.003906
2 0.026367 0.422852 0.001953 0.001953
2 0.001953 0.417969 0.003906 0.011719
2 0.897461 0.417969 0.013672 0.015625
2 0.699219 0.416992 0.007812 0.017578
2 0.909180 0.407227 0.005859 0.005859
2 0.634766 0.411133 0.011719 0.021484
2 0.002930 0.399414 0.005859 0.005859
2 0.691406 0.390625 0.003906 0.003906
2 0.658203 0.404297 0.058594 0.054688
2 0.066406 0.336914 0.007812 0.005859
2 0.078125 0.329102 0.003906 0.001953
2 0.032227 0.315430 0.001953 0.001953
2 0.014648 0.308594 0.029297 0.027344
2 0.005859 0.229492 0.011719 0.009766
3 0.309570 0.139648 0.001953 0.001953
3 0.301758 0.125977 0.001953 0.005859
2 0.125000 0.125977 0.007812 0.005859
3 0.291016 0.120117 0.003906 0.001953
3 0.290039 0.116211 0.001953 0.001953
3 0.315430 0.103516 0.001953 0.003906
2 0.116211 0.106445 0.013672 0.009766
3 0.333008 0.098633 0.001953 0.001953
2 0.361328 0.094727 0.003906 0.001953
2 0.502930 0.103516 0.017578 0.023438
3 0.640625 0.086914 0.003906 0.001953
3 0.298828 0.093750 0.007812 0.019531
3 0.258789 0.082031 0.001953 0.003906
2 0.514648 0.079102 0.001953 0.001953
2 0.507812 0.078125 0.003906 0.007812
2 0.116211 0.073242 0.005859 0.005859
2 0.468750 0.061523 0.003906 0.005859
3 0.624023 0.046875 0.001953 0.003906
3 0.258789 0.044922 0.005859 0.007812
3 0.319336 0.040039 0.005859 0.009766
3 0.412109 0.037109 0.003906 0.007812
3 0.643555 0.041016 0.013672 0.019531
2 0.835938 0.033203 0.007812 0.007812
3 0.327148 0.030273 0.001953 0.001953
2 0.509766 0.034180 0.042969 0.025391
3 0.321289 0.024414 0.001953 0.005859
3 0.254883 0.025391 0.001953 0.007812
3 0.692383 0.006836 0.001953 0.001953
2 0.813477 0.001953 0.005859 0.003906
2 0.806641 0.000977 0.003906 0.001953
2 0.649414 0.016602 0.017578 0.033203
2 0.489258 0.007812 0.013672 0.015625
2 0.046875 0.002930 0.003906 0.005859
3 0.500000 0.500000 1.000000 1.000000