0 0.154297 0.999023 0.003906 0.001953
0 0.300781 0.997070 0.003906 0.001953
0 0.291016 0.998047 0.007812 0.003906
0 0.592773 0.997070 0.013672 0.005859
0 0.299805 0.993164 0.001953 0.001953
0 0.562500 0.985352 0.007812 0.005859
0 0.141602 0.981445 0.001953 0.001953
0 0.559570 0.977539 0.005859 0.005859
0 0.141602 0.975586 0.001953 0.001953
0 0.989258 0.986328 0.021484 0.027344
0 0.999023 0.971680 0.001953 0.001953
0 0.141602 0.971680 0.001953 0.001953
0 0.137695 0.971680 0.001953 0.001953
0 0.386719 0.961914 0.007812 0.009766
0 0.114258 0.958008 0.001953 0.001953
0 0.498047 0.956055 0.003906 0.001953
0 0.535156 0.958008 0.019531 0.013672
0 0.455078 0.954102 0.011719 0.009766
0 0.598633 0.949219 0.033203 0.023438
0 0.297852 0.932617 0.001953 0.001953
0 0.288086 0.932617 0.001953 0.001953
0 0.487305 0.930664 0.001953 0.001953
0 0.483398 0.930664 0.001953 0.001953
0 0.420898 0.924805 0.001953 0.001953
0 0.432617 0.922852 0.001953 0.001953
0 0.415039 0.920898 0.001953 0.001953
0 0.420898 0.918945 0.001953 0.001953
0 0.301758 0.916992 0.001953 0.001953
1 0.480469 0.918945 0.011719 0.009766
0 0.312500 0.917969 0.007812 0.007812
1 0.489258 0.913086 0.001953 0.001953
0 0.565430 0.911133 0.001953 0.001953
0 0.391602 0.909180 0.001953 0.001953
0 0.569336 0.908203 0.005859 0.003906
1 0.434570 0.905273 0.001953 0.001953
0 0.571289 0.903320 0.001953 0.001953
1 0.433594 0.899414 0.003906 0.005859
0 0.217773 0.887695 0.001953 0.001953
0 0.519531 0.896484 0.027344 0.023438
1 0.450195 0.888672 0.013672 0.011719
0 0.287109 0.899414 0.031250 0.037109
0 0.333008 0.877930 0.001953 0.001953
0 0.229492 0.890625 0.029297 0.027344
0 0.294922 0.875977 0.003906 0.001953
0 0.144531 0.913086 0.074219 0.083984
0 0.221680 0.868164 0.001953 0.001953
0 0.215820 0.868164 0.001953 0.001953
0 0.272461 0.866211 0.001953 0.001953
0 0.043945 0.867188 0.005859 0.003906
0 0.269531 0.862305 0.003906 0.001953
0 0.221680 0.862305 0.001953 0.001953
0 0.154297 0.861328 0.003906 0.007812
0 0.268555 0.856445 0.001953 0.001953
0 0.387695 0.855469 0.005859 0.003906
0 0.143555 0.854492 0.001953 0.001953
0 0.280273 0.848633 0.001953 0.001953
0 0.340820 0.846680 0.001953 0.001953
0 0.152344 0.850586 0.011719 0.009766
0 0.140625 0.847656 0.003906 0.003906
0 0.196289 0.844727 0.001953 0.001953
0 0.147461 0.844727 0.001953 0.001953
0 0.283203 0.844727 0.007812 0.005859
0 0.286133 0.840820 0.001953 0.001953
0 0.336914 0.836914 0.001953 0.001953
0 0.168945 0.836914 0.001953 0.001953
0 0.131836 0.827148 0.001953 0.001953
0 0.148438 0.833008 0.035156 0.021484
0 0.249023 0.821289 0.001953 0.001953
0 0.167969 0.821289 0.007812 0.005859
0 0.254883 0.817383 0.001953 0.001953
0 0.171875 0.815430 0.003906 0.001953
0 0.291992 0.807617 0.001953 0.001953
0 0.366211 0.805664 0.001953 0.001953
0 0.204102 0.805664 0.001953 0.001953
0 0.458008 0.805664 0.005859 0.005859
0 0.319336 0.803711 0.001953 0.001953
0 0.208008 0.803711 0.001953 0.001953
0 0.236328 0.834961 0.105469 0.068359
0 0.178711 0.806641 0.013672 0.011719
0 0.461914 0.799805 0.001953 0.001953
0 0.307617 0.797852 0.001953 0.001953
1 0.217773 0.797852 0.001953 0.001953
0 0.192383 0.799805 0.005859 0.005859
0 0.345703 0.792969 0.007812 0.007812
0 0.340820 0.784180 0.001953 0.001953
0 0.436523 0.770508 0.001953 0.001953
0 0.436523 0.766602 0.001953 0.001953
0 0.436523 0.762695 0.001953 0.001953
0 0.206055 0.772461 0.033203 0.025391
0 0.599609 0.755859 0.015625 0.011719
0 0.312500 0.793945 0.109375 0.087891
0 0.381836 0.745117 0.001953 0.001953
0 0.268555 0.746094 0.001953 0.003906
0 0.540039 0.743164 0.001953 0.001953
0 0.522461 0.743164 0.001953 0.001953
0 0.473633 0.756836 0.064453 0.033203
0 0.420898 0.753906 0.033203 0.027344
0 0.531250 0.740234 0.003906 0.003906
0 0.540039 0.737305 0.001953 0.001953
0 0.447266 0.739258 0.007812 0.005859
0 0.270508 0.738281 0.009766 0.003906
0 0.380859 0.736328 0.003906 0.003906
0 0.276367 0.735352 0.001953 0.001953
0 0.518555 0.734375 0.005859 0.003906
0 0.383789 0.733398 0.001953 0.001953
0 0.383789 0.729492 0.001953 0.001953
0 0.530273 0.733398 0.013672 0.013672
0 0.520508 0.727539 0.001953 0.001953
0 0.511719 0.725586 0.003906 0.001953
0 0.444336 0.717773 0.001953 0.001953
0 0.190430 0.717773 0.001953 0.001953
0 0.186523 0.715820 0.001953 0.001953
0 0.180664 0.713867 0.001953 0.001953
0 0.440430 0.711914 0.001953 0.001953
0 0.433594 0.705078 0.050781 0.023438
0 0.420898 0.692383 0.001953 0.001953
0 0.440430 0.690430 0.001953 0.001953
0 0.074219 0.687500 0.003906 0.003906
0 0.076172 0.683594 0.003906 0.003906
0 0.478516 0.690430 0.050781 0.041016
0 0.082031 0.674805 0.007812 0.009766
0 0.404297 0.666992 0.003906 0.005859
0 0.444336 0.655273 0.001953 0.001953
0 0.356445 0.662109 0.025391 0.015625
0 0.459961 0.651367 0.001953 0.001953
0 0.446289 0.651367 0.001953 0.001953
0 0.359375 0.651367 0.003906 0.001953
0 0.385742 0.649414 0.001953 0.001953
0 0.995117 0.643555 0.001953 0.001953
0 0.623047 0.631836 0.003906 0.005859
0 0.064453 0.614258 0.007812 0.005859
0 0.450195 0.630859 0.033203 0.042969
0 0.574219 0.603516 0.003906 0.003906
0 0.336914 0.601562 0.001953 0.007812
0 0.368164 0.594727 0.001953 0.001953
0 0.438477 0.590820 0.001953 0.001953
0 0.364258 0.591797 0.001953 0.003906
0 0.338867 0.591797 0.001953 0.003906
0 0.445312 0.588867 0.011719 0.005859
0 0.340820 0.584961 0.001953 0.001953
0 0.352539 0.590820 0.017578 0.021484
0 0.374023 0.570312 0.009766 0.007812
0 0.364258 0.563477 0.001953 0.001953
0 0.371094 0.557617 0.007812 0.001953
1 0.926758 0.545898 0.001953 0.001953
1 0.916016 0.520508 0.007812 0.005859
1 0.906250 0.535156 0.035156 0.035156
1 0.914062 0.512695 0.003906 0.005859
0 0.875977 0.512695 0.009766 0.009766
1 0.977539 0.507812 0.005859 0.003906
1 0.952148 0.501953 0.005859 0.003906
0 0.852539 0.500977 0.013672 0.009766
1 0.780273 0.495117 0.009766 0.009766
0 0.854492 0.491211 0.005859 0.005859
1 0.866211 0.487305 0.001953 0.001953
0 0.375977 0.485352 0.001953 0.001953
1 0.843750 0.484375 0.003906 0.007812
1 0.782227 0.481445 0.009766 0.005859
0 0.588867 0.479492 0.001953 0.001953
0 0.500977 0.479492 0.001953 0.001953
0 0.603516 0.480469 0.015625 0.007812
0 0.360352 0.483398 0.013672 0.013672
1 0.760742 0.469727 0.001953 0.001953
1 0.764648 0.467773 0.001953 0.001953
0 0.547852 0.481445 0.087891 0.029297
0 0.706055 0.464844 0.001953 0.003906
0 0.598633 0.464844 0.009766 0.007812
0 0.714844 0.463867 0.011719 0.013672
0 0.669922 0.454102 0.007812 0.009766
0 0.635742 0.454102 0.013672 0.013672
0 0.699219 0.450195 0.015625 0.009766
1 0.821289 0.450195 0.025391 0.013672
1 0.904297 0.443359 0.007812 0.003906
1 0.905273 0.436523 0.001953 0.001953
1 0.993164 0.461914 0.013672 0.068359
1 0.990234 0.425781 0.003906 0.003906
0 0.270508 0.424805 0.001953 0.001953
1 0.810547 0.424805 0.007812 0.005859
1 0.999023 0.411133 0.001953 0.001953
1 0.993164 0.409180 0.001953 0.001953
0 0.319336 0.414062 0.021484 0.011719
0 0.358398 0.413086 0.021484 0.017578
1 0.966797 0.418945 0.035156 0.033203
1 0.804688 0.414062 0.027344 0.023438
1 0.782227 0.411133 0.017578 0.017578
1 0.985352 0.399414 0.001953 0.001953
1 0.821289 0.399414 0.001953 0.001953
0 0.527344 0.401367 0.003906 0.005859
1 0.847656 0.398438 0.003906 0.003906
1 0.982422 0.395508 0.003906 0.001953
0 0.888672 0.395508 0.003906 0.005859
1 0.850586 0.393555 0.001953 0.001953
0 0.883789 0.385742 0.005859 0.005859
0 0.550781 0.383789 0.003906 0.001953
0 0.340820 0.377930 0.001953 0.001953
0 0.572266 0.376953 0.015625 0.003906
0 0.576172 0.372070 0.003906 0.001953
1 0.979492 0.377930 0.021484 0.029297
0 0.810547 0.371094 0.015625 0.015625
0 0.540039 0.372070 0.033203 0.017578
1 0.972656 0.343750 0.003906 0.003906
0 0.776367 0.342773 0.001953 0.001953
0 0.966797 0.339844 0.003906 0.003906
0 0.817383 0.334961 0.001953 0.001953
0 0.758789 0.336914 0.083984 0.029297
0 0.850586 0.321289 0.001953 0.001953
0 0.864258 0.319336 0.001953 0.001953
0 0.856445 0.320312 0.005859 0.003906
0 0.821289 0.325195 0.037109 0.013672
0 0.973633 0.311523 0.001953 0.001953
0 0.941406 0.312500 0.003906 0.003906
0 0.177734 0.310547 0.003906 0.003906
0 0.973633 0.307617 0.001953 0.001953
0 0.931641 0.304688 0.003906 0.003906
0 0.984375 0.318359 0.031250 0.062500
0 0.913086 0.321289 0.091797 0.068359
0 0.948242 0.282227 0.001953 0.001953
0 0.717773 0.276367 0.001953 0.001953
0 0.962891 0.291992 0.039062 0.056641
0 0.543945 0.263672 0.009766 0.007812
0 0.920898 0.263672 0.017578 0.011719
0 0.708008 0.264648 0.025391 0.013672
0 0.733398 0.254883 0.001953 0.001953
0 0.717773 0.252930 0.001953 0.001953
0 0.115234 0.260742 0.015625 0.021484
0 0.575195 0.221680 0.001953 0.001953
0 0.993164 0.219727 0.013672 0.013672
0 0.983398 0.213867 0.001953 0.001953
0 0.977539 0.212891 0.001953 0.003906
0 0.583008 0.219727 0.009766 0.017578
0 0.995117 0.209961 0.001953 0.001953
0 0.991211 0.206055 0.001953 0.001953
0 0.982422 0.205078 0.011719 0.007812
0 0.581055 0.200195 0.001953 0.001953
0 0.577148 0.200195 0.001953 0.001953
0 0.597656 0.192383 0.003906 0.001953
0 0.994141 0.194336 0.011719 0.009766
0 0.987305 0.181641 0.021484 0.015625
0 0.458984 0.169922 0.003906 0.003906
0 0.727539 0.112305 0.001953 0.001953
0 0.727539 0.108398 0.001953 0.001953
0 0.022461 0.104492 0.001953 0.001953
0 0.051758 0.101562 0.013672 0.011719
0 0.995117 0.074219 0.009766 0.011719
0 0.477539 0.030273 0.001953 0.001953
0 0.196289 0.020508 0.001953 0.001953
0 0.192383 0.020508 0.001953 0.001953
0 0.204102 0.016602 0.001953 0.001953
0 0.198242 0.016602 0.001953 0.001953
0 0.215820 0.014648 0.001953 0.001953
0 0.190430 0.015625 0.005859 0.003906
0 0.175781 0.014648 0.003906 0.001953
0 0.200195 0.012695 0.001953 0.001953
0 0.208008 0.010742 0.001953 0.001953
0 0.178711 0.010742 0.001953 0.001953
0 0.236328 0.018555 0.046875 0.037109
0 0.177734 0.004883 0.007812 0.009766
2 0.999023 0.999023 0.001953 0.001953
2 0.500000 0.500000 1.000000 1.000000