1 0.271484 0.995117 0.003906 0.005859
1 0.247070 0.996094 0.017578 0.007812
1 0.194336 0.996094 0.025391 0.007812
1 0.869141 0.989258 0.007812 0.001953
1 0.600586 0.992188 0.009766 0.011719
1 0.937500 0.992188 0.031250 0.015625
1 0.812500 0.988281 0.007812 0.007812
1 0.719727 0.986328 0.001953 0.003906
1 0.585938 0.986328 0.007812 0.007812
1 0.411133 0.989258 0.021484 0.021484
1 0.287109 0.984375 0.011719 0.015625
1 0.844727 0.983398 0.029297 0.017578
1 0.697266 0.982422 0.031250 0.035156
1 0.371094 0.965820 0.003906 0.001953
1 0.222656 0.964844 0.003906 0.003906
1 0.327148 0.964844 0.017578 0.011719
1 0.276367 0.959961 0.009766 0.009766
0 0.389648 0.954102 0.001953 0.001953
1 0.181641 0.956055 0.011719 0.009766
1 0.361328 0.950195 0.003906 0.009766
1 0.997070 0.944336 0.001953 0.001953
1 0.993164 0.944336 0.001953 0.001953
1 0.086914 0.950195 0.017578 0.021484
1 0.780273 0.954102 0.033203 0.044922
1 0.723633 0.932617 0.001953 0.001953
0 0.123047 0.930664 0.015625 0.013672
1 0.744141 0.920898 0.003906 0.005859
1 0.954102 0.929688 0.021484 0.031250
1 0.874023 0.956055 0.056641 0.087891
1 0.736328 0.913086 0.011719 0.013672
1 0.686523 0.908203 0.001953 0.003906
1 0.977539 0.906250 0.009766 0.007812
1 0.883789 0.920898 0.017578 0.041016
1 0.835938 0.903320 0.007812 0.005859
1 0.689453 0.896484 0.011719 0.011719
1 0.608398 0.927734 0.091797 0.074219
1 0.935547 0.906250 0.019531 0.035156
1 0.131836 0.889648 0.001953 0.001953
1 0.990234 0.912109 0.019531 0.050781
1 0.098633 0.890625 0.001953 0.007812
1 0.755859 0.892578 0.007812 0.015625
1 0.311523 0.889648 0.017578 0.013672
0 0.102539 0.881836 0.001953 0.001953
1 0.370117 0.881836 0.009766 0.005859
1 0.096680 0.877930 0.005859 0.009766
1 0.436523 0.872070 0.001953 0.001953
1 0.692383 0.868164 0.009766 0.005859
1 0.047852 0.889648 0.017578 0.056641
1 0.683594 0.861328 0.007812 0.003906
1 0.405273 0.870117 0.017578 0.021484
1 0.691406 0.855469 0.003906 0.011719
1 0.149414 0.853516 0.017578 0.011719
1 0.079102 0.859375 0.029297 0.023438
1 0.084961 0.844727 0.001953 0.001953
1 0.303711 0.836914 0.017578 0.013672
1 0.721680 0.859375 0.041016 0.062500
1 0.378906 0.831055 0.007812 0.009766
1 0.206055 0.825195 0.001953 0.001953
1 0.191406 0.823242 0.019531 0.005859
1 0.907227 0.813477 0.001953 0.001953
1 0.169922 0.814453 0.007812 0.003906
1 0.911133 0.811523 0.001953 0.001953
1 0.205078 0.814453 0.007812 0.015625
1 0.272461 0.805664 0.001953 0.001953
0 0.268555 0.803711 0.001953 0.001953
1 0.323242 0.802734 0.009766 0.007812
1 0.279297 0.820312 0.050781 0.042969
1 0.747070 0.800781 0.009766 0.007812
1 0.209961 0.796875 0.017578 0.007812
1 0.815430 0.796875 0.021484 0.011719
1 0.767578 0.795898 0.007812 0.009766
1 0.791992 0.794922 0.013672 0.011719
1 0.332031 0.793945 0.019531 0.013672
1 0.108398 0.816406 0.025391 0.058594
1 0.998047 0.794922 0.003906 0.019531
1 0.280273 0.785156 0.009766 0.003906
1 0.635742 0.782227 0.001953 0.001953
1 0.344727 0.784180 0.005859 0.005859
1 0.286133 0.782227 0.001953 0.001953
1 0.943359 0.792969 0.050781 0.031250
1 0.722656 0.799805 0.023438 0.044922
1 0.660156 0.782227 0.011719 0.013672
1 0.685547 0.775391 0.007812 0.003906
1 0.509766 0.797852 0.035156 0.052734
1 0.118164 0.772461 0.009766 0.021484
1 0.202148 0.763672 0.005859 0.007812
1 0.623047 0.758789 0.023438 0.009766
1 0.277344 0.756836 0.007812 0.005859
1 0.269531 0.753906 0.003906 0.003906
1 0.742188 0.751953 0.003906 0.003906
1 0.276367 0.748047 0.001953 0.003906
1 0.458984 0.872070 0.105469 0.255859
1 0.428711 0.745117 0.009766 0.013672
1 0.732422 0.744141 0.007812 0.015625
1 0.603516 0.791016 0.082031 0.113281
1 0.081055 0.733398 0.005859 0.005859
1 0.399414 0.731445 0.001953 0.005859
1 0.389648 0.728516 0.005859 0.003906
1 0.957031 0.728516 0.007812 0.007812
1 0.418945 0.727539 0.021484 0.029297
1 0.661133 0.716797 0.009766 0.015625
1 0.998047 0.711914 0.003906 0.009766
1 0.200195 0.710938 0.017578 0.011719
1 0.014648 0.711914 0.029297 0.021484
1 0.102539 0.704102 0.033203 0.013672
1 0.226562 0.702148 0.011719 0.025391
1 0.650391 0.698242 0.015625 0.025391
1 0.374023 0.689453 0.009766 0.011719
1 0.225586 0.684570 0.001953 0.001953
1 0.006836 0.687500 0.013672 0.015625
1 0.077148 0.679688 0.005859 0.007812
1 0.040039 0.682617 0.009766 0.013672
1 0.171875 0.678711 0.003906 0.009766
0 0.136719 0.676758 0.007812 0.005859
1 0.833008 0.674805 0.009766 0.005859
1 0.044922 0.663086 0.003906 0.001953
1 0.927734 0.666992 0.019531 0.013672
0 0.118164 0.660156 0.005859 0.003906
1 0.036133 0.660156 0.005859 0.007812
0 0.243164 0.653320 0.001953 0.001953
1 0.227539 0.651367 0.001953 0.001953
1 0.667969 0.666992 0.054688 0.037109
1 0.700195 0.643555 0.001953 0.001953
1 0.077148 0.643555 0.001953 0.001953
1 0.700195 0.639648 0.005859 0.001953
1 0.217773 0.647461 0.009766 0.017578
1 0.942383 0.639648 0.005859 0.005859
1 0.086914 0.641602 0.013672 0.013672
1 0.158203 0.648438 0.023438 0.031250
1 0.081055 0.631836 0.001953 0.001953
1 0.625977 0.632812 0.005859 0.007812
1 0.404297 0.632812 0.007812 0.007812
1 0.499023 0.725586 0.072266 0.201172
1 0.243164 0.620117 0.001953 0.001953
1 0.176758 0.618164 0.001953 0.001953
1 0.027344 0.636719 0.054688 0.039062
1 0.268555 0.631836 0.029297 0.033203
1 0.913086 0.616211 0.005859 0.005859
0 0.627930 0.614258 0.001953 0.001953
1 0.274414 0.615234 0.001953 0.003906
1 0.169922 0.615234 0.003906 0.003906
1 0.062500 0.616211 0.007812 0.005859
1 0.034180 0.614258 0.001953 0.001953
1 0.012695 0.616211 0.005859 0.005859
1 0.100586 0.614258 0.005859 0.005859
1 0.909180 0.610352 0.001953 0.001953
0 0.625977 0.610352 0.001953 0.001953
1 0.432617 0.613281 0.013672 0.007812
1 0.995117 0.612305 0.009766 0.009766
0 0.581055 0.610352 0.005859 0.005859
0 0.290039 0.606445 0.001953 0.001953
1 0.345703 0.599609 0.003906 0.003906
1 0.441406 0.597656 0.003906 0.003906
1 0.891602 0.606445 0.021484 0.025391
1 0.583008 0.598633 0.009766 0.009766
1 0.997070 0.595703 0.005859 0.007812
1 0.500977 0.594727 0.021484 0.009766
0 0.366211 0.591797 0.021484 0.003906
1 0.858398 0.592773 0.021484 0.017578
1 0.673828 0.589844 0.015625 0.011719
1 0.034180 0.591797 0.013672 0.019531
1 0.425781 0.586914 0.082031 0.013672
1 0.157227 0.581055 0.001953 0.001953
1 0.015625 0.602539 0.031250 0.044922
0 0.551758 0.579102 0.001953 0.001953
0 0.374023 0.579102 0.001953 0.001953
1 0.131836 0.583984 0.017578 0.011719
1 0.106445 0.599609 0.064453 0.046875
1 0.026367 0.576172 0.005859 0.007812
1 0.147461 0.573242 0.013672 0.009766
1 0.101562 0.573242 0.011719 0.009766
1 0.051758 0.572266 0.005859 0.007812
1 0.194336 0.565430 0.001953 0.001953
1 0.627930 0.561523 0.009766 0.009766
1 0.389648 0.560547 0.009766 0.007812
1 0.120117 0.551758 0.001953 0.001953
1 0.110352 0.547852 0.001953 0.001953
1 0.211914 0.595703 0.087891 0.105469
0 0.690430 0.535156 0.001953 0.003906
1 0.642578 0.539062 0.019531 0.019531
1 0.319336 0.538086 0.005859 0.017578
1 0.083008 0.530273 0.001953 0.001953
1 0.455078 0.532227 0.054688 0.021484
1 0.026367 0.524414 0.001953 0.005859
1 0.091797 0.520508 0.003906 0.001953
0 0.881836 0.521484 0.009766 0.011719
0 0.224609 0.516602 0.003906 0.001953
1 0.098633 0.528320 0.025391 0.025391
1 0.042969 0.522461 0.007812 0.013672
1 0.545898 0.559570 0.048828 0.095703
0 0.323242 0.512695 0.001953 0.001953
1 0.065430 0.525391 0.029297 0.031250
0 0.297852 0.504883 0.001953 0.001953
1 0.057617 0.507812 0.005859 0.007812
0 0.310547 0.503906 0.019531 0.007812
1 0.323242 0.499023 0.001953 0.001953
1 0.177734 0.499023 0.007812 0.005859
1 0.051758 0.499023 0.005859 0.005859
1 0.686523 0.504883 0.044922 0.029297
1 0.156250 0.494141 0.015625 0.007812
1 0.504883 0.500000 0.037109 0.023438
1 0.201172 0.486328 0.007812 0.007812
1 0.215820 0.494141 0.025391 0.027344
1 0.120117 0.482422 0.001953 0.003906
0 0.694336 0.480469 0.009766 0.003906
1 0.190430 0.481445 0.021484 0.005859
1 0.639648 0.476562 0.005859 0.003906
1 0.559570 0.484375 0.013672 0.031250
1 0.056641 0.470703 0.003906 0.003906
0 0.188477 0.467773 0.001953 0.001953
1 0.658203 0.467773 0.023438 0.009766
1 0.381836 0.467773 0.033203 0.013672
1 0.473633 0.487305 0.033203 0.056641
1 0.146484 0.460938 0.003906 0.003906
1 0.140625 0.459961 0.003906 0.001953
1 0.042969 0.485352 0.085938 0.056641
1 0.889648 0.458984 0.025391 0.011719
1 0.494141 0.453125 0.011719 0.011719
1 0.920898 0.448242 0.025391 0.009766
1 0.171875 0.430664 0.011719 0.005859
1 0.330078 0.430664 0.007812 0.009766
1 0.492188 0.432617 0.015625 0.017578
1 0.724609 0.426758 0.011719 0.009766
1 0.189453 0.422852 0.003906 0.001953
1 0.159180 0.420898 0.001953 0.001953
1 0.338867 0.422852 0.009766 0.013672
0 0.107422 0.418945 0.003906 0.005859
1 0.633789 0.420898 0.017578 0.013672
1 0.331055 0.413086 0.001953 0.001953
1 0.510742 0.416016 0.009766 0.011719
1 0.042969 0.437500 0.046875 0.058594
1 0.450195 0.420898 0.013672 0.029297
1 0.157227 0.405273 0.001953 0.001953
1 0.914062 0.406250 0.007812 0.007812
1 0.468750 0.408203 0.011719 0.011719
1 0.654297 0.401367 0.003906 0.001953
1 0.333008 0.405273 0.017578 0.009766
1 0.209961 0.401367 0.001953 0.005859
1 0.077148 0.399414 0.001953 0.001953
1 0.073242 0.399414 0.001953 0.001953
1 0.459961 0.386719 0.005859 0.003906
1 0.155273 0.385742 0.001953 0.001953
1 0.125977 0.391602 0.017578 0.013672
1 0.151367 0.383789 0.001953 0.001953
1 0.996094 0.385742 0.007812 0.009766
1 0.923828 0.376953 0.007812 0.007812
1 0.474609 0.375000 0.007812 0.007812
1 0.026367 0.386719 0.052734 0.031250
1 0.985352 0.370117 0.001953 0.001953
1 0.871094 0.375000 0.023438 0.015625
1 0.030273 0.369141 0.009766 0.007812
1 0.313477 0.362305 0.001953 0.001953
1 0.331055 0.364258 0.009766 0.013672
1 0.304688 0.362305 0.007812 0.017578
1 0.590820 0.350586 0.001953 0.001953
1 0.585938 0.350586 0.003906 0.001953
1 0.506836 0.363281 0.029297 0.027344
1 0.970703 0.350586 0.003906 0.005859
1 0.998047 0.348633 0.003906 0.005859
1 0.587891 0.375000 0.082031 0.058594
1 0.101562 0.348633 0.003906 0.005859
1 0.183594 0.350586 0.011719 0.013672
1 0.086914 0.349609 0.009766 0.011719
1 0.499023 0.317383 0.001953 0.001953
1 0.067383 0.313477 0.001953 0.001953
1 0.203125 0.313477 0.011719 0.013672
1 0.298828 0.329102 0.023438 0.048828
1 0.217773 0.316406 0.025391 0.027344
1 0.914062 0.312500 0.015625 0.027344
1 0.685547 0.304688 0.007812 0.011719
1 0.771484 0.330078 0.148438 0.066406
1 0.193359 0.300781 0.011719 0.007812
1 0.927734 0.291992 0.003906 0.001953
1 0.855469 0.294922 0.023438 0.007812
1 0.441406 0.295898 0.019531 0.013672
1 0.722656 0.294922 0.011719 0.015625
1 0.185547 0.419922 0.238281 0.273438
1 0.794922 0.278320 0.011719 0.009766
1 0.524414 0.379883 0.048828 0.212891
1 0.477539 0.276367 0.013672 0.013672
0 0.943359 0.273438 0.011719 0.015625
1 0.914062 0.275391 0.015625 0.019531
1 0.891602 0.265625 0.021484 0.007812
1 0.301758 0.262695 0.005859 0.001953
1 0.952148 0.260742 0.001953 0.001953
1 0.578125 0.261719 0.003906 0.003906
1 0.270508 0.265625 0.013672 0.015625
1 0.956055 0.256836 0.001953 0.001953
0 0.950195 0.255859 0.001953 0.003906
1 0.047852 0.255859 0.009766 0.003906
1 0.714844 0.254883 0.003906 0.005859
1 0.233398 0.255859 0.037109 0.027344
1 0.325195 0.229492 0.009766 0.013672
1 0.817383 0.248047 0.021484 0.054688
1 0.981445 0.234375 0.037109 0.031250
1 0.309570 0.217773 0.013672 0.009766
1 0.956055 0.218750 0.025391 0.019531
1 0.903320 0.209961 0.001953 0.001953
1 0.749023 0.206055 0.001953 0.001953
1 0.556641 0.199219 0.007812 0.003906
1 0.469727 0.227539 0.060547 0.064453
1 0.166992 0.195312 0.005859 0.007812
1 0.965820 0.194336 0.005859 0.009766
1 0.879883 0.185547 0.017578 0.007812
1 0.153320 0.181641 0.001953 0.003906
1 0.533203 0.187500 0.019531 0.019531
1 0.502930 0.183594 0.013672 0.015625
1 0.183594 0.176758 0.003906 0.001953
1 0.987305 0.186523 0.025391 0.025391
1 0.796875 0.186523 0.007812 0.025391
1 0.273438 0.179688 0.031250 0.011719
1 0.719727 0.178711 0.009766 0.013672
1 0.151367 0.172852 0.001953 0.001953
0 0.602539 0.171875 0.013672 0.003906
1 0.157227 0.171875 0.001953 0.003906
1 0.216797 0.183594 0.046875 0.031250
1 0.919922 0.211914 0.023438 0.095703
1 0.667969 0.173828 0.070312 0.019531
1 0.518555 0.165039 0.005859 0.005859
1 0.730469 0.195312 0.046875 0.070312
1 0.436523 0.157227 0.001953 0.001953
0 0.856445 0.155273 0.001953 0.001953
1 0.561523 0.165039 0.013672 0.021484
1 0.288086 0.161133 0.017578 0.013672
1 0.331055 0.159180 0.025391 0.013672
0 0.864258 0.152344 0.005859 0.003906
1 0.747070 0.148438 0.001953 0.003906
1 0.575195 0.142578 0.013672 0.003906
1 0.116211 0.141602 0.001953 0.001953
1 0.778320 0.141602 0.009766 0.005859
1 0.723633 0.139648 0.005859 0.005859
1 0.413086 0.139648 0.005859 0.005859
1 0.338867 0.138672 0.001953 0.003906
1 0.234375 0.143555 0.011719 0.013672
1 0.930664 0.148438 0.013672 0.027344
1 0.128906 0.134766 0.007812 0.011719
1 0.321289 0.131836 0.009766 0.009766
1 0.850586 0.125977 0.005859 0.005859
1 0.409180 0.122070 0.009766 0.009766
1 0.242188 0.120117 0.003906 0.005859
1 0.407227 0.114258 0.001953 0.001953
1 0.257812 0.119141 0.023438 0.019531
1 0.805664 0.124023 0.013672 0.037109
1 0.724609 0.113281 0.046875 0.019531
1 0.583008 0.100586 0.001953 0.001953
1 0.834961 0.115234 0.025391 0.035156
1 0.577148 0.100586 0.005859 0.009766
1 0.290039 0.097656 0.001953 0.003906
1 0.310547 0.097656 0.011719 0.007812
1 0.685547 0.094727 0.003906 0.005859
1 0.072266 0.090820 0.023438 0.009766
1 0.539062 0.110352 0.023438 0.056641
1 0.860352 0.096680 0.013672 0.037109
1 0.753906 0.083008 0.011719 0.009766
1 0.305664 0.083008 0.009766 0.013672
1 0.770508 0.067383 0.001953 0.001953
1 0.804688 0.065430 0.003906 0.001953
1 0.751953 0.067383 0.007812 0.005859
1 0.528320 0.065430 0.001953 0.001953
1 0.318359 0.070312 0.007812 0.011719
1 0.622070 0.084961 0.056641 0.044922
1 0.826172 0.063477 0.007812 0.005859
1 0.529297 0.061523 0.003906 0.001953
1 0.852539 0.065430 0.025391 0.021484
1 0.743164 0.058594 0.017578 0.007812
0 0.695312 0.062500 0.015625 0.015625
1 0.785156 0.069336 0.023438 0.033203
1 0.513672 0.059570 0.011719 0.013672
1 0.818359 0.053711 0.007812 0.005859
1 0.774414 0.051758 0.001953 0.001953
1 0.160156 0.049805 0.003906 0.001953
1 0.793945 0.048828 0.001953 0.003906
1 0.997070 0.047852 0.005859 0.009766
0 0.729492 0.041992 0.001953 0.001953
1 0.113281 0.048828 0.023438 0.027344
1 0.762695 0.046875 0.044922 0.035156
1 0.672852 0.029297 0.005859 0.007812
1 0.304688 0.035156 0.015625 0.019531
1 0.373047 0.062500 0.070312 0.078125
1 0.132812 0.028320 0.011719 0.013672
1 0.916992 0.037109 0.056641 0.035156
1 0.334961 0.016602 0.001953 0.001953
1 0.296875 0.018555 0.011719 0.009766
1 0.211914 0.014648 0.001953 0.001953
1 0.336914 0.012695 0.001953 0.001953
1 0.215820 0.013672 0.001953 0.003906
1 0.875977 0.013672 0.017578 0.015625
1 0.923828 0.001953 0.003906 0.003906
1 0.824219 0.018555 0.046875 0.037109
0 0.546875 0.024414 0.058594 0.048828
0 0.507812 0.014648 0.027344 0.029297
0 0.481445 0.000977 0.005859 0.001953
1 0.450195 0.004883 0.013672 0.009766
1 0.387695 0.005859 0.029297 0.011719
1 0.200195 0.003906 0.037109 0.007812
1 0.149414 0.010742 0.025391 0.021484
1 0.084961 0.014648 0.033203 0.029297
3 0.936523 0.999023 0.001953 0.001953
3 0.999023 0.917969 0.001953 0.003906
3 0.450195 0.907227 0.009766 0.021484
3 0.011719 0.485352 0.003906 0.001953
3 0.002930 0.483398 0.005859 0.009766
3 0.500000 0.500000 1.000000 1.000000