1 0.321289 0.970703 0.001953 0.003906
0 0.049805 0.922852 0.001953 0.001953
0 0.041992 0.918945 0.001953 0.001953
0 0.028320 0.898438 0.001953 0.003906
0 0.999023 0.633789 0.001953 0.001953
0 0.027344 0.589844 0.003906 0.007812
1 0.996094 0.581055 0.007812 0.037109
1 0.999023 0.555664 0.001953 0.001953
0 0.000977 0.555664 0.001953 0.001953
1 0.074219 0.393555 0.019531 0.087891
1 0.014648 0.149414 0.001953 0.001953
1 0.500000 0.500000 1.000000 1.000000
2 0.676758 0.999023 0.001953 0.001953
2 0.657227 0.997070 0.001953 0.001953
2 0.552734 0.998047 0.011719 0.003906
2 0.264648 0.998047 0.009766 0.003906
2 0.117188 0.998047 0.007812 0.003906
2 0.969727 0.995117 0.001953 0.001953
2 0.138672 0.996094 0.007812 0.007812
3 0.276367 0.990234 0.005859 0.003906
3 0.590820 0.985352 0.005859 0.005859
3 0.418945 0.983398 0.001953 0.001953
2 0.000977 0.979492 0.001953 0.005859
2 0.716797 0.978516 0.011719 0.015625
2 0.561523 0.972656 0.001953 0.003906
3 0.481445 0.977539 0.009766 0.017578
2 0.952148 0.970703 0.005859 0.011719
3 0.932617 0.981445 0.037109 0.037109
2 0.113281 0.971680 0.035156 0.017578
2 0.976562 0.966797 0.027344 0.011719
2 0.065430 0.961914 0.001953 0.001953
2 0.019531 0.965820 0.011719 0.009766
3 0.560547 0.960938 0.007812 0.011719
3 0.188477 0.957031 0.001953 0.003906
2 0.062500 0.957031 0.003906 0.003906
3 0.208008 0.971680 0.021484 0.041016
2 0.075195 0.956055 0.009766 0.009766
3 0.570312 0.957031 0.007812 0.015625
3 0.733398 0.959961 0.033203 0.029297
3 0.463867 0.950195 0.009766 0.009766
3 0.404297 0.947266 0.007812 0.011719
2 0.072266 0.944336 0.003906 0.005859
2 0.052734 0.940430 0.003906 0.001953
3 0.432617 0.946289 0.017578 0.017578
3 0.172852 0.939453 0.009766 0.007812
3 0.259766 0.936523 0.007812 0.005859
2 0.768555 0.937500 0.009766 0.011719
2 0.464844 0.934570 0.003906 0.005859
3 0.760742 0.930664 0.001953 0.001953
3 0.183594 0.931641 0.003906 0.003906
3 0.261719 0.963867 0.136719 0.072266
2 0.026367 0.924805 0.001953 0.001953
3 0.700195 0.941406 0.029297 0.039062
2 0.499023 0.928711 0.017578 0.017578
3 0.003906 0.926758 0.007812 0.013672
3 0.597656 0.923828 0.007812 0.011719
3 0.026367 0.918945 0.001953 0.005859
3 0.914062 0.907227 0.007812 0.005859
3 0.284180 0.899414 0.001953 0.001953
3 0.714844 0.903320 0.011719 0.013672
2 0.541992 0.895508 0.001953 0.001953
3 0.309570 0.945312 0.130859 0.109375
2 0.496094 0.891602 0.007812 0.005859
2 0.319336 0.889648 0.001953 0.001953
3 0.307617 0.897461 0.013672 0.017578
3 0.196289 0.906250 0.013672 0.035156
3 0.860352 0.891602 0.009766 0.009766
2 0.545898 0.887695 0.001953 0.001953
2 0.553711 0.887695 0.013672 0.009766
3 0.868164 0.878906 0.017578 0.011719
3 0.702148 0.878906 0.013672 0.011719
2 0.302734 0.880859 0.031250 0.019531
2 0.049805 0.912109 0.099609 0.082031
3 0.371094 0.891602 0.023438 0.048828
3 0.768555 0.908203 0.068359 0.085938
2 0.747070 0.859375 0.009766 0.007812
2 0.091797 0.857422 0.007812 0.011719
2 0.130859 0.853516 0.007812 0.007812
2 0.772461 0.850586 0.005859 0.005859
3 0.088867 0.848633 0.001953 0.001953
2 0.782227 0.846680 0.001953 0.001953
3 0.086914 0.842773 0.001953 0.001953
3 0.102539 0.841797 0.021484 0.019531
3 0.155273 0.833984 0.009766 0.007812
3 0.122070 0.833008 0.013672 0.005859
2 0.701172 0.825195 0.011719 0.013672
3 0.849609 0.827148 0.042969 0.029297
2 0.535156 0.816406 0.011719 0.011719
3 0.946289 0.811523 0.021484 0.013672
3 0.998047 0.805664 0.003906 0.005859
3 0.977539 0.808594 0.009766 0.011719
3 0.339844 0.803711 0.003906 0.005859
3 0.911133 0.798828 0.013672 0.011719
3 0.922852 0.787109 0.009766 0.007812
3 0.909180 0.787109 0.009766 0.011719
3 0.123047 0.785156 0.011719 0.007812
3 0.096680 0.789062 0.017578 0.015625
3 0.930664 0.779297 0.005859 0.003906
3 0.416016 0.789062 0.007812 0.023438
3 0.272461 0.784180 0.017578 0.013672
3 0.020508 0.817383 0.041016 0.083984
2 0.863281 0.776367 0.019531 0.005859
3 0.247070 0.781250 0.009766 0.015625
2 0.348633 0.774414 0.001953 0.005859
3 0.108398 0.775391 0.009766 0.011719
3 0.710938 0.764648 0.011719 0.009766
3 0.919922 0.754883 0.011719 0.005859
3 0.989258 0.761719 0.021484 0.023438
3 0.462891 0.747070 0.003906 0.001953
2 0.329102 0.754883 0.013672 0.017578
3 0.020508 0.750000 0.041016 0.031250
2 0.891602 0.733398 0.001953 0.001953
2 0.983398 0.731445 0.001953 0.001953
2 0.978516 0.731445 0.003906 0.001953
2 0.890625 0.750977 0.031250 0.044922
3 0.992188 0.734375 0.015625 0.019531
2 0.971680 0.725586 0.001953 0.001953
2 0.960938 0.724609 0.007812 0.003906
2 0.541016 0.727539 0.015625 0.009766
3 0.789062 0.723633 0.019531 0.013672
2 0.329102 0.717773 0.001953 0.001953
2 0.930664 0.731445 0.041016 0.037109
2 0.326172 0.730469 0.046875 0.035156
2 0.886719 0.718750 0.015625 0.015625
2 0.462891 0.712891 0.003906 0.003906
2 0.200195 0.713867 0.001953 0.005859
2 0.451172 0.713867 0.015625 0.009766
2 0.314453 0.710938 0.003906 0.003906
2 0.186523 0.711914 0.021484 0.009766
3 0.000977 0.708008 0.001953 0.001953
3 0.830078 0.708008 0.031250 0.013672
2 0.992188 0.701172 0.015625 0.007812
3 0.848633 0.698242 0.001953 0.001953
2 0.963867 0.692383 0.001953 0.001953
3 0.156250 0.691406 0.003906 0.003906
2 0.341797 0.691406 0.003906 0.007812
3 0.984375 0.685547 0.023438 0.019531
2 0.875977 0.679688 0.009766 0.015625
2 0.330078 0.681641 0.023438 0.019531
3 0.178711 0.676758 0.037109 0.013672
3 0.400391 0.669922 0.011719 0.015625
3 0.003906 0.648438 0.007812 0.011719
3 0.788086 0.635742 0.005859 0.001953
2 0.995117 0.640625 0.009766 0.019531
2 0.912109 0.668945 0.132812 0.083984
3 0.012695 0.628906 0.005859 0.007812
3 0.109375 0.625977 0.015625 0.009766
2 0.817383 0.620117 0.001953 0.001953
3 0.084961 0.622070 0.001953 0.005859
2 0.842773 0.612305 0.001953 0.001953
3 0.318359 0.603516 0.003906 0.003906
2 0.080078 0.606445 0.011719 0.009766
3 0.241211 0.600586 0.001953 0.001953
3 0.177734 0.596680 0.011719 0.005859
3 0.788086 0.600586 0.044922 0.017578
3 0.308594 0.597656 0.007812 0.011719
3 0.383789 0.590820 0.013672 0.009766
2 0.938477 0.584961 0.001953 0.001953
3 0.916992 0.583984 0.009766 0.003906
2 0.751953 0.587891 0.035156 0.015625
2 0.777344 0.582031 0.023438 0.007812
2 0.921875 0.577148 0.011719 0.005859
3 0.314453 0.569336 0.003906 0.001953
3 0.322266 0.565430 0.011719 0.009766
2 0.772461 0.559570 0.001953 0.001953
2 0.803711 0.558594 0.005859 0.003906
2 0.691406 0.561523 0.019531 0.009766
3 0.166016 0.553711 0.003906 0.005859
2 0.897461 0.549805 0.001953 0.001953
2 0.000977 0.545898 0.001953 0.001953
2 0.790039 0.543945 0.001953 0.001953
2 0.790039 0.536133 0.009766 0.009766
2 0.012695 0.530273 0.001953 0.001953
3 0.208008 0.532227 0.009766 0.009766
2 0.003906 0.535156 0.007812 0.015625
2 0.958008 0.541016 0.025391 0.031250
2 0.823242 0.523438 0.005859 0.003906
2 0.897461 0.538086 0.037109 0.037109
2 0.722656 0.523438 0.011719 0.007812
2 0.788086 0.514648 0.001953 0.001953
2 0.942383 0.516602 0.013672 0.013672
2 0.717773 0.516602 0.017578 0.013672
2 0.252930 0.514648 0.025391 0.009766
2 0.774414 0.524414 0.013672 0.033203
2 0.706055 0.506836 0.001953 0.001953
2 0.766602 0.527344 0.052734 0.062500
2 0.703125 0.528320 0.039062 0.064453
2 0.964844 0.500000 0.007812 0.011719
2 0.312500 0.495117 0.003906 0.001953
3 0.306641 0.514648 0.070312 0.044922
2 0.317383 0.493164 0.001953 0.001953
2 0.763672 0.498047 0.015625 0.015625
2 0.701172 0.495117 0.015625 0.013672
3 0.204102 0.515625 0.041016 0.058594
2 0.962891 0.487305 0.003906 0.005859
2 0.625000 0.484375 0.003906 0.003906
2 0.708008 0.479492 0.001953 0.001953
2 0.631836 0.479492 0.001953 0.001953
3 0.248047 0.483398 0.019531 0.013672
2 0.014648 0.497070 0.029297 0.041016
2 0.647461 0.474609 0.001953 0.003906
3 0.367188 0.478516 0.011719 0.011719
3 0.154297 0.489258 0.093750 0.041016
3 0.234375 0.470703 0.007812 0.007812
3 0.225586 0.467773 0.001953 0.001953
2 0.717773 0.465820 0.001953 0.001953
2 0.709961 0.463867 0.001953 0.001953
2 0.206055 0.464844 0.001953 0.003906
2 0.727539 0.460938 0.013672 0.007812
2 0.133789 0.458008 0.001953 0.001953
2 0.121094 0.458008 0.003906 0.001953
2 0.664062 0.459961 0.007812 0.009766
3 0.561523 0.454102 0.001953 0.001953
2 0.124023 0.454102 0.001953 0.001953
2 0.007812 0.463867 0.015625 0.025391
2 0.967773 0.560547 0.064453 0.222656
2 0.636719 0.457031 0.015625 0.019531
3 0.333984 0.454102 0.015625 0.013672
3 0.999023 0.443359 0.001953 0.003906
2 0.678711 0.442383 0.001953 0.005859
2 0.259766 0.436523 0.003906 0.001953
3 0.972656 0.440430 0.011719 0.013672
3 0.753906 0.460938 0.042969 0.054688
2 0.650391 0.443359 0.035156 0.031250
2 0.025391 0.438477 0.031250 0.021484
3 0.572266 0.433594 0.011719 0.019531
2 0.726562 0.423828 0.003906 0.003906
3 0.241211 0.417969 0.001953 0.003906
2 0.012695 0.416992 0.001953 0.001953
2 0.616211 0.415039 0.001953 0.001953
2 0.245117 0.416016 0.001953 0.003906
3 0.163086 0.421875 0.025391 0.015625
2 0.006836 0.416992 0.001953 0.005859
2 0.673828 0.452148 0.066406 0.080078
2 0.656250 0.416992 0.011719 0.013672
2 0.011719 0.410156 0.003906 0.003906
3 0.459961 0.409180 0.009766 0.009766
3 0.264648 0.422852 0.025391 0.037109
3 0.604492 0.407227 0.017578 0.013672
3 0.252930 0.399414 0.001953 0.001953
3 0.251953 0.392578 0.003906 0.003906
3 0.432617 0.381836 0.005859 0.005859
2 0.586914 0.374023 0.009766 0.017578
2 0.238281 0.373047 0.011719 0.015625
3 0.955078 0.418945 0.039062 0.111328
3 0.340820 0.363281 0.005859 0.007812
2 0.156250 0.366211 0.011719 0.013672
2 0.124023 0.361328 0.013672 0.015625
3 0.434570 0.361328 0.017578 0.027344
2 0.703125 0.346680 0.003906 0.009766
3 0.572266 0.330078 0.007812 0.007812
3 0.594727 0.319336 0.001953 0.001953
2 0.698242 0.322266 0.005859 0.011719
3 0.225586 0.327148 0.017578 0.021484
2 0.998047 0.317383 0.003906 0.005859
3 0.585938 0.315430 0.011719 0.009766
3 0.303711 0.309570 0.005859 0.005859
3 0.833008 0.309570 0.005859 0.009766
2 0.132812 0.309570 0.019531 0.009766
3 0.194336 0.354492 0.064453 0.115234
3 0.310547 0.296875 0.003906 0.003906
3 0.178711 0.295898 0.001953 0.001953
2 0.624023 0.304688 0.025391 0.027344
2 0.612305 0.288086 0.001953 0.001953
3 0.566406 0.291992 0.019531 0.009766
3 0.250977 0.302734 0.037109 0.031250
3 0.260742 0.284180 0.001953 0.001953
3 0.184570 0.288086 0.009766 0.009766
3 0.942383 0.282227 0.009766 0.009766
3 0.850586 0.269531 0.009766 0.007812
3 0.016602 0.272461 0.021484 0.013672
3 0.348633 0.260742 0.001953 0.001953
3 0.344727 0.258789 0.001953 0.001953
3 0.079102 0.430664 0.158203 0.373047
3 0.862305 0.250977 0.017578 0.025391
3 0.810547 0.235352 0.007812 0.009766
2 0.737305 0.232422 0.005859 0.003906
2 0.962891 0.227539 0.003906 0.005859
2 0.957031 0.224609 0.003906 0.003906
2 0.946289 0.225586 0.013672 0.009766
2 0.549805 0.222656 0.009766 0.007812
2 0.741211 0.221680 0.021484 0.009766
3 0.250000 0.241211 0.082031 0.052734
2 0.952148 0.214844 0.025391 0.007812
2 0.915039 0.212891 0.009766 0.015625
2 0.715820 0.218750 0.029297 0.027344
2 0.304688 0.201172 0.003906 0.003906
2 0.905273 0.210938 0.013672 0.027344
2 0.078125 0.189453 0.007812 0.003906
2 0.066406 0.187500 0.007812 0.003906
3 0.041016 0.206055 0.082031 0.041016
2 0.311523 0.185547 0.005859 0.003906
2 0.791016 0.184570 0.031250 0.017578
2 0.540039 0.178711 0.009766 0.009766
3 0.280273 0.176758 0.009766 0.005859
3 0.636719 0.190430 0.023438 0.037109
3 0.350586 0.172852 0.001953 0.001953
3 0.345703 0.173828 0.003906 0.003906
2 0.008789 0.188477 0.017578 0.033203
2 0.073242 0.175781 0.052734 0.015625
2 0.330078 0.169922 0.007812 0.007812
2 0.036133 0.163086 0.001953 0.001953
2 0.062500 0.163086 0.007812 0.005859
2 0.875977 0.186523 0.052734 0.064453
2 0.819336 0.158203 0.005859 0.007812
2 0.510742 0.174805 0.021484 0.041016
3 0.204102 0.161133 0.005859 0.013672
2 0.734375 0.162109 0.015625 0.019531
3 0.364258 0.210938 0.166016 0.117188
2 0.821289 0.151367 0.001953 0.001953
2 0.313477 0.158203 0.013672 0.015625
3 0.604492 0.149414 0.021484 0.009766
3 0.507812 0.139648 0.003906 0.001953
3 0.329102 0.139648 0.013672 0.009766
3 0.342773 0.135742 0.009766 0.005859
2 0.692383 0.131836 0.005859 0.001953
2 0.679688 0.130859 0.011719 0.003906
3 0.497070 0.142578 0.021484 0.031250
2 0.025391 0.153320 0.050781 0.052734
2 0.716797 0.130859 0.011719 0.015625
2 0.122070 0.133789 0.017578 0.021484
2 0.843750 0.146484 0.039062 0.050781
2 0.728516 0.123047 0.003906 0.003906
2 0.735352 0.123047 0.005859 0.007812
3 0.358398 0.125977 0.013672 0.013672
2 0.725586 0.118164 0.001953 0.001953
3 0.326172 0.118164 0.003906 0.001953
3 0.312500 0.119141 0.007812 0.011719
3 0.349609 0.117188 0.019531 0.011719
2 0.813477 0.112305 0.005859 0.005859
2 0.820312 0.108398 0.003906 0.001953
2 0.698242 0.108398 0.001953 0.001953
2 0.691406 0.113281 0.007812 0.011719
2 0.692383 0.104492 0.001953 0.001953
2 0.000977 0.102539 0.001953 0.001953
2 0.000977 0.098633 0.001953 0.001953
2 0.894531 0.094727 0.003906 0.001953
2 0.802734 0.096680 0.003906 0.005859
3 0.505859 0.099609 0.011719 0.011719
3 0.833008 0.089844 0.009766 0.011719
3 0.058594 0.090820 0.011719 0.013672
2 0.291992 0.084961 0.001953 0.005859
3 0.131836 0.097656 0.064453 0.031250
3 0.296875 0.080078 0.003906 0.003906
2 0.893555 0.074219 0.001953 0.003906
2 0.831055 0.071289 0.001953 0.001953
3 0.546875 0.093750 0.039062 0.046875
3 0.938477 0.070312 0.001953 0.003906
3 0.559570 0.073242 0.005859 0.009766
3 0.723633 0.065430 0.001953 0.001953
3 0.727539 0.063477 0.001953 0.001953
2 0.388672 0.064453 0.023438 0.007812
3 0.948242 0.062500 0.009766 0.007812
3 0.736328 0.059570 0.003906 0.001953
3 0.177734 0.076172 0.039062 0.039062
3 0.317383 0.070312 0.041016 0.031250
3 0.083008 0.062500 0.029297 0.023438
3 0.381836 0.047852 0.005859 0.005859
2 0.806641 0.075195 0.109375 0.064453
2 0.981445 0.044922 0.009766 0.027344
3 0.956055 0.037109 0.009766 0.011719
3 0.005859 0.036133 0.007812 0.009766
3 0.130859 0.038086 0.039062 0.025391
2 0.777344 0.024414 0.003906 0.001953
2 0.289062 0.032227 0.007812 0.017578
2 0.256836 0.026367 0.009766 0.005859
2 0.850586 0.030273 0.017578 0.017578
2 0.761719 0.074219 0.128906 0.109375
2 0.782227 0.018555 0.001953 0.005859
2 0.776367 0.016602 0.001953 0.001953
2 0.212891 0.018555 0.011719 0.005859
3 0.310547 0.018555 0.007812 0.009766
3 0.734375 0.022461 0.046875 0.021484
3 0.725586 0.008789 0.001953 0.001953
2 0.777344 0.005859 0.007812 0.007812
3 0.987305 0.002930 0.013672 0.005859
2 0.804688 0.006836 0.011719 0.013672
2 0.789062 0.001953 0.003906 0.003906