0 0.917969 0.999023 0.019531 0.001953
1 0.702148 0.999023 0.005859 0.001953
0 0.612305 0.999023 0.005859 0.001953
0 0.998047 0.998047 0.003906 0.003906
0 0.801758 0.997070 0.001953 0.001953
0 0.646484 0.998047 0.007812 0.003906
0 0.220703 0.998047 0.007812 0.003906
0 0.190430 0.998047 0.001953 0.003906
0 0.186523 0.997070 0.001953 0.001953
0 0.805664 0.995117 0.001953 0.001953
1 0.668945 0.995117 0.001953 0.001953
0 0.629883 0.997070 0.005859 0.005859
1 0.714844 0.996094 0.015625 0.007812
0 0.648438 0.993164 0.003906 0.001953
0 0.198242 0.995117 0.005859 0.005859
0 0.809570 0.991211 0.001953 0.001953
1 0.749023 0.991211 0.001953 0.001953
1 0.889648 0.990234 0.001953 0.003906
0 0.318359 0.989258 0.003906 0.001953
1 0.729492 0.990234 0.009766 0.007812
1 0.268555 0.993164 0.013672 0.013672
1 0.772461 0.992188 0.013672 0.015625
1 0.764648 0.986328 0.005859 0.007812
0 0.300781 0.991211 0.035156 0.017578
1 0.083984 0.984375 0.003906 0.003906
0 0.803711 0.986328 0.009766 0.011719
1 0.446289 0.986328 0.009766 0.011719
0 0.208008 0.989258 0.013672 0.021484
0 0.642578 0.978516 0.003906 0.003906
0 0.614258 0.977539 0.001953 0.001953
1 0.252930 0.976562 0.005859 0.007812
1 0.123047 0.974609 0.003906 0.003906
0 0.962891 0.985352 0.050781 0.029297
1 0.866211 0.969727 0.001953 0.001953
0 0.861328 0.971680 0.003906 0.005859
1 0.436523 0.975586 0.009766 0.013672
1 0.428711 0.968750 0.001953 0.003906
0 0.804688 0.965820 0.003906 0.001953
0 0.788086 0.969727 0.013672 0.013672
0 0.690430 0.963867 0.001953 0.001953
0 0.137695 0.981445 0.033203 0.037109
0 0.717773 0.959961 0.001953 0.001953
1 0.770508 0.959961 0.013672 0.009766
0 0.838867 0.954102 0.001953 0.001953
1 0.734375 0.952148 0.003906 0.001953
0 0.672852 0.972656 0.064453 0.046875
1 0.643555 0.948242 0.001953 0.001953
0 0.433594 0.957031 0.011719 0.019531
0 0.015625 0.950195 0.003906 0.005859
1 0.749023 0.946289 0.001953 0.001953
1 0.744141 0.949219 0.011719 0.007812
0 0.655273 0.946289 0.001953 0.001953
0 0.725586 0.945312 0.005859 0.003906
0 0.175781 0.967773 0.039062 0.048828
0 0.454102 0.943359 0.001953 0.003906
0 0.036133 0.959961 0.029297 0.037109
0 0.893555 0.940430 0.001953 0.001953
0 0.838867 0.940430 0.001953 0.001953
1 0.182617 0.940430 0.001953 0.001953
0 0.897461 0.940430 0.001953 0.005859
0 0.664062 0.942383 0.011719 0.009766
0 0.872070 0.940430 0.009766 0.009766
1 0.752930 0.937500 0.001953 0.003906
1 0.748047 0.936523 0.003906 0.001953
0 0.717773 0.937500 0.001953 0.003906
1 0.651367 0.936523 0.001953 0.001953
0 0.504883 0.938477 0.001953 0.005859
1 0.192383 0.936523 0.001953 0.001953
1 0.880859 0.934570 0.003906 0.001953
1 0.864258 0.934570 0.001953 0.001953
1 0.891602 0.933594 0.005859 0.003906
1 0.660156 0.931641 0.007812 0.003906
0 0.441406 0.941406 0.015625 0.023438
1 0.208984 0.941406 0.019531 0.023438
0 0.450195 0.929688 0.005859 0.003906
0 0.364258 0.928711 0.001953 0.001953
0 0.371094 0.925781 0.003906 0.003906
1 0.248047 0.937500 0.035156 0.027344
1 0.882812 0.923828 0.007812 0.003906
0 0.458008 0.923828 0.001953 0.003906
0 0.949219 0.949219 0.101562 0.066406
0 0.463867 0.920898 0.005859 0.013672
1 0.927734 0.915039 0.007812 0.005859
0 0.688477 0.931641 0.048828 0.046875
0 0.443359 0.909180 0.003906 0.005859
0 0.434570 0.913086 0.005859 0.017578
1 0.258789 0.914062 0.025391 0.019531
0 0.708984 0.906250 0.015625 0.007812
0 0.450195 0.904297 0.001953 0.003906
0 0.065430 0.903320 0.001953 0.001953
0 0.695312 0.901367 0.003906 0.001953
0 0.504883 0.899414 0.001953 0.001953
1 0.233398 0.901367 0.005859 0.005859
1 0.815430 0.897461 0.001953 0.001953
0 0.694336 0.897461 0.001953 0.001953
0 0.687500 0.899414 0.007812 0.005859
0 0.065430 0.898438 0.001953 0.003906
0 0.458008 0.905273 0.009766 0.021484
0 0.434570 0.895508 0.001953 0.001953
0 0.695312 0.893555 0.003906 0.001953
0 0.236328 0.894531 0.003906 0.003906
0 0.431641 0.892578 0.003906 0.003906
0 0.207031 0.899414 0.019531 0.025391
0 0.445312 0.889648 0.007812 0.009766
0 0.379883 0.895508 0.017578 0.021484
0 0.313477 0.933594 0.115234 0.097656
1 0.616211 0.883789 0.001953 0.001953
1 0.954102 0.882812 0.005859 0.003906
0 0.008789 0.908203 0.017578 0.054688
0 0.694336 0.879883 0.001953 0.001953
1 0.614258 0.879883 0.001953 0.001953
1 0.610352 0.879883 0.001953 0.001953
1 0.413086 0.879883 0.001953 0.001953
1 0.397461 0.879883 0.001953 0.001953
0 0.368164 0.886719 0.013672 0.015625
1 0.258789 0.885742 0.013672 0.013672
0 0.008789 0.879883 0.001953 0.001953
1 0.411133 0.875977 0.001953 0.001953
1 0.394531 0.875000 0.003906 0.003906
1 0.910156 0.873047 0.003906 0.003906
0 0.500977 0.870117 0.001953 0.001953
1 0.295898 0.868164 0.001953 0.001953
1 0.909180 0.865234 0.009766 0.007812
1 0.784180 0.862305 0.001953 0.001953
1 0.697266 0.864258 0.007812 0.005859
1 0.690430 0.863281 0.001953 0.003906
0 0.224609 0.875000 0.027344 0.027344
0 0.997070 0.865234 0.005859 0.015625
0 0.602539 0.857422 0.001953 0.003906
1 0.858398 0.854492 0.001953 0.001953
0 0.981445 0.853516 0.001953 0.003906
1 0.813477 0.850586 0.001953 0.001953
1 0.488281 0.849609 0.003906 0.003906
1 0.300781 0.855469 0.023438 0.015625
0 0.192383 0.846680 0.001953 0.001953
0 0.731445 0.844727 0.001953 0.001953
1 0.343750 0.855469 0.058594 0.023438
0 0.973633 0.842773 0.001953 0.001953
0 0.737305 0.840820 0.001953 0.001953
0 0.990234 0.838867 0.003906 0.001953
0 0.581055 0.840820 0.005859 0.005859
1 0.312500 0.840820 0.007812 0.005859
1 0.623047 0.850586 0.019531 0.029297
0 0.612305 0.834961 0.001953 0.001953
1 0.375977 0.834961 0.001953 0.001953
0 0.987305 0.833008 0.001953 0.001953
1 0.979492 0.834961 0.005859 0.005859
1 0.043945 0.833008 0.001953 0.001953
1 0.504883 0.831055 0.001953 0.001953
1 0.177734 0.843750 0.019531 0.027344
1 0.791016 0.910156 0.183594 0.167969
0 0.000977 0.827148 0.001953 0.001953
1 0.389648 0.832031 0.033203 0.015625
1 0.465820 0.821289 0.001953 0.001953
1 0.385742 0.821289 0.001953 0.001953
1 0.316406 0.822266 0.003906 0.003906
0 0.575195 0.909180 0.166016 0.181641
1 0.475586 0.819336 0.001953 0.001953
1 0.342773 0.819336 0.001953 0.001953
0 0.995117 0.824219 0.009766 0.015625
1 0.043945 0.824219 0.013672 0.015625
0 0.001953 0.819336 0.003906 0.005859
0 0.437500 0.850586 0.054688 0.072266
1 0.746094 0.815430 0.007812 0.005859
1 0.476562 0.813477 0.003906 0.001953
1 0.373047 0.816406 0.011719 0.007812
1 0.465820 0.814453 0.009766 0.007812
0 0.436523 0.811523 0.001953 0.001953
1 0.307617 0.816406 0.013672 0.011719
0 0.521484 0.810547 0.003906 0.003906
1 0.696289 0.807617 0.001953 0.001953
1 0.034180 0.808594 0.001953 0.003906
1 0.701172 0.805664 0.003906 0.001953
0 0.235352 0.805664 0.001953 0.001953
0 0.231445 0.805664 0.001953 0.001953
1 0.944336 0.841797 0.076172 0.078125
1 0.921875 0.810547 0.011719 0.015625
0 0.599609 0.801758 0.003906 0.001953
0 0.529297 0.806641 0.007812 0.011719
1 0.041016 0.805664 0.007812 0.013672
1 0.969727 0.797852 0.001953 0.001953
0 0.598633 0.797852 0.005859 0.001953
0 0.209961 0.795898 0.001953 0.001953
0 0.596680 0.793945 0.001953 0.001953
0 0.586914 0.812500 0.056641 0.042969
1 0.034180 0.795898 0.005859 0.009766
1 0.862305 0.799805 0.017578 0.021484
0 0.509766 0.808594 0.046875 0.039062
0 0.002930 0.798828 0.005859 0.019531
0 0.595703 0.789062 0.007812 0.003906
1 0.996094 0.790039 0.007812 0.009766
1 0.952148 0.803711 0.021484 0.037109
1 0.867188 0.787109 0.003906 0.003906
0 0.629883 0.780273 0.001953 0.001953
1 0.053711 0.782227 0.005859 0.009766
0 0.633789 0.777344 0.001953 0.003906
1 0.641602 0.774414 0.001953 0.001953
0 0.637695 0.774414 0.001953 0.001953
0 0.344727 0.772461 0.001953 0.001953
0 0.834961 0.771484 0.013672 0.011719
0 0.974609 0.761719 0.003906 0.003906
0 0.995117 0.765625 0.009766 0.027344
0 0.229492 0.752930 0.001953 0.001953
1 0.372070 0.749023 0.001953 0.001953
0 0.228516 0.749023 0.003906 0.001953
1 0.895508 0.747070 0.001953 0.001953
1 0.891602 0.747070 0.001953 0.001953
0 0.242188 0.772461 0.050781 0.056641
1 0.961914 0.768555 0.037109 0.052734
0 0.737305 0.744141 0.005859 0.007812
0 0.437500 0.743164 0.003906 0.005859
1 0.331055 0.749023 0.021484 0.017578
0 0.730469 0.741211 0.003906 0.005859
0 0.514648 0.737305 0.001953 0.001953
0 0.511719 0.755859 0.027344 0.039062
0 0.434570 0.737305 0.001953 0.001953
1 0.783203 0.750000 0.019531 0.031250
1 0.746094 0.741211 0.011719 0.013672
0 0.454102 0.733398 0.001953 0.001953
0 0.450195 0.737305 0.005859 0.009766
1 0.352539 0.787109 0.037109 0.109375
0 0.458008 0.731445 0.001953 0.001953
0 0.122070 0.732422 0.001953 0.003906
0 0.519531 0.734375 0.007812 0.011719
1 0.418945 0.734375 0.021484 0.019531
1 0.893555 0.732422 0.017578 0.023438
0 0.527344 0.720703 0.003906 0.003906
0 0.450195 0.719727 0.001953 0.001953
1 0.711914 0.768555 0.076172 0.103516
0 0.539062 0.726562 0.019531 0.019531
0 0.963867 0.713867 0.001953 0.001953
0 0.506836 0.712891 0.005859 0.003906
0 0.438477 0.717773 0.005859 0.013672
1 0.411133 0.708008 0.001953 0.001953
1 0.950195 0.706055 0.001953 0.001953
1 0.827148 0.744141 0.083984 0.082031
1 0.772461 0.702148 0.001953 0.001953
0 0.750977 0.702148 0.001953 0.001953
1 0.926758 0.703125 0.005859 0.007812
1 0.834961 0.700195 0.001953 0.001953
0 0.747070 0.699219 0.001953 0.003906
0 0.457031 0.709961 0.015625 0.025391
0 0.261719 0.726562 0.054688 0.062500
0 0.612305 0.694336 0.001953 0.001953
1 0.676758 0.699219 0.009766 0.015625
1 0.262695 0.692383 0.001953 0.001953
1 0.315430 0.702148 0.013672 0.025391
0 0.620117 0.688477 0.001953 0.001953
1 0.779297 0.684570 0.003906 0.001953
0 0.134766 0.705078 0.015625 0.042969
0 0.741211 0.689453 0.017578 0.015625
0 0.747070 0.678711 0.001953 0.001953
1 0.733398 0.678711 0.001953 0.001953
1 0.713867 0.679688 0.001953 0.003906
1 0.711914 0.675781 0.005859 0.003906
1 0.036133 0.703125 0.033203 0.058594
1 0.784180 0.675781 0.005859 0.007812
1 0.726562 0.675781 0.007812 0.007812
0 0.148438 0.817383 0.171875 0.291016
1 0.782227 0.668945 0.001953 0.001953
0 0.410156 0.667969 0.003906 0.003906
0 0.756836 0.665039 0.001953 0.001953
1 0.740234 0.666016 0.007812 0.003906
0 0.663086 0.665039 0.001953 0.001953
0 0.761719 0.686523 0.023438 0.048828
1 0.913086 0.661133 0.001953 0.001953
1 0.740234 0.661133 0.003906 0.001953
1 0.909180 0.659180 0.001953 0.001953
1 0.905273 0.659180 0.001953 0.001953
1 0.439453 0.662109 0.003906 0.011719
0 0.434570 0.655273 0.001953 0.001953
0 0.752930 0.653320 0.001953 0.001953
0 0.747070 0.652344 0.005859 0.003906
1 0.885742 0.649414 0.001953 0.001953
1 0.258789 0.649414 0.001953 0.001953
0 0.586914 0.647461 0.001953 0.001953
0 0.581055 0.647461 0.005859 0.005859
1 0.887695 0.644531 0.001953 0.003906
1 0.967773 0.645508 0.009766 0.009766
1 0.954102 0.696289 0.091797 0.111328
0 0.575195 0.641602 0.001953 0.001953
1 0.922852 0.637695 0.001953 0.001953
0 0.875000 0.656250 0.027344 0.039062
0 0.750000 0.641602 0.011719 0.009766
0 0.436523 0.642578 0.005859 0.019531
1 0.364258 0.633789 0.001953 0.001953
1 0.831055 0.639648 0.021484 0.025391
1 0.370117 0.625977 0.005859 0.005859
0 0.343750 0.615234 0.003906 0.003906
1 0.591797 0.629883 0.027344 0.037109
0 0.575195 0.609375 0.001953 0.003906
0 0.571289 0.608398 0.001953 0.001953
1 0.014648 0.608398 0.001953 0.001953
1 0.072266 0.647461 0.046875 0.087891
1 0.364258 0.653320 0.107422 0.103516
0 0.409180 0.626953 0.013672 0.054688
0 0.367188 0.599609 0.003906 0.003906
1 0.065430 0.601562 0.005859 0.019531
0 0.735352 0.590820 0.001953 0.001953
1 0.447266 0.590820 0.003906 0.001953
1 0.998047 0.591797 0.003906 0.007812
0 0.577148 0.593750 0.013672 0.019531
0 0.452148 0.584961 0.001953 0.001953
0 0.750977 0.583008 0.001953 0.001953
0 0.454102 0.581055 0.001953 0.001953
0 0.445312 0.582031 0.003906 0.003906
0 0.079102 0.577148 0.001953 0.001953
1 0.395508 0.573242 0.001953 0.001953
0 0.885742 0.569336 0.001953 0.001953
0 0.819336 0.571289 0.009766 0.009766
0 0.765625 0.600586 0.023438 0.068359
0 0.500000 0.567383 0.003906 0.001953
0 0.995117 0.570312 0.009766 0.011719
0 0.653320 0.565430 0.001953 0.001953
1 0.151367 0.572266 0.013672 0.015625
0 0.869141 0.589844 0.031250 0.054688
0 0.622070 0.679688 0.173828 0.234375
1 0.649414 0.562500 0.005859 0.003906
0 0.577148 0.561523 0.001953 0.001953
1 0.151367 0.561523 0.001953 0.001953
1 0.140625 0.563477 0.003906 0.005859
0 0.969727 0.582031 0.037109 0.046875
0 0.815430 0.558594 0.005859 0.003906
1 0.577148 0.557617 0.001953 0.001953
1 0.640625 0.564453 0.011719 0.019531
0 0.544922 0.631836 0.097656 0.154297
1 0.137695 0.555664 0.001953 0.001953
0 0.662109 0.553711 0.011719 0.009766
0 0.443359 0.563477 0.019531 0.033203
0 0.802734 0.567383 0.023438 0.044922
1 0.706055 0.545898 0.001953 0.001953
0 0.398438 0.553711 0.019531 0.017578
0 0.709961 0.543945 0.001953 0.001953
0 0.829102 0.550781 0.025391 0.019531
0 0.797852 0.540039 0.001953 0.001953
0 0.324219 0.575195 0.101562 0.072266
0 0.225586 0.540039 0.001953 0.001953
0 0.797852 0.536133 0.001953 0.001953
0 0.602539 0.536133 0.001953 0.001953
0 0.009766 0.560547 0.019531 0.050781
0 0.801758 0.534180 0.001953 0.001953
1 0.171875 0.537109 0.003906 0.007812
1 0.653320 0.532227 0.001953 0.001953
0 0.410156 0.540039 0.015625 0.017578
1 0.583984 0.531250 0.003906 0.003906
0 0.507812 0.562500 0.023438 0.070312
1 0.054688 0.539062 0.011719 0.027344
1 0.177734 0.530273 0.011719 0.013672
1 0.131836 0.522461 0.001953 0.001953
1 0.189453 0.518555 0.003906 0.001953
1 0.443359 0.517578 0.007812 0.003906
0 0.316406 0.527344 0.023438 0.023438
0 0.600586 0.512695 0.001953 0.001953
0 0.083008 0.510742 0.001953 0.005859
0 0.237305 0.500977 0.001953 0.001953
1 0.454102 0.495117 0.001953 0.001953
0 0.239258 0.496094 0.005859 0.003906
0 0.866211 0.499023 0.009766 0.013672
0 0.733398 0.543945 0.044922 0.103516
1 0.999023 0.493164 0.001953 0.005859
0 0.920898 0.489258 0.001953 0.001953
0 0.999023 0.487305 0.001953 0.001953
0 0.916016 0.488281 0.003906 0.003906
0 0.911133 0.487305 0.001953 0.001953
0 0.870117 0.487305 0.001953 0.001953
0 0.999023 0.483398 0.001953 0.001953
0 0.780273 0.481445 0.001953 0.001953
0 0.606445 0.508789 0.048828 0.056641
1 0.920898 0.479492 0.005859 0.009766
1 0.915039 0.475586 0.001953 0.001953
1 0.915039 0.469727 0.001953 0.001953
0 0.511719 0.473633 0.007812 0.009766
0 0.209961 0.572266 0.134766 0.218750
1 0.450195 0.489258 0.017578 0.056641
1 0.082031 0.517578 0.027344 0.113281
1 0.925781 0.453125 0.003906 0.003906
0 0.880859 0.466797 0.054688 0.035156
1 0.918945 0.450195 0.013672 0.013672
0 0.978516 0.443359 0.003906 0.003906
1 0.928711 0.440430 0.001953 0.001953
1 0.041992 0.449219 0.013672 0.019531
1 0.456055 0.438477 0.001953 0.001953
0 0.393555 0.441406 0.005859 0.007812
0 0.389648 0.438477 0.001953 0.001953
1 0.147461 0.438477 0.001953 0.001953
1 0.491211 0.439453 0.001953 0.007812
1 0.041992 0.436523 0.001953 0.001953
1 0.921875 0.438477 0.007812 0.009766
0 0.449219 0.439453 0.011719 0.019531
0 0.328125 0.480469 0.078125 0.101562
1 0.040039 0.430664 0.001953 0.001953
0 0.667969 0.481445 0.035156 0.111328
1 0.338867 0.426758 0.001953 0.001953
0 0.233398 0.427734 0.001953 0.003906
1 0.088867 0.422852 0.001953 0.001953
0 0.678711 0.420898 0.001953 0.001953
0 0.665039 0.419922 0.001953 0.003906
0 0.968750 0.427734 0.027344 0.023438
1 0.171875 0.418945 0.003906 0.005859
0 0.982422 0.447266 0.035156 0.066406
0 0.844727 0.416016 0.001953 0.003906
1 0.716797 0.432617 0.023438 0.037109
0 0.655273 0.415039 0.001953 0.001953
1 0.497070 0.433594 0.017578 0.039062
1 0.955078 0.414062 0.003906 0.003906
1 0.127930 0.418945 0.005859 0.013672
1 0.983398 0.411133 0.001953 0.001953
0 0.674805 0.414062 0.005859 0.007812
0 0.848633 0.499023 0.169922 0.185547
1 0.645508 0.410156 0.001953 0.007812
0 0.408203 0.449219 0.039062 0.085938
1 0.000977 0.407227 0.001953 0.001953
0 0.654297 0.406250 0.003906 0.003906
1 0.934570 0.405273 0.005859 0.005859
0 0.885742 0.411133 0.021484 0.017578
1 0.978516 0.407227 0.015625 0.013672
0 0.655273 0.401367 0.001953 0.001953
1 0.459961 0.401367 0.001953 0.001953
0 0.648438 0.400391 0.003906 0.011719
1 0.379883 0.395508 0.001953 0.001953
0 0.545898 0.459961 0.072266 0.134766
1 0.178711 0.400391 0.017578 0.027344
1 0.199219 0.452148 0.164062 0.134766
1 0.907227 0.383789 0.001953 0.001953
0 0.838867 0.382812 0.001953 0.003906
1 0.537109 0.384766 0.011719 0.007812
0 0.277344 0.381836 0.003906 0.005859
0 0.186523 0.379883 0.001953 0.001953
1 0.958984 0.379883 0.003906 0.009766
1 0.938477 0.382812 0.029297 0.015625
0 0.610352 0.378906 0.005859 0.007812
1 0.082031 0.373047 0.003906 0.003906
1 0.504883 0.386719 0.025391 0.035156
1 0.980469 0.367188 0.007812 0.003906
1 0.571289 0.366211 0.001953 0.001953
1 0.565430 0.370117 0.009766 0.009766
1 0.674805 0.362305 0.001953 0.001953
1 0.378906 0.361328 0.003906 0.003906
0 0.115234 0.386719 0.023438 0.054688
1 0.993164 0.365234 0.013672 0.015625
1 0.680664 0.363281 0.001953 0.011719
0 0.863281 0.357422 0.003906 0.003906
1 0.750000 0.359375 0.007812 0.007812
1 0.389648 0.356445 0.001953 0.001953
1 0.385742 0.355469 0.005859 0.011719
1 0.757812 0.354492 0.011719 0.017578
1 0.522461 0.346680 0.017578 0.005859
0 0.308594 0.345703 0.003906 0.007812
1 0.378906 0.350586 0.027344 0.021484
0 0.300781 0.367188 0.019531 0.054688
1 0.651367 0.335938 0.001953 0.003906
0 0.835938 0.361328 0.062500 0.058594
1 0.965820 0.328125 0.001953 0.003906
1 0.660156 0.329102 0.003906 0.005859
1 0.346680 0.327148 0.005859 0.005859
0 0.457031 0.323242 0.007812 0.009766
0 0.672852 0.319336 0.001953 0.005859
1 0.656250 0.320312 0.015625 0.007812
1 0.108398 0.319336 0.005859 0.005859
1 0.309570 0.323242 0.021484 0.017578
1 0.713867 0.313477 0.001953 0.001953
0 0.711914 0.339844 0.033203 0.054688
1 0.779297 0.309570 0.003906 0.001953
0 0.681641 0.315430 0.011719 0.013672
1 0.308594 0.312500 0.011719 0.007812
0 0.026367 0.345703 0.041016 0.074219
1 0.322266 0.307617 0.003906 0.005859
0 0.229492 0.305664 0.001953 0.001953
0 0.163086 0.306641 0.001953 0.003906
1 0.296875 0.304688 0.003906 0.003906
1 0.121094 0.314453 0.011719 0.023438
0 0.595703 0.339844 0.054688 0.078125
0 0.430664 0.318359 0.017578 0.035156
0 0.012695 0.302734 0.013672 0.007812
1 0.995117 0.298828 0.005859 0.003906
1 0.573242 0.297852 0.001953 0.001953
0 0.002930 0.297852 0.001953 0.001953
0 0.436523 0.293945 0.001953 0.001953
0 0.204102 0.338867 0.095703 0.091797
1 0.128906 0.296875 0.007812 0.011719
1 0.726562 0.307617 0.015625 0.041016
0 0.422852 0.292969 0.013672 0.011719
0 0.944336 0.285156 0.001953 0.003906
0 0.938477 0.284180 0.001953 0.001953
1 0.729492 0.284180 0.001953 0.001953
1 0.061523 0.291016 0.029297 0.015625
1 0.440430 0.282227 0.001953 0.001953
1 0.416992 0.283203 0.005859 0.003906
1 0.346680 0.288086 0.021484 0.013672
0 0.935547 0.281250 0.003906 0.003906
1 0.841797 0.269531 0.003906 0.007812
0 0.037109 0.268555 0.019531 0.013672
0 0.732422 0.261719 0.003906 0.003906
1 0.494141 0.259766 0.007812 0.007812
1 0.173828 0.256836 0.003906 0.001953
0 0.913086 0.255859 0.001953 0.003906
1 0.708984 0.254883 0.007812 0.005859
1 0.495117 0.252930 0.001953 0.001953
1 0.266602 0.252930 0.001953 0.001953
1 0.491211 0.250977 0.001953 0.001953
1 0.140625 0.251953 0.007812 0.007812
1 0.102539 0.250000 0.005859 0.003906
1 0.491211 0.247070 0.001953 0.001953
0 0.223633 0.249023 0.001953 0.005859
0 0.165039 0.251953 0.013672 0.011719
1 0.385742 0.245117 0.001953 0.001953
0 0.067383 0.253906 0.041016 0.019531
1 0.491211 0.243164 0.001953 0.001953
1 0.397461 0.243164 0.005859 0.005859
0 0.432617 0.240234 0.005859 0.003906
0 0.943359 0.249023 0.031250 0.025391
0 0.786133 0.247070 0.013672 0.021484
0 0.437500 0.234375 0.003906 0.003906
0 0.012695 0.251953 0.025391 0.039062
0 0.434570 0.230469 0.005859 0.003906
0 0.421875 0.235352 0.015625 0.013672
0 0.114258 0.230469 0.013672 0.007812
1 0.437500 0.225586 0.003906 0.001953
0 0.427734 0.224609 0.007812 0.003906
0 0.405273 0.222656 0.001953 0.003906
0 0.750977 0.219727 0.001953 0.001953
1 0.594727 0.227539 0.021484 0.017578
0 0.442383 0.219727 0.001953 0.001953
0 0.409180 0.225586 0.017578 0.017578
0 0.168945 0.217773 0.001953 0.001953
1 0.063477 0.217773 0.001953 0.001953
0 0.784180 0.221680 0.013672 0.017578
0 0.167969 0.213867 0.007812 0.005859
0 0.227539 0.208008 0.001953 0.001953
0 0.211914 0.230469 0.076172 0.050781
0 0.842773 0.206055 0.001953 0.005859
1 0.450195 0.202148 0.001953 0.001953
0 0.172852 0.204102 0.013672 0.009766
0 0.845703 0.199219 0.003906 0.003906
1 0.450195 0.198242 0.001953 0.001953
1 0.439453 0.209961 0.015625 0.025391
0 0.259766 0.233398 0.066406 0.072266
0 0.730469 0.234375 0.039062 0.078125
0 0.056641 0.219727 0.039062 0.056641
0 0.945312 0.208984 0.031250 0.058594
0 0.902344 0.238281 0.039062 0.117188
0 0.399414 0.190430 0.009766 0.021484
0 0.225586 0.178711 0.001953 0.001953
0 0.108398 0.184570 0.009766 0.017578
1 0.684570 0.175781 0.005859 0.007812
1 0.377930 0.172852 0.001953 0.001953
0 0.223633 0.173828 0.001953 0.003906
0 0.100586 0.174805 0.001953 0.005859
0 0.093750 0.193359 0.031250 0.046875
0 0.098633 0.168945 0.001953 0.001953
0 0.087891 0.166992 0.007812 0.009766
1 0.971680 0.159180 0.001953 0.001953
0 0.855469 0.162109 0.003906 0.007812
1 0.444336 0.159180 0.001953 0.001953
0 0.513672 0.203125 0.042969 0.093750
0 0.202148 0.155273 0.001953 0.001953
0 0.854492 0.154297 0.001953 0.003906
0 0.239258 0.149414 0.001953 0.001953
0 0.516602 0.150391 0.005859 0.007812
0 0.436523 0.145508 0.005859 0.001953
0 0.427734 0.165039 0.027344 0.041016
0 0.005859 0.145508 0.003906 0.005859
1 0.583984 0.143555 0.003906 0.005859
0 0.575195 0.141602 0.001953 0.001953
0 0.982422 0.215820 0.035156 0.158203
1 0.889648 0.137695 0.001953 0.001953
1 0.648438 0.151367 0.015625 0.029297
1 0.336914 0.140625 0.005859 0.007812
0 0.017578 0.172852 0.035156 0.072266
1 0.835938 0.136719 0.003906 0.003906
0 0.573242 0.161133 0.037109 0.052734
0 0.804688 0.201172 0.097656 0.140625
0 0.571289 0.133789 0.009766 0.009766
0 0.928711 0.142578 0.033203 0.039062
0 0.534180 0.137695 0.013672 0.029297
0 0.014648 0.131836 0.021484 0.017578
1 0.002930 0.125000 0.001953 0.003906
1 0.844727 0.126953 0.009766 0.011719
1 0.484375 0.121094 0.003906 0.003906
0 0.040039 0.120117 0.001953 0.001953
0 0.932617 0.118164 0.001953 0.001953
1 0.698242 0.129883 0.021484 0.033203
0 0.487305 0.114258 0.001953 0.001953
0 0.059570 0.114258 0.001953 0.001953
0 0.510742 0.112305 0.001953 0.001953
0 0.481445 0.112305 0.001953 0.001953
1 0.864258 0.111328 0.005859 0.003906
1 0.874023 0.109375 0.009766 0.003906
1 0.393555 0.108398 0.001953 0.001953
0 0.190430 0.108398 0.001953 0.005859
0 0.020508 0.106445 0.005859 0.001953
0 0.441406 0.118164 0.035156 0.029297
1 0.862305 0.102539 0.001953 0.001953
0 0.738281 0.104492 0.003906 0.009766
1 0.435547 0.101562 0.003906 0.003906
1 0.377930 0.117188 0.025391 0.035156
1 0.015625 0.100586 0.003906 0.001953
0 0.457031 0.099609 0.007812 0.011719
1 0.928711 0.092773 0.001953 0.001953
0 0.896484 0.112305 0.023438 0.041016
0 0.502930 0.092773 0.001953 0.001953
1 0.919922 0.088867 0.011719 0.009766
1 0.603516 0.083984 0.003906 0.003906
0 0.524414 0.075195 0.001953 0.001953
0 0.106445 0.075195 0.001953 0.001953
0 0.102539 0.075195 0.001953 0.001953
1 0.088867 0.075195 0.001953 0.001953
1 0.084961 0.075195 0.001953 0.001953
1 0.932617 0.074219 0.005859 0.003906
1 0.832031 0.075195 0.003906 0.005859
0 0.495117 0.092773 0.029297 0.041016
0 0.483398 0.069336 0.001953 0.001953
1 0.831055 0.065430 0.001953 0.005859
1 0.827148 0.063477 0.001953 0.001953
0 0.533203 0.084961 0.023438 0.044922
1 0.960938 0.065430 0.011719 0.009766
1 0.064453 0.062500 0.003906 0.003906
1 0.054688 0.064453 0.003906 0.007812
1 0.979492 0.064453 0.017578 0.011719
1 0.996094 0.060547 0.007812 0.007812
1 0.999023 0.053711 0.001953 0.001953
0 0.518555 0.053711 0.001953 0.001953
0 0.413086 0.056641 0.001953 0.007812
0 0.497070 0.067383 0.013672 0.033203
1 0.514648 0.049805 0.001953 0.001953
1 0.840820 0.052734 0.009766 0.011719
0 0.413086 0.047852 0.001953 0.001953
0 0.109375 0.106445 0.167969 0.126953
0 0.465820 0.040039 0.001953 0.001953
0 0.422852 0.040039 0.001953 0.001953
0 0.231445 0.119141 0.119141 0.167969
0 0.136719 0.038086 0.003906 0.005859
0 0.233398 0.034180 0.001953 0.001953
0 0.223633 0.034180 0.001953 0.001953
0 0.424805 0.034180 0.005859 0.005859
0 0.325195 0.034180 0.001953 0.005859
1 0.681641 0.033203 0.007812 0.007812
0 0.476562 0.045898 0.023438 0.033203
0 0.024414 0.051758 0.048828 0.044922
1 0.672852 0.029297 0.005859 0.003906
0 0.395508 0.029297 0.005859 0.003906
1 0.417969 0.030273 0.015625 0.013672
0 0.392578 0.024414 0.003906 0.001953
0 0.324219 0.026367 0.003906 0.005859
0 0.319336 0.024414 0.001953 0.001953
0 0.476562 0.023438 0.003906 0.003906
0 0.429688 0.037109 0.019531 0.031250
0 0.325195 0.020508 0.001953 0.001953
1 0.854492 0.031250 0.005859 0.027344
0 0.468750 0.020508 0.003906 0.005859
0 0.686523 0.020508 0.005859 0.013672
0 0.044922 0.033203 0.027344 0.039062
0 0.029297 0.018555 0.007812 0.013672
0 0.932617 0.013672 0.013672 0.007812
0 0.922852 0.010742 0.001953 0.001953
0 0.688477 0.010742 0.001953 0.001953
0 0.790039 0.008789 0.001953 0.001953
0 0.046875 0.008789 0.003906 0.005859
1 0.998047 0.000977 0.003906 0.001953
0 0.982422 0.013672 0.035156 0.027344
0 0.916016 0.003906 0.019531 0.007812
0 0.786133 0.001953 0.001953 0.003906
0 0.772461 0.063477 0.068359 0.126953
0 0.694336 0.000977 0.001953 0.001953
0 0.681641 0.011719 0.015625 0.023438
1 0.582031 0.001953 0.003906 0.003906
1 0.566406 0.019531 0.019531 0.039062
0 0.536133 0.004883 0.021484 0.009766
0 0.458008 0.002930 0.017578 0.005859
0 0.435547 0.003906 0.007812 0.007812
0 0.377930 0.039062 0.033203 0.078125
0 0.310547 0.011719 0.031250 0.023438
0 0.188477 0.033203 0.158203 0.066406
0 0.087891 0.019531 0.074219 0.039062
0 0.049805 0.001953 0.001953 0.003906
0 0.025391 0.003906 0.023438 0.007812
2 0.519531 0.998047 0.003906 0.003906
2 0.135742 0.996094 0.005859 0.007812
2 0.581055 0.989258 0.001953 0.001953
2 0.575195 0.990234 0.005859 0.007812
2 0.955078 0.991211 0.007812 0.017578
2 0.584961 0.974609 0.013672 0.007812
2 0.548828 0.983398 0.031250 0.033203
2 0.551758 0.965820 0.005859 0.001953
2 0.998047 0.957031 0.003906 0.003906
2 0.578125 0.956055 0.003906 0.005859
2 0.930664 0.940430 0.001953 0.001953
2 0.961914 0.933594 0.005859 0.003906
2 0.531250 0.934570 0.015625 0.013672
2 0.524414 0.926758 0.001953 0.001953
2 0.541992 0.920898 0.001953 0.001953
2 0.517578 0.915039 0.003906 0.001953
2 0.537109 0.912109 0.011719 0.007812
3 0.615234 0.897461 0.003906 0.001953
3 0.603516 0.897461 0.003906 0.001953
3 0.619141 0.893555 0.003906 0.001953
3 0.594727 0.893555 0.001953 0.001953
2 0.520508 0.882812 0.009766 0.007812
2 0.510742 0.877930 0.001953 0.001953
3 0.587891 0.911133 0.089844 0.080078
2 0.542969 0.870117 0.003906 0.001953
2 0.526367 0.866211 0.009766 0.005859
2 0.982422 0.738281 0.003906 0.003906
2 0.979492 0.686523 0.001953 0.001953
2 0.996094 0.659180 0.007812 0.009766
2 0.003906 0.548828 0.003906 0.003906
2 0.004883 0.264648 0.001953 0.001953
2 0.997070 0.258789 0.005859 0.005859
2 0.018555 0.192383 0.009766 0.005859
2 0.998047 0.188477 0.003906 0.005859
2 0.988281 0.174805 0.003906 0.005859
2 0.003906 0.167969 0.007812 0.011719
2 0.999023 0.149414 0.001953 0.001953
3 0.015625 0.147461 0.003906 0.001953
2 0.022461 0.145508 0.001953 0.001953
2 0.758789 0.116211 0.001953 0.001953
2 0.765625 0.105469 0.007812 0.003906
2 0.771484 0.062500 0.007812 0.011719
2 0.225586 0.047852 0.001953 0.001953
2 0.995117 0.018555 0.001953 0.001953
2 0.169922 0.011719 0.003906 0.003906
2 0.769531 0.009766 0.007812 0.011719
2 0.762695 0.006836 0.005859 0.009766
2 0.757812 0.011719 0.007812 0.019531
2 0.250977 0.000977 0.001953 0.001953
2 0.161133 0.001953 0.005859 0.003906
2 0.130859 0.008789 0.019531 0.017578
3 0.500000 0.500000 1.000000 1.000000