0 0.763672 0.999023 0.003906 0.001953
1 0.387695 0.999023 0.001953 0.001953
0 0.051758 0.999023 0.001953 0.001953
0 0.926758 0.998047 0.005859 0.003906
1 0.913086 0.997070 0.001953 0.001953
0 0.657227 0.997070 0.001953 0.001953
1 0.412109 0.995117 0.003906 0.001953
0 0.764648 0.994141 0.001953 0.003906
1 0.643555 0.994141 0.013672 0.011719
1 0.629883 0.989258 0.001953 0.001953
1 0.473633 0.994141 0.025391 0.011719
1 0.467773 0.987305 0.001953 0.001953
1 0.301758 0.987305 0.001953 0.001953
0 0.029297 0.993164 0.031250 0.013672
1 0.633789 0.985352 0.001953 0.001953
1 0.915039 0.983398 0.001953 0.001953
1 0.712891 0.985352 0.003906 0.005859
1 0.620117 0.983398 0.001953 0.001953
1 0.395508 0.985352 0.021484 0.005859
1 0.321289 0.986328 0.033203 0.007812
0 0.749023 0.990234 0.021484 0.019531
0 0.735352 0.981445 0.001953 0.001953
1 0.566406 0.986328 0.007812 0.011719
1 0.724609 0.986328 0.015625 0.023438
1 0.501953 0.981445 0.015625 0.013672
1 0.560547 0.973633 0.003906 0.001953
0 0.725586 0.969727 0.001953 0.001953
1 0.569336 0.969727 0.001953 0.001953
0 0.793945 0.967773 0.001953 0.001953
0 0.548828 0.968750 0.003906 0.003906
0 0.799805 0.965820 0.001953 0.001953
0 0.780273 0.973633 0.013672 0.017578
0 0.795898 0.963867 0.001953 0.001953
1 0.888672 0.965820 0.007812 0.009766
0 0.790039 0.962891 0.005859 0.003906
1 0.462891 0.971680 0.019531 0.021484
0 0.804688 0.959961 0.007812 0.005859
1 0.358398 0.972656 0.048828 0.031250
0 0.741211 0.956055 0.001953 0.001953
0 0.374023 0.956055 0.001953 0.001953
1 0.952148 0.948242 0.001953 0.001953
0 0.268555 0.973633 0.052734 0.052734
0 0.823242 0.946289 0.001953 0.001953
0 0.813477 0.955078 0.013672 0.019531
0 0.653320 0.946289 0.001953 0.001953
1 0.930664 0.963867 0.041016 0.041016
0 0.777344 0.948242 0.011719 0.009766
0 0.280273 0.944336 0.001953 0.001953
1 0.953125 0.942383 0.003906 0.001953
0 0.802734 0.945312 0.007812 0.011719
0 0.973633 0.938477 0.001953 0.001953
1 0.914062 0.940430 0.007812 0.005859
0 0.815430 0.939453 0.001953 0.003906
0 0.643555 0.955078 0.021484 0.035156
0 0.352539 0.940430 0.005859 0.005859
0 0.135742 0.936523 0.001953 0.001953
0 0.980469 0.936523 0.007812 0.005859
1 0.980469 0.949219 0.035156 0.031250
1 0.940430 0.934570 0.001953 0.001953
1 0.936523 0.934570 0.001953 0.001953
0 0.730469 0.953125 0.023438 0.042969
0 0.709961 0.936523 0.013672 0.017578
0 0.987305 0.924805 0.001953 0.001953
0 0.979492 0.924805 0.001953 0.001953
0 0.669922 0.931641 0.027344 0.019531
1 0.650391 0.919922 0.003906 0.003906
0 0.306641 0.921875 0.011719 0.007812
1 0.661133 0.917969 0.001953 0.003906
0 0.098633 0.916992 0.001953 0.001953
1 0.645508 0.913086 0.001953 0.001953
0 0.122070 0.915039 0.005859 0.005859
1 0.677734 0.916992 0.011719 0.013672
0 0.720703 0.913086 0.007812 0.009766
1 0.665039 0.910156 0.001953 0.003906
1 0.659180 0.908203 0.001953 0.003906
1 0.652344 0.911133 0.007812 0.009766
1 0.751953 0.912109 0.015625 0.015625
1 0.307617 0.905273 0.001953 0.001953
0 0.727539 0.903320 0.001953 0.001953
1 0.534180 0.904297 0.001953 0.003906
1 0.756836 0.901367 0.001953 0.001953
0 0.714844 0.902344 0.003906 0.003906
0 0.485352 0.899414 0.001953 0.001953
1 0.300781 0.901367 0.007812 0.005859
1 0.920898 0.897461 0.001953 0.001953
0 0.714844 0.896484 0.003906 0.003906
0 0.256836 0.898438 0.009766 0.007812
0 0.334961 0.893555 0.001953 0.001953
1 0.960938 0.911133 0.058594 0.041016
0 0.723633 0.892578 0.001953 0.003906
0 0.718750 0.891602 0.003906 0.001953
1 0.713867 0.891602 0.001953 0.001953
1 0.673828 0.893555 0.007812 0.005859
1 0.650391 0.892578 0.003906 0.003906
0 0.948242 0.889648 0.001953 0.001953
1 0.680664 0.889648 0.001953 0.001953
1 0.333008 0.889648 0.001953 0.001953
1 0.346680 0.887695 0.001953 0.001953
1 0.340820 0.887695 0.001953 0.001953
0 0.262695 0.887695 0.001953 0.001953
0 0.091797 0.902344 0.027344 0.031250
0 0.318359 0.889648 0.011719 0.009766
1 0.668945 0.883789 0.001953 0.001953
1 0.328125 0.886719 0.003906 0.007812
1 0.942383 0.881836 0.001953 0.001953
1 0.661133 0.891602 0.013672 0.025391
1 0.644531 0.879883 0.003906 0.001953
0 0.313477 0.879883 0.001953 0.001953
0 0.317383 0.879883 0.001953 0.005859
1 0.735352 0.896484 0.037109 0.046875
1 0.988281 0.874023 0.003906 0.005859
0 0.645508 0.872070 0.001953 0.001953
0 0.327148 0.872070 0.005859 0.001953
1 0.934570 0.870117 0.001953 0.001953
1 0.999023 0.869141 0.001953 0.003906
1 0.741211 0.875000 0.013672 0.015625
0 0.428711 0.868164 0.001953 0.001953
1 0.733398 0.866211 0.001953 0.001953
1 0.724609 0.866211 0.003906 0.001953
1 0.714844 0.866211 0.007812 0.001953
0 0.036133 0.866211 0.001953 0.001953
1 0.928711 0.864258 0.001953 0.001953
0 0.041992 0.864258 0.001953 0.001953
1 0.577148 0.860352 0.001953 0.001953
1 0.569336 0.860352 0.001953 0.001953
1 0.413086 0.858398 0.001953 0.001953
0 0.061523 0.867188 0.041016 0.019531
1 0.832031 0.857422 0.007812 0.007812
1 0.737305 0.850586 0.001953 0.001953
0 0.420898 0.858398 0.017578 0.017578
1 0.998047 0.851562 0.003906 0.007812
1 0.753906 0.850586 0.003906 0.005859
0 0.455078 0.848633 0.003906 0.001953
1 0.736328 0.846680 0.003906 0.001953
1 0.967773 0.866211 0.029297 0.044922
0 0.428711 0.843750 0.001953 0.003906
1 0.403320 0.842773 0.001953 0.001953
0 0.192383 0.840820 0.001953 0.001953
0 0.072266 0.846680 0.011719 0.013672
0 0.061523 0.840820 0.001953 0.001953
0 0.051758 0.845703 0.013672 0.011719
1 0.841797 0.843750 0.007812 0.011719
1 0.829102 0.836914 0.001953 0.001953
1 0.530273 0.831055 0.001953 0.001953
0 0.167969 0.915039 0.136719 0.169922
1 0.893555 0.829102 0.001953 0.001953
1 0.541992 0.827148 0.001953 0.001953
1 0.533203 0.826172 0.011719 0.003906
0 0.892578 0.820312 0.003906 0.003906
1 0.785156 0.859375 0.062500 0.085938
1 0.444336 0.817383 0.001953 0.001953
1 0.434570 0.817383 0.009766 0.001953
1 0.442383 0.813477 0.001953 0.001953
0 0.416992 0.813477 0.001953 0.001953
0 0.959961 0.812500 0.001953 0.003906
1 0.833008 0.811523 0.001953 0.001953
0 0.891602 0.809570 0.001953 0.001953
1 0.797852 0.804688 0.001953 0.003906
0 0.083008 0.825195 0.033203 0.044922
0 0.903320 0.802734 0.001953 0.003906
0 0.416016 0.803711 0.003906 0.005859
0 0.977539 0.819336 0.044922 0.041016
0 0.897461 0.804688 0.005859 0.011719
1 0.443359 0.803711 0.003906 0.013672
0 0.969727 0.795898 0.001953 0.001953
0 0.944336 0.795898 0.001953 0.001953
0 0.897461 0.793945 0.001953 0.001953
1 0.442383 0.793945 0.001953 0.001953
1 0.430664 0.803711 0.017578 0.021484
1 0.848633 0.792969 0.009766 0.003906
0 0.893555 0.791016 0.001953 0.003906
1 0.789062 0.795898 0.007812 0.013672
0 0.736328 0.791016 0.003906 0.003906
0 0.862305 0.784180 0.001953 0.001953
1 0.445312 0.785156 0.003906 0.007812
1 0.857422 0.778320 0.003906 0.001953
1 0.869141 0.836914 0.128906 0.119141
1 0.792969 0.782227 0.007812 0.009766
0 0.086914 0.778320 0.005859 0.005859
0 0.079102 0.776367 0.001953 0.001953
0 0.423828 0.775391 0.003906 0.007812
1 0.839844 0.771484 0.003906 0.003906
1 0.773438 0.779297 0.011719 0.019531
0 0.032227 0.768555 0.001953 0.001953
0 0.440430 0.760742 0.001953 0.001953
0 0.437500 0.763672 0.007812 0.007812
0 0.970703 0.777344 0.058594 0.050781
0 0.082031 0.762695 0.015625 0.021484
1 0.973633 0.749023 0.001953 0.001953
1 0.961914 0.749023 0.001953 0.001953
1 0.980469 0.747070 0.007812 0.005859
1 0.967773 0.745117 0.001953 0.001953
1 0.538086 0.743164 0.001953 0.001953
0 0.240234 0.747070 0.011719 0.009766
0 0.233398 0.743164 0.001953 0.001953
0 0.904297 0.742188 0.003906 0.003906
0 0.868164 0.741211 0.001953 0.001953
0 0.063477 0.741211 0.001953 0.001953
0 0.051758 0.759766 0.037109 0.039062
1 0.956055 0.741211 0.009766 0.005859
0 0.864258 0.735352 0.001953 0.001953
0 0.834961 0.735352 0.001953 0.001953
0 0.930664 0.733398 0.005859 0.001953
0 0.922852 0.733398 0.001953 0.001953
1 0.956055 0.731445 0.001953 0.001953
1 0.936523 0.732422 0.001953 0.003906
0 0.433594 0.732422 0.003906 0.003906
1 0.965820 0.729492 0.001953 0.001953
1 0.949219 0.730469 0.007812 0.003906
0 0.921875 0.729492 0.003906 0.001953
0 0.887695 0.746094 0.037109 0.035156
1 0.770508 0.732422 0.005859 0.007812
1 0.453125 0.731445 0.007812 0.005859
1 0.931641 0.728516 0.003906 0.003906
1 0.462891 0.742188 0.019531 0.031250
0 0.910156 0.729492 0.015625 0.009766
0 0.438477 0.725586 0.001953 0.001953
0 0.201172 0.740234 0.019531 0.031250
1 0.921875 0.724609 0.007812 0.003906
1 0.925781 0.721680 0.007812 0.005859
0 0.912109 0.720703 0.011719 0.011719
0 0.448242 0.715820 0.001953 0.001953
1 0.906250 0.711914 0.003906 0.001953
0 0.763672 0.709961 0.007812 0.013672
1 0.909180 0.707031 0.013672 0.011719
1 0.250977 0.697266 0.005859 0.003906
0 0.768555 0.692383 0.001953 0.001953
1 0.640625 0.694336 0.007812 0.005859
1 0.901367 0.690430 0.001953 0.001953
1 0.790039 0.686523 0.001953 0.001953
1 0.899414 0.684570 0.001953 0.001953
0 0.768555 0.684570 0.001953 0.001953
1 0.889648 0.699219 0.033203 0.035156
1 0.788086 0.682617 0.001953 0.001953
0 0.829102 0.703125 0.072266 0.050781
0 0.762695 0.680664 0.005859 0.005859
0 0.468750 0.676758 0.003906 0.001953
1 0.889648 0.678711 0.009766 0.009766
1 0.678711 0.678711 0.029297 0.013672
1 0.948242 0.671875 0.005859 0.003906
1 0.887695 0.670898 0.001953 0.001953
1 0.698242 0.670898 0.001953 0.001953
1 0.702148 0.668945 0.001953 0.001953
0 0.463867 0.668945 0.001953 0.001953
0 0.456055 0.668945 0.005859 0.005859
1 0.910156 0.668945 0.011719 0.009766
0 0.772461 0.665039 0.001953 0.001953
0 0.615234 0.665039 0.003906 0.001953
0 0.540039 0.665039 0.001953 0.001953
1 0.999023 0.664062 0.001953 0.003906
1 0.897461 0.664062 0.001953 0.003906
0 0.742188 0.684570 0.035156 0.044922
1 0.758789 0.659180 0.001953 0.001953
0 0.987305 0.649414 0.001953 0.001953
0 0.984375 0.651367 0.003906 0.009766
0 0.738281 0.647461 0.011719 0.009766
1 0.891602 0.636719 0.001953 0.003906
0 0.527344 0.627930 0.003906 0.001953
1 0.900391 0.634766 0.011719 0.019531
1 0.896484 0.625977 0.003906 0.001953
1 0.889648 0.624023 0.001953 0.001953
1 0.895508 0.620117 0.001953 0.001953
0 0.769531 0.624023 0.015625 0.013672
0 0.567383 0.614258 0.001953 0.001953
1 0.916016 0.604492 0.011719 0.009766
0 0.566406 0.601562 0.011719 0.007812
0 0.420898 0.598633 0.001953 0.001953
1 0.899414 0.594727 0.001953 0.001953
0 0.759766 0.617188 0.066406 0.046875
0 0.738281 0.596680 0.003906 0.005859
0 0.410156 0.602539 0.015625 0.017578
0 0.422852 0.590820 0.001953 0.001953
0 0.416992 0.589844 0.001953 0.003906
1 0.894531 0.587891 0.003906 0.007812
1 0.846680 0.584961 0.001953 0.001953
0 0.684570 0.584961 0.001953 0.001953
1 0.903320 0.580078 0.009766 0.011719
0 0.578125 0.774414 0.328125 0.400391
0 0.694336 0.573242 0.001953 0.001953
0 0.500977 0.573242 0.001953 0.001953
1 0.922852 0.569336 0.001953 0.001953
1 0.596680 0.569336 0.001953 0.001953
1 0.604492 0.567383 0.001953 0.001953
1 0.600586 0.567383 0.001953 0.001953
1 0.574219 0.571289 0.007812 0.013672
0 0.692383 0.566406 0.001953 0.007812
1 0.917969 0.561523 0.011719 0.009766
0 0.332031 0.557617 0.003906 0.001953
1 0.914062 0.552734 0.007812 0.003906
0 0.583008 0.552734 0.009766 0.011719
1 0.938477 0.543945 0.001953 0.001953
1 0.711914 0.558594 0.029297 0.031250
1 0.848633 0.541992 0.001953 0.001953
1 0.843750 0.541992 0.003906 0.001953
0 0.938477 0.538086 0.001953 0.001953
0 0.233398 0.546875 0.013672 0.019531
1 0.530273 0.536133 0.001953 0.001953
1 0.855469 0.543945 0.023438 0.029297
1 0.842773 0.529297 0.001953 0.003906
1 0.854492 0.526367 0.001953 0.001953
1 0.733398 0.526367 0.001953 0.001953
0 0.576172 0.538086 0.023438 0.033203
1 0.936523 0.512695 0.001953 0.001953
0 0.577148 0.512695 0.001953 0.001953
0 0.596680 0.508789 0.001953 0.001953
1 0.442383 0.504883 0.001953 0.001953
1 0.938477 0.504883 0.001953 0.005859
1 0.932617 0.502930 0.001953 0.001953
1 0.483398 0.499023 0.001953 0.001953
1 0.932617 0.498047 0.001953 0.003906
0 0.758789 0.487305 0.001953 0.001953
1 0.932617 0.485352 0.001953 0.001953
0 0.500977 0.477539 0.001953 0.001953
0 0.482422 0.484375 0.031250 0.031250
0 0.882812 0.468750 0.003906 0.007812
1 0.913086 0.461914 0.001953 0.001953
0 0.726562 0.462891 0.003906 0.003906
0 0.868164 0.459961 0.001953 0.001953
1 0.905273 0.458008 0.001953 0.001953
0 0.818359 0.460938 0.011719 0.007812
1 0.635742 0.458984 0.005859 0.007812
0 0.606445 0.457031 0.005859 0.003906
1 0.961914 0.554688 0.076172 0.207031
0 0.744141 0.449219 0.011719 0.003906
1 0.887695 0.444336 0.001953 0.001953
1 0.891602 0.440430 0.001953 0.001953
1 0.883789 0.442383 0.005859 0.005859
0 0.252930 0.440430 0.001953 0.001953
0 0.212891 0.439453 0.007812 0.007812
0 0.198242 0.436523 0.001953 0.001953
1 0.872070 0.432617 0.001953 0.001953
1 0.881836 0.427734 0.005859 0.003906
0 0.862305 0.439453 0.033203 0.027344
0 0.270508 0.426758 0.001953 0.001953
0 0.284180 0.430664 0.033203 0.017578
0 0.250977 0.422852 0.001953 0.001953
0 0.678711 0.420898 0.001953 0.001953
0 0.070312 0.426758 0.019531 0.013672
0 0.299805 0.418945 0.001953 0.001953
0 0.206055 0.428711 0.021484 0.021484
0 0.075195 0.418945 0.013672 0.009766
1 0.865234 0.419922 0.019531 0.019531
0 0.217773 0.398438 0.025391 0.023438
0 0.192383 0.381836 0.001953 0.001953
1 0.909180 0.391602 0.025391 0.029297
0 0.311523 0.379883 0.017578 0.009766
0 0.403320 0.374023 0.001953 0.001953
1 0.956055 0.370117 0.001953 0.001953
1 0.948242 0.368164 0.001953 0.001953
0 0.366211 0.364258 0.009766 0.005859
1 0.362305 0.357422 0.001953 0.003906
0 0.038086 0.350586 0.001953 0.001953
0 0.166992 0.360352 0.029297 0.029297
0 0.155273 0.338867 0.001953 0.001953
0 0.757812 0.334961 0.003906 0.001953
0 0.818359 0.355469 0.050781 0.046875
0 0.373047 0.334961 0.058594 0.013672
0 0.145508 0.329102 0.001953 0.001953
0 0.424805 0.321289 0.001953 0.001953
1 0.745117 0.319336 0.001953 0.001953
1 0.738281 0.323242 0.007812 0.009766
0 0.807617 0.317383 0.001953 0.001953
0 0.791992 0.317383 0.001953 0.001953
0 0.975586 0.315430 0.001953 0.001953
0 0.760742 0.330078 0.033203 0.046875
0 0.809570 0.308594 0.009766 0.011719
0 0.744141 0.299805 0.003906 0.001953
0 0.167969 0.278320 0.003906 0.005859
0 0.442383 0.274414 0.001953 0.001953
0 0.723633 0.456055 0.294922 0.369141
0 0.916992 0.268555 0.001953 0.001953
0 0.905273 0.264648 0.001953 0.001953
0 0.853516 0.263672 0.003906 0.003906
0 0.166016 0.247070 0.003906 0.001953
0 0.175781 0.249023 0.011719 0.009766
0 0.891602 0.251953 0.025391 0.019531
0 0.027344 0.245117 0.003906 0.005859
0 0.804688 0.241211 0.003906 0.005859
0 0.165039 0.256836 0.041016 0.037109
0 0.026367 0.233398 0.009766 0.009766
0 0.047852 0.225586 0.001953 0.001953
0 0.034180 0.225586 0.009766 0.005859
0 0.220703 0.232422 0.019531 0.023438
0 0.036133 0.221680 0.001953 0.001953
0 0.861328 0.218750 0.003906 0.003906
0 0.894531 0.211914 0.003906 0.001953
0 0.850586 0.211914 0.001953 0.001953
0 0.885742 0.208008 0.001953 0.001953
0 0.846680 0.209961 0.001953 0.005859
0 0.902344 0.208008 0.007812 0.005859
0 0.881836 0.204102 0.001953 0.001953
0 0.983398 0.202148 0.005859 0.005859
1 0.466797 0.200195 0.003906 0.013672
0 0.981445 0.188477 0.001953 0.001953
0 0.901367 0.189453 0.005859 0.003906
0 0.994141 0.187500 0.007812 0.007812
0 0.934570 0.180664 0.001953 0.001953
1 0.925781 0.181641 0.003906 0.003906
0 0.983398 0.178711 0.001953 0.001953
1 0.994141 0.177734 0.003906 0.003906
0 0.933594 0.174805 0.007812 0.005859
0 0.820312 0.191406 0.046875 0.039062
0 0.135742 0.172852 0.001953 0.001953
0 0.936523 0.168945 0.001953 0.001953
0 0.977539 0.166992 0.001953 0.001953
1 0.481445 0.165039 0.001953 0.005859
1 0.947266 0.164062 0.011719 0.007812
0 0.821289 0.161133 0.001953 0.001953
1 0.983398 0.159180 0.001953 0.001953
0 0.125977 0.159180 0.001953 0.001953
0 0.796875 0.162109 0.015625 0.011719
0 0.127930 0.153320 0.001953 0.001953
0 0.216797 0.148438 0.003906 0.003906
0 0.129883 0.147461 0.001953 0.001953
0 0.245117 0.146484 0.005859 0.003906
0 0.208008 0.146484 0.001953 0.003906
0 0.203125 0.141602 0.003906 0.001953
0 0.856445 0.133789 0.001953 0.001953
0 0.568359 0.134766 0.007812 0.007812
0 0.788086 0.127930 0.001953 0.001953
0 0.569336 0.127930 0.001953 0.001953
0 0.266602 0.118164 0.001953 0.001953
0 0.819336 0.135742 0.044922 0.041016
0 0.256836 0.116211 0.001953 0.001953
0 0.791992 0.120117 0.017578 0.013672
1 0.293945 0.121094 0.013672 0.015625
0 0.262695 0.115234 0.005859 0.003906
0 0.799805 0.113281 0.005859 0.003906
0 0.784180 0.112305 0.001953 0.001953
0 0.297852 0.112305 0.001953 0.001953
0 0.286133 0.112305 0.001953 0.001953
0 0.793945 0.110352 0.001953 0.001953
0 0.315430 0.111328 0.009766 0.003906
0 0.250000 0.114258 0.007812 0.009766
0 0.299805 0.108398 0.001953 0.001953
0 0.981445 0.106445 0.001953 0.001953
0 0.727539 0.102539 0.001953 0.001953
0 0.720703 0.102539 0.007812 0.001953
0 0.290039 0.106445 0.005859 0.009766
0 0.293945 0.100586 0.001953 0.001953
0 0.312500 0.100586 0.007812 0.005859
0 0.298828 0.098633 0.003906 0.005859
0 0.231445 0.096680 0.001953 0.001953
0 0.977539 0.094727 0.001953 0.001953
0 0.996094 0.090820 0.003906 0.005859
0 0.235352 0.088867 0.001953 0.001953
1 0.850586 0.088867 0.013672 0.009766
0 0.737305 0.084961 0.001953 0.001953
0 0.344727 0.089844 0.013672 0.011719
1 0.756836 0.083984 0.009766 0.007812
1 0.764648 0.079102 0.001953 0.001953
0 0.548828 0.079102 0.003906 0.001953
0 0.733398 0.084961 0.033203 0.017578
0 0.237305 0.077148 0.001953 0.001953
1 0.766602 0.075195 0.001953 0.001953
0 0.390625 0.076172 0.003906 0.007812
0 0.305664 0.071289 0.001953 0.001953
0 0.549805 0.069336 0.001953 0.001953
0 0.391602 0.069336 0.001953 0.001953
1 0.192383 0.069336 0.001953 0.001953
1 0.717773 0.067383 0.001953 0.001953
0 0.387695 0.067383 0.001953 0.001953
0 0.921875 0.143555 0.156250 0.158203
0 0.479492 0.065430 0.001953 0.001953
0 0.579102 0.063477 0.001953 0.001953
0 0.532227 0.063477 0.001953 0.001953
1 0.420898 0.061523 0.001953 0.001953
0 0.211914 0.061523 0.001953 0.001953
1 0.524414 0.059570 0.001953 0.001953
1 0.473633 0.060547 0.001953 0.003906
0 0.467773 0.057617 0.001953 0.001953
0 0.234375 0.062500 0.011719 0.019531
0 0.576172 0.049805 0.003906 0.001953
1 0.470703 0.050781 0.007812 0.007812
0 0.268555 0.048828 0.005859 0.003906
0 0.312500 0.048828 0.035156 0.015625
1 0.204102 0.073242 0.068359 0.064453
1 0.191406 0.038086 0.003906 0.001953
0 0.675781 0.035156 0.003906 0.003906
1 0.187500 0.034180 0.003906 0.001953
1 0.760742 0.032227 0.001953 0.001953
0 0.980469 0.030273 0.003906 0.001953
1 0.208008 0.034180 0.001953 0.009766
1 0.197266 0.032227 0.007812 0.005859
0 0.940430 0.042969 0.033203 0.031250
1 0.769531 0.026367 0.003906 0.001953
1 0.764648 0.026367 0.001953 0.001953
0 0.584961 0.043945 0.037109 0.037109
1 0.534180 0.026367 0.001953 0.001953
0 0.255859 0.042969 0.031250 0.035156
1 0.174805 0.026367 0.001953 0.001953
0 0.891602 0.024414 0.001953 0.001953
0 0.884766 0.024414 0.003906 0.001953
0 0.672852 0.025391 0.001953 0.003906
0 0.458008 0.024414 0.001953 0.001953
1 0.182617 0.028320 0.005859 0.009766
0 0.759766 0.022461 0.003906 0.001953
0 0.893555 0.020508 0.001953 0.001953
1 0.766602 0.020508 0.001953 0.001953
0 0.737305 0.021484 0.005859 0.003906
1 0.203125 0.023438 0.003906 0.007812
1 0.268555 0.018555 0.001953 0.001953
1 0.176758 0.020508 0.005859 0.005859
0 0.881836 0.018555 0.005859 0.005859
0 0.877930 0.016602 0.001953 0.001953
1 0.775391 0.016602 0.003906 0.001953
1 0.272461 0.016602 0.001953 0.001953
1 0.714844 0.026367 0.031250 0.029297
0 0.321289 0.012695 0.001953 0.001953
0 0.260742 0.012695 0.001953 0.001953
0 0.539062 0.013672 0.003906 0.007812
1 0.172852 0.008789 0.001953 0.001953
0 0.135742 0.017578 0.021484 0.019531
0 0.795898 0.007812 0.001953 0.003906
0 0.413086 0.360352 0.318359 0.712891
0 0.317383 0.004883 0.001953 0.001953
0 0.286133 0.004883 0.001953 0.001953
0 0.909180 0.002930 0.001953 0.001953
0 0.549805 0.002930 0.001953 0.001953
0 0.525391 0.003906 0.003906 0.003906
1 0.273438 0.008789 0.015625 0.013672
0 0.397461 0.000977 0.001953 0.001953
0 0.348633 0.026367 0.056641 0.052734
0 0.280273 0.001953 0.005859 0.003906
0 0.154297 0.007812 0.011719 0.015625
1 0.149414 0.000977 0.001953 0.001953
0 0.057617 0.001953 0.001953 0.003906
3 0.479492 0.999023 0.001953 0.001953
3 0.287109 0.975586 0.003906 0.005859
2 0.122070 0.965820 0.001953 0.001953
2 0.258789 0.958008 0.001953 0.001953
2 0.131836 0.952148 0.001953 0.001953
3 0.979492 0.814453 0.001953 0.003906
3 0.973633 0.814453 0.005859 0.003906
2 0.973633 0.809570 0.005859 0.001953
2 0.973633 0.805664 0.001953 0.001953
2 0.958008 0.793945 0.005859 0.005859
2 0.950195 0.782227 0.001953 0.001953
2 0.987305 0.760742 0.001953 0.001953
2 0.971680 0.760742 0.001953 0.001953
3 0.955078 0.613281 0.003906 0.003906
2 0.946289 0.575195 0.001953 0.001953
2 0.959961 0.549805 0.001953 0.001953
3 0.961914 0.465820 0.001953 0.001953
3 0.965820 0.463867 0.001953 0.001953
2 0.889648 0.190430 0.001953 0.001953
2 0.879883 0.191406 0.005859 0.003906
2 0.893555 0.186523 0.001953 0.001953
2 0.881836 0.174805 0.001953 0.001953
2 0.875977 0.174805 0.001953 0.001953
2 0.920898 0.172852 0.001953 0.001953
3 0.924805 0.170898 0.001953 0.001953
3 0.916992 0.168945 0.001953 0.001953
2 0.878906 0.168945 0.007812 0.005859
3 0.954102 0.125977 0.001953 0.001953
2 0.979492 0.124023 0.001953 0.001953
3 0.989258 0.122070 0.001953 0.001953
3 0.953125 0.122070 0.003906 0.001953
3 0.991211 0.117188 0.001953 0.003906
3 0.969727 0.110352 0.001953 0.001953
3 0.969727 0.096680 0.001953 0.001953
3 0.968750 0.086914 0.003906 0.001953
2 0.971680 0.082031 0.001953 0.003906
3 0.155273 0.000977 0.001953 0.001953
2 0.500000 0.500000 1.000000 1.000000