0 0.901367 0.999023 0.001953 0.001953
1 0.042969 0.998047 0.003906 0.003906
1 0.000977 0.997070 0.001953 0.001953
0 0.109375 0.997070 0.007812 0.005859
1 0.020508 0.997070 0.021484 0.005859
1 0.684570 0.989258 0.001953 0.001953
0 0.606445 0.987305 0.001953 0.001953
1 0.534180 0.993164 0.025391 0.013672
1 0.515625 0.987305 0.003906 0.001953
1 0.002930 0.990234 0.005859 0.007812
0 0.636719 0.983398 0.003906 0.001953
0 0.842773 0.990234 0.021484 0.019531
1 0.545898 0.981445 0.001953 0.001953
1 0.498047 0.981445 0.003906 0.001953
1 0.975586 0.989258 0.013672 0.021484
1 0.795898 0.979492 0.001953 0.001953
1 0.693359 0.980469 0.003906 0.003906
1 0.683594 0.980469 0.003906 0.003906
0 0.790039 0.984375 0.017578 0.023438
0 0.614258 0.986328 0.041016 0.027344
1 0.796875 0.972656 0.003906 0.003906
1 0.500977 0.974609 0.009766 0.007812
1 0.791992 0.969727 0.001953 0.001953
0 0.690430 0.972656 0.005859 0.007812
1 0.797852 0.967773 0.001953 0.001953
0 0.650391 0.968750 0.003906 0.003906
1 0.212891 0.983398 0.195312 0.033203
1 0.979492 0.970703 0.009766 0.011719
1 0.516602 0.965820 0.001953 0.001953
1 0.511719 0.966797 0.003906 0.003906
0 0.908203 0.979492 0.027344 0.041016
0 0.725586 0.959961 0.001953 0.001953
1 0.348633 0.961914 0.005859 0.005859
0 0.413086 0.978516 0.091797 0.042969
1 0.346680 0.956055 0.001953 0.001953
1 0.357422 0.955078 0.003906 0.003906
0 0.885742 0.959961 0.013672 0.017578
1 0.170898 0.952148 0.001953 0.001953
0 0.929688 0.954102 0.015625 0.017578
1 0.604492 0.939453 0.001953 0.003906
1 0.911133 0.936523 0.001953 0.001953
1 0.600586 0.936523 0.001953 0.001953
1 0.620117 0.935547 0.001953 0.003906
1 0.982422 0.930664 0.003906 0.001953
1 0.967773 0.945312 0.060547 0.035156
1 0.612305 0.928711 0.001953 0.001953
0 0.627930 0.926758 0.001953 0.001953
1 0.316406 0.926758 0.011719 0.001953
1 0.549805 0.940430 0.048828 0.068359
1 0.131836 0.911133 0.009766 0.013672
1 0.959961 0.901367 0.001953 0.001953
1 0.345703 0.921875 0.035156 0.042969
1 0.171875 0.902344 0.003906 0.003906
1 0.434570 0.903320 0.005859 0.009766
1 0.422852 0.904297 0.009766 0.011719
1 0.952148 0.910156 0.025391 0.031250
1 0.325195 0.897461 0.013672 0.009766
1 0.309570 0.894531 0.005859 0.003906
1 0.225586 0.893555 0.001953 0.001953
0 0.046875 0.932617 0.093750 0.083984
0 0.870117 0.921875 0.076172 0.070312
1 0.961914 0.889648 0.013672 0.017578
0 0.829102 0.890625 0.009766 0.019531
0 0.770508 0.881836 0.001953 0.001953
0 0.108398 0.888672 0.009766 0.023438
0 0.028320 0.885742 0.017578 0.017578
1 0.324219 0.881836 0.007812 0.017578
0 0.024414 0.874023 0.001953 0.001953
1 0.944336 0.875000 0.013672 0.011719
1 0.934570 0.870117 0.001953 0.001953
1 0.930664 0.868164 0.001953 0.001953
1 0.655273 0.868164 0.001953 0.001953
1 0.340820 0.879883 0.021484 0.025391
1 0.310547 0.868164 0.003906 0.001953
1 0.999023 0.869141 0.001953 0.007812
1 0.455078 0.867188 0.007812 0.003906
1 0.372070 0.873047 0.005859 0.015625
1 0.378906 0.866211 0.003906 0.005859
0 0.333008 0.864258 0.001953 0.001953
1 0.206055 0.883789 0.048828 0.048828
1 0.280273 0.866211 0.017578 0.021484
1 0.104492 0.854492 0.001953 0.001953
0 0.096680 0.854492 0.001953 0.001953
1 0.319336 0.854492 0.001953 0.005859
0 0.094727 0.849609 0.005859 0.007812
1 0.272461 0.846680 0.001953 0.005859
1 0.918945 0.859375 0.060547 0.039062
0 0.860352 0.838867 0.001953 0.001953
1 0.455078 0.850586 0.019531 0.025391
1 0.292969 0.838867 0.011719 0.005859
1 0.997070 0.845703 0.005859 0.023438
1 0.338867 0.835938 0.001953 0.003906
1 0.286133 0.834961 0.001953 0.001953
1 0.234375 0.835938 0.003906 0.003906
1 0.928711 0.835938 0.005859 0.007812
1 0.237305 0.831055 0.001953 0.001953
1 0.930664 0.829102 0.001953 0.001953
1 0.359375 0.839844 0.027344 0.023438
0 0.328125 0.831055 0.003906 0.005859
0 0.732422 0.902344 0.089844 0.152344
1 0.364258 0.827148 0.001953 0.001953
1 0.127930 0.839844 0.021484 0.027344
0 0.313477 0.836914 0.021484 0.025391
1 0.500977 0.825195 0.005859 0.005859
0 0.643555 0.821289 0.001953 0.001953
0 0.698242 0.819336 0.001953 0.001953
1 0.809570 0.817383 0.001953 0.001953
1 0.791992 0.817383 0.001953 0.001953
0 0.037109 0.849609 0.074219 0.066406
1 0.340820 0.823242 0.005859 0.017578
0 0.018555 0.822266 0.017578 0.015625
1 0.844727 0.831055 0.029297 0.037109
1 0.796875 0.816406 0.003906 0.007812
1 0.965820 0.813477 0.005859 0.005859
1 0.379883 0.821289 0.025391 0.021484
0 0.309570 0.812500 0.001953 0.003906
0 0.303711 0.811523 0.001953 0.001953
1 0.818359 0.820312 0.023438 0.023438
1 0.799805 0.809570 0.001953 0.001953
0 0.010742 0.809570 0.001953 0.001953
1 0.559570 0.809570 0.001953 0.005859
1 0.447266 0.810547 0.015625 0.007812
0 0.004883 0.797852 0.001953 0.001953
1 0.749023 0.795898 0.001953 0.001953
1 0.567383 0.798828 0.005859 0.007812
1 0.466797 0.796875 0.003906 0.003906
1 0.640625 0.881836 0.042969 0.177734
1 0.388672 0.798828 0.011719 0.011719
1 0.751953 0.791992 0.003906 0.001953
0 0.872070 0.790039 0.001953 0.001953
1 0.470703 0.792969 0.007812 0.007812
1 0.133789 0.794922 0.009766 0.011719
1 0.996094 0.786133 0.003906 0.001953
1 0.604492 0.786133 0.005859 0.005859
1 0.542969 0.786133 0.003906 0.005859
1 0.879883 0.780273 0.001953 0.001953
1 0.365234 0.780273 0.003906 0.001953
0 0.884766 0.791016 0.019531 0.031250
1 0.215820 0.796875 0.048828 0.042969
1 0.565430 0.772461 0.001953 0.001953
1 0.484375 0.781250 0.019531 0.019531
1 0.363281 0.774414 0.007812 0.005859
1 0.143555 0.772461 0.001953 0.001953
1 0.662109 0.766602 0.003906 0.001953
1 0.997070 0.772461 0.005859 0.017578
0 0.954102 0.763672 0.009766 0.003906
1 0.668945 0.774414 0.029297 0.025391
1 0.666016 0.760742 0.003906 0.001953
0 0.998047 0.758789 0.003906 0.005859
1 0.410156 0.765625 0.015625 0.023438
0 0.674805 0.756836 0.009766 0.009766
1 0.563477 0.752930 0.001953 0.001953
1 0.167969 0.767578 0.058594 0.031250
0 0.999023 0.750977 0.001953 0.001953
0 0.768555 0.750977 0.001953 0.001953
1 0.530273 0.750977 0.001953 0.001953
1 0.522461 0.750977 0.001953 0.001953
0 0.297852 0.781250 0.087891 0.062500
1 0.597656 0.766602 0.042969 0.037109
0 0.934570 0.768555 0.052734 0.048828
1 0.298828 0.749023 0.011719 0.013672
0 0.776367 0.741211 0.001953 0.001953
1 0.669922 0.743164 0.003906 0.005859
1 0.956055 0.739258 0.001953 0.001953
0 0.911133 0.746094 0.013672 0.015625
0 0.672852 0.739258 0.001953 0.001953
1 0.489258 0.746094 0.033203 0.015625
1 0.223633 0.738281 0.001953 0.003906
1 0.098633 0.735352 0.001953 0.001953
1 0.094727 0.735352 0.001953 0.001953
0 0.779297 0.734375 0.003906 0.003906
0 0.901367 0.733398 0.005859 0.005859
1 0.883789 0.735352 0.005859 0.009766
0 0.790039 0.732422 0.001953 0.003906
1 0.416016 0.731445 0.003906 0.001953
0 0.401367 0.739258 0.021484 0.017578
1 0.213867 0.737305 0.013672 0.013672
1 0.497070 0.730469 0.005859 0.003906
1 0.491211 0.729492 0.001953 0.001953
1 0.481445 0.727539 0.001953 0.001953
1 0.470703 0.729492 0.015625 0.005859
1 0.150391 0.722656 0.011719 0.003906
1 0.127930 0.721680 0.001953 0.001953
1 0.116211 0.721680 0.001953 0.001953
1 0.149414 0.717773 0.001953 0.001953
1 0.125977 0.717773 0.001953 0.001953
1 0.011719 0.731445 0.023438 0.029297
0 0.675781 0.722656 0.007812 0.015625
1 0.095703 0.723633 0.027344 0.017578
1 0.902344 0.719727 0.019531 0.017578
1 0.269531 0.722656 0.019531 0.023438
1 0.139648 0.717773 0.017578 0.013672
1 0.334961 0.716797 0.013672 0.023438
1 0.372070 0.711914 0.017578 0.017578
1 0.372070 0.700195 0.001953 0.001953
1 0.316406 0.706055 0.019531 0.013672
1 0.470703 0.700195 0.007812 0.005859
1 0.821289 0.699219 0.005859 0.007812
1 0.326172 0.697266 0.011719 0.003906
1 0.580078 0.698242 0.007812 0.009766
0 0.950195 0.692383 0.013672 0.005859
1 0.037109 0.686523 0.003906 0.001953
1 0.565430 0.685547 0.001953 0.003906
0 0.993164 0.682617 0.001953 0.001953
1 0.474609 0.688477 0.007812 0.013672
1 0.618164 0.680664 0.001953 0.001953
1 0.601562 0.684570 0.003906 0.009766
1 0.584961 0.680664 0.001953 0.001953
0 0.971680 0.676758 0.001953 0.001953
1 0.227539 0.676758 0.001953 0.001953
0 0.979492 0.710938 0.041016 0.074219
1 0.865234 0.676758 0.003906 0.005859
1 0.616211 0.674805 0.001953 0.001953
1 0.583984 0.675781 0.003906 0.003906
1 0.235352 0.678711 0.013672 0.013672
0 0.967773 0.678711 0.005859 0.017578
0 0.402344 0.683594 0.039062 0.031250
1 0.954102 0.666992 0.001953 0.001953
0 0.996094 0.670898 0.007812 0.017578
1 0.583984 0.666016 0.007812 0.011719
0 0.991211 0.659180 0.001953 0.001953
0 0.948242 0.660156 0.001953 0.003906
1 0.840820 0.662109 0.017578 0.007812
1 0.168945 0.658203 0.001953 0.003906
0 0.992188 0.653320 0.003906 0.005859
1 0.287109 0.649414 0.003906 0.001953
1 0.176758 0.650391 0.001953 0.003906
1 0.170898 0.649414 0.001953 0.001953
1 0.838867 0.647461 0.001953 0.001953
1 0.634766 0.646484 0.003906 0.003906
1 0.159180 0.651367 0.017578 0.013672
1 0.334961 0.644531 0.001953 0.003906
1 0.343750 0.644531 0.011719 0.007812
1 0.571289 0.641602 0.005859 0.005859
1 0.340820 0.639648 0.001953 0.001953
1 0.135742 0.639648 0.001953 0.001953
1 0.839844 0.639648 0.003906 0.005859
1 0.930664 0.635742 0.001953 0.001953
1 0.899414 0.635742 0.001953 0.001953
1 0.336914 0.637695 0.005859 0.005859
1 0.348633 0.633789 0.001953 0.001953
0 0.637695 0.631836 0.001953 0.001953
0 0.358398 0.634766 0.013672 0.007812
1 0.706055 0.629883 0.001953 0.001953
0 0.644531 0.632812 0.007812 0.007812
1 0.530273 0.629883 0.001953 0.001953
1 0.530273 0.724609 0.095703 0.191406
0 0.628906 0.634766 0.011719 0.015625
1 0.921875 0.622070 0.003906 0.001953
1 0.907227 0.622070 0.001953 0.001953
1 0.903320 0.622070 0.001953 0.001953
1 0.875977 0.622070 0.001953 0.001953
1 0.034180 0.622070 0.009766 0.005859
1 0.568359 0.621094 0.003906 0.007812
1 0.905273 0.617188 0.005859 0.003906
1 0.819336 0.616211 0.001953 0.001953
0 0.627930 0.616211 0.001953 0.001953
1 0.874023 0.614258 0.001953 0.001953
1 0.276367 0.643555 0.064453 0.060547
1 0.139648 0.615234 0.001953 0.003906
0 0.016602 0.612305 0.001953 0.001953
1 0.108398 0.615234 0.017578 0.015625
0 0.993164 0.621094 0.013672 0.035156
0 0.301758 0.604492 0.001953 0.001953
1 0.944336 0.604492 0.009766 0.005859
1 0.885742 0.602539 0.001953 0.001953
1 0.403320 0.612305 0.021484 0.021484
1 0.922852 0.609375 0.029297 0.019531
0 0.816406 0.606445 0.011719 0.013672
1 0.561523 0.600586 0.001953 0.001953
1 0.554688 0.602539 0.007812 0.005859
0 0.899414 0.598633 0.001953 0.001953
1 0.821289 0.596680 0.001953 0.001953
0 0.337891 0.604492 0.023438 0.017578
1 0.930664 0.594727 0.001953 0.001953
0 0.658203 0.609375 0.019531 0.031250
1 0.035156 0.603516 0.027344 0.023438
0 0.895508 0.588867 0.001953 0.001953
0 0.322266 0.596680 0.035156 0.021484
0 0.667969 0.589844 0.003906 0.011719
0 0.055664 0.584961 0.001953 0.001953
0 0.893555 0.581055 0.001953 0.001953
0 0.064453 0.583984 0.007812 0.007812
0 0.988281 0.597656 0.019531 0.039062
0 0.897461 0.579102 0.001953 0.001953
1 0.858398 0.579102 0.001953 0.001953
1 0.852539 0.577148 0.001953 0.001953
1 0.719727 0.583984 0.009766 0.019531
1 0.591797 0.614258 0.062500 0.080078
1 0.943359 0.583008 0.007812 0.021484
1 0.083008 0.573242 0.001953 0.001953
0 0.989258 0.572266 0.001953 0.003906
1 0.022461 0.569336 0.001953 0.001953
0 0.989258 0.567383 0.001953 0.001953
1 0.545898 0.567383 0.001953 0.001953
0 0.007812 0.576172 0.015625 0.019531
0 0.364258 0.591797 0.056641 0.054688
0 0.029297 0.568359 0.007812 0.007812
0 0.011719 0.565430 0.003906 0.005859
0 0.223633 0.565430 0.005859 0.009766
0 0.788086 0.561523 0.001953 0.005859
0 0.047852 0.559570 0.001953 0.001953
0 0.979492 0.557617 0.001953 0.001953
0 0.932617 0.559570 0.005859 0.005859
0 0.925781 0.556641 0.003906 0.003906
0 0.666016 0.570312 0.023438 0.031250
1 0.612305 0.555664 0.001953 0.001953
0 0.988281 0.558594 0.003906 0.011719
1 0.784180 0.660156 0.353516 0.214844
0 0.191406 0.565430 0.050781 0.029297
0 0.918945 0.549805 0.001953 0.001953
1 0.856445 0.549805 0.001953 0.001953
0 0.913086 0.545898 0.001953 0.001953
1 0.793945 0.546875 0.001953 0.003906
0 0.274414 0.545898 0.001953 0.001953
0 0.977539 0.542969 0.005859 0.011719
1 0.788086 0.538086 0.001953 0.001953
0 0.927734 0.542969 0.015625 0.015625
0 0.116211 0.536133 0.001953 0.001953
0 0.053711 0.538086 0.005859 0.005859
0 0.990234 0.542969 0.015625 0.019531
0 0.983398 0.534180 0.001953 0.001953
0 0.966797 0.535156 0.003906 0.003906
0 0.110352 0.534180 0.001953 0.001953
0 0.102539 0.534180 0.001953 0.001953
0 0.979492 0.533203 0.001953 0.003906
1 0.461914 0.532227 0.001953 0.001953
0 0.272461 0.548828 0.037109 0.035156
0 0.256836 0.532227 0.001953 0.001953
0 0.973633 0.532227 0.005859 0.005859
0 0.947266 0.542969 0.019531 0.027344
0 0.286133 0.528320 0.001953 0.001953
0 0.999023 0.526367 0.001953 0.001953
0 0.271484 0.525391 0.003906 0.003906
0 0.130859 0.534180 0.019531 0.021484
0 0.994141 0.523438 0.011719 0.007812
1 0.003906 0.520508 0.003906 0.001953
1 0.384766 0.516602 0.003906 0.001953
1 0.379883 0.516602 0.001953 0.001953
1 0.014648 0.516602 0.001953 0.001953
1 0.667969 0.531250 0.015625 0.035156
0 0.231445 0.514648 0.001953 0.001953
0 0.778320 0.512695 0.001953 0.001953
1 0.557617 0.512695 0.001953 0.001953
1 0.383789 0.512695 0.001953 0.001953
0 0.054688 0.514648 0.007812 0.005859
0 0.238281 0.514648 0.007812 0.009766
0 0.194336 0.510742 0.001953 0.001953
0 0.780273 0.508789 0.005859 0.001953
1 0.676758 0.508789 0.001953 0.001953
0 0.208984 0.516602 0.039062 0.017578
1 0.385742 0.504883 0.001953 0.001953
1 0.411133 0.505859 0.021484 0.007812
1 0.061523 0.502930 0.001953 0.001953
1 0.014648 0.502930 0.001953 0.001953
1 0.856445 0.501953 0.001953 0.003906
0 0.204102 0.501953 0.005859 0.003906
0 0.641602 0.501953 0.013672 0.011719
1 0.557617 0.497070 0.001953 0.001953
0 0.010742 0.497070 0.001953 0.001953
0 0.745117 0.517578 0.017578 0.046875
0 0.803711 0.487305 0.001953 0.001953
0 0.491211 0.510742 0.041016 0.052734
0 0.984375 0.496094 0.031250 0.027344
0 0.803711 0.483398 0.001953 0.001953
0 0.556641 0.489258 0.011719 0.013672
0 0.489258 0.483398 0.001953 0.001953
0 0.495117 0.481445 0.001953 0.001953
0 0.557617 0.479492 0.001953 0.001953
1 0.068359 0.478516 0.003906 0.003906
0 0.988281 0.477539 0.007812 0.005859
0 0.009766 0.495117 0.019531 0.041016
1 0.583984 0.480469 0.011719 0.015625
1 0.352539 0.473633 0.001953 0.001953
1 0.869141 0.535156 0.207031 0.128906
0 0.281250 0.500977 0.078125 0.060547
0 0.288086 0.471680 0.017578 0.005859
0 0.123047 0.469727 0.003906 0.001953
0 0.584961 0.468750 0.001953 0.003906
1 0.521484 0.526367 0.078125 0.119141
0 0.274414 0.467773 0.001953 0.001953
0 0.117188 0.523438 0.160156 0.113281
0 0.116211 0.467773 0.001953 0.001953
0 0.112305 0.467773 0.001953 0.001953
1 0.918945 0.466797 0.005859 0.003906
0 0.493164 0.470703 0.021484 0.011719
1 0.045898 0.466797 0.005859 0.003906
0 0.563477 0.469727 0.021484 0.013672
1 0.259766 0.468750 0.011719 0.011719
0 0.536133 0.462891 0.005859 0.003906
1 0.047852 0.461914 0.001953 0.001953
0 0.633789 0.459961 0.001953 0.001953
0 0.587891 0.460938 0.011719 0.007812
0 0.528320 0.459961 0.009766 0.005859
1 0.885742 0.456055 0.001953 0.001953
1 0.077148 0.457031 0.001953 0.003906
1 0.354492 0.454102 0.001953 0.001953
1 0.463867 0.453125 0.001953 0.003906
1 0.453125 0.460938 0.015625 0.019531
0 0.620117 0.469727 0.048828 0.044922
1 0.053711 0.455078 0.013672 0.015625
0 0.778320 0.444336 0.001953 0.001953
0 0.523438 0.446289 0.003906 0.005859
1 0.362305 0.450195 0.009766 0.013672
0 0.524414 0.440430 0.001953 0.001953
0 0.644531 0.448242 0.035156 0.021484
1 0.410156 0.445312 0.015625 0.015625
1 0.397461 0.434570 0.005859 0.009766
1 0.483398 0.428711 0.001953 0.001953
1 0.989258 0.427734 0.001953 0.003906
1 0.473633 0.426758 0.001953 0.001953
1 0.312500 0.432617 0.007812 0.013672
1 0.983398 0.436523 0.025391 0.025391
0 0.268555 0.424805 0.001953 0.001953
1 0.907227 0.422852 0.001953 0.001953
1 0.826172 0.426758 0.003906 0.009766
0 0.179688 0.423828 0.003906 0.007812
1 0.380859 0.431641 0.019531 0.031250
1 0.427734 0.423828 0.007812 0.023438
0 0.424805 0.413086 0.001953 0.001953
1 0.397461 0.413086 0.001953 0.001953
0 0.186523 0.413086 0.001953 0.001953
1 0.485352 0.411133 0.001953 0.001953
0 0.288086 0.422852 0.029297 0.033203
1 0.907227 0.405273 0.001953 0.001953
0 0.600586 0.405273 0.001953 0.001953
1 0.823242 0.408203 0.005859 0.011719
0 0.642578 0.412109 0.023438 0.023438
1 0.420898 0.401367 0.001953 0.001953
1 0.345703 0.403320 0.011719 0.005859
1 0.775391 0.404297 0.011719 0.011719
0 0.192383 0.405273 0.009766 0.013672
0 0.686523 0.397461 0.001953 0.001953
1 0.470703 0.415039 0.019531 0.037109
1 0.346680 0.397461 0.001953 0.001953
1 0.331055 0.399414 0.009766 0.005859
1 0.907227 0.395508 0.001953 0.001953
0 0.284180 0.395508 0.001953 0.001953
0 0.772461 0.442383 0.060547 0.103516
0 0.462891 0.393555 0.003906 0.005859
1 0.918945 0.389648 0.001953 0.001953
1 0.327148 0.390625 0.001953 0.003906
0 0.208984 0.394531 0.015625 0.011719
1 0.404297 0.397461 0.019531 0.021484
1 0.073242 0.387695 0.001953 0.001953
0 0.610352 0.385742 0.001953 0.001953
0 0.610352 0.396484 0.013672 0.023438
1 0.338867 0.383789 0.001953 0.001953
1 0.327148 0.383789 0.001953 0.001953
0 0.575195 0.383789 0.005859 0.005859
1 0.120117 0.381836 0.001953 0.001953
1 0.422852 0.386719 0.013672 0.015625
1 0.290039 0.380859 0.001953 0.003906
1 0.887695 0.377930 0.001953 0.001953
0 0.579102 0.377930 0.001953 0.001953
0 0.818359 0.383789 0.011719 0.021484
1 0.744141 0.377930 0.007812 0.009766
0 0.541016 0.410156 0.117188 0.074219
0 0.199219 0.377930 0.007812 0.009766
1 0.329102 0.373047 0.005859 0.003906
1 0.135742 0.372070 0.001953 0.001953
0 0.688477 0.370117 0.001953 0.001953
0 0.470703 0.377930 0.019531 0.017578
0 0.187500 0.371094 0.003906 0.007812
0 0.003906 0.370117 0.007812 0.005859
0 0.600586 0.375000 0.013672 0.019531
0 0.629883 0.364258 0.001953 0.001953
0 0.110352 0.365234 0.001953 0.003906
0 0.313477 0.360352 0.001953 0.001953
1 0.977539 0.379883 0.044922 0.048828
1 0.889648 0.416016 0.044922 0.121094
0 0.620117 0.370117 0.013672 0.029297
0 0.292969 0.357422 0.003906 0.003906
0 0.155273 0.409180 0.310547 0.107422
0 0.646484 0.355469 0.003906 0.003906
0 0.317383 0.356445 0.013672 0.009766
0 0.314453 0.348633 0.003906 0.001953
1 0.698242 0.346680 0.001953 0.001953
0 0.667969 0.373047 0.046875 0.054688
1 0.227539 0.346680 0.001953 0.001953
1 0.343750 0.345703 0.003906 0.003906
0 0.559570 0.344727 0.005859 0.005859
0 0.544922 0.342773 0.003906 0.001953
0 0.278320 0.344727 0.001953 0.005859
1 0.202148 0.342773 0.001953 0.001953
1 0.179688 0.348633 0.007812 0.013672
1 0.105469 0.350586 0.031250 0.017578
0 0.731445 0.338867 0.001953 0.001953
1 0.109375 0.338867 0.003906 0.001953
0 0.538086 0.336914 0.005859 0.005859
1 0.338867 0.337891 0.005859 0.007812
1 0.356445 0.333008 0.001953 0.001953
1 0.329102 0.333008 0.001953 0.001953
1 0.864258 0.331055 0.001953 0.001953
0 0.543945 0.331055 0.001953 0.001953
1 0.352539 0.331055 0.001953 0.001953
1 0.323242 0.334961 0.005859 0.009766
0 0.007812 0.331055 0.003906 0.001953
0 0.001953 0.333008 0.003906 0.005859
0 0.539062 0.330078 0.003906 0.003906
1 0.191406 0.338867 0.011719 0.021484
0 0.022461 0.364258 0.044922 0.072266
1 0.799805 0.327148 0.001953 0.001953
0 0.495117 0.350586 0.041016 0.048828
1 0.389648 0.328125 0.001953 0.003906
1 0.362305 0.328125 0.001953 0.003906
0 0.739258 0.325195 0.001953 0.001953
1 0.350586 0.325195 0.005859 0.005859
0 0.679688 0.334961 0.035156 0.029297
1 0.857422 0.326172 0.011719 0.015625
1 0.365234 0.321289 0.007812 0.005859
0 0.713867 0.333008 0.029297 0.033203
1 0.474609 0.319336 0.003906 0.005859
0 0.799805 0.315430 0.001953 0.001953
1 0.341797 0.316406 0.003906 0.003906
1 0.983398 0.313477 0.001953 0.001953
1 0.333008 0.315430 0.005859 0.005859
1 0.862305 0.313477 0.005859 0.005859
0 0.729492 0.308594 0.001953 0.003906
1 0.989258 0.307617 0.005859 0.005859
1 0.604492 0.299805 0.001953 0.001953
1 0.379883 0.338867 0.041016 0.080078
1 0.901367 0.297852 0.001953 0.001953
0 0.746094 0.334961 0.046875 0.080078
0 0.866211 0.293945 0.001953 0.001953
1 0.905273 0.291992 0.001953 0.001953
0 0.789062 0.295898 0.011719 0.013672
1 0.120117 0.290039 0.005859 0.001953
1 0.992188 0.295898 0.015625 0.017578
1 0.620117 0.288086 0.001953 0.001953
0 0.494141 0.302734 0.027344 0.031250
0 0.794922 0.284180 0.003906 0.001953
1 0.424805 0.283203 0.001953 0.003906
0 0.784180 0.280273 0.001953 0.001953
1 0.776367 0.280273 0.001953 0.001953
0 0.516602 0.280273 0.001953 0.001953
0 0.428711 0.280273 0.001953 0.001953
1 0.995117 0.279297 0.001953 0.003906
1 0.765625 0.284180 0.011719 0.013672
1 0.642578 0.289062 0.019531 0.023438
1 0.778320 0.276367 0.001953 0.001953
0 0.793945 0.272461 0.005859 0.005859
0 0.684570 0.285156 0.029297 0.031250
1 0.439453 0.286133 0.019531 0.033203
0 0.686523 0.268555 0.001953 0.001953
0 0.094727 0.277344 0.021484 0.019531
1 0.711914 0.268555 0.005859 0.005859
1 0.797852 0.264648 0.001953 0.001953
1 0.997070 0.265625 0.005859 0.007812
0 0.428711 0.260742 0.001953 0.001953
1 0.993164 0.258789 0.001953 0.001953
0 0.840820 0.261719 0.005859 0.007812
1 0.412109 0.258789 0.003906 0.001953
0 0.510742 0.256836 0.001953 0.001953
0 0.043945 0.256836 0.001953 0.001953
0 0.713867 0.254883 0.001953 0.001953
1 0.995117 0.252930 0.001953 0.001953
1 0.929688 0.264648 0.023438 0.025391
1 0.423828 0.255859 0.007812 0.007812
0 0.823242 0.307617 0.072266 0.115234
1 0.536133 0.250977 0.001953 0.001953
1 0.513672 0.251953 0.003906 0.003906
1 0.317383 0.250977 0.001953 0.001953
0 0.129883 0.250977 0.001953 0.001953
1 0.706055 0.249023 0.001953 0.001953
1 0.924805 0.247070 0.001953 0.001953
0 0.514648 0.247070 0.001953 0.001953
1 0.299805 0.248047 0.001953 0.003906
0 0.140625 0.248047 0.003906 0.003906
0 0.134766 0.245117 0.003906 0.001953
1 0.676758 0.243164 0.001953 0.001953
0 0.541992 0.243164 0.001953 0.001953
0 0.128906 0.263672 0.039062 0.042969
0 0.108398 0.243164 0.001953 0.001953
1 0.520508 0.250000 0.013672 0.023438
0 0.716797 0.251953 0.019531 0.031250
0 0.239258 0.235352 0.001953 0.001953
1 0.785156 0.236328 0.007812 0.007812
0 0.766602 0.238281 0.013672 0.011719
1 0.688477 0.250000 0.044922 0.035156
1 0.695312 0.231445 0.003906 0.001953
0 0.112305 0.231445 0.001953 0.001953
0 0.863281 0.267578 0.035156 0.078125
0 0.770508 0.229492 0.001953 0.001953
1 0.705078 0.231445 0.007812 0.005859
1 0.688477 0.229492 0.001953 0.001953
1 0.712891 0.228516 0.003906 0.003906
0 0.604492 0.228516 0.001953 0.003906
0 0.778320 0.225586 0.001953 0.001953
0 0.608398 0.222656 0.005859 0.007812
0 0.551758 0.220703 0.001953 0.003906
1 0.540039 0.221680 0.001953 0.005859
1 0.344727 0.228516 0.017578 0.019531
1 0.293945 0.227539 0.021484 0.017578
0 0.069336 0.219727 0.001953 0.001953
1 0.263672 0.284180 0.070312 0.134766
1 0.540039 0.213867 0.001953 0.001953
1 0.316406 0.221680 0.007812 0.017578
1 0.666016 0.214844 0.003906 0.007812
0 0.742188 0.216797 0.007812 0.015625
1 0.540039 0.209961 0.001953 0.001953
0 0.436523 0.214844 0.009766 0.011719
0 0.570312 0.273438 0.070312 0.132812
1 0.522461 0.208008 0.001953 0.001953
1 0.372070 0.208008 0.001953 0.001953
1 0.986328 0.226562 0.027344 0.042969
1 0.655273 0.206055 0.001953 0.001953
1 0.551758 0.209961 0.009766 0.009766
1 0.543945 0.206055 0.001953 0.001953
0 0.514648 0.207031 0.001953 0.003906
0 0.076172 0.207031 0.003906 0.003906
1 0.654297 0.208984 0.015625 0.011719
0 0.472656 0.243164 0.074219 0.080078
1 0.383789 0.212891 0.025391 0.019531
0 0.077148 0.202148 0.001953 0.001953
1 0.638672 0.205078 0.011719 0.011719
1 0.897461 0.196289 0.001953 0.001953
0 0.641602 0.196289 0.001953 0.001953
1 0.657227 0.198242 0.009766 0.009766
1 0.626953 0.197266 0.003906 0.007812
1 0.376953 0.197266 0.007812 0.007812
1 0.367188 0.196289 0.003906 0.005859
0 0.231445 0.206055 0.017578 0.025391
1 0.964844 0.198242 0.011719 0.013672
0 0.391602 0.192383 0.001953 0.001953
0 0.491211 0.190430 0.001953 0.001953
0 0.509766 0.209961 0.054688 0.041016
0 0.229492 0.190430 0.001953 0.001953
0 0.161133 0.206055 0.013672 0.033203
0 0.965820 0.188477 0.001953 0.001953
0 0.651367 0.188477 0.001953 0.001953
1 0.163086 0.186523 0.001953 0.001953
0 0.983398 0.184570 0.001953 0.001953
1 0.913086 0.185547 0.001953 0.003906
0 0.510742 0.188477 0.009766 0.009766
0 0.394531 0.197266 0.023438 0.027344
0 0.387695 0.184570 0.001953 0.001953
1 0.915039 0.180664 0.001953 0.001953
1 0.911133 0.180664 0.001953 0.001953
1 0.605469 0.181641 0.003906 0.003906
1 0.228516 0.179688 0.003906 0.003906
1 0.545898 0.178711 0.005859 0.005859
1 0.608398 0.174805 0.001953 0.001953
1 0.602539 0.175781 0.005859 0.003906
1 0.552734 0.174805 0.003906 0.001953
0 0.385742 0.174805 0.001953 0.001953
1 0.221680 0.174805 0.001953 0.001953
1 0.905273 0.182617 0.041016 0.025391
1 0.847656 0.187500 0.023438 0.035156
1 0.592773 0.174805 0.009766 0.009766
1 0.551758 0.170898 0.001953 0.001953
1 0.348633 0.170898 0.001953 0.001953
1 0.952148 0.168945 0.001953 0.001953
1 0.946289 0.168945 0.001953 0.001953
0 0.630859 0.170898 0.011719 0.017578
1 0.590820 0.163086 0.001953 0.001953
1 0.579102 0.165039 0.009766 0.005859
1 0.568359 0.164062 0.007812 0.003906
1 0.301758 0.164062 0.001953 0.003906
1 0.365234 0.176758 0.035156 0.033203
0 0.807617 0.159180 0.001953 0.001953
0 0.678711 0.159180 0.001953 0.001953
1 0.360352 0.159180 0.005859 0.005859
0 0.083008 0.157227 0.001953 0.001953
0 0.379883 0.155273 0.001953 0.001953
1 0.301758 0.153320 0.001953 0.001953
1 0.594727 0.158203 0.017578 0.015625
1 0.507812 0.150391 0.003906 0.003906
0 0.956055 0.143555 0.001953 0.001953
0 0.432617 0.168945 0.033203 0.052734
1 0.316406 0.145508 0.003906 0.005859
0 0.430664 0.141602 0.001953 0.001953
0 0.053711 0.142578 0.005859 0.003906
1 0.942383 0.139648 0.001953 0.001953
1 0.516602 0.140625 0.001953 0.003906
0 0.450195 0.153320 0.033203 0.029297
1 0.319336 0.139648 0.001953 0.001953
0 0.478516 0.139648 0.007812 0.005859
0 0.055664 0.137695 0.001953 0.001953
0 0.430664 0.136719 0.001953 0.003906
0 0.425781 0.136719 0.003906 0.003906
0 0.042969 0.228516 0.085938 0.187500
0 0.512695 0.133789 0.001953 0.001953
1 0.291992 0.136719 0.005859 0.007812
1 0.663086 0.158203 0.060547 0.054688
1 0.559570 0.133789 0.001953 0.005859
0 0.419922 0.132812 0.003906 0.003906
1 0.532227 0.163086 0.033203 0.076172
0 0.522461 0.125977 0.001953 0.001953
0 0.424805 0.125977 0.001953 0.001953
0 0.415039 0.125977 0.001953 0.001953
1 0.337891 0.127930 0.003906 0.005859
1 0.327148 0.126953 0.001953 0.003906
1 0.308594 0.137695 0.019531 0.025391
1 0.003906 0.132812 0.007812 0.015625
1 0.508789 0.122070 0.001953 0.001953
1 0.336914 0.122070 0.005859 0.001953
1 0.289062 0.121094 0.003906 0.003906
0 0.973633 0.118164 0.001953 0.001953
0 0.543945 0.118164 0.001953 0.001953
0 0.499023 0.126953 0.013672 0.019531
0 0.487305 0.121094 0.005859 0.007812
0 0.413086 0.118164 0.001953 0.001953
1 0.553711 0.128906 0.025391 0.027344
0 0.971680 0.114258 0.001953 0.001953
1 0.650391 0.126953 0.031250 0.027344
1 0.822266 0.116211 0.007812 0.009766
1 0.668945 0.112305 0.001953 0.001953
1 0.561523 0.112305 0.001953 0.001953
1 0.554688 0.112305 0.007812 0.001953
1 0.278320 0.121094 0.021484 0.023438
1 0.000977 0.109375 0.001953 0.003906
1 0.825195 0.106445 0.005859 0.005859
1 0.659180 0.104492 0.001953 0.001953
1 0.361328 0.105469 0.003906 0.003906
1 0.276367 0.107422 0.029297 0.011719
0 0.064453 0.102539 0.003906 0.001953
0 0.513672 0.107422 0.011719 0.015625
1 0.625977 0.107422 0.009766 0.019531
1 0.613281 0.105469 0.011719 0.015625
0 0.540039 0.107422 0.017578 0.019531
0 0.461914 0.098633 0.001953 0.001953
0 0.002930 0.098633 0.001953 0.001953
1 0.311523 0.106445 0.033203 0.025391
1 0.222656 0.094727 0.011719 0.013672
1 0.513672 0.090820 0.007812 0.009766
0 0.071289 0.109375 0.021484 0.050781
0 0.538086 0.079102 0.001953 0.001953
1 0.172852 0.080078 0.001953 0.003906
0 0.977539 0.130859 0.044922 0.113281
1 0.227539 0.075195 0.005859 0.009766
1 0.164062 0.075195 0.011719 0.009766
0 0.868164 0.070312 0.001953 0.003906
0 0.473633 0.069336 0.001953 0.001953
1 0.740234 0.138672 0.160156 0.144531
0 0.637695 0.074219 0.013672 0.015625
0 0.549805 0.067383 0.001953 0.001953
1 0.528320 0.067383 0.001953 0.001953
0 0.417969 0.119141 0.152344 0.109375
0 0.471680 0.065430 0.001953 0.001953
0 0.543945 0.064453 0.005859 0.007812
1 0.514648 0.064453 0.009766 0.007812
1 0.286133 0.061523 0.005859 0.005859
1 0.731445 0.057617 0.001953 0.001953
1 0.274414 0.062500 0.013672 0.015625
0 0.024414 0.055664 0.001953 0.001953
1 0.073242 0.060547 0.013672 0.015625
0 0.628906 0.057617 0.011719 0.013672
1 0.376953 0.051758 0.003906 0.001953
1 0.671875 0.050781 0.003906 0.003906
0 0.017578 0.049805 0.003906 0.001953
0 0.030273 0.083984 0.048828 0.070312
1 0.324219 0.051758 0.007812 0.009766
0 0.274414 0.047852 0.001953 0.001953
1 0.247070 0.047852 0.001953 0.001953
0 0.022461 0.047852 0.001953 0.001953
1 0.850586 0.048828 0.009766 0.007812
1 0.676758 0.059570 0.029297 0.029297
0 0.657227 0.045898 0.001953 0.001953
0 0.522461 0.045898 0.001953 0.001953
0 0.545898 0.043945 0.001953 0.001953
0 0.274414 0.043945 0.001953 0.001953
1 0.006836 0.045898 0.009766 0.005859
0 0.024414 0.042969 0.001953 0.003906
1 0.687500 0.040039 0.003906 0.001953
0 0.523438 0.041016 0.007812 0.003906
1 0.543945 0.039062 0.001953 0.003906
0 0.858398 0.036133 0.001953 0.001953
0 0.587891 0.066406 0.093750 0.062500
1 0.245117 0.041992 0.009766 0.013672
0 0.254883 0.038086 0.005859 0.009766
1 0.074219 0.038086 0.007812 0.017578
1 0.250000 0.028320 0.007812 0.009766
0 0.061523 0.024414 0.001953 0.001953
0 0.280273 0.031250 0.013672 0.019531
1 0.890625 0.021484 0.003906 0.003906
0 0.493164 0.020508 0.001953 0.001953
1 0.286133 0.020508 0.001953 0.001953
0 0.891602 0.014648 0.001953 0.001953
0 0.492188 0.015625 0.003906 0.003906
0 0.256836 0.014648 0.001953 0.001953
1 0.875977 0.079102 0.044922 0.138672
0 0.641602 0.023438 0.029297 0.027344
1 0.996094 0.016602 0.007812 0.017578
0 0.489258 0.009766 0.001953 0.003906
1 0.134766 0.009766 0.003906 0.003906
1 0.124023 0.038086 0.025391 0.060547
1 0.745117 0.032227 0.037109 0.052734
0 0.281250 0.006836 0.003906 0.001953
0 0.587891 0.023438 0.027344 0.039062
1 0.188477 0.004883 0.001953 0.001953
0 0.614258 0.002930 0.001953 0.001953
1 0.791016 0.006836 0.019531 0.013672
0 0.627930 0.000977 0.005859 0.001953
0 0.620117 0.000977 0.001953 0.001953
0 0.520508 0.026367 0.052734 0.052734
0 0.500977 0.000977 0.005859 0.001953
1 0.462891 0.014648 0.066406 0.029297
1 0.382812 0.000977 0.003906 0.001953
1 0.186523 0.039062 0.041016 0.078125
1 0.144531 0.001953 0.007812 0.003906
1 0.133789 0.000977 0.001953 0.001953
0 0.059570 0.009766 0.041016 0.019531
0 0.034180 0.000977 0.001953 0.001953
3 0.286133 0.999023 0.005859 0.001953
3 0.275391 0.998047 0.007812 0.003906
3 0.265625 0.998047 0.003906 0.003906
2 0.604492 0.995117 0.001953 0.001953
2 0.608398 0.993164 0.001953 0.001953
2 0.385742 0.996094 0.013672 0.007812
3 0.295898 0.996094 0.005859 0.007812
2 0.264648 0.990234 0.001953 0.003906
2 0.403320 0.987305 0.001953 0.001953
3 0.294922 0.985352 0.007812 0.005859
2 0.221680 0.989258 0.072266 0.021484
3 0.280273 0.982422 0.017578 0.011719
2 0.229492 0.977539 0.001953 0.001953
2 0.225586 0.975586 0.001953 0.001953
2 0.034180 0.967773 0.001953 0.001953
2 0.048828 0.949219 0.003906 0.007812
2 0.038086 0.936523 0.001953 0.001953
2 0.000977 0.932617 0.001953 0.001953
2 0.037109 0.931641 0.003906 0.003906
2 0.071289 0.932617 0.005859 0.013672
2 0.044922 0.930664 0.011719 0.009766
2 0.036133 0.926758 0.001953 0.001953
2 0.084961 0.911133 0.001953 0.001953
2 0.004883 0.916016 0.009766 0.011719
2 0.057617 0.862305 0.005859 0.005859
2 0.045898 0.848633 0.017578 0.017578
3 0.003906 0.734375 0.003906 0.003906
3 0.978516 0.727539 0.003906 0.001953
2 0.000977 0.575195 0.001953 0.001953
2 0.000977 0.511719 0.001953 0.003906
2 0.973633 0.502930 0.001953 0.001953
2 0.975586 0.499023 0.001953 0.001953
2 0.984375 0.498047 0.011719 0.007812
2 0.000977 0.485352 0.001953 0.001953
3 0.182617 0.448242 0.001953 0.001953
2 0.189453 0.436523 0.003906 0.001953
2 0.168945 0.434570 0.001953 0.001953
2 0.071289 0.434570 0.001953 0.001953
3 0.000977 0.432617 0.001953 0.001953
2 0.081055 0.420898 0.001953 0.001953
3 0.119141 0.416992 0.003906 0.005859
3 0.051758 0.410156 0.001953 0.003906
3 0.090820 0.397461 0.001953 0.001953
3 0.083008 0.389648 0.001953 0.001953
3 0.999023 0.385742 0.001953 0.001953
3 0.970703 0.383789 0.011719 0.005859
3 0.961914 0.381836 0.001953 0.001953
2 0.282227 0.381836 0.001953 0.001953
2 0.282227 0.377930 0.001953 0.001953
2 0.243164 0.375977 0.001953 0.001953
2 0.273438 0.374023 0.003906 0.001953
3 0.998047 0.373047 0.003906 0.003906
2 0.018555 0.266602 0.005859 0.001953
3 0.999023 0.264648 0.001953 0.001953
3 0.999023 0.239258 0.001953 0.001953
2 0.025391 0.236328 0.015625 0.011719
3 0.985352 0.225586 0.001953 0.001953
3 0.983398 0.219727 0.001953 0.001953
2 0.036133 0.213867 0.001953 0.001953
2 0.051758 0.192383 0.001953 0.001953
2 0.052734 0.186523 0.003906 0.005859
2 0.981445 0.172852 0.001953 0.001953
2 0.996094 0.169922 0.003906 0.003906
2 0.967773 0.163086 0.001953 0.001953
2 0.993164 0.157227 0.001953 0.001953
2 0.065430 0.153320 0.001953 0.001953
2 0.997070 0.147461 0.005859 0.009766
2 0.969727 0.131836 0.001953 0.001953
2 0.967773 0.120117 0.001953 0.001953
2 0.999023 0.086914 0.001953 0.001953
2 0.174805 0.049805 0.001953 0.001953
2 0.510742 0.018555 0.001953 0.001953
2 0.189453 0.013672 0.003906 0.003906
3 0.195312 0.008789 0.003906 0.001953
2 0.519531 0.009766 0.007812 0.007812
2 0.536133 0.001953 0.005859 0.003906
2 0.041992 0.000977 0.001953 0.001953
3 0.500000 0.500000 1.000000 1.000000