0 0.175781 0.999023 0.003906 0.001953
0 0.181641 0.998047 0.003906 0.003906
0 0.087891 0.984375 0.011719 0.007812
0 0.088867 0.975586 0.001953 0.001953
0 0.168945 0.963867 0.001953 0.001953
0 0.100586 0.964844 0.005859 0.003906
0 0.104492 0.961914 0.001953 0.001953
0 0.096680 0.958008 0.005859 0.005859
0 0.411133 0.955078 0.009766 0.007812
1 0.269531 0.953125 0.011719 0.007812
0 0.103516 0.952148 0.011719 0.009766
0 0.110352 0.946289 0.001953 0.001953
0 0.100586 0.944336 0.001953 0.001953
0 0.105469 0.943359 0.035156 0.019531
0 0.104492 0.926758 0.013672 0.005859
0 0.103516 0.920898 0.003906 0.001953
0 0.203125 0.958984 0.085938 0.082031
0 0.291992 0.915039 0.005859 0.001953
0 0.297852 0.911133 0.005859 0.001953
0 0.317383 0.909180 0.001953 0.001953
0 0.312500 0.908203 0.003906 0.003906
0 0.248047 0.916016 0.027344 0.019531
0 0.315430 0.905273 0.001953 0.001953
0 0.179688 0.906250 0.003906 0.011719
1 0.299805 0.899414 0.037109 0.029297
0 0.264648 0.861328 0.009766 0.007812
0 0.004883 0.859375 0.001953 0.003906
0 0.442383 0.856445 0.001953 0.001953
0 0.074219 0.851562 0.019531 0.015625
1 0.283203 0.839844 0.007812 0.003906
1 0.290039 0.834961 0.001953 0.001953
1 0.157227 0.827148 0.001953 0.001953
1 0.075195 0.813477 0.001953 0.001953
0 0.219727 0.816406 0.017578 0.015625
0 0.116211 0.818359 0.005859 0.019531
1 0.079102 0.807617 0.001953 0.001953
0 0.424805 0.804688 0.048828 0.039062
0 0.243164 0.772461 0.001953 0.001953
0 0.112305 0.771484 0.001953 0.003906
0 0.092773 0.775391 0.025391 0.011719
0 0.152344 0.779297 0.039062 0.031250
0 0.398438 0.764648 0.011719 0.005859
0 0.381836 0.762695 0.001953 0.001953
0 0.372070 0.762695 0.001953 0.001953
0 0.362305 0.760742 0.001953 0.001953
0 0.071289 0.760742 0.009766 0.005859
0 0.368164 0.743164 0.001953 0.001953
0 0.031250 0.746094 0.019531 0.015625
0 0.043945 0.737305 0.001953 0.001953
0 0.044922 0.733398 0.007812 0.005859
0 0.247070 0.727539 0.021484 0.017578
0 0.227539 0.719727 0.001953 0.001953
0 0.135742 0.715820 0.001953 0.001953
0 0.042969 0.716797 0.003906 0.003906
0 0.225586 0.713867 0.001953 0.001953
0 0.223633 0.708008 0.001953 0.001953
0 0.218750 0.708008 0.007812 0.009766
0 0.145508 0.710938 0.013672 0.015625
0 0.022461 0.705078 0.001953 0.003906
0 0.020508 0.700195 0.001953 0.001953
0 0.093750 0.714844 0.015625 0.035156
0 0.204102 0.702148 0.021484 0.013672
0 0.017578 0.697266 0.003906 0.003906
0 0.373047 0.695312 0.003906 0.003906
0 0.367188 0.694336 0.003906 0.001953
0 0.399414 0.690430 0.001953 0.001953
0 0.378906 0.687500 0.007812 0.003906
0 0.292969 0.687500 0.003906 0.003906
0 0.284180 0.688477 0.009766 0.005859
0 0.481445 0.682617 0.001953 0.001953
0 0.485352 0.680664 0.001953 0.001953
0 0.375000 0.681641 0.007812 0.003906
0 0.346680 0.680664 0.001953 0.001953
0 0.489258 0.678711 0.001953 0.001953
0 0.126953 0.678711 0.007812 0.005859
0 0.353516 0.678711 0.007812 0.009766
0 0.299805 0.668945 0.009766 0.009766
0 0.051758 0.659180 0.001953 0.001953
1 0.149414 0.657227 0.001953 0.001953
1 0.116211 0.658203 0.009766 0.003906
1 0.202148 0.658203 0.013672 0.015625
0 0.043945 0.655273 0.005859 0.009766
0 0.081055 0.649414 0.001953 0.001953
0 0.074219 0.646484 0.007812 0.003906
0 0.071289 0.641602 0.005859 0.001953
0 0.350586 0.642578 0.017578 0.011719
0 0.333008 0.637695 0.001953 0.001953
0 0.292969 0.638672 0.003906 0.003906
0 0.058594 0.644531 0.019531 0.019531
1 0.413086 0.633789 0.001953 0.001953
0 0.344727 0.632812 0.001953 0.003906
0 0.308594 0.638672 0.023438 0.019531
0 0.061523 0.627930 0.001953 0.001953
0 0.066406 0.625977 0.003906 0.001953
0 0.568359 0.625977 0.019531 0.013672
0 0.516602 0.621094 0.005859 0.003906
1 0.266602 0.620117 0.001953 0.001953
1 0.329102 0.616211 0.001953 0.001953
0 0.525391 0.618164 0.007812 0.009766
1 0.278320 0.619141 0.013672 0.011719
0 0.536133 0.612305 0.001953 0.001953
0 0.532227 0.612305 0.001953 0.001953
0 0.462891 0.613281 0.023438 0.007812
1 0.273438 0.609375 0.003906 0.003906
0 0.416992 0.606445 0.005859 0.001953
1 0.120117 0.606445 0.001953 0.001953
0 0.524414 0.604492 0.001953 0.001953
0 0.515625 0.607422 0.011719 0.011719
0 0.506836 0.602539 0.001953 0.001953
0 0.454102 0.602539 0.001953 0.001953
0 0.084961 0.609375 0.009766 0.015625
0 0.610352 0.608398 0.013672 0.017578
0 0.506836 0.598633 0.001953 0.001953
0 0.430664 0.614258 0.044922 0.033203
1 0.122070 0.624023 0.076172 0.052734
0 0.506836 0.594727 0.001953 0.001953
0 0.303711 0.594727 0.001953 0.001953
0 0.501953 0.594727 0.003906 0.005859
1 0.404297 0.599609 0.015625 0.015625
0 0.519531 0.590820 0.003906 0.001953
1 0.431641 0.594727 0.011719 0.009766
1 0.410156 0.592773 0.007812 0.005859
1 0.124023 0.590820 0.001953 0.001953
1 0.413086 0.586914 0.001953 0.001953
1 0.409180 0.586914 0.001953 0.001953
0 0.454102 0.586914 0.013672 0.013672
1 0.418945 0.579102 0.001953 0.001953
1 0.369141 0.581055 0.011719 0.005859
0 0.655273 0.571289 0.001953 0.001953
1 0.092773 0.571289 0.001953 0.001953
0 0.732422 0.579102 0.031250 0.021484
0 0.654297 0.567383 0.003906 0.001953
0 0.639648 0.575195 0.025391 0.017578
0 0.511719 0.568359 0.003906 0.003906
0 0.071289 0.571289 0.005859 0.009766
1 0.087891 0.566406 0.003906 0.007812
1 0.085938 0.557617 0.003906 0.001953
0 0.529297 0.563477 0.027344 0.025391
0 0.495117 0.551758 0.001953 0.001953
1 0.099609 0.552734 0.003906 0.003906
0 0.600586 0.549805 0.001953 0.001953
1 0.363281 0.547852 0.003906 0.001953
1 0.393555 0.564453 0.052734 0.039062
0 0.473633 0.542969 0.001953 0.003906
0 0.608398 0.540039 0.001953 0.001953
0 0.596680 0.543945 0.005859 0.009766
1 0.288086 0.575195 0.060547 0.072266
0 0.466797 0.553711 0.031250 0.033203
1 0.436523 0.538086 0.001953 0.001953
0 0.489258 0.543945 0.017578 0.017578
0 0.474609 0.537109 0.003906 0.003906
1 0.310547 0.541016 0.011719 0.011719
0 0.619141 0.546875 0.023438 0.027344
0 0.460938 0.534180 0.007812 0.001953
1 0.083008 0.535156 0.009766 0.007812
1 0.299805 0.531250 0.005859 0.007812
0 0.050781 0.541992 0.031250 0.029297
1 0.456055 0.526367 0.001953 0.005859
0 0.506836 0.523438 0.001953 0.003906
1 0.314453 0.522461 0.011719 0.009766
1 0.076172 0.522461 0.011719 0.009766
0 0.428711 0.518555 0.005859 0.005859
1 0.238281 0.517578 0.003906 0.003906
0 0.204102 0.517578 0.001953 0.003906
0 0.036133 0.516602 0.001953 0.001953
1 0.356445 0.512695 0.005859 0.005859
0 0.556641 0.508789 0.007812 0.009766
1 0.349609 0.506836 0.003906 0.005859
0 0.003906 0.506836 0.007812 0.005859
0 0.468750 0.501953 0.003906 0.003906
1 0.295898 0.501953 0.001953 0.003906
1 0.256836 0.500977 0.001953 0.001953
0 0.473633 0.494141 0.001953 0.003906
0 0.480469 0.495117 0.007812 0.009766
0 0.204102 0.491211 0.001953 0.001953
0 0.458008 0.489258 0.001953 0.001953
1 0.259766 0.491211 0.011719 0.009766
1 0.215820 0.487305 0.001953 0.001953
1 0.274414 0.500977 0.029297 0.033203
0 0.464844 0.485352 0.011719 0.005859
0 0.930664 0.481445 0.001953 0.001953
0 0.458008 0.479492 0.001953 0.001953
1 0.250977 0.478516 0.009766 0.011719
0 0.421875 0.467773 0.003906 0.001953
0 0.430664 0.465820 0.001953 0.001953
0 0.194336 0.459961 0.001953 0.001953
0 0.936523 0.458984 0.005859 0.007812
0 0.440430 0.458984 0.013672 0.011719
0 0.428711 0.448242 0.001953 0.001953
0 0.043945 0.442383 0.005859 0.005859
0 0.696289 0.436523 0.001953 0.001953
0 0.449219 0.441406 0.023438 0.015625
0 0.459961 0.430664 0.001953 0.001953
0 0.699219 0.430664 0.007812 0.009766
0 0.208984 0.442383 0.019531 0.033203
0 0.416992 0.431641 0.017578 0.015625
0 0.213867 0.422852 0.001953 0.001953
0 0.209961 0.422852 0.001953 0.001953
0 0.206055 0.423828 0.001953 0.003906
0 0.208984 0.418945 0.003906 0.001953
0 0.403320 0.419922 0.005859 0.007812
0 0.008789 0.404297 0.017578 0.023438
1 0.336914 0.391602 0.013672 0.009766
0 0.999023 0.388672 0.001953 0.007812
0 0.674805 0.386719 0.005859 0.003906
0 0.358398 0.385742 0.001953 0.001953
0 0.873047 0.396484 0.050781 0.039062
0 0.952148 0.375977 0.001953 0.001953
0 0.368164 0.445312 0.197266 0.152344
0 0.349609 0.375977 0.011719 0.017578
1 0.302734 0.365234 0.003906 0.003906
1 0.297852 0.360352 0.001953 0.001953
0 0.153320 0.354492 0.001953 0.001953
0 0.141602 0.368164 0.029297 0.029297
0 0.993164 0.366211 0.013672 0.033203
1 0.294922 0.352539 0.007812 0.009766
0 0.977539 0.346680 0.013672 0.005859
0 0.311523 0.345703 0.001953 0.003906
0 0.228516 0.370117 0.035156 0.060547
0 0.321289 0.340820 0.005859 0.005859
0 0.857422 0.329102 0.003906 0.001953
0 0.437500 0.334961 0.011719 0.013672
0 0.431641 0.328125 0.007812 0.003906
0 0.371094 0.341797 0.050781 0.031250
0 0.319336 0.328125 0.001953 0.003906
0 0.330078 0.334961 0.019531 0.021484
0 0.428711 0.321289 0.001953 0.001953
1 0.214844 0.330078 0.019531 0.023438
0 0.603516 0.320312 0.007812 0.007812
1 0.199219 0.316406 0.007812 0.007812
0 0.301758 0.311523 0.001953 0.001953
0 0.633789 0.307617 0.001953 0.001953
0 0.635742 0.301758 0.001953 0.001953
0 0.630859 0.301758 0.003906 0.001953
0 0.303711 0.301758 0.005859 0.001953
1 0.268555 0.314453 0.025391 0.027344
1 0.063477 0.331055 0.099609 0.060547
0 0.901367 0.297852 0.001953 0.001953
0 0.988281 0.300781 0.023438 0.011719
0 0.899414 0.293945 0.001953 0.001953
0 0.987305 0.291992 0.001953 0.001953
0 0.981445 0.291992 0.001953 0.001953
0 0.531250 0.278320 0.003906 0.001953
0 0.526367 0.278320 0.001953 0.001953
1 0.053711 0.289062 0.029297 0.023438
0 0.991211 0.281250 0.017578 0.011719
0 0.592773 0.276367 0.001953 0.001953
0 0.578125 0.278320 0.011719 0.005859
0 0.759766 0.277344 0.007812 0.011719
0 0.593750 0.272461 0.007812 0.001953
0 0.609375 0.276367 0.027344 0.017578
0 0.654297 0.266602 0.003906 0.001953
0 0.998047 0.267578 0.003906 0.007812
0 0.269531 0.291016 0.062500 0.054688
0 0.399414 0.262695 0.001953 0.001953
0 0.991211 0.260742 0.001953 0.001953
0 0.652344 0.256836 0.003906 0.005859
0 0.980469 0.253906 0.003906 0.003906
0 0.251953 0.251953 0.003906 0.003906
1 0.012695 0.270508 0.025391 0.041016
0 0.682617 0.250977 0.005859 0.005859
0 0.973633 0.245117 0.001953 0.001953
0 0.572266 0.247070 0.007812 0.005859
1 0.016602 0.245117 0.001953 0.001953
0 0.629883 0.243164 0.001953 0.001953
0 0.600586 0.244141 0.001953 0.003906
1 0.002930 0.244141 0.001953 0.003906
0 0.008789 0.241211 0.001953 0.001953
0 0.640625 0.247070 0.015625 0.017578
0 0.625977 0.239258 0.001953 0.001953
1 0.016602 0.240234 0.005859 0.003906
0 0.659180 0.240234 0.005859 0.007812
0 0.606445 0.236328 0.005859 0.007812
0 0.577148 0.231445 0.001953 0.001953
0 0.023438 0.226562 0.007812 0.003906
0 0.016602 0.225586 0.001953 0.001953
0 0.682617 0.221680 0.001953 0.001953
0 0.612305 0.219727 0.001953 0.001953
0 0.020508 0.219727 0.001953 0.001953
0 0.798828 0.216797 0.003906 0.003906
0 0.680664 0.216797 0.001953 0.003906
1 0.210938 0.218750 0.007812 0.007812
0 0.871094 0.214844 0.003906 0.003906
0 0.610352 0.214844 0.005859 0.003906
0 0.493164 0.211914 0.001953 0.001953
0 0.401367 0.211914 0.001953 0.001953
0 0.251953 0.220703 0.019531 0.019531
0 0.797852 0.210938 0.001953 0.003906
0 0.531250 0.239258 0.085938 0.060547
0 0.334961 0.209961 0.001953 0.001953
0 0.792969 0.208984 0.003906 0.003906
0 0.776367 0.214844 0.021484 0.015625
0 0.684570 0.210938 0.013672 0.011719
0 0.656250 0.209961 0.007812 0.009766
0 0.488281 0.206055 0.007812 0.001953
0 0.953125 0.205078 0.003906 0.007812
0 0.400391 0.233398 0.152344 0.064453
0 0.912109 0.208984 0.015625 0.019531
0 0.729492 0.200195 0.001953 0.001953
0 0.659180 0.200195 0.001953 0.001953
0 0.008789 0.208984 0.017578 0.023438
0 0.952148 0.196289 0.001953 0.001953
0 0.655273 0.196289 0.001953 0.001953
0 0.002930 0.196289 0.001953 0.001953
0 0.684570 0.194336 0.001953 0.001953
0 0.573242 0.195312 0.001953 0.003906
0 0.568359 0.193359 0.003906 0.003906
0 0.905273 0.190430 0.001953 0.001953
0 0.967773 0.199219 0.017578 0.023438
0 0.895508 0.188477 0.001953 0.001953
0 0.561523 0.184570 0.001953 0.001953
0 0.538086 0.182617 0.001953 0.001953
0 0.139648 0.183594 0.005859 0.003906
0 0.975586 0.180664 0.001953 0.001953
0 0.565430 0.180664 0.001953 0.001953
0 0.954102 0.181641 0.009766 0.007812
0 0.968750 0.174805 0.003906 0.001953
0 0.565430 0.172852 0.001953 0.001953
0 0.684570 0.178711 0.013672 0.017578
0 0.561523 0.170898 0.001953 0.001953
0 0.967773 0.168945 0.001953 0.001953
0 0.907227 0.176758 0.013672 0.017578
0 0.500977 0.169922 0.005859 0.003906
0 0.011719 0.172852 0.011719 0.009766
0 0.140625 0.172852 0.011719 0.013672
0 0.010742 0.166992 0.001953 0.001953
0 0.529297 0.165039 0.003906 0.001953
0 0.147461 0.163086 0.001953 0.001953
0 0.131836 0.163086 0.001953 0.001953
0 0.580078 0.170898 0.015625 0.021484
0 0.499023 0.159180 0.001953 0.001953
0 0.147461 0.159180 0.001953 0.001953
0 0.493164 0.158203 0.005859 0.003906
0 0.538086 0.156250 0.001953 0.003906
0 0.154297 0.157227 0.007812 0.005859
0 0.512695 0.153320 0.001953 0.001953
0 0.153320 0.153320 0.001953 0.001953
0 0.582031 0.150391 0.003906 0.003906
0 0.481445 0.151367 0.005859 0.005859
0 0.245117 0.145508 0.001953 0.001953
0 0.961914 0.141602 0.001953 0.001953
0 0.594727 0.139648 0.001953 0.001953
0 0.510742 0.139648 0.001953 0.001953
0 0.243164 0.139648 0.009766 0.005859
0 0.594727 0.135742 0.001953 0.001953
0 0.126953 0.151367 0.050781 0.033203
0 0.106445 0.135742 0.001953 0.001953
0 0.593750 0.131836 0.003906 0.001953
0 0.582031 0.138672 0.015625 0.015625
0 0.505859 0.132812 0.003906 0.003906
0 0.924805 0.129883 0.001953 0.001953
0 0.552734 0.138672 0.015625 0.019531
0 0.241211 0.131836 0.009766 0.005859
0 0.116211 0.129883 0.005859 0.001953
0 0.103516 0.125977 0.003906 0.001953
0 0.592773 0.124023 0.001953 0.001953
0 0.795898 0.125000 0.005859 0.007812
0 0.511719 0.140625 0.062500 0.039062
0 0.228516 0.123047 0.003906 0.003906
0 0.223633 0.123047 0.001953 0.003906
0 0.197266 0.122070 0.003906 0.001953
0 0.914062 0.124023 0.007812 0.009766
0 0.217773 0.121094 0.005859 0.003906
0 0.569336 0.127930 0.017578 0.021484
0 0.567383 0.114258 0.001953 0.001953
0 0.107422 0.115234 0.011719 0.003906
0 0.715820 0.112305 0.001953 0.001953
1 0.924805 0.110352 0.001953 0.001953
0 0.057617 0.112305 0.005859 0.005859
0 0.942383 0.109375 0.005859 0.003906
0 0.941406 0.125977 0.035156 0.037109
0 0.649414 0.108398 0.001953 0.001953
0 0.092773 0.108398 0.001953 0.001953
0 0.739258 0.106445 0.001953 0.001953
0 0.563477 0.106445 0.001953 0.001953
1 0.931641 0.106445 0.003906 0.005859
0 0.745117 0.104492 0.001953 0.001953
0 0.475586 0.107422 0.005859 0.007812
0 0.159180 0.104492 0.001953 0.001953
0 0.153320 0.103516 0.001953 0.003906
0 0.083008 0.123047 0.041016 0.042969
0 0.726562 0.118164 0.023438 0.041016
0 0.375977 0.096680 0.001953 0.001953
0 0.658203 0.095703 0.019531 0.007812
0 0.124023 0.104492 0.052734 0.025391
0 0.264648 0.088867 0.001953 0.001953
0 0.166992 0.091797 0.021484 0.007812
0 0.703125 0.091797 0.007812 0.011719
1 0.734375 0.093750 0.019531 0.019531
0 0.322266 0.087891 0.007812 0.007812
0 0.387695 0.081055 0.001953 0.001953
0 0.706055 0.079102 0.001953 0.001953
0 0.699219 0.077148 0.003906 0.001953
0 0.586914 0.077148 0.001953 0.001953
0 0.961914 0.075195 0.001953 0.001953
0 0.531250 0.080078 0.011719 0.015625
0 0.225586 0.099609 0.087891 0.054688
0 0.262695 0.069336 0.001953 0.001953
0 0.256836 0.069336 0.001953 0.001953
0 0.694336 0.067383 0.001953 0.001953
0 0.473633 0.068359 0.001953 0.003906
0 0.972656 0.085938 0.054688 0.046875
0 0.688477 0.077148 0.025391 0.029297
0 0.594727 0.062500 0.005859 0.003906
0 0.225586 0.061523 0.001953 0.001953
0 0.058594 0.061523 0.003906 0.001953
0 0.425781 0.083984 0.093750 0.054688
0 0.121094 0.070312 0.035156 0.031250
0 0.544922 0.053711 0.003906 0.001953
0 0.532227 0.052734 0.005859 0.003906
0 0.518555 0.052734 0.001953 0.003906
0 0.250977 0.051758 0.001953 0.001953
0 0.057617 0.053711 0.005859 0.005859
0 0.496094 0.065430 0.046875 0.033203
1 0.936523 0.050781 0.005859 0.007812
0 0.258789 0.047852 0.001953 0.001953
0 0.213867 0.047852 0.001953 0.001953
0 0.198242 0.047852 0.001953 0.001953
0 0.194336 0.045898 0.001953 0.001953
0 0.021484 0.046875 0.003906 0.003906
1 0.943359 0.046875 0.003906 0.007812
0 0.583984 0.056641 0.031250 0.027344
0 0.590820 0.041992 0.001953 0.001953
0 0.250000 0.044922 0.019531 0.007812
0 0.370117 0.055664 0.029297 0.033203
0 0.579102 0.038086 0.001953 0.001953
0 0.243164 0.038086 0.001953 0.001953
0 0.200195 0.039062 0.005859 0.003906
0 0.091797 0.039062 0.003906 0.003906
0 0.026367 0.072266 0.052734 0.070312
1 0.927734 0.037109 0.003906 0.007812
0 0.517578 0.040039 0.023438 0.017578
0 0.124023 0.033203 0.009766 0.007812
0 0.593750 0.030273 0.015625 0.013672
0 0.489258 0.024414 0.001953 0.001953
0 0.147461 0.029297 0.017578 0.011719
0 0.249023 0.022461 0.001953 0.001953
0 0.161133 0.021484 0.009766 0.007812
0 0.204102 0.030273 0.048828 0.033203
0 0.610352 0.008789 0.001953 0.001953
0 0.770508 0.006836 0.001953 0.001953
1 0.449219 0.012695 0.011719 0.013672
0 0.085938 0.007812 0.003906 0.003906
1 0.859375 0.011719 0.019531 0.015625
1 0.881836 0.010742 0.021484 0.017578
0 0.767578 0.004883 0.007812 0.005859
0 0.997070 0.010742 0.005859 0.021484
1 0.925781 0.011719 0.023438 0.023438
0 0.630859 0.064453 0.101562 0.128906
0 0.610352 0.000977 0.001953 0.001953
0 0.288086 0.000977 0.001953 0.001953
0 0.249023 0.019531 0.072266 0.039062
0 0.169922 0.000977 0.003906 0.001953
0 0.153320 0.004883 0.025391 0.009766
2 0.974609 0.104492 0.003906 0.005859
2 0.633789 0.067383 0.001953 0.001953
2 0.032227 0.061523 0.001953 0.001953
2 0.636719 0.060547 0.003906 0.007812
2 0.928711 0.006836 0.001953 0.001953
2 0.500000 0.500000 1.000000 1.000000