0 0.262695 0.999023 0.001953 0.001953
1 0.656250 0.998047 0.003906 0.003906
0 0.622070 0.998047 0.001953 0.003906
0 0.712891 0.996094 0.011719 0.007812
0 0.557617 0.996094 0.009766 0.007812
0 0.540039 0.996094 0.005859 0.007812
0 0.309570 0.996094 0.005859 0.007812
1 0.970703 0.994141 0.003906 0.007812
0 0.725586 0.992188 0.001953 0.003906
0 0.291016 0.994141 0.007812 0.011719
0 0.610352 0.987305 0.001953 0.001953
1 0.499023 0.986328 0.001953 0.003906
0 0.353516 0.992188 0.031250 0.015625
0 0.242188 0.991211 0.019531 0.017578
0 0.896484 0.990234 0.027344 0.019531
0 0.235352 0.984375 0.005859 0.007812
0 0.219727 0.990234 0.025391 0.019531
0 0.938477 0.978516 0.009766 0.007812
1 0.772461 0.972656 0.005859 0.003906
0 0.616211 0.977539 0.009766 0.017578
1 0.993164 0.981445 0.013672 0.029297
0 0.932617 0.967773 0.001953 0.001953
0 0.530273 0.973633 0.013672 0.013672
0 0.946289 0.967773 0.005859 0.005859
1 0.459961 0.965820 0.001953 0.001953
1 0.674805 0.975586 0.013672 0.025391
0 0.295898 0.972656 0.021484 0.019531
0 0.224609 0.964844 0.003906 0.003906
1 0.986328 0.962891 0.003906 0.003906
0 0.554688 0.972656 0.011719 0.023438
1 0.998047 0.960938 0.003906 0.003906
0 0.932617 0.959961 0.001953 0.001953
0 0.541016 0.961914 0.003906 0.005859
1 0.453125 0.960938 0.003906 0.003906
0 0.227539 0.959961 0.001953 0.001953
1 0.124023 0.959961 0.001953 0.001953
1 0.750977 0.958008 0.001953 0.001953
1 0.470703 0.965820 0.011719 0.017578
0 0.789062 0.956055 0.003906 0.005859
0 0.271484 0.965820 0.023438 0.025391
1 0.122070 0.955078 0.001953 0.003906
1 0.041992 0.960938 0.013672 0.015625
0 0.328125 0.970703 0.031250 0.039062
1 0.356445 0.951172 0.005859 0.003906
1 0.870117 0.958008 0.013672 0.025391
1 0.441406 0.950195 0.011719 0.013672
0 0.243164 0.959961 0.025391 0.033203
0 0.969727 0.945312 0.009766 0.007812
1 0.759766 0.943359 0.003906 0.007812
0 0.544922 0.947266 0.019531 0.015625
1 0.096680 0.945312 0.025391 0.011719
0 0.780273 0.938477 0.001953 0.001953
0 0.634766 0.955078 0.011719 0.035156
0 0.605469 0.948242 0.015625 0.021484
1 0.445312 0.938477 0.003906 0.001953
1 0.436523 0.938477 0.001953 0.001953
0 0.650391 0.937500 0.003906 0.003906
1 0.301758 0.936523 0.001953 0.001953
1 0.100586 0.930664 0.001953 0.001953
1 0.401367 0.934570 0.037109 0.017578
1 0.098633 0.928711 0.005859 0.005859
1 0.728516 0.929688 0.011719 0.011719
0 0.643555 0.926758 0.017578 0.005859
1 0.706055 0.921875 0.005859 0.007812
0 0.538086 0.930664 0.021484 0.025391
1 0.727539 0.918945 0.005859 0.005859
0 0.797852 0.929688 0.037109 0.031250
0 0.563477 0.915039 0.001953 0.001953
1 0.708008 0.912109 0.001953 0.003906
1 0.589844 0.921875 0.015625 0.023438
1 0.460938 0.913086 0.007812 0.005859
0 0.258789 0.926758 0.029297 0.041016
0 0.554688 0.905273 0.003906 0.001953
1 0.046875 0.908203 0.007812 0.007812
1 0.983398 0.903320 0.001953 0.001953
1 0.713867 0.903320 0.001953 0.001953
1 0.356445 0.911133 0.029297 0.021484
1 0.709961 0.899414 0.001953 0.001953
1 0.427734 0.899414 0.003906 0.001953
1 0.285156 0.900391 0.003906 0.003906
1 0.064453 0.906250 0.011719 0.015625
1 0.961914 0.897461 0.001953 0.001953
0 0.530273 0.904297 0.009766 0.015625
0 0.592773 0.893555 0.005859 0.005859
1 0.268555 0.891602 0.001953 0.001953
1 0.056641 0.896484 0.011719 0.011719
1 0.991211 0.900391 0.017578 0.023438
0 0.572266 0.889648 0.003906 0.001953
1 0.457031 0.887695 0.003906 0.001953
1 0.273438 0.887695 0.003906 0.001953
1 0.268555 0.885742 0.001953 0.001953
1 0.719727 0.886719 0.009766 0.007812
1 0.454102 0.882812 0.001953 0.003906
1 0.383789 0.885742 0.025391 0.009766
1 0.001953 0.885742 0.003906 0.009766
1 0.822266 0.884766 0.015625 0.011719
1 0.918945 0.888672 0.017578 0.023438
1 0.324219 0.878906 0.003906 0.003906
1 0.319336 0.877930 0.001953 0.001953
1 0.562500 0.875977 0.003906 0.001953
1 0.091797 0.878906 0.007812 0.007812
1 0.466797 0.878906 0.011719 0.011719
1 0.741211 0.876953 0.009766 0.011719
1 0.325195 0.872070 0.001953 0.001953
1 0.570312 0.873047 0.007812 0.007812
1 0.081055 0.875977 0.009766 0.013672
1 0.975586 0.877930 0.017578 0.021484
1 0.991211 0.865234 0.001953 0.003906
1 0.928711 0.867188 0.009766 0.011719
0 0.843750 0.871094 0.011719 0.019531
0 0.599609 0.870117 0.011719 0.021484
0 0.625000 0.867188 0.015625 0.027344
1 0.782227 0.856445 0.013672 0.009766
1 0.313477 0.858398 0.021484 0.013672
1 0.219727 0.852539 0.021484 0.009766
0 0.043945 0.848633 0.001953 0.001953
0 0.993164 0.853516 0.013672 0.015625
1 0.577148 0.852539 0.009766 0.017578
1 0.567383 0.843750 0.005859 0.007812
0 0.055664 0.849609 0.005859 0.019531
1 0.227539 0.840820 0.013672 0.005859
0 0.536133 0.837891 0.001953 0.003906
1 0.051758 0.836914 0.001953 0.001953
1 0.149414 0.838867 0.017578 0.013672
0 0.449219 0.844727 0.019531 0.029297
1 0.129883 0.833008 0.009766 0.009766
1 0.868164 0.832031 0.017578 0.011719
1 0.647461 0.827148 0.001953 0.001953
0 0.447266 0.832031 0.011719 0.011719
1 0.238281 0.828125 0.007812 0.003906
0 0.548828 0.830078 0.019531 0.011719
1 0.122070 0.825195 0.001953 0.001953
1 0.834961 0.824219 0.009766 0.007812
1 0.736328 0.820312 0.007812 0.007812
0 0.503906 0.835938 0.027344 0.042969
1 0.390625 0.817383 0.003906 0.005859
1 0.340820 0.827148 0.029297 0.025391
1 0.149414 0.813477 0.001953 0.001953
0 0.002930 0.813477 0.001953 0.001953
1 0.972656 0.815430 0.007812 0.009766
1 0.532227 0.814453 0.005859 0.007812
0 0.451172 0.815430 0.011719 0.009766
1 0.247070 0.814453 0.009766 0.011719
1 0.612305 0.821289 0.013672 0.029297
1 0.764648 0.808594 0.021484 0.007812
0 0.502930 0.806641 0.005859 0.003906
1 0.346680 0.805664 0.001953 0.001953
0 0.563477 0.811523 0.025391 0.017578
1 0.449219 0.805664 0.003906 0.005859
1 0.381836 0.809570 0.009766 0.013672
0 0.017578 0.814453 0.019531 0.027344
1 0.710938 0.802734 0.007812 0.007812
1 0.402344 0.805664 0.015625 0.013672
1 0.298828 0.805664 0.015625 0.013672
1 0.161133 0.807617 0.013672 0.017578
1 0.143555 0.799805 0.001953 0.001953
1 0.638672 0.805664 0.015625 0.017578
1 0.912109 0.796875 0.003906 0.003906
1 0.574219 0.796875 0.003906 0.007812
1 0.504883 0.793945 0.001953 0.001953
1 0.978516 0.792969 0.003906 0.003906
1 0.733398 0.791992 0.001953 0.001953
1 0.654297 0.792969 0.003906 0.003906
1 0.649414 0.791992 0.001953 0.001953
1 0.147461 0.794922 0.013672 0.007812
1 0.737305 0.790039 0.001953 0.001953
1 0.709961 0.791992 0.013672 0.009766
1 0.561523 0.787109 0.001953 0.003906
1 0.334961 0.791992 0.013672 0.017578
1 0.562500 0.781250 0.003906 0.003906
1 0.221680 0.789062 0.013672 0.019531
1 0.751953 0.784180 0.019531 0.013672
1 0.991211 0.772461 0.001953 0.001953
1 0.652344 0.773438 0.003906 0.003906
1 0.998047 0.770508 0.003906 0.005859
1 0.932617 0.768555 0.001953 0.001953
1 0.995117 0.766602 0.001953 0.001953
1 0.697266 0.769531 0.019531 0.011719
1 0.610352 0.769531 0.009766 0.011719
1 0.583008 0.777344 0.009766 0.031250
1 0.199219 0.764648 0.003906 0.005859
1 0.640625 0.761719 0.007812 0.007812
1 0.583008 0.758789 0.001953 0.001953
1 0.261719 0.758789 0.007812 0.005859
1 0.659180 0.752930 0.009766 0.005859
1 0.653320 0.750977 0.001953 0.001953
0 0.488281 0.760742 0.023438 0.021484
1 0.171875 0.759766 0.019531 0.019531
1 0.915039 0.749023 0.001953 0.001953
1 0.087891 0.760742 0.011719 0.025391
1 0.950195 0.749023 0.005859 0.005859
1 0.655273 0.747070 0.005859 0.001953
1 0.623047 0.753906 0.011719 0.015625
1 0.356445 0.747070 0.001953 0.001953
1 0.598633 0.747070 0.005859 0.005859
1 0.166992 0.743164 0.005859 0.005859
1 0.900391 0.746094 0.015625 0.015625
1 0.583008 0.739258 0.001953 0.001953
1 0.379883 0.748047 0.021484 0.023438
1 0.134766 0.739258 0.007812 0.005859
1 0.767578 0.738281 0.003906 0.007812
1 0.274414 0.735352 0.001953 0.001953
1 0.424805 0.739258 0.009766 0.013672
1 0.124023 0.735352 0.005859 0.005859
1 0.061523 0.736328 0.005859 0.007812
1 0.564453 0.737305 0.011719 0.013672
1 0.139648 0.729492 0.005859 0.001953
1 0.240234 0.743164 0.015625 0.033203
1 0.274414 0.725586 0.001953 0.001953
1 0.598633 0.724609 0.001953 0.003906
1 0.500000 0.728516 0.015625 0.011719
1 0.720703 0.730469 0.007812 0.019531
1 0.584961 0.721680 0.001953 0.001953
1 0.366211 0.721680 0.001953 0.001953
1 0.288086 0.728516 0.013672 0.015625
1 0.085938 0.720703 0.003906 0.003906
1 0.741211 0.726562 0.021484 0.027344
1 0.395508 0.721680 0.013672 0.017578
1 0.984375 0.712891 0.003906 0.003906
1 0.966797 0.725586 0.027344 0.029297
1 0.815430 0.714844 0.025391 0.007812
1 0.688477 0.724609 0.021484 0.027344
1 0.195312 0.717773 0.015625 0.013672
1 0.181641 0.709961 0.003906 0.001953
1 0.087891 0.712891 0.007812 0.007812
1 0.136719 0.704102 0.003906 0.001953
1 0.009766 0.707031 0.003906 0.007812
1 0.248047 0.703125 0.003906 0.003906
1 0.988281 0.704102 0.007812 0.009766
1 0.605469 0.712891 0.015625 0.027344
1 0.314453 0.701172 0.003906 0.003906
1 0.177734 0.704102 0.011719 0.009766
1 0.713867 0.703125 0.013672 0.011719
1 0.027344 0.706055 0.015625 0.021484
1 0.850586 0.695312 0.001953 0.003906
1 0.485352 0.695312 0.001953 0.003906
1 0.155273 0.694336 0.001953 0.001953
1 0.290039 0.701172 0.013672 0.019531
1 0.374023 0.693359 0.013672 0.007812
1 0.157227 0.690430 0.005859 0.001953
1 0.083984 0.692383 0.011719 0.005859
1 0.001953 0.694336 0.003906 0.009766
1 0.965820 0.699219 0.021484 0.023438
1 0.789062 0.691406 0.003906 0.007812
1 0.428711 0.688477 0.001953 0.001953
1 0.159180 0.686523 0.001953 0.001953
1 0.870117 0.709961 0.048828 0.052734
1 0.919922 0.708984 0.031250 0.054688
1 0.359375 0.689453 0.007812 0.015625
1 0.714844 0.680664 0.007812 0.005859
0 0.580078 0.698242 0.015625 0.041016
1 0.859375 0.677734 0.003906 0.003906
0 0.583008 0.676758 0.001953 0.001953
1 0.149414 0.682617 0.009766 0.013672
1 0.090820 0.674805 0.001953 0.001953
1 0.829102 0.668945 0.001953 0.001953
1 0.565430 0.668945 0.005859 0.005859
0 0.602539 0.664062 0.005859 0.007812
0 0.629883 0.675781 0.021484 0.035156
1 0.735352 0.657227 0.001953 0.001953
1 0.054688 0.666992 0.015625 0.021484
1 0.782227 0.655273 0.001953 0.001953
0 0.650391 0.660156 0.015625 0.011719
1 0.382812 0.667969 0.019531 0.027344
1 0.107422 0.660156 0.015625 0.011719
0 0.983398 0.665039 0.033203 0.025391
1 0.750977 0.658203 0.013672 0.011719
1 0.298828 0.658203 0.011719 0.015625
1 0.745117 0.649414 0.001953 0.001953
1 0.683594 0.654297 0.007812 0.011719
1 0.000977 0.650391 0.001953 0.003906
0 0.999023 0.645508 0.001953 0.001953
1 0.956055 0.645508 0.005859 0.001953
1 0.041992 0.645508 0.001953 0.001953
1 0.014648 0.648438 0.005859 0.007812
1 0.832031 0.659180 0.039062 0.033203
1 0.754883 0.643555 0.001953 0.001953
1 0.750977 0.640625 0.005859 0.003906
0 0.983398 0.635742 0.001953 0.001953
1 0.790039 0.643555 0.033203 0.017578
1 0.403320 0.635742 0.001953 0.001953
1 0.398438 0.635742 0.003906 0.001953
1 0.504883 0.628906 0.005859 0.003906
1 0.241211 0.625977 0.005859 0.009766
1 0.047852 0.620117 0.001953 0.001953
1 0.511719 0.619141 0.003906 0.003906
1 0.109375 0.634766 0.027344 0.035156
1 0.409180 0.611328 0.005859 0.003906
1 0.400391 0.618164 0.015625 0.017578
1 0.682617 0.608398 0.001953 0.001953
1 0.504883 0.613281 0.009766 0.011719
1 0.578125 0.617188 0.019531 0.023438
1 0.251953 0.609375 0.007812 0.011719
1 0.028320 0.602539 0.001953 0.001953
1 0.920898 0.596680 0.001953 0.001953
1 0.916992 0.596680 0.001953 0.001953
0 0.994141 0.598633 0.011719 0.009766
1 0.967773 0.594727 0.001953 0.001953
1 0.483398 0.614258 0.017578 0.041016
1 0.530273 0.602539 0.009766 0.021484
1 0.303711 0.595703 0.009766 0.011719
1 0.751953 0.588867 0.003906 0.001953
1 0.606445 0.603516 0.009766 0.031250
1 0.149414 0.588867 0.001953 0.001953
1 0.139648 0.592773 0.017578 0.013672
0 0.816406 0.585938 0.003906 0.003906
1 0.976562 0.583008 0.003906 0.001953
1 0.147461 0.583008 0.001953 0.001953
0 0.665039 0.583984 0.017578 0.011719
1 0.274414 0.586914 0.017578 0.017578
1 0.145508 0.579102 0.001953 0.001953
0 0.022461 0.586914 0.013672 0.017578
1 0.268555 0.575195 0.005859 0.005859
1 0.420898 0.579102 0.013672 0.017578
0 0.364258 0.585938 0.025391 0.031250
1 0.566406 0.575195 0.007812 0.017578
1 0.757812 0.575195 0.023438 0.021484
0 0.022461 0.567383 0.009766 0.005859
1 0.685547 0.567383 0.015625 0.009766
1 0.241211 0.568359 0.009766 0.015625
0 0.823242 0.570312 0.029297 0.023438
1 0.582031 0.569336 0.007812 0.021484
1 0.731445 0.555664 0.001953 0.001953
1 0.572266 0.556641 0.003906 0.003906
1 0.076172 0.560547 0.007812 0.011719
0 0.917969 0.551758 0.003906 0.001953
1 0.775391 0.550781 0.003906 0.003906
0 0.042969 0.555664 0.019531 0.013672
1 0.199219 0.548828 0.003906 0.003906
0 0.008789 0.555664 0.017578 0.017578
0 0.015625 0.546875 0.003906 0.003906
0 0.030273 0.545898 0.005859 0.005859
1 0.577148 0.541992 0.001953 0.001953
1 0.540039 0.536133 0.001953 0.005859
1 0.336914 0.538086 0.009766 0.009766
1 0.351562 0.537109 0.011719 0.015625
1 0.872070 0.528320 0.001953 0.001953
1 0.858398 0.528320 0.001953 0.001953
0 0.488281 0.552734 0.019531 0.050781
0 0.895508 0.536133 0.048828 0.025391
1 0.858398 0.524414 0.001953 0.001953
0 0.035156 0.529297 0.023438 0.015625
1 0.969727 0.520508 0.001953 0.001953
0 0.722656 0.525391 0.007812 0.015625
0 0.697266 0.527344 0.035156 0.023438
1 0.191406 0.520508 0.015625 0.013672
1 0.864258 0.512695 0.001953 0.001953
0 0.290039 0.521484 0.017578 0.019531
0 0.709961 0.511719 0.005859 0.003906
1 0.104492 0.517578 0.021484 0.019531
1 0.962891 0.504883 0.003906 0.001953
0 0.895508 0.507812 0.029297 0.007812
0 0.762695 0.510742 0.009766 0.013672
0 0.709961 0.505859 0.009766 0.003906
1 0.487305 0.503906 0.001953 0.003906
0 0.375977 0.512695 0.021484 0.021484
1 0.483398 0.500977 0.001953 0.001953
0 0.843750 0.500000 0.003906 0.003906
0 0.726562 0.500977 0.007812 0.005859
1 0.074219 0.508789 0.027344 0.021484
1 0.521484 0.503906 0.011719 0.015625
1 0.090820 0.497070 0.001953 0.001953
0 0.739258 0.506836 0.013672 0.025391
1 0.152344 0.499023 0.011719 0.009766
0 0.750000 0.494141 0.003906 0.003906
0 0.901367 0.491211 0.001953 0.001953
1 0.590820 0.503906 0.009766 0.035156
1 0.323242 0.497070 0.013672 0.021484
1 0.018555 0.488281 0.005859 0.003906
0 0.910156 0.487305 0.007812 0.005859
0 0.978516 0.487305 0.019531 0.009766
1 0.877930 0.566406 0.177734 0.167969
1 0.428711 0.490234 0.017578 0.015625
0 0.817383 0.495117 0.029297 0.029297
1 0.374023 0.482422 0.001953 0.003906
1 0.325195 0.479492 0.001953 0.001953
1 0.686523 0.478516 0.001953 0.003906
1 0.399414 0.486328 0.021484 0.019531
0 0.936523 0.474609 0.013672 0.011719
1 0.331055 0.472656 0.005859 0.007812
0 0.717773 0.480469 0.025391 0.027344
0 0.790039 0.479492 0.048828 0.029297
1 0.003906 0.466797 0.003906 0.003906
1 0.018555 0.461914 0.001953 0.001953
1 0.172852 0.464844 0.021484 0.015625
1 0.038086 0.458008 0.001953 0.001953
1 0.398438 0.455078 0.015625 0.003906
1 0.041992 0.454102 0.001953 0.001953
0 0.704102 0.454102 0.005859 0.009766
1 0.193359 0.451172 0.007812 0.003906
1 0.000977 0.451172 0.001953 0.003906
0 0.706055 0.446289 0.001953 0.001953
1 0.204102 0.448242 0.009766 0.005859
0 0.526367 0.443359 0.005859 0.003906
0 0.446289 0.449219 0.021484 0.023438
0 0.702148 0.438477 0.009766 0.009766
1 0.134766 0.436523 0.003906 0.005859
0 0.844727 0.433594 0.005859 0.007812
0 0.506836 0.434570 0.001953 0.009766
1 0.139648 0.429688 0.005859 0.003906
0 0.504883 0.426758 0.001953 0.001953
1 0.029297 0.433594 0.015625 0.015625
0 0.973633 0.424805 0.001953 0.001953
1 0.646484 0.429688 0.007812 0.011719
1 0.639648 0.448242 0.044922 0.052734
0 0.962891 0.425781 0.003906 0.011719
1 0.537109 0.421875 0.003906 0.003906
1 0.273438 0.422852 0.007812 0.009766
0 0.933594 0.440430 0.027344 0.048828
1 0.009766 0.418945 0.015625 0.009766
1 0.127930 0.414062 0.009766 0.007812
0 0.500000 0.435547 0.042969 0.062500
0 0.977539 0.440430 0.044922 0.076172
1 0.084961 0.403320 0.001953 0.001953
0 0.928711 0.405273 0.009766 0.013672
0 0.818359 0.401367 0.003906 0.005859
0 0.739258 0.423828 0.033203 0.050781
1 0.609375 0.403320 0.003906 0.009766
1 0.324219 0.403320 0.011719 0.009766
1 0.129883 0.399414 0.001953 0.001953
1 0.660156 0.397461 0.003906 0.001953
1 0.341797 0.394531 0.019531 0.007812
1 0.522461 0.389648 0.005859 0.005859
1 0.571289 0.377930 0.001953 0.001953
1 0.450195 0.379883 0.001953 0.005859
1 0.665039 0.378906 0.005859 0.007812
1 0.658203 0.377930 0.003906 0.005859
1 0.649414 0.375977 0.001953 0.001953
1 0.390625 0.380859 0.007812 0.011719
1 0.056641 0.384766 0.023438 0.019531
0 0.977539 0.381836 0.021484 0.021484
1 0.586914 0.373047 0.001953 0.003906
1 0.576172 0.380859 0.007812 0.019531
0 0.693359 0.377930 0.023438 0.029297
1 0.418945 0.366211 0.005859 0.005859
1 0.644531 0.367188 0.007812 0.011719
1 0.117188 0.366211 0.007812 0.009766
0 0.772461 0.380859 0.041016 0.042969
1 0.688477 0.360352 0.001953 0.001953
0 0.514648 0.358398 0.001953 0.001953
0 0.456055 0.358398 0.001953 0.001953
0 0.763672 0.358398 0.007812 0.005859
1 0.647461 0.356445 0.001953 0.001953
0 0.726562 0.354492 0.003906 0.005859
0 0.764648 0.350586 0.001953 0.001953
0 0.463867 0.357422 0.009766 0.019531
0 0.750000 0.348633 0.003906 0.005859
1 0.245117 0.349609 0.013672 0.007812
0 0.495117 0.352539 0.025391 0.025391
1 0.024414 0.345703 0.017578 0.015625
0 0.762695 0.338867 0.001953 0.005859
1 0.374023 0.355469 0.083984 0.042969
1 0.075195 0.334961 0.001953 0.001953
1 0.424805 0.332031 0.005859 0.003906
1 0.280273 0.331055 0.001953 0.001953
0 0.829102 0.413086 0.185547 0.169922
1 0.606445 0.330078 0.013672 0.011719
1 0.161133 0.327148 0.005859 0.005859
0 0.645508 0.323242 0.001953 0.001953
1 0.038086 0.330078 0.009766 0.015625
0 0.800781 0.323242 0.003906 0.005859
0 0.509766 0.327148 0.027344 0.013672
1 0.010742 0.323242 0.009766 0.005859
1 0.872070 0.326172 0.009766 0.015625
0 0.977539 0.337891 0.029297 0.042969
1 0.885742 0.317383 0.001953 0.001953
0 0.862305 0.317383 0.001953 0.001953
0 0.721680 0.320312 0.005859 0.011719
1 0.316406 0.323242 0.062500 0.021484
1 0.014648 0.314453 0.001953 0.003906
1 0.499023 0.313477 0.009766 0.009766
1 0.134766 0.312500 0.007812 0.007812
0 0.811523 0.308594 0.005859 0.003906
1 0.183594 0.310547 0.027344 0.011719
1 0.020508 0.307617 0.005859 0.005859
0 0.930664 0.311523 0.013672 0.017578
0 0.750977 0.315430 0.029297 0.025391
0 0.703125 0.325195 0.023438 0.044922
0 0.791016 0.300781 0.003906 0.003906
1 0.877930 0.295898 0.001953 0.001953
1 0.114258 0.295898 0.009766 0.005859
1 0.878906 0.304688 0.015625 0.027344
0 0.821289 0.323242 0.064453 0.064453
0 0.647461 0.309570 0.025391 0.037109
1 0.416016 0.304688 0.054688 0.031250
1 0.339844 0.289062 0.007812 0.003906
1 0.542969 0.288086 0.003906 0.005859
0 0.709961 0.291992 0.021484 0.017578
1 0.569336 0.286133 0.013672 0.005859
1 0.213867 0.284180 0.001953 0.001953
1 0.206055 0.285156 0.001953 0.003906
0 0.457031 0.286133 0.019531 0.009766
0 0.679688 0.289062 0.023438 0.019531
1 0.095703 0.284180 0.007812 0.009766
0 0.781250 0.279297 0.011719 0.007812
1 0.897461 0.275391 0.001953 0.003906
1 0.231445 0.277344 0.009766 0.007812
1 0.360352 0.281250 0.021484 0.019531
1 0.211914 0.272461 0.009766 0.001953
1 0.148438 0.277344 0.011719 0.011719
0 0.824219 0.270508 0.007812 0.005859
0 0.797852 0.268555 0.001953 0.001953
1 0.225586 0.268555 0.005859 0.001953
1 0.508789 0.270508 0.009766 0.009766
1 0.975586 0.275391 0.009766 0.023438
0 0.464844 0.265625 0.007812 0.003906
1 0.419922 0.265625 0.007812 0.003906
1 0.375000 0.265625 0.007812 0.003906
0 0.846680 0.277344 0.025391 0.031250
1 0.389648 0.264648 0.017578 0.005859
1 0.130859 0.267578 0.011719 0.011719
0 0.751953 0.265625 0.011719 0.011719
1 0.889648 0.258789 0.001953 0.001953
1 0.135742 0.258789 0.001953 0.001953
1 0.219727 0.256836 0.001953 0.001953
1 0.051758 0.259766 0.009766 0.007812
1 0.273438 0.255859 0.003906 0.003906
1 0.124023 0.254883 0.001953 0.001953
0 0.815430 0.255859 0.005859 0.007812
1 0.119141 0.255859 0.011719 0.007812
1 0.995117 0.250000 0.001953 0.003906
0 0.433594 0.259766 0.019531 0.023438
1 0.364258 0.249023 0.001953 0.001953
1 0.257812 0.253906 0.023438 0.015625
1 0.230469 0.249023 0.007812 0.005859
0 0.774414 0.250977 0.029297 0.013672
1 0.362305 0.245117 0.001953 0.001953
1 0.237305 0.245117 0.001953 0.001953
0 0.843750 0.243164 0.003906 0.001953
1 0.358398 0.243164 0.001953 0.001953
1 0.210938 0.244141 0.003906 0.003906
0 0.934570 0.270508 0.029297 0.060547
1 0.371094 0.242188 0.003906 0.003906
1 0.364258 0.241211 0.001953 0.001953
1 0.249023 0.242188 0.001953 0.003906
1 0.106445 0.241211 0.005859 0.005859
0 0.808594 0.239258 0.007812 0.005859
0 0.456055 0.249023 0.021484 0.025391
1 0.264648 0.237305 0.001953 0.001953
1 0.192383 0.236328 0.005859 0.003906
0 0.872070 0.238281 0.017578 0.011719
0 0.482422 0.249023 0.019531 0.033203
1 0.356445 0.232422 0.001953 0.003906
1 0.110352 0.231445 0.001953 0.001953
0 0.829102 0.229492 0.001953 0.001953
0 0.500000 0.232422 0.003906 0.007812
1 0.269531 0.230469 0.011719 0.007812
0 0.741211 0.223633 0.005859 0.001953
0 0.482422 0.230469 0.023438 0.023438
1 0.101562 0.225586 0.011719 0.013672
0 0.787109 0.223633 0.023438 0.017578
0 0.511719 0.208984 0.003906 0.003906
0 0.711914 0.207031 0.009766 0.003906
0 0.662109 0.205078 0.003906 0.003906
1 0.173828 0.213867 0.023438 0.025391
1 0.211914 0.203125 0.005859 0.007812
0 0.943359 0.212891 0.019531 0.031250
0 0.841797 0.210938 0.062500 0.027344
1 0.274414 0.199219 0.005859 0.007812
1 0.161133 0.197266 0.001953 0.003906
0 0.649414 0.190430 0.001953 0.001953
0 0.529297 0.199219 0.019531 0.019531
1 0.815430 0.188477 0.001953 0.001953
1 0.223633 0.197266 0.009766 0.019531
1 0.448242 0.194336 0.029297 0.017578
1 0.327148 0.187500 0.001953 0.003906
1 0.321289 0.186523 0.001953 0.001953
1 0.000977 0.184570 0.001953 0.001953
1 0.232422 0.192383 0.011719 0.021484
0 0.705078 0.188477 0.031250 0.017578
1 0.283203 0.181641 0.003906 0.003906
1 0.159180 0.185547 0.005859 0.011719
1 0.126953 0.185547 0.023438 0.011719
1 0.032227 0.180664 0.001953 0.001953
0 0.736328 0.190430 0.019531 0.025391
1 0.000977 0.178711 0.001953 0.001953
0 0.574219 0.177734 0.011719 0.003906
1 0.473633 0.174805 0.005859 0.001953
1 0.279297 0.175781 0.003906 0.003906
0 0.506836 0.173828 0.001953 0.003906
1 0.027344 0.175781 0.003906 0.007812
1 0.497070 0.168945 0.001953 0.001953
0 0.727539 0.167969 0.009766 0.003906
0 0.517578 0.169922 0.003906 0.007812
1 0.275391 0.167969 0.007812 0.007812
1 0.856445 0.166992 0.021484 0.013672
0 0.689453 0.163086 0.007812 0.005859
1 0.033203 0.161133 0.003906 0.001953
1 0.993164 0.160156 0.005859 0.003906
1 0.951172 0.166992 0.015625 0.017578
1 0.467773 0.160156 0.005859 0.003906
1 0.862305 0.157227 0.001953 0.001953
1 0.868164 0.155273 0.001953 0.001953
1 0.934570 0.154297 0.009766 0.011719
0 0.716797 0.151367 0.015625 0.013672
0 0.068359 0.149414 0.011719 0.009766
0 0.674805 0.146484 0.005859 0.011719
0 0.816406 0.147461 0.027344 0.017578
0 0.500977 0.147461 0.005859 0.017578
1 0.461914 0.142578 0.005859 0.007812
0 0.709961 0.135742 0.001953 0.001953
1 0.388672 0.137695 0.003906 0.005859
1 0.877930 0.136719 0.009766 0.007812
0 0.704102 0.132812 0.005859 0.003906
0 0.479492 0.134766 0.001953 0.007812
1 0.115234 0.139648 0.015625 0.025391
1 0.878906 0.124023 0.003906 0.001953
1 0.388672 0.127930 0.011719 0.009766
1 0.256836 0.133789 0.021484 0.025391
0 0.088867 0.126953 0.005859 0.011719
0 0.651367 0.120117 0.001953 0.001953
0 0.474609 0.121094 0.003906 0.007812
0 0.053711 0.130859 0.033203 0.031250
1 0.898438 0.120117 0.019531 0.013672
1 0.210938 0.122070 0.011719 0.021484
1 0.293945 0.109375 0.009766 0.003906
1 0.276367 0.111328 0.009766 0.007812
0 0.029297 0.108398 0.003906 0.001953
0 0.025391 0.125000 0.011719 0.035156
0 0.044922 0.107422 0.007812 0.003906
1 0.237305 0.108398 0.009766 0.009766
1 0.022461 0.104492 0.001953 0.001953
1 0.934570 0.098633 0.001953 0.001953
0 0.691406 0.115234 0.015625 0.035156
0 0.666016 0.114258 0.015625 0.033203
0 0.145508 0.122070 0.025391 0.048828
0 0.076172 0.102539 0.011719 0.009766
0 0.060547 0.100586 0.007812 0.009766
1 0.996094 0.099609 0.007812 0.011719
0 0.461914 0.092773 0.001953 0.001953
1 0.239258 0.092773 0.005859 0.001953
1 0.915039 0.096680 0.021484 0.013672
1 0.253906 0.093750 0.003906 0.007812
1 0.954102 0.097656 0.025391 0.019531
1 0.241211 0.088867 0.001953 0.001953
0 0.140625 0.089844 0.007812 0.003906
0 0.532227 0.096680 0.009766 0.025391
1 0.456055 0.081055 0.001953 0.001953
1 0.315430 0.086914 0.013672 0.013672
1 0.859375 0.090820 0.035156 0.025391
0 0.637695 0.079102 0.001953 0.001953
0 0.768555 0.132812 0.107422 0.113281
0 0.077148 0.086914 0.017578 0.021484
0 0.067383 0.075195 0.001953 0.001953
1 0.310547 0.074219 0.003906 0.003906
0 0.043945 0.083008 0.009766 0.021484
1 0.950195 0.069336 0.013672 0.009766
1 0.132812 0.067383 0.007812 0.005859
1 0.121094 0.068359 0.007812 0.007812
0 0.815430 0.061523 0.001953 0.001953
1 0.208984 0.077148 0.015625 0.033203
0 0.291992 0.060547 0.001953 0.003906
1 0.122070 0.060547 0.009766 0.003906
0 0.066406 0.060547 0.003906 0.003906
1 0.837891 0.059570 0.027344 0.009766
1 0.446289 0.055664 0.001953 0.001953
1 0.429688 0.058594 0.007812 0.007812
0 0.057617 0.055664 0.001953 0.001953
0 0.042969 0.060547 0.007812 0.011719
1 0.444336 0.051758 0.001953 0.001953
1 0.426758 0.051758 0.001953 0.001953
0 0.280273 0.053711 0.017578 0.013672
1 0.899414 0.053711 0.009766 0.017578
0 0.649414 0.064453 0.041016 0.042969
0 0.274414 0.041992 0.001953 0.001953
0 0.530273 0.041016 0.001953 0.003906
0 0.278320 0.041992 0.001953 0.005859
1 0.035156 0.041016 0.003906 0.003906
0 0.597656 0.146484 0.160156 0.226562
0 0.535156 0.034180 0.003906 0.001953
1 0.316406 0.038086 0.007812 0.009766
0 0.290039 0.035156 0.005859 0.007812
1 0.494141 0.035156 0.003906 0.011719
0 0.664062 0.030273 0.003906 0.005859
1 0.453125 0.029297 0.007812 0.007812
1 0.056641 0.024414 0.003906 0.001953
0 0.715820 0.022461 0.001953 0.001953
1 0.068359 0.023438 0.007812 0.003906
0 0.544922 0.021484 0.003906 0.003906
1 0.377930 0.029297 0.013672 0.019531
1 0.226562 0.029297 0.019531 0.023438
1 0.838867 0.016602 0.001953 0.001953
0 0.615234 0.031250 0.054688 0.031250
1 0.445312 0.020508 0.007812 0.009766
0 0.895508 0.024414 0.017578 0.021484
1 0.025391 0.020508 0.023438 0.013672
1 0.592773 0.012695 0.009766 0.005859
0 0.541016 0.010742 0.003906 0.001953
1 0.250977 0.010742 0.001953 0.001953
0 0.744141 0.071289 0.183594 0.126953
1 0.255859 0.014648 0.007812 0.013672
1 0.206055 0.006836 0.001953 0.001953
1 0.415039 0.004883 0.001953 0.001953
1 0.153320 0.013672 0.017578 0.019531
1 0.099609 0.013672 0.019531 0.019531
0 0.771484 0.035156 0.046875 0.066406
1 0.886719 0.002930 0.015625 0.005859
0 0.819336 0.002930 0.005859 0.005859
0 0.806641 0.023438 0.042969 0.046875
0 0.686523 0.006836 0.029297 0.013672
0 0.643555 0.007812 0.009766 0.015625
1 0.573242 0.002930 0.013672 0.005859
0 0.551758 0.004883 0.009766 0.009766
1 0.517578 0.002930 0.007812 0.005859
0 0.470703 0.003906 0.019531 0.007812
1 0.435547 0.006836 0.011719 0.013672
0 0.271484 0.002930 0.011719 0.005859
1 0.198242 0.007812 0.021484 0.015625
1 0.107422 0.000977 0.003906 0.001953
3 0.993164 0.907227 0.001953 0.001953
3 0.999023 0.900391 0.001953 0.003906
2 0.999023 0.661133 0.001953 0.001953
2 0.997070 0.446289 0.005859 0.009766
2 0.993164 0.440430 0.001953 0.001953
2 0.993164 0.418945 0.013672 0.013672
3 0.500000 0.500000 1.000000 1.000000