0 0.364258 0.995117 0.001953 0.001953
0 0.668945 0.996094 0.029297 0.007812
1 0.383789 0.996094 0.025391 0.007812
0 0.376953 0.991211 0.003906 0.001953
1 0.428711 0.989258 0.001953 0.001953
1 0.985352 0.989258 0.005859 0.005859
0 0.574219 0.992188 0.011719 0.011719
1 0.424805 0.987305 0.001953 0.001953
1 0.333008 0.987305 0.001953 0.001953
0 0.586914 0.983398 0.001953 0.001953
1 0.829102 0.981445 0.001953 0.001953
0 0.446289 0.981445 0.001953 0.001953
1 0.422852 0.979492 0.001953 0.001953
1 0.908203 0.984375 0.023438 0.015625
1 0.895508 0.973633 0.001953 0.001953
0 0.359375 0.986328 0.046875 0.027344
1 0.417969 0.975586 0.003906 0.009766
0 0.836914 0.969727 0.001953 0.001953
1 0.895508 0.967773 0.001953 0.001953
1 0.891602 0.965820 0.001953 0.001953
1 0.362305 0.968750 0.001953 0.007812
0 0.385742 0.967773 0.009766 0.009766
0 0.404297 0.962891 0.003906 0.003906
1 0.709961 0.959961 0.001953 0.001953
1 0.696289 0.959961 0.001953 0.001953
0 0.994141 0.965820 0.011719 0.017578
0 0.401367 0.958984 0.001953 0.003906
0 0.608398 0.977539 0.060547 0.044922
0 0.387695 0.958008 0.009766 0.005859
0 0.456055 0.948242 0.001953 0.001953
0 0.432617 0.964844 0.052734 0.035156
0 0.492188 0.972656 0.078125 0.054688
0 0.436523 0.946289 0.001953 0.001953
0 0.395508 0.946289 0.001953 0.005859
0 0.520508 0.946289 0.013672 0.009766
1 0.125977 0.942383 0.001953 0.001953
1 0.020508 0.945312 0.005859 0.007812
1 0.924805 0.958008 0.072266 0.041016
1 0.756836 0.939453 0.001953 0.003906
1 0.143555 0.936523 0.005859 0.001953
1 0.143555 0.930664 0.001953 0.001953
0 0.052734 0.929688 0.003906 0.003906
1 0.615234 0.926758 0.011719 0.005859
1 0.604492 0.924805 0.005859 0.001953
1 0.598633 0.924805 0.001953 0.001953
0 0.442383 0.924805 0.001953 0.001953
1 0.693359 0.927734 0.023438 0.015625
1 0.998047 0.918945 0.003906 0.005859
1 0.569336 0.927734 0.021484 0.023438
0 0.487305 0.915039 0.001953 0.001953
1 0.961914 0.913086 0.001953 0.001953
1 0.956055 0.918945 0.021484 0.013672
0 0.893555 0.914062 0.001953 0.003906
1 0.990234 0.916992 0.019531 0.021484
1 0.999023 0.905273 0.001953 0.001953
0 0.903320 0.905273 0.001953 0.001953
0 0.962891 0.905273 0.003906 0.005859
0 0.840820 0.903320 0.001953 0.001953
1 0.981445 0.901367 0.005859 0.005859
1 0.972656 0.911133 0.011719 0.025391
1 0.989258 0.897461 0.001953 0.001953
1 0.992188 0.886719 0.003906 0.003906
0 0.806641 0.885742 0.003906 0.001953
0 0.797852 0.885742 0.001953 0.001953
0 0.793945 0.885742 0.001953 0.001953
0 0.354492 0.885742 0.001953 0.001953
0 0.825195 0.894531 0.052734 0.023438
0 0.899414 0.894531 0.048828 0.039062
0 0.364258 0.875977 0.001953 0.001953
0 0.362305 0.872070 0.001953 0.001953
0 0.844727 0.868164 0.001953 0.001953
0 0.957031 0.873047 0.042969 0.023438
0 0.059570 0.862305 0.001953 0.001953
0 0.737305 0.860352 0.001953 0.001953
0 0.362305 0.860352 0.001953 0.001953
0 0.064453 0.862305 0.003906 0.005859
0 0.995117 0.858398 0.001953 0.001953
0 0.370117 0.858398 0.001953 0.001953
0 0.179688 0.858398 0.003906 0.001953
0 0.385742 0.856445 0.001953 0.001953
0 0.846680 0.862305 0.029297 0.017578
0 0.735352 0.852539 0.001953 0.001953
0 0.401367 0.852539 0.001953 0.001953
0 0.385742 0.852539 0.001953 0.001953
0 0.380859 0.853516 0.003906 0.003906
0 0.860352 0.850586 0.001953 0.001953
0 0.249023 0.850586 0.001953 0.001953
0 0.727539 0.850586 0.009766 0.005859
0 0.399414 0.848633 0.001953 0.001953
0 0.258789 0.848633 0.001953 0.001953
0 0.252930 0.848633 0.001953 0.001953
1 0.382812 0.846680 0.007812 0.005859
0 0.000977 0.846680 0.001953 0.005859
0 0.842773 0.846680 0.005859 0.009766
0 0.887695 0.840820 0.001953 0.001953
0 0.760742 0.836914 0.001953 0.001953
0 0.858398 0.839844 0.013672 0.011719
0 0.764648 0.831055 0.001953 0.001953
0 0.759766 0.832031 0.003906 0.003906
1 0.086914 0.831055 0.001953 0.001953
1 0.073242 0.827148 0.001953 0.001953
1 0.065430 0.827148 0.001953 0.001953
0 0.659180 0.826172 0.005859 0.003906
0 0.194336 0.825195 0.001953 0.001953
0 0.247070 0.821289 0.001953 0.001953
0 0.450195 0.819336 0.001953 0.001953
1 0.106445 0.820312 0.001953 0.003906
1 0.099609 0.820312 0.007812 0.003906
1 0.059570 0.829102 0.025391 0.021484
1 0.364258 0.817383 0.001953 0.001953
0 0.184570 0.813477 0.001953 0.001953
0 0.894531 0.814453 0.007812 0.007812
1 0.048828 0.811523 0.003906 0.001953
0 0.688477 0.809570 0.001953 0.005859
1 0.049805 0.807617 0.001953 0.001953
0 0.759766 0.815430 0.023438 0.025391
0 0.445312 0.808594 0.007812 0.011719
1 0.442383 0.803711 0.001953 0.001953
0 0.215820 0.801758 0.001953 0.001953
0 0.755859 0.799805 0.003906 0.005859
0 0.680664 0.797852 0.001953 0.001953
1 0.718750 0.796875 0.003906 0.003906
0 0.903320 0.793945 0.001953 0.001953
0 0.248047 0.815430 0.058594 0.048828
0 0.192383 0.784180 0.005859 0.001953
1 0.676758 0.780273 0.001953 0.001953
0 0.384766 0.781250 0.003906 0.003906
0 0.387695 0.778320 0.001953 0.001953
0 0.144531 0.780273 0.007812 0.009766
0 0.387695 0.774414 0.001953 0.001953
0 0.383789 0.774414 0.001953 0.001953
1 0.417969 0.787109 0.027344 0.031250
0 0.793945 0.789062 0.048828 0.039062
0 0.774414 0.773438 0.009766 0.007812
1 0.487305 0.770508 0.001953 0.001953
0 0.483398 0.770508 0.001953 0.001953
0 0.266602 0.771484 0.005859 0.003906
1 0.493164 0.766602 0.001953 0.001953
1 0.749023 0.765625 0.005859 0.003906
1 0.698242 0.764648 0.001953 0.001953
0 0.682617 0.765625 0.001953 0.003906
1 0.472656 0.766602 0.015625 0.009766
0 0.753906 0.759766 0.003906 0.003906
0 0.682617 0.754883 0.001953 0.001953
1 0.458984 0.761719 0.023438 0.015625
0 0.106445 0.754883 0.001953 0.001953
0 0.047852 0.752930 0.001953 0.001953
0 0.768555 0.752930 0.005859 0.005859
1 0.077148 0.750977 0.001953 0.001953
0 0.110352 0.749023 0.001953 0.001953
0 0.043945 0.749023 0.005859 0.001953
0 0.055664 0.747070 0.001953 0.001953
0 0.690430 0.750000 0.017578 0.011719
0 0.801758 0.743164 0.001953 0.001953
0 0.700195 0.743164 0.001953 0.001953
1 0.463867 0.743164 0.001953 0.001953
0 0.456055 0.743164 0.001953 0.001953
0 0.447266 0.748047 0.011719 0.011719
1 0.173828 0.745117 0.003906 0.005859
1 0.810547 0.748047 0.003906 0.015625
1 0.913086 0.739258 0.001953 0.001953
1 0.464844 0.739258 0.003906 0.001953
1 0.166992 0.739258 0.001953 0.001953
0 0.230469 0.764648 0.101562 0.056641
0 0.842773 0.735352 0.001953 0.001953
1 0.290039 0.735352 0.001953 0.001953
0 0.123047 0.735352 0.003906 0.001953
0 0.838867 0.731445 0.001953 0.001953
1 0.799805 0.729492 0.001953 0.001953
0 0.757812 0.735352 0.007812 0.013672
0 0.690430 0.730469 0.005859 0.003906
0 0.951172 0.791992 0.097656 0.130859
0 0.764648 0.727539 0.001953 0.001953
0 0.760742 0.725586 0.001953 0.001953
0 0.999023 0.723633 0.001953 0.001953
0 0.958008 0.723633 0.001953 0.001953
1 0.791992 0.731445 0.009766 0.017578
0 0.964844 0.721680 0.007812 0.005859
0 0.032227 0.719727 0.001953 0.001953
1 0.181641 0.718750 0.011719 0.007812
0 0.543945 0.713867 0.001953 0.001953
0 0.423828 0.719727 0.011719 0.013672
0 0.963867 0.711914 0.001953 0.001953
0 0.046875 0.729492 0.035156 0.037109
1 0.997070 0.709961 0.001953 0.001953
0 0.527344 0.710938 0.003906 0.003906
0 0.523438 0.708008 0.003906 0.001953
0 0.394531 0.708984 0.003906 0.003906
1 0.190430 0.708008 0.001953 0.001953
0 0.047852 0.708008 0.001953 0.001953
0 0.760742 0.706055 0.001953 0.001953
1 0.258789 0.708008 0.005859 0.005859
1 0.184570 0.706055 0.001953 0.001953
0 0.545898 0.704102 0.001953 0.001953
1 0.795898 0.702148 0.001953 0.001953
0 0.730469 0.735352 0.050781 0.068359
0 0.549805 0.702148 0.001953 0.001953
0 0.046875 0.703125 0.003906 0.003906
0 0.388672 0.703125 0.007812 0.007812
0 0.379883 0.702148 0.005859 0.005859
1 0.213867 0.696289 0.001953 0.001953
0 0.046875 0.697266 0.003906 0.003906
1 0.108398 0.694336 0.001953 0.001953
0 0.553711 0.690430 0.001953 0.001953
1 0.198242 0.703125 0.025391 0.027344
0 0.445312 0.688477 0.003906 0.001953
0 0.071289 0.687500 0.001953 0.003906
1 0.764648 0.684570 0.001953 0.001953
0 0.085938 0.716797 0.046875 0.066406
1 0.747070 0.686523 0.009766 0.009766
1 0.200195 0.682617 0.001953 0.001953
0 0.206055 0.680664 0.001953 0.001953
0 0.777344 0.702148 0.031250 0.048828
0 0.186523 0.678711 0.001953 0.001953
0 0.875000 0.677734 0.003906 0.003906
0 0.769531 0.678711 0.003906 0.005859
0 0.818359 0.676758 0.003906 0.005859
0 0.633789 0.674805 0.001953 0.001953
0 0.200195 0.674805 0.001953 0.001953
0 0.177734 0.674805 0.003906 0.001953
1 0.729492 0.672852 0.001953 0.001953
0 0.206055 0.672852 0.001953 0.001953
0 0.202148 0.670898 0.001953 0.001953
0 0.184570 0.670898 0.005859 0.005859
1 0.425781 0.666016 0.003906 0.003906
0 0.415039 0.665039 0.001953 0.001953
0 0.579102 0.657227 0.001953 0.001953
0 0.140625 0.669922 0.062500 0.027344
0 0.596680 0.653320 0.001953 0.001953
0 0.543945 0.655273 0.001953 0.005859
0 0.953125 0.652344 0.003906 0.003906
0 0.790039 0.651367 0.001953 0.001953
0 0.965820 0.649414 0.001953 0.001953
0 0.651367 0.647461 0.001953 0.001953
0 0.590820 0.647461 0.001953 0.001953
0 0.586914 0.648438 0.001953 0.003906
0 0.543945 0.647461 0.001953 0.001953
0 0.821289 0.643555 0.001953 0.001953
0 0.782227 0.643555 0.001953 0.001953
0 0.887695 0.637695 0.001953 0.001953
0 0.545898 0.640625 0.005859 0.007812
0 0.693359 0.635742 0.003906 0.001953
0 0.799805 0.644531 0.025391 0.023438
0 0.791992 0.631836 0.001953 0.001953
0 0.770508 0.631836 0.001953 0.001953
0 0.619141 0.645508 0.046875 0.029297
0 0.885742 0.630859 0.001953 0.003906
0 0.801758 0.629883 0.001953 0.001953
0 0.777344 0.631836 0.007812 0.009766
0 0.614258 0.627930 0.001953 0.001953
0 0.167969 0.627930 0.003906 0.001953
0 0.674805 0.625977 0.001953 0.001953
0 0.668945 0.628906 0.009766 0.011719
0 0.932617 0.621094 0.005859 0.007812
1 0.995117 0.610352 0.001953 0.001953
0 0.247070 0.610352 0.001953 0.001953
0 0.579102 0.608398 0.001953 0.001953
0 0.604492 0.606445 0.001953 0.001953
0 0.962891 0.656250 0.074219 0.105469
0 0.528320 0.602539 0.001953 0.001953
0 0.000977 0.602539 0.001953 0.001953
1 0.856445 0.599609 0.001953 0.003906
0 0.598633 0.600586 0.005859 0.005859
0 0.978516 0.598633 0.011719 0.005859
0 0.609375 0.600586 0.003906 0.009766
0 0.258789 0.596680 0.001953 0.001953
0 0.845703 0.585938 0.003906 0.007812
1 0.868164 0.577148 0.013672 0.013672
0 0.606445 0.571289 0.001953 0.001953
1 0.723633 0.568359 0.001953 0.003906
0 0.996094 0.563477 0.007812 0.009766
0 0.629883 0.557617 0.001953 0.001953
0 0.625977 0.559570 0.001953 0.005859
0 0.616211 0.562500 0.013672 0.011719
1 0.417969 0.554688 0.003906 0.003906
0 0.721680 0.547852 0.001953 0.001953
0 0.967773 0.547852 0.005859 0.005859
0 0.991211 0.543945 0.001953 0.001953
0 0.983398 0.543945 0.001953 0.001953
0 0.976562 0.543945 0.007812 0.005859
0 0.990234 0.537109 0.003906 0.003906
0 0.937500 0.537109 0.003906 0.003906
0 0.927734 0.536133 0.003906 0.001953
0 0.922852 0.536133 0.001953 0.001953
1 0.635742 0.534180 0.001953 0.001953
1 0.860352 0.532227 0.001953 0.001953
0 0.811523 0.530273 0.001953 0.001953
1 0.652344 0.530273 0.003906 0.001953
0 0.930664 0.530273 0.013672 0.005859
1 0.700195 0.520508 0.001953 0.001953
1 0.693359 0.525391 0.007812 0.011719
1 0.705078 0.515625 0.003906 0.003906
0 0.024414 0.511719 0.005859 0.007812
1 0.657227 0.506836 0.001953 0.001953
1 0.657227 0.502930 0.001953 0.001953
0 0.161133 0.502930 0.001953 0.001953
0 0.157227 0.502930 0.001953 0.001953
0 0.794922 0.503906 0.011719 0.007812
1 0.703125 0.498047 0.003906 0.003906
0 0.615234 0.498047 0.003906 0.003906
0 0.364258 0.495117 0.001953 0.001953
0 0.012695 0.505859 0.017578 0.027344
1 0.700195 0.492188 0.001953 0.003906
1 0.691406 0.492188 0.003906 0.003906
0 0.172852 0.491211 0.001953 0.001953
0 0.167969 0.493164 0.003906 0.005859
1 0.999023 0.490234 0.001953 0.003906
0 0.173828 0.487305 0.003906 0.001953
0 0.462891 0.482422 0.007812 0.003906
1 0.915039 0.477539 0.001953 0.001953
0 0.565430 0.475586 0.001953 0.001953
0 0.565430 0.465820 0.001953 0.001953
1 0.995117 0.461914 0.001953 0.001953
1 0.555664 0.460938 0.009766 0.003906
0 0.411133 0.452148 0.001953 0.001953
0 0.913086 0.450195 0.001953 0.001953
1 0.733398 0.450195 0.001953 0.001953
1 0.435547 0.453125 0.003906 0.007812
0 0.371094 0.451172 0.003906 0.003906
0 0.375000 0.474609 0.089844 0.054688
0 0.375977 0.448242 0.001953 0.001953
0 0.556641 0.443359 0.003906 0.003906
1 0.431641 0.435547 0.003906 0.003906
0 0.599609 0.431641 0.003906 0.003906
0 0.241211 0.430664 0.001953 0.001953
0 0.680664 0.428711 0.001953 0.001953
1 0.437500 0.426758 0.003906 0.001953
1 0.423828 0.426758 0.003906 0.001953
0 0.251953 0.459961 0.082031 0.072266
0 0.223633 0.424805 0.001953 0.001953
0 0.301758 0.422852 0.001953 0.001953
0 0.580078 0.439453 0.042969 0.050781
0 0.460938 0.419922 0.011719 0.011719
0 0.211914 0.415039 0.001953 0.001953
0 0.508789 0.407227 0.001953 0.001953
0 0.276367 0.405273 0.001953 0.001953
0 0.348633 0.403320 0.001953 0.001953
0 0.883789 0.401367 0.001953 0.001953
1 0.686523 0.397461 0.001953 0.001953
0 0.512695 0.395508 0.001953 0.001953
0 0.500977 0.395508 0.001953 0.001953
0 0.860352 0.393555 0.001953 0.001953
1 0.824219 0.395508 0.007812 0.009766
1 0.706055 0.391602 0.001953 0.001953
0 0.863281 0.383789 0.003906 0.001953
0 0.468750 0.383789 0.003906 0.001953
1 0.315430 0.375977 0.001953 0.001953
1 0.830078 0.375000 0.003906 0.003906
0 0.470703 0.375977 0.007812 0.009766
0 0.473633 0.370117 0.001953 0.001953
0 0.361328 0.404297 0.187500 0.074219
1 0.844727 0.366211 0.001953 0.001953
1 0.832031 0.368164 0.003906 0.005859
1 0.823242 0.362305 0.001953 0.001953
0 0.247070 0.362305 0.001953 0.001953
1 0.710938 0.362305 0.003906 0.005859
0 0.006836 0.374023 0.013672 0.041016
1 0.867188 0.344727 0.003906 0.001953
0 0.352539 0.337891 0.001953 0.003906
0 0.043945 0.333008 0.001953 0.001953
0 0.894531 0.323242 0.003906 0.001953
0 0.895508 0.319336 0.001953 0.001953
0 0.368164 0.319336 0.001953 0.001953
0 0.690430 0.313477 0.001953 0.001953
0 0.331055 0.342773 0.041016 0.064453
0 0.678711 0.307617 0.001953 0.001953
0 0.228516 0.303711 0.003906 0.001953
1 0.716797 0.302734 0.003906 0.003906
0 0.746094 0.299805 0.007812 0.009766
1 0.685547 0.302734 0.007812 0.015625
0 0.674805 0.291992 0.001953 0.001953
0 0.010742 0.285156 0.001953 0.003906
1 0.716797 0.289062 0.007812 0.019531
0 0.526367 0.262695 0.001953 0.001953
1 0.981445 0.260742 0.001953 0.001953
0 0.584961 0.258789 0.001953 0.001953
0 0.569336 0.255859 0.009766 0.003906
0 0.551758 0.263672 0.021484 0.019531
0 0.702148 0.250977 0.001953 0.001953
0 0.683594 0.271484 0.039062 0.046875
0 0.508789 0.270508 0.041016 0.044922
0 0.545898 0.239258 0.001953 0.001953
0 0.024414 0.278320 0.048828 0.103516
0 0.157227 0.225586 0.001953 0.001953
0 0.485352 0.221680 0.001953 0.001953
0 0.227539 0.219727 0.001953 0.001953
0 0.047852 0.211914 0.001953 0.001953
0 0.862305 0.209961 0.005859 0.017578
0 0.468750 0.201172 0.003906 0.003906
1 0.741211 0.220703 0.013672 0.050781
0 0.469727 0.196289 0.001953 0.001953
0 0.151367 0.333008 0.302734 0.294922
0 0.432617 0.189453 0.009766 0.011719
0 0.424805 0.184570 0.001953 0.001953
0 0.922852 0.180664 0.001953 0.001953
0 0.060547 0.192383 0.027344 0.033203
1 0.113281 0.179688 0.011719 0.011719
1 0.106445 0.174805 0.001953 0.001953
1 0.877930 0.169922 0.001953 0.003906
0 0.479492 0.163086 0.001953 0.001953
0 0.463867 0.173828 0.041016 0.035156
0 0.457031 0.153320 0.003906 0.001953
0 0.729492 0.149414 0.001953 0.001953
0 0.010742 0.149414 0.001953 0.001953
0 0.150391 0.147461 0.003906 0.005859
0 0.915039 0.159180 0.025391 0.033203
1 0.735352 0.143555 0.001953 0.001953
0 0.013672 0.159180 0.027344 0.033203
0 0.916992 0.139648 0.001953 0.001953
0 0.819336 0.137695 0.001953 0.001953
1 0.067383 0.135742 0.001953 0.001953
0 0.366211 0.129883 0.001953 0.001953
1 0.969727 0.125977 0.001953 0.001953
1 0.750977 0.126953 0.005859 0.003906
0 0.049805 0.141602 0.037109 0.037109
1 0.766602 0.112305 0.001953 0.001953
0 0.146484 0.108398 0.019531 0.017578
0 0.928711 0.098633 0.001953 0.001953
0 0.133789 0.090820 0.001953 0.001953
1 0.129883 0.089844 0.001953 0.003906
0 0.135742 0.092773 0.005859 0.013672
0 0.433594 0.084961 0.003906 0.001953
0 0.145508 0.084961 0.005859 0.001953
0 0.850586 0.083008 0.001953 0.001953
0 0.518555 0.081055 0.001953 0.001953
0 0.137695 0.082031 0.001953 0.003906
1 0.442383 0.078125 0.005859 0.003906
1 0.433594 0.078125 0.007812 0.007812
0 0.410156 0.079102 0.015625 0.009766
0 0.866211 0.073242 0.001953 0.001953
0 0.002930 0.078125 0.005859 0.011719
0 0.563477 0.071289 0.001953 0.001953
0 0.549805 0.071289 0.001953 0.001953
1 0.465820 0.071289 0.001953 0.001953
1 0.423828 0.071289 0.003906 0.001953
0 0.565430 0.067383 0.001953 0.001953
0 0.556641 0.067383 0.007812 0.005859
1 0.436523 0.065430 0.001953 0.001953
0 0.200195 0.069336 0.017578 0.013672
0 0.161133 0.066406 0.013672 0.011719
0 0.559570 0.057617 0.001953 0.001953
0 0.164062 0.057617 0.003906 0.001953
1 0.045898 0.055664 0.001953 0.001953
0 0.255859 0.058594 0.027344 0.019531
1 0.382812 0.050781 0.007812 0.007812
1 0.374023 0.045898 0.001953 0.001953
1 0.952148 0.042969 0.005859 0.003906
0 0.945312 0.042969 0.003906 0.003906
1 0.376953 0.042969 0.003906 0.003906
0 0.939453 0.038086 0.003906 0.001953
1 0.375977 0.038086 0.001953 0.001953
1 0.372070 0.038086 0.001953 0.001953
1 0.947266 0.037109 0.007812 0.003906
0 0.932617 0.033203 0.005859 0.007812
0 0.521484 0.032227 0.003906 0.005859
0 0.158203 0.034180 0.011719 0.013672
0 0.627930 0.026367 0.001953 0.001953
0 0.055664 0.020508 0.001953 0.001953
1 0.001953 0.021484 0.003906 0.003906
1 0.940430 0.025391 0.017578 0.015625
0 0.929688 0.019531 0.003906 0.003906
0 0.809570 0.031250 0.044922 0.027344
0 0.793945 0.018555 0.001953 0.001953
0 0.924805 0.016602 0.001953 0.001953
0 0.776367 0.020508 0.017578 0.009766
0 0.662109 0.009766 0.007812 0.003906
0 0.993164 0.002930 0.001953 0.001953
0 0.653320 0.002930 0.001953 0.001953
0 0.500000 0.500000 1.000000 1.000000
0 0.885742 0.000977 0.001953 0.001953
0 0.728516 0.001953 0.011719 0.003906
0 0.666016 0.003906 0.019531 0.007812
0 0.637695 0.000977 0.001953 0.001953
0 0.511719 0.065430 0.238281 0.130859
0 0.327148 0.025391 0.041016 0.050781
0 0.294922 0.002930 0.015625 0.005859
1 0.062500 0.043945 0.125000 0.087891
2 0.635742 0.999023 0.001953 0.001953
2 0.243164 0.999023 0.001953 0.001953
2 0.524414 0.997070 0.001953 0.001953
2 0.624023 0.997070 0.017578 0.005859
2 0.143555 0.995117 0.001953 0.001953
2 0.459961 0.983398 0.001953 0.001953
2 0.795898 0.973633 0.001953 0.001953
2 0.480469 0.975586 0.007812 0.005859
2 0.600586 0.967773 0.001953 0.001953
3 0.809570 0.964844 0.005859 0.003906
2 0.803711 0.952148 0.001953 0.001953
3 0.079102 0.940430 0.001953 0.001953
2 0.176758 0.930664 0.001953 0.001953
2 0.171875 0.929688 0.003906 0.003906
2 0.321289 0.915039 0.001953 0.001953
3 0.135742 0.957031 0.064453 0.085938
3 0.040039 0.956055 0.080078 0.087891
2 0.321289 0.911133 0.001953 0.001953
2 0.319336 0.907227 0.001953 0.001953
2 0.606445 0.905273 0.001953 0.001953
3 0.323242 0.905273 0.001953 0.001953
2 0.314453 0.906250 0.003906 0.003906
2 0.223633 0.905273 0.001953 0.001953
3 0.323242 0.901367 0.001953 0.001953
3 0.317383 0.901367 0.005859 0.005859
2 0.649414 0.893555 0.001953 0.001953
2 0.668945 0.890625 0.005859 0.003906
2 0.661133 0.889648 0.005859 0.001953
2 0.367188 0.885742 0.003906 0.001953
2 0.409180 0.883789 0.001953 0.001953
2 0.211914 0.883789 0.001953 0.005859
2 0.650391 0.884766 0.007812 0.011719
2 0.416016 0.880859 0.007812 0.007812
2 0.784180 0.875977 0.001953 0.001953
2 0.790039 0.874023 0.001953 0.001953
3 0.241211 0.934570 0.103516 0.126953
2 0.260742 0.870117 0.001953 0.001953
2 0.241211 0.870117 0.001953 0.001953
2 0.237305 0.870117 0.001953 0.001953
2 0.153320 0.870117 0.001953 0.001953
2 0.516602 0.868164 0.001953 0.001953
2 0.780273 0.866211 0.001953 0.001953
2 0.762695 0.866211 0.001953 0.001953
2 0.079102 0.866211 0.001953 0.001953
2 0.776367 0.873047 0.013672 0.027344
2 0.256836 0.860352 0.001953 0.001953
2 0.803711 0.858398 0.001953 0.001953
2 0.265625 0.856445 0.003906 0.001953
2 0.440430 0.861328 0.029297 0.019531
2 0.267578 0.852539 0.003906 0.001953
2 0.484375 0.846680 0.003906 0.001953
2 0.965820 0.844727 0.001953 0.001953
2 0.489258 0.844727 0.001953 0.001953
2 0.495117 0.842773 0.001953 0.001953
2 0.471680 0.842773 0.029297 0.013672
2 0.178711 0.836914 0.001953 0.001953
2 0.288086 0.835938 0.001953 0.003906
3 0.631836 0.833008 0.001953 0.001953
2 0.176758 0.833008 0.001953 0.001953
2 0.485352 0.831055 0.001953 0.001953
2 0.636719 0.832031 0.003906 0.007812
2 0.206055 0.829102 0.001953 0.001953
3 0.510742 0.827148 0.001953 0.001953
2 0.629883 0.825195 0.001953 0.001953
2 0.498047 0.832031 0.019531 0.019531
2 0.349609 0.825195 0.007812 0.005859
2 0.672852 0.821289 0.001953 0.001953
3 0.629883 0.817383 0.001953 0.001953
2 0.530273 0.817383 0.001953 0.001953
2 0.668945 0.815430 0.001953 0.005859
2 0.471680 0.814453 0.001953 0.003906
2 0.682617 0.812500 0.001953 0.003906
2 0.163086 0.811523 0.001953 0.001953
2 0.471680 0.809570 0.001953 0.001953
2 0.196289 0.810547 0.001953 0.003906
2 0.668945 0.808594 0.001953 0.003906
2 0.612305 0.797852 0.001953 0.001953
2 0.460938 0.798828 0.003906 0.003906
2 0.897461 0.788086 0.001953 0.001953
2 0.874023 0.788086 0.001953 0.001953
2 0.940430 0.788086 0.001953 0.005859
2 0.889648 0.784180 0.001953 0.001953
2 0.890625 0.779297 0.003906 0.003906
2 0.963867 0.774414 0.001953 0.001953
2 0.971680 0.774414 0.001953 0.005859
2 0.648438 0.778320 0.027344 0.013672
2 0.631836 0.772461 0.001953 0.001953
2 0.969727 0.767578 0.001953 0.003906
2 0.579102 0.833984 0.130859 0.136719
2 0.965820 0.758789 0.001953 0.001953
2 0.837891 0.757812 0.003906 0.003906
3 0.631836 0.756836 0.001953 0.001953
2 0.955078 0.766602 0.019531 0.037109
2 0.954102 0.750000 0.001953 0.003906
2 0.613281 0.754883 0.035156 0.029297
2 0.562500 0.731445 0.003906 0.001953
2 0.387695 0.731445 0.001953 0.001953
2 0.565430 0.727539 0.001953 0.001953
2 0.557617 0.727539 0.001953 0.001953
2 0.580078 0.733398 0.023438 0.029297
2 0.829102 0.717773 0.001953 0.001953
2 0.304688 0.708984 0.003906 0.003906
2 0.340820 0.704102 0.001953 0.001953
2 0.942383 0.702148 0.001953 0.001953
2 0.671875 0.701172 0.007812 0.003906
2 0.337891 0.699219 0.003906 0.003906
2 0.317383 0.692383 0.001953 0.001953
2 0.964844 0.684570 0.003906 0.005859
2 0.994141 0.685547 0.011719 0.011719
2 0.581055 0.681641 0.001953 0.003906
2 0.997070 0.676758 0.001953 0.001953
2 0.993164 0.674805 0.001953 0.005859
2 0.278320 0.672852 0.001953 0.001953
2 0.653320 0.668945 0.001953 0.001953
2 0.649414 0.666992 0.001953 0.001953
2 0.750977 0.663086 0.001953 0.001953
2 0.959961 0.655273 0.001953 0.001953
2 0.189453 0.656250 0.003906 0.003906
2 0.272461 0.653320 0.001953 0.001953
2 0.272461 0.649414 0.001953 0.001953
2 0.300781 0.644531 0.003906 0.003906
2 0.715820 0.637695 0.001953 0.001953
2 0.711914 0.633789 0.001953 0.001953
2 0.708008 0.631836 0.001953 0.001953
2 0.873047 0.629883 0.003906 0.005859
2 0.260742 0.629883 0.005859 0.009766
2 0.740234 0.619141 0.003906 0.003906
2 0.701172 0.616211 0.007812 0.009766
2 0.295898 0.608398 0.001953 0.001953
2 0.586914 0.801758 0.619141 0.396484
2 0.284180 0.604492 0.001953 0.001953
2 0.768555 0.598633 0.009766 0.005859
2 0.305664 0.594727 0.001953 0.001953
2 0.286133 0.599609 0.025391 0.027344
2 0.584961 0.583008 0.001953 0.001953
2 0.290039 0.583008 0.001953 0.001953
2 0.715820 0.580078 0.009766 0.011719
2 0.784180 0.578125 0.017578 0.019531
2 0.833008 0.551758 0.001953 0.001953
2 0.809570 0.551758 0.001953 0.001953
2 0.659180 0.547852 0.001953 0.001953
2 0.811523 0.541992 0.001953 0.001953
3 0.665039 0.536133 0.005859 0.005859
3 0.791016 0.541992 0.027344 0.052734
2 0.858398 0.504883 0.001953 0.001953
2 0.584961 0.507812 0.001953 0.007812
2 0.588867 0.502930 0.001953 0.001953
2 0.563477 0.499023 0.001953 0.001953
2 0.567383 0.491211 0.001953 0.001953
2 0.565430 0.495117 0.005859 0.009766
3 0.926758 0.487305 0.001953 0.005859
2 0.930664 0.479492 0.001953 0.001953
3 0.929688 0.471680 0.003906 0.005859
2 0.501953 0.456055 0.003906 0.001953
2 0.507812 0.452148 0.003906 0.001953
2 0.506836 0.447266 0.005859 0.003906
2 0.514648 0.445312 0.005859 0.007812
2 0.946289 0.434570 0.005859 0.001953
3 0.765625 0.443359 0.011719 0.023438
2 0.887695 0.714844 0.224609 0.570312
3 0.702148 0.430664 0.001953 0.001953
2 0.695312 0.430664 0.003906 0.001953
3 0.707031 0.420898 0.003906 0.001953
2 0.805664 0.418945 0.001953 0.001953
2 0.494141 0.414062 0.003906 0.003906
3 0.708008 0.407227 0.001953 0.001953
2 0.772461 0.412109 0.009766 0.019531
2 0.141602 0.403320 0.001953 0.001953
2 0.966797 0.405273 0.007812 0.021484
2 0.958008 0.389648 0.009766 0.017578
3 0.856445 0.379883 0.001953 0.001953
2 0.149414 0.379883 0.001953 0.001953
2 0.898438 0.378906 0.003906 0.003906
2 0.102539 0.377930 0.001953 0.001953
3 0.858398 0.375977 0.001953 0.001953
2 0.875977 0.362305 0.001953 0.001953
2 0.923828 0.361328 0.003906 0.003906
3 0.860352 0.364258 0.005859 0.009766
3 0.989258 0.363281 0.021484 0.015625
2 0.254883 0.348633 0.001953 0.001953
2 0.252930 0.344727 0.005859 0.001953
2 0.073242 0.344727 0.001953 0.001953
2 0.271484 0.351562 0.027344 0.019531
2 0.930664 0.343750 0.025391 0.023438
2 0.918945 0.333008 0.001953 0.001953
2 0.791992 0.333008 0.001953 0.001953
2 0.944336 0.330078 0.001953 0.003906
2 0.152344 0.337891 0.019531 0.023438
2 0.163086 0.325195 0.001953 0.001953
2 0.155273 0.325195 0.001953 0.001953
2 0.180664 0.321289 0.001953 0.001953
2 0.176758 0.321289 0.001953 0.001953
3 0.918945 0.301758 0.001953 0.001953
3 0.921875 0.297852 0.003906 0.001953
2 0.229492 0.272461 0.001953 0.001953
2 0.175781 0.299805 0.035156 0.056641
2 0.892578 0.380859 0.214844 0.273438
3 0.999023 0.240234 0.001953 0.003906
2 0.012695 0.265625 0.025391 0.054688
2 0.159180 0.233398 0.001953 0.001953
2 0.149414 0.234375 0.005859 0.003906
2 0.217773 0.231445 0.001953 0.001953
2 0.812500 0.248047 0.039062 0.101562
3 0.122070 0.198242 0.001953 0.001953
2 0.816406 0.196289 0.003906 0.001953
2 0.806641 0.192383 0.003906 0.005859
2 0.805664 0.186523 0.001953 0.001953
2 0.000977 0.170898 0.001953 0.001953
2 0.807617 0.165039 0.001953 0.001953
2 0.815430 0.174805 0.021484 0.033203
2 0.819336 0.157227 0.001953 0.001953
2 0.004883 0.153320 0.001953 0.001953
2 0.925781 0.106445 0.003906 0.001953
2 0.493164 0.099609 0.001953 0.003906
2 0.484375 0.104492 0.007812 0.013672
2 0.991211 0.038086 0.001953 0.001953
2 0.993164 0.030273 0.013672 0.009766
2 0.065430 0.015625 0.001953 0.003906
2 0.532227 0.012695 0.001953 0.001953
2 0.036133 0.011719 0.001953 0.003906
2 0.991211 0.011719 0.017578 0.023438
2 0.570312 0.004883 0.027344 0.009766
2 0.553711 0.000977 0.001953 0.001953
2 0.547852 0.000977 0.001953 0.001953
2 0.494141 0.466797 0.988281 0.933594
2 0.053711 0.018555 0.025391 0.037109