0 0.217773 0.999023 0.001953 0.001953
1 0.354492 0.998047 0.005859 0.003906
0 0.974609 0.997070 0.015625 0.005859
1 0.256836 0.995117 0.009766 0.005859
1 0.091797 0.996094 0.007812 0.007812
1 0.683594 0.995117 0.015625 0.009766
1 0.183594 0.995117 0.011719 0.009766
1 0.597656 0.990234 0.003906 0.003906
1 0.489258 0.992188 0.013672 0.015625
1 0.442383 0.989258 0.021484 0.017578
1 0.750977 0.985352 0.013672 0.013672
0 0.423828 0.983398 0.015625 0.009766
1 0.032227 0.989258 0.041016 0.021484
1 0.798828 0.988281 0.027344 0.023438
1 0.007812 0.977539 0.007812 0.009766
1 0.833008 0.977539 0.017578 0.037109
1 0.374023 0.979492 0.021484 0.041016
1 0.230469 0.964844 0.027344 0.023438
1 0.782227 0.953125 0.009766 0.011719
1 0.215820 0.954102 0.005859 0.013672
1 0.822266 0.950195 0.011719 0.009766
1 0.188477 0.951172 0.005859 0.011719
1 0.769531 0.955078 0.007812 0.023438
1 0.444336 0.949219 0.005859 0.011719
1 0.915039 0.938477 0.001953 0.001953
1 0.706055 0.949219 0.021484 0.023438
0 0.423828 0.937500 0.003906 0.003906
1 0.915039 0.934570 0.001953 0.001953
0 0.430664 0.936523 0.005859 0.005859
1 0.003906 0.936523 0.007812 0.005859
1 0.786133 0.926758 0.001953 0.001953
1 0.605469 0.928711 0.003906 0.005859
0 0.941406 0.923828 0.003906 0.003906
1 0.604492 0.922852 0.001953 0.001953
1 0.011719 0.920898 0.003906 0.001953
1 0.264648 0.930664 0.017578 0.033203
1 0.598633 0.913086 0.001953 0.001953
1 0.775391 0.919922 0.015625 0.019531
0 0.254883 0.911133 0.005859 0.005859
1 0.506836 0.908203 0.005859 0.003906
1 0.786133 0.906250 0.001953 0.003906
1 0.628906 0.909180 0.011719 0.009766
1 0.833984 0.916016 0.023438 0.027344
1 0.983398 0.901367 0.009766 0.009766
1 0.120117 0.943359 0.130859 0.097656
1 0.546875 0.906250 0.027344 0.027344
1 0.027344 0.900391 0.015625 0.015625
0 0.782227 0.889648 0.001953 0.001953
0 0.067383 0.885742 0.005859 0.001953
1 0.188477 0.909180 0.029297 0.068359
1 0.833008 0.877930 0.009766 0.009766
1 0.596680 0.870117 0.013672 0.017578
1 0.732422 0.855469 0.007812 0.007812
0 0.632812 0.855469 0.003906 0.007812
1 0.027344 0.856445 0.011719 0.013672
1 0.010742 0.850586 0.021484 0.009766
1 0.744141 0.888672 0.058594 0.093750
1 0.895508 0.840820 0.001953 0.001953
1 0.091797 0.841797 0.023438 0.011719
1 0.060547 0.829102 0.003906 0.001953
1 0.745117 0.826172 0.005859 0.003906
1 0.053711 0.825195 0.001953 0.001953
1 0.078125 0.830078 0.011719 0.015625
1 0.567383 0.819336 0.001953 0.001953
1 0.829102 0.819336 0.013672 0.013672
1 0.816406 0.813477 0.003906 0.005859
1 0.674805 0.840820 0.033203 0.064453
1 0.783203 0.808594 0.007812 0.007812
1 0.710938 0.810547 0.011719 0.027344
1 0.574219 0.802734 0.007812 0.011719
1 0.670898 0.800781 0.021484 0.015625
1 0.623047 0.795898 0.019531 0.013672
1 0.593750 0.802734 0.039062 0.035156
1 0.001953 0.785156 0.003906 0.003906
1 0.695312 0.786133 0.015625 0.009766
1 0.657227 0.783203 0.025391 0.015625
1 0.031250 0.780273 0.019531 0.009766
1 0.791992 0.782227 0.013672 0.021484
1 0.916992 0.869141 0.126953 0.199219
1 0.051758 0.770508 0.001953 0.001953
1 0.599609 0.766602 0.003906 0.005859
1 0.939453 0.773438 0.019531 0.023438
1 0.711914 0.769531 0.009766 0.019531
1 0.586914 0.766602 0.017578 0.017578
1 0.626953 0.756836 0.007812 0.005859
1 0.034180 0.762695 0.048828 0.025391
1 0.618164 0.749023 0.005859 0.009766
1 0.853516 0.769531 0.062500 0.054688
1 0.839844 0.748047 0.035156 0.015625
1 0.794922 0.742188 0.007812 0.003906
1 0.655273 0.750977 0.013672 0.021484
1 0.904297 0.744141 0.011719 0.015625
1 0.566406 0.739258 0.015625 0.005859
1 0.637695 0.739258 0.017578 0.013672
1 0.779297 0.732422 0.011719 0.011719
1 0.106445 0.727539 0.005859 0.009766
1 0.624023 0.722656 0.005859 0.003906
1 0.541992 0.730469 0.017578 0.019531
1 0.796875 0.729492 0.019531 0.021484
1 0.649414 0.725586 0.009766 0.013672
1 0.067383 0.725586 0.009766 0.017578
1 0.875000 0.722656 0.027344 0.015625
1 0.745117 0.716797 0.009766 0.007812
1 0.703125 0.721680 0.019531 0.025391
1 0.504883 0.710938 0.005859 0.003906
1 0.539062 0.709961 0.007812 0.009766
1 0.568359 0.699219 0.015625 0.007812
1 0.267578 0.690430 0.003906 0.001953
1 0.091797 0.691406 0.003906 0.003906
1 0.507812 0.697266 0.015625 0.019531
1 0.601562 0.688477 0.007812 0.005859
1 0.584961 0.694336 0.021484 0.021484
1 0.035156 0.686523 0.007812 0.009766
1 0.677734 0.680664 0.003906 0.001953
1 0.368164 0.678711 0.001953 0.001953
1 0.663086 0.677734 0.005859 0.003906
1 0.554688 0.681641 0.015625 0.011719
1 0.241211 0.666992 0.001953 0.001953
1 0.740234 0.680664 0.203125 0.041016
1 0.569336 0.666992 0.013672 0.013672
1 0.333008 0.659180 0.001953 0.001953
1 0.966797 0.683594 0.066406 0.062500
1 0.708008 0.651367 0.001953 0.001953
1 0.701172 0.651367 0.007812 0.005859
1 0.395508 0.660156 0.037109 0.023438
1 0.037109 0.671875 0.074219 0.046875
1 0.680664 0.651367 0.009766 0.009766
1 0.914062 0.666992 0.023438 0.044922
1 0.413086 0.645508 0.001953 0.001953
1 0.139648 0.645508 0.001953 0.001953
1 0.881836 0.647461 0.009766 0.013672
1 0.563477 0.641602 0.009766 0.005859
1 0.277344 0.638672 0.003906 0.011719
1 0.225586 0.633789 0.001953 0.001953
1 0.944336 0.635742 0.005859 0.009766
1 0.331055 0.627930 0.001953 0.001953
1 0.556641 0.628906 0.007812 0.015625
1 0.512695 0.624023 0.013672 0.005859
1 0.707031 0.618164 0.003906 0.001953
1 0.352539 0.640625 0.044922 0.046875
1 0.211914 0.628906 0.025391 0.031250
1 0.165039 0.626953 0.052734 0.035156
1 0.116211 0.609375 0.005859 0.003906
1 0.737305 0.604492 0.017578 0.009766
1 0.471680 0.601562 0.005859 0.003906
1 0.984375 0.608398 0.031250 0.021484
1 0.821289 0.607422 0.048828 0.023438
1 0.706055 0.605469 0.041016 0.019531
1 0.751953 0.596680 0.011719 0.009766
1 0.540039 0.600586 0.017578 0.017578
1 0.335938 0.591797 0.007812 0.007812
1 0.047852 0.628906 0.095703 0.085938
1 0.784180 0.584961 0.001953 0.001953
1 0.237305 0.585938 0.009766 0.003906
0 0.965820 0.586914 0.021484 0.009766
1 0.167969 0.583984 0.007812 0.007812
1 0.086914 0.581055 0.001953 0.001953
1 0.477539 0.575195 0.001953 0.001953
1 0.187500 0.578125 0.011719 0.007812
1 0.172852 0.576172 0.001953 0.003906
1 0.497070 0.589844 0.044922 0.035156
0 0.791016 0.568359 0.015625 0.011719
1 0.577148 0.559570 0.009766 0.009766
1 0.245117 0.592773 0.123047 0.076172
1 0.479492 0.554688 0.021484 0.011719
1 0.282227 0.549805 0.001953 0.001953
1 0.999023 0.544922 0.001953 0.003906
1 0.864258 0.544922 0.001953 0.003906
1 0.011719 0.575195 0.023438 0.064453
1 0.882812 0.545898 0.019531 0.013672
1 0.558594 0.545898 0.023438 0.013672
1 0.986328 0.540039 0.019531 0.005859
1 0.594727 0.543945 0.033203 0.013672
1 0.321289 0.541016 0.009766 0.011719
1 0.516602 0.544922 0.029297 0.023438
1 0.949219 0.536133 0.015625 0.009766
1 0.609375 0.532227 0.015625 0.009766
1 0.546875 0.533203 0.019531 0.011719
1 0.815430 0.524414 0.005859 0.005859
1 0.965820 0.520508 0.009766 0.005859
1 0.004883 0.528320 0.009766 0.021484
1 0.956055 0.515625 0.005859 0.003906
0 0.914062 0.511719 0.007812 0.003906
1 0.656250 0.526367 0.054688 0.033203
1 0.562500 0.517578 0.019531 0.015625
1 0.844727 0.511719 0.009766 0.011719
1 0.714844 0.503906 0.003906 0.003906
0 0.200195 0.491211 0.017578 0.005859
1 0.387695 0.488281 0.001953 0.003906
1 0.348633 0.486328 0.001953 0.003906
1 0.298828 0.485352 0.003906 0.001953
1 0.220703 0.491211 0.015625 0.013672
1 0.182617 0.485352 0.025391 0.017578
1 0.995117 0.479492 0.009766 0.009766
1 0.510742 0.474609 0.005859 0.003906
1 0.889648 0.488281 0.193359 0.050781
1 0.574219 0.464844 0.023438 0.011719
0 0.031250 0.476562 0.050781 0.035156
0 0.534180 0.452148 0.001953 0.001953
1 0.151367 0.448242 0.001953 0.001953
1 0.932617 0.447266 0.001953 0.003906
0 0.884766 0.444336 0.003906 0.001953
1 0.935547 0.442383 0.003906 0.001953
0 0.208008 0.442383 0.001953 0.001953
1 0.943359 0.443359 0.007812 0.007812
0 0.521484 0.439453 0.019531 0.007812
1 0.814453 0.435547 0.007812 0.003906
1 0.395508 0.434570 0.013672 0.005859
0 0.539062 0.434570 0.011719 0.009766
1 0.829102 0.432617 0.017578 0.009766
1 0.583984 0.428711 0.003906 0.001953
1 0.574219 0.432617 0.007812 0.009766
1 0.897461 0.433594 0.033203 0.019531
1 0.237305 0.499023 0.212891 0.150391
1 0.370117 0.426758 0.013672 0.009766
1 0.755859 0.421875 0.007812 0.007812
0 0.917969 0.419922 0.011719 0.007812
1 0.247070 0.416992 0.001953 0.001953
0 0.806641 0.413086 0.003906 0.001953
1 0.098633 0.524414 0.134766 0.224609
1 0.986328 0.414062 0.027344 0.011719
0 0.793945 0.410156 0.009766 0.003906
1 0.330078 0.421875 0.027344 0.027344
1 0.357422 0.408203 0.003906 0.003906
1 0.863281 0.407227 0.007812 0.005859
1 0.891602 0.411133 0.025391 0.017578
0 0.291992 0.404297 0.009766 0.003906
1 0.252930 0.466797 0.083984 0.128906
1 0.970703 0.402344 0.007812 0.003906
1 0.643555 0.404297 0.005859 0.007812
0 0.816406 0.403320 0.007812 0.009766
1 0.768555 0.402344 0.009766 0.007812
1 0.603516 0.401367 0.007812 0.009766
0 0.390625 0.399414 0.003906 0.005859
1 0.365234 0.399414 0.007812 0.009766
1 0.663086 0.393555 0.001953 0.001953
1 0.180664 0.407227 0.025391 0.029297
1 0.993164 0.394531 0.009766 0.011719
1 0.668945 0.389648 0.001953 0.001953
1 0.644531 0.385742 0.003906 0.001953
1 0.540039 0.385742 0.001953 0.001953
1 0.317383 0.395508 0.041016 0.021484
1 0.334961 0.383789 0.001953 0.001953
1 0.576172 0.384766 0.015625 0.007812
1 0.736328 0.381836 0.007812 0.009766
1 0.573242 0.377930 0.001953 0.001953
1 0.345703 0.391602 0.007812 0.033203
1 0.588867 0.376953 0.025391 0.011719
1 0.562500 0.375000 0.007812 0.011719
1 0.399414 0.370117 0.001953 0.001953
1 0.318359 0.365234 0.007812 0.003906
1 0.563477 0.362305 0.009766 0.009766
1 0.134766 0.378906 0.042969 0.050781
0 0.750977 0.352539 0.005859 0.001953
1 0.621094 0.355469 0.015625 0.015625
1 0.291016 0.362305 0.042969 0.029297
1 0.081055 0.350586 0.009766 0.005859
1 0.190430 0.369141 0.041016 0.046875
0 0.769531 0.360352 0.023438 0.044922
1 0.109375 0.341797 0.011719 0.007812
0 0.941406 0.341797 0.007812 0.011719
1 0.784180 0.333008 0.001953 0.001953
1 0.607422 0.336914 0.007812 0.009766
1 0.110352 0.333008 0.017578 0.005859
1 0.834961 0.330078 0.009766 0.007812
1 0.827148 0.333984 0.009766 0.015625
1 0.335938 0.333008 0.011719 0.017578
0 0.700195 0.323242 0.005859 0.001953
0 0.315430 0.329102 0.017578 0.013672
1 0.648438 0.342773 0.050781 0.048828
0 0.748047 0.320312 0.019531 0.007812
1 0.868164 0.311523 0.001953 0.001953
1 0.072266 0.311523 0.003906 0.005859
1 0.813477 0.308594 0.021484 0.007812
1 0.595703 0.310547 0.015625 0.011719
1 0.081055 0.315430 0.009766 0.021484
0 0.575195 0.304688 0.001953 0.003906
1 0.916992 0.333984 0.166016 0.085938
1 0.857422 0.299805 0.015625 0.017578
1 0.832031 0.296875 0.011719 0.011719
0 0.844727 0.290039 0.001953 0.001953
0 0.258789 0.288086 0.001953 0.001953
1 0.256836 0.284180 0.001953 0.001953
1 0.832031 0.286133 0.011719 0.009766
1 0.819336 0.284180 0.009766 0.005859
0 0.127930 0.280273 0.001953 0.001953
1 0.239258 0.279297 0.001953 0.003906
1 0.319336 0.279297 0.005859 0.007812
1 0.767578 0.284180 0.015625 0.021484
1 0.491211 0.276367 0.005859 0.005859
1 0.461914 0.268555 0.013672 0.013672
1 0.259766 0.265625 0.011719 0.007812
1 0.516602 0.269531 0.029297 0.019531
1 0.480469 0.264648 0.011719 0.013672
1 0.572266 0.263672 0.019531 0.019531
1 0.507812 0.256836 0.003906 0.005859
1 0.690430 0.250000 0.017578 0.007812
1 0.341797 0.258789 0.027344 0.025391
1 0.104492 0.247070 0.001953 0.001953
1 0.981445 0.239258 0.001953 0.001953
1 0.102539 0.239258 0.001953 0.001953
1 0.382812 0.238281 0.003906 0.003906
1 0.505859 0.244141 0.027344 0.019531
1 0.348633 0.375000 0.275391 0.289062
1 0.720703 0.235352 0.011719 0.017578
1 0.958008 0.268555 0.083984 0.087891
1 0.974609 0.231445 0.027344 0.013672
1 0.849609 0.250000 0.039062 0.050781
1 0.503906 0.226562 0.007812 0.007812
1 0.268555 0.238281 0.044922 0.031250
1 0.053711 0.226562 0.009766 0.007812
1 0.371094 0.223633 0.007812 0.005859
1 0.647461 0.220703 0.001953 0.003906
1 0.689453 0.220703 0.011719 0.007812
1 0.391602 0.224609 0.029297 0.015625
1 0.323242 0.230469 0.033203 0.027344
1 0.880859 0.222656 0.015625 0.015625
0 0.148438 0.216797 0.011719 0.003906
1 0.958008 0.217773 0.025391 0.009766
1 0.528320 0.219727 0.013672 0.013672
1 0.056641 0.209961 0.007812 0.005859
0 0.958984 0.201172 0.003906 0.003906
1 0.405273 0.206055 0.048828 0.017578
1 0.603516 0.223633 0.062500 0.056641
1 0.174805 0.198242 0.013672 0.009766
1 0.974609 0.198242 0.007812 0.013672
1 0.909180 0.195312 0.009766 0.007812
1 0.876953 0.205078 0.046875 0.027344
1 0.813477 0.187500 0.005859 0.007812
1 0.203125 0.185547 0.011719 0.007812
1 0.155273 0.258789 0.166016 0.154297
1 0.334961 0.185547 0.017578 0.015625
1 0.841797 0.185547 0.035156 0.019531
1 0.061523 0.182617 0.009766 0.017578
1 0.989258 0.171875 0.005859 0.003906
1 0.640625 0.192383 0.011719 0.044922
1 0.152344 0.170898 0.007812 0.009766
1 0.509766 0.170898 0.031250 0.013672
1 0.659180 0.180664 0.037109 0.037109
1 0.547852 0.170898 0.013672 0.017578
1 0.534180 0.157227 0.001953 0.001953
1 0.970703 0.160156 0.007812 0.011719
1 0.429688 0.159180 0.011719 0.009766
1 0.340820 0.152344 0.009766 0.003906
1 0.333008 0.565430 0.548828 0.833984
1 0.179688 0.152344 0.003906 0.007812
1 0.402344 0.157227 0.042969 0.021484
1 0.369141 0.152344 0.007812 0.011719
1 0.416016 0.145508 0.003906 0.001953
1 0.220703 0.150391 0.011719 0.011719
1 0.401367 0.143555 0.001953 0.001953
1 0.362305 0.143555 0.005859 0.005859
1 0.228516 0.144531 0.011719 0.007812
1 0.129883 0.143555 0.009766 0.009766
1 0.643555 0.139648 0.009766 0.005859
1 0.518555 0.135742 0.001953 0.001953
1 0.324219 0.165039 0.097656 0.060547
1 0.911133 0.154297 0.037109 0.042969
1 0.706055 0.134766 0.009766 0.007812
1 0.404297 0.131836 0.003906 0.001953
1 0.317383 0.128906 0.009766 0.011719
1 0.207031 0.127930 0.011719 0.009766
1 0.694336 0.116211 0.001953 0.001953
1 0.416016 0.120117 0.007812 0.013672
1 0.697266 0.111328 0.003906 0.003906
1 0.254883 0.112305 0.009766 0.009766
1 0.332031 0.112305 0.023438 0.013672
1 0.295898 0.108398 0.005859 0.005859
1 0.270508 0.118164 0.017578 0.025391
1 0.375977 0.104492 0.013672 0.013672
1 0.355469 0.100586 0.003906 0.005859
1 0.949219 0.110352 0.031250 0.037109
1 0.846680 0.102539 0.025391 0.025391
1 0.291016 0.092773 0.015625 0.009766
1 0.414062 0.100586 0.035156 0.029297
1 0.427734 0.085938 0.003906 0.003906
1 0.923828 0.096680 0.011719 0.029297
1 0.026367 0.090820 0.025391 0.017578
1 0.969727 0.085938 0.009766 0.011719
1 0.344727 0.082031 0.005859 0.003906
1 0.259766 0.085938 0.007812 0.011719
1 0.274414 0.077148 0.001953 0.001953
1 0.853516 0.071289 0.007812 0.009766
1 0.012695 0.067383 0.017578 0.009766
1 0.184570 0.068359 0.017578 0.015625
1 0.760742 0.057617 0.001953 0.001953
1 0.748047 0.057617 0.003906 0.001953
1 0.508789 0.087891 0.068359 0.062500
1 0.449219 0.054688 0.007812 0.003906
1 0.427734 0.059570 0.011719 0.013672
1 0.541992 0.055664 0.017578 0.013672
0 0.781250 0.058594 0.007812 0.023438
0 0.427734 0.048828 0.007812 0.003906
1 0.404297 0.054688 0.031250 0.019531
1 0.068359 0.063477 0.050781 0.037109
1 0.372070 0.043945 0.005859 0.005859
0 0.928711 0.038086 0.001953 0.001953
0 0.426758 0.036133 0.005859 0.005859
1 0.103516 0.037109 0.007812 0.007812
1 0.981445 0.053711 0.037109 0.044922
1 0.255859 0.034180 0.007812 0.005859
0 0.451172 0.031250 0.003906 0.003906
1 0.921875 0.028320 0.003906 0.001953
1 0.094727 0.028320 0.001953 0.001953
0 0.086914 0.030273 0.005859 0.005859
1 0.785156 0.030273 0.035156 0.013672
1 0.123047 0.026367 0.007812 0.005859
1 0.750977 0.022461 0.001953 0.001953
0 0.327148 0.022461 0.001953 0.001953
1 0.787109 0.020508 0.003906 0.001953
1 0.763672 0.025391 0.035156 0.019531
0 0.481445 0.016602 0.001953 0.001953
1 0.349609 0.020508 0.039062 0.021484
1 0.720703 0.012695 0.011719 0.013672
1 0.520508 0.006836 0.001953 0.001953
0 0.496094 0.008789 0.003906 0.005859
1 0.473633 0.007812 0.001953 0.003906
1 0.602539 0.015625 0.044922 0.031250
1 0.470703 0.001953 0.003906 0.003906
1 0.083008 0.008789 0.013672 0.017578
1 0.046875 0.004883 0.019531 0.009766
3 0.377930 0.998047 0.009766 0.003906
3 0.061523 0.641602 0.001953 0.001953
3 0.033203 0.637695 0.003906 0.001953
3 0.046875 0.597656 0.007812 0.007812
3 0.997070 0.309570 0.005859 0.001953
3 0.978516 0.259766 0.003906 0.003906
3 0.991211 0.248047 0.017578 0.019531
3 0.500000 0.500000 1.000000 1.000000