0 0.981445 0.999023 0.001953 0.001953
0 0.650391 0.999023 0.003906 0.001953
0 0.446289 0.999023 0.001953 0.001953
0 0.427734 0.999023 0.003906 0.001953
0 0.344727 0.999023 0.001953 0.001953
0 0.328125 0.999023 0.011719 0.001953
0 0.872070 0.997070 0.013672 0.005859
0 0.411133 0.989258 0.001953 0.001953
0 0.905273 0.993164 0.025391 0.013672
0 0.711914 0.985352 0.001953 0.001953
0 0.233398 0.985352 0.001953 0.001953
0 0.981445 0.981445 0.001953 0.001953
0 0.717773 0.982422 0.001953 0.003906
0 0.696289 0.990234 0.025391 0.019531
0 0.472656 0.990234 0.031250 0.019531
0 0.848633 0.988281 0.037109 0.023438
0 0.717773 0.977539 0.001953 0.001953
0 0.950195 0.975586 0.001953 0.001953
1 0.880859 0.981445 0.019531 0.017578
0 0.712891 0.974609 0.003906 0.003906
0 0.440430 0.971680 0.001953 0.001953
0 0.166016 0.971680 0.003906 0.001953
1 0.887695 0.969727 0.001953 0.001953
0 0.433594 0.970703 0.003906 0.003906
1 0.897461 0.965820 0.001953 0.001953
1 0.893555 0.965820 0.001953 0.001953
1 0.887695 0.965820 0.005859 0.001953
0 0.621094 0.972656 0.015625 0.015625
0 0.422852 0.966797 0.005859 0.003906
0 0.983398 0.961914 0.001953 0.001953
0 0.405273 0.967773 0.013672 0.017578
1 0.497070 0.961914 0.017578 0.013672
1 0.881836 0.953125 0.009766 0.003906
0 0.706055 0.950195 0.001953 0.001953
0 0.266602 0.950195 0.001953 0.001953
0 0.971680 0.946289 0.001953 0.001953
0 0.708008 0.946289 0.001953 0.001953
0 0.934570 0.944336 0.001953 0.001953
1 0.879883 0.944336 0.001953 0.001953
0 0.123047 0.945312 0.003906 0.003906
0 0.936523 0.940430 0.001953 0.001953
0 0.956055 0.938477 0.001953 0.001953
0 0.059570 0.939453 0.005859 0.003906
0 0.183594 0.932617 0.011719 0.009766
0 0.088867 0.930664 0.001953 0.005859
0 0.948242 0.930664 0.009766 0.009766
0 0.180664 0.924805 0.001953 0.001953
0 0.958008 0.922852 0.001953 0.001953
0 0.724609 0.932617 0.039062 0.021484
0 0.733398 0.919922 0.005859 0.003906
0 0.578125 0.918945 0.003906 0.001953
1 0.541016 0.956055 0.066406 0.087891
1 0.831055 0.911133 0.001953 0.001953
0 0.736328 0.913086 0.007812 0.005859
1 0.895508 0.921875 0.021484 0.027344
1 0.862305 0.908203 0.001953 0.003906
1 0.838867 0.909180 0.005859 0.005859
1 0.577148 0.907227 0.001953 0.001953
1 0.897461 0.906250 0.001953 0.003906
0 0.018555 0.952148 0.037109 0.095703
1 0.577148 0.903320 0.001953 0.001953
1 0.570312 0.903320 0.003906 0.001953
0 0.905273 0.901367 0.001953 0.001953
0 0.749023 0.901367 0.001953 0.001953
0 0.764648 0.902344 0.009766 0.007812
0 0.729492 0.901367 0.009766 0.005859
0 0.704102 0.900391 0.005859 0.007812
1 0.568359 0.898438 0.003906 0.003906
0 0.671875 0.893555 0.003906 0.001953
0 0.918945 0.891602 0.001953 0.001953
0 0.965820 0.889648 0.001953 0.001953
0 0.270508 0.889648 0.001953 0.001953
0 0.920898 0.887695 0.001953 0.001953
1 0.863281 0.891602 0.007812 0.009766
0 0.977539 0.885742 0.001953 0.001953
0 0.322266 0.890625 0.007812 0.011719
0 0.317383 0.885742 0.001953 0.001953
0 0.106445 0.897461 0.021484 0.025391
1 0.784180 0.883789 0.001953 0.001953
1 0.780273 0.883789 0.001953 0.001953
0 0.274414 0.883789 0.001953 0.001953
0 0.095703 0.883789 0.003906 0.001953
0 0.974609 0.882812 0.003906 0.003906
0 0.456055 0.881836 0.009766 0.005859
0 0.928711 0.878906 0.005859 0.003906
0 0.757812 0.886719 0.015625 0.019531
0 0.981445 0.875977 0.001953 0.001953
1 0.807617 0.875977 0.001953 0.001953
0 0.197266 0.876953 0.003906 0.003906
1 0.493164 0.874023 0.001953 0.001953
1 0.862305 0.872070 0.001953 0.001953
0 0.393555 0.872070 0.001953 0.001953
0 0.088867 0.873047 0.005859 0.003906
0 0.065430 0.891602 0.052734 0.041016
0 0.337891 0.881836 0.019531 0.025391
1 0.862305 0.868164 0.001953 0.001953
0 0.679688 0.872070 0.015625 0.009766
0 0.425781 0.868164 0.003906 0.001953
0 0.992188 0.872070 0.015625 0.013672
0 0.671875 0.864258 0.003906 0.001953
0 0.953125 0.894531 0.070312 0.066406
1 0.609375 0.862305 0.003906 0.001953
1 0.519531 0.869141 0.023438 0.015625
0 0.670898 0.860352 0.001953 0.001953
0 0.425781 0.862305 0.003906 0.005859
1 0.729492 0.858398 0.001953 0.001953
1 0.702148 0.856445 0.001953 0.001953
0 0.605469 0.927734 0.128906 0.144531
1 0.489258 0.858398 0.005859 0.005859
0 0.477539 0.857422 0.005859 0.003906
0 0.424805 0.856445 0.001953 0.001953
1 0.723633 0.871094 0.048828 0.035156
1 0.715820 0.854492 0.001953 0.001953
0 0.630859 0.847656 0.007812 0.003906
0 0.447266 0.854492 0.046875 0.029297
1 0.751953 0.841797 0.007812 0.007812
1 0.745117 0.838867 0.001953 0.001953
0 0.655273 0.838867 0.001953 0.001953
0 0.637695 0.838867 0.001953 0.001953
1 0.608398 0.847656 0.017578 0.019531
0 0.424805 0.838867 0.001953 0.001953
1 0.703125 0.840820 0.011719 0.009766
0 0.661133 0.840820 0.009766 0.009766
0 0.658203 0.834961 0.003906 0.001953
1 0.631836 0.834961 0.001953 0.001953
0 0.424805 0.834961 0.001953 0.001953
1 0.620117 0.833008 0.001953 0.001953
1 0.554688 0.835938 0.007812 0.007812
0 0.450195 0.834961 0.013672 0.005859
0 0.098633 0.843750 0.033203 0.027344
1 0.768555 0.835938 0.017578 0.015625
0 0.649414 0.829102 0.001953 0.001953
0 0.045898 0.829102 0.001953 0.001953
1 0.627930 0.829102 0.001953 0.005859
0 0.649414 0.825195 0.001953 0.001953
0 0.473633 0.820312 0.005859 0.003906
1 0.793945 0.815430 0.001953 0.001953
1 0.603516 0.816406 0.003906 0.003906
1 0.713867 0.827148 0.033203 0.029297
0 0.688477 0.813477 0.001953 0.001953
1 0.766602 0.811523 0.001953 0.001953
0 0.522461 0.812500 0.005859 0.003906
0 0.377930 0.811523 0.013672 0.005859
0 0.735352 0.808594 0.001953 0.003906
0 0.367188 0.807617 0.003906 0.001953
0 0.667969 0.819336 0.031250 0.029297
1 0.533203 0.817383 0.027344 0.025391
0 0.529297 0.800781 0.003906 0.003906
0 0.673828 0.799805 0.011719 0.005859
0 0.192383 0.788086 0.001953 0.001953
1 0.778320 0.782227 0.001953 0.001953
0 0.081055 0.787109 0.009766 0.011719
0 0.656250 0.783203 0.007812 0.007812
0 0.106445 0.777344 0.001953 0.003906
1 0.655273 0.774414 0.001953 0.001953
1 0.646484 0.775391 0.007812 0.007812
0 0.279297 0.778320 0.023438 0.021484
0 0.206055 0.779297 0.021484 0.023438
1 0.657227 0.766602 0.001953 0.001953
1 0.648438 0.765625 0.007812 0.003906
0 0.428711 0.760742 0.001953 0.001953
1 0.579102 0.754883 0.001953 0.001953
0 0.433594 0.752930 0.003906 0.001953
0 0.428711 0.752930 0.001953 0.001953
0 0.420898 0.752930 0.001953 0.001953
1 0.706055 0.750977 0.001953 0.001953
1 0.547852 0.750977 0.001953 0.001953
0 0.416016 0.755859 0.007812 0.011719
0 0.084961 0.750977 0.001953 0.001953
1 0.658203 0.750977 0.007812 0.005859
0 0.342773 0.749023 0.001953 0.001953
0 0.971680 0.772461 0.037109 0.056641
1 0.717773 0.749023 0.005859 0.009766
1 0.706055 0.745117 0.001953 0.001953
0 0.426758 0.746094 0.001953 0.003906
1 0.721680 0.741211 0.001953 0.001953
1 0.650391 0.743164 0.003906 0.005859
1 0.725586 0.739258 0.001953 0.001953
1 0.576172 0.739258 0.003906 0.001953
0 0.342773 0.739258 0.001953 0.001953
0 0.764648 0.737305 0.001953 0.001953
1 0.584961 0.742188 0.009766 0.011719
0 0.975586 0.735352 0.005859 0.009766
0 0.348633 0.733398 0.005859 0.005859
0 0.768555 0.729492 0.001953 0.001953
1 0.666992 0.731445 0.005859 0.005859
1 0.729492 0.731445 0.009766 0.009766
1 0.568359 0.725586 0.003906 0.001953
0 0.423828 0.736328 0.023438 0.023438
0 0.768555 0.723633 0.001953 0.001953
1 0.622070 0.709961 0.001953 0.001953
1 0.617188 0.708008 0.003906 0.009766
0 0.344727 0.698242 0.001953 0.001953
0 0.350586 0.696289 0.001953 0.001953
0 0.567383 0.692383 0.001953 0.001953
0 0.355469 0.694336 0.003906 0.005859
0 0.290039 0.690430 0.001953 0.001953
0 0.192383 0.686523 0.001953 0.001953
0 0.939453 0.676758 0.003906 0.001953
0 0.272461 0.701172 0.029297 0.050781
0 0.569336 0.670898 0.001953 0.001953
1 0.471680 0.667969 0.001953 0.003906
0 0.079102 0.665039 0.001953 0.001953
0 0.342773 0.659180 0.001953 0.001953
0 0.336914 0.662109 0.009766 0.007812
0 0.749023 0.658203 0.001953 0.003906
0 0.329102 0.659180 0.005859 0.005859
0 0.323242 0.657227 0.001953 0.001953
0 0.317383 0.651367 0.001953 0.001953
0 0.530273 0.647461 0.001953 0.001953
0 0.151367 0.657227 0.029297 0.021484
0 0.382812 0.671875 0.027344 0.058594
0 0.142578 0.643555 0.003906 0.001953
0 0.947266 0.655273 0.042969 0.037109
0 0.926758 0.637695 0.001953 0.001953
0 0.540039 0.635742 0.001953 0.001953
0 0.034180 0.633789 0.001953 0.001953
0 0.037109 0.628906 0.007812 0.003906
0 0.045898 0.626953 0.001953 0.003906
0 0.551758 0.624023 0.001953 0.001953
0 0.112305 0.620117 0.001953 0.001953
0 0.043945 0.620117 0.001953 0.001953
0 0.038086 0.620117 0.001953 0.001953
1 0.624023 0.618164 0.001953 0.001953
0 0.483398 0.619141 0.001953 0.003906
0 0.993164 0.616211 0.001953 0.001953
0 0.483398 0.614258 0.001953 0.001953
0 0.549805 0.612305 0.001953 0.001953
0 0.083008 0.608398 0.001953 0.001953
1 0.778320 0.606445 0.009766 0.009766
0 0.551758 0.594727 0.001953 0.001953
1 0.773438 0.592773 0.007812 0.001953
0 0.753906 0.588867 0.003906 0.001953
0 0.541992 0.586914 0.001953 0.001953
1 0.684570 0.592773 0.025391 0.017578
0 0.550781 0.586914 0.007812 0.009766
0 0.030273 0.584961 0.005859 0.005859
1 0.793945 0.579102 0.001953 0.001953
0 0.372070 0.571289 0.001953 0.001953
1 0.676758 0.565430 0.001953 0.001953
1 0.672852 0.565430 0.001953 0.001953
0 0.186523 0.563477 0.001953 0.001953
0 0.364258 0.568359 0.017578 0.015625
1 0.764648 0.573242 0.044922 0.033203
1 0.678711 0.547852 0.001953 0.001953
0 0.135742 0.547852 0.001953 0.001953
1 0.698242 0.543945 0.001953 0.001953
0 0.598633 0.543945 0.001953 0.001953
1 0.721680 0.541992 0.001953 0.005859
0 0.170898 0.538086 0.001953 0.001953
1 0.813477 0.532227 0.001953 0.001953
0 0.137695 0.765625 0.275391 0.468750
0 0.944336 0.530273 0.001953 0.001953
1 0.690430 0.526367 0.001953 0.001953
0 0.186523 0.526367 0.001953 0.001953
0 0.967773 0.524414 0.001953 0.001953
0 0.274414 0.523438 0.001953 0.003906
0 0.493164 0.520508 0.001953 0.001953
0 0.970703 0.521484 0.007812 0.007812
1 0.682617 0.516602 0.001953 0.001953
0 0.383789 0.516602 0.001953 0.001953
0 0.284180 0.514648 0.001953 0.001953
1 0.791992 0.515625 0.013672 0.007812
0 0.894531 0.510742 0.003906 0.001953
1 0.695312 0.514648 0.011719 0.013672
0 0.282227 0.508789 0.001953 0.001953
0 0.552734 0.502930 0.003906 0.001953
0 0.314453 0.504883 0.011719 0.005859
1 0.852539 0.500977 0.001953 0.001953
1 0.755859 0.509766 0.054688 0.019531
0 0.561523 0.499023 0.001953 0.001953
0 0.557617 0.498047 0.001953 0.003906
1 0.840820 0.498047 0.005859 0.007812
1 0.492188 0.496094 0.003906 0.003906
0 0.494141 0.490234 0.007812 0.003906
0 0.877930 0.486328 0.001953 0.003906
0 0.293945 0.477539 0.001953 0.001953
0 0.057617 0.477539 0.001953 0.001953
1 0.854492 0.475586 0.001953 0.001953
0 0.553711 0.476562 0.001953 0.003906
0 0.166992 0.482422 0.013672 0.019531
0 0.565430 0.475586 0.005859 0.009766
1 0.827148 0.469727 0.001953 0.001953
0 0.057617 0.469727 0.001953 0.001953
0 0.971680 0.467773 0.001953 0.001953
0 0.963867 0.471680 0.009766 0.013672
0 0.366211 0.463867 0.001953 0.001953
0 0.271484 0.475586 0.085938 0.029297
0 0.592773 0.459961 0.001953 0.001953
0 0.597656 0.462891 0.003906 0.015625
0 0.354492 0.457031 0.001953 0.003906
0 0.589844 0.452148 0.003906 0.001953
0 0.594727 0.448242 0.001953 0.001953
1 0.764648 0.444336 0.001953 0.001953
1 0.760742 0.441406 0.001953 0.003906
1 0.756836 0.441406 0.001953 0.003906
0 0.106445 0.440430 0.001953 0.001953
0 0.042969 0.440430 0.003906 0.001953
0 0.038086 0.440430 0.001953 0.001953
0 0.147461 0.438477 0.001953 0.001953
0 0.125977 0.466797 0.044922 0.058594
0 0.055664 0.441406 0.005859 0.007812
0 0.209961 0.434570 0.001953 0.001953
1 0.739258 0.433594 0.001953 0.003906
0 0.283203 0.434570 0.007812 0.005859
1 0.743164 0.430664 0.001953 0.001953
0 0.500977 0.430664 0.001953 0.001953
0 0.057617 0.431641 0.001953 0.003906
0 0.045898 0.431641 0.001953 0.003906
1 0.773438 0.429688 0.003906 0.003906
0 0.199219 0.432617 0.015625 0.009766
1 0.650391 0.425781 0.003906 0.003906
0 0.148438 0.429688 0.011719 0.011719
0 0.036133 0.432617 0.013672 0.017578
0 0.293945 0.425781 0.009766 0.007812
0 0.068359 0.425781 0.011719 0.011719
0 0.045898 0.420898 0.001953 0.001953
1 0.858398 0.418945 0.001953 0.001953
1 0.647461 0.418945 0.001953 0.001953
0 0.603516 0.421875 0.003906 0.007812
0 0.054688 0.417969 0.003906 0.003906
0 0.046875 0.416992 0.007812 0.001953
1 0.864258 0.413086 0.001953 0.001953
0 0.274414 0.413086 0.001953 0.001953
0 0.875977 0.407227 0.001953 0.001953
0 0.604492 0.405273 0.001953 0.001953
1 0.720703 0.416992 0.027344 0.029297
0 0.490234 0.408203 0.007812 0.011719
0 0.604492 0.398438 0.001953 0.003906
0 0.907227 0.389648 0.001953 0.001953
1 0.680664 0.384766 0.001953 0.003906
0 0.473633 0.383789 0.001953 0.001953
0 0.475586 0.423828 0.052734 0.082031
0 0.647461 0.381836 0.001953 0.001953
1 0.679688 0.396484 0.027344 0.035156
0 0.644531 0.377930 0.003906 0.001953
0 0.852539 0.375977 0.001953 0.001953
1 0.750000 0.379883 0.003906 0.009766
0 0.489258 0.377930 0.005859 0.005859
0 0.131836 0.380859 0.013672 0.011719
0 0.491211 0.372070 0.001953 0.001953
0 0.118164 0.372070 0.001953 0.001953
0 0.102539 0.372070 0.001953 0.001953
1 0.696289 0.366211 0.001953 0.001953
0 0.862305 0.362305 0.001953 0.001953
0 0.536133 0.362305 0.001953 0.001953
0 0.150391 0.360352 0.003906 0.001953
0 0.141602 0.356445 0.013672 0.009766
1 0.987305 0.355469 0.025391 0.015625
1 0.715820 0.349609 0.005859 0.003906
0 0.142578 0.348633 0.003906 0.001953
0 0.137695 0.348633 0.001953 0.001953
0 0.858398 0.333008 0.001953 0.001953
0 0.264648 0.325195 0.001953 0.001953
0 0.576172 0.564453 0.503906 0.492188
0 0.084961 0.313477 0.001953 0.001953
0 0.037109 0.342773 0.074219 0.068359
1 0.764648 0.305664 0.001953 0.001953
0 0.993164 0.300781 0.005859 0.003906
1 0.940430 0.294922 0.013672 0.007812
0 0.205078 0.290039 0.003906 0.001953
0 0.710938 0.286133 0.003906 0.005859
0 0.887695 0.282227 0.001953 0.001953
1 0.747070 0.282227 0.001953 0.001953
0 0.488281 0.281250 0.003906 0.003906
0 0.555664 0.276367 0.001953 0.001953
0 0.147461 0.274414 0.001953 0.001953
0 0.496094 0.274414 0.007812 0.009766
0 0.881836 0.268555 0.001953 0.001953
0 0.190430 0.268555 0.001953 0.001953
0 0.136719 0.270508 0.003906 0.005859
0 0.574219 0.272461 0.031250 0.013672
0 0.124023 0.268555 0.005859 0.005859
0 0.719727 0.260742 0.001953 0.001953
0 0.093750 0.261719 0.003906 0.003906
1 0.905273 0.267578 0.033203 0.019531
0 0.676758 0.258789 0.001953 0.001953
0 0.877930 0.257812 0.001953 0.003906
0 0.672852 0.254883 0.001953 0.001953
0 0.106445 0.253906 0.001953 0.003906
0 0.868164 0.250977 0.001953 0.001953
0 0.731445 0.250977 0.001953 0.001953
0 0.099609 0.251953 0.003906 0.003906
0 0.072266 0.282227 0.082031 0.064453
0 0.875977 0.250977 0.005859 0.005859
0 0.675781 0.247070 0.003906 0.001953
0 0.653320 0.252930 0.013672 0.013672
0 0.122070 0.254883 0.033203 0.021484
0 0.145508 0.241211 0.001953 0.001953
0 0.878906 0.239258 0.007812 0.009766
0 0.150391 0.237305 0.003906 0.009766
0 0.126953 0.230469 0.003906 0.007812
0 0.815430 0.225586 0.001953 0.005859
0 0.100586 0.224609 0.001953 0.003906
0 0.051758 0.221680 0.001953 0.001953
0 0.089844 0.222656 0.011719 0.007812
0 0.815430 0.216797 0.001953 0.003906
0 0.713867 0.214844 0.001953 0.003906
0 0.875977 0.212891 0.001953 0.003906
0 0.746094 0.300781 0.234375 0.179688
0 0.872070 0.210938 0.001953 0.003906
0 0.700195 0.209961 0.001953 0.001953
0 0.814453 0.209961 0.003906 0.005859
0 0.819336 0.206055 0.001953 0.001953
0 0.640625 0.207031 0.003906 0.003906
0 0.241211 0.206055 0.001953 0.001953
0 0.837891 0.600586 0.324219 0.798828
0 0.221680 0.202148 0.001953 0.001953
0 0.776367 0.201172 0.001953 0.003906
0 0.219727 0.192383 0.001953 0.001953
0 0.454102 0.190430 0.001953 0.001953
1 0.963867 0.189453 0.001953 0.003906
0 0.678711 0.193359 0.005859 0.011719
0 0.981445 0.231445 0.037109 0.095703
0 0.963867 0.184570 0.001953 0.001953
0 0.274414 0.180664 0.001953 0.001953
0 0.192383 0.198242 0.056641 0.037109
0 0.747070 0.176758 0.001953 0.001953
0 0.385742 0.176758 0.001953 0.001953
0 0.856445 0.198242 0.041016 0.048828
0 0.411133 0.174805 0.001953 0.001953
0 0.233398 0.168945 0.001953 0.001953
0 0.228516 0.168945 0.003906 0.001953
0 0.079102 0.168945 0.001953 0.001953
0 0.086914 0.168945 0.009766 0.005859
0 0.942383 0.175781 0.029297 0.023438
0 0.770508 0.165039 0.001953 0.001953
0 0.762695 0.166016 0.001953 0.003906
0 0.218750 0.167969 0.003906 0.007812
0 0.403320 0.163086 0.001953 0.001953
0 0.233398 0.161133 0.001953 0.001953
0 0.951172 0.157227 0.003906 0.001953
0 0.805664 0.155273 0.001953 0.001953
0 0.463867 0.154297 0.001953 0.003906
0 0.596680 0.151367 0.001953 0.001953
0 0.458008 0.151367 0.001953 0.001953
0 0.232422 0.154297 0.007812 0.007812
0 0.809570 0.147461 0.001953 0.001953
0 0.211914 0.147461 0.001953 0.001953
0 0.672852 0.145508 0.001953 0.001953
0 0.469727 0.150391 0.005859 0.011719
0 0.604492 0.143555 0.001953 0.001953
0 0.510742 0.143555 0.005859 0.005859
0 0.012695 0.139648 0.001953 0.001953
0 0.649414 0.138672 0.001953 0.003906
0 0.659180 0.144531 0.013672 0.019531
0 0.018555 0.136719 0.005859 0.003906
0 0.635742 0.134766 0.001953 0.003906
0 0.541992 0.133789 0.001953 0.001953
0 0.254883 0.133789 0.001953 0.001953
0 0.178711 0.136719 0.001953 0.007812
0 0.657227 0.131836 0.001953 0.001953
0 0.663086 0.133789 0.005859 0.009766
0 0.590820 0.129883 0.001953 0.001953
0 0.958008 0.127930 0.001953 0.001953
0 0.665039 0.127930 0.001953 0.001953
0 0.172852 0.133789 0.009766 0.013672
0 0.009766 0.131836 0.019531 0.013672
0 0.581055 0.124023 0.001953 0.001953
0 0.013672 0.122070 0.003906 0.005859
1 0.516602 0.118164 0.001953 0.001953
0 0.984375 0.131836 0.027344 0.033203
0 0.956055 0.116211 0.001953 0.001953
0 0.453125 0.119141 0.007812 0.007812
0 0.251953 0.114258 0.003906 0.001953
0 0.815430 0.108398 0.001953 0.001953
0 0.246094 0.110352 0.007812 0.005859
0 0.040039 0.114258 0.009766 0.013672
0 0.745117 0.106445 0.001953 0.001953
0 0.666992 0.106445 0.001953 0.001953
0 0.945312 0.118164 0.019531 0.029297
0 0.252930 0.104492 0.001953 0.001953
0 0.025391 0.105469 0.007812 0.007812
0 0.422852 0.098633 0.001953 0.001953
0 0.252930 0.098633 0.001953 0.001953
0 0.905273 0.096680 0.001953 0.001953
0 0.483398 0.096680 0.001953 0.001953
0 0.020508 0.097656 0.001953 0.003906
0 0.825195 0.090820 0.001953 0.001953
0 0.539062 0.088867 0.003906 0.001953
0 0.475586 0.092773 0.009766 0.009766
0 0.424805 0.084961 0.001953 0.001953
0 0.686523 0.082031 0.001953 0.003906
0 0.475586 0.083008 0.005859 0.005859
0 0.940430 0.077148 0.001953 0.001953
0 0.889648 0.089844 0.029297 0.027344
0 0.882812 0.078125 0.003906 0.003906
0 0.873047 0.078125 0.003906 0.003906
0 0.741211 0.077148 0.001953 0.001953
0 0.497070 0.077148 0.001953 0.001953
0 0.948242 0.075195 0.001953 0.001953
0 0.932617 0.067383 0.001953 0.001953
0 0.535156 0.069336 0.007812 0.005859
0 0.541992 0.065430 0.001953 0.001953
0 0.727539 0.063477 0.001953 0.001953
1 0.711914 0.063477 0.001953 0.001953
0 0.723633 0.061523 0.001953 0.001953
0 0.823242 0.063477 0.009766 0.009766
0 0.334961 0.059570 0.001953 0.001953
0 0.922852 0.057617 0.001953 0.001953
0 0.405273 0.053711 0.001953 0.001953
0 0.883789 0.061523 0.017578 0.025391
0 0.895508 0.047852 0.001953 0.001953
0 0.121094 0.054688 0.015625 0.015625
0 0.826172 0.046875 0.003906 0.003906
0 0.609375 0.045898 0.003906 0.001953
0 0.112305 0.045898 0.001953 0.001953
0 0.899414 0.042969 0.001953 0.003906
1 0.711914 0.038086 0.001953 0.001953
1 0.709961 0.034180 0.001953 0.001953
0 0.833984 0.041016 0.007812 0.019531
0 0.719727 0.035156 0.013672 0.011719
0 0.829102 0.026367 0.005859 0.005859
0 0.758789 0.022461 0.001953 0.001953
0 0.813477 0.021484 0.005859 0.007812
0 0.629883 0.016602 0.001953 0.001953
0 0.061523 0.016602 0.001953 0.001953
0 0.741211 0.012695 0.001953 0.001953
0 0.047852 0.012695 0.001953 0.001953
0 0.756836 0.008789 0.001953 0.001953
0 0.430664 0.008789 0.001953 0.001953
0 0.795898 0.006836 0.001953 0.001953
0 0.987305 0.002930 0.001953 0.001953
0 0.919922 0.040039 0.160156 0.080078
0 0.850586 0.000977 0.001953 0.001953
0 0.812500 0.004883 0.039062 0.009766
0 0.754883 0.003906 0.060547 0.007812
0 0.738281 0.099609 0.222656 0.199219
0 0.382812 0.212891 0.496094 0.425781
0 0.018555 0.016602 0.037109 0.033203
2 0.874023 0.999023 0.005859 0.001953
2 0.690430 0.999023 0.001953 0.001953
2 0.750000 0.998047 0.003906 0.003906
2 0.836914 0.995117 0.001953 0.001953
2 0.836914 0.989258 0.001953 0.005859
2 0.846680 0.986328 0.005859 0.003906
2 0.846680 0.981445 0.001953 0.001953
2 0.170898 0.958008 0.001953 0.001953
2 0.168945 0.954102 0.001953 0.001953
3 0.639648 0.909180 0.001953 0.001953
2 0.221680 0.893555 0.001953 0.001953
2 0.217773 0.892578 0.001953 0.003906
2 0.657227 0.889648 0.001953 0.001953
2 0.172852 0.844727 0.001953 0.001953
2 0.834961 0.840820 0.001953 0.001953
2 0.178711 0.844727 0.005859 0.009766
2 0.888672 0.798828 0.003906 0.003906
2 0.887695 0.784180 0.001953 0.001953
3 0.756836 0.782227 0.001953 0.001953
3 0.799805 0.780273 0.001953 0.001953
2 0.116211 0.776367 0.001953 0.001953
2 0.094727 0.752930 0.001953 0.001953
3 0.821289 0.751953 0.001953 0.003906
2 0.096680 0.745117 0.001953 0.001953
2 0.092773 0.744141 0.001953 0.003906
2 0.084961 0.737305 0.001953 0.001953
2 0.882812 0.731445 0.003906 0.001953
3 0.749023 0.728516 0.005859 0.007812
3 0.758789 0.723633 0.001953 0.001953
3 0.747070 0.720703 0.001953 0.003906
3 0.145508 0.717773 0.001953 0.001953
3 0.139648 0.714844 0.005859 0.003906
2 0.174805 0.709961 0.001953 0.001953
2 0.770508 0.706055 0.001953 0.001953
2 0.778320 0.702148 0.001953 0.001953
2 0.755859 0.702148 0.015625 0.005859
2 0.926758 0.694336 0.001953 0.001953
2 0.087891 0.842773 0.175781 0.314453
3 0.848633 0.678711 0.001953 0.001953
2 0.823242 0.676758 0.001953 0.001953
2 0.848633 0.673828 0.001953 0.003906
2 0.823242 0.671875 0.001953 0.003906
2 0.892578 0.659180 0.003906 0.005859
2 0.835938 0.695312 0.117188 0.082031
2 0.045898 0.653320 0.001953 0.001953
2 0.891602 0.645508 0.013672 0.013672
3 0.786133 0.639648 0.001953 0.001953
2 0.024414 0.633789 0.001953 0.001953
2 0.889648 0.805664 0.220703 0.388672
3 0.815430 0.608398 0.001953 0.001953
2 0.872070 0.606445 0.001953 0.001953
2 0.866211 0.604492 0.001953 0.001953
2 0.857422 0.605469 0.007812 0.003906
2 0.884766 0.601562 0.003906 0.003906
2 0.946289 0.588867 0.001953 0.001953
3 0.827148 0.588867 0.001953 0.001953
3 0.825195 0.583008 0.001953 0.001953
2 0.883789 0.589844 0.021484 0.019531
2 0.124023 0.575195 0.001953 0.001953
2 0.856445 0.557617 0.001953 0.001953
2 0.958008 0.522461 0.001953 0.001953
2 0.950195 0.522461 0.001953 0.001953
2 0.946289 0.522461 0.001953 0.001953
2 0.958008 0.514648 0.001953 0.001953
2 0.952148 0.509766 0.001953 0.003906
2 0.958008 0.555664 0.083984 0.103516
2 0.899414 0.504883 0.001953 0.001953
2 0.971680 0.499023 0.001953 0.001953
2 0.967773 0.499023 0.001953 0.001953
2 0.948242 0.475586 0.001953 0.001953
2 0.920898 0.463867 0.001953 0.001953
3 0.866211 0.464844 0.001953 0.003906
2 0.922852 0.456055 0.001953 0.001953
2 0.973633 0.466797 0.052734 0.070312
2 0.984375 0.433594 0.003906 0.007812
2 0.231445 0.420898 0.001953 0.001953
2 0.920898 0.409180 0.001953 0.001953
2 0.185547 0.400391 0.007812 0.003906
2 0.971680 0.370117 0.001953 0.001953
2 0.045898 0.358398 0.001953 0.001953
2 0.315430 0.354492 0.001953 0.001953
2 0.215820 0.336914 0.001953 0.001953
2 0.032227 0.329102 0.001953 0.001953
2 0.026367 0.329102 0.001953 0.001953
2 0.278320 0.321289 0.001953 0.001953
2 0.297852 0.317383 0.001953 0.001953
2 0.063477 0.319336 0.005859 0.005859
2 0.321289 0.284180 0.001953 0.001953
2 0.319336 0.278320 0.001953 0.001953
2 0.315430 0.278320 0.001953 0.001953
2 0.309570 0.276367 0.001953 0.001953
2 0.296875 0.258789 0.003906 0.001953
2 0.277344 0.262695 0.007812 0.009766
2 0.288086 0.257812 0.009766 0.003906
2 0.288086 0.243164 0.001953 0.001953
2 0.237305 0.241211 0.001953 0.001953
2 0.319336 0.227539 0.001953 0.001953
2 0.239258 0.223633 0.005859 0.005859
3 0.969727 0.217773 0.001953 0.001953
2 0.309570 0.217773 0.001953 0.001953
2 0.305664 0.217773 0.001953 0.001953
2 0.307617 0.208008 0.001953 0.001953
2 0.368164 0.200195 0.001953 0.001953
2 0.725586 0.185547 0.001953 0.003906
2 0.754883 0.170898 0.001953 0.001953
2 0.754883 0.164062 0.001953 0.003906
2 0.367188 0.167969 0.007812 0.011719
2 0.366211 0.163086 0.001953 0.001953
2 0.262695 0.157227 0.001953 0.001953
2 0.387695 0.154297 0.001953 0.003906
2 0.450195 0.149414 0.001953 0.001953
2 0.446289 0.148438 0.001953 0.003906
2 0.442383 0.145508 0.001953 0.001953
2 0.312500 0.145508 0.011719 0.005859
2 0.806641 0.128906 0.003906 0.003906
2 0.819336 0.124023 0.001953 0.001953
2 0.823242 0.122070 0.001953 0.001953
2 0.333008 0.217773 0.095703 0.193359
2 0.819336 0.120117 0.001953 0.001953
2 0.385742 0.118164 0.001953 0.001953
2 0.819336 0.114258 0.001953 0.001953
2 0.291992 0.114258 0.001953 0.001953
2 0.586914 0.094727 0.001953 0.001953
2 0.583008 0.090820 0.001953 0.001953
2 0.551758 0.073242 0.001953 0.001953
2 0.749023 0.067383 0.001953 0.001953
2 0.553711 0.068359 0.005859 0.003906
2 0.932617 0.061523 0.001953 0.001953
2 0.346680 0.060547 0.005859 0.003906
2 0.472656 0.058594 0.003906 0.003906
2 0.483398 0.053711 0.001953 0.001953
2 0.534180 0.051758 0.001953 0.001953
2 0.467773 0.055664 0.013672 0.009766
2 0.801758 0.050781 0.005859 0.003906
2 0.797852 0.047852 0.001953 0.001953
2 0.499023 0.047852 0.001953 0.001953
2 0.452148 0.047852 0.001953 0.001953
2 0.446289 0.045898 0.001953 0.001953
2 0.996094 0.044922 0.007812 0.003906
2 0.672852 0.043945 0.001953 0.001953
2 0.485352 0.043945 0.001953 0.001953
2 0.489258 0.038086 0.001953 0.001953
2 0.789062 0.041016 0.007812 0.011719
2 0.668945 0.034180 0.001953 0.001953
2 0.611328 0.034180 0.003906 0.001953
2 0.890625 0.032227 0.003906 0.001953
2 0.526367 0.040039 0.033203 0.017578
2 0.997070 0.030273 0.001953 0.001953
2 0.741211 0.024414 0.001953 0.001953
2 0.426758 0.024414 0.001953 0.001953
2 0.000977 0.025391 0.001953 0.007812
2 0.799805 0.021484 0.001953 0.003906
2 0.389648 0.020508 0.001953 0.001953
2 0.026367 0.020508 0.001953 0.001953
2 0.497070 0.018555 0.001953 0.001953
2 0.387695 0.016602 0.001953 0.001953
2 0.620117 0.010742 0.001953 0.001953
2 0.421875 0.006836 0.003906 0.001953
2 0.482422 0.019531 0.039062 0.035156
2 0.988281 0.004883 0.023438 0.009766
2 0.939453 0.004883 0.027344 0.009766
2 0.875977 0.000977 0.001953 0.001953
2 0.619141 0.001953 0.003906 0.003906
2 0.440430 0.020508 0.029297 0.041016
2 0.417969 0.001953 0.003906 0.003906
2 0.389648 0.000977 0.001953 0.001953
2 0.379883 0.001953 0.001953 0.003906
2 0.500000 0.500000 1.000000 1.000000