0 0.868164 0.999023 0.001953 0.001953
0 0.251953 0.999023 0.003906 0.001953
0 0.247070 0.999023 0.001953 0.001953
0 0.868164 0.994141 0.001953 0.003906
0 0.074219 0.989258 0.003906 0.001953
0 0.063477 0.981445 0.005859 0.009766
0 0.076172 0.973633 0.019531 0.009766
0 0.059570 0.970703 0.005859 0.003906
0 0.008789 0.965820 0.001953 0.001953
0 0.860352 0.980469 0.017578 0.039062
0 0.822266 0.976562 0.023438 0.046875
0 0.174805 0.956055 0.021484 0.021484
0 0.064453 0.955078 0.023438 0.019531
0 0.008789 0.952148 0.017578 0.021484
0 0.047852 0.942383 0.005859 0.009766
0 0.028320 0.951172 0.021484 0.027344
0 0.887695 0.940430 0.005859 0.009766
0 0.893555 0.934570 0.001953 0.001953
0 0.905273 0.965820 0.072266 0.068359
0 0.847656 0.965820 0.031250 0.068359
0 0.001953 0.927734 0.003906 0.007812
0 0.823242 0.920898 0.013672 0.009766
0 0.821289 0.911133 0.001953 0.001953
0 0.021484 0.919922 0.031250 0.019531
0 0.103516 0.892578 0.003906 0.003906
0 0.110352 0.892578 0.005859 0.007812
1 0.055664 0.883789 0.005859 0.005859
0 0.046875 0.881836 0.011719 0.013672
1 0.907227 0.858398 0.001953 0.005859
1 0.247070 0.856445 0.001953 0.001953
1 0.530273 0.855469 0.001953 0.003906
0 0.931641 0.856445 0.031250 0.025391
0 0.981445 0.842773 0.001953 0.001953
0 0.926758 0.839844 0.005859 0.007812
0 0.592773 0.840820 0.009766 0.017578
0 0.980469 0.832031 0.007812 0.011719
0 0.890625 0.804688 0.003906 0.003906
0 0.366211 0.795898 0.001953 0.001953
0 0.858398 0.807617 0.033203 0.029297
1 0.012695 0.795898 0.005859 0.005859
0 0.859375 0.792969 0.003906 0.003906
1 0.182617 0.788086 0.001953 0.001953
0 0.254883 0.786133 0.001953 0.001953
1 0.162109 0.785156 0.007812 0.003906
0 0.366211 0.781250 0.017578 0.023438
0 0.901367 0.768555 0.001953 0.005859
0 0.901367 0.756836 0.001953 0.001953
0 0.869141 0.774414 0.054688 0.064453
0 0.901367 0.739258 0.001953 0.005859
0 0.894531 0.739258 0.003906 0.005859
1 0.985352 0.757812 0.029297 0.046875
0 0.458984 0.738281 0.003906 0.007812
1 0.104492 0.733398 0.001953 0.001953
0 0.458008 0.731445 0.001953 0.001953
0 0.454102 0.731445 0.001953 0.001953
1 0.998047 0.731445 0.003906 0.005859
0 0.469727 0.729492 0.001953 0.001953
0 0.874023 0.727539 0.001953 0.001953
1 0.000977 0.727539 0.001953 0.001953
0 0.467773 0.724609 0.001953 0.003906
0 0.602539 0.717773 0.005859 0.009766
0 0.895508 0.710938 0.005859 0.011719
0 0.357422 0.700195 0.027344 0.033203
0 0.489258 0.697266 0.025391 0.035156
1 0.344727 0.678711 0.001953 0.001953
0 0.859375 0.672852 0.003906 0.005859
0 0.355469 0.670898 0.015625 0.009766
0 0.500000 0.683594 0.019531 0.042969
0 0.350586 0.663086 0.001953 0.001953
1 0.603516 0.664062 0.007812 0.007812
0 0.428711 0.659180 0.001953 0.001953
1 0.601562 0.657227 0.003906 0.001953
0 0.365234 0.657227 0.019531 0.009766
0 0.358398 0.648438 0.001953 0.003906
0 0.363281 0.628906 0.007812 0.007812
0 0.836914 0.618164 0.005859 0.009766
1 0.041992 0.610352 0.005859 0.009766
0 0.870117 0.676758 0.052734 0.150391
0 0.443359 0.634766 0.031250 0.066406
0 0.200195 0.600586 0.001953 0.001953
0 0.204102 0.598633 0.001953 0.001953
1 0.040039 0.597656 0.001953 0.007812
0 0.659180 0.594727 0.001953 0.005859
0 0.655273 0.590820 0.001953 0.001953
0 0.649414 0.591797 0.005859 0.003906
0 0.338867 0.590820 0.009766 0.009766
0 0.217773 0.599609 0.017578 0.027344
0 0.196289 0.584961 0.001953 0.001953
1 0.179688 0.587891 0.003906 0.007812
1 0.036133 0.585938 0.001953 0.007812
0 0.325195 0.584961 0.009766 0.017578
0 0.200195 0.573242 0.001953 0.001953
0 0.192383 0.571289 0.001953 0.001953
0 0.187500 0.572266 0.007812 0.011719
0 0.351562 0.565430 0.003906 0.001953
0 0.321289 0.564453 0.005859 0.003906
0 0.154297 0.563477 0.019531 0.013672
0 0.184570 0.555664 0.001953 0.001953
0 0.055664 0.555664 0.001953 0.001953
0 0.051758 0.555664 0.001953 0.001953
0 0.319336 0.553711 0.001953 0.001953
0 0.136719 0.554688 0.003906 0.003906
0 0.062500 0.554688 0.007812 0.003906
0 0.200195 0.558594 0.013672 0.015625
0 0.146484 0.552734 0.003906 0.003906
0 0.339844 0.565430 0.023438 0.037109
0 0.198242 0.545898 0.001953 0.001953
0 0.187500 0.548828 0.007812 0.007812
1 0.572266 0.544922 0.003906 0.003906
0 0.053711 0.544922 0.017578 0.011719
1 0.490234 0.529297 0.003906 0.007812
1 0.496094 0.525391 0.003906 0.003906
1 0.495117 0.520508 0.001953 0.001953
1 0.489258 0.521484 0.001953 0.003906
0 0.889648 0.509766 0.013672 0.007812
1 0.155273 0.506836 0.001953 0.001953
1 0.296875 0.507812 0.007812 0.007812
1 0.146484 0.505859 0.003906 0.003906
0 0.159180 0.502930 0.005859 0.001953
0 0.153320 0.502930 0.001953 0.001953
1 0.172852 0.500977 0.001953 0.001953
0 0.158203 0.497070 0.003906 0.005859
0 0.090820 0.489258 0.001953 0.001953
0 0.534180 0.489258 0.009766 0.009766
0 0.532227 0.483398 0.001953 0.001953
0 0.086914 0.474609 0.017578 0.007812
0 0.270508 0.465820 0.001953 0.001953
0 0.266602 0.465820 0.001953 0.001953
0 0.513672 0.463867 0.003906 0.001953
0 0.103516 0.468750 0.011719 0.019531
0 0.090820 0.458008 0.021484 0.013672
0 0.047852 0.443359 0.001953 0.003906
0 0.266602 0.451172 0.013672 0.023438
0 0.317383 0.472656 0.041016 0.070312
0 0.815430 0.434570 0.005859 0.001953
0 0.038086 0.438477 0.005859 0.009766
0 0.813477 0.428711 0.001953 0.005859
1 0.738281 0.435547 0.035156 0.023438
0 0.194336 0.425781 0.005859 0.003906
1 0.967773 0.420898 0.001953 0.001953
1 0.717773 0.425781 0.005859 0.011719
0 0.085938 0.438477 0.027344 0.037109
1 0.979492 0.441406 0.037109 0.046875
1 0.736328 0.418945 0.003906 0.001953
0 0.046875 0.419922 0.003906 0.003906
0 0.038086 0.419922 0.001953 0.003906
1 0.697266 0.421875 0.015625 0.011719
1 0.659180 0.415039 0.001953 0.001953
0 0.114258 0.415039 0.001953 0.001953
0 0.047852 0.415039 0.001953 0.001953
0 0.204102 0.409180 0.005859 0.005859
0 0.041016 0.411133 0.003906 0.009766
0 0.041992 0.403320 0.001953 0.001953
0 0.066406 0.420898 0.031250 0.044922
0 0.058594 0.402344 0.019531 0.019531
1 0.472656 0.397461 0.011719 0.013672
0 0.567383 0.384766 0.005859 0.003906
1 0.760742 0.376953 0.021484 0.015625
1 0.756836 0.366211 0.001953 0.001953
0 0.178711 0.391602 0.041016 0.052734
0 0.871094 0.445312 0.117188 0.179688
0 0.825195 0.350586 0.001953 0.001953
1 0.869141 0.349609 0.003906 0.003906
1 0.831055 0.348633 0.001953 0.001953
0 0.813477 0.343750 0.009766 0.007812
0 0.005859 0.356445 0.011719 0.033203
0 0.784180 0.338867 0.001953 0.001953
1 0.432617 0.335938 0.009766 0.011719
1 0.428711 0.329102 0.001953 0.001953
0 0.416992 0.329102 0.013672 0.013672
0 0.012695 0.318359 0.001953 0.003906
0 0.173828 0.326172 0.023438 0.031250
0 0.023438 0.344727 0.023438 0.068359
0 0.117188 0.311523 0.007812 0.005859
1 0.313477 0.316406 0.005859 0.019531
0 0.173828 0.308594 0.011719 0.007812
0 0.811523 0.304688 0.005859 0.003906
0 0.396484 0.311523 0.015625 0.017578
0 0.011719 0.305664 0.003906 0.005859
0 0.385742 0.299805 0.001953 0.001953
0 0.293945 0.312500 0.025391 0.031250
1 0.467773 0.295898 0.001953 0.001953
0 0.586914 0.293945 0.001953 0.001953
0 0.837891 0.319336 0.035156 0.056641
1 0.929688 0.290039 0.003906 0.001953
0 0.605469 0.304688 0.027344 0.039062
0 0.478516 0.293945 0.019531 0.025391
1 0.465820 0.282227 0.001953 0.001953
0 0.011719 0.289062 0.015625 0.019531
1 0.825195 0.282227 0.005859 0.009766
0 0.006836 0.279297 0.001953 0.003906
0 0.408203 0.299805 0.054688 0.052734
0 0.449219 0.272461 0.003906 0.005859
1 0.783203 0.301758 0.074219 0.076172
0 0.985352 0.274414 0.029297 0.025391
1 0.735352 0.254883 0.001953 0.001953
0 0.584961 0.254883 0.001953 0.001953
0 0.598633 0.276367 0.037109 0.056641
1 0.594727 0.246094 0.001953 0.003906
1 0.590820 0.245117 0.001953 0.001953
1 0.356445 0.245117 0.001953 0.001953
0 0.945312 0.245117 0.011719 0.005859
1 0.352539 0.244141 0.001953 0.003906
0 0.571289 0.253906 0.021484 0.027344
1 0.645508 0.235352 0.001953 0.001953
0 0.690430 0.275391 0.064453 0.093750
0 0.692383 0.229492 0.001953 0.001953
1 0.420898 0.232422 0.005859 0.007812
0 0.373047 0.230469 0.003906 0.003906
0 0.928711 0.234375 0.017578 0.015625
0 0.367188 0.235352 0.003906 0.017578
0 0.422852 0.224609 0.005859 0.003906
0 0.964844 0.247070 0.070312 0.052734
0 0.364258 0.221680 0.001953 0.001953
0 0.694336 0.217773 0.001953 0.001953
0 0.690430 0.215820 0.001953 0.001953
0 0.346680 0.215820 0.001953 0.001953
0 0.411133 0.212891 0.005859 0.003906
0 0.420898 0.209961 0.009766 0.013672
0 0.407227 0.201172 0.005859 0.007812
1 0.129883 0.190430 0.001953 0.001953
1 0.115234 0.196289 0.023438 0.013672
0 0.562500 0.189453 0.003906 0.003906
0 0.360352 0.184570 0.001953 0.001953
0 0.355469 0.185547 0.003906 0.003906
0 0.983398 0.182617 0.001953 0.001953
0 0.345703 0.176758 0.003906 0.001953
0 0.749023 0.190430 0.029297 0.033203
0 0.395508 0.175781 0.001953 0.003906
1 0.316406 0.209961 0.070312 0.076172
1 0.762695 0.170898 0.001953 0.001953
0 0.956055 0.195312 0.087891 0.062500
1 0.631836 0.163086 0.001953 0.001953
0 0.576172 0.159180 0.003906 0.001953
0 0.562500 0.172852 0.027344 0.033203
0 0.282227 0.165039 0.013672 0.017578
0 0.833008 0.157227 0.001953 0.005859
0 0.539062 0.169922 0.019531 0.031250
0 0.162109 0.156250 0.003906 0.003906
0 0.281250 0.150391 0.003906 0.003906
0 0.719727 0.147461 0.001953 0.001953
0 0.347656 0.162109 0.027344 0.039062
0 0.410156 0.142578 0.003906 0.003906
1 0.760742 0.135742 0.005859 0.005859
0 0.392578 0.133789 0.003906 0.005859
1 0.654297 0.167969 0.042969 0.082031
0 0.703125 0.175781 0.046875 0.101562
0 0.400391 0.128906 0.015625 0.007812
0 0.448242 0.124023 0.001953 0.001953
0 0.688477 0.125000 0.005859 0.007812
0 0.459961 0.125977 0.009766 0.017578
0 0.456055 0.117188 0.005859 0.003906
0 0.450195 0.116211 0.001953 0.001953
0 0.164062 0.130859 0.027344 0.035156
0 0.441406 0.115234 0.007812 0.007812
1 0.060547 0.114258 0.003906 0.005859
0 0.820312 0.114258 0.011719 0.025391
1 0.520508 0.102539 0.001953 0.001953
0 0.434570 0.102539 0.001953 0.001953
1 0.526367 0.099609 0.001953 0.003906
0 0.426758 0.098633 0.001953 0.001953
1 0.317383 0.096680 0.001953 0.001953
1 0.308594 0.100586 0.011719 0.009766
0 0.422852 0.094727 0.001953 0.001953
1 0.602539 0.092773 0.001953 0.001953
1 0.518555 0.094727 0.005859 0.009766
1 0.088867 0.091797 0.005859 0.003906
0 0.442383 0.096680 0.009766 0.017578
1 0.705078 0.098633 0.019531 0.025391
1 0.514648 0.083008 0.001953 0.001953
1 0.103516 0.084961 0.007812 0.005859
1 0.520508 0.082031 0.001953 0.003906
1 0.303711 0.081055 0.001953 0.001953
1 0.621094 0.085938 0.031250 0.023438
1 0.526367 0.075195 0.001953 0.001953
0 0.502930 0.077148 0.001953 0.005859
0 0.426758 0.083984 0.017578 0.019531
1 0.313477 0.075195 0.001953 0.001953
0 0.467773 0.073242 0.005859 0.005859
0 0.516602 0.070312 0.001953 0.003906
1 0.311523 0.068359 0.001953 0.003906
0 0.523438 0.068359 0.007812 0.007812
0 0.805664 0.063477 0.001953 0.001953
0 0.805664 0.058594 0.005859 0.003906
0 0.360352 0.055664 0.001953 0.001953
1 0.617188 0.058594 0.007812 0.011719
1 0.607422 0.054688 0.003906 0.003906
1 0.046875 0.053711 0.007812 0.001953
0 0.536133 0.049805 0.001953 0.001953
0 0.652344 0.047852 0.003906 0.001953
1 0.301758 0.060547 0.033203 0.027344
0 0.096680 0.056641 0.021484 0.019531
0 0.898438 0.047852 0.011719 0.005859
1 0.555664 0.088867 0.064453 0.095703
1 0.042969 0.043945 0.019531 0.013672
1 0.015625 0.047852 0.027344 0.021484
0 0.627930 0.032227 0.001953 0.001953
0 0.448242 0.042969 0.025391 0.023438
0 0.356445 0.039062 0.017578 0.023438
0 0.440430 0.029297 0.013672 0.011719
0 0.668945 0.022461 0.001953 0.001953
1 0.545898 0.022461 0.005859 0.005859
0 0.450195 0.022461 0.009766 0.005859
0 0.909180 0.106445 0.181641 0.177734
1 0.552734 0.025391 0.027344 0.027344
0 0.669922 0.013672 0.003906 0.007812
0 0.793945 0.015625 0.017578 0.019531
0 0.094727 0.027344 0.017578 0.042969
0 0.907227 0.003906 0.005859 0.007812
0 0.895508 0.000977 0.005859 0.001953
0 0.901367 0.037109 0.197266 0.074219
0 0.809570 0.004883 0.017578 0.009766
0 0.797852 0.001953 0.005859 0.003906
0 0.790039 0.000977 0.001953 0.001953
0 0.760742 0.001953 0.001953 0.003906
0 0.751953 0.000977 0.003906 0.001953
0 0.737305 0.005859 0.009766 0.011719
0 0.657227 0.004883 0.021484 0.009766
0 0.638672 0.021484 0.042969 0.042969
0 0.614258 0.000977 0.001953 0.001953
1 0.187500 0.001953 0.007812 0.003906
1 0.157227 0.004883 0.017578 0.009766
2 0.880859 0.997070 0.007812 0.005859
2 0.909180 0.969727 0.001953 0.001953
2 0.904297 0.965820 0.007812 0.005859
2 0.915039 0.976562 0.025391 0.031250
2 0.846680 0.954102 0.001953 0.001953
2 0.920898 0.949219 0.001953 0.003906
2 0.999023 0.270508 0.001953 0.001953
2 0.897461 0.177734 0.009766 0.007812
2 0.911133 0.164062 0.009766 0.007812
2 0.901367 0.159180 0.001953 0.001953
2 0.961914 0.155273 0.001953 0.001953
2 0.868164 0.151367 0.009766 0.009766
2 0.851562 0.141602 0.003906 0.001953
2 0.917969 0.130859 0.003906 0.007812
2 0.960938 0.129883 0.050781 0.021484
2 0.917969 0.110352 0.003906 0.001953
2 0.905273 0.110352 0.013672 0.005859
2 0.898438 0.124023 0.035156 0.048828
2 0.892578 0.099609 0.007812 0.007812
2 0.848633 0.094727 0.005859 0.005859
2 0.905273 0.091797 0.009766 0.007812
2 0.960938 0.098633 0.078125 0.033203
2 0.914062 0.078125 0.007812 0.007812
2 0.966797 0.074219 0.003906 0.003906
2 0.978516 0.074219 0.011719 0.007812
2 0.938477 0.071289 0.001953 0.001953
2 0.987305 0.070312 0.001953 0.003906
2 0.907227 0.071289 0.005859 0.005859
2 0.956055 0.068359 0.021484 0.011719
2 0.995117 0.068359 0.009766 0.019531
2 0.870117 0.061523 0.009766 0.005859
2 0.875977 0.053711 0.005859 0.005859
2 0.815430 0.049805 0.001953 0.001953
2 0.930664 0.040039 0.001953 0.001953
2 0.996094 0.038086 0.007812 0.013672
2 0.859375 0.022461 0.003906 0.001953
2 0.862305 0.011719 0.025391 0.011719
2 0.839844 0.008789 0.007812 0.005859
2 0.632812 0.009766 0.007812 0.007812
2 0.993164 0.005859 0.005859 0.003906
2 0.966797 0.001953 0.003906 0.003906
2 0.939453 0.002930 0.031250 0.005859
2 0.919922 0.018555 0.078125 0.037109
3 0.500000 0.500000 1.000000 1.000000