1 0.731445 0.999023 0.001953 0.001953
0 0.505859 0.999023 0.003906 0.001953
0 0.499023 0.995117 0.001953 0.001953
0 0.484375 0.996094 0.007812 0.007812
0 0.894531 0.992188 0.007812 0.007812
1 0.724609 0.990234 0.003906 0.003906
1 0.725586 0.985352 0.001953 0.001953
0 0.987305 0.991211 0.025391 0.017578
0 0.493164 0.989258 0.021484 0.013672
0 0.672852 0.981445 0.001953 0.001953
0 0.502930 0.981445 0.001953 0.001953
0 0.854492 0.978516 0.001953 0.003906
0 0.569336 0.983398 0.013672 0.013672
0 0.030273 0.979492 0.005859 0.005859
0 0.041016 0.975586 0.003906 0.001953
0 0.681641 0.977539 0.015625 0.009766
0 0.129883 0.974609 0.005859 0.003906
0 0.846680 0.973633 0.005859 0.005859
0 0.663086 0.967773 0.001953 0.001953
0 0.526367 0.981445 0.037109 0.029297
0 0.041992 0.968750 0.005859 0.003906
0 0.030273 0.967773 0.001953 0.001953
0 0.177734 0.964844 0.003906 0.003906
0 0.789062 0.962891 0.003906 0.003906
0 0.644531 0.960938 0.003906 0.003906
0 0.843750 0.958984 0.007812 0.003906
0 0.019531 0.977539 0.015625 0.041016
0 0.769531 0.968750 0.019531 0.027344
0 0.649414 0.958008 0.005859 0.005859
0 0.338867 0.956055 0.001953 0.001953
0 0.332031 0.958008 0.007812 0.005859
0 0.285156 0.964844 0.023438 0.027344
0 0.493164 0.950195 0.001953 0.001953
0 0.343750 0.951172 0.003906 0.003906
0 0.488281 0.950195 0.003906 0.005859
0 0.240234 0.955078 0.031250 0.015625
0 0.958008 0.946289 0.001953 0.001953
0 0.239258 0.946289 0.001953 0.001953
0 0.922852 0.944336 0.001953 0.001953
0 0.991211 0.940430 0.001953 0.001953
1 0.688477 0.940430 0.001953 0.001953
0 0.928711 0.938477 0.001953 0.001953
0 0.307617 0.938477 0.001953 0.001953
0 0.861328 0.952148 0.035156 0.033203
0 0.307617 0.934570 0.001953 0.001953
0 0.075195 0.941406 0.021484 0.015625
0 0.874023 0.932617 0.001953 0.001953
0 0.847656 0.932617 0.003906 0.001953
0 0.256836 0.927734 0.005859 0.003906
0 0.938477 0.922852 0.001953 0.001953
0 0.758789 0.924805 0.005859 0.005859
0 0.883789 0.924805 0.013672 0.009766
0 0.309570 0.922852 0.005859 0.005859
1 0.999023 0.917969 0.001953 0.003906
0 0.812500 0.916992 0.003906 0.001953
0 0.807617 0.916992 0.001953 0.001953
0 0.376953 0.935547 0.058594 0.039062
0 0.717773 0.913086 0.001953 0.001953
1 0.999023 0.912109 0.001953 0.003906
0 0.708984 0.914062 0.007812 0.007812
0 0.488281 0.931641 0.050781 0.042969
0 0.811523 0.903320 0.001953 0.001953
0 0.170898 0.904297 0.005859 0.003906
0 0.030273 0.920898 0.060547 0.037109
0 0.858398 0.903320 0.009766 0.013672
0 0.850586 0.898438 0.001953 0.003906
0 0.736328 0.895508 0.003906 0.005859
0 0.846680 0.891602 0.001953 0.001953
0 0.750977 0.892578 0.001953 0.003906
0 0.017578 0.892578 0.003906 0.003906
0 0.737305 0.889648 0.001953 0.001953
0 0.004883 0.889648 0.001953 0.001953
1 0.995117 0.888672 0.005859 0.003906
0 0.947266 0.935547 0.105469 0.101562
0 0.056641 0.883789 0.003906 0.001953
0 0.360352 0.887695 0.021484 0.021484
0 0.876953 0.875977 0.003906 0.005859
0 0.871094 0.875000 0.003906 0.003906
0 0.256836 0.875977 0.009766 0.005859
0 0.610352 0.872070 0.001953 0.001953
0 0.134766 0.875000 0.003906 0.007812
0 0.735352 0.878906 0.021484 0.019531
1 0.997070 0.868164 0.001953 0.001953
0 0.730469 0.866211 0.003906 0.001953
0 0.723633 0.866211 0.001953 0.001953
0 0.592773 0.875977 0.029297 0.025391
0 0.909180 0.860352 0.001953 0.001953
0 0.904297 0.860352 0.003906 0.001953
1 0.782227 0.859375 0.001953 0.003906
0 0.727539 0.858398 0.001953 0.001953
0 0.723633 0.858398 0.001953 0.001953
0 0.104492 0.863281 0.005859 0.011719
1 0.831055 0.856445 0.001953 0.001953
0 0.513672 0.863281 0.015625 0.019531
0 0.479492 0.851562 0.001953 0.003906
0 0.016602 0.850586 0.001953 0.001953
0 0.027344 0.863281 0.019531 0.031250
0 0.719727 0.855469 0.017578 0.019531
0 0.478516 0.846680 0.003906 0.001953
0 0.994141 0.846680 0.003906 0.005859
1 0.965820 0.856445 0.048828 0.033203
0 0.850586 0.846680 0.009766 0.013672
1 0.924805 0.838867 0.001953 0.001953
0 0.871094 0.860352 0.042969 0.044922
0 0.801758 0.878906 0.091797 0.082031
0 0.467773 0.838867 0.001953 0.001953
1 0.916992 0.855469 0.037109 0.039062
1 0.909180 0.836914 0.001953 0.001953
1 0.762695 0.836914 0.001953 0.001953
0 0.459961 0.836914 0.005859 0.001953
1 0.756836 0.833008 0.001953 0.001953
1 0.782227 0.842773 0.021484 0.029297
1 0.753906 0.824219 0.007812 0.011719
0 0.420898 0.830078 0.025391 0.023438
0 0.981445 0.817383 0.001953 0.001953
0 0.694336 0.817383 0.001953 0.001953
0 0.221680 0.817383 0.001953 0.001953
0 0.210938 0.823242 0.011719 0.013672
0 0.735352 0.809570 0.001953 0.001953
0 0.647461 0.809570 0.001953 0.001953
0 0.733398 0.805664 0.001953 0.001953
0 0.729492 0.805664 0.001953 0.001953
0 0.924805 0.803711 0.001953 0.001953
1 0.995117 0.806641 0.009766 0.011719
1 0.754883 0.797852 0.001953 0.001953
0 0.619141 0.800781 0.007812 0.007812
0 0.633789 0.795898 0.001953 0.001953
0 0.930664 0.789062 0.005859 0.003906
0 0.200195 0.791016 0.005859 0.007812
1 0.767578 0.789062 0.011719 0.007812
0 0.944336 0.799805 0.033203 0.037109
0 0.673828 0.796875 0.031250 0.031250
0 0.966797 0.781250 0.003906 0.003906
0 0.961914 0.780273 0.001953 0.001953
0 0.260742 0.781250 0.001953 0.003906
0 0.282227 0.798828 0.037109 0.042969
0 0.268555 0.778320 0.001953 0.001953
0 0.662109 0.777344 0.003906 0.003906
0 0.653320 0.774414 0.001953 0.001953
0 0.815430 0.772461 0.001953 0.001953
0 0.811523 0.772461 0.001953 0.001953
0 0.330078 0.771484 0.003906 0.003906
0 0.682617 0.768555 0.001953 0.001953
0 0.380859 0.763672 0.003906 0.003906
0 0.352539 0.779297 0.076172 0.035156
0 0.801758 0.766602 0.029297 0.013672
0 0.180664 0.766602 0.025391 0.013672
0 0.695312 0.766602 0.019531 0.021484
0 0.624023 0.756836 0.001953 0.001953
0 0.257812 0.761719 0.011719 0.011719
0 0.631836 0.764648 0.013672 0.021484
0 0.986328 0.775391 0.027344 0.050781
0 0.738281 0.762695 0.039062 0.033203
0 0.216797 0.751953 0.007812 0.015625
0 0.041992 0.750000 0.009766 0.015625
0 0.075195 0.741211 0.001953 0.001953
0 0.377930 0.738281 0.001953 0.003906
0 0.374023 0.737305 0.001953 0.001953
0 0.433594 0.736328 0.011719 0.007812
0 0.360352 0.732422 0.005859 0.003906
0 0.351562 0.733398 0.007812 0.005859
0 0.445312 0.729492 0.007812 0.005859
0 0.454102 0.725586 0.001953 0.001953
0 0.431641 0.727539 0.007812 0.005859
0 0.081055 0.724609 0.001953 0.003906
0 0.939453 0.723633 0.007812 0.005859
0 0.739258 0.723633 0.005859 0.005859
0 0.614258 0.715820 0.001953 0.001953
0 0.095703 0.728516 0.023438 0.027344
0 0.880859 0.713867 0.003906 0.005859
0 0.934570 0.709961 0.001953 0.001953
0 0.532227 0.715820 0.017578 0.017578
0 0.698242 0.728516 0.021484 0.050781
0 0.918945 0.698242 0.001953 0.001953
0 0.540039 0.698242 0.001953 0.001953
0 0.999023 0.697266 0.001953 0.003906
0 0.924805 0.704102 0.025391 0.029297
0 0.476562 0.694336 0.011719 0.009766
0 0.979492 0.688477 0.009766 0.009766
0 0.443359 0.685547 0.003906 0.003906
0 0.983398 0.680664 0.001953 0.001953
0 0.477539 0.681641 0.005859 0.007812
0 0.415039 0.687500 0.048828 0.019531
0 0.987305 0.676758 0.001953 0.001953
0 0.696289 0.677734 0.001953 0.003906
0 0.432617 0.676758 0.001953 0.001953
0 0.893555 0.678711 0.013672 0.013672
0 0.225586 0.674805 0.005859 0.005859
0 0.981445 0.670898 0.005859 0.005859
0 0.790039 0.668945 0.001953 0.001953
0 0.458984 0.667969 0.003906 0.003906
0 0.085938 0.664062 0.007812 0.003906
0 0.520508 0.661133 0.001953 0.001953
0 0.235352 0.665039 0.013672 0.013672
0 0.924805 0.664062 0.013672 0.015625
0 0.532227 0.658203 0.001953 0.003906
0 0.549805 0.651367 0.001953 0.001953
0 0.126953 0.652344 0.003906 0.003906
0 0.030273 0.651367 0.001953 0.001953
0 0.955078 0.645508 0.003906 0.005859
0 0.499023 0.646484 0.021484 0.015625
0 0.115234 0.690430 0.062500 0.111328
0 0.967773 0.633789 0.001953 0.001953
0 0.183594 0.633789 0.003906 0.001953
0 0.323242 0.629883 0.001953 0.001953
0 0.909180 0.627930 0.001953 0.001953
0 0.459961 0.627930 0.001953 0.001953
0 0.421875 0.622070 0.003906 0.001953
0 0.522461 0.618164 0.001953 0.001953
0 0.420898 0.618164 0.001953 0.001953
0 0.332031 0.621094 0.011719 0.011719
0 0.117188 0.622070 0.015625 0.013672
0 0.913086 0.614258 0.001953 0.001953
0 0.876953 0.615234 0.003906 0.003906
0 0.418945 0.612305 0.001953 0.001953
0 0.037109 0.612305 0.011719 0.013672
0 0.952148 0.602539 0.001953 0.001953
0 0.912109 0.606445 0.011719 0.009766
0 0.798828 0.604492 0.003906 0.005859
0 0.274414 0.605469 0.009766 0.007812
0 0.252930 0.598633 0.001953 0.001953
0 0.344727 0.596680 0.001953 0.001953
0 0.775391 0.595703 0.003906 0.003906
0 0.089844 0.597656 0.019531 0.019531
0 0.987305 0.584961 0.001953 0.001953
0 0.928711 0.584961 0.001953 0.001953
0 0.941406 0.592773 0.023438 0.021484
0 0.806641 0.590820 0.011719 0.017578
0 0.937500 0.579102 0.003906 0.001953
0 0.782227 0.576172 0.013672 0.011719
0 0.397461 0.571289 0.001953 0.001953
0 0.394531 0.567383 0.003906 0.001953
0 0.912109 0.568359 0.027344 0.019531
0 0.993164 0.577148 0.013672 0.044922
0 0.918945 0.554688 0.005859 0.003906
0 0.008789 0.559570 0.009766 0.013672
0 0.393555 0.551758 0.001953 0.001953
0 0.740234 0.546875 0.003906 0.003906
0 0.302734 0.555664 0.023438 0.021484
0 0.371094 0.544922 0.003906 0.003906
0 0.103516 0.549805 0.011719 0.013672
0 0.065430 0.543945 0.005859 0.005859
0 0.795898 0.540039 0.001953 0.001953
0 0.839844 0.539062 0.007812 0.003906
0 0.803711 0.538086 0.001953 0.001953
0 0.803711 0.534180 0.001953 0.001953
0 0.915039 0.534180 0.009766 0.005859
0 0.834961 0.532227 0.001953 0.001953
0 0.794922 0.530273 0.003906 0.001953
0 0.132812 0.528320 0.007812 0.005859
0 0.114258 0.529297 0.009766 0.007812
0 0.872070 0.524414 0.001953 0.001953
0 0.874023 0.520508 0.001953 0.001953
0 0.885742 0.526367 0.017578 0.017578
0 0.197266 0.511719 0.007812 0.003906
0 0.856445 0.517578 0.029297 0.019531
0 0.014648 0.511719 0.029297 0.019531
0 0.402344 0.500977 0.003906 0.001953
0 0.145508 0.505859 0.013672 0.015625
0 0.958984 0.495117 0.003906 0.005859
1 0.052734 0.500977 0.011719 0.017578
0 0.425781 0.498047 0.019531 0.015625
0 0.948242 0.481445 0.001953 0.001953
0 0.921875 0.478516 0.003906 0.003906
0 0.932617 0.486328 0.021484 0.027344
0 0.059570 0.473633 0.001953 0.001953
1 0.867188 0.476562 0.011719 0.011719
0 0.041016 0.471680 0.003906 0.001953
0 0.036133 0.471680 0.001953 0.001953
0 0.979492 0.469727 0.001953 0.001953
0 0.913086 0.463867 0.005859 0.005859
0 0.563477 0.461914 0.001953 0.001953
0 0.086914 0.460938 0.001953 0.003906
0 0.404297 0.475586 0.027344 0.037109
0 0.101562 0.462891 0.011719 0.015625
0 0.000977 0.454102 0.001953 0.001953
0 0.006836 0.450195 0.001953 0.001953
0 0.000977 0.450195 0.001953 0.001953
0 0.570312 0.452148 0.007812 0.009766
0 0.133789 0.456055 0.005859 0.017578
0 0.767578 0.451172 0.011719 0.011719
0 0.656250 0.477539 0.062500 0.068359
0 0.399414 0.447266 0.009766 0.011719
0 0.133789 0.440430 0.001953 0.001953
0 0.071289 0.449219 0.021484 0.023438
0 0.926758 0.452148 0.025391 0.033203
0 0.784180 0.438477 0.009766 0.005859
0 0.789062 0.431641 0.003906 0.003906
0 0.145508 0.426758 0.001953 0.001953
0 0.141602 0.426758 0.001953 0.001953
1 0.124023 0.422852 0.001953 0.001953
0 0.627930 0.424805 0.005859 0.009766
0 0.014648 0.420898 0.001953 0.001953
0 0.124023 0.418945 0.001953 0.001953
0 0.013672 0.426758 0.015625 0.025391
0 0.002930 0.416016 0.001953 0.003906
0 0.847656 0.414062 0.003906 0.003906
0 0.067383 0.404297 0.001953 0.003906
0 0.063477 0.403320 0.001953 0.001953
0 0.052734 0.410156 0.011719 0.015625
0 0.124023 0.403320 0.013672 0.009766
0 0.688477 0.393555 0.005859 0.005859
0 0.759766 0.517578 0.480469 0.269531
0 0.147461 0.379883 0.001953 0.001953
0 0.545898 0.375977 0.001953 0.001953
0 0.086914 0.374023 0.001953 0.001953
0 0.150391 0.374023 0.007812 0.005859
0 0.540039 0.366211 0.001953 0.001953
0 0.144531 0.365234 0.003906 0.003906
0 0.075195 0.364258 0.001953 0.001953
0 0.548828 0.364258 0.011719 0.005859
0 0.100586 0.362305 0.001953 0.001953
0 0.089844 0.360352 0.003906 0.001953
0 0.943359 0.361328 0.007812 0.007812
0 0.135742 0.358398 0.001953 0.001953
0 0.098633 0.358398 0.001953 0.001953
0 0.084961 0.358398 0.001953 0.001953
0 0.143555 0.358398 0.005859 0.005859
0 0.533203 0.356445 0.003906 0.005859
0 0.135742 0.354492 0.001953 0.001953
0 0.135742 0.350586 0.001953 0.001953
0 0.059570 0.345703 0.005859 0.003906
0 0.061523 0.338867 0.013672 0.005859
0 0.584961 0.330078 0.001953 0.003906
0 0.833008 0.319336 0.005859 0.001953
0 0.009766 0.326172 0.019531 0.031250
0 0.625977 0.305664 0.001953 0.001953
0 0.633789 0.307617 0.009766 0.009766
0 0.951172 0.309570 0.015625 0.021484
0 0.878906 0.305664 0.015625 0.021484
0 0.841797 0.289062 0.007812 0.007812
0 0.659180 0.272461 0.001953 0.001953
0 0.613281 0.275391 0.007812 0.007812
0 0.786133 0.310547 0.099609 0.109375
0 0.643555 0.256836 0.001953 0.001953
0 0.948242 0.252930 0.005859 0.005859
0 0.708984 0.248047 0.003906 0.003906
0 0.710938 0.243164 0.007812 0.005859
0 0.709961 0.237305 0.001953 0.001953
0 0.072266 0.237305 0.003906 0.001953
0 0.148438 0.247070 0.019531 0.025391
0 0.644531 0.232422 0.003906 0.003906
0 0.988281 0.230469 0.007812 0.007812
0 0.653320 0.239258 0.021484 0.029297
0 0.094727 0.225586 0.001953 0.001953
0 0.088867 0.221680 0.001953 0.009766
0 0.079102 0.220703 0.013672 0.011719
0 0.054688 0.216797 0.007812 0.003906
0 0.091797 0.214844 0.007812 0.007812
0 0.970703 0.246094 0.058594 0.089844
0 0.321289 0.191406 0.005859 0.003906
0 0.971680 0.189453 0.001953 0.003906
0 0.985352 0.189453 0.009766 0.007812
0 0.316406 0.186523 0.003906 0.005859
0 0.117188 0.185547 0.011719 0.007812
0 0.055664 0.174805 0.001953 0.001953
0 0.340820 0.172852 0.001953 0.001953
0 0.026367 0.168945 0.001953 0.001953
0 0.019531 0.168945 0.007812 0.005859
0 0.015625 0.177734 0.023438 0.023438
0 0.037109 0.159180 0.003906 0.001953
0 0.349609 0.155273 0.003906 0.001953
0 0.332031 0.166992 0.031250 0.033203
0 0.857422 0.161133 0.023438 0.037109
0 0.209961 0.141602 0.001953 0.001953
0 0.036133 0.141602 0.001953 0.001953
0 0.005859 0.142578 0.003906 0.003906
0 0.046875 0.144531 0.019531 0.011719
0 0.079102 0.157227 0.044922 0.048828
0 0.365234 0.132812 0.003906 0.003906
0 0.051758 0.129883 0.005859 0.001953
0 0.352539 0.124023 0.001953 0.001953
0 0.006836 0.134766 0.013672 0.023438
0 0.008789 0.122070 0.001953 0.001953
1 0.102539 0.122070 0.001953 0.005859
0 0.360352 0.119141 0.001953 0.003906
0 0.212891 0.116211 0.003906 0.001953
1 0.063477 0.121094 0.021484 0.011719
1 0.058594 0.116211 0.007812 0.001953
1 0.098633 0.111328 0.005859 0.003906
0 0.360352 0.115234 0.021484 0.015625
0 0.200195 0.108398 0.001953 0.001953
1 0.120117 0.119141 0.025391 0.023438
0 0.317383 0.104492 0.005859 0.001953
0 0.310547 0.108398 0.007812 0.009766
0 0.248047 0.098633 0.003906 0.001953
1 0.159180 0.122070 0.041016 0.048828
0 0.255859 0.103516 0.011719 0.015625
0 0.208008 0.096680 0.001953 0.001953
1 0.202148 0.096680 0.005859 0.001953
0 0.309570 0.094727 0.001953 0.001953
0 0.334961 0.095703 0.041016 0.019531
0 0.237305 0.098633 0.021484 0.029297
0 0.000977 0.073242 0.001953 0.001953
0 0.810547 0.075195 0.007812 0.009766
0 0.028320 0.071289 0.001953 0.001953
0 0.023438 0.074219 0.007812 0.007812
0 0.928711 0.070312 0.005859 0.003906
0 0.995117 0.069336 0.009766 0.013672
0 0.733398 0.053711 0.001953 0.001953
0 0.884766 0.050781 0.003906 0.003906
0 0.060547 0.052734 0.019531 0.011719
1 0.403320 0.043945 0.001953 0.001953
0 0.105469 0.043945 0.003906 0.001953
0 0.068359 0.040039 0.003906 0.001953
1 0.433594 0.041016 0.007812 0.007812
0 0.922852 0.036133 0.001953 0.001953
0 0.644531 0.033203 0.003906 0.003906
0 0.582031 0.035156 0.007812 0.007812
0 0.866211 0.030273 0.009766 0.005859
0 0.702148 0.031250 0.009766 0.007812
0 0.926758 0.024414 0.001953 0.001953
0 0.818359 0.022461 0.003906 0.001953
1 0.413086 0.023438 0.005859 0.003906
0 0.704102 0.021484 0.009766 0.003906
0 0.444336 0.018555 0.009766 0.005859
0 0.544922 0.015625 0.003906 0.003906
0 0.818359 0.015625 0.007812 0.007812
0 0.776367 0.012695 0.001953 0.001953
0 0.822266 0.008789 0.003906 0.001953
0 0.711914 0.006836 0.001953 0.001953
1 0.276367 0.006836 0.001953 0.001953
0 0.166016 0.006836 0.003906 0.001953
0 0.976562 0.030273 0.046875 0.060547
0 0.915039 0.000977 0.001953 0.001953
0 0.897461 0.002930 0.005859 0.005859
0 0.712891 0.000977 0.003906 0.001953
1 0.388672 0.008789 0.031250 0.017578
1 0.315430 0.000977 0.001953 0.001953
1 0.288086 0.017578 0.041016 0.035156
1 0.269531 0.002930 0.019531 0.005859
0 0.210938 0.062500 0.402344 0.125000
0 0.095703 0.004883 0.023438 0.009766
0 0.014648 0.000977 0.001953 0.001953
0 0.005859 0.004883 0.011719 0.009766
2 0.997070 0.999023 0.001953 0.001953
2 0.986328 0.998047 0.011719 0.003906
2 0.947266 0.982422 0.003906 0.003906
2 0.916992 0.961914 0.001953 0.001953
2 0.913086 0.956055 0.001953 0.001953
2 0.014648 0.934570 0.001953 0.001953
2 0.991211 0.926758 0.001953 0.001953
2 0.997070 0.592773 0.001953 0.001953
2 0.995117 0.583008 0.001953 0.001953
2 0.999023 0.571289 0.001953 0.001953
2 0.000977 0.321289 0.001953 0.001953
3 0.365234 0.056641 0.015625 0.011719
3 0.348633 0.041992 0.005859 0.001953
2 0.998047 0.026367 0.003906 0.001953
3 0.288086 0.026367 0.001953 0.001953
2 0.974609 0.026367 0.003906 0.005859
2 0.981445 0.023438 0.005859 0.003906
3 0.294922 0.021484 0.003906 0.003906
2 0.242188 0.032227 0.207031 0.064453
2 0.500000 0.500000 1.000000 1.000000