0 0.499023 0.999023 0.001953 0.001953
0 0.059570 0.999023 0.001953 0.001953
0 0.816406 0.997070 0.003906 0.001953
0 0.778320 0.998047 0.009766 0.003906
0 0.430664 0.997070 0.001953 0.001953
0 0.297852 0.998047 0.001953 0.003906
0 0.766602 0.995117 0.001953 0.001953
0 0.654297 0.994141 0.003906 0.003906
0 0.475586 0.996094 0.021484 0.007812
0 0.495117 0.995117 0.001953 0.009766
0 0.057617 0.986328 0.001953 0.003906
0 0.978516 0.987305 0.023438 0.009766
0 0.755859 0.984375 0.003906 0.003906
0 0.694336 0.981445 0.001953 0.001953
0 0.702148 0.979492 0.001953 0.001953
0 0.663086 0.979492 0.001953 0.001953
0 0.647461 0.979492 0.001953 0.001953
0 0.472656 0.985352 0.007812 0.013672
0 0.467773 0.975586 0.001953 0.001953
0 0.696289 0.969727 0.001953 0.001953
0 0.452148 0.969727 0.001953 0.001953
0 0.407227 0.969727 0.001953 0.001953
0 0.402344 0.969727 0.003906 0.001953
0 0.264648 0.969727 0.001953 0.001953
0 0.000977 0.969727 0.001953 0.001953
0 0.036133 0.983398 0.029297 0.033203
0 0.256836 0.968750 0.009766 0.007812
0 0.446289 0.967773 0.005859 0.009766
0 0.584961 0.960938 0.005859 0.003906
0 0.521484 0.959961 0.003906 0.001953
0 0.513672 0.959961 0.003906 0.001953
0 0.457031 0.963867 0.011719 0.009766
0 0.444336 0.959961 0.001953 0.001953
0 0.364258 0.959961 0.001953 0.001953
0 0.000977 0.960938 0.001953 0.003906
0 0.807617 0.977539 0.037109 0.041016
0 0.880859 0.962891 0.015625 0.015625
0 0.583008 0.952148 0.001953 0.001953
0 0.765625 0.951172 0.015625 0.011719
0 0.655273 0.942383 0.001953 0.001953
0 0.104492 0.942383 0.001953 0.001953
0 0.100586 0.942383 0.001953 0.001953
0 0.518555 0.938477 0.001953 0.001953
0 0.104492 0.938477 0.001953 0.001953
0 0.780273 0.936523 0.001953 0.001953
0 0.374023 0.936523 0.001953 0.001953
0 0.319336 0.936523 0.001953 0.001953
0 0.489258 0.934570 0.001953 0.001953
0 0.352539 0.935547 0.001953 0.003906
0 0.373047 0.932617 0.003906 0.001953
0 0.254883 0.932617 0.009766 0.005859
0 0.122070 0.928711 0.001953 0.001953
0 0.791016 0.927734 0.003906 0.003906
0 0.706055 0.927734 0.009766 0.003906
0 0.643555 0.926758 0.001953 0.001953
0 0.489258 0.928711 0.009766 0.005859
0 0.438477 0.926758 0.001953 0.001953
0 0.251953 0.927734 0.003906 0.003906
0 0.532227 0.922852 0.001953 0.001953
0 0.435547 0.923828 0.003906 0.003906
0 0.704102 0.921875 0.005859 0.003906
0 0.301758 0.920898 0.001953 0.001953
0 0.403320 0.958984 0.072266 0.082031
0 0.125000 0.918945 0.003906 0.001953
0 0.243164 0.915039 0.005859 0.001953
0 0.807617 0.915039 0.013672 0.009766
0 0.693359 0.912109 0.003906 0.003906
0 0.621094 0.914062 0.007812 0.007812
0 0.344727 0.911133 0.001953 0.001953
0 0.375977 0.907227 0.001953 0.001953
0 0.692383 0.905273 0.001953 0.001953
0 0.517578 0.901367 0.003906 0.001953
1 0.309570 0.901367 0.001953 0.001953
0 0.112305 0.906250 0.013672 0.015625
0 0.645508 0.893555 0.001953 0.001953
0 0.270508 0.892578 0.001953 0.003906
0 0.456055 0.889648 0.001953 0.001953
0 0.514648 0.887695 0.001953 0.001953
0 0.494141 0.909180 0.062500 0.044922
0 0.157227 0.885742 0.001953 0.001953
0 0.151367 0.881836 0.001953 0.001953
0 0.971680 0.880859 0.005859 0.003906
0 0.512695 0.879883 0.001953 0.001953
0 0.965820 0.877930 0.001953 0.001953
0 0.455078 0.877930 0.003906 0.009766
0 0.853516 0.881836 0.023438 0.021484
0 0.508789 0.872070 0.001953 0.001953
0 0.520508 0.870117 0.001953 0.001953
0 0.499023 0.878906 0.025391 0.019531
0 0.146484 0.871094 0.003906 0.003906
0 0.531250 0.869141 0.003906 0.003906
0 0.741211 0.866211 0.001953 0.001953
0 0.559570 0.863281 0.001953 0.003906
0 0.439453 0.873047 0.035156 0.031250
0 0.319336 0.858398 0.001953 0.001953
0 0.831055 0.863281 0.017578 0.015625
0 0.326172 0.859375 0.003906 0.007812
0 0.579102 0.854492 0.001953 0.001953
0 0.562500 0.855469 0.003906 0.003906
0 0.331055 0.855469 0.001953 0.003906
0 0.319336 0.854492 0.001953 0.001953
0 0.778320 0.882812 0.048828 0.066406
0 0.541992 0.855469 0.013672 0.011719
0 0.356445 0.848633 0.001953 0.001953
0 0.748047 0.853516 0.007812 0.015625
0 0.284180 0.846680 0.001953 0.001953
0 0.568359 0.845703 0.003906 0.003906
0 0.485352 0.844727 0.001953 0.001953
0 0.557617 0.838867 0.001953 0.001953
0 0.563477 0.839844 0.005859 0.007812
1 0.303711 0.834961 0.001953 0.001953
0 0.288086 0.827148 0.001953 0.001953
0 0.446289 0.839844 0.048828 0.031250
0 0.686523 0.819336 0.001953 0.001953
0 0.467773 0.818359 0.001953 0.003906
0 0.674805 0.815430 0.001953 0.001953
0 0.588867 0.809570 0.001953 0.001953
0 0.675781 0.807617 0.007812 0.009766
0 0.668945 0.803711 0.001953 0.001953
0 0.477539 0.803711 0.001953 0.001953
0 0.441406 0.801758 0.003906 0.001953
0 0.711914 0.799805 0.001953 0.001953
0 0.683594 0.800781 0.003906 0.003906
1 0.339844 0.799805 0.003906 0.001953
0 0.500977 0.797852 0.001953 0.001953
0 0.643555 0.795898 0.001953 0.001953
0 0.467773 0.795898 0.005859 0.001953
0 0.468750 0.790039 0.003906 0.005859
1 0.369141 0.805664 0.046875 0.037109
0 0.491211 0.784180 0.001953 0.001953
0 0.297852 0.782227 0.001953 0.001953
0 0.747070 0.780273 0.001953 0.001953
0 0.743164 0.786133 0.029297 0.013672
0 0.821289 0.778320 0.001953 0.001953
0 0.487305 0.793945 0.029297 0.033203
0 0.755859 0.777344 0.007812 0.003906
0 0.735352 0.776367 0.001953 0.001953
0 0.723633 0.776367 0.001953 0.001953
0 0.675781 0.777344 0.007812 0.007812
0 0.958008 0.772461 0.001953 0.001953
0 0.692383 0.772461 0.001953 0.001953
0 0.282227 0.772461 0.001953 0.001953
0 0.969727 0.808594 0.060547 0.078125
0 0.875977 0.770508 0.001953 0.001953
0 0.648438 0.771484 0.003906 0.003906
0 0.639648 0.771484 0.005859 0.003906
0 0.854492 0.768555 0.001953 0.001953
0 0.800781 0.779297 0.035156 0.023438
0 0.713867 0.768555 0.001953 0.001953
0 0.696289 0.768555 0.001953 0.001953
0 0.688477 0.768555 0.001953 0.001953
0 0.683594 0.770508 0.007812 0.005859
1 0.375000 0.772461 0.007812 0.009766
1 0.328125 0.769531 0.003906 0.003906
0 0.300781 0.773438 0.007812 0.011719
0 0.964844 0.766602 0.003906 0.001953
0 0.956055 0.766602 0.001953 0.001953
0 0.952148 0.765625 0.001953 0.003906
0 0.910156 0.768555 0.003906 0.009766
0 0.692383 0.765625 0.001953 0.003906
0 0.674805 0.767578 0.005859 0.007812
0 0.793945 0.762695 0.001953 0.001953
0 0.708008 0.762695 0.001953 0.001953
0 0.688477 0.762695 0.001953 0.001953
0 0.684570 0.762695 0.001953 0.001953
1 0.366211 0.762695 0.001953 0.001953
0 0.327148 0.762695 0.001953 0.001953
0 0.918945 0.762695 0.009766 0.005859
0 0.799805 0.761719 0.005859 0.003906
0 0.793945 0.758789 0.001953 0.001953
0 0.334961 0.758789 0.001953 0.001953
1 0.612305 0.757812 0.001953 0.003906
0 0.965820 0.754883 0.001953 0.001953
0 0.708984 0.773438 0.031250 0.042969
1 0.598633 0.752930 0.001953 0.001953
0 0.848633 0.750977 0.009766 0.001953
0 0.617188 0.875000 0.277344 0.250000
1 0.592773 0.747070 0.001953 0.001953
1 0.581055 0.745117 0.001953 0.001953
0 0.834961 0.743164 0.001953 0.001953
0 0.322266 0.743164 0.003906 0.001953
1 0.498047 0.745117 0.007812 0.013672
0 0.265625 0.740234 0.003906 0.003906
0 0.332031 0.735352 0.003906 0.001953
1 0.592773 0.733398 0.001953 0.001953
0 0.999023 0.731445 0.001953 0.005859
0 0.344727 0.729492 0.001953 0.001953
1 0.840820 0.725586 0.001953 0.001953
1 0.700195 0.727539 0.005859 0.005859
1 0.505859 0.727539 0.003906 0.005859
1 0.619141 0.724609 0.003906 0.003906
0 0.349609 0.725586 0.003906 0.005859
0 0.904297 0.723633 0.003906 0.005859
0 0.283203 0.720703 0.007812 0.003906
1 0.541992 0.717773 0.001953 0.001953
0 0.297852 0.717773 0.001953 0.001953
1 0.553711 0.725586 0.021484 0.021484
0 0.223633 0.857422 0.314453 0.285156
1 0.738281 0.717773 0.011719 0.009766
1 0.708008 0.715820 0.005859 0.005859
1 0.639648 0.714844 0.005859 0.003906
0 0.278320 0.713867 0.001953 0.001953
1 0.653320 0.715820 0.013672 0.013672
1 0.537109 0.711914 0.003906 0.005859
0 0.264648 0.711914 0.005859 0.005859
1 0.773438 0.729492 0.054688 0.044922
0 0.274414 0.706055 0.001953 0.001953
0 0.331055 0.718750 0.029297 0.031250
1 0.683594 0.700195 0.003906 0.001953
1 0.663086 0.702148 0.005859 0.005859
1 0.785156 0.696289 0.003906 0.001953
0 0.344727 0.698242 0.013672 0.005859
1 0.695312 0.695312 0.003906 0.003906
1 0.534180 0.694336 0.001953 0.001953
0 0.771484 0.696289 0.015625 0.009766
1 0.635742 0.693359 0.009766 0.003906
1 0.657227 0.692383 0.009766 0.005859
0 0.344727 0.690430 0.001953 0.001953
0 0.340820 0.690430 0.001953 0.001953
0 0.336914 0.690430 0.001953 0.001953
1 0.413086 0.688477 0.001953 0.001953
1 0.661133 0.686523 0.001953 0.001953
0 0.349609 0.687500 0.003906 0.003906
0 0.344727 0.686523 0.001953 0.001953
1 0.680664 0.707031 0.029297 0.046875
1 0.635742 0.684570 0.001953 0.001953
1 0.407227 0.684570 0.001953 0.001953
0 0.287109 0.701172 0.027344 0.035156
0 0.990234 0.704102 0.019531 0.044922
1 0.838867 0.682617 0.001953 0.001953
1 0.631836 0.681641 0.001953 0.003906
1 0.997070 0.678711 0.001953 0.001953
1 0.476562 0.680664 0.003906 0.005859
1 0.395508 0.678711 0.001953 0.001953
1 0.608398 0.679688 0.005859 0.007812
1 0.426758 0.675781 0.001953 0.003906
1 0.426758 0.670898 0.001953 0.001953
0 0.359375 0.668945 0.003906 0.001953
1 0.592773 0.667969 0.009766 0.007812
0 0.359375 0.665039 0.003906 0.001953
1 0.872070 0.663086 0.001953 0.001953
1 0.600586 0.663086 0.001953 0.001953
1 0.644531 0.666016 0.031250 0.015625
1 0.634766 0.655273 0.003906 0.001953
0 0.676758 0.647461 0.001953 0.001953
1 0.814453 0.646484 0.007812 0.003906
1 0.825195 0.714844 0.326172 0.144531
1 0.688477 0.639648 0.001953 0.001953
1 0.682617 0.640625 0.005859 0.003906
0 0.332031 0.664062 0.042969 0.050781
1 0.768555 0.639648 0.013672 0.009766
0 0.672852 0.633789 0.001953 0.001953
0 0.627930 0.633789 0.001953 0.001953
0 0.526367 0.631836 0.001953 0.001953
1 0.752930 0.632812 0.005859 0.007812
1 0.674805 0.629883 0.001953 0.001953
0 0.629883 0.629883 0.001953 0.001953
0 0.457031 0.631836 0.003906 0.005859
0 0.360352 0.624023 0.001953 0.001953
0 0.342773 0.624023 0.001953 0.001953
1 0.900391 0.642578 0.011719 0.042969
0 0.379883 0.622070 0.001953 0.001953
1 0.897461 0.618164 0.001953 0.001953
0 0.446289 0.618164 0.001953 0.001953
0 0.398438 0.650391 0.074219 0.066406
0 0.628906 0.617188 0.003906 0.003906
0 0.282227 0.616211 0.001953 0.001953
0 0.446289 0.614258 0.001953 0.001953
0 0.534180 0.612305 0.001953 0.001953
0 0.428711 0.616211 0.009766 0.009766
0 0.352539 0.620117 0.013672 0.017578
1 0.954102 0.611328 0.001953 0.003906
0 0.363281 0.607422 0.003906 0.003906
0 0.352539 0.606445 0.001953 0.001953
1 0.942383 0.606445 0.001953 0.005859
0 0.613281 0.605469 0.003906 0.003906
0 0.604492 0.610352 0.009766 0.013672
1 0.832031 0.621094 0.039062 0.039062
0 0.423828 0.602539 0.003906 0.005859
0 0.434570 0.600586 0.009766 0.005859
0 0.367188 0.600586 0.003906 0.005859
0 0.362305 0.598633 0.001953 0.001953
0 0.674805 0.592773 0.001953 0.001953
1 0.759766 0.606445 0.019531 0.033203
0 0.270508 0.602539 0.025391 0.029297
1 0.911133 0.586914 0.001953 0.001953
1 0.741211 0.586914 0.001953 0.001953
0 0.273438 0.587891 0.003906 0.003906
1 0.801758 0.581055 0.001953 0.001953
0 0.465820 0.581055 0.001953 0.001953
1 0.977539 0.627930 0.044922 0.103516
0 0.859375 0.578125 0.003906 0.003906
0 0.578125 0.577148 0.007812 0.001953
0 0.584961 0.575195 0.001953 0.001953
0 0.681641 0.574219 0.003906 0.003906
0 0.685547 0.569336 0.003906 0.001953
0 0.602539 0.575195 0.013672 0.013672
0 0.584961 0.570312 0.005859 0.003906
1 0.822266 0.577148 0.015625 0.021484
1 0.467773 0.675781 0.158203 0.218750
1 0.801758 0.570312 0.005859 0.011719
0 0.711914 0.566406 0.001953 0.003906
0 0.690430 0.565430 0.001953 0.001953
0 0.644531 0.600586 0.066406 0.072266
0 0.374023 0.565430 0.001953 0.001953
1 0.895508 0.559570 0.001953 0.001953
0 0.711914 0.559570 0.001953 0.001953
0 0.630859 0.559570 0.003906 0.001953
0 0.620117 0.562500 0.009766 0.007812
0 0.453125 0.559570 0.003906 0.001953
1 0.938477 0.569336 0.021484 0.025391
0 0.497070 0.557617 0.001953 0.001953
0 0.516602 0.567383 0.029297 0.025391
0 0.467773 0.556641 0.005859 0.003906
0 0.694336 0.553711 0.001953 0.001953
0 0.498047 0.553711 0.003906 0.001953
0 0.474609 0.553711 0.003906 0.001953
1 0.876953 0.551758 0.003906 0.001953
0 0.570312 0.552734 0.003906 0.003906
0 0.479492 0.551758 0.001953 0.001953
1 0.887695 0.576172 0.044922 0.054688
0 0.530273 0.547852 0.001953 0.001953
0 0.504883 0.550781 0.005859 0.007812
0 0.336914 0.547852 0.001953 0.001953
0 0.008789 0.547852 0.001953 0.001953
1 0.875977 0.545898 0.001953 0.001953
1 0.858398 0.554688 0.013672 0.019531
0 0.699219 0.561523 0.035156 0.033203
0 0.366211 0.545898 0.001953 0.001953
0 0.287109 0.545898 0.003906 0.001953
0 0.013672 0.546875 0.003906 0.003906
1 0.829102 0.543945 0.001953 0.001953
0 0.477539 0.543945 0.001953 0.001953
0 0.278320 0.543945 0.005859 0.009766
0 0.020508 0.540039 0.001953 0.001953
1 0.888672 0.545898 0.011719 0.017578
0 0.462891 0.546875 0.027344 0.019531
1 0.958008 0.540039 0.021484 0.009766
0 0.583008 0.536133 0.001953 0.001953
0 0.372070 0.536133 0.001953 0.001953
0 0.055664 0.541016 0.017578 0.015625
0 0.597656 0.532227 0.003906 0.001953
0 0.524414 0.528320 0.001953 0.001953
0 0.053711 0.526367 0.001953 0.001953
1 0.928711 0.530273 0.013672 0.013672
0 0.545898 0.525391 0.001953 0.003906
0 0.541992 0.524414 0.001953 0.001953
0 0.383789 0.525391 0.001953 0.003906
0 0.666992 0.522461 0.001953 0.001953
0 0.247070 0.522461 0.001953 0.001953
0 0.647461 0.529297 0.013672 0.023438
1 0.916016 0.518555 0.003906 0.005859
0 0.633789 0.514648 0.001953 0.001953
0 0.530273 0.514648 0.001953 0.001953
1 0.982422 0.515625 0.015625 0.007812
0 0.520508 0.510742 0.001953 0.001953
0 0.067383 0.510742 0.001953 0.001953
0 0.604492 0.510742 0.009766 0.005859
0 0.418945 0.508789 0.001953 0.001953
0 0.086914 0.508789 0.001953 0.001953
0 0.072266 0.512695 0.007812 0.009766
0 0.045898 0.508789 0.001953 0.001953
0 0.093750 0.507812 0.007812 0.007812
0 0.086914 0.504883 0.001953 0.001953
0 0.902344 0.507812 0.007812 0.011719
0 0.655273 0.502930 0.001953 0.001953
0 0.601562 0.503906 0.003906 0.003906
0 0.531250 0.508789 0.023438 0.013672
0 0.508789 0.502930 0.001953 0.001953
0 0.240234 0.511719 0.027344 0.023438
0 0.387695 0.506836 0.009766 0.017578
0 0.016602 0.498047 0.001953 0.003906
0 0.059570 0.493164 0.001953 0.001953
0 0.616211 0.491211 0.001953 0.001953
1 0.958008 0.489258 0.001953 0.005859
0 0.047852 0.487305 0.001953 0.001953
1 0.993164 0.491211 0.013672 0.013672
0 0.053711 0.485352 0.001953 0.001953
0 0.590820 0.479492 0.001953 0.001953
0 0.750977 0.477539 0.001953 0.001953
0 0.768555 0.476562 0.001953 0.003906
0 0.340820 0.475586 0.001953 0.001953
0 0.644531 0.473633 0.003906 0.001953
0 0.291016 0.475586 0.003906 0.005859
0 0.268555 0.473633 0.001953 0.001953
0 0.745117 0.471680 0.001953 0.001953
0 0.642578 0.488281 0.027344 0.035156
0 0.291992 0.469727 0.001953 0.001953
0 0.252930 0.470703 0.001953 0.003906
0 0.031250 0.470703 0.003906 0.003906
0 0.009766 0.490234 0.019531 0.046875
1 0.994141 0.468750 0.011719 0.007812
1 0.969727 0.472656 0.017578 0.019531
0 0.409180 0.454102 0.001953 0.001953
0 0.301758 0.456055 0.005859 0.005859
0 0.405273 0.448242 0.001953 0.001953
0 0.268555 0.460938 0.033203 0.027344
0 0.344727 0.446289 0.001953 0.001953
0 0.323242 0.444336 0.001953 0.001953
0 0.264648 0.444336 0.001953 0.001953
1 0.938477 0.442383 0.001953 0.001953
0 0.409180 0.445312 0.009766 0.011719
0 0.333008 0.459961 0.033203 0.041016
0 0.309570 0.438477 0.001953 0.001953
0 0.295898 0.438477 0.001953 0.001953
0 0.645508 0.436523 0.001953 0.001953
0 0.302734 0.438477 0.003906 0.005859
0 0.229492 0.442383 0.005859 0.013672
1 0.897461 0.434570 0.001953 0.001953
0 0.942383 0.431641 0.001953 0.003906
0 0.347656 0.430664 0.011719 0.005859
1 0.916016 0.426758 0.003906 0.001953
0 0.316406 0.429688 0.019531 0.011719
0 0.215820 0.428711 0.005859 0.009766
0 0.028320 0.424805 0.001953 0.001953
0 0.011719 0.424805 0.003906 0.001953
1 0.539062 0.422852 0.003906 0.005859
0 0.223633 0.420898 0.001953 0.001953
0 0.958984 0.428711 0.019531 0.021484
0 0.342773 0.418945 0.001953 0.001953
0 0.320312 0.416992 0.003906 0.001953
0 0.436523 0.415039 0.001953 0.005859
0 0.004883 0.414062 0.005859 0.003906
0 0.954102 0.412109 0.005859 0.003906
0 0.372070 0.409180 0.001953 0.001953
0 0.252930 0.409180 0.001953 0.001953
0 0.238281 0.423828 0.027344 0.031250
0 0.438477 0.407227 0.001953 0.001953
0 0.918945 0.405273 0.001953 0.001953
0 0.361328 0.406250 0.003906 0.003906
0 0.354492 0.406250 0.005859 0.003906
0 0.348633 0.405273 0.001953 0.001953
0 0.962891 0.404297 0.003906 0.003906
0 0.955078 0.406250 0.007812 0.007812
0 0.451172 0.404297 0.003906 0.003906
0 0.909180 0.402344 0.001953 0.003906
0 0.433594 0.404297 0.003906 0.007812
0 0.958008 0.399414 0.001953 0.001953
0 0.485352 0.399414 0.001953 0.001953
0 0.392578 0.405273 0.039062 0.013672
0 0.297852 0.399414 0.001953 0.001953
0 0.291016 0.400391 0.003906 0.003906
0 0.283203 0.399414 0.003906 0.001953
0 0.277344 0.406250 0.007812 0.015625
0 0.120117 0.399414 0.001953 0.001953
0 0.057617 0.399414 0.001953 0.001953
0 0.903320 0.397461 0.001953 0.001953
0 0.930664 0.418945 0.033203 0.048828
0 0.373047 0.395508 0.003906 0.001953
0 0.280273 0.395508 0.001953 0.001953
0 0.252930 0.395508 0.001953 0.001953
0 0.247070 0.396484 0.005859 0.003906
0 0.883789 0.393555 0.001953 0.001953
0 0.399414 0.393555 0.001953 0.001953
0 0.290039 0.394531 0.009766 0.003906
0 0.915039 0.391602 0.001953 0.001953
0 0.462891 0.451172 0.128906 0.121094
0 0.329102 0.391602 0.001953 0.001953
0 0.307617 0.391602 0.001953 0.001953
0 0.027344 0.408203 0.046875 0.035156
0 0.006836 0.391602 0.001953 0.001953
0 0.958008 0.389648 0.001953 0.001953
0 0.934570 0.389648 0.001953 0.001953
0 0.397461 0.389648 0.001953 0.001953
0 0.342773 0.389648 0.001953 0.001953
0 0.319336 0.390625 0.005859 0.003906
0 0.352539 0.387695 0.001953 0.001953
0 0.395508 0.385742 0.001953 0.001953
0 0.002930 0.383789 0.001953 0.005859
0 0.983398 0.377930 0.001953 0.001953
0 0.476562 0.377930 0.003906 0.001953
0 0.401367 0.377930 0.001953 0.001953
0 0.301758 0.377930 0.001953 0.001953
0 0.243164 0.377930 0.001953 0.001953
0 0.124023 0.377930 0.001953 0.001953
0 0.016602 0.377930 0.001953 0.001953
0 0.348633 0.375977 0.001953 0.001953
0 0.297852 0.375977 0.001953 0.001953
0 0.274414 0.376953 0.009766 0.003906
0 0.009766 0.379883 0.007812 0.013672
0 0.403320 0.372070 0.005859 0.001953
0 0.350586 0.372070 0.001953 0.001953
0 0.301758 0.373047 0.001953 0.003906
0 0.994141 0.370117 0.003906 0.001953
0 0.902344 0.375000 0.007812 0.011719
0 0.322266 0.379883 0.035156 0.021484
0 0.006836 0.370117 0.001953 0.001953
0 0.469727 0.366211 0.001953 0.001953
1 0.442383 0.366211 0.001953 0.001953
0 0.301758 0.367188 0.001953 0.003906
0 0.202148 0.366211 0.001953 0.001953
0 0.989258 0.366211 0.005859 0.009766
1 0.442383 0.362305 0.001953 0.001953
0 0.301758 0.362305 0.001953 0.001953
0 0.928711 0.360352 0.001953 0.001953
0 0.272461 0.363281 0.005859 0.007812
0 0.188477 0.360352 0.001953 0.001953
0 0.147461 0.359375 0.001953 0.003906
0 0.920898 0.372070 0.025391 0.033203
0 0.211914 0.356445 0.001953 0.001953
0 0.133789 0.357422 0.001953 0.003906
0 0.887695 0.354492 0.001953 0.001953
0 0.217773 0.355469 0.005859 0.007812
0 0.146484 0.350586 0.003906 0.001953
0 0.359375 0.342773 0.003906 0.001953
0 0.454102 0.339844 0.005859 0.003906
0 0.010742 0.341797 0.013672 0.023438
0 0.293945 0.329102 0.001953 0.001953
0 0.442383 0.327148 0.001953 0.001953
1 0.415039 0.327148 0.001953 0.001953
0 0.002930 0.328125 0.001953 0.003906
1 0.293945 0.323242 0.001953 0.005859
0 0.039062 0.329102 0.011719 0.017578
0 0.954102 0.319336 0.001953 0.001953
1 0.288086 0.319336 0.001953 0.001953
0 0.301758 0.288086 0.001953 0.001953
1 0.293945 0.288086 0.001953 0.001953
1 0.288086 0.286133 0.001953 0.001953
1 0.991211 0.270508 0.001953 0.001953
0 0.937500 0.247070 0.003906 0.005859
0 0.838867 0.241211 0.001953 0.001953
1 0.867188 0.231445 0.003906 0.001953
0 0.856445 0.231445 0.009766 0.009766
0 0.862305 0.215820 0.001953 0.001953
0 0.991211 0.192383 0.001953 0.001953
0 0.991211 0.186523 0.001953 0.001953
0 0.998047 0.166992 0.003906 0.001953
0 0.952148 0.155273 0.001953 0.001953
1 0.971680 0.146484 0.033203 0.039062
1 0.971680 0.113281 0.009766 0.007812
1 0.998047 0.085938 0.003906 0.003906
1 0.986328 0.083984 0.003906 0.007812
1 0.987305 0.077148 0.001953 0.001953
1 0.961914 0.077148 0.001953 0.001953
1 0.967773 0.074219 0.005859 0.003906
1 0.985352 0.069336 0.001953 0.001953
1 0.951172 0.074219 0.019531 0.015625
1 0.991211 0.064453 0.001953 0.003906
0 0.987305 0.045898 0.001953 0.001953
0 0.989258 0.030273 0.001953 0.001953
1 0.778320 0.004883 0.001953 0.001953
0 0.500000 0.291992 1.000000 0.583984
2 0.208008 0.999023 0.001953 0.001953
2 0.571289 0.998047 0.017578 0.003906
2 0.477539 0.997070 0.001953 0.001953
2 0.538086 0.993164 0.001953 0.001953
2 0.530273 0.993164 0.005859 0.001953
2 0.518555 0.994141 0.013672 0.007812
2 0.700195 0.987305 0.001953 0.001953
2 0.528320 0.987305 0.001953 0.001953
2 0.044922 0.985352 0.003906 0.001953
2 0.544922 0.990234 0.007812 0.015625
2 0.346680 0.983398 0.001953 0.001953
2 0.043945 0.981445 0.001953 0.001953
2 0.397461 0.977539 0.001953 0.001953
2 0.383789 0.977539 0.001953 0.001953
2 0.199219 0.987305 0.003906 0.025391
2 0.551758 0.969727 0.001953 0.001953
2 0.221680 0.967773 0.001953 0.001953
2 0.598633 0.959961 0.001953 0.001953
2 0.416992 0.956055 0.001953 0.001953
2 0.721680 0.953125 0.001953 0.003906
2 0.562500 0.954102 0.003906 0.005859
2 0.717773 0.950195 0.001953 0.001953
2 0.434570 0.948242 0.001953 0.001953
2 0.311523 0.940430 0.001953 0.001953
2 0.114258 0.938477 0.001953 0.001953
2 0.586914 0.934570 0.001953 0.001953
2 0.653320 0.931641 0.001953 0.003906
2 0.411133 0.930664 0.001953 0.001953
2 0.404297 0.931641 0.003906 0.003906
2 0.235352 0.928711 0.001953 0.001953
2 0.583008 0.926758 0.001953 0.001953
2 0.416992 0.926758 0.009766 0.001953
2 0.604492 0.925781 0.013672 0.011719
2 0.258789 0.920898 0.001953 0.001953
2 0.575195 0.911133 0.001953 0.001953
2 0.576172 0.905273 0.003906 0.001953
2 0.727539 0.901367 0.001953 0.001953
2 0.569336 0.901367 0.001953 0.001953
2 0.574219 0.896484 0.003906 0.003906
2 0.725586 0.889648 0.001953 0.001953
2 0.643555 0.885742 0.001953 0.001953
2 0.259766 0.942383 0.089844 0.115234
2 0.698242 0.861328 0.001953 0.003906
2 0.590820 0.854492 0.001953 0.001953
2 0.637695 0.850586 0.001953 0.001953
2 0.633789 0.848633 0.001953 0.001953
2 0.667969 0.846680 0.003906 0.001953
2 0.336914 0.846680 0.001953 0.001953
2 0.631836 0.844727 0.001953 0.001953
2 0.603516 0.847656 0.007812 0.007812
3 0.342773 0.844727 0.001953 0.005859
2 0.679688 0.841797 0.003906 0.003906
2 0.608398 0.840820 0.001953 0.001953
2 0.684570 0.834961 0.005859 0.001953
2 0.668945 0.834961 0.001953 0.001953
2 0.233398 0.834961 0.001953 0.001953
2 0.666992 0.825195 0.001953 0.001953
2 0.661133 0.825195 0.001953 0.001953
2 0.607422 0.817383 0.003906 0.001953
2 0.235352 0.788086 0.001953 0.001953
2 0.608398 0.786133 0.001953 0.001953
2 0.261719 0.787109 0.003906 0.003906
2 0.254883 0.786133 0.001953 0.001953
3 0.317383 0.785156 0.001953 0.003906
2 0.303711 0.784180 0.001953 0.001953
2 0.270508 0.773438 0.001953 0.003906
2 0.276367 0.765625 0.001953 0.003906
2 0.272461 0.765625 0.001953 0.003906
3 0.596680 0.760742 0.001953 0.001953
2 0.281250 0.760742 0.003906 0.005859
3 0.559570 0.754883 0.001953 0.001953
2 0.282227 0.753906 0.005859 0.003906
3 0.984375 0.664062 0.003906 0.011719
3 0.985352 0.649414 0.001953 0.001953
2 0.743164 0.575195 0.001953 0.001953
3 0.742188 0.568359 0.003906 0.003906
3 0.767578 0.561523 0.003906 0.005859
2 0.541016 0.545898 0.003906 0.001953
2 0.563477 0.540039 0.001953 0.001953
2 0.567383 0.541016 0.005859 0.007812
2 0.560547 0.536133 0.011719 0.005859
2 0.735352 0.516602 0.001953 0.001953
3 0.877930 0.512695 0.001953 0.001953
2 0.735352 0.511719 0.001953 0.003906
2 0.730469 0.510742 0.003906 0.001953
3 0.774414 0.509766 0.005859 0.003906
2 0.724609 0.507812 0.003906 0.003906
2 0.787109 0.509766 0.011719 0.011719
2 0.776367 0.502930 0.001953 0.001953
2 0.728516 0.503906 0.003906 0.003906
2 0.784180 0.500977 0.001953 0.001953
2 0.796875 0.500977 0.003906 0.009766
2 0.888672 0.493164 0.003906 0.001953
2 0.797852 0.492188 0.005859 0.003906
2 0.766602 0.489258 0.005859 0.005859
2 0.567383 0.475586 0.001953 0.001953
2 0.865234 0.473633 0.003906 0.001953
2 0.006836 0.473633 0.001953 0.001953
2 0.559570 0.471680 0.001953 0.001953
2 0.854492 0.465820 0.001953 0.001953
3 0.706055 0.463867 0.001953 0.001953
3 0.696289 0.463867 0.001953 0.001953
2 0.764648 0.458008 0.001953 0.001953
2 0.772461 0.456055 0.001953 0.001953
3 0.741211 0.450195 0.001953 0.001953
2 0.082031 0.451172 0.003906 0.003906
2 0.913086 0.448242 0.001953 0.005859
2 0.833984 0.447266 0.007812 0.011719
3 0.675781 0.443359 0.003906 0.003906
2 0.631836 0.442383 0.001953 0.001953
2 0.834961 0.438477 0.001953 0.001953
2 0.629883 0.437500 0.001953 0.003906
2 0.885742 0.434570 0.001953 0.001953
2 0.879883 0.434570 0.001953 0.001953
2 0.655273 0.434570 0.001953 0.001953
2 0.132812 0.431641 0.003906 0.003906
2 0.885742 0.428711 0.001953 0.001953
2 0.834961 0.422852 0.001953 0.001953
2 0.805664 0.418945 0.001953 0.001953
2 0.842773 0.416992 0.001953 0.001953
2 0.883789 0.415039 0.001953 0.001953
2 0.897461 0.411133 0.001953 0.001953
2 0.892578 0.408203 0.003906 0.003906
2 0.877930 0.408203 0.001953 0.003906
2 0.838867 0.447266 0.068359 0.082031
2 0.881836 0.407227 0.009766 0.009766
2 0.591797 0.405273 0.007812 0.005859
2 0.776367 0.399414 0.001953 0.001953
2 0.875977 0.398438 0.001953 0.003906
2 0.771484 0.398438 0.003906 0.003906
2 0.592773 0.394531 0.009766 0.007812
2 0.545898 0.391602 0.001953 0.001953
2 0.826172 0.388672 0.003906 0.003906
2 0.572266 0.400391 0.031250 0.027344
2 0.551758 0.387695 0.001953 0.001953
2 0.584961 0.386719 0.001953 0.003906
2 0.635742 0.381836 0.009766 0.005859
2 0.254883 0.370117 0.001953 0.001953
2 0.291016 0.368164 0.003906 0.001953
2 0.872070 0.364258 0.001953 0.001953
2 0.883789 0.360352 0.001953 0.001953
2 0.874023 0.360352 0.001953 0.001953
2 0.127930 0.360352 0.001953 0.001953
2 0.180664 0.358398 0.001953 0.001953
2 0.450195 0.356445 0.001953 0.001953
2 0.171875 0.351562 0.003906 0.003906
2 0.818359 0.377930 0.085938 0.068359
2 0.187500 0.345703 0.003906 0.003906
2 0.577148 0.363281 0.056641 0.042969
2 0.825195 0.340820 0.001953 0.001953
2 0.264648 0.338867 0.001953 0.001953
2 0.997070 0.336914 0.001953 0.001953
2 0.231445 0.336914 0.001953 0.001953
2 0.254883 0.342773 0.009766 0.017578
3 0.685547 0.333008 0.011719 0.005859
3 0.366211 0.331055 0.001953 0.001953
2 0.678711 0.329102 0.001953 0.001953
2 0.227539 0.329102 0.001953 0.001953
2 0.618164 0.325195 0.001953 0.001953
2 0.738281 0.324219 0.003906 0.003906
2 0.733398 0.324219 0.001953 0.003906
3 0.355469 0.323242 0.003906 0.001953
3 0.347656 0.323242 0.003906 0.001953
2 0.833008 0.315430 0.001953 0.001953
2 0.426758 0.313477 0.001953 0.001953
2 0.631836 0.311523 0.001953 0.001953
2 0.825195 0.307617 0.001953 0.001953
2 0.752930 0.307617 0.001953 0.001953
2 0.631836 0.307617 0.001953 0.001953
2 0.622070 0.307617 0.001953 0.001953
2 0.183594 0.305664 0.003906 0.001953
2 0.713867 0.309570 0.009766 0.013672
2 0.697266 0.308594 0.011719 0.011719
2 0.600586 0.303711 0.001953 0.001953
2 0.557617 0.309570 0.013672 0.013672
2 0.139648 0.307617 0.013672 0.009766
2 0.611328 0.305664 0.007812 0.009766
2 0.569336 0.301758 0.001953 0.001953
2 0.137695 0.299805 0.001953 0.001953
3 0.268555 0.297852 0.005859 0.005859
2 0.702148 0.293945 0.001953 0.001953
2 0.575195 0.293945 0.001953 0.001953
2 0.731445 0.291992 0.001953 0.001953
2 0.131836 0.291992 0.001953 0.001953
2 0.595703 0.296875 0.023438 0.015625
2 0.569336 0.290039 0.001953 0.001953
2 0.025391 0.291992 0.007812 0.005859
2 0.543945 0.289062 0.001953 0.003906
2 0.538086 0.289062 0.001953 0.003906
2 0.149414 0.291016 0.009766 0.007812
2 0.034180 0.289062 0.001953 0.003906
3 0.877930 0.287109 0.001953 0.003906
2 0.582031 0.289062 0.007812 0.007812
2 0.832031 0.293945 0.015625 0.025391
2 0.043945 0.283203 0.001953 0.003906
2 0.034180 0.282227 0.001953 0.001953
2 0.738281 0.282227 0.007812 0.005859
2 0.518555 0.327148 0.052734 0.095703
2 0.949219 0.279297 0.003906 0.003906
3 0.815430 0.279297 0.001953 0.003906
2 0.040039 0.276367 0.005859 0.001953
2 0.764648 0.274414 0.001953 0.001953
3 0.094727 0.275391 0.001953 0.003906
3 0.073242 0.274414 0.001953 0.001953
2 0.050781 0.273438 0.003906 0.003906
2 0.507812 0.272461 0.003906 0.009766
2 0.235352 0.290039 0.037109 0.044922
2 0.034180 0.272461 0.001953 0.009766
2 0.477539 0.266602 0.001953 0.001953
2 0.116211 0.266602 0.001953 0.001953
2 0.112305 0.266602 0.001953 0.001953
2 0.108398 0.266602 0.001953 0.001953
2 0.967773 0.264648 0.001953 0.001953
2 0.587891 0.267578 0.007812 0.011719
2 0.581055 0.262695 0.001953 0.001953
2 0.431641 0.266602 0.011719 0.009766
2 0.166992 0.262695 0.001953 0.001953
2 0.115234 0.262695 0.003906 0.001953
2 0.506836 0.261719 0.001953 0.003906
2 0.500977 0.264648 0.005859 0.009766
2 0.131836 0.260742 0.001953 0.001953
2 0.987305 0.284180 0.025391 0.052734
2 0.576172 0.259766 0.003906 0.003906
2 0.495117 0.258789 0.001953 0.001953
2 0.581055 0.256836 0.001953 0.005859
2 0.163086 0.252930 0.001953 0.001953
2 0.404297 0.257812 0.035156 0.015625
2 0.114258 0.259766 0.029297 0.019531
2 0.389648 0.249023 0.001953 0.001953
2 0.729492 0.245117 0.001953 0.001953
2 0.420898 0.245117 0.001953 0.001953
2 0.482422 0.253906 0.019531 0.027344
2 0.327148 0.241211 0.001953 0.001953
2 0.595703 0.249023 0.023438 0.021484
2 0.385742 0.242188 0.005859 0.007812
2 0.737305 0.237305 0.001953 0.001953
2 0.725586 0.238281 0.001953 0.003906
2 0.674805 0.237305 0.001953 0.001953
2 0.745117 0.235352 0.001953 0.001953
2 0.419922 0.237305 0.003906 0.009766
2 0.754883 0.230469 0.005859 0.003906
2 0.669922 0.227539 0.003906 0.001953
2 0.000977 0.227539 0.001953 0.001953
3 0.891602 0.225586 0.001953 0.001953
2 0.653320 0.223633 0.001953 0.001953
2 0.512695 0.221680 0.001953 0.001953
3 0.872070 0.219727 0.001953 0.001953
2 0.506836 0.219727 0.001953 0.001953
2 0.366211 0.219727 0.001953 0.001953
2 0.269531 0.220703 0.007812 0.003906
2 0.902344 0.218750 0.007812 0.003906
2 0.050781 0.244141 0.093750 0.058594
2 0.492188 0.214844 0.003906 0.003906
2 0.481445 0.213867 0.001953 0.001953
2 0.284180 0.213867 0.001953 0.001953
2 0.270508 0.213867 0.001953 0.001953
2 0.902344 0.212891 0.003906 0.003906
2 0.518555 0.212891 0.001953 0.003906
2 0.944336 0.209961 0.001953 0.001953
2 0.922852 0.209961 0.001953 0.001953
2 0.500000 0.604492 1.000000 0.791016
2 0.579102 0.214844 0.013672 0.011719
2 0.022461 0.210938 0.001953 0.003906
2 0.952148 0.208984 0.001953 0.003906
2 0.682617 0.208008 0.001953 0.001953
2 0.042969 0.212891 0.011719 0.011719
3 0.598633 0.206055 0.001953 0.001953
3 0.573242 0.206055 0.001953 0.001953
2 0.495117 0.208008 0.013672 0.005859
2 0.932617 0.204102 0.001953 0.001953
2 0.564453 0.206055 0.007812 0.005859
2 0.439453 0.222656 0.058594 0.042969
2 0.381836 0.198242 0.001953 0.001953
2 0.262695 0.198242 0.001953 0.001953
2 0.258789 0.194336 0.001953 0.001953
2 0.783203 0.276367 0.085938 0.169922
2 0.688477 0.192383 0.001953 0.001953
2 0.241211 0.190430 0.001953 0.001953
2 0.887695 0.188477 0.001953 0.001953
2 0.513672 0.197266 0.019531 0.023438
2 0.500977 0.186523 0.001953 0.001953
2 0.497070 0.186523 0.001953 0.001953
2 0.887695 0.184570 0.001953 0.001953
2 0.249023 0.184570 0.001953 0.001953
2 0.500977 0.182617 0.001953 0.001953
2 0.471680 0.180664 0.001953 0.001953
2 0.307617 0.180664 0.001953 0.001953
2 0.153320 0.180664 0.001953 0.001953
2 0.144531 0.184570 0.011719 0.009766
2 0.496094 0.180664 0.003906 0.005859
2 0.291992 0.181641 0.009766 0.007812
2 0.502930 0.176758 0.001953 0.001953
2 0.465820 0.174805 0.001953 0.001953
2 0.442383 0.176758 0.005859 0.005859
2 0.245117 0.174805 0.001953 0.001953
2 0.229492 0.175781 0.001953 0.003906
2 0.215820 0.174805 0.001953 0.001953
2 0.163086 0.176758 0.005859 0.005859
2 0.223633 0.172852 0.001953 0.001953
2 0.704102 0.170898 0.001953 0.001953
2 0.665039 0.170898 0.001953 0.001953
2 0.233398 0.172852 0.001953 0.005859
2 0.156250 0.172852 0.003906 0.005859
2 0.708008 0.168945 0.001953 0.001953
2 0.668945 0.169922 0.001953 0.003906
2 0.284180 0.169922 0.005859 0.003906
2 0.205078 0.178711 0.011719 0.021484
2 0.896484 0.187500 0.054688 0.042969
2 0.226562 0.166992 0.003906 0.001953
2 0.219727 0.166992 0.001953 0.001953
2 0.898438 0.166016 0.003906 0.003906
2 0.856445 0.181641 0.025391 0.035156
2 0.444336 0.165039 0.001953 0.001953
2 0.435547 0.167969 0.007812 0.007812
2 0.061523 0.165039 0.001953 0.005859
2 0.657227 0.161133 0.001953 0.001953
2 0.595703 0.227539 0.304688 0.134766
2 0.349609 0.208008 0.070312 0.095703
2 0.850586 0.159180 0.001953 0.001953
2 0.897461 0.158203 0.005859 0.003906
2 0.278320 0.157227 0.001953 0.001953
2 0.127930 0.163086 0.037109 0.017578
2 0.127930 0.155273 0.001953 0.001953
2 0.926758 0.153320 0.001953 0.001953
2 0.421875 0.170898 0.019531 0.037109
2 0.180664 0.153320 0.001953 0.001953
2 0.120117 0.154297 0.001953 0.003906
2 0.133789 0.151367 0.001953 0.001953
2 0.112305 0.154297 0.009766 0.007812
3 0.381836 0.149414 0.001953 0.001953
2 0.116211 0.147461 0.001953 0.001953
3 0.337891 0.145508 0.003906 0.001953
2 0.127930 0.143555 0.001953 0.001953
3 0.407227 0.141602 0.001953 0.001953
3 0.345703 0.143555 0.007812 0.005859
2 0.096680 0.141602 0.001953 0.001953
2 0.089844 0.153320 0.031250 0.025391
2 0.574219 0.141602 0.003906 0.005859
2 0.234375 0.177734 0.109375 0.078125
2 0.118164 0.139648 0.005859 0.001953
2 0.053711 0.144531 0.005859 0.015625
2 0.572266 0.135742 0.003906 0.001953
2 0.614258 0.133789 0.001953 0.001953
2 0.106445 0.139648 0.013672 0.013672
2 0.858398 0.129883 0.001953 0.001953
2 0.685547 0.155273 0.042969 0.052734
3 0.635742 0.130859 0.001953 0.003906
2 0.506836 0.129883 0.001953 0.001953
2 0.907227 0.127930 0.001953 0.001953
2 0.835938 0.128906 0.011719 0.007812
2 0.075195 0.128906 0.005859 0.007812
3 0.942383 0.125000 0.001953 0.003906
2 0.868164 0.131836 0.013672 0.017578
2 0.846680 0.126953 0.009766 0.007812
3 0.789062 0.140625 0.019531 0.035156
2 0.532227 0.123047 0.005859 0.007812
3 0.678711 0.118164 0.001953 0.001953
2 0.823242 0.121094 0.009766 0.011719
2 0.540039 0.116211 0.001953 0.001953
2 0.041016 0.122070 0.015625 0.013672
2 0.028320 0.116211 0.001953 0.001953
2 0.877930 0.114258 0.001953 0.001953
2 0.873047 0.115234 0.003906 0.003906
2 0.032227 0.112305 0.001953 0.001953
3 0.393555 0.110352 0.001953 0.001953
3 0.270508 0.111328 0.001953 0.003906
2 0.725586 0.106445 0.001953 0.001953
3 0.383789 0.106445 0.001953 0.001953
2 0.729492 0.104492 0.001953 0.001953
2 0.498047 0.109375 0.023438 0.011719
2 0.878906 0.103516 0.003906 0.003906
3 0.396484 0.127930 0.093750 0.052734
2 0.157227 0.102539 0.001953 0.001953
3 0.864258 0.101562 0.001953 0.003906
3 0.857422 0.100586 0.003906 0.001953
2 0.725586 0.101562 0.001953 0.003906
2 0.563477 0.100586 0.001953 0.001953
2 0.498047 0.099609 0.003906 0.003906
2 0.453125 0.098633 0.003906 0.001953
3 0.147461 0.096680 0.001953 0.001953
2 0.564453 0.095703 0.003906 0.003906
2 0.559570 0.094727 0.001953 0.001953
2 0.589844 0.093750 0.003906 0.003906
2 0.550781 0.093750 0.003906 0.003906
2 0.469727 0.092773 0.001953 0.001953
2 0.743164 0.088867 0.001953 0.001953
2 0.477539 0.088867 0.001953 0.001953
2 0.569336 0.111328 0.064453 0.050781
2 0.483398 0.095703 0.017578 0.019531
2 0.172852 0.095703 0.029297 0.019531
3 0.840820 0.084961 0.001953 0.001953
2 0.095703 0.084961 0.003906 0.001953
2 0.594727 0.083008 0.001953 0.001953
3 0.266602 0.083008 0.001953 0.001953
2 0.520508 0.083008 0.001953 0.005859
3 0.815430 0.082031 0.001953 0.007812
3 0.495117 0.079102 0.001953 0.001953
2 0.489258 0.079102 0.001953 0.001953
2 0.004883 0.080078 0.009766 0.007812
2 0.114258 0.083984 0.021484 0.023438
2 0.588867 0.075195 0.025391 0.017578
2 0.076172 0.071289 0.015625 0.009766
3 0.859375 0.086914 0.050781 0.044922
3 0.911133 0.063477 0.001953 0.001953
3 0.346680 0.061523 0.001953 0.001953
3 0.305664 0.113281 0.083984 0.105469
2 0.957031 0.172852 0.085938 0.228516
3 0.750977 0.059570 0.001953 0.001953
2 0.317383 0.059570 0.001953 0.001953
3 0.961914 0.055664 0.001953 0.001953
3 0.756836 0.056641 0.001953 0.003906
2 0.073242 0.055664 0.001953 0.001953
3 0.966797 0.055664 0.003906 0.005859
2 0.444336 0.049805 0.001953 0.001953
2 0.072266 0.050781 0.003906 0.003906
3 0.901367 0.047852 0.001953 0.001953
3 0.752930 0.048828 0.005859 0.003906
2 0.448242 0.046875 0.005859 0.003906
2 0.969727 0.043945 0.005859 0.009766
3 0.817383 0.040039 0.001953 0.001953
2 0.430664 0.040039 0.001953 0.001953
2 0.726562 0.090820 0.156250 0.111328
3 0.760742 0.036133 0.001953 0.001953
2 0.473633 0.053711 0.041016 0.037109
2 0.530273 0.041016 0.005859 0.015625
2 0.168945 0.030273 0.001953 0.001953
2 0.986328 0.041992 0.027344 0.029297
3 0.977539 0.029297 0.001953 0.003906
3 0.794922 0.024414 0.003906 0.001953
2 0.166992 0.029297 0.009766 0.011719
3 0.978516 0.023438 0.011719 0.003906
2 0.178711 0.022461 0.001953 0.001953
3 0.787109 0.018555 0.003906 0.001953
2 0.080078 0.032227 0.019531 0.029297
3 0.801758 0.023438 0.001953 0.019531
2 0.112305 0.012695 0.001953 0.001953
2 0.108398 0.013672 0.001953 0.003906
3 0.795898 0.008789 0.005859 0.005859
3 0.786133 0.007812 0.001953 0.003906
3 0.903320 0.030273 0.056641 0.060547
3 0.770508 0.006836 0.025391 0.013672