1 0.996094 0.733398 0.007812 0.005859
1 0.998047 0.671875 0.003906 0.003906
1 0.993164 0.381836 0.001953 0.001953
1 0.995117 0.052734 0.009766 0.007812
1 0.981445 0.064453 0.037109 0.031250
0 0.980469 0.023438 0.039062 0.046875
1 0.500000 0.500000 1.000000 1.000000
2 0.916016 0.999023 0.003906 0.001953
3 0.507812 0.999023 0.007812 0.001953
3 0.292969 0.998047 0.003906 0.003906
2 0.770508 0.997070 0.009766 0.005859
2 0.466797 0.997070 0.035156 0.005859
3 0.104492 0.996094 0.005859 0.007812
3 0.086914 0.995117 0.021484 0.009766
3 0.326172 0.991211 0.019531 0.009766
3 0.273438 0.993164 0.023438 0.013672
2 0.912109 0.992188 0.019531 0.015625
2 0.895508 0.989258 0.013672 0.009766
3 0.573242 0.992188 0.033203 0.015625
3 0.755859 0.987305 0.007812 0.009766
3 0.382812 0.991211 0.042969 0.017578
3 0.221680 0.986328 0.017578 0.007812
3 0.107422 0.983398 0.003906 0.001953
3 0.838867 0.987305 0.025391 0.013672
3 0.110352 0.979492 0.001953 0.001953
3 0.953125 0.967773 0.003906 0.001953
3 0.938477 0.978516 0.029297 0.023438
3 0.611328 0.971680 0.011719 0.013672
3 0.511719 0.963867 0.003906 0.005859
3 0.436523 0.961914 0.001953 0.001953
3 0.519531 0.960938 0.003906 0.003906
3 0.358398 0.959961 0.001953 0.001953
3 0.843750 0.963867 0.015625 0.021484
3 0.677734 0.959961 0.015625 0.013672
3 0.454102 0.954102 0.001953 0.001953
3 0.444336 0.954102 0.001953 0.001953
2 0.400391 0.949219 0.007812 0.003906
3 0.466797 0.956055 0.027344 0.021484
2 0.390625 0.941406 0.011719 0.007812
3 0.056641 0.939453 0.003906 0.003906
3 0.378906 0.937500 0.007812 0.003906
3 0.259766 0.952148 0.128906 0.033203
3 0.861328 0.934570 0.003906 0.005859
3 0.647461 0.939453 0.013672 0.015625
3 0.434570 0.944336 0.013672 0.025391
3 0.309570 0.934570 0.009766 0.005859
3 0.846680 0.939453 0.009766 0.019531
3 0.190430 0.929688 0.005859 0.003906
3 0.764648 0.934570 0.017578 0.017578
3 0.100586 0.931641 0.009766 0.011719
3 0.759766 0.924805 0.003906 0.001953
3 0.325195 0.927734 0.009766 0.007812
3 0.722656 0.924805 0.003906 0.005859
3 0.694336 0.931641 0.017578 0.019531
3 0.053711 0.924805 0.005859 0.005859
3 0.354492 0.926758 0.021484 0.013672
3 0.067383 0.958008 0.060547 0.076172
3 0.814453 0.924805 0.027344 0.013672
3 0.556641 0.922852 0.011719 0.017578
3 0.938477 0.917969 0.013672 0.015625
3 0.725586 0.912109 0.009766 0.003906
3 0.885742 0.907227 0.001953 0.001953
3 0.875000 0.922852 0.015625 0.037109
2 0.518555 0.930664 0.064453 0.052734
2 0.018555 0.905273 0.001953 0.001953
2 0.541992 0.903320 0.001953 0.001953
3 0.614258 0.901367 0.001953 0.001953
3 0.480469 0.906250 0.015625 0.015625
3 0.998047 0.896484 0.003906 0.003906
3 0.883789 0.896484 0.001953 0.003906
2 0.869141 0.894531 0.003906 0.003906
3 0.071289 0.898438 0.029297 0.011719
3 0.590820 0.893555 0.005859 0.009766
2 0.875977 0.887695 0.001953 0.001953
2 0.871094 0.884766 0.003906 0.003906
3 0.045898 0.893555 0.029297 0.025391
2 0.222656 0.883789 0.019531 0.009766
3 0.134766 0.898438 0.093750 0.039062
3 0.522461 0.881836 0.013672 0.009766
3 0.377930 0.887695 0.021484 0.025391
3 0.507812 0.875977 0.007812 0.005859
3 0.165039 0.875000 0.009766 0.003906
3 0.375977 0.872070 0.005859 0.001953
2 0.009766 0.875977 0.011719 0.009766
3 0.519531 0.871094 0.007812 0.003906
3 0.456055 0.873047 0.009766 0.007812
3 0.381836 0.870117 0.001953 0.001953
2 0.859375 0.870117 0.015625 0.013672
3 0.569336 0.873047 0.025391 0.019531
3 0.285156 0.869141 0.015625 0.011719
3 0.126953 0.873047 0.015625 0.019531
3 0.454102 0.862305 0.001953 0.001953
2 0.765625 0.863281 0.015625 0.007812
2 0.233398 0.863281 0.005859 0.007812
3 0.624023 0.866211 0.048828 0.021484
2 0.796875 0.855469 0.007812 0.003906
3 0.442383 0.851562 0.001953 0.003906
3 0.369141 0.857422 0.015625 0.015625
3 0.657227 0.845703 0.005859 0.003906
3 0.449219 0.857422 0.035156 0.027344
2 0.822266 0.846680 0.011719 0.009766
3 0.622070 0.845703 0.009766 0.007812
3 0.779297 0.846680 0.050781 0.017578
3 0.927734 0.836914 0.007812 0.009766
3 0.951172 0.863281 0.082031 0.070312
3 0.996094 0.833008 0.007812 0.013672
3 0.324219 0.822266 0.007812 0.003906
3 0.165039 0.819336 0.001953 0.001953
3 0.158203 0.826172 0.015625 0.019531
3 0.001953 0.817383 0.003906 0.001953
2 0.999023 0.815430 0.001953 0.001953
3 0.477539 0.815430 0.001953 0.001953
3 0.197266 0.817383 0.011719 0.009766
3 0.951172 0.819336 0.015625 0.021484
3 0.121094 0.813477 0.003906 0.009766
3 0.405273 0.804688 0.013672 0.011719
3 0.172852 0.799805 0.001953 0.001953
3 0.298828 0.801758 0.019531 0.013672
3 0.124023 0.799805 0.009766 0.009766
2 0.789062 0.799805 0.007812 0.013672
3 0.575195 0.791992 0.001953 0.001953
3 0.311523 0.791992 0.001953 0.001953
3 0.713867 0.843750 0.044922 0.125000
3 0.271484 0.782227 0.003906 0.001953
3 0.355469 0.782227 0.023438 0.013672
2 0.714844 0.774414 0.011719 0.005859
2 0.702148 0.768555 0.001953 0.001953
2 0.671875 0.766602 0.007812 0.005859
3 0.987305 0.782227 0.025391 0.041016
2 0.844727 0.764648 0.009766 0.005859
3 0.265625 0.768555 0.027344 0.017578
3 0.902344 0.785156 0.019531 0.058594
3 0.596680 0.758789 0.005859 0.005859
3 0.302734 0.758789 0.003906 0.005859
3 0.496094 0.769531 0.019531 0.042969
3 0.218750 0.774414 0.066406 0.052734
3 0.085938 0.795898 0.093750 0.095703
3 0.438477 0.796875 0.087891 0.101562
3 0.418945 0.747070 0.001953 0.005859
3 0.645508 0.743164 0.001953 0.001953
2 0.166016 0.743164 0.011719 0.009766
2 0.743164 0.749023 0.037109 0.025391
3 0.429688 0.757812 0.019531 0.046875
3 0.496094 0.737305 0.023438 0.013672
2 0.362305 0.730469 0.017578 0.007812
2 0.216797 0.726562 0.011719 0.011719
3 0.594727 0.722656 0.009766 0.011719
3 0.518555 0.721680 0.013672 0.009766
3 0.942383 0.749023 0.115234 0.076172
3 0.806641 0.712891 0.003906 0.003906
2 0.328125 0.713867 0.007812 0.005859
2 0.367188 0.713867 0.015625 0.009766
3 0.151367 0.709961 0.001953 0.001953
3 0.822266 0.713867 0.023438 0.013672
3 0.373047 0.733398 0.070312 0.052734
2 0.746094 0.712891 0.015625 0.015625
3 0.490234 0.708008 0.015625 0.013672
2 0.376953 0.698242 0.003906 0.001953
3 0.537109 0.699219 0.011719 0.015625
2 0.711914 0.690430 0.001953 0.001953
2 0.363281 0.690430 0.003906 0.001953
3 0.674805 0.694336 0.009766 0.013672
3 0.778320 0.707031 0.025391 0.042969
2 0.729492 0.686523 0.001953 0.001953
3 0.596680 0.696289 0.041016 0.021484
3 0.625000 0.687500 0.011719 0.007812
3 0.884766 0.687500 0.011719 0.011719
3 0.780273 0.682617 0.001953 0.001953
3 0.854492 0.682617 0.005859 0.005859
2 0.265625 0.688477 0.035156 0.017578
3 0.526367 0.682617 0.013672 0.009766
2 0.036133 0.678711 0.001953 0.001953
3 0.471680 0.685547 0.017578 0.019531
3 0.430664 0.672852 0.001953 0.001953
3 0.117188 0.700195 0.234375 0.060547
3 0.745117 0.668945 0.001953 0.001953
3 0.902344 0.668945 0.003906 0.005859
3 0.785156 0.672852 0.007812 0.013672
3 0.358398 0.676758 0.021484 0.021484
3 0.634766 0.764648 0.199219 0.212891
3 0.435547 0.658203 0.007812 0.003906
3 0.022461 0.678711 0.044922 0.044922
3 0.419922 0.667969 0.019531 0.031250
3 0.400391 0.678711 0.015625 0.052734
2 0.304688 0.665039 0.011719 0.025391
3 0.894531 0.654297 0.039062 0.007812
3 0.636719 0.665039 0.023438 0.033203
2 0.680664 0.648438 0.001953 0.003906
3 0.606445 0.664062 0.056641 0.039062
3 0.107422 0.655273 0.062500 0.021484
3 0.958008 0.674805 0.083984 0.064453
3 0.218750 0.657227 0.031250 0.033203
3 0.850586 0.639648 0.009766 0.009766
2 0.671875 0.642578 0.011719 0.015625
3 0.994141 0.634766 0.007812 0.003906
3 0.831055 0.650391 0.072266 0.042969
3 0.333984 0.634766 0.015625 0.011719
3 0.036133 0.632812 0.025391 0.011719
3 0.837891 0.626953 0.011719 0.003906
3 0.909180 0.628906 0.009766 0.011719
3 0.304688 0.635742 0.019531 0.033203
2 0.685547 0.625977 0.050781 0.017578
3 0.359375 0.626953 0.050781 0.023438
3 0.879883 0.625000 0.013672 0.023438
3 0.517578 0.621094 0.011719 0.015625
3 0.395508 0.627930 0.009766 0.029297
3 0.506836 0.611328 0.009766 0.003906
3 0.892578 0.610352 0.015625 0.013672
3 0.999023 0.602539 0.001953 0.009766
3 0.721680 0.608398 0.009766 0.021484
2 0.503906 0.600586 0.007812 0.005859
3 0.352539 0.596680 0.001953 0.001953
3 0.870117 0.600586 0.013672 0.013672
3 0.577148 0.649414 0.072266 0.115234
3 0.921875 0.609375 0.039062 0.046875
3 0.779297 0.587891 0.007812 0.007812
3 0.589844 0.583008 0.007812 0.009766
3 0.988281 0.583984 0.023438 0.023438
3 0.900391 0.577148 0.007812 0.013672
3 0.838867 0.590820 0.017578 0.041016
3 0.229492 0.571289 0.001953 0.001953
3 0.895508 0.569336 0.001953 0.001953
3 0.737305 0.569336 0.001953 0.001953
3 0.198242 0.599609 0.181641 0.062500
3 0.520508 0.563477 0.001953 0.001953
3 0.957031 0.563477 0.011719 0.009766
3 0.969727 0.556641 0.001953 0.003906
3 0.993164 0.557617 0.013672 0.009766
3 0.841797 0.559570 0.011719 0.013672
3 0.204102 0.556641 0.009766 0.011719
3 0.953125 0.550781 0.003906 0.003906
3 0.522461 0.554688 0.009766 0.011719
3 0.437500 0.552734 0.011719 0.007812
3 0.127930 0.550781 0.005859 0.003906
3 0.694336 0.553711 0.005859 0.017578
3 0.641602 0.546875 0.001953 0.003906
3 0.452148 0.551758 0.013672 0.013672
3 0.375000 0.552734 0.015625 0.015625
3 0.239258 0.545898 0.001953 0.001953
3 0.610352 0.545898 0.005859 0.005859
3 0.149414 0.540039 0.001953 0.001953
3 0.576172 0.539062 0.003906 0.003906
3 0.446289 0.536133 0.001953 0.001953
3 0.872070 0.537109 0.009766 0.007812
3 0.412109 0.536133 0.003906 0.005859
3 0.529297 0.532227 0.003906 0.001953
3 0.417969 0.532227 0.003906 0.005859
3 0.312500 0.531250 0.003906 0.003906
3 0.546875 0.554688 0.039062 0.058594
3 0.416992 0.526367 0.001953 0.001953
3 0.234375 0.531250 0.015625 0.011719
3 0.578125 0.523438 0.003906 0.003906
3 0.428711 0.533203 0.009766 0.023438
2 0.956055 0.514648 0.001953 0.001953
3 0.197266 0.515625 0.003906 0.003906
2 0.966797 0.514648 0.011719 0.005859
3 0.663086 0.512695 0.001953 0.005859
3 0.393555 0.514648 0.009766 0.009766
3 0.204102 0.523438 0.021484 0.027344
3 0.452148 0.506836 0.009766 0.009766
3 0.329102 0.503906 0.005859 0.003906
3 0.416992 0.500000 0.013672 0.011719
3 0.210938 0.499023 0.019531 0.017578
3 0.132812 0.513672 0.070312 0.046875
3 0.005859 0.494141 0.011719 0.007812
3 0.660156 0.492188 0.007812 0.007812
3 0.693359 0.490234 0.007812 0.007812
3 0.889648 0.486328 0.013672 0.003906
3 0.300781 0.510742 0.019531 0.052734
3 0.083984 0.489258 0.007812 0.009766
3 0.405273 0.496094 0.013672 0.027344
3 0.552734 0.488281 0.027344 0.015625
3 0.935547 0.493164 0.031250 0.033203
3 0.529297 0.478516 0.003906 0.003906
2 0.781250 0.473633 0.003906 0.001953
3 0.196289 0.478516 0.021484 0.015625
2 0.217773 0.469727 0.001953 0.001953
3 0.589844 0.469727 0.007812 0.005859
3 0.225586 0.481445 0.025391 0.033203
2 0.879883 0.464844 0.005859 0.003906
2 0.868164 0.459961 0.005859 0.001953
3 0.849609 0.470703 0.015625 0.023438
3 0.013672 0.472656 0.027344 0.031250
2 0.409180 0.456055 0.005859 0.001953
2 0.223633 0.456055 0.001953 0.001953
3 0.844727 0.454102 0.001953 0.001953
3 0.788086 0.473633 0.060547 0.041016
3 0.507812 0.458984 0.011719 0.011719
3 0.372070 0.461914 0.013672 0.017578
3 0.303711 0.462891 0.009766 0.019531
3 0.168945 0.461914 0.013672 0.021484
3 0.034180 0.448242 0.001953 0.001953
3 0.797852 0.444336 0.001953 0.001953
3 0.643555 0.448242 0.025391 0.013672
3 0.366211 0.442383 0.005859 0.005859
3 0.263672 0.441406 0.007812 0.003906
3 0.247070 0.440430 0.001953 0.005859
3 0.541992 0.436523 0.001953 0.001953
3 0.437500 0.447266 0.023438 0.023438
3 0.609375 0.435547 0.003906 0.003906
3 0.522461 0.439453 0.033203 0.015625
3 0.442383 0.432617 0.001953 0.001953
3 0.319336 0.445312 0.009766 0.027344
3 0.625977 0.434570 0.009766 0.009766
3 0.006836 0.436523 0.013672 0.017578
3 0.377930 0.429688 0.005859 0.007812
3 0.103516 0.443359 0.039062 0.035156
3 0.630859 0.423828 0.015625 0.007812
3 0.746094 0.450195 0.082031 0.064453
3 0.981445 0.416992 0.001953 0.001953
3 0.817383 0.432617 0.041016 0.033203
3 0.045898 0.421875 0.013672 0.011719
3 0.946289 0.422852 0.029297 0.025391
3 0.914062 0.409180 0.003906 0.005859
3 0.579102 0.423828 0.068359 0.035156
3 0.987305 0.409180 0.009766 0.009766
3 0.462891 0.419922 0.023438 0.031250
3 0.340820 0.407227 0.021484 0.013672
3 0.438477 0.411133 0.025391 0.025391
3 0.926758 0.396484 0.001953 0.003906
3 0.264648 0.400391 0.017578 0.015625
3 0.937500 0.400391 0.019531 0.019531
3 0.579102 0.392578 0.009766 0.003906
3 0.741211 0.405273 0.033203 0.037109
3 0.203125 0.399414 0.019531 0.029297
3 0.664062 0.393555 0.039062 0.021484
3 0.798828 0.379883 0.003906 0.001953
3 0.631836 0.379883 0.013672 0.013672
3 0.189453 0.375977 0.007812 0.005859
3 0.988281 0.378906 0.023438 0.015625
2 0.735352 0.376953 0.025391 0.011719
3 0.249023 0.372070 0.001953 0.001953
3 0.509766 0.375000 0.011719 0.011719
3 0.839844 0.375000 0.015625 0.015625
3 0.919922 0.367188 0.015625 0.011719
3 0.787109 0.369141 0.011719 0.015625
3 0.249023 0.363281 0.033203 0.015625
3 0.281250 0.357422 0.011719 0.011719
2 0.445312 0.355469 0.023438 0.011719
3 0.526367 0.352539 0.017578 0.013672
3 0.207031 0.352539 0.011719 0.013672
3 0.360352 0.342773 0.001953 0.001953
3 0.877930 0.349609 0.021484 0.019531
3 0.841797 0.346680 0.015625 0.013672
3 0.833008 0.340820 0.005859 0.009766
3 0.615234 0.335938 0.003906 0.003906
3 0.868164 0.333008 0.013672 0.009766
3 0.754883 0.344727 0.091797 0.037109
3 0.548828 0.344727 0.035156 0.037109
3 0.600586 0.340820 0.033203 0.048828
3 0.280273 0.320312 0.009766 0.007812
3 0.772461 0.316406 0.001953 0.003906
2 0.520508 0.319336 0.005859 0.009766
2 0.453125 0.329102 0.019531 0.029297
2 0.493164 0.313477 0.001953 0.001953
2 0.476562 0.326172 0.015625 0.027344
3 0.173828 0.313477 0.003906 0.001953
3 0.977539 0.317383 0.013672 0.013672
3 0.559570 0.315430 0.013672 0.009766
3 0.438477 0.311523 0.001953 0.001953
3 0.345703 0.315430 0.011719 0.013672
3 0.328125 0.314453 0.015625 0.015625
3 0.372070 0.306641 0.005859 0.007812
3 0.297852 0.313477 0.009766 0.025391
3 0.768555 0.301758 0.001953 0.005859
3 0.654297 0.331055 0.062500 0.064453
3 0.581055 0.299805 0.001953 0.001953
2 0.526367 0.301758 0.009766 0.005859
3 0.716797 0.298828 0.003906 0.003906
3 0.323242 0.297852 0.001953 0.005859
2 0.928711 0.294922 0.009766 0.003906
3 0.841797 0.295898 0.007812 0.013672
3 0.575195 0.300781 0.009766 0.023438
3 0.187500 0.294922 0.023438 0.015625
3 0.856445 0.287109 0.017578 0.019531
3 0.793945 0.291992 0.025391 0.029297
3 0.459961 0.279297 0.001953 0.003906
3 0.445312 0.283203 0.003906 0.011719
3 0.424805 0.280273 0.005859 0.005859
2 0.573242 0.280273 0.005859 0.009766
3 0.835938 0.280273 0.011719 0.013672
2 0.623047 0.275391 0.003906 0.003906
3 0.780273 0.270508 0.001953 0.001953
3 0.161133 0.277344 0.025391 0.015625
3 0.824219 0.271484 0.007812 0.007812
2 0.579102 0.266602 0.005859 0.005859
3 0.332031 0.271484 0.011719 0.015625
3 0.875000 0.269531 0.011719 0.015625
3 0.784180 0.271484 0.013672 0.019531
3 0.474609 0.273438 0.023438 0.023438
3 0.808594 0.262695 0.003906 0.009766
2 0.934570 0.269531 0.041016 0.031250
3 0.827148 0.254883 0.001953 0.001953
3 0.368164 0.254883 0.001953 0.001953
3 0.846680 0.262695 0.017578 0.025391
2 0.649414 0.254883 0.017578 0.013672
3 0.387695 0.303711 0.060547 0.111328
2 0.965820 0.261719 0.017578 0.031250
2 0.596680 0.264648 0.025391 0.037109
3 0.201172 0.248047 0.003906 0.003906
3 0.819336 0.255859 0.009766 0.023438
3 0.291992 0.248047 0.005859 0.007812
2 0.253906 0.247070 0.003906 0.005859
3 0.867188 0.255859 0.019531 0.039062
2 0.332031 0.241211 0.007812 0.009766
3 0.408203 0.258789 0.015625 0.048828
3 0.362305 0.239258 0.009766 0.009766
3 0.427734 0.235352 0.007812 0.005859
3 0.680664 0.237305 0.025391 0.013672
3 0.742188 0.280273 0.042969 0.103516
2 0.675781 0.228516 0.011719 0.007812
3 0.805664 0.222656 0.005859 0.003906
3 0.756836 0.222656 0.005859 0.007812
3 0.715820 0.218750 0.001953 0.003906
2 0.297852 0.217773 0.001953 0.001953
3 0.073242 0.321289 0.138672 0.208984
3 0.818359 0.231445 0.035156 0.033203
3 0.499023 0.218750 0.017578 0.007812
3 0.417969 0.217773 0.003906 0.005859
2 0.333984 0.221680 0.023438 0.017578
2 0.307617 0.216797 0.009766 0.007812
3 0.946289 0.209961 0.001953 0.001953
3 0.451172 0.240234 0.039062 0.062500
3 0.710938 0.204102 0.003906 0.005859
3 0.378906 0.201172 0.003906 0.003906
2 0.664062 0.212891 0.023438 0.042969
2 0.370117 0.197266 0.009766 0.015625
3 0.806641 0.197266 0.019531 0.019531
3 0.849609 0.192383 0.011719 0.013672
3 0.330078 0.195312 0.019531 0.023438
3 0.711914 0.180664 0.001953 0.001953
2 0.681641 0.182617 0.007812 0.005859
3 0.448242 0.190430 0.021484 0.021484
3 0.914062 0.179688 0.003906 0.003906
3 0.693359 0.190430 0.015625 0.025391
3 0.900391 0.178711 0.015625 0.009766
3 0.919922 0.203125 0.105469 0.070312
3 0.827148 0.177734 0.009766 0.019531
3 0.999023 0.163086 0.001953 0.001953
3 0.823242 0.164062 0.009766 0.007812
3 0.659180 0.166992 0.017578 0.013672
2 0.317383 0.162109 0.005859 0.003906
2 0.297852 0.162109 0.009766 0.007812
3 0.389648 0.171875 0.052734 0.039062
3 0.999023 0.150391 0.001953 0.007812
3 0.484375 0.166992 0.042969 0.041016
3 0.501953 0.142578 0.003906 0.003906
3 0.278320 0.148438 0.029297 0.023438
3 0.670898 0.146484 0.009766 0.023438
3 0.247070 0.139648 0.013672 0.013672
3 0.722656 0.130859 0.007812 0.003906
2 0.351562 0.148438 0.011719 0.039062
3 0.959961 0.126953 0.009766 0.015625
3 0.457031 0.121094 0.007812 0.007812
3 0.389648 0.117188 0.009766 0.007812
3 0.725586 0.151367 0.087891 0.083984
2 0.650391 0.117188 0.039062 0.023438
3 0.819336 0.141602 0.048828 0.080078
3 0.785156 0.107422 0.015625 0.019531
2 0.658203 0.096680 0.003906 0.001953
3 0.851562 0.109375 0.011719 0.031250
2 0.567383 0.094727 0.001953 0.001953
3 0.398438 0.100586 0.015625 0.017578
3 0.994141 0.095703 0.011719 0.011719
3 0.805664 0.091797 0.005859 0.003906
3 0.759766 0.094727 0.027344 0.013672
3 0.480469 0.095703 0.015625 0.015625
3 0.689453 0.102539 0.027344 0.033203
3 0.936523 0.083008 0.001953 0.001953
2 0.567383 0.084961 0.005859 0.005859
3 0.709961 0.092773 0.021484 0.025391
3 0.912109 0.085938 0.023438 0.019531
3 0.573242 0.075195 0.001953 0.001953
3 0.383789 0.080078 0.013672 0.019531
3 0.854492 0.071289 0.009766 0.013672
2 0.635742 0.071289 0.021484 0.013672
2 0.641602 0.063477 0.001953 0.001953
3 0.405273 0.064453 0.005859 0.003906
3 0.979492 0.063477 0.013672 0.005859
2 0.515625 0.060547 0.003906 0.003906
3 0.561523 0.095703 0.134766 0.078125
2 0.500977 0.081055 0.056641 0.052734
3 0.333008 0.053711 0.001953 0.001953
3 0.815430 0.071289 0.056641 0.041016
3 0.295898 0.052734 0.009766 0.003906
2 0.777344 0.054688 0.007812 0.011719
3 0.460938 0.055664 0.011719 0.013672
3 0.530273 0.054688 0.021484 0.015625
2 0.416992 0.043945 0.001953 0.001953
3 0.242188 0.047852 0.011719 0.009766
3 0.848633 0.042969 0.005859 0.007812
3 0.174805 0.039062 0.001953 0.003906
3 0.098633 0.041016 0.044922 0.023438
3 0.894531 0.046875 0.062500 0.039062
3 0.028320 0.037109 0.017578 0.019531
3 0.754883 0.044922 0.029297 0.039062
3 0.846680 0.020508 0.001953 0.001953
3 0.028320 0.018555 0.005859 0.005859
3 0.939453 0.019531 0.007812 0.011719
3 0.138672 0.070312 0.082031 0.113281
2 0.645508 0.013672 0.005859 0.003906
3 0.583984 0.016602 0.011719 0.009766
3 0.382812 0.077148 0.160156 0.138672
3 0.176758 0.006836 0.001953 0.005859
3 0.970703 0.042969 0.058594 0.085938
3 0.877930 0.025391 0.037109 0.050781
3 0.607422 0.010742 0.011719 0.021484
3 0.127930 0.004883 0.017578 0.009766