1 0.156250 0.998047 0.003906 0.003906
1 0.924805 0.995117 0.013672 0.009766
1 0.275391 0.990234 0.046875 0.019531
1 0.745117 0.980469 0.005859 0.003906
1 0.704102 0.987305 0.025391 0.017578
0 0.470703 0.983398 0.019531 0.029297
1 0.710938 0.968750 0.007812 0.003906
1 0.704102 0.967773 0.001953 0.001953
1 0.029297 0.969727 0.007812 0.005859
1 0.960938 0.966797 0.015625 0.011719
1 0.804688 0.963867 0.007812 0.009766
1 0.008789 0.974609 0.013672 0.035156
1 0.823242 0.958984 0.021484 0.015625
1 0.171875 0.969727 0.019531 0.041016
1 0.114258 0.948242 0.001953 0.001953
1 0.130859 0.955078 0.019531 0.019531
1 0.493164 0.948242 0.017578 0.009766
1 0.912109 0.968750 0.054688 0.062500
0 0.456055 0.937500 0.005859 0.003906
0 0.996094 0.926758 0.003906 0.001953
1 0.258789 0.928711 0.013672 0.005859
1 0.284180 0.928711 0.009766 0.009766
1 0.092773 0.922852 0.001953 0.001953
1 0.307617 0.938477 0.052734 0.041016
1 0.023438 0.943359 0.046875 0.050781
0 0.452148 0.920898 0.009766 0.009766
1 0.029297 0.916992 0.003906 0.001953
0 0.992188 0.918945 0.007812 0.009766
1 0.699219 0.916016 0.003906 0.003906
1 0.737305 0.945312 0.044922 0.066406
1 0.424805 0.918945 0.013672 0.013672
1 0.723633 0.916016 0.013672 0.011719
1 0.420898 0.911133 0.001953 0.001953
1 0.686523 0.910156 0.005859 0.003906
1 0.096680 0.907227 0.001953 0.001953
1 0.415039 0.906250 0.005859 0.003906
1 0.165039 0.909180 0.029297 0.013672
1 0.701172 0.904297 0.007812 0.007812
1 0.781250 0.926758 0.062500 0.060547
1 0.056641 0.913086 0.066406 0.033203
0 0.931641 0.906250 0.015625 0.039062
1 0.761719 0.887695 0.007812 0.009766
0 0.441406 0.873047 0.011719 0.011719
1 0.906250 0.879883 0.015625 0.029297
0 0.083008 0.875977 0.064453 0.021484
1 0.933594 0.874023 0.027344 0.021484
1 0.946289 0.856445 0.001953 0.001953
1 0.566406 0.865234 0.011719 0.019531
0 0.078125 0.855469 0.019531 0.007812
1 0.907227 0.850586 0.001953 0.001953
0 0.436523 0.852539 0.009766 0.005859
1 0.912109 0.854492 0.007812 0.013672
1 0.243164 0.898438 0.173828 0.101562
0 0.104492 0.855469 0.021484 0.027344
1 0.925781 0.844727 0.011719 0.013672
1 0.187500 0.853516 0.085938 0.039062
1 0.715820 0.832031 0.013672 0.003906
0 0.828125 0.827148 0.003906 0.001953
1 0.353516 0.839844 0.046875 0.046875
1 0.840820 0.826172 0.013672 0.023438
1 0.436523 0.811523 0.001953 0.001953
1 0.430664 0.811523 0.001953 0.001953
1 0.904297 0.814453 0.031250 0.019531
1 0.351562 0.797852 0.003906 0.005859
1 0.443359 0.795898 0.003906 0.005859
1 0.432617 0.800781 0.009766 0.015625
1 0.919922 0.788086 0.003906 0.001953
1 0.522461 0.802734 0.021484 0.031250
1 0.724609 0.791016 0.007812 0.011719
1 0.581055 0.786133 0.001953 0.001953
1 0.550781 0.788086 0.003906 0.005859
1 0.883789 0.792969 0.009766 0.019531
1 0.943359 0.789062 0.011719 0.015625
1 0.446289 0.778320 0.001953 0.001953
1 0.425781 0.782227 0.007812 0.009766
0 0.875977 0.774414 0.005859 0.009766
1 0.996094 0.776367 0.007812 0.017578
1 0.520508 0.773438 0.005859 0.011719
1 0.935547 0.767578 0.011719 0.007812
1 0.456055 0.765625 0.001953 0.003906
0 0.875977 0.759766 0.005859 0.015625
1 0.530273 0.751953 0.001953 0.003906
1 0.684570 0.758789 0.017578 0.021484
1 0.710938 0.752930 0.015625 0.017578
1 0.563477 0.753906 0.017578 0.019531
1 0.453125 0.740234 0.003906 0.007812
0 0.054688 0.742188 0.023438 0.011719
0 0.778320 0.747070 0.025391 0.025391
1 0.626953 0.746094 0.019531 0.027344
1 0.005859 0.737305 0.007812 0.009766
1 0.018555 0.734375 0.005859 0.007812
0 0.738281 0.737305 0.023438 0.025391
1 0.526367 0.745117 0.041016 0.044922
1 0.368164 0.724609 0.005859 0.007812
1 0.566406 0.723633 0.007812 0.009766
1 0.436523 0.717773 0.001953 0.001953
1 0.692383 0.720703 0.025391 0.015625
1 0.436523 0.713867 0.001953 0.001953
1 0.498047 0.710938 0.003906 0.003906
1 0.214844 0.704102 0.003906 0.005859
1 0.515625 0.694336 0.003906 0.005859
0 0.696289 0.689453 0.001953 0.003906
1 0.506836 0.688477 0.001953 0.001953
1 0.946289 0.686523 0.001953 0.001953
0 0.720703 0.699219 0.023438 0.027344
0 0.690430 0.689453 0.005859 0.007812
1 0.178711 0.701172 0.021484 0.031250
1 0.922852 0.694336 0.025391 0.021484
1 0.538086 0.687500 0.009766 0.015625
1 0.009766 0.692383 0.019531 0.025391
0 0.963867 0.678711 0.001953 0.001953
0 0.718750 0.680664 0.003906 0.005859
0 0.648438 0.681641 0.007812 0.007812
0 0.959961 0.670898 0.013672 0.009766
0 0.942383 0.666992 0.001953 0.001953
1 0.495117 0.665039 0.001953 0.001953
1 0.508789 0.677734 0.037109 0.031250
1 0.080078 0.656250 0.007812 0.007812
0 0.710938 0.650391 0.003906 0.003906
0 0.051758 0.762695 0.103516 0.228516
1 0.752930 0.647461 0.005859 0.001953
1 0.499023 0.648438 0.009766 0.015625
1 0.141602 0.698242 0.041016 0.115234
0 0.086914 0.639648 0.001953 0.001953
1 0.715820 0.633789 0.001953 0.001953
1 0.512695 0.632812 0.005859 0.003906
1 0.671875 0.638672 0.015625 0.019531
0 0.109375 0.627930 0.011719 0.013672
1 0.728516 0.615234 0.003906 0.003906
1 0.818359 0.616211 0.011719 0.009766
1 0.793945 0.610352 0.001953 0.001953
0 0.786133 0.604492 0.005859 0.005859
1 0.058594 0.637695 0.078125 0.072266
1 0.692383 0.597656 0.009766 0.003906
1 0.881836 0.626953 0.029297 0.066406
1 0.730469 0.599609 0.027344 0.011719
1 0.699219 0.590820 0.007812 0.005859
1 0.041016 0.593750 0.027344 0.015625
0 0.762695 0.587891 0.033203 0.015625
0 0.099609 0.599609 0.031250 0.039062
1 0.936523 0.575195 0.001953 0.001953
1 0.582031 0.576172 0.015625 0.007812
0 0.777344 0.574219 0.023438 0.011719
0 0.079102 0.564453 0.005859 0.003906
0 0.773438 0.562500 0.011719 0.007812
1 0.506836 0.565430 0.009766 0.013672
0 0.092773 0.558594 0.013672 0.007812
0 0.752930 0.553711 0.001953 0.001953
0 0.108398 0.555664 0.005859 0.009766
1 0.819336 0.552734 0.013672 0.007812
1 0.949219 0.582031 0.101562 0.078125
1 0.517578 0.546875 0.007812 0.007812
1 0.722656 0.549805 0.050781 0.017578
1 0.777344 0.542969 0.015625 0.007812
1 0.720703 0.540039 0.003906 0.001953
1 0.420898 0.579102 0.037109 0.103516
1 0.329102 0.536133 0.017578 0.025391
0 0.130859 0.537109 0.023438 0.027344
1 0.725586 0.529297 0.021484 0.015625
0 0.694336 0.526367 0.033203 0.013672
1 0.955078 0.529297 0.011719 0.023438
1 0.002930 0.520508 0.005859 0.005859
1 0.556641 0.513672 0.003906 0.003906
1 0.005859 0.512695 0.003906 0.001953
1 0.049805 0.517578 0.037109 0.015625
1 0.449219 0.519531 0.023438 0.027344
1 0.278320 0.514648 0.021484 0.017578
1 0.016602 0.525391 0.033203 0.039062
1 0.090820 0.504883 0.013672 0.005859
1 0.759766 0.503906 0.023438 0.019531
0 0.901367 0.495117 0.009766 0.009766
1 0.817383 0.497070 0.017578 0.017578
1 0.199219 0.493164 0.011719 0.013672
1 0.576172 0.510742 0.046875 0.052734
0 0.383789 0.488281 0.021484 0.011719
1 0.250000 0.486328 0.003906 0.007812
1 0.151367 0.529297 0.072266 0.093750
0 0.418945 0.479492 0.005859 0.001953
0 0.413086 0.479492 0.001953 0.001953
1 0.068359 0.485352 0.015625 0.013672
1 0.653320 0.478516 0.009766 0.003906
0 0.534180 0.483398 0.017578 0.013672
1 0.154297 0.476562 0.003906 0.007812
1 0.460938 0.469727 0.003906 0.001953
1 0.463867 0.485352 0.052734 0.037109
1 0.568359 0.474609 0.031250 0.023438
1 0.783203 0.465820 0.007812 0.013672
1 0.090820 0.467773 0.025391 0.017578
1 0.627930 0.461914 0.013672 0.009766
0 0.434570 0.459961 0.005859 0.005859
1 0.039062 0.467773 0.019531 0.025391
1 0.743164 0.452148 0.001953 0.001953
1 0.918945 0.436523 0.001953 0.001953
1 0.240234 0.457031 0.019531 0.046875
1 0.182617 0.439453 0.033203 0.011719
1 0.641602 0.435547 0.009766 0.011719
1 0.939453 0.433594 0.035156 0.011719
1 0.420898 0.429688 0.013672 0.011719
1 0.503906 0.427734 0.011719 0.011719
1 0.058594 0.435547 0.019531 0.035156
1 0.253906 0.425781 0.035156 0.019531
1 0.175781 0.413086 0.007812 0.009766
1 0.789062 0.404297 0.003906 0.003906
1 0.876953 0.409180 0.011719 0.017578
1 0.819336 0.427734 0.103516 0.054688
1 0.518555 0.401367 0.001953 0.001953
1 0.141602 0.401367 0.005859 0.005859
1 0.522461 0.395508 0.001953 0.001953
1 0.709961 0.394531 0.001953 0.003906
1 0.139648 0.433594 0.064453 0.082031
0 0.825195 0.391602 0.001953 0.001953
1 0.211914 0.390625 0.025391 0.015625
1 0.871094 0.387695 0.015625 0.017578
1 0.091797 0.381836 0.007812 0.005859
0 0.833008 0.377930 0.009766 0.005859
1 0.042969 0.388672 0.015625 0.027344
1 0.080078 0.375977 0.007812 0.005859
1 0.038086 0.375977 0.005859 0.005859
1 0.608398 0.372070 0.001953 0.001953
0 0.967773 0.368164 0.001953 0.001953
0 0.957031 0.366211 0.007812 0.005859
1 0.342773 0.360352 0.001953 0.001953
1 0.223633 0.369141 0.021484 0.019531
1 0.059570 0.360352 0.001953 0.001953
1 0.869141 0.364258 0.023438 0.013672
1 0.132812 0.368164 0.054688 0.021484
1 0.530273 0.356445 0.001953 0.001953
1 0.277344 0.353516 0.003906 0.003906
1 0.925781 0.361328 0.019531 0.031250
1 0.899414 0.343750 0.021484 0.007812
0 0.667969 0.346680 0.011719 0.013672
0 0.688477 0.350586 0.021484 0.033203
0 0.229492 0.333008 0.001953 0.001953
1 0.999023 0.329102 0.001953 0.001953
1 0.287109 0.349609 0.023438 0.046875
1 0.731445 0.323242 0.001953 0.001953
0 0.221680 0.323242 0.001953 0.001953
0 0.351562 0.323242 0.003906 0.005859
1 0.947266 0.320312 0.003906 0.003906
1 0.958008 0.360352 0.083984 0.083984
1 0.382812 0.418945 0.132812 0.201172
1 0.567383 0.324219 0.044922 0.023438
1 0.955078 0.313477 0.007812 0.005859
1 0.731445 0.379883 0.068359 0.138672
1 0.936523 0.312500 0.009766 0.007812
0 0.739258 0.310547 0.001953 0.003906
1 0.996094 0.306641 0.003906 0.003906
1 0.944336 0.303711 0.001953 0.001953
1 0.400391 0.303711 0.003906 0.001953
1 0.391602 0.303711 0.001953 0.001953
1 0.513672 0.313477 0.058594 0.025391
1 0.268555 0.314453 0.056641 0.031250
1 0.485352 0.325195 0.087891 0.060547
1 0.841797 0.321289 0.058594 0.060547
1 0.421875 0.298828 0.023438 0.015625
1 0.357422 0.291992 0.003906 0.001953
1 0.067383 0.338867 0.134766 0.095703
1 0.895508 0.291016 0.021484 0.031250
1 0.795898 0.276367 0.001953 0.001953
1 0.767578 0.287109 0.027344 0.023438
1 0.905273 0.272461 0.001953 0.001953
1 0.762695 0.272461 0.001953 0.001953
1 0.374023 0.302734 0.041016 0.066406
1 0.317383 0.320312 0.048828 0.101562
1 0.048828 0.281250 0.082031 0.027344
1 0.437500 0.270508 0.007812 0.009766
1 0.356445 0.266602 0.001953 0.001953
1 0.170898 0.282227 0.064453 0.033203
1 0.469727 0.278320 0.037109 0.029297
1 0.419922 0.264648 0.003906 0.005859
0 0.507812 0.263672 0.011719 0.007812
0 0.519531 0.259766 0.003906 0.003906
1 0.858398 0.255859 0.005859 0.003906
1 0.252930 0.260742 0.017578 0.013672
1 0.199219 0.257812 0.015625 0.007812
1 0.338867 0.252930 0.005859 0.005859
1 0.300781 0.257812 0.007812 0.015625
1 0.402344 0.249023 0.007812 0.005859
0 0.313477 0.253906 0.013672 0.015625
1 0.229492 0.249023 0.013672 0.009766
1 0.329102 0.245117 0.013672 0.005859
1 0.714844 0.240234 0.015625 0.003906
1 0.412109 0.241211 0.007812 0.005859
1 0.106445 0.237305 0.001953 0.001953
1 0.094727 0.247070 0.048828 0.029297
0 0.467773 0.232422 0.009766 0.003906
1 0.418945 0.230469 0.009766 0.007812
1 0.118164 0.223633 0.001953 0.001953
1 0.457031 0.222656 0.007812 0.003906
1 0.147461 0.222656 0.005859 0.003906
1 0.405273 0.221680 0.009766 0.005859
1 0.955078 0.221680 0.015625 0.009766
0 0.576172 0.217773 0.003906 0.001953
1 0.419922 0.214844 0.007812 0.007812
1 0.629883 0.206055 0.001953 0.001953
1 0.402344 0.208984 0.015625 0.015625
1 0.308594 0.207031 0.015625 0.011719
1 0.255859 0.200195 0.003906 0.005859
0 0.008789 0.205078 0.017578 0.015625
1 0.737305 0.196289 0.001953 0.001953
0 0.534180 0.210938 0.017578 0.039062
1 0.988281 0.193359 0.023438 0.011719
1 0.101562 0.192383 0.007812 0.009766
1 0.956055 0.189453 0.013672 0.011719
1 0.356445 0.190430 0.033203 0.017578
1 0.504883 0.185547 0.005859 0.011719
1 0.633789 0.176758 0.021484 0.009766
1 0.190430 0.169922 0.001953 0.003906
1 0.641602 0.166016 0.013672 0.007812
1 0.751953 0.182617 0.023438 0.044922
1 0.229492 0.176758 0.021484 0.033203
1 0.342773 0.165039 0.013672 0.013672
1 0.348633 0.155273 0.001953 0.001953
1 0.321289 0.158203 0.009766 0.007812
1 0.846680 0.214844 0.138672 0.128906
0 0.173828 0.155273 0.007812 0.009766
1 0.943359 0.149414 0.003906 0.001953
1 0.632812 0.270508 0.277344 0.244141
1 0.250977 0.149414 0.001953 0.001953
1 0.976562 0.154297 0.046875 0.015625
1 0.385742 0.155273 0.013672 0.017578
1 0.858398 0.145508 0.001953 0.001953
1 0.334961 0.146484 0.005859 0.003906
1 0.240234 0.150391 0.007812 0.011719
0 0.850586 0.146484 0.005859 0.007812
0 0.577148 0.143555 0.001953 0.001953
1 0.748047 0.145508 0.007812 0.009766
1 0.981445 0.142578 0.017578 0.011719
1 0.913086 0.139648 0.013672 0.005859
1 0.461914 0.162109 0.029297 0.070312
0 0.931641 0.120117 0.003906 0.001953
1 0.306641 0.136719 0.011719 0.035156
1 0.850586 0.118164 0.001953 0.001953
0 0.576172 0.119141 0.023438 0.007812
0 0.168945 0.116211 0.009766 0.001953
1 0.909180 0.109375 0.009766 0.003906
1 0.557617 0.161133 0.080078 0.107422
1 0.960938 0.105469 0.015625 0.007812
0 0.571289 0.098633 0.005859 0.005859
0 0.567383 0.090820 0.001953 0.001953
0 0.585938 0.098633 0.019531 0.021484
1 0.975586 0.086914 0.001953 0.001953
1 0.780273 0.083008 0.001953 0.001953
0 0.861328 0.076172 0.007812 0.003906
1 0.842773 0.097656 0.083984 0.046875
1 0.381836 0.075195 0.005859 0.009766
1 0.008789 0.069336 0.001953 0.001953
1 0.780273 0.063477 0.001953 0.001953
1 0.182617 0.066406 0.009766 0.007812
1 0.918945 0.061523 0.001953 0.001953
1 0.693359 0.100586 0.093750 0.080078
1 0.459961 0.062500 0.001953 0.003906
1 0.471680 0.057617 0.001953 0.001953
1 0.446289 0.076172 0.068359 0.039062
1 0.085938 0.117188 0.078125 0.121094
1 0.479492 0.055664 0.005859 0.005859
1 0.141602 0.053711 0.009766 0.005859
1 0.447266 0.048828 0.011719 0.011719
1 0.192383 0.045898 0.029297 0.013672
1 0.392578 0.055664 0.046875 0.037109
0 0.468750 0.035156 0.007812 0.007812
0 0.401367 0.031250 0.009766 0.003906
1 0.508789 0.024414 0.001953 0.001953
1 0.582031 0.032227 0.015625 0.021484
1 0.202148 0.013672 0.001953 0.003906
1 0.190430 0.021484 0.013672 0.019531
0 0.065430 0.010742 0.001953 0.001953
1 0.530273 0.047852 0.056641 0.080078
1 0.372070 0.013672 0.017578 0.011719
1 0.735352 0.008789 0.013672 0.009766
1 0.282227 0.055664 0.138672 0.107422
0 0.750977 0.000977 0.005859 0.001953
1 0.221680 0.000977 0.001953 0.001953
1 0.167969 0.009766 0.031250 0.019531
1 0.030273 0.036133 0.056641 0.072266
2 0.024414 0.850586 0.009766 0.005859
2 0.032227 0.846680 0.001953 0.001953
2 0.036133 0.844727 0.001953 0.001953
3 0.940430 0.605469 0.001953 0.003906
3 0.934570 0.593750 0.005859 0.007812
3 0.018555 0.525391 0.001953 0.003906
3 0.027344 0.340820 0.054688 0.052734
3 0.500000 0.500000 1.000000 1.000000