0 0.473633 0.999023 0.001953 0.001953
0 0.491211 0.998047 0.001953 0.003906
0 0.481445 0.987305 0.001953 0.001953
0 0.475586 0.986328 0.001953 0.003906
1 0.435547 0.991211 0.042969 0.017578
0 0.635742 0.979492 0.001953 0.001953
0 0.538086 0.977539 0.001953 0.001953
0 0.612305 0.967773 0.001953 0.001953
0 0.471680 0.962891 0.001953 0.003906
0 0.588867 0.958008 0.001953 0.001953
0 0.579102 0.956055 0.001953 0.001953
0 0.532227 0.954102 0.001953 0.001953
0 0.678711 0.952148 0.001953 0.001953
0 0.489258 0.946289 0.001953 0.001953
0 0.571289 0.942383 0.001953 0.001953
1 0.497070 0.934570 0.001953 0.001953
1 0.590820 0.932617 0.001953 0.001953
1 0.688477 0.924805 0.001953 0.001953
0 0.651367 0.953125 0.076172 0.058594
0 0.735352 0.920898 0.001953 0.001953
0 0.711914 0.928711 0.041016 0.033203
0 0.616211 0.911133 0.001953 0.001953
0 0.590820 0.903320 0.001953 0.001953
0 0.706055 0.891602 0.005859 0.001953
0 0.714844 0.863281 0.003906 0.003906
0 0.569336 0.900391 0.123047 0.113281
0 0.009766 0.829102 0.003906 0.001953
0 0.561523 0.827148 0.001953 0.001953
0 0.032227 0.818359 0.005859 0.003906
0 0.768555 0.832031 0.044922 0.035156
0 0.727539 0.792969 0.005859 0.007812
0 0.776367 0.789062 0.005859 0.003906
0 0.764648 0.788086 0.001953 0.001953
0 0.730469 0.782227 0.003906 0.001953
0 0.836914 0.785156 0.013672 0.015625
0 0.012695 0.776367 0.001953 0.001953
0 0.757812 0.774414 0.003906 0.001953
0 0.732422 0.775391 0.003906 0.007812
0 0.579102 0.773438 0.001953 0.003906
0 0.090820 0.770508 0.001953 0.001953
0 0.080078 0.764648 0.003906 0.005859
0 0.073242 0.762695 0.001953 0.001953
0 0.104492 0.745117 0.001953 0.001953
1 0.877930 0.742188 0.001953 0.003906
0 0.564453 0.733398 0.007812 0.009766
0 0.114258 0.719727 0.001953 0.001953
0 0.557617 0.717773 0.001953 0.001953
0 0.848633 0.716797 0.005859 0.003906
0 0.779297 0.714844 0.003906 0.003906
0 0.689453 0.712891 0.003906 0.003906
0 0.566406 0.712891 0.007812 0.019531
1 0.059570 0.696289 0.001953 0.001953
0 0.707031 0.692383 0.003906 0.001953
0 0.661133 0.682617 0.001953 0.001953
0 0.782227 0.680664 0.001953 0.001953
0 0.750977 0.680664 0.001953 0.001953
0 0.586914 0.682617 0.009766 0.005859
0 0.032227 0.680664 0.001953 0.001953
0 0.536133 0.676758 0.001953 0.001953
0 0.546875 0.666016 0.003906 0.003906
0 0.571289 0.673828 0.017578 0.023438
0 0.642578 0.654297 0.007812 0.003906
0 0.568359 0.654297 0.003906 0.007812
0 0.588867 0.651367 0.005859 0.005859
0 0.557617 0.647461 0.001953 0.001953
0 0.569336 0.645508 0.001953 0.001953
0 0.534180 0.643555 0.001953 0.001953
0 0.643555 0.641602 0.001953 0.001953
0 0.530273 0.641602 0.001953 0.001953
0 0.583008 0.640625 0.001953 0.003906
0 0.524414 0.639648 0.005859 0.005859
0 0.627930 0.631836 0.001953 0.001953
0 0.786133 0.628906 0.005859 0.007812
0 0.620117 0.636719 0.041016 0.035156
0 0.564453 0.603516 0.003906 0.003906
0 0.557617 0.600586 0.001953 0.001953
0 0.680664 0.596680 0.001953 0.001953
0 0.963867 0.594727 0.001953 0.001953
0 0.563477 0.594727 0.001953 0.001953
0 0.577148 0.584961 0.001953 0.001953
0 0.577148 0.574219 0.005859 0.007812
0 0.555664 0.572266 0.001953 0.003906
0 0.580078 0.565430 0.003906 0.001953
0 0.668945 0.561523 0.001953 0.001953
0 0.983398 0.565430 0.033203 0.033203
0 0.704102 0.544922 0.001953 0.003906
0 0.790039 0.542969 0.005859 0.011719
0 0.762695 0.539062 0.009766 0.015625
1 0.006836 0.535156 0.013672 0.007812
0 0.795898 0.528320 0.001953 0.001953
1 0.065430 0.528320 0.001953 0.001953
1 0.057617 0.526367 0.001953 0.001953
1 0.743164 0.510742 0.001953 0.001953
1 0.736328 0.500000 0.007812 0.011719
0 0.588867 0.495117 0.001953 0.001953
0 0.625977 0.486328 0.001953 0.003906
1 0.053711 0.494141 0.025391 0.019531
0 0.165039 0.446289 0.001953 0.001953
0 0.555664 0.444336 0.001953 0.001953
0 0.831055 0.440430 0.001953 0.001953
0 0.540039 0.440430 0.001953 0.001953
0 0.858398 0.434570 0.001953 0.001953
0 0.707031 0.435547 0.003906 0.003906
0 0.999023 0.428711 0.001953 0.001953
0 0.942383 0.428711 0.001953 0.001953
0 0.870117 0.428711 0.001953 0.001953
0 0.862305 0.429688 0.005859 0.007812
0 0.939453 0.426758 0.003906 0.005859
0 0.877930 0.422852 0.001953 0.001953
0 0.097656 0.416016 0.003906 0.003906
0 0.085938 0.416016 0.003906 0.003906
0 0.858398 0.403320 0.001953 0.001953
0 0.065430 0.401367 0.001953 0.001953
0 0.061523 0.401367 0.001953 0.001953
0 0.057617 0.399414 0.001953 0.001953
0 0.963867 0.419922 0.037109 0.050781
0 0.805664 0.396484 0.009766 0.007812
0 0.922852 0.389648 0.001953 0.001953
0 0.990234 0.389648 0.003906 0.005859
0 0.985352 0.387695 0.001953 0.001953
0 0.899414 0.402344 0.041016 0.039062
0 0.925781 0.379883 0.019531 0.009766
0 0.917969 0.373047 0.015625 0.007812
1 0.866211 0.370117 0.001953 0.001953
1 0.859375 0.371094 0.003906 0.003906
0 0.938477 0.371094 0.009766 0.007812
1 0.871094 0.367188 0.015625 0.011719
0 0.760742 0.362305 0.001953 0.001953
0 0.985352 0.354492 0.005859 0.005859
0 0.944336 0.350586 0.001953 0.001953
1 0.103516 0.330078 0.003906 0.003906
1 0.153320 0.327148 0.001953 0.001953
1 0.103516 0.324219 0.003906 0.003906
0 0.010742 0.330078 0.021484 0.039062
0 0.983398 0.311523 0.005859 0.005859
1 0.081055 0.309570 0.001953 0.001953
1 0.134766 0.278320 0.003906 0.001953
0 0.986328 0.251953 0.007812 0.007812
0 0.090820 0.245117 0.001953 0.001953
0 0.928711 0.231445 0.001953 0.001953
0 0.922852 0.215820 0.001953 0.001953
0 0.915039 0.215820 0.001953 0.001953
0 0.073242 0.215820 0.001953 0.001953
0 0.325195 0.211914 0.001953 0.001953
0 0.921875 0.208008 0.003906 0.001953
0 0.336914 0.208008 0.001953 0.001953
0 0.065430 0.202148 0.001953 0.001953
0 0.922852 0.199219 0.001953 0.003906
0 0.069336 0.196289 0.001953 0.001953
0 0.293945 0.190430 0.001953 0.001953
0 0.934570 0.186523 0.001953 0.001953
0 0.127930 0.180664 0.001953 0.001953
0 0.010742 0.174805 0.001953 0.001953
0 0.125977 0.174805 0.005859 0.005859
0 0.022461 0.181641 0.017578 0.023438
0 0.118164 0.161133 0.005859 0.005859
0 0.983398 0.157227 0.001953 0.001953
0 0.157227 0.157227 0.001953 0.001953
0 0.022461 0.157227 0.001953 0.001953
0 0.114258 0.155273 0.001953 0.001953
0 0.034180 0.156250 0.001953 0.003906
0 0.121094 0.154297 0.003906 0.003906
0 0.354492 0.151367 0.001953 0.001953
0 0.956055 0.150391 0.001953 0.003906
0 0.337891 0.150391 0.003906 0.003906
0 0.161133 0.147461 0.001953 0.001953
0 0.023438 0.148438 0.011719 0.007812
0 0.344727 0.151367 0.013672 0.017578
0 0.140625 0.148438 0.035156 0.015625
0 0.976562 0.140625 0.003906 0.003906
0 0.960938 0.192383 0.078125 0.107422
0 0.885742 0.139648 0.001953 0.001953
0 0.979492 0.137695 0.001953 0.001953
0 0.833008 0.135742 0.001953 0.001953
0 0.952148 0.127930 0.001953 0.001953
0 0.000977 0.129883 0.001953 0.005859
0 0.833008 0.125977 0.001953 0.001953
0 0.309570 0.128906 0.009766 0.007812
0 0.061523 0.154297 0.044922 0.066406
0 0.930664 0.121094 0.005859 0.003906
0 0.913086 0.120117 0.001953 0.001953
0 0.309570 0.121094 0.001953 0.003906
0 0.149414 0.120117 0.001953 0.001953
0 0.305664 0.116211 0.001953 0.001953
0 0.088867 0.116211 0.001953 0.001953
0 0.159180 0.114258 0.001953 0.001953
0 0.928711 0.112305 0.001953 0.001953
0 0.091797 0.112305 0.003906 0.001953
0 0.133789 0.108398 0.001953 0.001953
0 0.069336 0.107422 0.009766 0.007812
0 0.016602 0.104492 0.001953 0.001953
0 0.775391 0.102539 0.003906 0.001953
0 0.116211 0.118164 0.041016 0.033203
0 0.061523 0.102539 0.001953 0.001953
0 0.334961 0.100586 0.001953 0.001953
0 0.014648 0.100586 0.001953 0.001953
0 0.353516 0.095703 0.003906 0.003906
0 0.348633 0.093750 0.001953 0.003906
0 0.149414 0.092773 0.001953 0.001953
1 0.078125 0.096680 0.011719 0.009766
0 0.768555 0.089844 0.001953 0.003906
0 0.249023 0.088867 0.001953 0.001953
0 0.154297 0.088867 0.003906 0.005859
0 0.008789 0.084961 0.001953 0.001953
0 0.073242 0.084961 0.005859 0.005859
0 0.035156 0.093750 0.046875 0.027344
0 0.054688 0.081055 0.003906 0.005859
0 0.302734 0.084961 0.011719 0.017578
0 0.131836 0.082031 0.009766 0.011719
0 0.126953 0.078125 0.003906 0.003906
1 0.054688 0.075195 0.003906 0.001953
0 0.115234 0.072266 0.011719 0.011719
0 0.284180 0.067383 0.005859 0.005859
0 0.286133 0.061523 0.001953 0.001953
0 0.166992 0.061523 0.001953 0.001953
0 0.153320 0.055664 0.001953 0.001953
0 0.016602 0.066406 0.033203 0.023438
0 0.312500 0.053711 0.003906 0.001953
0 0.143555 0.045898 0.001953 0.001953
0 0.181641 0.044922 0.003906 0.003906
0 0.158203 0.049805 0.023438 0.013672
0 0.291016 0.031250 0.003906 0.003906
0 0.553711 0.028320 0.001953 0.001953
0 0.545898 0.028320 0.001953 0.001953
0 0.532227 0.024414 0.001953 0.001953
0 0.161133 0.026367 0.009766 0.005859
0 0.524414 0.022461 0.001953 0.001953
1 0.330078 0.018555 0.003906 0.001953
0 0.708008 0.014648 0.001953 0.001953
0 0.579102 0.014648 0.001953 0.001953
0 0.070312 0.017578 0.007812 0.007812
0 0.425781 0.012695 0.003906 0.001953
0 0.419922 0.012695 0.003906 0.001953
0 0.594727 0.011719 0.001953 0.003906
0 0.586914 0.010742 0.001953 0.001953
0 0.577148 0.010742 0.001953 0.001953
0 0.588867 0.006836 0.001953 0.001953
1 0.301758 0.002930 0.001953 0.001953
0 0.056641 0.033203 0.089844 0.062500
0 0.587891 0.001953 0.003906 0.003906
0 0.500000 0.500000 1.000000 1.000000
0 0.413086 0.002930 0.005859 0.005859
1 0.297852 0.000977 0.001953 0.001953
0 0.247070 0.066406 0.181641 0.132812
0 0.098633 0.008789 0.025391 0.017578
3 0.426758 0.999023 0.001953 0.001953
3 0.379883 0.999023 0.001953 0.001953
3 0.385742 0.993164 0.001953 0.001953
3 0.424805 0.991211 0.001953 0.001953
3 0.429688 0.989258 0.003906 0.001953
3 0.284180 0.992188 0.064453 0.015625
2 0.500977 0.981445 0.001953 0.001953
2 0.235352 0.976562 0.005859 0.003906
2 0.428711 0.969727 0.001953 0.001953
2 0.505859 0.965820 0.003906 0.001953
2 0.121094 0.962891 0.003906 0.007812
2 0.503906 0.958984 0.011719 0.003906
2 0.485352 0.955078 0.005859 0.003906
2 0.302734 0.958008 0.019531 0.021484
2 0.309570 0.944336 0.001953 0.001953
2 0.305664 0.942383 0.001953 0.001953
2 0.314453 0.940430 0.011719 0.005859
2 0.261719 0.936523 0.003906 0.005859
2 0.282227 0.936523 0.013672 0.013672
2 0.284180 0.928711 0.001953 0.001953
2 0.213867 0.926758 0.001953 0.001953
3 0.481445 0.929688 0.009766 0.011719
2 0.195312 0.924805 0.011719 0.009766
3 0.475586 0.918945 0.001953 0.005859
2 0.379883 0.903320 0.001953 0.001953
2 0.275391 0.914062 0.054688 0.042969
2 0.202148 0.896484 0.005859 0.007812
3 0.391602 0.887695 0.001953 0.001953
2 0.384766 0.890625 0.007812 0.007812
2 0.197266 0.864258 0.003906 0.001953
2 0.442383 0.860352 0.001953 0.001953
2 0.217773 0.860352 0.001953 0.001953
2 0.036133 0.901367 0.072266 0.083984
2 0.222656 0.858398 0.003906 0.001953
2 0.456055 0.850586 0.001953 0.001953
2 0.452148 0.850586 0.001953 0.001953
2 0.444336 0.850586 0.025391 0.017578
2 0.229492 0.869141 0.080078 0.054688
2 0.233398 0.833008 0.001953 0.001953
2 0.411133 0.830078 0.001953 0.003906
2 0.359375 0.838867 0.019531 0.021484
2 0.419922 0.831055 0.011719 0.013672
2 0.233398 0.826172 0.001953 0.003906
2 0.537109 0.826172 0.003906 0.007812
2 0.225586 0.821289 0.001953 0.001953
2 0.406250 0.824219 0.015625 0.011719
2 0.206055 0.819336 0.001953 0.001953
2 0.586914 0.817383 0.001953 0.001953
2 0.333008 0.817383 0.001953 0.001953
2 0.442383 0.815430 0.005859 0.005859
2 0.350586 0.809570 0.001953 0.001953
2 0.121094 0.811523 0.003906 0.005859
3 0.356445 0.810547 0.005859 0.007812
2 0.339844 0.812500 0.015625 0.011719
2 0.327148 0.801758 0.001953 0.001953
2 0.543945 0.799805 0.001953 0.001953
2 0.180664 0.797852 0.001953 0.001953
2 0.122070 0.799805 0.005859 0.013672
2 0.467773 0.791992 0.001953 0.001953
2 0.575195 0.788086 0.001953 0.001953
2 0.528320 0.784180 0.001953 0.001953
2 0.782227 0.780273 0.001953 0.001953
3 0.328125 0.781250 0.003906 0.003906
3 0.360352 0.776367 0.001953 0.001953
2 0.302734 0.790039 0.046875 0.029297
2 0.136719 0.774414 0.003906 0.001953
2 0.303711 0.770508 0.001953 0.001953
2 0.057617 0.768555 0.001953 0.001953
3 0.366211 0.767578 0.001953 0.003906
2 0.128906 0.777344 0.019531 0.023438
2 0.148438 0.767578 0.003906 0.015625
2 0.172852 0.809570 0.091797 0.107422
2 0.041016 0.751953 0.007812 0.003906
2 0.391602 0.749023 0.001953 0.001953
2 0.418945 0.747070 0.001953 0.001953
2 0.174805 0.733398 0.001953 0.001953
2 0.333984 0.730469 0.003906 0.003906
2 0.028320 0.727539 0.001953 0.001953
2 0.002930 0.721680 0.001953 0.001953
3 0.000977 0.715820 0.001953 0.001953
2 0.547852 0.704102 0.001953 0.001953
2 0.094727 0.705078 0.005859 0.003906
2 0.267578 0.790039 0.140625 0.177734
2 0.338867 0.700195 0.001953 0.001953
3 0.002930 0.706055 0.005859 0.013672
3 0.292969 0.701172 0.011719 0.007812
3 0.282227 0.699219 0.001953 0.003906
3 0.276367 0.698242 0.001953 0.001953
2 0.098633 0.696289 0.001953 0.001953
3 0.282227 0.690430 0.001953 0.001953
2 0.447266 0.748047 0.109375 0.121094
3 0.288086 0.688477 0.001953 0.001953
2 0.088867 0.684570 0.001953 0.001953
2 0.368164 0.740234 0.044922 0.121094
2 0.762695 0.676758 0.001953 0.001953
2 0.365234 0.674805 0.003906 0.001953
2 0.358398 0.674805 0.001953 0.001953
3 0.320312 0.674805 0.003906 0.001953
3 0.325195 0.672852 0.001953 0.001953
2 0.075195 0.770508 0.150391 0.197266
2 0.359375 0.670898 0.003906 0.001953
3 0.327148 0.668945 0.001953 0.001953
2 0.341797 0.667969 0.003906 0.003906
2 0.752930 0.657227 0.001953 0.001953
3 0.279297 0.672852 0.082031 0.033203
3 0.182617 0.657227 0.001953 0.001953
2 0.776367 0.655273 0.001953 0.001953
2 0.772461 0.655273 0.001953 0.001953
2 0.082031 0.655273 0.007812 0.001953
3 0.088867 0.653320 0.001953 0.001953
2 0.521484 0.651367 0.003906 0.005859
3 0.176758 0.647461 0.001953 0.001953
3 0.328125 0.645508 0.003906 0.001953
2 0.075195 0.646484 0.001953 0.003906
2 0.055664 0.646484 0.001953 0.003906
2 0.066406 0.647461 0.015625 0.013672
2 0.051758 0.641602 0.001953 0.001953
3 0.182617 0.639648 0.001953 0.001953
2 0.512695 0.637695 0.001953 0.001953
3 0.130859 0.637695 0.003906 0.001953
2 0.764648 0.635742 0.001953 0.001953
3 0.145508 0.635742 0.005859 0.001953
3 0.139648 0.636719 0.001953 0.003906
2 0.110352 0.635742 0.001953 0.001953
2 0.045898 0.635742 0.001953 0.001953
2 0.389648 0.633789 0.001953 0.001953
3 0.176758 0.638672 0.005859 0.011719
3 0.257812 0.632812 0.003906 0.003906
2 0.389648 0.624023 0.001953 0.001953
3 0.129883 0.651367 0.091797 0.056641
2 0.389648 0.620117 0.001953 0.001953
3 0.154297 0.620117 0.003906 0.001953
2 0.219727 0.618164 0.001953 0.001953
2 0.406250 0.613281 0.007812 0.003906
2 0.243164 0.608398 0.001953 0.001953
2 0.170898 0.608398 0.001953 0.001953
3 0.151367 0.612305 0.005859 0.009766
3 0.315430 0.606445 0.005859 0.013672
3 0.249023 0.598633 0.001953 0.001953
2 0.499023 0.596680 0.001953 0.001953
3 0.239258 0.596680 0.001953 0.001953
3 0.186523 0.603516 0.025391 0.019531
3 0.174805 0.594727 0.001953 0.001953
2 0.239258 0.592773 0.001953 0.001953
2 0.758789 0.592773 0.001953 0.005859
2 0.079102 0.601562 0.025391 0.023438
2 0.335938 0.615234 0.050781 0.058594
2 0.454102 0.585938 0.001953 0.003906
3 0.118164 0.583008 0.001953 0.001953
2 0.637695 0.581055 0.001953 0.001953
2 0.627930 0.581055 0.001953 0.001953
2 0.627930 0.577148 0.001953 0.001953
2 0.377930 0.575195 0.001953 0.001953
2 0.215820 0.576172 0.005859 0.003906
2 0.637695 0.573242 0.001953 0.001953
2 0.518555 0.573242 0.001953 0.001953
3 0.276367 0.613281 0.068359 0.082031
3 0.172852 0.573242 0.001953 0.001953
2 0.452148 0.572266 0.005859 0.007812
2 0.444336 0.569336 0.001953 0.001953
3 0.238281 0.573242 0.011719 0.013672
2 0.633789 0.567383 0.005859 0.005859
3 0.276367 0.564453 0.001953 0.003906
3 0.032227 0.563477 0.001953 0.001953
2 0.484375 0.557617 0.003906 0.001953
2 0.680664 0.555664 0.001953 0.001953
2 0.194336 0.562500 0.025391 0.015625
3 0.179688 0.598633 0.117188 0.087891
2 0.701172 0.553711 0.003906 0.001953
2 0.414062 0.553711 0.003906 0.001953
2 0.227539 0.553711 0.001953 0.001953
3 0.186523 0.551758 0.001953 0.001953
3 0.182617 0.551758 0.001953 0.001953
2 0.254883 0.549805 0.001953 0.001953
2 0.429688 0.549805 0.003906 0.005859
3 0.110352 0.549805 0.005859 0.005859
2 0.739258 0.545898 0.001953 0.001953
2 0.739258 0.541992 0.001953 0.001953
2 0.416016 0.541992 0.003906 0.001953
2 0.186523 0.541992 0.001953 0.001953
2 0.715820 0.538086 0.001953 0.001953
2 0.711914 0.538086 0.001953 0.001953
2 0.637695 0.550781 0.017578 0.027344
2 0.525391 0.539062 0.003906 0.003906
2 0.485352 0.538086 0.001953 0.001953
2 0.711914 0.534180 0.001953 0.001953
2 0.565430 0.534180 0.001953 0.001953
3 0.112305 0.535156 0.001953 0.003906
3 0.138672 0.534180 0.007812 0.005859
3 0.104492 0.540039 0.009766 0.017578
3 0.094727 0.532227 0.001953 0.001953
2 0.645508 0.530273 0.001953 0.001953
3 0.130859 0.529297 0.007812 0.003906
2 0.014648 0.559570 0.029297 0.064453
2 0.710938 0.528320 0.003906 0.005859
3 0.143555 0.526367 0.001953 0.001953
2 0.716797 0.523438 0.003906 0.003906
2 0.374023 0.522461 0.001953 0.001953
2 0.223633 0.539062 0.044922 0.039062
2 0.528320 0.518555 0.001953 0.001953
2 0.366211 0.518555 0.001953 0.001953
3 0.110352 0.518555 0.001953 0.001953
3 0.106445 0.522461 0.013672 0.009766
2 0.424805 0.559570 0.107422 0.091797
2 0.196289 0.509766 0.005859 0.003906
3 0.093750 0.517578 0.027344 0.019531
3 0.088867 0.506836 0.001953 0.001953
3 0.001953 0.503906 0.003906 0.003906
2 0.531250 0.501953 0.003906 0.003906
3 0.020508 0.500977 0.001953 0.001953
3 0.483398 0.499023 0.001953 0.001953
2 0.457031 0.496094 0.003906 0.003906
3 0.467773 0.497070 0.013672 0.013672
3 0.111328 0.487305 0.023438 0.021484
3 0.002930 0.486328 0.005859 0.027344
2 0.584961 0.465820 0.001953 0.001953
2 0.190430 0.463867 0.005859 0.005859
2 0.378906 0.458008 0.003906 0.001953
2 0.269531 0.474609 0.046875 0.035156
2 0.198242 0.458008 0.001953 0.001953
2 0.621094 0.459961 0.015625 0.009766
2 0.209961 0.450195 0.001953 0.001953
2 0.445312 0.466797 0.031250 0.046875
2 0.606445 0.440430 0.001953 0.001953
2 0.471680 0.446289 0.017578 0.017578
2 0.424805 0.439453 0.001953 0.003906
2 0.649414 0.436523 0.001953 0.001953
3 0.045898 0.494141 0.091797 0.121094
2 0.396484 0.451172 0.054688 0.042969
2 0.522461 0.428711 0.001953 0.001953
2 0.149414 0.428711 0.001953 0.001953
2 0.454102 0.422852 0.001953 0.001953
2 0.465820 0.420898 0.001953 0.001953
2 0.514648 0.416992 0.001953 0.001953
2 0.518555 0.411133 0.001953 0.001953
2 0.646484 0.409180 0.003906 0.001953
2 0.369141 0.413086 0.011719 0.009766
2 0.354492 0.409180 0.013672 0.005859
2 0.439453 0.406250 0.007812 0.003906
2 0.096680 0.400391 0.001953 0.003906
2 0.045898 0.391602 0.001953 0.001953
2 0.791992 0.387695 0.001953 0.001953
2 0.314453 0.388672 0.003906 0.003906
2 0.333984 0.399414 0.035156 0.029297
2 0.655273 0.402344 0.021484 0.042969
2 0.502930 0.381836 0.001953 0.001953
2 0.321289 0.379883 0.001953 0.001953
2 0.184570 0.377930 0.001953 0.001953
2 0.151367 0.375977 0.001953 0.001953
2 0.145508 0.375977 0.001953 0.001953
2 0.693359 0.382812 0.011719 0.023438
2 0.702148 0.368164 0.001953 0.005859
2 0.210938 0.366211 0.003906 0.001953
2 0.731445 0.362305 0.001953 0.001953
2 0.384766 0.362305 0.003906 0.001953
2 0.700195 0.358398 0.001953 0.001953
2 0.219727 0.379883 0.068359 0.044922
2 0.713867 0.356445 0.001953 0.001953
2 0.704102 0.356445 0.001953 0.001953
2 0.677734 0.352539 0.003906 0.001953
2 0.709961 0.350586 0.001953 0.001953
3 0.510742 0.350586 0.001953 0.001953
2 0.798828 0.349609 0.007812 0.003906
2 0.666016 0.352539 0.007812 0.009766
2 0.573242 0.348633 0.001953 0.001953
3 0.506836 0.348633 0.001953 0.001953
2 0.673828 0.342773 0.007812 0.009766
2 0.440430 0.334961 0.001953 0.001953
2 0.676758 0.331055 0.001953 0.001953
2 0.418945 0.325195 0.001953 0.001953
3 0.160156 0.324219 0.003906 0.003906
2 0.833984 0.322266 0.003906 0.003906
2 0.828125 0.313477 0.003906 0.001953
2 0.834961 0.310547 0.005859 0.003906
2 0.262695 0.339844 0.111328 0.078125
2 0.672852 0.299805 0.001953 0.001953
2 0.684570 0.312500 0.025391 0.035156
3 0.532227 0.295898 0.001953 0.001953
2 0.452148 0.295898 0.001953 0.001953
2 0.432617 0.295898 0.001953 0.001953
2 0.631836 0.295898 0.001953 0.005859
2 0.091797 0.376953 0.183594 0.167969
2 0.692383 0.291992 0.001953 0.001953
2 0.686523 0.291016 0.005859 0.003906
2 0.459961 0.302734 0.025391 0.027344
2 0.473633 0.290039 0.005859 0.005859
2 0.834961 0.286133 0.001953 0.001953
2 0.805664 0.286133 0.001953 0.001953
2 0.794922 0.284180 0.003906 0.001953
2 0.686523 0.284180 0.001953 0.001953
2 0.375000 0.284180 0.003906 0.001953
2 0.374023 0.280273 0.001953 0.001953
2 0.730469 0.289062 0.039062 0.027344
2 0.697266 0.276367 0.003906 0.001953
3 0.506836 0.272461 0.001953 0.001953
2 0.614258 0.270508 0.001953 0.001953
2 0.833984 0.271484 0.007812 0.007812
2 0.101562 0.268555 0.003906 0.001953
2 0.817383 0.276367 0.037109 0.029297
3 0.500977 0.259766 0.001953 0.003906
2 0.638672 0.256836 0.007812 0.005859
2 0.631836 0.254883 0.001953 0.001953
2 0.299805 0.258789 0.005859 0.009766
2 0.862305 0.252930 0.001953 0.001953
2 0.631836 0.250977 0.001953 0.001953
2 0.052734 0.260742 0.027344 0.025391
2 0.548828 0.246094 0.003906 0.003906
2 0.298828 0.301758 0.164062 0.115234
2 0.553711 0.241211 0.001953 0.001953
2 0.618164 0.233398 0.001953 0.001953
2 0.065430 0.231445 0.001953 0.001953
2 0.627930 0.227539 0.001953 0.001953
2 0.297852 0.235352 0.013672 0.017578
2 0.724609 0.245117 0.046875 0.041016
2 0.221680 0.225586 0.001953 0.001953
2 0.295898 0.221680 0.001953 0.001953
2 0.721680 0.219727 0.001953 0.001953
2 0.544922 0.320312 0.199219 0.203125
2 0.219727 0.217773 0.001953 0.001953
2 0.992188 0.216797 0.003906 0.003906
3 0.469727 0.216797 0.005859 0.007812
2 0.803711 0.211914 0.001953 0.001953
2 0.780273 0.213867 0.005859 0.005859
2 0.659180 0.211914 0.001953 0.001953
2 0.030273 0.211914 0.001953 0.001953
2 0.881836 0.209961 0.001953 0.001953
2 0.836914 0.218750 0.029297 0.019531
2 0.798828 0.210938 0.003906 0.003906
2 0.803711 0.208008 0.001953 0.001953
2 0.221680 0.208008 0.001953 0.001953
2 0.786133 0.208984 0.009766 0.007812
2 0.317383 0.208008 0.001953 0.005859
2 0.313477 0.206055 0.001953 0.001953
2 0.604492 0.231445 0.041016 0.064453
2 0.960938 0.199219 0.003906 0.003906
2 0.220703 0.201172 0.011719 0.007812
2 0.796875 0.198242 0.003906 0.005859
2 0.957031 0.196289 0.003906 0.005859
2 0.678711 0.192383 0.001953 0.001953
2 0.658203 0.193359 0.003906 0.003906
2 0.689453 0.217773 0.050781 0.056641
2 0.372070 0.186523 0.001953 0.001953
2 0.983398 0.192383 0.025391 0.017578
2 0.956055 0.182617 0.001953 0.001953
2 0.643555 0.180664 0.001953 0.001953
2 0.568359 0.193359 0.023438 0.027344
2 0.951172 0.173828 0.007812 0.003906
2 0.981445 0.170898 0.001953 0.001953
2 0.985352 0.170898 0.001953 0.005859
2 0.383789 0.166992 0.001953 0.001953
2 0.236328 0.168945 0.003906 0.005859
2 0.830078 0.168945 0.003906 0.013672
2 0.710938 0.151367 0.003906 0.001953
2 0.686523 0.150391 0.001953 0.003906
2 0.940430 0.145508 0.001953 0.001953
2 0.680664 0.139648 0.001953 0.001953
3 0.794922 0.163086 0.074219 0.056641
2 0.823242 0.125977 0.001953 0.001953
2 0.383789 0.122070 0.001953 0.001953
2 0.971680 0.123047 0.009766 0.011719
2 0.750000 0.119141 0.003906 0.003906
2 0.385742 0.118164 0.001953 0.001953
2 0.978516 0.117188 0.003906 0.003906
2 0.233398 0.116211 0.001953 0.001953
2 0.198242 0.110352 0.001953 0.001953
2 0.804688 0.104492 0.003906 0.001953
2 0.874023 0.105469 0.017578 0.011719
2 0.685547 0.100586 0.003906 0.001953
2 0.426758 0.100586 0.001953 0.001953
2 0.387695 0.100586 0.001953 0.001953
2 0.174805 0.098633 0.001953 0.001953
2 0.687500 0.545898 0.625000 0.908203
2 0.172852 0.092773 0.001953 0.001953
2 0.178711 0.088867 0.001953 0.001953
2 0.706055 0.086914 0.001953 0.001953
2 0.709961 0.084961 0.001953 0.001953
2 0.500977 0.081055 0.001953 0.001953
2 0.264648 0.081055 0.001953 0.001953
2 0.436523 0.075195 0.001953 0.001953
2 0.219727 0.059570 0.001953 0.001953
2 0.916992 0.059570 0.009766 0.005859
2 0.204102 0.053711 0.001953 0.001953
2 0.672852 0.051758 0.005859 0.001953
2 0.216797 0.055664 0.007812 0.009766
2 0.920898 0.049805 0.001953 0.001953
2 0.458008 0.166016 0.193359 0.234375
2 0.676758 0.047852 0.001953 0.001953
2 0.574219 0.063477 0.031250 0.033203
2 0.573242 0.045898 0.001953 0.001953
2 0.836914 0.052734 0.037109 0.019531
2 0.463867 0.043945 0.001953 0.001953
2 0.629883 0.041992 0.001953 0.005859
2 0.566406 0.041992 0.007812 0.005859
2 0.561523 0.038086 0.001953 0.001953
2 0.463867 0.033203 0.001953 0.003906
2 0.909180 0.030273 0.001953 0.001953
2 0.674805 0.030273 0.001953 0.001953
2 0.662109 0.089844 0.085938 0.121094
2 0.568359 0.030273 0.007812 0.009766
2 0.507812 0.031250 0.011719 0.011719
2 0.831055 0.024414 0.001953 0.001953
2 0.907227 0.022461 0.001953 0.001953
2 0.839844 0.029297 0.015625 0.015625
2 0.827148 0.021484 0.005859 0.003906
2 0.907227 0.018555 0.001953 0.001953
2 0.836914 0.018555 0.001953 0.001953
3 0.778320 0.016602 0.001953 0.001953
3 0.764648 0.016602 0.001953 0.001953
2 0.866211 0.014648 0.001953 0.001953
2 0.858398 0.014648 0.001953 0.001953
2 0.942383 0.010742 0.001953 0.001953
2 0.491211 0.008789 0.001953 0.001953
2 0.998047 0.007812 0.003906 0.003906
2 0.815430 0.004883 0.001953 0.001953
2 0.570312 0.006836 0.003906 0.005859
2 0.942383 0.002930 0.001953 0.001953
2 0.937500 0.000977 0.003906 0.001953
2 0.918945 0.013672 0.025391 0.027344
2 0.864258 0.004883 0.005859 0.009766
2 0.844727 0.006836 0.029297 0.013672
2 0.823242 0.002930 0.005859 0.005859
2 0.795898 0.011719 0.029297 0.023438
2 0.749023 0.055664 0.103516 0.111328
2 0.584961 0.017578 0.029297 0.035156
2 0.534180 0.020508 0.064453 0.041016
2 0.253906 0.010742 0.019531 0.021484
2 0.239258 0.002930 0.005859 0.005859
2 0.215820 0.185547 0.431641 0.371094