0 0.802734 0.999023 0.003906 0.001953
1 0.723633 0.992188 0.005859 0.003906
0 0.563477 0.990234 0.005859 0.003906
1 0.727539 0.985352 0.001953 0.005859
0 0.228516 0.984375 0.007812 0.003906
0 0.580078 0.981445 0.003906 0.001953
0 0.766602 0.979492 0.009766 0.009766
1 0.733398 0.974609 0.005859 0.007812
0 0.049805 0.972656 0.001953 0.003906
1 0.124023 0.967773 0.005859 0.005859
0 0.147461 0.967773 0.029297 0.017578
0 0.578125 0.969727 0.039062 0.025391
1 0.123047 0.958984 0.003906 0.003906
1 0.151367 0.954102 0.001953 0.001953
0 0.504883 0.950195 0.001953 0.001953
0 0.178711 0.947266 0.005859 0.003906
0 0.182617 0.960938 0.041016 0.031250
1 0.150391 0.948242 0.007812 0.005859
0 0.003906 0.956055 0.007812 0.029297
1 0.110352 0.938477 0.001953 0.001953
1 0.754883 0.948242 0.009766 0.025391
0 0.616211 0.932617 0.013672 0.017578
0 0.557617 0.924805 0.001953 0.001953
1 0.045898 0.925781 0.005859 0.007812
0 0.053711 0.956055 0.076172 0.068359
0 0.563477 0.921875 0.005859 0.007812
1 0.133789 0.919922 0.005859 0.003906
1 0.072266 0.919922 0.003906 0.003906
0 0.020508 0.917969 0.001953 0.003906
0 0.015625 0.913086 0.003906 0.001953
0 0.803711 0.903320 0.001953 0.001953
1 0.101562 0.904297 0.003906 0.003906
0 0.980469 0.950195 0.039062 0.099609
0 0.656250 0.896484 0.003906 0.003906
1 0.040039 0.895508 0.001953 0.001953
0 0.003906 0.887695 0.003906 0.005859
0 0.320312 0.888672 0.015625 0.015625
0 0.802734 0.878906 0.003906 0.003906
1 0.235352 0.878906 0.001953 0.003906
0 0.975586 0.875000 0.005859 0.011719
0 0.807617 0.870117 0.001953 0.001953
1 0.774414 0.866211 0.001953 0.001953
0 0.800781 0.866211 0.007812 0.009766
1 0.034180 0.860352 0.001953 0.001953
0 0.022461 0.889648 0.037109 0.060547
0 0.178711 0.860352 0.005859 0.005859
1 0.780273 0.857422 0.001953 0.003906
1 0.074219 0.860352 0.007812 0.009766
0 0.188477 0.848633 0.001953 0.001953
0 0.010742 0.850586 0.005859 0.005859
0 0.002930 0.848633 0.001953 0.001953
0 0.016602 0.846680 0.001953 0.001953
0 0.178711 0.848633 0.005859 0.009766
0 0.821289 0.842773 0.001953 0.001953
1 0.032227 0.842773 0.001953 0.001953
0 0.906250 0.843750 0.007812 0.007812
0 0.176758 0.838867 0.001953 0.001953
0 0.178711 0.834961 0.001953 0.001953
0 0.209961 0.831055 0.001953 0.001953
0 0.307617 0.846680 0.037109 0.041016
0 0.300781 0.827148 0.003906 0.001953
0 0.208984 0.827148 0.003906 0.001953
0 0.923828 0.835938 0.039062 0.035156
0 0.177734 0.828125 0.027344 0.023438
0 0.887695 0.815430 0.005859 0.005859
0 0.198242 0.813477 0.001953 0.001953
0 0.889648 0.809570 0.001953 0.001953
0 0.204102 0.805664 0.001953 0.001953
1 0.795898 0.829102 0.044922 0.056641
0 0.202148 0.799805 0.005859 0.005859
0 0.196289 0.797852 0.001953 0.001953
0 0.992188 0.818359 0.015625 0.046875
0 0.198242 0.793945 0.005859 0.001953
0 0.186523 0.793945 0.001953 0.001953
0 0.208008 0.794922 0.005859 0.007812
0 0.146484 0.791992 0.003906 0.001953
0 0.239258 0.791016 0.001953 0.003906
0 0.290039 0.789062 0.005859 0.003906
0 0.174805 0.788086 0.001953 0.001953
0 0.141602 0.788086 0.001953 0.001953
0 0.325195 0.786133 0.001953 0.001953
1 0.043945 0.787109 0.001953 0.003906
0 0.320312 0.785156 0.003906 0.003906
0 0.235352 0.784180 0.005859 0.005859
0 0.245117 0.782227 0.005859 0.005859
0 0.220703 0.788086 0.015625 0.021484
0 0.134766 0.777344 0.003906 0.003906
0 0.920898 0.777344 0.009766 0.007812
1 0.819336 0.772461 0.001953 0.001953
0 0.057617 0.772461 0.005859 0.001953
1 0.036133 0.770508 0.001953 0.001953
0 0.791992 0.768555 0.001953 0.001953
1 0.750977 0.768555 0.001953 0.001953
1 0.829102 0.779297 0.021484 0.027344
0 0.110352 0.767578 0.017578 0.011719
0 0.330078 0.768555 0.027344 0.021484
0 0.987305 0.763672 0.025391 0.015625
1 0.053711 0.757812 0.009766 0.007812
0 0.074219 0.760742 0.015625 0.017578
0 0.000977 0.752930 0.001953 0.001953
0 0.762695 0.756836 0.013672 0.013672
1 0.015625 0.744141 0.007812 0.003906
1 0.273438 0.754883 0.027344 0.029297
0 0.804688 0.754883 0.035156 0.033203
0 0.080078 0.737305 0.003906 0.005859
1 0.860352 0.729492 0.001953 0.001953
1 0.855469 0.730469 0.003906 0.003906
1 0.020508 0.787109 0.041016 0.117188
1 0.848633 0.735352 0.009766 0.017578
1 0.860352 0.725586 0.001953 0.001953
1 0.000977 0.725586 0.001953 0.001953
0 0.981445 0.723633 0.001953 0.001953
1 0.282227 0.723633 0.009766 0.005859
0 0.207031 0.709961 0.003906 0.001953
0 0.172852 0.704102 0.001953 0.001953
0 0.087891 0.707031 0.007812 0.007812
0 0.957031 0.708008 0.019531 0.017578
1 0.011719 0.716797 0.023438 0.035156
0 0.246094 0.703125 0.011719 0.019531
0 0.189453 0.707031 0.031250 0.027344
0 0.943359 0.690430 0.003906 0.001953
0 0.750977 0.691406 0.001953 0.003906
0 0.242188 0.691406 0.003906 0.003906
0 0.250000 0.688477 0.003906 0.001953
0 0.237305 0.687500 0.001953 0.003906
0 0.232422 0.687500 0.003906 0.003906
0 0.250977 0.682617 0.001953 0.001953
0 0.244141 0.683594 0.003906 0.003906
0 0.239258 0.682617 0.001953 0.001953
0 0.231445 0.682617 0.001953 0.001953
0 0.272461 0.674805 0.005859 0.005859
0 0.063477 0.665039 0.001953 0.001953
0 0.791992 0.664062 0.009766 0.007812
0 0.760742 0.657227 0.001953 0.001953
0 0.752930 0.655273 0.005859 0.005859
1 0.894531 0.649414 0.003906 0.001953
0 0.747070 0.647461 0.001953 0.001953
0 0.420898 0.657227 0.029297 0.021484
0 0.276367 0.647461 0.001953 0.001953
0 0.763672 0.647461 0.003906 0.005859
0 0.753906 0.646484 0.007812 0.003906
1 0.395508 0.645508 0.001953 0.001953
0 0.259766 0.646484 0.003906 0.003906
0 0.192383 0.645508 0.001953 0.001953
0 0.041992 0.646484 0.001953 0.003906
0 0.379883 0.643555 0.001953 0.001953
0 0.747070 0.641602 0.001953 0.001953
0 0.416992 0.641602 0.001953 0.001953
0 0.185547 0.643555 0.003906 0.005859
0 0.057617 0.646484 0.009766 0.015625
0 0.445312 0.640625 0.011719 0.015625
1 0.386719 0.641602 0.015625 0.021484
0 0.351562 0.632812 0.003906 0.003906
0 0.821289 0.637695 0.021484 0.017578
0 0.234375 0.653320 0.074219 0.052734
0 0.214844 0.628906 0.003906 0.003906
0 0.821289 0.624023 0.001953 0.001953
0 0.307617 0.620117 0.001953 0.001953
0 0.301758 0.622070 0.005859 0.005859
0 0.769531 0.628906 0.031250 0.023438
0 0.214844 0.620117 0.003906 0.005859
0 0.107422 0.671875 0.160156 0.109375
0 0.825195 0.616211 0.001953 0.001953
0 0.347656 0.625977 0.023438 0.025391
0 0.840820 0.612305 0.001953 0.001953
0 0.836914 0.610352 0.001953 0.001953
0 0.795898 0.610352 0.001953 0.001953
0 0.208984 0.613281 0.015625 0.007812
0 0.787109 0.612305 0.011719 0.009766
0 0.797852 0.606445 0.001953 0.001953
0 0.210938 0.605469 0.003906 0.003906
1 0.444336 0.602539 0.001953 0.001953
0 0.215820 0.602539 0.001953 0.001953
0 0.059570 0.602539 0.001953 0.001953
0 0.039062 0.602539 0.003906 0.001953
0 0.065430 0.601562 0.005859 0.003906
1 0.034180 0.600586 0.001953 0.001953
0 0.361328 0.602539 0.011719 0.009766
0 0.059570 0.598633 0.001953 0.001953
1 0.012695 0.599609 0.001953 0.003906
0 0.801758 0.597656 0.005859 0.003906
0 0.259766 0.608398 0.031250 0.025391
0 0.807617 0.592773 0.005859 0.001953
0 0.336914 0.590820 0.001953 0.001953
0 0.550781 0.587891 0.007812 0.003906
0 0.395508 0.586914 0.001953 0.001953
0 0.387695 0.586914 0.001953 0.001953
0 0.798828 0.585938 0.003906 0.003906
1 0.668945 0.584961 0.001953 0.001953
0 0.423828 0.609375 0.039062 0.050781
1 0.678711 0.588867 0.021484 0.013672
0 0.817383 0.579102 0.001953 0.001953
1 0.414062 0.579102 0.007812 0.009766
0 0.377930 0.576172 0.009766 0.007812
1 0.633789 0.577148 0.009766 0.013672
1 0.366211 0.575195 0.009766 0.009766
0 0.350586 0.582031 0.025391 0.023438
1 0.334961 0.571289 0.001953 0.001953
0 0.377930 0.569336 0.005859 0.001953
0 0.276367 0.569336 0.001953 0.001953
0 0.259766 0.573242 0.011719 0.009766
1 0.057617 0.583984 0.041016 0.031250
1 0.072266 0.565430 0.003906 0.001953
0 0.571289 0.561523 0.001953 0.001953
0 0.443359 0.562500 0.003906 0.003906
1 0.435547 0.563477 0.007812 0.005859
1 0.351562 0.561523 0.003906 0.001953
0 0.186523 0.568359 0.017578 0.015625
1 0.939453 0.560547 0.003906 0.003906
0 0.817383 0.560547 0.005859 0.003906
0 0.611328 0.557617 0.003906 0.001953
1 0.424805 0.557617 0.001953 0.001953
0 0.145508 0.570312 0.033203 0.027344
0 0.697266 0.557617 0.003906 0.005859
1 0.350586 0.555664 0.001953 0.001953
0 0.606445 0.553711 0.001953 0.001953
0 0.620117 0.550781 0.001953 0.003906
1 0.616211 0.550781 0.001953 0.003906
1 0.530273 0.562500 0.044922 0.027344
0 0.602539 0.548828 0.005859 0.003906
1 0.186523 0.538086 0.001953 0.001953
1 0.549805 0.542969 0.017578 0.015625
0 0.397461 0.551758 0.029297 0.033203
1 0.026367 0.606445 0.052734 0.142578
0 0.227539 0.534180 0.001953 0.001953
1 0.611328 0.538086 0.019531 0.013672
0 0.231445 0.532227 0.001953 0.001953
0 0.167969 0.539062 0.027344 0.015625
1 0.625977 0.530273 0.001953 0.001953
1 0.393555 0.531250 0.005859 0.003906
1 0.451172 0.544922 0.046875 0.035156
0 0.600586 0.526367 0.001953 0.001953
0 0.244141 0.527344 0.003906 0.003906
0 0.756836 0.524414 0.001953 0.001953
1 0.400391 0.523438 0.003906 0.003906
1 0.472656 0.527344 0.015625 0.015625
0 0.159180 0.522461 0.021484 0.009766
0 0.145508 0.515625 0.005859 0.003906
0 0.753906 0.517578 0.007812 0.011719
0 0.145508 0.510742 0.001953 0.001953
0 0.776367 0.508789 0.001953 0.001953
1 0.296875 0.508789 0.003906 0.001953
0 0.365234 0.522461 0.035156 0.033203
0 0.350586 0.502930 0.001953 0.001953
0 0.709961 0.497070 0.001953 0.001953
0 0.239258 0.497070 0.001953 0.001953
0 0.671875 0.504883 0.039062 0.021484
0 0.584961 0.494141 0.001953 0.003906
0 0.635742 0.490234 0.001953 0.003906
0 0.246094 0.497070 0.007812 0.017578
0 0.794922 0.501953 0.023438 0.031250
0 0.649414 0.489258 0.009766 0.005859
0 0.252930 0.494141 0.005859 0.015625
0 0.342773 0.483398 0.001953 0.001953
0 0.631836 0.482422 0.005859 0.003906
0 0.362305 0.488281 0.009766 0.015625
0 0.352539 0.481445 0.001953 0.001953
0 0.239258 0.484375 0.009766 0.007812
0 0.356445 0.475586 0.001953 0.001953
0 0.314453 0.473633 0.003906 0.001953
0 0.516602 0.471680 0.001953 0.001953
0 0.899414 0.711914 0.201172 0.486328
0 0.576172 0.467773 0.003906 0.001953
1 0.062500 0.514648 0.042969 0.095703
1 0.000977 0.463867 0.001953 0.001953
0 0.216797 0.462891 0.007812 0.003906
0 0.145508 0.467773 0.017578 0.017578
0 0.536133 0.454102 0.001953 0.001953
0 0.554688 0.462891 0.031250 0.027344
0 0.879883 0.446289 0.001953 0.001953
0 0.283203 0.451172 0.023438 0.011719
0 0.596680 0.444336 0.001953 0.001953
0 0.274414 0.445312 0.005859 0.003906
0 0.184570 0.445312 0.001953 0.003906
1 0.010742 0.455078 0.021484 0.023438
0 0.191406 0.443359 0.003906 0.003906
0 0.262695 0.440430 0.001953 0.001953
0 0.202148 0.440430 0.001953 0.001953
0 0.571289 0.438477 0.001953 0.001953
0 0.337891 0.458984 0.042969 0.042969
0 0.881836 0.436523 0.001953 0.001953
0 0.186523 0.436523 0.005859 0.001953
0 0.173828 0.441406 0.015625 0.011719
0 0.937500 0.452148 0.023438 0.037109
0 0.585938 0.436523 0.003906 0.005859
0 0.202148 0.434570 0.001953 0.001953
0 0.211914 0.432617 0.005859 0.001953
1 0.178711 0.432617 0.001953 0.001953
0 0.224609 0.436523 0.019531 0.017578
0 0.272461 0.426758 0.001953 0.005859
1 0.202148 0.427734 0.005859 0.007812
0 0.607422 0.422852 0.003906 0.001953
0 0.692383 0.416992 0.001953 0.001953
0 0.696289 0.415039 0.001953 0.001953
1 0.657227 0.417969 0.009766 0.007812
0 0.622070 0.454102 0.080078 0.087891
1 0.000977 0.403320 0.001953 0.001953
0 0.575195 0.418945 0.037109 0.041016
0 0.226562 0.401367 0.011719 0.009766
0 0.002930 0.397461 0.001953 0.001953
0 0.479492 0.385742 0.013672 0.009766
0 0.002930 0.382812 0.005859 0.003906
0 0.729492 0.379883 0.001953 0.001953
1 0.163086 0.396484 0.037109 0.035156
0 0.702148 0.370117 0.001953 0.001953
1 0.493164 0.370117 0.001953 0.001953
0 0.020508 0.370117 0.001953 0.001953
1 0.508789 0.372070 0.013672 0.009766
0 0.032227 0.370117 0.005859 0.005859
0 0.570312 0.363281 0.003906 0.003906
0 0.565430 0.367188 0.005859 0.011719
0 0.468750 0.369141 0.011719 0.015625
0 0.992188 0.394531 0.015625 0.070312
1 0.017578 0.359375 0.003906 0.003906
0 0.726562 0.354492 0.003906 0.001953
0 0.722656 0.367188 0.039062 0.027344
0 0.530273 0.356445 0.009766 0.009766
1 0.176758 0.353516 0.005859 0.003906
0 0.058594 0.352539 0.007812 0.005859
1 0.482422 0.354492 0.007812 0.013672
0 0.819336 0.347656 0.005859 0.003906
0 0.793945 0.338867 0.001953 0.001953
0 0.819336 0.338867 0.001953 0.009766
0 0.760742 0.336914 0.017578 0.013672
0 0.028320 0.329102 0.001953 0.001953
0 0.803711 0.337891 0.025391 0.027344
0 0.024414 0.325195 0.001953 0.001953
0 0.854492 0.321289 0.001953 0.001953
0 0.848633 0.311523 0.001953 0.001953
1 0.176758 0.301758 0.001953 0.001953
0 0.106445 0.299805 0.001953 0.001953
1 0.141602 0.297852 0.001953 0.001953
0 0.022461 0.293945 0.001953 0.001953
0 0.697266 0.329102 0.062500 0.080078
0 0.913086 0.280273 0.001953 0.001953
0 0.749023 0.291992 0.021484 0.037109
0 0.861328 0.272461 0.003906 0.001953
1 0.620117 0.280273 0.029297 0.025391
0 0.866211 0.262695 0.001953 0.001953
0 0.073242 0.262695 0.001953 0.001953
1 0.520508 0.260742 0.001953 0.001953
0 0.068359 0.261719 0.003906 0.003906
0 0.823242 0.255859 0.001953 0.003906
0 0.774414 0.254883 0.001953 0.001953
1 0.536133 0.259766 0.009766 0.011719
0 0.071289 0.254883 0.001953 0.001953
1 0.530273 0.252930 0.001953 0.001953
1 0.553711 0.250977 0.001953 0.001953
1 0.543945 0.250977 0.001953 0.001953
0 0.582031 0.249023 0.003906 0.005859
1 0.513672 0.250977 0.023438 0.013672
0 0.073242 0.247070 0.005859 0.005859
0 0.860352 0.241211 0.001953 0.001953
1 0.537109 0.244141 0.007812 0.007812
1 0.535156 0.237305 0.003906 0.001953
1 0.541992 0.237305 0.005859 0.005859
0 0.922852 0.229492 0.001953 0.001953
1 0.799805 0.229492 0.001953 0.001953
0 0.893555 0.227539 0.001953 0.001953
0 0.581055 0.225586 0.001953 0.001953
1 0.533203 0.229492 0.015625 0.009766
0 0.921875 0.221680 0.003906 0.001953
0 0.916992 0.221680 0.001953 0.001953
0 0.884766 0.222656 0.003906 0.003906
0 0.836914 0.221680 0.001953 0.001953
0 0.084961 0.299805 0.169922 0.158203
0 0.564453 0.231445 0.015625 0.025391
0 0.108398 0.221680 0.005859 0.005859
0 0.923828 0.217773 0.003906 0.001953
0 0.891602 0.217773 0.001953 0.001953
0 0.223633 0.218750 0.001953 0.003906
1 0.604492 0.215820 0.001953 0.001953
0 0.832031 0.214844 0.003906 0.003906
1 0.612305 0.213867 0.001953 0.001953
0 0.909180 0.217773 0.009766 0.013672
0 0.895508 0.211914 0.001953 0.001953
0 0.842773 0.213867 0.013672 0.009766
1 0.594727 0.209961 0.001953 0.001953
1 0.592773 0.222656 0.025391 0.027344
0 0.489258 0.209961 0.001953 0.001953
0 0.430664 0.209961 0.001953 0.001953
1 0.572266 0.211914 0.007812 0.009766
1 0.601562 0.206055 0.003906 0.001953
0 0.421875 0.206055 0.011719 0.005859
0 0.487305 0.203125 0.001953 0.003906
0 0.474609 0.206055 0.019531 0.009766
1 0.203125 0.200195 0.003906 0.001953
0 0.912109 0.205078 0.015625 0.015625
1 0.589844 0.197266 0.007812 0.003906
0 0.907227 0.195312 0.005859 0.003906
0 0.433594 0.201172 0.011719 0.015625
1 0.202148 0.195312 0.005859 0.003906
0 0.317383 0.192383 0.001953 0.001953
0 0.917969 0.192383 0.003906 0.005859
0 0.805664 0.242188 0.123047 0.105469
0 0.951172 0.189453 0.007812 0.011719
0 0.727539 0.205078 0.048828 0.042969
1 0.496094 0.184570 0.003906 0.001953
0 0.961914 0.182617 0.001953 0.001953
0 0.910156 0.186523 0.015625 0.009766
0 0.898438 0.184570 0.007812 0.005859
0 0.028320 0.180664 0.001953 0.001953
0 0.683594 0.166992 0.003906 0.001953
0 0.678711 0.167969 0.001953 0.003906
0 0.318359 0.181641 0.031250 0.031250
0 0.908203 0.166016 0.003906 0.003906
0 0.636719 0.173828 0.039062 0.019531
0 0.739258 0.163086 0.001953 0.001953
0 0.708008 0.159180 0.005859 0.005859
0 0.476562 0.252930 0.160156 0.197266
0 0.286133 0.160156 0.009766 0.011719
0 0.803711 0.151367 0.001953 0.001953
0 0.605469 0.153320 0.011719 0.009766
1 0.565430 0.155273 0.021484 0.017578
0 0.774414 0.145508 0.001953 0.001953
0 0.751953 0.147461 0.003906 0.005859
1 0.563477 0.143555 0.001953 0.001953
0 0.840820 0.164062 0.044922 0.046875
0 0.987305 0.139648 0.001953 0.001953
0 0.686523 0.151367 0.033203 0.025391
0 0.991211 0.140625 0.001953 0.007812
1 0.694336 0.137695 0.001953 0.001953
0 0.666016 0.137695 0.003906 0.001953
0 0.997070 0.140625 0.005859 0.011719
0 0.304688 0.162109 0.027344 0.062500
0 0.643555 0.130859 0.001953 0.003906
0 0.880859 0.128906 0.003906 0.003906
1 0.560547 0.132812 0.007812 0.011719
1 0.493164 0.127930 0.001953 0.005859
0 0.575195 0.124023 0.001953 0.001953
0 0.652344 0.125977 0.011719 0.009766
0 0.659180 0.120117 0.001953 0.001953
0 0.575195 0.120117 0.001953 0.001953
0 0.655273 0.118164 0.001953 0.001953
1 0.713867 0.118164 0.005859 0.005859
1 0.750977 0.116211 0.009766 0.005859
0 0.399414 0.115234 0.001953 0.003906
1 0.659180 0.112305 0.001953 0.001953
1 0.972656 0.110352 0.003906 0.001953
1 0.747070 0.110352 0.001953 0.001953
1 0.680664 0.116211 0.013672 0.013672
0 0.399414 0.110352 0.001953 0.001953
0 0.388672 0.112305 0.015625 0.005859
0 0.291016 0.118164 0.015625 0.017578
1 0.981445 0.113281 0.009766 0.011719
1 0.764648 0.106445 0.001953 0.001953
0 0.561523 0.112305 0.005859 0.013672
0 0.823242 0.102539 0.001953 0.001953
0 0.419922 0.103516 0.003906 0.003906
0 0.419922 0.098633 0.003906 0.001953
1 0.978516 0.097656 0.003906 0.003906
0 0.839844 0.096680 0.003906 0.001953
1 0.983398 0.094727 0.001953 0.001953
1 0.736328 0.103516 0.027344 0.019531
0 0.577148 0.097656 0.009766 0.011719
0 0.530273 0.097656 0.013672 0.011719
1 0.924805 0.093750 0.009766 0.007812
0 0.847656 0.090820 0.003906 0.001953
1 0.670898 0.098633 0.029297 0.021484
1 0.938477 0.086914 0.001953 0.005859
1 0.676758 0.084961 0.001953 0.001953
0 0.539062 0.085938 0.003906 0.003906
1 0.450195 0.113281 0.041016 0.062500
0 0.570312 0.080078 0.019531 0.015625
0 0.309570 0.067383 0.001953 0.001953
0 0.629883 0.065430 0.001953 0.001953
0 0.298828 0.067383 0.011719 0.005859
0 0.628906 0.061523 0.003906 0.001953
0 0.297852 0.061523 0.001953 0.001953
0 0.847656 0.061523 0.007812 0.005859
1 0.698242 0.055664 0.001953 0.001953
0 0.793945 0.053711 0.001953 0.001953
0 0.790039 0.051758 0.001953 0.001953
0 0.656250 0.051758 0.003906 0.001953
0 0.775391 0.052734 0.003906 0.007812
0 0.650391 0.057617 0.023438 0.021484
0 0.432617 0.047852 0.001953 0.001953
0 0.850586 0.045898 0.001953 0.001953
0 0.807617 0.044922 0.001953 0.003906
0 0.134766 0.043945 0.003906 0.001953
1 0.893555 0.038086 0.001953 0.001953
0 0.914062 0.037109 0.003906 0.003906
1 0.881836 0.036133 0.001953 0.001953
0 0.358398 0.039062 0.013672 0.007812
0 0.924805 0.121094 0.150391 0.175781
0 0.436523 0.039062 0.009766 0.011719
0 0.426758 0.034180 0.001953 0.001953
0 0.993164 0.030273 0.001953 0.001953
0 0.436523 0.030273 0.001953 0.001953
0 0.431641 0.030273 0.003906 0.001953
0 0.911133 0.027344 0.001953 0.003906
0 0.352539 0.022461 0.001953 0.001953
0 0.347656 0.023438 0.003906 0.003906
0 0.334961 0.023438 0.001953 0.003906
0 0.444336 0.020508 0.001953 0.001953
0 0.338867 0.020508 0.001953 0.001953
0 0.403320 0.018555 0.001953 0.001953
1 0.876953 0.021484 0.011719 0.011719
0 0.416016 0.024414 0.019531 0.017578
0 0.444336 0.014648 0.001953 0.001953
0 0.457031 0.021484 0.023438 0.019531
1 0.431641 0.012695 0.007812 0.005859
0 0.376953 0.013672 0.007812 0.007812
0 0.977539 0.009766 0.005859 0.007812
1 0.892578 0.013672 0.011719 0.015625
0 0.391602 0.014648 0.025391 0.017578
0 0.905273 0.004883 0.001953 0.001953
0 0.384766 0.005859 0.003906 0.003906
0 0.953125 0.045898 0.093750 0.091797
1 0.584961 0.000977 0.001953 0.001953
0 0.685547 0.082031 0.398438 0.164062
1 0.441406 0.004883 0.027344 0.009766
1 0.411133 0.000977 0.001953 0.001953
0 0.387695 0.000977 0.001953 0.001953
0 0.379883 0.000977 0.001953 0.001953
0 0.204102 0.001953 0.009766 0.003906
0 0.182617 0.063477 0.345703 0.126953
1 0.133789 0.000977 0.001953 0.001953
2 0.014648 0.805664 0.001953 0.001953
2 0.019531 0.803711 0.003906 0.001953
2 0.014648 0.766602 0.001953 0.001953
2 0.001953 0.758789 0.003906 0.017578
3 0.001953 0.738281 0.003906 0.003906
3 0.857422 0.718750 0.003906 0.003906
2 0.930664 0.711914 0.001953 0.001953
3 0.878906 0.673828 0.007812 0.003906
2 0.801758 0.670898 0.001953 0.001953
2 0.028320 0.639648 0.001953 0.001953
2 0.034180 0.629883 0.005859 0.001953
2 0.031250 0.616211 0.007812 0.005859
3 0.923828 0.596680 0.003906 0.005859
2 0.999023 0.383789 0.001953 0.001953
2 0.994141 0.380859 0.003906 0.003906
3 0.009766 0.364258 0.003906 0.001953
2 0.106445 0.352539 0.001953 0.001953
3 0.143555 0.344727 0.001953 0.001953
2 0.018555 0.342773 0.001953 0.001953
3 0.139648 0.339844 0.005859 0.003906
2 0.120117 0.329102 0.001953 0.001953
2 0.005859 0.338867 0.011719 0.025391
2 0.094727 0.325195 0.001953 0.001953
3 0.047852 0.325195 0.001953 0.001953
2 0.000977 0.322266 0.001953 0.003906
2 0.096680 0.317383 0.001953 0.001953
2 0.085938 0.314453 0.003906 0.003906
3 0.137695 0.290039 0.001953 0.001953
2 0.010742 0.291016 0.001953 0.003906
2 0.975586 0.163086 0.001953 0.001953
2 0.963867 0.161133 0.001953 0.001953
2 0.979492 0.157227 0.005859 0.001953
2 0.725586 0.157227 0.001953 0.001953
3 0.729492 0.149414 0.001953 0.001953
2 0.955078 0.151367 0.011719 0.009766
2 0.760742 0.141602 0.001953 0.001953
3 0.739258 0.142578 0.001953 0.007812
2 0.768555 0.133789 0.001953 0.001953
3 0.750977 0.131836 0.001953 0.001953
3 0.745117 0.132812 0.001953 0.003906
3 0.936523 0.124023 0.001953 0.001953
2 0.807617 0.122070 0.001953 0.001953
2 0.797852 0.118164 0.001953 0.001953
3 0.963867 0.079102 0.001953 0.001953
3 0.950195 0.081055 0.001953 0.005859
2 0.968750 0.073242 0.007812 0.005859
2 0.565430 0.061523 0.001953 0.001953
2 0.762695 0.057617 0.001953 0.001953
2 0.611328 0.053711 0.003906 0.001953
2 0.744141 0.044922 0.003906 0.003906
2 0.733398 0.045898 0.005859 0.005859
2 0.752930 0.041992 0.001953 0.001953
2 0.818359 0.032227 0.003906 0.001953
3 0.870117 0.006836 0.001953 0.001953
2 0.981445 0.024414 0.037109 0.048828
2 0.951172 0.003906 0.011719 0.007812
2 0.606445 0.006836 0.064453 0.013672
2 0.223633 0.011719 0.064453 0.023438
2 0.500000 0.500000 1.000000 1.000000