0 0.388672 0.999023 0.003906 0.001953
0 0.653320 0.995117 0.001953 0.001953
0 0.314453 0.996094 0.023438 0.007812
0 0.290039 0.993164 0.001953 0.001953
0 0.331055 0.991211 0.001953 0.001953
1 0.137695 0.992188 0.009766 0.003906
0 0.338867 0.994141 0.009766 0.011719
0 0.358398 0.988281 0.005859 0.007812
0 0.772461 0.983398 0.001953 0.001953
1 0.596680 0.981445 0.001953 0.001953
0 0.273438 0.980469 0.003906 0.003906
0 0.142578 0.970703 0.003906 0.003906
0 0.244141 0.967773 0.007812 0.005859
0 0.546875 0.964844 0.003906 0.003906
0 0.520508 0.966797 0.009766 0.007812
1 0.617188 0.962891 0.003906 0.003906
1 0.178711 0.961914 0.001953 0.001953
0 0.372070 0.961914 0.005859 0.009766
0 0.355469 0.962891 0.011719 0.011719
1 0.606445 0.954102 0.001953 0.001953
0 0.518555 0.953125 0.001953 0.003906
1 0.615234 0.953125 0.011719 0.011719
1 0.610352 0.948242 0.001953 0.001953
0 0.487305 0.948242 0.001953 0.001953
0 0.206055 0.946289 0.001953 0.001953
0 0.705078 0.945312 0.011719 0.007812
0 0.363281 0.945312 0.007812 0.007812
0 0.200195 0.943359 0.005859 0.003906
0 0.206055 0.941406 0.001953 0.003906
0 0.558594 0.934570 0.003906 0.001953
0 0.233398 0.932617 0.001953 0.001953
0 0.190430 0.941406 0.021484 0.027344
0 0.560547 0.927734 0.003906 0.003906
0 0.317383 0.926758 0.001953 0.001953
0 0.225586 0.948242 0.033203 0.044922
0 0.584961 0.924805 0.001953 0.001953
0 0.225586 0.924805 0.001953 0.001953
0 0.215820 0.924805 0.001953 0.001953
0 0.590820 0.922852 0.001953 0.001953
0 0.459961 0.922852 0.001953 0.001953
0 0.922852 0.920898 0.001953 0.001953
0 0.941406 0.918945 0.003906 0.005859
0 0.575195 0.916992 0.001953 0.001953
0 0.566406 0.914062 0.003906 0.003906
0 0.537109 0.913086 0.007812 0.009766
0 0.495117 0.909180 0.001953 0.001953
0 0.534180 0.905273 0.001953 0.001953
0 0.922852 0.900391 0.005859 0.007812
0 0.903320 0.897461 0.001953 0.001953
0 0.648438 0.896484 0.003906 0.003906
0 0.579102 0.892578 0.005859 0.003906
0 0.916016 0.890625 0.015625 0.007812
0 0.731445 0.887695 0.001953 0.001953
0 0.597656 0.880859 0.003906 0.003906
0 0.327148 0.875000 0.005859 0.003906
0 0.317383 0.874023 0.001953 0.001953
0 0.336914 0.869141 0.005859 0.003906
0 0.331055 0.868164 0.001953 0.001953
0 0.135742 0.866211 0.001953 0.001953
0 0.336914 0.864258 0.001953 0.001953
0 0.588867 0.862305 0.001953 0.001953
1 0.406250 0.863281 0.003906 0.003906
0 0.362305 0.863281 0.001953 0.003906
0 0.291992 0.860352 0.001953 0.001953
1 0.713867 0.859375 0.005859 0.003906
1 0.495117 0.858398 0.001953 0.001953
0 0.969727 0.859375 0.001953 0.007812
0 0.301758 0.867188 0.021484 0.023438
0 0.869141 0.854492 0.003906 0.001953
0 0.564453 0.875000 0.050781 0.042969
1 0.465820 0.854492 0.001953 0.001953
0 0.307617 0.854492 0.001953 0.001953
0 0.976562 0.848633 0.011719 0.009766
1 0.444336 0.844727 0.001953 0.001953
0 0.195312 0.842773 0.003906 0.005859
0 0.696289 0.843750 0.021484 0.011719
0 0.777344 0.881836 0.097656 0.091797
0 0.347656 0.848633 0.031250 0.025391
0 0.868164 0.817383 0.001953 0.001953
0 0.521484 0.818359 0.007812 0.003906
0 0.861328 0.822266 0.007812 0.015625
0 0.521484 0.811523 0.003906 0.005859
0 0.723633 0.808594 0.009766 0.007812
0 0.507812 0.902344 0.191406 0.195312
0 0.804688 0.797852 0.003906 0.005859
1 0.408203 0.800781 0.007812 0.011719
1 0.388672 0.793945 0.007812 0.005859
0 0.905273 0.780273 0.001953 0.001953
0 0.430664 0.768555 0.001953 0.001953
1 0.370117 0.768555 0.001953 0.001953
0 0.073242 0.768555 0.001953 0.001953
0 0.812500 0.778320 0.027344 0.029297
1 0.366211 0.765625 0.005859 0.003906
0 0.362305 0.758789 0.001953 0.001953
0 0.317383 0.737305 0.001953 0.001953
0 0.766602 0.735352 0.001953 0.001953
0 0.303711 0.738281 0.009766 0.007812
0 0.819336 0.731445 0.001953 0.001953
0 0.776367 0.731445 0.001953 0.001953
0 0.768555 0.731445 0.001953 0.001953
0 0.954102 0.727539 0.001953 0.001953
0 0.874023 0.772461 0.076172 0.095703
0 0.960938 0.734375 0.011719 0.023438
0 0.592773 0.723633 0.001953 0.001953
0 0.942383 0.721680 0.001953 0.001953
0 0.401367 0.711914 0.009766 0.005859
1 0.592773 0.708008 0.001953 0.001953
1 0.832031 0.712891 0.039062 0.027344
0 0.993164 0.698242 0.001953 0.001953
0 0.979492 0.698242 0.001953 0.001953
1 0.592773 0.700195 0.005859 0.009766
0 0.986328 0.698242 0.007812 0.009766
0 0.982422 0.692383 0.003906 0.001953
0 0.479492 0.693359 0.001953 0.003906
0 0.578125 0.702148 0.019531 0.029297
0 0.596680 0.684570 0.001953 0.001953
0 0.791992 0.694336 0.017578 0.025391
0 0.354492 0.689453 0.021484 0.015625
1 0.874023 0.680664 0.001953 0.001953
0 0.667969 0.680664 0.003906 0.001953
1 0.622070 0.676758 0.001953 0.001953
0 0.992188 0.675781 0.003906 0.003906
0 0.201172 0.675781 0.003906 0.003906
0 0.989258 0.672852 0.001953 0.001953
0 0.976562 0.681641 0.023438 0.019531
0 0.634766 0.704102 0.070312 0.068359
0 0.202148 0.670898 0.001953 0.001953
0 0.382812 0.669922 0.007812 0.007812
1 0.694336 0.672852 0.025391 0.029297
1 0.817383 0.655273 0.005859 0.005859
1 0.597656 0.657227 0.019531 0.017578
0 0.549805 0.647461 0.001953 0.001953
0 0.232422 0.642578 0.007812 0.007812
1 0.822266 0.641602 0.007812 0.009766
0 0.846680 0.635742 0.005859 0.005859
1 0.831055 0.631836 0.001953 0.001953
1 0.604492 0.632812 0.001953 0.003906
1 0.834961 0.629883 0.001953 0.001953
0 0.407227 0.645508 0.037109 0.033203
1 0.769531 0.644531 0.042969 0.035156
0 0.922852 0.625977 0.001953 0.001953
0 0.882812 0.625000 0.011719 0.007812
0 0.475586 0.626953 0.009766 0.019531
1 0.436523 0.629883 0.025391 0.025391
1 0.467773 0.614258 0.001953 0.001953
0 0.919922 0.612305 0.003906 0.001953
1 0.481445 0.611328 0.009766 0.007812
1 0.433594 0.609375 0.003906 0.003906
0 0.919922 0.607422 0.003906 0.003906
0 0.885742 0.606445 0.001953 0.001953
1 0.762695 0.610352 0.021484 0.021484
1 0.458008 0.598633 0.001953 0.001953
0 0.899414 0.588867 0.005859 0.001953
0 0.372070 0.584961 0.001953 0.001953
0 0.941406 0.593750 0.015625 0.023438
0 0.903320 0.583008 0.001953 0.001953
0 0.850586 0.585938 0.005859 0.007812
0 0.915039 0.582031 0.001953 0.003906
0 0.910156 0.583008 0.003906 0.005859
0 0.273438 0.581055 0.007812 0.009766
0 0.961914 0.575195 0.001953 0.001953
0 0.938477 0.567383 0.001953 0.001953
0 0.393555 0.589844 0.060547 0.046875
0 0.942383 0.565430 0.001953 0.001953
0 0.956055 0.571289 0.021484 0.025391
0 0.970703 0.558594 0.003906 0.003906
1 0.766602 0.557617 0.001953 0.001953
0 0.859375 0.554688 0.003906 0.003906
0 0.807617 0.552734 0.001953 0.003906
0 0.944336 0.638672 0.111328 0.183594
1 0.456055 0.545898 0.001953 0.001953
0 0.799805 0.541992 0.001953 0.001953
0 0.314453 0.538086 0.003906 0.001953
0 0.895508 0.569336 0.080078 0.068359
0 0.303711 0.536133 0.001953 0.001953
0 0.869141 0.538086 0.011719 0.009766
0 0.315430 0.534180 0.001953 0.001953
0 0.285156 0.539062 0.015625 0.019531
0 0.817383 0.531250 0.009766 0.007812
0 0.787109 0.529297 0.003906 0.003906
0 0.823242 0.526367 0.001953 0.005859
0 0.283203 0.524414 0.011719 0.005859
0 0.311523 0.524414 0.017578 0.013672
0 0.898438 0.517578 0.003906 0.003906
0 0.291992 0.516602 0.001953 0.001953
0 0.291992 0.512695 0.001953 0.001953
0 0.280273 0.510742 0.001953 0.001953
0 0.889648 0.506836 0.001953 0.001953
0 0.967773 0.502930 0.001953 0.001953
0 0.962891 0.502930 0.003906 0.001953
0 0.896484 0.501953 0.003906 0.003906
0 0.458008 0.513672 0.044922 0.042969
0 0.577148 0.489258 0.001953 0.001953
0 0.305664 0.485352 0.001953 0.001953
0 0.888672 0.484375 0.003906 0.003906
0 0.867188 0.512695 0.058594 0.060547
0 0.312500 0.486328 0.007812 0.007812
0 0.936523 0.476562 0.001953 0.003906
0 0.932617 0.467773 0.001953 0.001953
0 0.929688 0.473633 0.007812 0.013672
0 0.533203 0.462891 0.003906 0.003906
0 0.928711 0.460938 0.005859 0.007812
1 0.934570 0.444336 0.001953 0.009766
0 0.485352 0.441406 0.001953 0.003906
1 0.928711 0.441406 0.005859 0.011719
0 0.903320 0.432617 0.001953 0.001953
0 0.301758 0.432617 0.001953 0.001953
0 0.298828 0.421875 0.003906 0.003906
0 0.446289 0.418945 0.001953 0.001953
0 0.494141 0.455078 0.089844 0.078125
0 0.290039 0.415039 0.001953 0.001953
0 0.729492 0.411133 0.001953 0.001953
0 0.306641 0.462891 0.054688 0.105469
0 0.477539 0.405273 0.001953 0.001953
0 0.462891 0.413086 0.019531 0.017578
0 0.510742 0.403320 0.001953 0.001953
0 0.470703 0.403320 0.003906 0.005859
0 0.465820 0.399414 0.001953 0.001953
0 0.406250 0.397461 0.003906 0.001953
0 0.401367 0.397461 0.001953 0.001953
0 0.189453 0.399414 0.007812 0.009766
1 0.745117 0.390625 0.005859 0.003906
0 0.000977 0.389648 0.001953 0.001953
0 0.311523 0.387695 0.001953 0.001953
0 0.959961 0.430664 0.048828 0.091797
0 0.973633 0.375977 0.001953 0.001953
0 0.491211 0.375977 0.005859 0.001953
0 0.318359 0.379883 0.011719 0.009766
0 0.811523 0.364258 0.001953 0.001953
0 0.959961 0.366211 0.013672 0.013672
0 0.972656 0.363281 0.007812 0.011719
0 0.811523 0.354492 0.001953 0.001953
0 0.288086 0.354492 0.001953 0.001953
0 0.284180 0.354492 0.001953 0.001953
0 0.862305 0.352539 0.001953 0.001953
0 0.295898 0.350586 0.001953 0.001953
0 0.993164 0.390625 0.013672 0.089844
0 0.816406 0.348633 0.007812 0.005859
0 0.968750 0.349609 0.011719 0.011719
0 0.999023 0.342773 0.001953 0.001953
0 0.833008 0.342773 0.001953 0.001953
0 0.295898 0.342773 0.001953 0.001953
0 0.310547 0.348633 0.023438 0.017578
1 0.010742 0.364258 0.021484 0.048828
0 0.838867 0.338867 0.001953 0.001953
0 0.843750 0.336914 0.003906 0.001953
0 0.955078 0.333984 0.003906 0.003906
0 0.287109 0.339844 0.027344 0.019531
0 0.801758 0.329102 0.001953 0.001953
0 0.113281 0.333008 0.011719 0.009766
0 0.471680 0.327148 0.001953 0.001953
0 0.477539 0.324219 0.001953 0.003906
0 0.991211 0.313477 0.001953 0.001953
1 0.848633 0.311523 0.001953 0.001953
0 0.770508 0.311523 0.001953 0.001953
0 0.913086 0.307617 0.001953 0.001953
0 0.987305 0.305664 0.001953 0.001953
1 0.848633 0.305664 0.001953 0.005859
0 0.994141 0.319336 0.011719 0.041016
0 0.986328 0.300781 0.003906 0.003906
1 0.821289 0.299805 0.001953 0.001953
0 0.550781 0.295898 0.007812 0.009766
0 0.543945 0.291992 0.001953 0.001953
0 0.536133 0.301758 0.021484 0.021484
0 0.729492 0.285156 0.009766 0.007812
0 0.714844 0.285156 0.007812 0.007812
0 0.682617 0.283203 0.001953 0.003906
0 0.039062 0.286133 0.007812 0.013672
0 0.409180 0.295898 0.017578 0.041016
0 0.620117 0.272461 0.001953 0.001953
0 0.051758 0.270508 0.001953 0.001953
0 0.997070 0.266602 0.001953 0.001953
0 0.510742 0.266602 0.001953 0.001953
0 0.649414 0.264648 0.001953 0.001953
0 0.946289 0.261719 0.005859 0.007812
0 0.085938 0.259766 0.003906 0.003906
1 0.635742 0.254883 0.001953 0.001953
0 0.260742 0.250977 0.001953 0.001953
0 0.815430 0.294922 0.052734 0.097656
1 0.973633 0.239258 0.001953 0.001953
0 0.999023 0.233398 0.001953 0.001953
0 0.026367 0.274414 0.052734 0.083984
0 0.709961 0.472656 0.580078 0.484375
0 0.491211 0.227539 0.001953 0.001953
0 0.059570 0.211914 0.001953 0.001953
0 0.051758 0.208008 0.001953 0.001953
0 0.058594 0.207031 0.007812 0.003906
0 0.911133 0.204102 0.001953 0.001953
0 0.248047 0.205078 0.003906 0.007812
0 0.368164 0.200195 0.001953 0.001953
0 0.275391 0.205078 0.011719 0.011719
0 0.555664 0.198242 0.001953 0.001953
0 0.260742 0.203125 0.009766 0.015625
0 0.062500 0.192383 0.003906 0.001953
0 0.082031 0.190430 0.003906 0.005859
0 0.065430 0.188477 0.001953 0.001953
0 0.920898 0.182617 0.001953 0.001953
0 0.913086 0.180664 0.001953 0.001953
0 0.008789 0.172852 0.001953 0.001953
0 0.609375 0.179688 0.023438 0.019531
0 0.083008 0.169922 0.005859 0.007812
1 0.879883 0.161133 0.001953 0.001953
0 0.633789 0.160156 0.001953 0.003906
0 0.635742 0.155273 0.001953 0.001953
0 0.724609 0.155273 0.003906 0.009766
1 0.819336 0.127930 0.001953 0.001953
0 0.348633 0.126953 0.021484 0.011719
0 0.938477 0.120117 0.001953 0.001953
1 0.919922 0.122070 0.007812 0.005859
1 0.822266 0.122070 0.007812 0.005859
1 0.817383 0.116211 0.001953 0.001953
0 0.383789 0.104492 0.001953 0.001953
1 0.550781 0.103516 0.003906 0.003906
0 0.379883 0.102539 0.001953 0.001953
0 0.723633 0.104492 0.009766 0.009766
0 0.358398 0.100586 0.001953 0.001953
0 0.584961 0.099609 0.005859 0.003906
0 0.442383 0.098633 0.001953 0.005859
0 0.395508 0.094727 0.001953 0.001953
0 0.371094 0.095703 0.007812 0.003906
0 0.364258 0.094727 0.001953 0.001953
0 0.959961 0.092773 0.001953 0.001953
1 0.821289 0.092773 0.001953 0.001953
0 0.590820 0.092773 0.001953 0.001953
0 0.581055 0.092773 0.001953 0.001953
0 0.377930 0.094727 0.001953 0.005859
0 0.443359 0.085938 0.003906 0.003906
0 0.317383 0.092773 0.021484 0.021484
0 0.008789 0.088867 0.017578 0.013672
0 0.333008 0.079102 0.001953 0.001953
0 0.444336 0.077148 0.001953 0.001953
0 0.319336 0.077148 0.009766 0.005859
0 0.256836 0.081055 0.005859 0.013672
0 0.057617 0.076172 0.005859 0.007812
0 0.232422 0.071289 0.003906 0.005859
0 0.222656 0.073242 0.007812 0.009766
1 0.780273 0.065430 0.001953 0.001953
0 0.714844 0.069336 0.011719 0.009766
0 0.069336 0.065430 0.001953 0.001953
0 0.239258 0.063477 0.005859 0.005859
0 0.189453 0.062500 0.003906 0.003906
0 0.066406 0.060547 0.007812 0.003906
1 0.547852 0.061523 0.013672 0.009766
1 0.678711 0.055664 0.001953 0.001953
0 0.232422 0.055664 0.003906 0.001953
1 0.778320 0.054688 0.005859 0.003906
0 0.372070 0.053711 0.001953 0.001953
0 0.237305 0.053711 0.001953 0.001953
1 0.553711 0.051758 0.001953 0.001953
0 0.110352 0.051758 0.001953 0.001953
1 0.802734 0.051758 0.003906 0.005859
0 0.886719 0.047852 0.003906 0.001953
0 0.107422 0.066406 0.058594 0.039062
0 0.076172 0.052734 0.003906 0.011719
0 0.230469 0.045898 0.003906 0.001953
0 0.971680 0.043945 0.001953 0.001953
1 0.794922 0.041992 0.003906 0.001953
1 0.534180 0.052734 0.017578 0.023438
0 0.813477 0.040039 0.001953 0.001953
1 0.684570 0.041016 0.001953 0.003906
0 0.575195 0.038086 0.001953 0.001953
0 0.226562 0.038086 0.003906 0.001953
0 0.595703 0.036133 0.003906 0.001953
0 0.586914 0.037109 0.001953 0.003906
0 0.582031 0.036133 0.003906 0.001953
0 0.959961 0.034180 0.001953 0.001953
0 0.836914 0.034180 0.001953 0.001953
0 0.215820 0.042969 0.021484 0.027344
0 0.868164 0.028320 0.001953 0.001953
0 0.864258 0.026367 0.001953 0.001953
0 0.593750 0.016602 0.003906 0.001953
0 0.979492 0.010742 0.001953 0.001953
0 0.473633 0.010742 0.001953 0.001953
0 0.985352 0.006836 0.001953 0.001953
0 0.772461 0.006836 0.001953 0.001953
0 0.328125 0.007812 0.007812 0.011719
0 0.898438 0.110352 0.203125 0.220703
0 0.730469 0.028320 0.058594 0.056641
1 0.684570 0.003906 0.017578 0.007812
1 0.657227 0.001953 0.001953 0.003906
1 0.653320 0.000977 0.001953 0.001953
0 0.570312 0.002930 0.007812 0.005859
0 0.642578 0.163086 0.410156 0.326172
0 0.414062 0.050781 0.156250 0.101562
0 0.021484 0.010742 0.042969 0.021484
2 0.528320 0.997070 0.001953 0.001953
2 0.473633 0.997070 0.001953 0.001953
2 0.520508 0.996094 0.005859 0.003906
2 0.483398 0.995117 0.001953 0.001953
2 0.510742 0.994141 0.001953 0.003906
2 0.534180 0.991211 0.001953 0.001953
3 0.496094 0.992188 0.015625 0.015625
2 0.485352 0.985352 0.001953 0.001953
2 0.459961 0.983398 0.001953 0.001953
2 0.507812 0.981445 0.003906 0.001953
2 0.592773 0.956055 0.009766 0.005859
2 0.559570 0.949219 0.005859 0.003906
2 0.495117 0.940430 0.001953 0.001953
2 0.583008 0.938477 0.001953 0.001953
2 0.501953 0.936523 0.003906 0.001953
3 0.469727 0.840820 0.001953 0.001953
3 0.899414 0.700195 0.001953 0.001953
3 0.620117 0.634766 0.001953 0.003906
2 0.653320 0.627930 0.001953 0.001953
3 0.621094 0.628906 0.003906 0.003906
2 0.987305 0.625977 0.001953 0.001953
2 0.592773 0.623047 0.001953 0.003906
2 0.559570 0.616211 0.001953 0.001953
2 0.561523 0.610352 0.001953 0.001953
2 0.899414 0.608398 0.001953 0.001953
2 0.893555 0.608398 0.001953 0.001953
2 0.565430 0.598633 0.001953 0.001953
2 0.561523 0.598633 0.001953 0.001953
2 0.550781 0.592773 0.007812 0.009766
2 0.698242 0.529297 0.001953 0.003906
2 0.785156 0.520508 0.003906 0.001953
3 0.640625 0.545898 0.117188 0.072266
2 0.547852 0.483398 0.001953 0.001953
2 0.680664 0.481445 0.001953 0.001953
2 0.676758 0.479492 0.001953 0.001953
3 0.731445 0.458008 0.001953 0.001953
2 0.635742 0.464844 0.033203 0.027344
3 0.739258 0.450195 0.001953 0.001953
2 0.572266 0.456055 0.011719 0.013672
2 0.840820 0.448242 0.001953 0.001953
2 0.845703 0.446289 0.003906 0.001953
2 0.656250 0.450195 0.015625 0.013672
2 0.708008 0.442383 0.001953 0.001953
2 0.703125 0.446289 0.007812 0.013672
2 0.695312 0.437500 0.003906 0.003906
2 0.698242 0.434570 0.001953 0.001953
2 0.686523 0.432617 0.001953 0.001953
2 0.688477 0.428711 0.001953 0.001953
2 0.698242 0.426758 0.001953 0.005859
3 0.721680 0.525391 0.154297 0.207031
2 0.841797 0.390625 0.003906 0.003906
2 0.826172 0.402344 0.027344 0.027344
2 0.510742 0.385742 0.001953 0.001953
2 0.647461 0.377930 0.001953 0.005859
2 0.625977 0.397461 0.037109 0.056641
2 0.843750 0.376953 0.019531 0.019531
2 0.639648 0.364258 0.001953 0.001953
2 0.857422 0.365234 0.003906 0.007812
2 0.840820 0.362305 0.001953 0.001953
2 0.665039 0.347656 0.005859 0.003906
2 0.715820 0.363281 0.091797 0.054688
2 0.633789 0.336914 0.001953 0.001953
2 0.731445 0.331055 0.001953 0.001953
2 0.996094 0.327148 0.003906 0.005859
2 0.469727 0.321289 0.005859 0.001953
3 0.583984 0.313477 0.011719 0.013672
2 0.602539 0.301758 0.001953 0.001953
2 0.030273 0.295898 0.001953 0.001953
2 0.006836 0.291992 0.013672 0.013672
2 0.024414 0.278320 0.001953 0.001953
2 0.001953 0.274414 0.003906 0.001953
2 0.002930 0.270508 0.001953 0.001953
2 0.013672 0.270508 0.019531 0.013672
2 0.000977 0.263672 0.001953 0.003906
2 0.963867 0.258789 0.001953 0.001953
2 0.508789 0.225586 0.001953 0.001953
2 0.998047 0.212891 0.003906 0.003906
2 0.530273 0.209961 0.001953 0.001953
2 0.883789 0.174805 0.001953 0.001953
2 0.885742 0.163086 0.001953 0.001953
2 0.901367 0.166992 0.013672 0.013672
2 0.932617 0.157227 0.001953 0.001953
2 0.885742 0.157227 0.001953 0.005859
3 0.991211 0.153320 0.017578 0.013672
3 0.995117 0.145508 0.001953 0.001953
2 0.730469 0.132812 0.011719 0.007812
2 0.718750 0.125977 0.003906 0.001953
2 0.713867 0.125977 0.001953 0.001953
3 0.809570 0.124023 0.001953 0.001953
2 0.704102 0.124023 0.013672 0.005859
2 0.748047 0.118164 0.003906 0.001953
2 0.807617 0.110352 0.001953 0.001953
3 0.799805 0.105469 0.001953 0.003906
3 0.793945 0.104492 0.001953 0.001953
2 0.993164 0.094727 0.009766 0.005859
2 0.607422 0.093750 0.003906 0.003906
2 0.995117 0.088867 0.001953 0.001953
2 0.596680 0.079102 0.001953 0.001953
3 0.798828 0.075195 0.007812 0.005859
2 0.452148 0.071289 0.001953 0.001953
2 0.458008 0.065430 0.001953 0.001953
2 0.428711 0.068359 0.005859 0.007812
2 0.452148 0.063477 0.001953 0.005859
3 0.635742 0.057617 0.001953 0.001953
3 0.874023 0.053711 0.005859 0.001953
2 0.417969 0.054688 0.003906 0.003906
2 0.993164 0.041992 0.001953 0.001953
2 0.999023 0.041016 0.001953 0.003906
2 0.458008 0.040039 0.001953 0.001953
2 0.995117 0.036133 0.001953 0.001953
2 0.823242 0.030273 0.001953 0.001953
3 0.636719 0.029297 0.003906 0.007812
3 0.643555 0.023438 0.005859 0.003906
3 0.645508 0.020508 0.001953 0.001953
3 0.709961 0.014648 0.001953 0.001953
2 0.458008 0.012695 0.001953 0.001953
2 0.743164 0.010742 0.001953 0.001953
2 0.728516 0.008789 0.031250 0.017578
2 0.588867 0.029297 0.091797 0.058594
2 0.520508 0.000977 0.001953 0.001953
2 0.514648 0.000977 0.001953 0.001953
2 0.500000 0.500000 1.000000 1.000000