0 0.698242 0.997070 0.001953 0.001953
0 0.151367 0.998047 0.001953 0.003906
0 0.742188 0.997070 0.015625 0.005859
1 0.494141 0.996094 0.003906 0.003906
1 0.487305 0.996094 0.005859 0.003906
0 0.786133 0.991211 0.001953 0.001953
0 0.782227 0.991211 0.001953 0.001953
0 0.777344 0.991211 0.003906 0.001953
0 0.610352 0.995117 0.033203 0.009766
1 0.484375 0.988281 0.003906 0.003906
1 0.045898 0.987305 0.001953 0.001953
0 0.788086 0.985352 0.001953 0.001953
0 0.747070 0.985352 0.001953 0.001953
1 0.715820 0.985352 0.001953 0.001953
1 0.705078 0.988281 0.011719 0.007812
0 0.190430 0.985352 0.001953 0.001953
0 0.133789 0.992188 0.017578 0.015625
0 0.061523 0.985352 0.001953 0.001953
1 0.821289 0.983398 0.005859 0.005859
0 0.083008 0.979492 0.001953 0.001953
1 0.836914 0.977539 0.001953 0.001953
0 0.102539 0.977539 0.001953 0.001953
0 0.096680 0.975586 0.001953 0.001953
1 0.023438 0.977539 0.007812 0.005859
0 0.532227 0.973633 0.001953 0.001953
1 0.682617 0.971680 0.001953 0.001953
0 0.619141 0.974609 0.003906 0.007812
0 0.208984 0.984375 0.117188 0.031250
0 0.893555 0.968750 0.001953 0.003906
1 0.709961 0.972656 0.009766 0.011719
1 0.672852 0.967773 0.001953 0.001953
0 0.049805 0.967773 0.001953 0.001953
1 0.713867 0.965820 0.001953 0.001953
1 0.765625 0.963867 0.003906 0.001953
0 0.047852 0.965820 0.005859 0.009766
1 0.750977 0.974609 0.072266 0.035156
0 0.387695 0.978516 0.091797 0.042969
1 0.767578 0.954102 0.003906 0.001953
1 0.761719 0.956055 0.003906 0.005859
1 0.565430 0.955078 0.001953 0.003906
1 0.696289 0.958984 0.017578 0.019531
1 0.637695 0.951172 0.001953 0.003906
0 0.054688 0.952148 0.003906 0.005859
0 0.021484 0.950195 0.003906 0.001953
0 0.016602 0.950195 0.001953 0.001953
1 0.717773 0.949219 0.001953 0.003906
0 0.708008 0.949219 0.001953 0.003906
0 0.072266 0.968750 0.035156 0.042969
0 0.067383 0.948242 0.001953 0.001953
0 0.702148 0.946289 0.005859 0.001953
1 0.694336 0.946289 0.001953 0.001953
1 0.565430 0.948242 0.001953 0.005859
0 0.115234 0.946289 0.003906 0.001953
1 0.856445 0.957031 0.021484 0.027344
1 0.909180 0.942383 0.001953 0.001953
1 0.771484 0.945312 0.015625 0.007812
1 0.565430 0.942383 0.001953 0.001953
1 0.561523 0.942383 0.001953 0.001953
0 0.378906 0.945312 0.011719 0.007812
0 0.127930 0.950195 0.017578 0.017578
1 0.907227 0.938477 0.009766 0.001953
1 0.928711 0.936523 0.001953 0.001953
1 0.590820 0.936523 0.001953 0.001953
1 0.583984 0.937500 0.003906 0.003906
1 0.577148 0.936523 0.001953 0.001953
1 0.911133 0.934570 0.005859 0.001953
1 0.681641 0.933594 0.003906 0.003906
1 0.916016 0.933594 0.007812 0.007812
0 0.904297 0.930664 0.003906 0.001953
1 0.495117 0.933594 0.005859 0.007812
1 0.687500 0.928711 0.007812 0.001953
0 0.443359 0.938477 0.027344 0.021484
0 0.409180 0.928711 0.001953 0.001953
0 0.766602 0.926758 0.001953 0.001953
1 0.849609 0.922852 0.003906 0.001953
1 0.905273 0.921875 0.005859 0.003906
1 0.848633 0.918945 0.001953 0.001953
1 0.844727 0.919922 0.001953 0.003906
0 0.751953 0.923828 0.019531 0.011719
1 0.516602 0.918945 0.005859 0.001953
0 0.447266 0.925781 0.023438 0.019531
0 0.203125 0.935547 0.058594 0.039062
0 0.012695 0.958008 0.025391 0.083984
0 0.017578 0.913086 0.007812 0.005859
0 0.004883 0.911133 0.001953 0.001953
0 0.090820 0.909180 0.001953 0.001953
0 0.009766 0.908203 0.003906 0.003906
0 0.003906 0.907227 0.003906 0.001953
0 0.784180 0.907227 0.001953 0.005859
0 0.403320 0.903320 0.001953 0.001953
0 0.083008 0.903320 0.001953 0.001953
1 0.643555 0.945312 0.076172 0.097656
0 0.414062 0.899414 0.007812 0.005859
0 0.048828 0.897461 0.007812 0.005859
0 0.150391 0.893555 0.003906 0.001953
0 0.136719 0.893555 0.003906 0.001953
1 0.831055 0.891602 0.001953 0.001953
0 0.540039 0.891602 0.001953 0.001953
0 0.371094 0.892578 0.007812 0.003906
0 0.260742 0.889648 0.001953 0.001953
0 0.037109 0.896484 0.015625 0.015625
0 0.034180 0.890625 0.001953 0.003906
0 0.018555 0.889648 0.001953 0.001953
1 0.886719 0.914062 0.136719 0.054688
0 0.016602 0.896484 0.021484 0.019531
1 0.931641 0.885742 0.003906 0.001953
1 0.509766 0.937500 0.097656 0.105469
0 0.136719 0.887695 0.007812 0.005859
0 0.036133 0.885742 0.001953 0.001953
1 0.465820 0.884766 0.005859 0.003906
0 0.151367 0.883789 0.001953 0.001953
0 0.146484 0.884766 0.003906 0.003906
0 0.298828 0.884766 0.007812 0.007812
0 0.303711 0.879883 0.001953 0.001953
0 0.290039 0.882812 0.005859 0.007812
0 0.155273 0.879883 0.001953 0.001953
0 0.341797 0.892578 0.046875 0.031250
1 0.619141 0.879883 0.023438 0.009766
0 0.249023 0.875977 0.001953 0.001953
0 0.237305 0.875977 0.001953 0.001953
0 0.143555 0.875977 0.001953 0.001953
0 0.137695 0.875977 0.001953 0.001953
1 0.661133 0.874023 0.001953 0.001953
0 0.308594 0.875000 0.003906 0.003906
0 0.149414 0.874023 0.001953 0.001953
0 0.095703 0.890625 0.031250 0.035156
0 0.247070 0.873047 0.005859 0.003906
0 0.299805 0.870117 0.001953 0.001953
0 0.143555 0.870117 0.001953 0.001953
0 0.507812 0.871094 0.015625 0.011719
0 0.262695 0.874023 0.021484 0.017578
0 0.239258 0.866211 0.001953 0.001953
0 0.232422 0.870117 0.007812 0.009766
1 0.457031 0.871094 0.011719 0.015625
0 0.312500 0.866211 0.007812 0.005859
0 0.225586 0.864258 0.001953 0.001953
1 0.727539 0.858398 0.001953 0.001953
0 0.226562 0.860352 0.023438 0.017578
0 0.185547 0.872070 0.054688 0.044922
0 0.153320 0.850586 0.001953 0.001953
0 0.118164 0.852539 0.001953 0.005859
0 0.402344 0.850586 0.003906 0.005859
0 0.210938 0.846680 0.003906 0.001953
0 0.190430 0.845703 0.001953 0.003906
1 0.721680 0.847656 0.017578 0.015625
0 0.188477 0.838867 0.001953 0.001953
0 0.200195 0.838867 0.005859 0.005859
0 0.163086 0.835938 0.001953 0.003906
0 0.155273 0.829102 0.001953 0.001953
0 0.138672 0.849609 0.035156 0.042969
0 0.101562 0.830078 0.003906 0.003906
1 0.674805 0.819336 0.001953 0.001953
1 0.670898 0.816406 0.001953 0.003906
1 0.653320 0.822266 0.029297 0.015625
1 0.647461 0.813477 0.001953 0.001953
1 0.057617 0.817383 0.013672 0.009766
0 0.185547 0.821289 0.035156 0.021484
1 0.793945 0.805664 0.001953 0.001953
1 0.775391 0.850586 0.078125 0.091797
0 0.151367 0.816406 0.025391 0.023438
0 0.016602 0.816406 0.005859 0.023438
0 0.786133 0.801758 0.001953 0.001953
0 0.777344 0.798828 0.003906 0.003906
1 0.418945 0.793945 0.001953 0.001953
1 0.401367 0.793945 0.001953 0.001953
0 0.774414 0.791992 0.001953 0.001953
1 0.405273 0.791992 0.005859 0.005859
0 0.856445 0.784180 0.001953 0.001953
1 0.891602 0.784180 0.005859 0.005859
0 0.934570 0.780273 0.001953 0.001953
0 0.897461 0.780273 0.001953 0.001953
1 0.869141 0.791016 0.027344 0.027344
0 0.147461 0.778320 0.001953 0.001953
0 0.388672 0.775391 0.003906 0.007812
1 0.656250 0.772461 0.011719 0.005859
0 0.541992 0.770508 0.001953 0.001953
0 0.365234 0.773438 0.019531 0.007812
1 0.914062 0.768555 0.003906 0.001953
0 0.147461 0.768555 0.001953 0.001953
0 0.134766 0.780273 0.023438 0.025391
1 0.918945 0.767578 0.001953 0.003906
1 0.290039 0.767578 0.009766 0.003906
1 0.652344 0.764648 0.003906 0.001953
0 0.363281 0.765625 0.003906 0.003906
0 0.889648 0.762695 0.001953 0.001953
0 0.939453 0.757812 0.003906 0.003906
0 0.888672 0.756836 0.003906 0.001953
0 0.875977 0.752930 0.001953 0.001953
0 0.958984 0.791992 0.082031 0.087891
1 0.587891 0.750000 0.003906 0.003906
1 0.646484 0.748047 0.003906 0.003906
1 0.626953 0.790039 0.082031 0.087891
1 0.626953 0.747070 0.003906 0.001953
1 0.928711 0.745117 0.001953 0.001953
1 0.609375 0.746094 0.003906 0.003906
0 0.030273 0.745117 0.001953 0.001953
0 0.314453 0.753906 0.054688 0.035156
0 0.684570 0.768555 0.048828 0.076172
1 0.895508 0.738281 0.044922 0.031250
1 0.647461 0.717773 0.001953 0.001953
1 0.640625 0.713867 0.003906 0.001953
1 0.627930 0.716797 0.025391 0.019531
0 0.768555 0.755859 0.107422 0.101562
1 0.721680 0.706055 0.001953 0.001953
1 0.645508 0.704102 0.001953 0.001953
1 0.639648 0.704102 0.001953 0.001953
1 0.761719 0.703125 0.003906 0.003906
0 0.662109 0.706055 0.007812 0.009766
1 0.733398 0.693359 0.001953 0.003906
1 0.766602 0.688477 0.001953 0.001953
0 0.544922 0.683594 0.003906 0.003906
1 0.743164 0.680664 0.001953 0.001953
0 0.541992 0.678711 0.001953 0.001953
1 0.754883 0.676758 0.001953 0.001953
1 0.715820 0.676758 0.001953 0.001953
0 0.583008 0.675781 0.001953 0.003906
0 0.285156 0.674805 0.003906 0.001953
0 0.689453 0.673828 0.003906 0.003906
1 0.440430 0.686523 0.013672 0.029297
0 0.581055 0.670898 0.001953 0.001953
1 0.762695 0.666992 0.001953 0.001953
0 0.598633 0.670898 0.025391 0.009766
0 0.883789 0.661133 0.001953 0.001953
1 0.710938 0.666016 0.003906 0.011719
0 0.889648 0.666016 0.005859 0.015625
1 0.459961 0.658203 0.001953 0.003906
0 0.964844 0.649414 0.003906 0.005859
1 0.942383 0.666016 0.041016 0.039062
0 0.316406 0.647461 0.007812 0.005859
0 0.268555 0.646484 0.001953 0.003906
0 0.308594 0.645508 0.003906 0.005859
0 0.268555 0.640625 0.001953 0.003906
0 0.302734 0.638672 0.003906 0.007812
0 0.432617 0.761719 0.322266 0.253906
0 0.393555 0.636719 0.009766 0.011719
0 0.166016 0.638672 0.027344 0.019531
0 0.401367 0.627930 0.001953 0.001953
0 0.325195 0.627930 0.001953 0.001953
0 0.274414 0.627930 0.001953 0.001953
0 0.582031 0.626953 0.007812 0.003906
0 0.590820 0.625977 0.005859 0.005859
0 0.083008 0.622070 0.001953 0.001953
0 0.590820 0.619141 0.005859 0.003906
0 0.597656 0.617188 0.003906 0.007812
0 0.586914 0.614258 0.001953 0.001953
1 0.952148 0.612305 0.001953 0.001953
0 0.314453 0.613281 0.003906 0.003906
0 0.729492 0.608398 0.001953 0.001953
0 0.314453 0.608398 0.003906 0.001953
0 0.764648 0.641602 0.080078 0.072266
0 0.183594 0.610352 0.015625 0.009766
0 0.810547 0.605469 0.003906 0.003906
1 0.429688 0.612305 0.015625 0.017578
0 0.652344 0.637695 0.109375 0.076172
0 0.136719 0.600586 0.003906 0.001953
0 0.600586 0.596680 0.001953 0.001953
0 0.579102 0.596680 0.001953 0.001953
0 0.145508 0.613281 0.033203 0.035156
1 0.138672 0.596680 0.003906 0.001953
0 0.133789 0.596680 0.001953 0.001953
0 0.946289 0.594727 0.001953 0.001953
0 0.391602 0.594727 0.001953 0.001953
0 0.258789 0.594727 0.001953 0.001953
0 0.668945 0.592773 0.001953 0.001953
0 0.615234 0.594727 0.003906 0.005859
0 0.314453 0.592773 0.003906 0.001953
0 0.284180 0.592773 0.001953 0.001953
0 0.391602 0.590820 0.001953 0.001953
0 0.258789 0.590820 0.001953 0.001953
1 0.601562 0.588867 0.003906 0.001953
0 0.299805 0.610352 0.037109 0.044922
1 0.436523 0.586914 0.001953 0.001953
1 0.002930 0.586914 0.001953 0.001953
0 0.588867 0.584961 0.001953 0.001953
1 0.040039 0.584961 0.001953 0.001953
1 0.022461 0.583008 0.001953 0.001953
0 0.027344 0.607422 0.054688 0.054688
1 0.133789 0.579102 0.001953 0.001953
1 0.031250 0.579102 0.003906 0.001953
0 0.333008 0.575195 0.001953 0.001953
1 0.598633 0.580078 0.021484 0.015625
0 0.699219 0.595703 0.066406 0.050781
1 0.584961 0.572266 0.001953 0.003906
0 0.559570 0.571289 0.001953 0.001953
0 0.811523 0.569336 0.001953 0.001953
0 0.805664 0.569336 0.001953 0.001953
0 0.821289 0.567383 0.001953 0.001953
0 0.436523 0.569336 0.001953 0.005859
0 0.381836 0.581055 0.021484 0.029297
0 0.362305 0.568359 0.001953 0.003906
0 0.248047 0.580078 0.027344 0.027344
0 0.940430 0.565430 0.001953 0.001953
0 0.779297 0.574219 0.023438 0.019531
0 0.797852 0.564453 0.001953 0.003906
0 0.927734 0.562500 0.007812 0.003906
0 0.809570 0.563477 0.005859 0.005859
0 0.802734 0.562500 0.003906 0.003906
0 0.435547 0.561523 0.003906 0.001953
0 0.186523 0.563477 0.001953 0.005859
0 0.940430 0.559570 0.001953 0.001953
0 0.935547 0.560547 0.003906 0.003906
0 0.571289 0.577148 0.033203 0.037109
0 0.237305 0.553711 0.005859 0.005859
0 0.497070 0.549805 0.001953 0.001953
0 0.993164 0.541992 0.001953 0.001953
0 0.071289 0.541992 0.001953 0.001953
0 0.331055 0.541016 0.005859 0.003906
0 0.383789 0.536133 0.001953 0.001953
0 0.348633 0.536133 0.001953 0.001953
0 0.258789 0.534180 0.001953 0.001953
0 0.093750 0.556641 0.187500 0.046875
0 0.229492 0.538086 0.017578 0.013672
0 0.189453 0.534180 0.003906 0.005859
0 0.988281 0.533203 0.007812 0.007812
0 0.541016 0.540039 0.027344 0.021484
0 0.545898 0.528320 0.001953 0.001953
0 0.545898 0.524414 0.001953 0.001953
1 0.334961 0.524414 0.001953 0.001953
0 0.549805 0.520508 0.001953 0.001953
0 0.541992 0.520508 0.001953 0.001953
0 0.503906 0.532227 0.039062 0.029297
0 0.967773 0.514648 0.001953 0.001953
0 0.526367 0.514648 0.001953 0.001953
0 0.594727 0.520508 0.025391 0.017578
0 0.028320 0.512695 0.001953 0.001953
0 0.005859 0.511719 0.003906 0.003906
1 0.336914 0.508789 0.001953 0.001953
1 0.329102 0.515625 0.009766 0.015625
0 0.260742 0.531250 0.048828 0.046875
0 0.629883 0.503906 0.001953 0.003906
0 0.538086 0.502930 0.001953 0.001953
0 0.534180 0.504883 0.001953 0.005859
0 0.114258 0.503906 0.009766 0.007812
0 0.056641 0.500000 0.003906 0.003906
0 0.804688 0.528320 0.039062 0.064453
0 0.367188 0.499023 0.015625 0.009766
1 0.444336 0.501953 0.025391 0.023438
1 0.805664 0.488281 0.001953 0.003906
1 0.317383 0.487305 0.001953 0.001953
1 0.455078 0.487305 0.003906 0.005859
0 0.061523 0.485352 0.001953 0.001953
1 0.809570 0.484375 0.001953 0.003906
1 0.424805 0.483398 0.001953 0.001953
1 0.430664 0.484375 0.005859 0.007812
0 0.036133 0.485352 0.005859 0.009766
0 0.012695 0.471680 0.001953 0.001953
1 0.008789 0.471680 0.001953 0.001953
1 0.002930 0.470703 0.005859 0.003906
0 0.342773 0.465820 0.001953 0.001953
0 0.024414 0.459961 0.001953 0.001953
1 0.544922 0.459961 0.003906 0.005859
0 0.951172 0.547852 0.097656 0.189453
1 0.823242 0.452148 0.001953 0.001953
1 0.447266 0.449219 0.003906 0.003906
0 0.266602 0.448242 0.001953 0.001953
1 0.420898 0.446289 0.001953 0.001953
1 0.424805 0.444336 0.001953 0.001953
0 0.271484 0.448242 0.007812 0.009766
0 0.834961 0.442383 0.001953 0.001953
1 0.809570 0.442383 0.001953 0.001953
0 0.408203 0.444336 0.003906 0.005859
1 0.802734 0.442383 0.003906 0.005859
0 0.323242 0.471680 0.056641 0.064453
0 0.301758 0.440430 0.001953 0.001953
1 0.013672 0.455078 0.027344 0.035156
1 0.550781 0.436523 0.003906 0.001953
0 0.336914 0.436523 0.001953 0.001953
0 0.306641 0.436523 0.007812 0.001953
1 0.446289 0.434570 0.001953 0.001953
1 0.817383 0.432617 0.001953 0.001953
1 0.558594 0.435547 0.003906 0.007812
1 0.822266 0.431641 0.003906 0.003906
0 0.415039 0.436523 0.017578 0.013672
0 0.322266 0.431641 0.007812 0.003906
0 0.987305 0.426758 0.001953 0.001953
0 0.959961 0.426758 0.001953 0.001953
1 0.812500 0.430664 0.003906 0.009766
0 0.407227 0.426758 0.001953 0.001953
0 0.024414 0.426758 0.001953 0.001953
1 0.321289 0.424805 0.001953 0.001953
0 0.034180 0.428711 0.009766 0.009766
0 0.400391 0.422852 0.003906 0.001953
0 0.034180 0.422852 0.001953 0.001953
0 0.624023 0.419922 0.001953 0.003906
0 0.253906 0.421875 0.003906 0.007812
0 0.276367 0.416992 0.001953 0.001953
1 0.298828 0.416992 0.003906 0.005859
1 0.293945 0.415039 0.001953 0.001953
1 0.297852 0.411133 0.001953 0.001953
0 0.048828 0.413086 0.007812 0.005859
0 0.965820 0.415039 0.013672 0.017578
0 0.267578 0.408203 0.007812 0.003906
0 0.275391 0.409180 0.003906 0.009766
0 0.022461 0.405273 0.001953 0.001953
1 0.566406 0.410156 0.007812 0.019531
0 0.026367 0.401367 0.001953 0.001953
1 0.314453 0.403320 0.007812 0.009766
0 0.347656 0.416016 0.042969 0.042969
0 0.055664 0.394531 0.001953 0.003906
0 0.370117 0.391602 0.001953 0.001953
0 0.248047 0.398438 0.019531 0.019531
0 0.027344 0.412109 0.054688 0.046875
0 0.659180 0.393555 0.017578 0.017578
0 0.137695 0.385742 0.001953 0.001953
0 0.651367 0.384766 0.001953 0.003906
0 0.368164 0.382812 0.005859 0.007812
0 0.998047 0.378906 0.003906 0.003906
0 0.052734 0.375977 0.011719 0.005859
0 0.992188 0.368164 0.003906 0.001953
0 0.996094 0.369141 0.007812 0.011719
0 0.494141 0.367188 0.003906 0.015625
0 0.484375 0.361328 0.003906 0.003906
0 0.013672 0.375977 0.027344 0.033203
0 0.489258 0.354492 0.001953 0.001953
0 0.018555 0.354492 0.001953 0.001953
0 0.395508 0.353516 0.001953 0.003906
0 0.022461 0.353516 0.001953 0.003906
0 0.403320 0.351562 0.001953 0.003906
0 0.399414 0.350586 0.001953 0.001953
0 0.879883 0.346680 0.001953 0.001953
0 0.079102 0.349609 0.005859 0.007812
0 0.872070 0.342773 0.001953 0.001953
0 0.491211 0.346680 0.005859 0.009766
0 0.047852 0.340820 0.001953 0.001953
0 0.579102 0.331055 0.001953 0.001953
1 0.260742 0.331055 0.001953 0.001953
0 0.999023 0.332031 0.001953 0.007812
1 0.390625 0.331055 0.003906 0.005859
0 0.047852 0.329102 0.001953 0.001953
0 0.349609 0.326172 0.003906 0.003906
0 0.170898 0.325195 0.001953 0.001953
1 0.214844 0.326172 0.011719 0.011719
0 0.923828 0.322266 0.003906 0.007812
0 0.349609 0.320312 0.007812 0.003906
0 0.512695 0.317383 0.001953 0.001953
0 0.116211 0.318359 0.001953 0.003906
0 0.561523 0.315430 0.001953 0.001953
0 0.070312 0.325195 0.015625 0.021484
0 0.342773 0.311523 0.001953 0.001953
0 0.254883 0.311523 0.001953 0.001953
0 0.243164 0.324219 0.021484 0.027344
1 0.386719 0.332031 0.050781 0.046875
0 0.259766 0.309570 0.003906 0.001953
1 0.377930 0.307617 0.001953 0.001953
1 0.366211 0.307617 0.001953 0.001953
0 0.125977 0.309570 0.005859 0.005859
0 0.000977 0.307617 0.001953 0.001953
1 0.026367 0.325195 0.037109 0.041016
0 0.135742 0.306641 0.009766 0.007812
0 0.071289 0.301758 0.001953 0.001953
0 0.395508 0.299805 0.001953 0.001953
0 0.313477 0.300781 0.001953 0.003906
0 0.386719 0.297852 0.003906 0.001953
0 0.182617 0.302734 0.009766 0.011719
0 0.000977 0.298828 0.001953 0.003906
0 0.700195 0.294922 0.005859 0.003906
1 0.382812 0.292969 0.003906 0.003906
0 0.113281 0.291016 0.007812 0.003906
0 0.725586 0.288086 0.001953 0.001953
0 0.715820 0.288086 0.001953 0.001953
1 0.368164 0.291992 0.005859 0.009766
0 0.101562 0.290039 0.003906 0.005859
1 0.329102 0.288086 0.001953 0.005859
0 0.902344 0.285156 0.003906 0.003906
0 0.725586 0.284180 0.001953 0.001953
0 0.715820 0.284180 0.001953 0.001953
0 0.692383 0.284180 0.001953 0.001953
0 0.551758 0.286133 0.005859 0.009766
0 0.100586 0.282227 0.001953 0.001953
0 0.719727 0.280273 0.001953 0.001953
0 0.713867 0.280273 0.001953 0.001953
0 0.432617 0.288086 0.013672 0.017578
1 0.346680 0.291992 0.033203 0.029297
1 0.315430 0.286133 0.021484 0.021484
0 0.950195 0.276367 0.005859 0.005859
0 0.713867 0.275391 0.001953 0.003906
0 0.700195 0.281250 0.009766 0.015625
1 0.331055 0.274414 0.001953 0.001953
1 0.311523 0.274414 0.001953 0.001953
0 0.721680 0.273438 0.005859 0.007812
1 0.335938 0.272461 0.003906 0.005859
1 0.324219 0.270508 0.003906 0.001953
1 0.319336 0.270508 0.001953 0.001953
0 0.307617 0.270508 0.005859 0.001953
0 0.562500 0.268555 0.003906 0.001953
0 0.120117 0.268555 0.001953 0.001953
0 0.000977 0.268555 0.001953 0.001953
0 0.721680 0.265625 0.005859 0.007812
0 0.308594 0.264648 0.003906 0.005859
0 0.554688 0.262695 0.007812 0.005859
0 0.465820 0.261719 0.001953 0.003906
0 0.549805 0.252930 0.001953 0.001953
0 0.118164 0.252930 0.001953 0.001953
0 0.432617 0.252930 0.001953 0.005859
0 0.444336 0.249023 0.001953 0.001953
0 0.900391 0.247070 0.003906 0.005859
0 0.006836 0.252930 0.013672 0.021484
1 0.016602 0.241211 0.001953 0.001953
0 0.905273 0.239258 0.001953 0.001953
0 0.931641 0.233398 0.003906 0.001953
0 0.277344 0.313477 0.085938 0.162109
0 0.565430 0.238281 0.029297 0.019531
0 0.696289 0.227539 0.001953 0.001953
1 0.576172 0.226562 0.003906 0.007812
1 0.563477 0.223633 0.001953 0.001953
0 0.477539 0.229492 0.013672 0.017578
0 0.366211 0.221680 0.001953 0.001953
0 0.303711 0.225586 0.005859 0.009766
0 0.463867 0.224609 0.009766 0.011719
1 0.030273 0.225586 0.009766 0.013672
1 0.575195 0.219727 0.013672 0.009766
1 0.551758 0.215820 0.001953 0.001953
0 0.467773 0.213867 0.001953 0.001953
0 0.505859 0.225586 0.035156 0.033203
0 0.530273 0.208008 0.001953 0.001953
0 0.524414 0.208984 0.001953 0.003906
0 0.504883 0.208008 0.001953 0.001953
0 0.479492 0.208008 0.001953 0.001953
0 0.818359 0.207031 0.003906 0.003906
0 0.475586 0.203125 0.001953 0.003906
0 0.525391 0.201172 0.003906 0.003906
1 0.487305 0.202148 0.005859 0.005859
0 0.971680 0.202148 0.013672 0.009766
0 0.477539 0.198242 0.005859 0.001953
0 0.916992 0.196289 0.001953 0.001953
0 0.507812 0.200195 0.007812 0.009766
0 0.467773 0.192383 0.001953 0.001953
0 0.961914 0.190430 0.001953 0.001953
1 0.568359 0.194336 0.003906 0.009766
0 0.473633 0.192383 0.001953 0.005859
0 0.953125 0.183594 0.003906 0.003906
1 0.778320 0.178711 0.001953 0.001953
1 0.569336 0.178711 0.001953 0.001953
1 0.543945 0.193359 0.025391 0.042969
1 0.566406 0.171875 0.003906 0.003906
1 0.891602 0.166016 0.001953 0.003906
1 0.560547 0.166016 0.007812 0.007812
1 0.557617 0.159180 0.001953 0.001953
0 0.942383 0.157227 0.001953 0.001953
1 0.560547 0.148438 0.003906 0.007812
1 0.841797 0.144531 0.003906 0.003906
0 0.911133 0.143555 0.005859 0.005859
1 0.788086 0.141602 0.001953 0.001953
1 0.559570 0.141602 0.001953 0.001953
1 0.545898 0.155273 0.017578 0.029297
0 0.939453 0.140625 0.003906 0.003906
1 0.784180 0.140625 0.001953 0.003906
0 0.776367 0.141602 0.005859 0.009766
0 0.929688 0.159180 0.039062 0.048828
1 0.788086 0.136719 0.001953 0.003906
0 0.934570 0.133789 0.001953 0.001953
0 0.917969 0.135742 0.011719 0.005859
0 0.559570 0.131836 0.001953 0.001953
1 0.541016 0.131836 0.003906 0.005859
0 0.935547 0.127930 0.003906 0.005859
0 0.932617 0.124023 0.001953 0.001953
0 0.612305 0.125000 0.013672 0.003906
0 0.746094 0.122070 0.003906 0.001953
0 0.822266 0.127930 0.023438 0.017578
0 0.737305 0.120117 0.001953 0.001953
0 0.524414 0.122070 0.005859 0.005859
0 0.831055 0.118164 0.001953 0.001953
0 0.566406 0.120117 0.003906 0.005859
0 0.602539 0.112305 0.001953 0.001953
0 0.803711 0.108398 0.001953 0.001953
0 0.749023 0.108398 0.001953 0.001953
0 0.753906 0.126953 0.039062 0.039062
0 0.606445 0.108398 0.001953 0.001953
0 0.602539 0.108398 0.001953 0.001953
0 0.554688 0.114258 0.015625 0.013672
0 0.741211 0.104492 0.001953 0.001953
0 0.778320 0.100586 0.001953 0.001953
0 0.829102 0.098633 0.001953 0.001953
0 0.008789 0.098633 0.001953 0.001953
0 0.779297 0.095703 0.003906 0.003906
0 0.774414 0.092773 0.001953 0.001953
0 0.766602 0.094727 0.001953 0.005859
0 0.766602 0.088867 0.001953 0.001953
0 0.000977 0.088867 0.001953 0.001953
0 0.776367 0.086914 0.001953 0.001953
0 0.768555 0.084961 0.001953 0.001953
1 0.723633 0.084961 0.001953 0.001953
1 0.732422 0.083984 0.003906 0.003906
0 0.002930 0.083008 0.001953 0.001953
0 0.604492 0.081055 0.001953 0.001953
0 0.988281 0.078125 0.003906 0.003906
1 0.989258 0.069336 0.001953 0.001953
1 0.550781 0.073242 0.003906 0.009766
1 0.980469 0.069336 0.011719 0.005859
0 0.799805 0.093750 0.068359 0.074219
0 0.749023 0.053711 0.001953 0.001953
0 0.862305 0.051758 0.001953 0.001953
0 0.811523 0.049805 0.001953 0.001953
0 0.688477 0.049805 0.001953 0.001953
1 0.612305 0.049805 0.001953 0.001953
1 0.579102 0.050781 0.009766 0.007812
1 0.518555 0.045898 0.001953 0.001953
0 0.749023 0.043945 0.001953 0.001953
0 0.609375 0.041992 0.007812 0.009766
0 0.782227 0.036133 0.001953 0.001953
0 0.887695 0.029297 0.005859 0.003906
0 0.680664 0.028320 0.001953 0.001953
1 0.708008 0.025391 0.005859 0.003906
0 0.881836 0.022461 0.001953 0.001953
0 0.780273 0.024414 0.005859 0.005859
1 0.670898 0.022461 0.001953 0.001953
1 0.708008 0.020508 0.001953 0.001953
0 0.778320 0.018555 0.001953 0.001953
0 0.790039 0.016602 0.001953 0.001953
0 0.793945 0.015625 0.001953 0.003906
1 0.695312 0.007812 0.003906 0.003906
0 0.655273 0.028320 0.080078 0.048828
0 0.872070 0.002930 0.001953 0.001953
0 0.923828 0.066406 0.152344 0.132812
0 0.895508 0.011719 0.052734 0.023438
0 0.500000 0.278320 1.000000 0.556641
2 0.185547 0.997070 0.003906 0.001953
2 0.177734 0.997070 0.003906 0.001953
2 0.166992 0.991211 0.001953 0.001953
2 0.360352 0.989258 0.001953 0.001953
2 0.364258 0.989258 0.013672 0.009766
2 0.366211 0.981445 0.001953 0.001953
2 0.370117 0.974609 0.001953 0.003906
2 0.008789 0.950195 0.001953 0.001953
2 0.938477 0.817383 0.001953 0.001953
2 0.959961 0.813477 0.001953 0.001953
2 0.955078 0.813477 0.003906 0.001953
2 0.947266 0.808594 0.003906 0.003906
2 0.955078 0.795898 0.015625 0.021484
3 0.955078 0.781250 0.003906 0.003906
3 0.954102 0.629883 0.001953 0.001953
2 0.975586 0.625977 0.001953 0.001953
3 0.969727 0.625977 0.001953 0.001953
2 0.979492 0.612305 0.001953 0.001953
3 0.965820 0.612305 0.001953 0.001953
3 0.960938 0.605469 0.003906 0.003906
2 0.955078 0.568359 0.007812 0.007812
2 0.174805 0.557617 0.001953 0.001953
2 0.116211 0.547852 0.001953 0.001953
2 0.914062 0.519531 0.003906 0.003906
2 0.979492 0.530273 0.041016 0.044922
2 0.975586 0.506836 0.001953 0.001953
2 0.971680 0.506836 0.001953 0.001953
2 0.979492 0.502930 0.001953 0.001953
2 0.645508 0.490234 0.001953 0.003906
2 0.983398 0.459961 0.001953 0.001953
3 0.016602 0.455078 0.001953 0.003906
3 0.002930 0.445312 0.001953 0.003906
2 0.608398 0.422852 0.001953 0.001953
2 0.610352 0.418945 0.001953 0.001953
2 0.829102 0.411133 0.001953 0.001953
2 0.010742 0.407227 0.001953 0.005859
2 0.829102 0.392578 0.005859 0.003906
2 0.827148 0.387695 0.001953 0.001953
2 0.825195 0.383789 0.001953 0.001953
2 0.008789 0.383789 0.001953 0.001953
3 0.001953 0.381836 0.003906 0.005859
2 0.833008 0.372070 0.001953 0.001953
2 0.836914 0.371094 0.001953 0.003906
2 0.841797 0.369141 0.003906 0.003906
2 0.001953 0.367188 0.003906 0.003906
2 0.013672 0.362305 0.003906 0.001953
2 0.633789 0.356445 0.001953 0.001953
2 0.532227 0.346680 0.001953 0.001953
2 0.567383 0.343750 0.001953 0.003906
2 0.541992 0.327148 0.001953 0.001953
3 0.740234 0.317383 0.007812 0.005859
2 0.642578 0.303711 0.003906 0.005859
2 0.661133 0.299805 0.001953 0.001953
3 0.040039 0.280273 0.001953 0.001953
3 0.073242 0.278320 0.001953 0.001953
2 0.026367 0.260742 0.001953 0.001953
2 0.026367 0.249023 0.005859 0.005859
2 0.000977 0.245117 0.001953 0.001953
2 0.868164 0.237305 0.001953 0.001953
2 0.815430 0.231445 0.001953 0.001953
2 0.972656 0.233398 0.007812 0.009766
2 0.977539 0.227539 0.001953 0.001953
2 0.815430 0.227539 0.001953 0.001953
2 0.999023 0.225586 0.001953 0.001953
2 0.418945 0.225586 0.001953 0.001953
2 0.194336 0.227539 0.001953 0.005859
2 0.272461 0.223633 0.001953 0.001953
2 0.266602 0.223633 0.001953 0.001953
2 0.860352 0.221680 0.001953 0.001953
2 0.403320 0.221680 0.001953 0.001953
2 0.854492 0.219727 0.001953 0.001953
2 0.147461 0.222656 0.017578 0.007812
2 0.194336 0.217773 0.001953 0.001953
2 0.185547 0.217773 0.003906 0.001953
2 0.918945 0.213867 0.001953 0.001953
2 0.323242 0.211914 0.005859 0.001953
2 0.182617 0.211914 0.001953 0.001953
2 0.379883 0.209961 0.001953 0.001953
2 0.166016 0.215820 0.031250 0.021484
2 0.182617 0.205078 0.001953 0.003906
3 0.276367 0.203125 0.005859 0.003906
2 0.325195 0.203125 0.017578 0.011719
2 0.379883 0.197266 0.001953 0.003906
2 0.375000 0.196289 0.003906 0.001953
3 0.797852 0.192383 0.001953 0.001953
3 0.257812 0.193359 0.007812 0.003906
2 0.801758 0.188477 0.001953 0.001953
2 0.041992 0.188477 0.001953 0.001953
2 0.493164 0.186523 0.001953 0.001953
2 0.074219 0.187500 0.003906 0.003906
2 0.020508 0.184570 0.001953 0.001953
2 0.401367 0.183594 0.001953 0.003906
2 0.037109 0.185547 0.011719 0.007812
2 0.805664 0.181641 0.001953 0.003906
3 0.299805 0.186523 0.013672 0.013672
2 0.041992 0.180664 0.001953 0.001953
2 0.027344 0.184570 0.007812 0.009766
2 0.515625 0.179688 0.003906 0.003906
2 0.303711 0.178711 0.001953 0.001953
2 0.194336 0.180664 0.013672 0.005859
2 0.060547 0.189453 0.019531 0.027344
2 0.048828 0.177734 0.003906 0.003906
2 0.086914 0.174805 0.001953 0.001953
2 0.077148 0.176758 0.009766 0.005859
3 0.069336 0.174805 0.001953 0.001953
2 0.299805 0.174805 0.001953 0.005859
2 0.020508 0.175781 0.005859 0.007812
2 0.081055 0.170898 0.001953 0.001953
2 0.108398 0.168945 0.001953 0.001953
3 0.789062 0.167969 0.003906 0.003906
2 0.088867 0.165039 0.001953 0.001953
2 0.081055 0.162109 0.001953 0.003906
3 0.786133 0.157227 0.001953 0.001953
2 0.076172 0.155273 0.003906 0.001953
3 0.799805 0.153320 0.009766 0.005859
2 0.833008 0.149414 0.001953 0.001953
2 0.393555 0.173828 0.048828 0.050781
2 0.057617 0.149414 0.001953 0.001953
2 0.465820 0.147461 0.001953 0.001953
2 0.819336 0.145508 0.001953 0.001953
3 0.416016 0.148438 0.003906 0.007812
3 0.413086 0.145508 0.001953 0.001953
2 0.465820 0.143555 0.001953 0.001953
2 0.061523 0.141602 0.001953 0.001953
2 0.064453 0.135742 0.019531 0.005859
2 0.331055 0.131836 0.001953 0.001953
2 0.695312 0.134766 0.011719 0.011719
2 0.469727 0.133789 0.009766 0.013672
2 0.731445 0.126953 0.001953 0.003906
2 0.475586 0.124023 0.001953 0.001953
2 0.338867 0.132812 0.009766 0.019531
2 0.071289 0.122070 0.001953 0.001953
2 0.058594 0.118164 0.003906 0.001953
2 0.113281 0.119141 0.003906 0.007812
2 0.068359 0.118164 0.011719 0.005859
2 0.652344 0.117188 0.007812 0.007812
2 0.467773 0.116211 0.009766 0.013672
2 0.459961 0.108398 0.001953 0.001953
2 0.045898 0.108398 0.001953 0.001953
2 0.965820 0.105469 0.005859 0.003906
2 0.453125 0.105469 0.003906 0.003906
2 0.965820 0.100586 0.001953 0.001953
2 0.944336 0.096680 0.001953 0.001953
2 0.459961 0.094727 0.001953 0.001953
2 0.946289 0.092773 0.001953 0.001953
3 0.646484 0.095703 0.007812 0.007812
3 0.210938 0.093750 0.003906 0.003906
3 0.194336 0.092773 0.001953 0.001953
3 0.294922 0.086914 0.003906 0.001953
3 0.631836 0.083008 0.001953 0.001953
3 0.289062 0.083008 0.003906 0.005859
2 0.024414 0.096680 0.048828 0.033203
2 0.468750 0.089844 0.011719 0.023438
3 0.657227 0.077148 0.001953 0.001953
2 0.290039 0.077148 0.001953 0.001953
3 0.194336 0.078125 0.001953 0.003906
3 0.701172 0.074219 0.003906 0.003906
3 0.695312 0.074219 0.003906 0.003906
3 0.635742 0.075195 0.009766 0.005859
3 0.205078 0.080078 0.023438 0.023438
2 0.288086 0.067383 0.005859 0.009766
2 0.745117 0.061523 0.001953 0.001953
2 0.985352 0.058594 0.001953 0.003906
3 0.409180 0.064453 0.044922 0.042969
3 0.151367 0.024414 0.001953 0.001953
2 0.500000 0.509766 1.000000 0.980469
3 0.151367 0.019531 0.001953 0.003906
2 0.276367 0.014648 0.001953 0.001953
3 0.151367 0.014648 0.001953 0.001953
3 0.907227 0.010742 0.001953 0.001953
3 0.261719 0.005859 0.003906 0.003906
3 0.147461 0.004883 0.001953 0.001953
3 0.125977 0.019531 0.044922 0.031250
3 0.153320 0.003906 0.005859 0.003906
2 0.791992 0.112305 0.416016 0.224609
3 0.271484 0.008789 0.003906 0.017578