0 0.215820 0.999023 0.001953 0.001953
1 0.704102 0.997070 0.021484 0.005859
0 0.984375 0.996094 0.031250 0.007812
0 0.195312 0.996094 0.035156 0.007812
0 0.588867 0.991211 0.001953 0.001953
0 0.825195 0.989258 0.001953 0.001953
1 0.491211 0.986328 0.001953 0.003906
0 0.232422 0.980469 0.003906 0.003906
0 0.207031 0.981445 0.015625 0.017578
0 0.196289 0.974609 0.005859 0.003906
0 0.943359 0.984375 0.019531 0.031250
0 0.546875 0.969727 0.007812 0.001953
0 0.228516 0.973633 0.015625 0.009766
1 0.423828 0.965820 0.003906 0.001953
0 0.284180 0.963867 0.001953 0.001953
0 0.863281 0.980469 0.062500 0.039062
0 0.002930 0.968750 0.005859 0.019531
1 0.720703 0.957031 0.003906 0.003906
0 0.524414 0.958984 0.005859 0.007812
1 0.500977 0.956055 0.001953 0.001953
1 0.505859 0.971680 0.035156 0.033203
0 0.336914 0.957031 0.001953 0.003906
0 0.333008 0.977539 0.095703 0.044922
0 0.311523 0.950195 0.005859 0.005859
1 0.222656 0.955078 0.031250 0.015625
1 0.986328 0.947266 0.007812 0.003906
0 0.285156 0.945312 0.003906 0.003906
0 0.512695 0.942383 0.001953 0.001953
0 0.602539 0.934570 0.001953 0.001953
0 0.378906 0.933594 0.003906 0.003906
1 0.784180 0.930664 0.001953 0.001953
0 0.154297 0.930664 0.003906 0.001953
0 0.390625 0.930664 0.011719 0.009766
0 0.905273 0.924805 0.001953 0.001953
1 0.161133 0.922852 0.013672 0.005859
0 0.360352 0.925781 0.041016 0.023438
0 0.309570 0.920898 0.017578 0.017578
0 0.985352 0.916992 0.005859 0.013672
0 0.575195 0.909180 0.001953 0.001953
0 0.106445 0.909180 0.001953 0.001953
0 0.387695 0.907227 0.001953 0.001953
0 0.285156 0.925781 0.027344 0.039062
0 0.571289 0.903320 0.001953 0.001953
0 0.541992 0.895508 0.009766 0.005859
0 0.383789 0.893555 0.001953 0.001953
0 0.361328 0.888672 0.003906 0.003906
1 0.966797 0.887695 0.007812 0.005859
0 0.497070 0.885742 0.001953 0.001953
0 0.362305 0.883789 0.001953 0.001953
0 0.504883 0.881836 0.009766 0.005859
0 0.912109 0.903320 0.035156 0.056641
0 0.268555 0.874023 0.001953 0.001953
0 0.247070 0.874023 0.001953 0.001953
0 0.133789 0.875000 0.005859 0.003906
0 0.354492 0.872070 0.001953 0.001953
0 0.143555 0.872070 0.001953 0.001953
0 0.893555 0.870117 0.001953 0.001953
0 0.768555 0.870117 0.001953 0.001953
1 0.698242 0.870117 0.001953 0.001953
0 0.522461 0.872070 0.005859 0.005859
1 0.916992 0.868164 0.001953 0.001953
1 0.778320 0.868164 0.001953 0.001953
0 0.499023 0.868164 0.005859 0.001953
1 0.784180 0.864258 0.001953 0.001953
1 0.559570 0.886719 0.064453 0.046875
0 0.502930 0.864258 0.005859 0.001953
0 0.340820 0.878906 0.033203 0.031250
1 0.686523 0.854492 0.001953 0.001953
0 0.135742 0.854492 0.001953 0.001953
0 0.280273 0.852539 0.001953 0.001953
0 0.139648 0.850586 0.001953 0.001953
1 0.685547 0.847656 0.003906 0.003906
0 0.513672 0.856445 0.023438 0.021484
1 0.655273 0.854492 0.041016 0.021484
0 0.416992 0.844727 0.001953 0.001953
0 0.123047 0.877930 0.035156 0.072266
0 0.405273 0.867188 0.083984 0.054688
1 0.778320 0.833008 0.005859 0.005859
0 0.713867 0.855469 0.052734 0.050781
0 0.149414 0.821289 0.005859 0.005859
1 0.796875 0.815430 0.003906 0.001953
0 0.211914 0.816406 0.009766 0.007812
0 0.416992 0.817383 0.017578 0.033203
0 0.745117 0.799805 0.001953 0.001953
0 0.500977 0.799805 0.001953 0.001953
1 0.629883 0.806641 0.017578 0.019531
1 0.641602 0.794922 0.001953 0.003906
0 0.303711 0.846680 0.052734 0.111328
0 0.516602 0.782227 0.001953 0.001953
0 0.334961 0.781250 0.001953 0.003906
0 0.050781 0.784180 0.011719 0.009766
0 0.430664 0.776367 0.001953 0.001953
1 0.638672 0.776367 0.003906 0.005859
0 0.575195 0.774414 0.001953 0.001953
0 0.929688 0.777344 0.007812 0.011719
1 0.656250 0.771484 0.003906 0.003906
1 0.647461 0.772461 0.009766 0.009766
0 0.754883 0.789062 0.044922 0.046875
0 0.651367 0.766602 0.001953 0.001953
0 0.498047 0.766602 0.007812 0.001953
0 0.157227 0.780273 0.021484 0.029297
1 0.829102 0.765625 0.005859 0.003906
0 0.918945 0.767578 0.009766 0.011719
1 0.576172 0.762695 0.003906 0.001953
0 0.262695 0.762695 0.001953 0.001953
0 0.270508 0.754883 0.001953 0.001953
0 0.634766 0.752930 0.007812 0.005859
0 0.268555 0.750977 0.001953 0.001953
1 0.743164 0.749023 0.001953 0.001953
0 0.643555 0.752930 0.005859 0.009766
1 0.620117 0.749023 0.001953 0.001953
0 0.268555 0.747070 0.001953 0.001953
0 0.926758 0.745117 0.001953 0.001953
1 0.476562 0.743164 0.003906 0.001953
0 0.285156 0.770508 0.042969 0.056641
1 0.810547 0.743164 0.003906 0.005859
1 0.411133 0.754883 0.041016 0.037109
1 0.395508 0.739258 0.009766 0.005859
0 0.942383 0.736328 0.001953 0.003906
0 0.675781 0.725586 0.007812 0.001953
1 0.689453 0.724609 0.003906 0.003906
1 0.483398 0.717773 0.001953 0.001953
1 0.681641 0.718750 0.007812 0.007812
1 0.607422 0.750977 0.062500 0.076172
0 0.824219 0.709961 0.003906 0.001953
1 0.454102 0.700195 0.001953 0.001953
0 0.811523 0.692383 0.001953 0.001953
0 0.434570 0.692383 0.001953 0.001953
0 0.093750 0.691406 0.007812 0.003906
0 0.942383 0.691406 0.009766 0.011719
0 0.444336 0.686523 0.001953 0.001953
1 0.950195 0.683594 0.005859 0.003906
0 0.938477 0.682617 0.001953 0.001953
0 0.035156 0.686523 0.007812 0.009766
1 0.059570 0.674805 0.001953 0.001953
0 0.500977 0.672852 0.001953 0.001953
0 0.057617 0.670898 0.001953 0.001953
0 0.823242 0.685547 0.033203 0.035156
0 0.510742 0.667969 0.001953 0.003906
0 0.510742 0.663086 0.001953 0.001953
0 0.040039 0.665039 0.009766 0.009766
0 0.828125 0.655273 0.003906 0.001953
0 0.496094 0.660156 0.019531 0.019531
0 0.901367 0.641602 0.001953 0.001953
0 0.639648 0.642578 0.001953 0.003906
0 0.041992 0.638672 0.005859 0.003906
0 0.644531 0.638672 0.003906 0.007812
0 0.617188 0.636719 0.003906 0.003906
0 0.997070 0.635742 0.005859 0.009766
0 0.869141 0.639648 0.015625 0.017578
0 0.643555 0.631836 0.001953 0.001953
0 0.424805 0.631836 0.001953 0.001953
0 0.643555 0.625977 0.001953 0.001953
0 0.133789 0.625977 0.001953 0.001953
0 0.048828 0.625977 0.003906 0.005859
0 0.444336 0.623047 0.005859 0.003906
0 0.561523 0.621094 0.001953 0.003906
0 0.040039 0.620117 0.001953 0.001953
0 0.674805 0.614258 0.001953 0.001953
0 0.637695 0.614258 0.001953 0.001953
0 0.654297 0.623047 0.027344 0.023438
0 0.645508 0.611328 0.001953 0.003906
0 0.423828 0.611328 0.003906 0.003906
0 0.058594 0.610352 0.003906 0.001953
0 0.041016 0.610352 0.003906 0.001953
0 0.771484 0.611328 0.003906 0.007812
0 0.669922 0.610352 0.003906 0.005859
0 0.441406 0.613281 0.011719 0.011719
0 0.649414 0.604492 0.001953 0.001953
0 0.315430 0.600586 0.001953 0.001953
0 0.782227 0.592773 0.001953 0.001953
0 0.558594 0.603516 0.039062 0.027344
0 0.390625 0.606445 0.062500 0.037109
0 0.139648 0.588867 0.001953 0.001953
0 0.560547 0.586914 0.003906 0.001953
0 0.021484 0.586914 0.003906 0.001953
0 0.090820 0.591797 0.013672 0.015625
0 0.143555 0.583008 0.001953 0.001953
0 0.038086 0.580078 0.005859 0.003906
0 0.633789 0.595703 0.037109 0.039062
0 0.860352 0.572266 0.001953 0.003906
0 0.791992 0.569336 0.001953 0.001953
0 0.636719 0.570312 0.007812 0.003906
0 0.788086 0.567383 0.001953 0.001953
0 0.272461 0.566406 0.005859 0.007812
0 0.294922 0.583984 0.035156 0.046875
0 0.036133 0.561523 0.001953 0.001953
0 0.809570 0.557617 0.001953 0.001953
0 0.815430 0.556641 0.001953 0.003906
0 0.766602 0.559570 0.009766 0.009766
0 0.811523 0.553711 0.001953 0.001953
0 0.698242 0.554688 0.001953 0.003906
0 0.049805 0.551758 0.001953 0.001953
0 0.761719 0.550781 0.003906 0.003906
0 0.724609 0.567383 0.042969 0.037109
0 0.670898 0.549805 0.001953 0.001953
0 0.040039 0.550781 0.005859 0.007812
0 0.742188 0.543945 0.003906 0.001953
1 0.013672 0.544922 0.007812 0.011719
0 0.885742 0.539062 0.013672 0.019531
0 0.685547 0.545898 0.023438 0.033203
1 0.760742 0.528320 0.001953 0.001953
0 0.743164 0.526367 0.001953 0.001953
0 0.726562 0.530273 0.031250 0.017578
0 0.431641 0.524414 0.007812 0.005859
0 0.750977 0.520508 0.001953 0.001953
0 0.737305 0.520508 0.001953 0.001953
0 0.202148 0.520508 0.001953 0.001953
0 0.725586 0.517578 0.001953 0.003906
0 0.125977 0.516602 0.001953 0.001953
0 0.166992 0.514648 0.001953 0.001953
0 0.817383 0.526367 0.025391 0.033203
0 0.633789 0.510742 0.001953 0.001953
0 0.174805 0.531250 0.056641 0.042969
0 0.735352 0.509766 0.005859 0.003906
1 0.784180 0.504883 0.001953 0.001953
0 0.725586 0.504883 0.005859 0.005859
0 0.665039 0.500977 0.001953 0.001953
0 0.784180 0.488281 0.005859 0.003906
1 0.866211 0.482422 0.009766 0.015625
1 0.846680 0.488281 0.029297 0.039062
0 0.149414 0.463867 0.001953 0.001953
0 0.706055 0.461914 0.001953 0.001953
0 0.714844 0.471680 0.019531 0.029297
0 0.137695 0.476562 0.033203 0.042969
1 0.922852 0.455078 0.001953 0.003906
1 0.918945 0.454102 0.001953 0.001953
1 0.915039 0.448242 0.001953 0.001953
0 0.073242 0.512695 0.146484 0.130859
1 0.770508 0.500977 0.052734 0.111328
1 0.752930 0.444336 0.001953 0.001953
1 0.817383 0.438477 0.001953 0.001953
0 0.094727 0.435547 0.005859 0.007812
1 0.814453 0.431641 0.003906 0.003906
1 0.819336 0.429688 0.005859 0.003906
1 0.770508 0.407227 0.001953 0.001953
0 0.726562 0.409180 0.003906 0.005859
0 0.734375 0.403320 0.007812 0.009766
1 0.847656 0.397461 0.003906 0.009766
1 0.815430 0.393555 0.001953 0.001953
1 0.786133 0.398438 0.056641 0.027344
1 0.773438 0.383789 0.003906 0.001953
0 0.762695 0.383789 0.001953 0.001953
0 0.058594 0.374023 0.003906 0.001953
0 0.053711 0.372070 0.001953 0.001953
0 0.732422 0.373047 0.007812 0.011719
0 0.100586 0.366211 0.013672 0.009766
0 0.846680 0.358398 0.001953 0.001953
1 0.837891 0.375977 0.035156 0.037109
0 0.864258 0.354492 0.001953 0.001953
0 0.467773 0.355469 0.001953 0.003906
0 0.231445 0.352539 0.001953 0.005859
0 0.748047 0.353516 0.023438 0.023438
0 0.260742 0.342773 0.005859 0.001953
0 0.723633 0.345703 0.017578 0.011719
0 0.180664 0.338867 0.001953 0.001953
0 0.268555 0.336914 0.001953 0.001953
0 0.844727 0.334961 0.001953 0.001953
0 0.624023 0.334961 0.005859 0.001953
0 0.795898 0.333984 0.001953 0.003906
0 0.677734 0.419922 0.078125 0.175781
0 0.616211 0.333008 0.001953 0.001953
0 0.622070 0.331055 0.001953 0.001953
0 0.257812 0.333984 0.011719 0.007812
0 0.793945 0.329102 0.001953 0.001953
0 0.507812 0.327148 0.003906 0.001953
0 0.797852 0.323242 0.001953 0.001953
1 0.824219 0.315430 0.003906 0.005859
0 0.627930 0.313477 0.001953 0.001953
0 0.271484 0.314453 0.003906 0.003906
0 0.264648 0.314453 0.005859 0.003906
0 0.504883 0.311523 0.001953 0.001953
0 0.262695 0.307617 0.001953 0.001953
0 0.258789 0.307617 0.001953 0.001953
0 0.430664 0.308594 0.001953 0.007812
0 0.411133 0.305664 0.001953 0.001953
0 0.625977 0.306641 0.005859 0.007812
0 0.778320 0.322266 0.041016 0.042969
0 0.522461 0.308594 0.013672 0.015625
0 0.018555 0.301758 0.001953 0.001953
0 0.790039 0.295898 0.001953 0.001953
0 0.783203 0.297852 0.007812 0.005859
1 0.844727 0.293945 0.001953 0.001953
0 0.266602 0.293945 0.001953 0.001953
0 0.692383 0.297852 0.013672 0.013672
0 0.707031 0.285156 0.007812 0.003906
0 0.707031 0.278320 0.007812 0.005859
0 0.704102 0.272461 0.001953 0.001953
0 0.409180 0.288086 0.041016 0.033203
0 0.815430 0.269531 0.001953 0.003906
0 0.756836 0.268555 0.001953 0.001953
0 0.393555 0.270508 0.005859 0.005859
0 0.792969 0.279297 0.023438 0.027344
0 0.397461 0.262695 0.001953 0.001953
0 0.846680 0.260742 0.001953 0.001953
0 0.755859 0.257812 0.003906 0.003906
0 0.740234 0.274414 0.027344 0.037109
0 0.512695 0.267578 0.025391 0.027344
0 0.034180 0.252930 0.001953 0.001953
0 0.065430 0.243164 0.001953 0.001953
0 0.750000 0.247070 0.015625 0.013672
0 0.667969 0.260742 0.089844 0.083984
0 0.874023 0.211914 0.001953 0.001953
0 0.689453 0.203125 0.011719 0.015625
0 0.868164 0.193359 0.001953 0.003906
0 0.807617 0.220703 0.041016 0.070312
0 0.731445 0.186523 0.005859 0.005859
1 0.747070 0.181641 0.005859 0.003906
0 0.913086 0.172852 0.001953 0.001953
0 0.027344 0.195312 0.050781 0.050781
0 0.707031 0.167969 0.007812 0.003906
0 0.900391 0.164062 0.003906 0.003906
0 0.000977 0.163086 0.001953 0.001953
0 0.802734 0.163086 0.031250 0.009766
1 0.093750 0.156250 0.003906 0.003906
0 0.008789 0.155273 0.001953 0.001953
0 0.727539 0.153320 0.001953 0.001953
0 0.971680 0.149414 0.001953 0.001953
0 0.839844 0.146484 0.003906 0.003906
1 0.064453 0.146484 0.003906 0.003906
0 0.733398 0.157227 0.025391 0.029297
1 0.079102 0.143555 0.005859 0.001953
0 0.852539 0.166992 0.021484 0.052734
0 0.727539 0.139648 0.001953 0.001953
1 0.066406 0.135742 0.003906 0.001953
1 0.061523 0.136719 0.001953 0.003906
1 0.125000 0.126953 0.003906 0.003906
1 0.964844 0.121094 0.023438 0.007812
0 0.454102 0.123047 0.017578 0.011719
1 0.030273 0.116211 0.001953 0.001953
0 0.559570 0.114258 0.001953 0.001953
0 0.454102 0.114258 0.001953 0.001953
0 0.831055 0.110352 0.001953 0.001953
1 0.975586 0.110352 0.001953 0.005859
0 0.779297 0.110352 0.011719 0.009766
0 0.456055 0.106445 0.001953 0.001953
0 0.606445 0.104492 0.001953 0.001953
0 0.588867 0.105469 0.001953 0.003906
1 0.231445 0.102539 0.001953 0.001953
0 0.593750 0.101562 0.007812 0.003906
0 0.741211 0.548828 0.517578 0.902344
1 0.032227 0.088867 0.001953 0.001953
0 0.293945 0.085938 0.005859 0.003906
0 0.722656 0.082031 0.003906 0.007812
0 0.303711 0.079102 0.001953 0.001953
0 0.377930 0.075195 0.001953 0.001953
0 0.914062 0.115234 0.054688 0.089844
0 0.374023 0.071289 0.001953 0.001953
0 0.786133 0.069336 0.001953 0.001953
0 0.790039 0.084961 0.017578 0.037109
0 0.791992 0.067383 0.001953 0.001953
0 0.758789 0.064453 0.005859 0.003906
0 0.663086 0.062500 0.001953 0.003906
1 0.315430 0.061523 0.001953 0.001953
0 0.598633 0.060547 0.005859 0.003906
1 0.307617 0.055664 0.005859 0.005859
0 0.513672 0.054688 0.015625 0.015625
1 0.322266 0.055664 0.019531 0.017578
0 0.620117 0.045898 0.001953 0.001953
0 0.269531 0.045898 0.003906 0.001953
1 0.131836 0.043945 0.001953 0.001953
0 0.393555 0.043945 0.005859 0.005859
1 0.331055 0.061523 0.064453 0.041016
0 0.606445 0.040039 0.001953 0.001953
0 0.624023 0.040039 0.005859 0.005859
0 0.666992 0.036133 0.001953 0.001953
0 0.432617 0.037109 0.001953 0.003906
0 0.671875 0.035156 0.003906 0.003906
0 0.625000 0.034180 0.003906 0.001953
0 0.619141 0.036133 0.003906 0.005859
0 0.610352 0.035156 0.005859 0.003906
0 0.605469 0.041992 0.019531 0.017578
0 0.811523 0.036133 0.005859 0.009766
0 0.502930 0.029297 0.017578 0.003906
0 0.672852 0.028320 0.009766 0.005859
0 0.610352 0.027344 0.001953 0.003906
0 0.606445 0.025391 0.001953 0.003906
1 0.079102 0.022461 0.001953 0.001953
0 0.535156 0.028320 0.035156 0.021484
0 0.986328 0.029297 0.027344 0.058594
0 0.944336 0.016602 0.029297 0.033203
0 0.830078 0.010742 0.019531 0.021484
0 0.487305 0.012695 0.033203 0.025391
0 0.439453 0.006836 0.019531 0.013672
0 0.369141 0.034180 0.078125 0.068359
0 0.351562 0.211914 0.703125 0.423828
1 0.081055 0.083984 0.162109 0.167969
2 0.950195 0.999023 0.001953 0.001953
2 0.883789 0.999023 0.001953 0.001953
2 0.835938 0.988281 0.003906 0.003906
2 0.336914 0.987305 0.001953 0.001953
2 0.348633 0.974609 0.001953 0.003906
2 0.304688 0.960938 0.003906 0.003906
2 0.321289 0.958008 0.001953 0.001953
3 0.784180 0.942383 0.001953 0.001953
2 0.842773 0.915039 0.001953 0.001953
3 0.800781 0.880859 0.003906 0.003906
2 0.916992 0.848633 0.001953 0.001953
3 0.827148 0.841797 0.001953 0.003906
2 0.902344 0.909180 0.195312 0.181641
2 0.901367 0.766602 0.001953 0.001953
3 0.515625 0.754883 0.003906 0.001953
3 0.493164 0.747070 0.001953 0.001953
3 0.693359 0.743164 0.003906 0.001953
3 0.704102 0.741211 0.001953 0.001953
2 0.919922 0.727539 0.003906 0.001953
2 0.860352 0.727539 0.001953 0.001953
2 0.844727 0.722656 0.001953 0.003906
2 0.849609 0.715820 0.003906 0.001953
2 0.918945 0.713867 0.001953 0.001953
2 0.834961 0.713867 0.001953 0.001953
2 0.702148 0.688477 0.001953 0.001953
2 0.616211 0.655273 0.005859 0.005859
2 0.602539 0.651367 0.001953 0.001953
2 0.614258 0.647461 0.001953 0.001953
2 0.918945 0.602539 0.001953 0.001953
2 0.993164 0.608398 0.013672 0.025391
2 0.118164 0.563477 0.001953 0.001953
2 0.940430 0.684570 0.119141 0.267578
2 0.996094 0.554688 0.007812 0.011719
2 0.110352 0.520508 0.001953 0.001953
3 0.000977 0.497070 0.001953 0.001953
2 0.996094 0.450195 0.007812 0.052734
3 0.864258 0.413086 0.001953 0.001953
2 0.997070 0.407227 0.005859 0.009766
2 0.874023 0.352539 0.001953 0.001953
2 0.881836 0.347656 0.001953 0.003906
2 0.132812 0.320312 0.003906 0.003906
2 0.138672 0.317383 0.003906 0.001953
2 0.147461 0.309570 0.001953 0.001953
2 0.990234 0.308594 0.003906 0.003906
2 0.104492 0.305664 0.001953 0.001953
2 0.894531 0.307617 0.007812 0.009766
2 0.040039 0.295898 0.001953 0.001953
2 0.030273 0.295898 0.001953 0.001953
2 0.936523 0.357422 0.111328 0.128906
2 0.918945 0.293945 0.001953 0.001953
2 0.034180 0.293945 0.001953 0.001953
2 0.928711 0.290039 0.005859 0.001953
2 0.918945 0.290039 0.001953 0.001953
2 0.895508 0.284180 0.001953 0.001953
2 0.891602 0.284180 0.001953 0.001953
2 0.891602 0.278320 0.001953 0.005859
2 0.137695 0.272461 0.001953 0.001953
2 0.141602 0.260742 0.001953 0.001953
2 0.940430 0.264648 0.052734 0.044922
2 0.917969 0.239258 0.007812 0.009766
2 0.288086 0.229492 0.001953 0.001953
2 0.252930 0.229492 0.001953 0.001953
2 0.906250 0.233398 0.015625 0.013672
2 0.415039 0.226562 0.001953 0.003906
2 0.252930 0.225586 0.001953 0.001953
2 0.920898 0.224609 0.001953 0.003906
2 0.915039 0.223633 0.001953 0.001953
2 0.408203 0.227539 0.007812 0.009766
2 0.283203 0.226562 0.003906 0.007812
2 0.910156 0.222656 0.003906 0.003906
2 0.250977 0.221680 0.001953 0.001953
2 0.104492 0.220703 0.005859 0.003906
2 0.907227 0.217773 0.005859 0.001953
2 0.977539 0.225586 0.025391 0.033203
2 0.465820 0.180664 0.005859 0.001953
2 0.561523 0.169922 0.001953 0.003906
2 0.311523 0.168945 0.001953 0.001953
2 0.577148 0.169922 0.009766 0.007812
2 0.557617 0.166992 0.001953 0.001953
2 0.314453 0.164062 0.003906 0.003906
2 0.204102 0.226562 0.154297 0.132812
3 0.313477 0.159180 0.001953 0.001953
3 0.293945 0.157227 0.001953 0.001953
2 0.547852 0.160156 0.009766 0.011719
2 0.297852 0.150391 0.013672 0.007812
2 0.022461 0.143555 0.001953 0.001953
2 0.442383 0.141602 0.005859 0.005859
3 0.989258 0.129883 0.001953 0.001953
2 0.370117 0.179688 0.173828 0.121094
2 0.003906 0.125000 0.007812 0.011719
3 0.118164 0.114258 0.001953 0.001953
2 0.430664 0.112305 0.001953 0.001953
2 0.260742 0.112305 0.001953 0.001953
2 0.264648 0.106445 0.001953 0.001953
2 0.265625 0.093750 0.003906 0.003906
3 0.081055 0.088867 0.001953 0.001953
3 0.110352 0.084961 0.001953 0.001953
2 0.022461 0.081055 0.001953 0.001953
3 0.006836 0.067383 0.001953 0.001953
2 0.381836 0.065430 0.001953 0.001953
3 0.014648 0.063477 0.001953 0.001953
2 0.450195 0.049805 0.001953 0.001953
3 0.036133 0.043945 0.001953 0.001953
3 0.034180 0.048828 0.013672 0.011719
3 0.139648 0.041992 0.001953 0.001953
3 0.009766 0.051758 0.019531 0.025391
2 0.376953 0.024414 0.003906 0.005859
2 0.372070 0.021484 0.001953 0.003906
3 0.325195 0.014648 0.001953 0.001953
2 0.366211 0.012695 0.001953 0.001953
3 0.354492 0.014648 0.013672 0.009766
3 0.347656 0.004883 0.003906 0.005859
2 0.992188 0.000977 0.007812 0.001953
3 0.935547 0.000977 0.003906 0.001953
2 0.500000 0.500000 1.000000 1.000000
3 0.295898 0.004883 0.029297 0.009766
2 0.045898 0.000977 0.001953 0.001953
2 0.041016 0.000977 0.003906 0.001953
2 0.127930 0.157227 0.255859 0.314453