1 0.524414 0.999023 0.001953 0.001953
1 0.775391 0.998047 0.007812 0.003906
1 0.761719 0.998047 0.003906 0.003906
1 0.274414 0.995117 0.013672 0.005859
1 0.184570 0.994141 0.017578 0.011719
1 0.796875 0.993164 0.027344 0.013672
0 0.118164 0.993164 0.013672 0.013672
1 0.983398 0.988281 0.013672 0.007812
1 0.869141 0.990234 0.015625 0.011719
1 0.479492 0.988281 0.013672 0.007812
1 0.348633 0.985352 0.001953 0.001953
1 0.732422 0.990234 0.039062 0.019531
1 0.495117 0.981445 0.001953 0.001953
1 0.159180 0.981445 0.001953 0.001953
1 0.165039 0.979492 0.001953 0.001953
1 0.422852 0.988281 0.017578 0.023438
1 0.170898 0.978516 0.005859 0.003906
1 0.762695 0.975586 0.001953 0.001953
1 0.522461 0.981445 0.021484 0.013672
1 0.822266 0.973633 0.007812 0.009766
0 0.262695 0.967773 0.001953 0.001953
1 0.487305 0.966797 0.005859 0.003906
0 0.892578 0.966797 0.007812 0.007812
1 0.543945 0.970703 0.013672 0.015625
1 0.325195 0.965820 0.005859 0.005859
1 0.020508 0.968750 0.005859 0.011719
0 0.750000 0.966797 0.007812 0.011719
1 0.007812 0.980469 0.011719 0.039062
0 0.364258 0.958008 0.001953 0.001953
1 0.356445 0.958984 0.005859 0.003906
1 0.317383 0.958008 0.005859 0.001953
1 0.849609 0.963867 0.027344 0.021484
1 0.666016 0.963867 0.062500 0.025391
1 0.459961 0.954102 0.017578 0.017578
1 0.924805 0.944336 0.001953 0.001953
1 0.465820 0.942383 0.001953 0.001953
1 0.921875 0.940430 0.003906 0.001953
1 0.296875 0.945312 0.007812 0.011719
1 0.489258 0.939453 0.005859 0.007812
1 0.260742 0.939453 0.009766 0.011719
1 0.050781 0.940430 0.015625 0.013672
0 0.814453 0.936523 0.011719 0.009766
1 0.114258 0.936523 0.013672 0.013672
1 0.084961 0.931641 0.009766 0.007812
1 0.312500 0.926758 0.007812 0.005859
1 0.389648 0.922852 0.001953 0.001953
1 0.323242 0.922852 0.001953 0.001953
1 0.517578 0.923828 0.011719 0.007812
1 0.528320 0.940430 0.103516 0.041016
1 0.395508 0.919922 0.005859 0.003906
0 0.541992 0.916992 0.001953 0.001953
1 0.215820 0.935547 0.017578 0.039062
1 0.097656 0.918945 0.007812 0.005859
1 0.418945 0.923828 0.017578 0.019531
1 0.287109 0.918945 0.007812 0.009766
1 0.471680 0.915039 0.013672 0.009766
1 0.422852 0.910156 0.005859 0.003906
1 0.139648 0.908203 0.001953 0.003906
1 0.146484 0.909180 0.007812 0.009766
1 0.099609 0.909180 0.027344 0.009766
1 0.811523 0.901367 0.001953 0.001953
1 0.446289 0.913086 0.021484 0.025391
1 0.344727 0.903320 0.025391 0.013672
1 0.303711 0.901367 0.017578 0.009766
1 0.041016 0.908203 0.027344 0.023438
1 0.635742 0.895508 0.009766 0.005859
1 0.977539 0.891602 0.005859 0.001953
1 0.112305 0.891602 0.013672 0.005859
1 0.208008 0.895508 0.017578 0.017578
1 0.465820 0.888672 0.001953 0.007812
1 0.814453 0.884766 0.003906 0.007812
1 0.795898 0.879883 0.005859 0.005859
1 0.453125 0.878906 0.011719 0.015625
1 0.877930 0.875000 0.009766 0.011719
1 0.709961 0.878906 0.013672 0.019531
1 0.387695 0.865234 0.009766 0.003906
1 0.030273 0.872070 0.013672 0.017578
1 0.256836 0.864258 0.017578 0.013672
1 0.995117 0.864258 0.009766 0.017578
1 0.843750 0.858398 0.007812 0.009766
0 0.832031 0.854492 0.003906 0.001953
1 0.848633 0.850586 0.001953 0.001953
1 0.713867 0.855469 0.017578 0.019531
1 0.570312 0.848633 0.003906 0.005859
1 0.174805 0.844727 0.005859 0.005859
1 0.209961 0.847656 0.013672 0.015625
1 0.647461 0.846680 0.017578 0.025391
1 0.374023 0.832031 0.017578 0.007812
1 0.211914 0.832031 0.013672 0.007812
1 0.136719 0.831055 0.035156 0.017578
1 0.431641 0.828125 0.011719 0.015625
1 0.833984 0.825195 0.007812 0.013672
1 0.257812 0.819336 0.027344 0.013672
1 0.231445 0.820312 0.013672 0.015625
1 0.951172 0.829102 0.039062 0.041016
0 0.164062 0.812500 0.019531 0.011719
0 0.181641 0.810547 0.015625 0.011719
1 0.817383 0.807617 0.017578 0.009766
1 0.486328 0.806641 0.007812 0.007812
0 0.227539 0.802734 0.005859 0.003906
0 0.213867 0.801758 0.001953 0.001953
1 0.013672 0.802734 0.003906 0.003906
1 0.435547 0.801758 0.011719 0.005859
1 0.203125 0.811523 0.027344 0.033203
1 0.006836 0.793945 0.001953 0.001953
0 0.325195 0.796875 0.005859 0.011719
1 0.277344 0.803711 0.082031 0.025391
1 0.091797 0.801758 0.027344 0.021484
1 0.674805 0.789062 0.021484 0.007812
1 0.510742 0.790039 0.029297 0.017578
1 0.602539 0.785156 0.017578 0.015625
0 0.295898 0.778320 0.001953 0.001953
1 0.014648 0.778320 0.001953 0.001953
1 0.281250 0.776367 0.003906 0.005859
1 0.525391 0.779297 0.011719 0.015625
1 0.340820 0.772461 0.001953 0.001953
1 0.333984 0.775391 0.007812 0.007812
1 0.316406 0.778320 0.015625 0.013672
1 0.097656 0.778320 0.019531 0.013672
1 0.004883 0.772461 0.001953 0.001953
1 0.661133 0.809570 0.072266 0.083984
1 0.484375 0.773438 0.027344 0.019531
1 0.548828 0.780273 0.015625 0.037109
1 0.457031 0.763672 0.003906 0.003906
1 0.580078 0.759766 0.003906 0.003906
1 0.543945 0.756836 0.001953 0.001953
1 0.405273 0.761719 0.009766 0.011719
1 0.352539 0.754883 0.001953 0.001953
1 0.606445 0.756836 0.005859 0.009766
1 0.029297 0.808594 0.058594 0.125000
0 0.833008 0.769531 0.060547 0.050781
1 0.723633 0.765625 0.044922 0.042969
1 0.425781 0.752930 0.019531 0.021484
1 0.371094 0.758789 0.023438 0.048828
1 0.059570 0.741211 0.013672 0.021484
0 0.877930 0.736328 0.021484 0.015625
1 0.169922 0.733398 0.015625 0.009766
1 0.172852 0.727539 0.001953 0.001953
1 0.398438 0.724609 0.003906 0.003906
1 0.005859 0.741211 0.011719 0.037109
1 0.000977 0.721680 0.001953 0.001953
1 0.852539 0.727539 0.029297 0.021484
1 0.410156 0.725586 0.011719 0.017578
1 0.513672 0.718750 0.007812 0.007812
0 0.291016 0.716797 0.007812 0.007812
1 0.582031 0.738281 0.035156 0.054688
1 0.284180 0.711914 0.001953 0.001953
1 0.690430 0.714844 0.005859 0.011719
1 0.702148 0.717773 0.009766 0.021484
1 0.539062 0.716797 0.011719 0.019531
0 0.319336 0.713867 0.013672 0.017578
1 0.783203 0.706055 0.007812 0.005859
0 0.311523 0.702148 0.001953 0.001953
1 0.498047 0.702148 0.007812 0.009766
1 0.755859 0.746094 0.054688 0.113281
1 0.432617 0.693359 0.009766 0.007812
0 0.499023 0.689453 0.005859 0.003906
1 0.170898 0.689453 0.001953 0.003906
1 0.166992 0.689453 0.001953 0.003906
1 0.223633 0.687500 0.005859 0.003906
1 0.170898 0.684570 0.001953 0.001953
1 0.551758 0.689453 0.044922 0.027344
1 0.016602 0.677734 0.005859 0.003906
1 0.829102 0.675781 0.009766 0.003906
1 0.798828 0.674805 0.007812 0.001953
1 0.760742 0.681641 0.052734 0.015625
0 0.478516 0.676758 0.003906 0.005859
1 0.016602 0.670898 0.001953 0.001953
1 0.055664 0.692383 0.044922 0.060547
1 0.095703 0.666992 0.011719 0.013672
1 0.428711 0.658203 0.005859 0.007812
1 0.746094 0.658203 0.023438 0.011719
1 0.549805 0.654297 0.021484 0.007812
1 0.800781 0.652344 0.007812 0.007812
1 0.322266 0.683594 0.144531 0.070312
1 0.762695 0.643555 0.009766 0.005859
0 0.960938 0.667969 0.050781 0.058594
1 0.783203 0.640625 0.003906 0.003906
1 0.916992 0.638672 0.009766 0.007812
1 0.028320 0.637695 0.005859 0.005859
1 0.894531 0.642578 0.007812 0.019531
1 0.072266 0.649414 0.058594 0.033203
1 0.235352 0.629883 0.001953 0.001953
1 0.979492 0.627930 0.001953 0.001953
1 0.690430 0.625977 0.021484 0.009766
1 0.308594 0.635742 0.039062 0.029297
1 0.271484 0.625977 0.007812 0.009766
0 0.963867 0.626953 0.013672 0.019531
1 0.926758 0.618164 0.005859 0.005859
1 0.207031 0.621094 0.007812 0.011719
1 0.545898 0.614258 0.009766 0.009766
1 0.129883 0.610352 0.017578 0.013672
1 0.603516 0.600586 0.003906 0.001953
1 0.465820 0.604492 0.005859 0.009766
1 0.104492 0.605469 0.017578 0.011719
1 0.604492 0.605469 0.048828 0.015625
1 0.254883 0.601562 0.013672 0.023438
1 0.315430 0.588867 0.009766 0.009766
1 0.674805 0.587891 0.005859 0.011719
1 0.199219 0.603516 0.023438 0.042969
1 0.925781 0.597656 0.062500 0.035156
0 0.021484 0.583008 0.023438 0.005859
0 0.002930 0.582031 0.005859 0.003906
0 0.730469 0.583008 0.011719 0.009766
1 0.639648 0.578125 0.005859 0.007812
1 0.291016 0.571289 0.011719 0.005859
1 0.197266 0.572266 0.003906 0.007812
1 0.936523 0.567383 0.001953 0.001953
1 0.875000 0.571289 0.015625 0.009766
1 0.823242 0.564453 0.048828 0.011719
1 0.528320 0.555664 0.001953 0.001953
1 0.557617 0.557617 0.021484 0.013672
1 0.408203 0.558594 0.023438 0.015625
1 0.540039 0.549805 0.009766 0.005859
1 0.757812 0.550781 0.011719 0.011719
1 0.517578 0.546875 0.003906 0.003906
0 0.724609 0.542969 0.007812 0.003906
1 0.137695 0.561523 0.076172 0.044922
1 0.675781 0.538086 0.011719 0.005859
1 0.651367 0.539062 0.005859 0.007812
1 0.579102 0.538086 0.001953 0.005859
1 0.901367 0.534180 0.001953 0.001953
1 0.899414 0.530273 0.001953 0.001953
1 0.844727 0.534180 0.013672 0.009766
1 0.148438 0.533203 0.027344 0.007812
1 0.238281 0.556641 0.042969 0.066406
1 0.362305 0.527344 0.009766 0.011719
1 0.967773 0.522461 0.005859 0.005859
1 0.459961 0.522461 0.005859 0.005859
1 0.568359 0.520508 0.007812 0.009766
0 0.096680 0.529297 0.009766 0.027344
1 0.263672 0.513672 0.003906 0.003906
1 0.168945 0.511719 0.001953 0.003906
1 0.903320 0.506836 0.001953 0.001953
0 0.239258 0.508789 0.005859 0.005859
1 0.578125 0.508789 0.007812 0.009766
1 0.445312 0.507812 0.019531 0.011719
1 0.175781 0.514648 0.054688 0.044922
1 0.896484 0.495117 0.011719 0.009766
1 0.035156 0.503906 0.070312 0.027344
1 0.873047 0.491211 0.007812 0.009766
1 0.783203 0.517578 0.070312 0.062500
0 0.460938 0.491211 0.011719 0.009766
1 0.548828 0.484375 0.003906 0.003906
0 0.089844 0.490234 0.027344 0.015625
1 0.588867 0.481445 0.001953 0.001953
1 0.282227 0.490234 0.013672 0.019531
0 0.065430 0.481445 0.001953 0.001953
1 0.593750 0.480469 0.003906 0.003906
1 0.327148 0.479492 0.001953 0.001953
1 0.931641 0.502930 0.066406 0.056641
0 0.483398 0.485352 0.017578 0.021484
0 0.116211 0.475586 0.001953 0.001953
1 0.489258 0.470703 0.005859 0.003906
1 0.995117 0.464844 0.001953 0.003906
1 0.251953 0.475586 0.019531 0.025391
1 0.171875 0.468750 0.007812 0.015625
0 0.073242 0.464844 0.009766 0.007812
1 0.989258 0.458008 0.001953 0.001953
0 0.120117 0.458008 0.001953 0.001953
1 0.332031 0.461914 0.015625 0.013672
1 0.523438 0.455078 0.007812 0.007812
1 0.251953 0.455078 0.023438 0.011719
1 0.214844 0.479492 0.027344 0.060547
0 0.801758 0.451172 0.009766 0.007812
1 0.428711 0.460938 0.072266 0.031250
1 0.071289 0.448242 0.009766 0.005859
1 0.974609 0.454102 0.023438 0.021484
1 0.327148 0.445312 0.009766 0.007812
0 0.820312 0.442383 0.007812 0.009766
1 0.359375 0.437500 0.019531 0.007812
1 0.161133 0.435547 0.013672 0.015625
1 0.959961 0.424805 0.001953 0.001953
1 0.079102 0.424805 0.001953 0.001953
1 0.968750 0.422852 0.011719 0.009766
1 0.285156 0.428711 0.046875 0.025391
1 0.549805 0.426758 0.021484 0.025391
1 0.653320 0.416016 0.009766 0.007812
1 0.448242 0.418945 0.009766 0.013672
1 0.540039 0.413086 0.017578 0.005859
0 0.055664 0.411133 0.001953 0.001953
0 0.090820 0.418945 0.021484 0.021484
1 0.450195 0.406250 0.005859 0.007812
1 0.158203 0.444336 0.085938 0.083984
1 0.061523 0.405273 0.005859 0.009766
1 0.790039 0.402344 0.009766 0.007812
1 0.353516 0.403320 0.023438 0.017578
1 0.117188 0.418945 0.074219 0.060547
1 0.686523 0.399414 0.033203 0.025391
1 0.004883 0.388672 0.009766 0.011719
1 0.552734 0.382812 0.003906 0.003906
0 0.158203 0.383789 0.007812 0.005859
0 0.134766 0.378906 0.003906 0.007812
0 0.721680 0.377930 0.013672 0.009766
1 0.516602 0.376953 0.013672 0.011719
1 0.202148 0.374023 0.005859 0.005859
1 0.226562 0.406250 0.039062 0.074219
0 0.784180 0.375000 0.009766 0.015625
1 0.466797 0.365234 0.003906 0.003906
0 0.009766 0.367188 0.007812 0.011719
1 0.402344 0.372070 0.011719 0.025391
0 0.990234 0.362305 0.007812 0.009766
1 0.752930 0.359375 0.009766 0.003906
1 0.208008 0.355469 0.001953 0.003906
1 0.927734 0.346680 0.015625 0.009766
1 0.606445 0.394531 0.068359 0.105469
1 0.562500 0.356445 0.019531 0.029297
1 0.242188 0.352539 0.011719 0.029297
1 0.249023 0.336914 0.001953 0.001953
1 0.349609 0.340820 0.023438 0.013672
1 0.290039 0.343750 0.009766 0.019531
1 0.083008 0.343750 0.044922 0.019531
1 0.293945 0.329102 0.001953 0.001953
0 0.134766 0.353516 0.082031 0.054688
1 0.106445 0.330078 0.005859 0.007812
1 0.690430 0.327148 0.009766 0.005859
1 0.521484 0.333008 0.019531 0.017578
0 0.504883 0.324219 0.009766 0.007812
1 0.886719 0.335938 0.011719 0.039062
1 0.922852 0.311523 0.001953 0.001953
1 0.688477 0.315430 0.013672 0.009766
1 0.589844 0.319336 0.031250 0.017578
0 0.197266 0.314453 0.011719 0.007812
1 0.090820 0.313477 0.005859 0.005859
1 0.583008 0.307617 0.001953 0.001953
1 0.142578 0.308594 0.007812 0.015625
0 0.811523 0.307617 0.033203 0.017578
1 0.302734 0.306641 0.015625 0.015625
1 0.986328 0.307617 0.015625 0.025391
1 0.681641 0.298828 0.015625 0.007812
1 0.925781 0.296875 0.003906 0.007812
1 0.494141 0.298828 0.007812 0.015625
0 0.201172 0.297852 0.019531 0.013672
0 0.068359 0.291016 0.003906 0.003906
1 0.781250 0.320312 0.121094 0.078125
1 0.666016 0.298828 0.019531 0.039062
1 0.100586 0.282227 0.009766 0.005859
1 0.560547 0.297852 0.027344 0.048828
1 0.995117 0.269531 0.005859 0.003906
1 0.711914 0.273438 0.009766 0.011719
1 0.507812 0.278320 0.011719 0.029297
1 0.688477 0.260742 0.013672 0.009766
1 0.623047 0.299805 0.089844 0.091797
1 0.885742 0.255859 0.013672 0.011719
0 0.300781 0.253906 0.003906 0.007812
1 0.503906 0.261719 0.011719 0.027344
1 0.830078 0.256836 0.089844 0.029297
1 0.096680 0.247070 0.017578 0.009766
1 0.600586 0.244141 0.017578 0.015625
1 0.562500 0.244141 0.023438 0.015625
1 0.420898 0.237305 0.001953 0.001953
1 0.356445 0.237305 0.001953 0.001953
1 0.424805 0.235352 0.001953 0.001953
1 0.007812 0.242188 0.015625 0.015625
1 0.737305 0.237305 0.009766 0.009766
1 0.616211 0.232422 0.005859 0.007812
1 0.571289 0.235352 0.033203 0.013672
1 0.778320 0.232422 0.009766 0.011719
1 0.608398 0.223633 0.001953 0.001953
0 0.106445 0.222656 0.021484 0.003906
0 0.708008 0.227539 0.009766 0.017578
1 0.695312 0.235352 0.007812 0.037109
1 0.080078 0.220703 0.007812 0.007812
0 0.090820 0.215820 0.005859 0.005859
1 0.022461 0.211914 0.001953 0.001953
1 0.204102 0.208008 0.001953 0.001953
1 0.734375 0.204102 0.003906 0.005859
1 0.128906 0.203125 0.003906 0.003906
1 0.838867 0.198242 0.001953 0.001953
1 0.559570 0.204102 0.013672 0.013672
1 0.028320 0.338867 0.048828 0.291016
1 0.649414 0.184570 0.009766 0.005859
1 0.510742 0.218750 0.068359 0.074219
1 0.271484 0.187500 0.011719 0.011719
1 0.599609 0.192383 0.027344 0.025391
0 0.088867 0.184570 0.009766 0.009766
1 0.678711 0.178711 0.001953 0.001953
1 0.512695 0.186523 0.005859 0.017578
1 0.464844 0.181641 0.015625 0.015625
1 0.944336 0.170898 0.001953 0.001953
1 0.768555 0.178711 0.029297 0.017578
1 0.625000 0.176758 0.015625 0.013672
0 0.595703 0.170898 0.003906 0.001953
1 0.218750 0.177734 0.035156 0.015625
1 0.746094 0.167969 0.011719 0.007812
1 0.564453 0.167969 0.015625 0.011719
1 0.663086 0.161133 0.001953 0.001953
1 0.606445 0.165039 0.005859 0.009766
1 0.494141 0.157227 0.007812 0.005859
1 0.669922 0.147461 0.003906 0.001953
1 0.504883 0.148438 0.013672 0.011719
1 0.880859 0.210938 0.203125 0.144531
1 0.782227 0.138672 0.001953 0.011719
1 0.666992 0.133789 0.001953 0.001953
1 0.412109 0.137695 0.007812 0.009766
1 0.463867 0.135742 0.017578 0.009766
1 0.019531 0.132812 0.011719 0.019531
1 0.780273 0.123047 0.001953 0.003906
1 0.684570 0.166992 0.029297 0.091797
1 0.630859 0.126953 0.007812 0.011719
1 0.530273 0.126953 0.005859 0.011719
1 0.227539 0.122070 0.001953 0.001953
1 0.900391 0.132812 0.035156 0.027344
1 0.810547 0.123047 0.015625 0.007812
1 0.822266 0.118164 0.003906 0.001953
1 0.353516 0.122070 0.023438 0.009766
1 0.214844 0.123047 0.007812 0.011719
1 0.929688 0.118164 0.011719 0.009766
1 0.664062 0.121094 0.015625 0.015625
1 0.569336 0.117188 0.048828 0.011719
1 0.409180 0.118164 0.013672 0.013672
1 0.836914 0.114258 0.021484 0.013672
1 0.653320 0.113281 0.013672 0.015625
1 0.399414 0.106445 0.001953 0.001953
1 0.865234 0.109375 0.015625 0.011719
1 0.833008 0.104492 0.001953 0.001953
1 0.504883 0.102539 0.001953 0.001953
1 0.124023 0.100586 0.009766 0.013672
0 0.467773 0.094727 0.005859 0.005859
1 0.246094 0.093750 0.007812 0.003906
1 0.514648 0.095703 0.009766 0.011719
0 0.837891 0.091797 0.007812 0.007812
1 0.619141 0.091797 0.011719 0.007812
1 0.484375 0.090820 0.007812 0.005859
1 0.430664 0.092773 0.009766 0.009766
0 0.575195 0.094727 0.009766 0.017578
1 0.541992 0.087891 0.001953 0.003906
1 0.939453 0.081055 0.003906 0.001953
1 0.654297 0.086914 0.015625 0.017578
1 0.267578 0.083008 0.011719 0.009766
1 0.997070 0.089844 0.005859 0.027344
1 0.517578 0.076172 0.003906 0.007812
1 0.997070 0.072266 0.001953 0.003906
1 0.591797 0.073242 0.023438 0.013672
1 0.397461 0.071289 0.009766 0.017578
1 0.896484 0.059570 0.003906 0.001953
0 0.795898 0.062500 0.001953 0.007812
1 0.047852 0.086914 0.044922 0.056641
1 0.606445 0.057617 0.001953 0.001953
1 0.786133 0.055664 0.001953 0.001953
0 0.655273 0.062500 0.005859 0.015625
1 0.467773 0.063477 0.013672 0.017578
0 0.561523 0.064453 0.009766 0.023438
1 0.993164 0.055664 0.005859 0.017578
1 0.543945 0.070312 0.029297 0.046875
1 0.100586 0.060547 0.048828 0.031250
0 0.989258 0.041992 0.005859 0.009766
1 0.908203 0.041016 0.050781 0.011719
1 0.632812 0.040039 0.011719 0.009766
0 0.967773 0.035156 0.001953 0.003906
1 0.864258 0.034180 0.001953 0.001953
1 0.059570 0.034180 0.001953 0.001953
0 0.982422 0.030273 0.003906 0.001953
1 0.029297 0.054688 0.058594 0.054688
1 0.063477 0.026367 0.009766 0.005859
1 0.553711 0.022461 0.001953 0.001953
1 0.519531 0.033203 0.019531 0.023438
1 0.342773 0.022461 0.001953 0.001953
1 0.452148 0.022461 0.005859 0.005859
1 0.114258 0.026367 0.013672 0.013672
1 0.969727 0.015625 0.005859 0.003906
1 0.688477 0.027344 0.029297 0.031250
1 0.978516 0.014648 0.019531 0.029297
1 0.946289 0.014648 0.037109 0.029297
1 0.899414 0.008789 0.017578 0.017578
1 0.780273 0.005859 0.025391 0.011719
1 0.758789 0.002930 0.009766 0.005859
1 0.735352 0.036133 0.048828 0.072266
1 0.672852 0.005859 0.017578 0.011719
1 0.568359 0.011719 0.035156 0.023438
1 0.485352 0.026367 0.037109 0.052734
1 0.437500 0.005859 0.015625 0.011719
3 0.190430 0.999023 0.001953 0.001953
3 0.732422 0.995117 0.019531 0.009766
3 0.036133 0.827148 0.001953 0.001953
3 0.008789 0.819336 0.005859 0.005859
3 0.001953 0.818359 0.003906 0.007812
3 0.047852 0.770508 0.001953 0.001953
3 0.999023 0.083008 0.001953 0.001953
3 0.557617 0.016602 0.001953 0.001953
3 0.500000 0.500000 1.000000 1.000000