1 0.999023 0.639648 0.001953 0.001953
1 0.998047 0.630859 0.003906 0.011719
0 0.798828 0.003906 0.003906 0.003906
0 0.315430 0.004883 0.009766 0.009766
0 0.304688 0.003906 0.007812 0.007812
1 0.500000 0.500000 1.000000 1.000000
3 0.562500 0.999023 0.003906 0.001953
2 0.024414 0.999023 0.001953 0.001953
2 0.381836 0.997070 0.001953 0.001953
3 0.016602 0.998047 0.009766 0.003906
3 0.341797 0.996094 0.015625 0.007812
3 0.918945 0.985352 0.001953 0.001953
2 0.912109 0.987305 0.007812 0.005859
2 0.762695 0.985352 0.001953 0.001953
3 0.509766 0.991211 0.023438 0.017578
3 0.004883 0.991211 0.009766 0.017578
2 0.772461 0.988281 0.021484 0.023438
3 0.438477 0.987305 0.037109 0.021484
3 0.019531 0.977539 0.019531 0.009766
3 0.818359 0.985352 0.050781 0.029297
2 0.065430 0.971680 0.001953 0.001953
3 0.188477 0.970703 0.001953 0.003906
2 0.637695 0.970703 0.005859 0.011719
3 0.188477 0.965820 0.001953 0.001953
3 0.184570 0.965820 0.001953 0.001953
2 0.045898 0.972656 0.029297 0.015625
2 0.393555 0.963867 0.001953 0.001953
3 0.895508 0.972656 0.033203 0.023438
3 0.745117 0.964844 0.013672 0.007812
2 0.407227 0.969727 0.021484 0.021484
3 0.340820 0.959961 0.001953 0.001953
3 0.338867 0.967773 0.021484 0.017578
3 0.332031 0.954102 0.011719 0.005859
3 0.696289 0.944336 0.001953 0.001953
3 0.504883 0.958984 0.029297 0.031250
3 0.112305 0.957031 0.044922 0.035156
3 0.659180 0.940430 0.005859 0.009766
2 0.815430 0.935547 0.005859 0.003906
2 0.825195 0.934570 0.009766 0.005859
3 0.218750 0.936523 0.015625 0.013672
2 0.636719 0.936523 0.027344 0.017578
3 0.250977 0.931641 0.005859 0.007812
2 0.089844 0.935547 0.011719 0.015625
3 0.277344 0.948242 0.097656 0.048828
2 0.890625 0.922852 0.003906 0.001953
3 0.543945 0.924805 0.009766 0.005859
2 0.639648 0.923828 0.005859 0.007812
3 0.422852 0.918945 0.001953 0.001953
2 0.823242 0.919922 0.025391 0.011719
3 0.389648 0.914062 0.017578 0.011719
2 0.897461 0.913086 0.017578 0.013672
3 0.689453 0.952148 0.070312 0.095703
3 0.444336 0.913086 0.021484 0.021484
2 0.846680 0.899414 0.001953 0.001953
3 0.596680 0.936523 0.072266 0.091797
2 0.908203 0.896484 0.039062 0.015625
3 0.009766 0.896484 0.019531 0.015625
3 0.420898 0.889648 0.005859 0.005859
3 0.415039 0.888672 0.001953 0.003906
3 0.445312 0.889648 0.003906 0.009766
3 0.331055 0.927734 0.099609 0.085938
3 0.192383 0.885742 0.001953 0.001953
2 0.564453 0.885742 0.003906 0.005859
3 0.364258 0.887695 0.009766 0.009766
2 0.909180 0.881836 0.005859 0.009766
2 0.884766 0.878906 0.003906 0.003906
3 0.856445 0.878906 0.005859 0.007812
3 0.087891 0.880859 0.019531 0.019531
3 0.067383 0.875000 0.001953 0.007812
2 0.395508 0.860352 0.001953 0.001953
2 0.036133 0.860352 0.001953 0.001953
2 0.019531 0.862305 0.011719 0.013672
2 0.394531 0.854492 0.007812 0.001953
3 0.962891 0.884766 0.074219 0.066406
3 0.469727 0.863281 0.013672 0.023438
2 0.954102 0.853516 0.013672 0.007812
2 0.409180 0.853516 0.009766 0.007812
3 0.803711 0.862305 0.115234 0.029297
3 0.726562 0.847656 0.003906 0.003906
2 0.061523 0.849609 0.005859 0.007812
3 0.709961 0.841797 0.025391 0.015625
2 0.417969 0.827148 0.003906 0.001953
3 0.221680 0.827148 0.001953 0.001953
3 0.213867 0.828125 0.009766 0.003906
3 0.598633 0.837891 0.037109 0.027344
2 0.109375 0.821289 0.003906 0.009766
3 0.492188 0.816406 0.003906 0.003906
3 0.913086 0.828125 0.025391 0.031250
2 0.134766 0.818359 0.007812 0.011719
2 0.030273 0.830078 0.037109 0.039062
3 0.492188 0.810547 0.003906 0.003906
3 0.293945 0.810547 0.001953 0.003906
2 0.174805 0.805664 0.001953 0.001953
2 0.165039 0.804688 0.005859 0.007812
2 0.108398 0.802734 0.001953 0.003906
2 0.334961 0.804688 0.029297 0.019531
3 0.315430 0.797852 0.005859 0.005859
2 0.862305 0.818359 0.021484 0.050781
2 0.339844 0.797852 0.007812 0.009766
2 0.750977 0.791992 0.001953 0.001953
3 0.446289 0.791992 0.001953 0.001953
2 0.383789 0.795898 0.005859 0.009766
3 0.732422 0.803711 0.031250 0.033203
3 0.937500 0.796875 0.023438 0.023438
3 0.938477 0.782227 0.001953 0.001953
2 0.243164 0.780273 0.001953 0.001953
2 0.996094 0.781250 0.007812 0.011719
2 0.125977 0.776367 0.001953 0.005859
2 0.055664 0.770508 0.001953 0.001953
2 0.971680 0.767578 0.001953 0.003906
2 0.369141 0.787109 0.023438 0.050781
2 0.269531 0.762695 0.007812 0.009766
2 0.856445 0.760742 0.005859 0.009766
2 0.804688 0.759766 0.003906 0.007812
2 0.013672 0.766602 0.027344 0.021484
3 0.840820 0.754883 0.013672 0.009766
2 0.855469 0.750977 0.003906 0.005859
2 0.022461 0.748047 0.001953 0.003906
3 0.587891 0.748047 0.011719 0.011719
2 0.988281 0.750977 0.003906 0.021484
3 0.898438 0.756836 0.039062 0.037109
3 0.922852 0.733398 0.009766 0.009766
3 0.907227 0.729492 0.001953 0.001953
2 0.955078 0.731445 0.007812 0.009766
3 0.432617 0.731445 0.009766 0.013672
3 0.649414 0.719727 0.001953 0.001953
3 0.520508 0.716797 0.005859 0.003906
3 0.628906 0.718750 0.035156 0.011719
3 0.694336 0.712891 0.005859 0.003906
2 0.104492 0.731445 0.025391 0.044922
3 0.415039 0.708008 0.005859 0.009766
2 0.852539 0.709961 0.009766 0.021484
2 0.138672 0.702148 0.007812 0.005859
3 0.054688 0.708984 0.011719 0.019531
3 0.075195 0.682617 0.001953 0.001953
3 0.987305 0.692383 0.025391 0.037109
2 0.912109 0.670898 0.003906 0.005859
3 0.677734 0.736328 0.292969 0.136719
3 0.324219 0.673828 0.007812 0.011719
3 0.063477 0.665039 0.001953 0.001953
3 0.679688 0.693359 0.039062 0.062500
3 0.985352 0.666016 0.009766 0.015625
3 0.495117 0.653320 0.001953 0.001953
2 0.193359 0.647461 0.003906 0.001953
2 0.023438 0.654297 0.007812 0.015625
3 0.396484 0.652344 0.011719 0.019531
2 0.507812 0.632812 0.003906 0.003906
3 0.459961 0.632812 0.001953 0.003906
3 0.345703 0.632812 0.007812 0.003906
3 0.060547 0.632812 0.011719 0.007812
3 0.448242 0.694336 0.037109 0.134766
3 0.981445 0.634766 0.037109 0.039062
3 0.729492 0.612305 0.001953 0.001953
3 0.821289 0.645508 0.056641 0.080078
3 0.629883 0.606445 0.005859 0.005859
2 0.064453 0.605469 0.007812 0.015625
2 0.018555 0.599609 0.017578 0.003906
2 0.041016 0.602539 0.007812 0.013672
2 0.998047 0.594727 0.003906 0.005859
3 0.894531 0.586914 0.003906 0.001953
3 0.690430 0.586914 0.001953 0.001953
3 0.427734 0.597656 0.023438 0.035156
2 0.259766 0.577148 0.003906 0.001953
3 0.876953 0.579102 0.015625 0.013672
2 0.026367 0.582031 0.052734 0.019531
3 0.428711 0.574219 0.005859 0.007812
3 0.215820 0.721680 0.427734 0.314453
2 0.216797 0.562500 0.023438 0.015625
3 0.722656 0.555664 0.011719 0.005859
3 0.599609 0.607422 0.101562 0.113281
3 0.829102 0.553711 0.025391 0.025391
2 0.429688 0.545898 0.007812 0.009766
2 0.409180 0.548828 0.021484 0.015625
3 0.541992 0.543945 0.009766 0.009766
2 0.399414 0.536133 0.001953 0.001953
2 0.393555 0.532227 0.001953 0.001953
2 0.383789 0.526367 0.001953 0.001953
3 0.245117 0.533203 0.021484 0.019531
3 0.092773 0.577148 0.037109 0.111328
3 0.575195 0.522461 0.017578 0.013672
2 0.370117 0.520508 0.021484 0.013672
2 0.349609 0.513672 0.007812 0.003906
3 0.104492 0.512695 0.001953 0.001953
3 0.884766 0.517578 0.011719 0.015625
2 0.377930 0.508789 0.009766 0.009766
3 0.092773 0.510742 0.017578 0.013672
3 0.637695 0.508789 0.021484 0.013672
2 0.255859 0.503906 0.011719 0.007812
3 0.526367 0.506836 0.013672 0.017578
2 0.245117 0.495117 0.013672 0.005859
3 0.388672 0.493164 0.003906 0.005859
3 0.941406 0.505859 0.019531 0.035156
3 0.205078 0.494141 0.011719 0.011719
3 0.920898 0.491211 0.013672 0.013672
2 0.237305 0.484375 0.001953 0.003906
2 0.956055 0.482422 0.001953 0.003906
2 0.210938 0.484375 0.011719 0.007812
3 0.556641 0.482422 0.007812 0.007812
3 0.162109 0.486328 0.019531 0.023438
3 0.781250 0.474609 0.011719 0.011719
2 0.220703 0.471680 0.011719 0.009766
3 0.599609 0.486328 0.035156 0.042969
3 0.336914 0.480469 0.099609 0.062500
3 0.146484 0.456055 0.011719 0.013672
2 0.028320 0.458008 0.021484 0.021484
3 0.897461 0.448242 0.017578 0.017578
2 0.208008 0.431641 0.005859 0.003906
3 0.183594 0.436523 0.039062 0.017578
3 0.748047 0.436523 0.007812 0.021484
3 0.077148 0.477539 0.052734 0.103516
2 0.980469 0.432617 0.039062 0.037109
2 0.230469 0.411133 0.003906 0.001953
3 0.772461 0.429688 0.033203 0.046875
2 0.852539 0.400391 0.005859 0.003906
3 0.826172 0.414062 0.046875 0.035156
3 0.505859 0.400391 0.007812 0.007812
3 0.221680 0.397461 0.001953 0.001953
3 0.167969 0.394531 0.003906 0.007812
3 0.217773 0.407227 0.060547 0.037109
2 0.217773 0.387695 0.001953 0.001953
3 0.736328 0.399414 0.054688 0.029297
2 0.222656 0.386719 0.003906 0.003906
3 0.531250 0.385742 0.003906 0.005859
3 0.294922 0.414062 0.117188 0.082031
3 0.540039 0.365234 0.001953 0.003906
3 0.306641 0.366211 0.011719 0.009766
3 0.344727 0.361328 0.025391 0.015625
2 0.001953 0.358398 0.003906 0.013672
3 0.212891 0.366211 0.031250 0.033203
3 0.130859 0.355469 0.011719 0.011719
2 0.185547 0.349609 0.003906 0.003906
2 0.184570 0.341797 0.005859 0.007812
2 0.198242 0.338867 0.005859 0.005859
3 0.572266 0.341797 0.019531 0.019531
2 0.020508 0.331055 0.001953 0.001953
2 0.302734 0.329102 0.019531 0.009766
3 0.285156 0.325195 0.007812 0.005859
3 0.028320 0.326172 0.013672 0.007812
3 0.143555 0.321289 0.001953 0.001953
2 0.296875 0.317383 0.007812 0.005859
2 0.192383 0.313477 0.009766 0.009766
3 0.732422 0.316406 0.011719 0.019531
2 0.284180 0.309570 0.005859 0.005859
3 0.921875 0.306641 0.003906 0.007812
3 0.883789 0.303711 0.001953 0.001953
3 0.887695 0.299805 0.001953 0.001953
3 0.878906 0.302734 0.007812 0.011719
3 0.738281 0.296875 0.007812 0.011719
3 0.958008 0.304688 0.025391 0.039062
3 0.714844 0.295898 0.027344 0.021484
3 0.923828 0.283203 0.007812 0.007812
3 0.174805 0.303711 0.041016 0.052734
2 0.008789 0.274414 0.001953 0.001953
3 0.750000 0.276367 0.003906 0.009766
3 0.908203 0.287109 0.015625 0.035156
3 0.486328 0.275391 0.011719 0.015625
3 0.903320 0.263672 0.009766 0.011719
3 0.140625 0.269531 0.070312 0.031250
3 0.735352 0.261719 0.009766 0.019531
3 0.399414 0.249023 0.009766 0.005859
3 0.427734 0.241211 0.003906 0.001953
3 0.116211 0.241211 0.001953 0.001953
3 0.555664 0.239258 0.001953 0.001953
3 0.295898 0.255859 0.072266 0.042969
3 0.269531 0.236328 0.003906 0.003906
3 0.916992 0.242188 0.013672 0.019531
3 0.953125 0.237305 0.019531 0.013672
3 0.102539 0.225586 0.001953 0.001953
2 0.784180 0.223633 0.001953 0.001953
3 0.355469 0.232422 0.058594 0.023438
3 0.157227 0.224609 0.021484 0.019531
3 0.553711 0.225586 0.025391 0.025391
3 0.149414 0.211914 0.001953 0.001953
2 0.139648 0.211914 0.001953 0.001953
3 0.993164 0.210938 0.013672 0.007812
2 0.758789 0.229492 0.033203 0.048828
2 0.133789 0.206055 0.001953 0.001953
3 0.686523 0.208984 0.041016 0.011719
3 0.307617 0.208008 0.005859 0.009766
3 0.842773 0.211914 0.021484 0.021484
3 0.384766 0.207031 0.011719 0.011719
3 0.295898 0.208984 0.005859 0.015625
3 0.221680 0.196289 0.001953 0.001953
3 0.690430 0.195312 0.005859 0.007812
3 0.224609 0.191406 0.003906 0.003906
2 0.066406 0.193359 0.007812 0.007812
3 0.270508 0.188477 0.001953 0.001953
3 0.231445 0.244141 0.119141 0.121094
3 0.163086 0.193359 0.005859 0.023438
3 0.241211 0.180664 0.001953 0.001953
3 0.637695 0.189453 0.025391 0.023438
2 0.161133 0.176758 0.001953 0.001953
3 0.665039 0.181641 0.017578 0.019531
3 0.639648 0.172852 0.001953 0.001953
3 0.260742 0.179688 0.033203 0.015625
3 0.264648 0.170898 0.001953 0.001953
3 0.372070 0.182617 0.048828 0.033203
3 0.331055 0.172852 0.013672 0.013672
3 0.335938 0.155273 0.003906 0.001953
3 0.142578 0.155273 0.007812 0.001953
3 0.458984 0.164062 0.015625 0.023438
3 0.397461 0.154297 0.001953 0.003906
2 0.074219 0.147461 0.003906 0.001953
3 0.413086 0.190430 0.041016 0.099609
3 0.360352 0.147461 0.033203 0.013672
3 0.055664 0.168945 0.076172 0.064453
3 0.320312 0.152344 0.039062 0.035156
3 0.886719 0.134766 0.007812 0.011719
3 0.725586 0.161133 0.033203 0.068359
3 0.531250 0.145508 0.027344 0.041016
3 0.881836 0.123047 0.005859 0.007812
3 0.785156 0.123047 0.003906 0.007812
3 0.153320 0.116211 0.001953 0.001953
3 0.576172 0.115234 0.003906 0.003906
3 0.561523 0.120117 0.021484 0.013672
3 0.401367 0.117188 0.009766 0.007812
3 0.263672 0.123047 0.039062 0.027344
3 0.101562 0.115234 0.007812 0.011719
2 0.619141 0.116211 0.015625 0.021484
3 0.429688 0.106445 0.003906 0.001953
2 0.602539 0.111328 0.017578 0.015625
2 0.414062 0.101562 0.003906 0.003906
3 0.076172 0.101562 0.003906 0.003906
3 0.555664 0.105469 0.021484 0.015625
2 0.005859 0.102539 0.011719 0.009766
3 0.123047 0.095703 0.003906 0.003906
3 0.522461 0.098633 0.013672 0.013672
3 0.749023 0.086914 0.001953 0.001953
2 0.295898 0.086914 0.001953 0.001953
3 0.465820 0.115234 0.083984 0.066406
2 0.681641 0.081055 0.003906 0.005859
3 0.196289 0.134766 0.158203 0.113281
2 0.982422 0.085938 0.035156 0.023438
2 0.939453 0.077148 0.003906 0.005859
2 0.931641 0.075195 0.007812 0.005859
2 0.285156 0.081055 0.015625 0.017578
3 0.922852 0.083984 0.033203 0.027344
2 0.679688 0.072266 0.019531 0.011719
3 0.507812 0.078125 0.039062 0.031250
2 0.994141 0.063477 0.007812 0.005859
2 0.987305 0.061523 0.001953 0.001953
3 0.346680 0.095703 0.091797 0.070312
3 0.357422 0.061523 0.003906 0.001953
2 0.843750 0.063477 0.011719 0.017578
3 0.875000 0.074219 0.058594 0.054688
3 0.608398 0.059570 0.021484 0.029297
3 0.125977 0.076172 0.076172 0.062500
2 0.454102 0.044922 0.005859 0.003906
2 0.350586 0.047852 0.013672 0.013672
3 0.099609 0.044922 0.011719 0.011719
3 0.356445 0.038086 0.001953 0.001953
3 0.186523 0.038086 0.005859 0.005859
3 0.182617 0.032227 0.001953 0.001953
3 0.213867 0.072266 0.111328 0.085938
3 0.955078 0.046875 0.089844 0.039062
2 0.000977 0.028320 0.001953 0.001953
2 0.246094 0.025391 0.007812 0.003906
2 0.464844 0.027344 0.011719 0.011719
2 0.239258 0.023438 0.001953 0.003906
2 0.014648 0.022461 0.001953 0.001953
3 0.793945 0.022461 0.013672 0.021484
3 0.330078 0.011719 0.007812 0.007812
3 0.812500 0.087891 0.050781 0.167969
2 0.005859 0.008789 0.011719 0.009766
2 0.491211 0.014648 0.041016 0.025391
2 0.797852 0.004883 0.009766 0.009766
2 0.752930 0.001953 0.009766 0.003906
2 0.699219 0.000977 0.003906 0.001953
2 0.689453 0.005859 0.007812 0.011719
3 0.635742 0.004883 0.025391 0.009766
2 0.363281 0.001953 0.007812 0.003906
2 0.345703 0.005859 0.011719 0.011719
2 0.334961 0.001953 0.001953 0.003906
2 0.311523 0.008789 0.033203 0.017578
3 0.064453 0.004883 0.015625 0.009766