1 0.500000 0.500000 1.000000 1.000000
3 0.983398 0.997070 0.009766 0.005859
3 0.767578 0.994141 0.011719 0.011719
3 0.680664 0.990234 0.013672 0.011719
3 0.043945 0.985352 0.005859 0.005859
3 0.718750 0.970703 0.027344 0.015625
2 0.827148 0.964844 0.013672 0.007812
2 0.224609 0.965820 0.011719 0.013672
3 0.783203 0.967773 0.031250 0.021484
2 0.831055 0.956055 0.005859 0.001953
2 0.821289 0.956055 0.001953 0.001953
2 0.838867 0.953125 0.005859 0.003906
2 0.817383 0.951172 0.013672 0.007812
3 0.723633 0.946289 0.001953 0.001953
2 0.825195 0.944336 0.001953 0.001953
3 0.153320 0.952148 0.013672 0.017578
2 0.235352 0.949219 0.013672 0.015625
3 0.291016 0.959961 0.066406 0.044922
3 0.922852 0.942383 0.017578 0.013672
3 0.320312 0.936523 0.007812 0.005859
2 0.182617 0.935547 0.009766 0.003906
3 0.740234 0.933594 0.011719 0.015625
2 0.846680 0.922852 0.013672 0.005859
2 0.860352 0.918945 0.005859 0.009766
2 0.756836 0.920898 0.013672 0.013672
3 0.616211 0.915039 0.001953 0.001953
3 0.301758 0.915039 0.001953 0.001953
3 0.305664 0.923828 0.029297 0.019531
3 0.383789 0.914062 0.005859 0.003906
3 0.395508 0.908203 0.001953 0.003906
2 0.947266 0.898438 0.011719 0.007812
2 0.925781 0.886719 0.019531 0.011719
3 0.104492 0.877930 0.001953 0.001953
3 0.082031 0.872070 0.015625 0.013672
3 0.649414 0.862305 0.021484 0.009766
3 0.570312 0.862305 0.015625 0.009766
3 0.311523 0.863281 0.013672 0.011719
3 0.865234 0.862305 0.007812 0.013672
3 0.189453 0.856445 0.003906 0.001953
2 0.944336 0.856445 0.005859 0.005859
3 0.268555 0.846680 0.001953 0.001953
2 0.254883 0.850586 0.021484 0.013672
3 0.151367 0.845703 0.005859 0.003906
3 0.131836 0.847656 0.005859 0.007812
3 0.264648 0.843750 0.001953 0.003906
2 0.995117 0.834961 0.001953 0.001953
2 0.926758 0.837891 0.017578 0.011719
3 0.692383 0.829102 0.001953 0.001953
2 0.704102 0.833984 0.017578 0.015625
3 0.048828 0.830078 0.003906 0.007812
3 0.023438 0.821289 0.011719 0.009766
3 0.075195 0.840820 0.052734 0.056641
2 0.130859 0.811523 0.003906 0.005859
3 0.530273 0.809570 0.005859 0.005859
3 0.029297 0.808594 0.007812 0.007812
3 0.759766 0.805664 0.003906 0.005859
3 0.292969 0.830078 0.050781 0.054688
3 0.517578 0.807617 0.015625 0.013672
3 0.925781 0.807617 0.042969 0.025391
2 0.473633 0.791992 0.001953 0.001953
3 0.400391 0.796875 0.011719 0.015625
3 0.531250 0.788086 0.003906 0.001953
2 0.364258 0.791992 0.009766 0.009766
3 0.274414 0.788086 0.001953 0.001953
3 0.112305 0.858398 0.142578 0.150391
3 0.609375 0.784180 0.015625 0.013672
2 0.461914 0.770508 0.001953 0.001953
2 0.055664 0.773438 0.009766 0.007812
2 0.466797 0.768555 0.003906 0.001953
3 0.155273 0.779297 0.025391 0.023438
3 0.456055 0.776367 0.017578 0.021484
2 0.465820 0.764648 0.001953 0.001953
2 0.389648 0.762695 0.001953 0.001953
3 0.349609 0.772461 0.019531 0.021484
3 0.019531 0.772461 0.039062 0.033203
3 0.166016 0.752930 0.011719 0.009766
3 0.604492 0.750977 0.037109 0.013672
3 0.511719 0.748047 0.011719 0.007812
3 0.276367 0.758789 0.044922 0.033203
3 0.352539 0.739258 0.001953 0.001953
3 0.164062 0.741211 0.007812 0.009766
3 0.370117 0.747070 0.052734 0.025391
3 0.349609 0.736328 0.003906 0.003906
3 0.207031 0.737305 0.003906 0.005859
3 0.328125 0.739258 0.015625 0.013672
3 0.005859 0.737305 0.011719 0.013672
3 0.708984 0.727539 0.007812 0.009766
2 0.439453 0.721680 0.007812 0.005859
2 0.450195 0.724609 0.017578 0.019531
3 0.245117 0.710938 0.009766 0.007812
3 0.107422 0.709961 0.003906 0.005859
3 0.997070 0.704102 0.005859 0.005859
3 0.155273 0.701172 0.013672 0.011719
3 0.642578 0.692383 0.011719 0.009766
3 0.240234 0.683594 0.003906 0.003906
3 0.312500 0.672852 0.015625 0.025391
3 0.829102 0.658203 0.009766 0.007812
2 0.492188 0.650391 0.007812 0.007812
2 0.803711 0.648438 0.009766 0.011719
3 0.435547 0.658203 0.027344 0.031250
3 0.224609 0.644531 0.007812 0.007812
3 0.119141 0.647461 0.082031 0.017578
3 0.714844 0.636719 0.007812 0.015625
3 0.515625 0.646484 0.054688 0.039062
2 0.119141 0.628906 0.007812 0.007812
2 0.795898 0.629883 0.005859 0.013672
3 0.029297 0.651367 0.050781 0.056641
2 0.163086 0.622070 0.001953 0.001953
3 0.000977 0.616211 0.001953 0.001953
3 0.285156 0.736328 0.261719 0.246094
3 0.566406 0.616211 0.042969 0.017578
2 0.579102 0.598633 0.005859 0.005859
3 0.288086 0.585938 0.005859 0.007812
2 0.580078 0.578125 0.007812 0.007812
3 0.710938 0.577148 0.011719 0.009766
3 0.280273 0.569336 0.001953 0.001953
3 0.199219 0.571289 0.007812 0.009766
2 0.513672 0.569336 0.019531 0.013672
3 0.483398 0.590820 0.072266 0.056641
3 0.114258 0.564453 0.005859 0.003906
3 0.552734 0.559570 0.007812 0.009766
3 0.138672 0.558594 0.015625 0.011719
3 0.471680 0.557617 0.017578 0.025391
3 0.154297 0.548828 0.015625 0.019531
3 0.166992 0.520508 0.009766 0.009766
3 0.117188 0.522461 0.011719 0.017578
3 0.402344 0.559570 0.109375 0.095703
3 0.062500 0.515625 0.007812 0.007812
3 0.432617 0.512695 0.009766 0.009766
3 0.149414 0.509766 0.005859 0.007812
3 0.179688 0.510742 0.019531 0.025391
3 0.063477 0.499023 0.001953 0.001953
3 0.454102 0.487305 0.005859 0.009766
3 0.314453 0.527344 0.023438 0.089844
3 0.660156 0.482422 0.007812 0.007812
3 0.200195 0.479492 0.001953 0.001953
3 0.634766 0.475586 0.003906 0.005859
3 0.154297 0.489258 0.019531 0.041016
3 0.618164 0.479492 0.025391 0.029297
3 0.247070 0.499023 0.044922 0.072266
3 0.212891 0.470703 0.019531 0.015625
3 0.630859 0.448242 0.003906 0.005859
3 0.360352 0.446289 0.005859 0.005859
3 0.527344 0.448242 0.007812 0.021484
3 0.122070 0.436523 0.001953 0.001953
3 0.056641 0.466797 0.105469 0.074219
2 0.249023 0.428711 0.001953 0.001953
3 0.293945 0.455078 0.146484 0.054688
3 0.205078 0.431641 0.007812 0.007812
3 0.160156 0.447266 0.066406 0.039062
2 0.252930 0.426758 0.001953 0.001953
3 0.458984 0.425781 0.007812 0.003906
2 0.227539 0.411133 0.001953 0.001953
2 0.237305 0.409180 0.009766 0.005859
3 0.218750 0.397461 0.007812 0.005859
3 0.031250 0.409180 0.046875 0.033203
3 0.316406 0.391602 0.007812 0.005859
3 0.372070 0.388672 0.005859 0.007812
3 0.340820 0.377930 0.005859 0.013672
3 0.121094 0.377930 0.011719 0.013672
3 0.132812 0.370117 0.003906 0.001953
3 0.360352 0.372070 0.009766 0.009766
2 0.995117 0.372070 0.009766 0.017578
2 0.987305 0.365234 0.001953 0.003906
3 0.032227 0.362305 0.009766 0.009766
3 0.412109 0.356445 0.007812 0.005859
3 0.568359 0.352539 0.007812 0.009766
3 0.034180 0.351562 0.009766 0.007812
3 0.524414 0.355469 0.029297 0.019531
3 0.128906 0.350586 0.007812 0.013672
3 0.206055 0.351562 0.021484 0.027344
3 0.877930 0.328125 0.005859 0.003906
3 0.398438 0.332031 0.003906 0.011719
3 0.264648 0.319336 0.005859 0.005859
2 0.092773 0.320312 0.013672 0.011719
3 0.913086 0.319336 0.029297 0.013672
2 0.125000 0.325195 0.062500 0.025391
3 0.412109 0.316406 0.007812 0.011719
3 0.248047 0.310547 0.015625 0.015625
3 0.875000 0.299805 0.007812 0.005859
3 0.723633 0.303711 0.041016 0.017578
3 0.469727 0.299805 0.009766 0.009766
3 0.504883 0.301758 0.013672 0.017578
3 0.867188 0.291992 0.003906 0.001953
2 0.808594 0.291016 0.003906 0.003906
3 0.143555 0.291992 0.001953 0.005859
2 0.070312 0.296875 0.015625 0.015625
3 0.864258 0.288086 0.001953 0.001953
3 0.421875 0.291992 0.011719 0.009766
2 0.858398 0.287109 0.005859 0.003906
3 0.638672 0.283203 0.003906 0.003906
3 0.709961 0.282227 0.009766 0.009766
3 0.249023 0.285156 0.013672 0.015625
3 0.658203 0.278320 0.019531 0.013672
3 0.419922 0.275391 0.019531 0.011719
3 0.580078 0.271484 0.011719 0.007812
3 0.456055 0.269531 0.013672 0.011719
3 0.302734 0.291992 0.093750 0.056641
2 0.872070 0.270508 0.017578 0.017578
3 0.689453 0.266602 0.011719 0.013672
3 0.165039 0.296875 0.052734 0.097656
3 0.740234 0.248047 0.003906 0.003906
3 0.276367 0.247070 0.001953 0.001953
3 0.272461 0.245117 0.001953 0.001953
2 0.357422 0.250000 0.007812 0.015625
3 0.437500 0.242188 0.003906 0.003906
3 0.437500 0.237305 0.003906 0.001953
2 0.406250 0.240234 0.019531 0.023438
2 0.438477 0.230469 0.005859 0.007812
2 0.421875 0.228516 0.003906 0.003906
2 0.430664 0.225586 0.005859 0.005859
3 0.217773 0.258789 0.056641 0.072266
3 0.182617 0.233398 0.041016 0.021484
3 0.471680 0.231445 0.021484 0.025391
3 0.277344 0.227539 0.031250 0.033203
3 0.250977 0.204102 0.001953 0.001953
2 0.983398 0.188477 0.001953 0.001953
3 0.585938 0.207031 0.050781 0.046875
3 0.526367 0.181641 0.009766 0.003906
3 0.405273 0.196289 0.029297 0.033203
3 0.505859 0.183594 0.007812 0.011719
2 0.441406 0.181641 0.011719 0.011719
3 0.135742 0.179688 0.017578 0.011719
3 0.381836 0.170898 0.001953 0.001953
3 0.939453 0.174805 0.042969 0.013672
3 0.760742 0.166992 0.001953 0.001953
3 0.561523 0.170898 0.025391 0.009766
3 0.526367 0.168945 0.021484 0.009766
2 0.885742 0.159180 0.001953 0.001953
3 0.814453 0.162109 0.007812 0.007812
3 0.543945 0.159180 0.005859 0.005859
3 0.263672 0.155273 0.003906 0.001953
3 0.268555 0.150391 0.001953 0.003906
3 0.096680 0.148438 0.009766 0.003906
3 0.538086 0.148438 0.017578 0.011719
3 0.155273 0.143555 0.001953 0.001953
3 0.159180 0.142578 0.001953 0.003906
3 0.719727 0.145508 0.009766 0.013672
3 0.564453 0.143555 0.011719 0.013672
2 0.751953 0.138672 0.015625 0.007812
3 0.725586 0.155273 0.267578 0.064453
2 0.807617 0.124023 0.001953 0.001953
3 0.443359 0.168945 0.117188 0.095703
3 0.669922 0.132812 0.070312 0.035156
3 0.083984 0.115234 0.003906 0.003906
3 0.018555 0.117188 0.009766 0.007812
3 0.946289 0.127930 0.064453 0.041016
3 0.575195 0.106445 0.001953 0.001953
3 0.843750 0.109375 0.023438 0.011719
3 0.715820 0.108398 0.009766 0.009766
3 0.698242 0.096680 0.001953 0.001953
3 0.692383 0.096680 0.005859 0.001953
3 0.686523 0.094727 0.001953 0.001953
3 0.872070 0.099609 0.029297 0.015625
3 0.714844 0.096680 0.015625 0.009766
3 0.984375 0.096680 0.031250 0.013672
3 0.760742 0.091797 0.005859 0.003906
3 0.653320 0.097656 0.060547 0.019531
3 0.168945 0.139648 0.158203 0.111328
2 0.531250 0.084961 0.007812 0.005859
3 0.897461 0.081055 0.009766 0.005859
3 0.586914 0.090820 0.037109 0.025391
3 0.616211 0.077148 0.001953 0.001953
3 0.500977 0.079102 0.005859 0.009766
2 0.569336 0.073242 0.001953 0.001953
2 0.581055 0.071289 0.001953 0.001953
3 0.220703 0.150391 0.179688 0.164062
2 0.571289 0.066406 0.005859 0.003906
2 0.588867 0.063477 0.013672 0.009766
3 0.003906 0.062500 0.007812 0.007812
2 0.551758 0.057617 0.001953 0.001953
3 0.512695 0.057617 0.005859 0.005859
3 0.145508 0.060547 0.013672 0.015625
3 0.339844 0.053711 0.003906 0.005859
3 0.452148 0.053711 0.021484 0.009766
3 0.097656 0.052734 0.007812 0.007812
2 0.686523 0.043945 0.001953 0.001953
2 0.631836 0.043945 0.001953 0.001953
3 0.705078 0.052734 0.031250 0.023438
2 0.694336 0.041992 0.001953 0.001953
3 0.092773 0.038086 0.001953 0.001953
2 0.637695 0.038086 0.005859 0.005859
3 0.948242 0.036133 0.013672 0.017578
2 0.744141 0.024414 0.011719 0.005859
3 0.082031 0.027344 0.007812 0.011719
2 0.128906 0.019531 0.003906 0.003906
3 0.462891 0.025391 0.015625 0.023438
2 0.127930 0.014648 0.001953 0.001953
3 0.498047 0.015625 0.007812 0.007812
3 0.818359 0.015625 0.027344 0.015625
2 0.127930 0.006836 0.001953 0.001953
3 0.817383 0.003906 0.005859 0.003906
3 0.999023 0.000977 0.001953 0.001953
2 0.738281 0.004883 0.023438 0.009766
3 0.652344 0.015625 0.011719 0.031250
3 0.616211 0.030273 0.041016 0.060547
3 0.559570 0.002930 0.013672 0.005859
3 0.249023 0.006836 0.009766 0.013672