0 0.973633 0.984375 0.001953 0.003906
0 0.969727 0.983398 0.001953 0.001953
0 0.979492 0.983398 0.005859 0.009766
0 0.972656 0.979492 0.003906 0.001953
0 0.979492 0.975586 0.001953 0.001953
0 0.973633 0.975586 0.001953 0.001953
0 0.965820 0.971680 0.001953 0.001953
0 0.243164 0.961914 0.005859 0.005859
0 0.959961 0.962891 0.021484 0.015625
0 0.842773 0.963867 0.025391 0.017578
1 0.854492 0.952148 0.001953 0.001953
0 0.918945 0.927734 0.005859 0.003906
0 0.293945 0.926758 0.001953 0.001953
0 0.237305 0.926758 0.001953 0.001953
0 0.313477 0.924805 0.001953 0.001953
0 0.183594 0.926758 0.011719 0.005859
0 0.292969 0.922852 0.003906 0.001953
0 0.310547 0.917969 0.007812 0.003906
0 0.220703 0.926758 0.027344 0.021484
0 0.948242 0.914062 0.009766 0.003906
0 0.940430 0.914062 0.001953 0.003906
0 0.925781 0.916992 0.015625 0.017578
0 0.941406 0.907227 0.003906 0.001953
0 0.938477 0.903320 0.001953 0.001953
0 0.241211 0.903320 0.013672 0.017578
0 0.339844 0.900391 0.046875 0.027344
0 0.467773 0.874023 0.001953 0.001953
0 0.404297 0.885742 0.023438 0.025391
0 0.368164 0.852539 0.001953 0.001953
0 0.358398 0.846680 0.001953 0.001953
1 0.977539 0.844727 0.001953 0.001953
1 0.440430 0.788086 0.001953 0.005859
1 0.453125 0.769531 0.003906 0.003906
0 0.024414 0.467773 0.005859 0.009766
0 0.042969 0.485352 0.042969 0.060547
0 0.086914 0.447266 0.005859 0.007812
0 0.036133 0.399414 0.001953 0.001953
0 0.121094 0.345703 0.007812 0.011719
0 0.127930 0.329102 0.013672 0.013672
0 0.136719 0.315430 0.003906 0.001953
0 0.176758 0.284180 0.009766 0.005859
0 0.483398 0.280273 0.001953 0.001953
0 0.499023 0.263672 0.025391 0.019531
0 0.508789 0.250000 0.005859 0.003906
0 0.158203 0.267578 0.042969 0.046875
0 0.141602 0.243164 0.001953 0.001953
0 0.129883 0.244141 0.005859 0.007812
0 0.543945 0.225586 0.001953 0.001953
0 0.538086 0.225586 0.001953 0.001953
0 0.528320 0.176758 0.001953 0.001953
0 0.105469 0.151367 0.007812 0.005859
1 0.017578 0.147461 0.003906 0.001953
0 0.575195 0.145508 0.001953 0.001953
0 0.487305 0.141602 0.001953 0.001953
0 0.233398 0.133789 0.001953 0.001953
1 0.035156 0.131836 0.011719 0.009766
0 0.532227 0.125977 0.001953 0.001953
0 0.524414 0.126953 0.001953 0.003906
0 0.230469 0.126953 0.003906 0.003906
0 0.475586 0.142578 0.033203 0.039062
0 0.222656 0.124023 0.011719 0.009766
0 0.510742 0.110352 0.001953 0.001953
0 0.522461 0.108398 0.001953 0.001953
0 0.268555 0.098633 0.001953 0.001953
0 0.277344 0.088867 0.007812 0.005859
0 0.468750 0.083008 0.003906 0.001953
0 0.469727 0.079102 0.001953 0.001953
0 0.526367 0.072266 0.005859 0.003906
0 0.053711 0.069336 0.001953 0.001953
0 0.290039 0.065430 0.001953 0.001953
0 0.101562 0.107422 0.203125 0.085938
0 0.545898 0.137695 0.064453 0.166016
0 0.494141 0.086914 0.062500 0.064453
0 0.084961 0.055664 0.005859 0.001953
0 0.261719 0.081055 0.054688 0.060547
0 0.137695 0.047852 0.001953 0.001953
0 0.310547 0.041992 0.003906 0.001953
0 0.302734 0.041016 0.003906 0.003906
0 0.306641 0.022461 0.003906 0.001953
0 0.329102 0.026367 0.013672 0.013672
0 0.298828 0.019531 0.003906 0.003906
0 0.106445 0.037109 0.064453 0.039062
1 0.160156 0.014648 0.003906 0.001953
1 0.159180 0.010742 0.001953 0.001953
0 0.285156 0.011719 0.011719 0.007812
0 0.180664 0.008789 0.001953 0.001953
0 0.279297 0.003906 0.003906 0.003906
0 0.506836 0.000977 0.001953 0.001953
0 0.291992 0.003906 0.009766 0.007812
0 0.282227 0.000977 0.001953 0.001953
0 0.217773 0.008789 0.029297 0.017578
0 0.177734 0.003906 0.011719 0.007812
1 0.154297 0.000977 0.003906 0.001953
0 0.057617 0.015625 0.033203 0.031250
2 0.000977 0.071289 0.001953 0.001953
2 0.067383 0.010742 0.001953 0.001953
2 0.178711 0.000977 0.001953 0.001953
2 0.059570 0.001953 0.005859 0.003906
3 0.051758 0.001953 0.005859 0.003906
2 0.500000 0.500000 1.000000 1.000000