0 0.981445 0.999023 0.001953 0.001953
0 0.942383 0.999023 0.005859 0.001953
0 0.975586 0.998047 0.001953 0.003906
0 0.983398 0.995117 0.001953 0.001953
1 0.270508 0.996094 0.009766 0.007812
0 0.778320 0.983398 0.001953 0.001953
0 0.993164 0.989258 0.013672 0.021484
0 0.938477 0.965820 0.001953 0.001953
0 0.797852 0.979492 0.080078 0.041016
0 0.931641 0.955078 0.003906 0.003906
0 0.292969 0.951172 0.007812 0.003906
0 0.131836 0.948242 0.001953 0.001953
0 0.317383 0.942383 0.001953 0.001953
0 0.252930 0.942383 0.001953 0.001953
0 0.028320 0.941406 0.001953 0.003906
0 0.962891 0.968750 0.066406 0.062500
0 0.031250 0.932617 0.007812 0.005859
1 0.983398 0.926758 0.009766 0.005859
0 0.169922 0.923828 0.003906 0.003906
0 0.052734 0.920898 0.003906 0.001953
0 0.922852 0.913086 0.001953 0.001953
0 0.270508 0.911133 0.001953 0.001953
0 0.189453 0.914062 0.007812 0.007812
0 0.137695 0.911133 0.001953 0.001953
1 0.040039 0.911133 0.001953 0.001953
0 0.801758 0.879883 0.001953 0.001953
0 0.243164 0.874023 0.001953 0.001953
0 0.806641 0.873047 0.003906 0.003906
0 0.922852 0.854492 0.001953 0.001953
0 0.179688 0.852539 0.003906 0.001953
0 0.277344 0.855469 0.015625 0.015625
0 0.930664 0.834961 0.001953 0.001953
0 0.188477 0.831055 0.001953 0.001953
1 0.122070 0.831055 0.001953 0.001953
1 0.133789 0.827148 0.001953 0.001953
0 0.199219 0.824219 0.003906 0.003906
1 0.125977 0.825195 0.005859 0.005859
0 0.092773 0.821289 0.001953 0.001953
0 0.075195 0.817383 0.001953 0.001953
0 0.163086 0.813477 0.001953 0.001953
1 0.208008 0.811523 0.001953 0.001953
0 0.122070 0.811523 0.001953 0.001953
1 0.211914 0.810547 0.001953 0.003906
1 0.217773 0.805664 0.009766 0.005859
0 0.026367 0.803711 0.013672 0.005859
1 0.256836 0.799805 0.001953 0.001953
1 0.249023 0.799805 0.001953 0.001953
0 0.018555 0.799805 0.001953 0.001953
1 0.311523 0.795898 0.001953 0.001953
1 0.299805 0.791016 0.017578 0.011719
0 0.000977 0.782227 0.001953 0.001953
0 0.020508 0.782227 0.009766 0.009766
0 0.100586 0.774414 0.001953 0.001953
0 0.036133 0.774414 0.001953 0.001953
0 0.132812 0.777344 0.019531 0.011719
0 0.086914 0.764648 0.001953 0.001953
0 0.054688 0.763672 0.007812 0.003906
1 0.133789 0.759766 0.009766 0.011719
1 0.103516 0.764648 0.031250 0.025391
0 0.094727 0.752930 0.001953 0.001953
1 0.172852 0.750977 0.001953 0.001953
1 0.015625 0.757812 0.015625 0.015625
0 0.053711 0.749023 0.001953 0.001953
0 0.071289 0.747070 0.001953 0.001953
1 0.446289 0.743164 0.001953 0.001953
1 0.438477 0.743164 0.001953 0.001953
1 0.237305 0.743164 0.001953 0.001953
1 0.233398 0.743164 0.001953 0.001953
1 0.444336 0.739258 0.001953 0.001953
1 0.416992 0.739258 0.001953 0.001953
0 0.071289 0.739258 0.001953 0.001953
0 0.055664 0.740234 0.001953 0.007812
1 0.416992 0.735352 0.001953 0.001953
1 0.379883 0.731445 0.001953 0.001953
0 0.069336 0.732422 0.001953 0.003906
1 0.391602 0.729492 0.001953 0.001953
1 0.241211 0.729492 0.001953 0.001953
1 0.237305 0.727539 0.001953 0.001953
1 0.241211 0.725586 0.001953 0.001953
1 0.384766 0.727539 0.007812 0.009766
1 0.307617 0.723633 0.001953 0.001953
0 0.076172 0.727539 0.007812 0.009766
0 0.040039 0.764648 0.033203 0.083984
1 0.352539 0.720703 0.001953 0.003906
0 0.085938 0.719727 0.003906 0.001953
1 0.190430 0.715820 0.001953 0.001953
1 0.407227 0.711914 0.001953 0.001953
1 0.287109 0.711914 0.003906 0.001953
1 0.286133 0.705078 0.005859 0.003906
1 0.301758 0.702148 0.001953 0.001953
1 0.302734 0.698242 0.003906 0.001953
1 0.307617 0.700195 0.005859 0.009766
1 0.332031 0.691406 0.007812 0.007812
1 0.383789 0.701172 0.033203 0.039062
1 0.403320 0.676758 0.001953 0.001953
0 0.065430 0.674805 0.001953 0.001953
0 0.241211 0.665039 0.017578 0.017578
0 0.043945 0.643555 0.001953 0.001953
1 0.427734 0.634766 0.003906 0.003906
0 0.268555 0.629883 0.001953 0.001953
1 0.415039 0.625000 0.001953 0.003906
1 0.414062 0.620117 0.003906 0.001953
1 0.296875 0.643555 0.058594 0.052734
0 0.047852 0.629883 0.017578 0.025391
0 0.077148 0.614258 0.001953 0.001953
0 0.023438 0.609375 0.003906 0.003906
0 0.313477 0.604492 0.001953 0.001953
1 0.280273 0.602539 0.001953 0.001953
0 0.252930 0.600586 0.001953 0.001953
1 0.270508 0.596680 0.001953 0.001953
0 0.364258 0.594727 0.001953 0.001953
1 0.274414 0.595703 0.001953 0.003906
0 0.374023 0.598633 0.017578 0.017578
0 0.093750 0.655273 0.062500 0.130859
0 0.215820 0.586914 0.001953 0.001953
0 0.083008 0.590820 0.009766 0.013672
0 0.320312 0.582031 0.003906 0.003906
0 0.026367 0.585938 0.005859 0.011719
0 0.016602 0.626953 0.033203 0.093750
1 0.296875 0.591797 0.027344 0.027344
1 0.221680 0.577148 0.001953 0.001953
0 0.215820 0.579102 0.005859 0.005859
1 0.020508 0.577148 0.001953 0.001953
0 0.383789 0.575195 0.001953 0.001953
0 0.312500 0.583984 0.007812 0.023438
0 0.254883 0.587891 0.041016 0.031250
0 0.047852 0.582031 0.017578 0.019531
0 0.323242 0.569336 0.001953 0.001953
1 0.318359 0.566406 0.003906 0.003906
1 0.325195 0.563477 0.001953 0.001953
1 0.025391 0.555664 0.007812 0.001953
1 0.340820 0.537109 0.005859 0.007812
0 0.158203 0.533203 0.019531 0.015625
1 0.345703 0.522461 0.003906 0.001953
1 0.388672 0.545898 0.046875 0.052734
1 0.344727 0.518555 0.001953 0.001953
1 0.345703 0.511719 0.003906 0.003906
1 0.399414 0.508789 0.001953 0.001953
0 0.083984 0.504883 0.003906 0.005859
0 0.140625 0.501953 0.003906 0.003906
0 0.386719 0.497070 0.003906 0.001953
1 0.239258 0.498047 0.005859 0.007812
1 0.275391 0.490234 0.007812 0.003906
1 0.252930 0.487305 0.005859 0.001953
1 0.241211 0.487305 0.001953 0.001953
0 0.120117 0.485352 0.001953 0.001953
0 0.168945 0.481445 0.001953 0.001953
0 0.163086 0.481445 0.001953 0.001953
0 0.116211 0.481445 0.001953 0.001953
0 0.000977 0.481445 0.001953 0.001953
1 0.458984 0.480469 0.011719 0.007812
0 0.009766 0.479492 0.011719 0.009766
1 0.469727 0.474609 0.005859 0.003906
1 0.286133 0.473633 0.001953 0.001953
0 0.168945 0.471680 0.001953 0.001953
0 0.000977 0.474609 0.001953 0.007812
1 0.291016 0.469727 0.007812 0.005859
1 0.275391 0.475586 0.007812 0.017578
1 0.445312 0.471680 0.011719 0.013672
1 0.478516 0.465820 0.007812 0.005859
0 0.168945 0.464844 0.001953 0.003906
0 0.166992 0.456055 0.001953 0.001953
1 0.139648 0.457031 0.001953 0.003906
1 0.144531 0.456055 0.003906 0.005859
1 0.122070 0.453125 0.017578 0.011719
0 0.526367 0.436523 0.001953 0.001953
1 0.142578 0.437500 0.003906 0.003906
0 0.043945 0.435547 0.001953 0.003906
0 0.044922 0.503906 0.089844 0.148438
1 0.436523 0.428711 0.001953 0.001953
1 0.424805 0.428711 0.001953 0.001953
1 0.166016 0.431641 0.003906 0.007812
0 0.537109 0.426758 0.003906 0.001953
0 0.208984 0.501953 0.121094 0.152344
1 0.001953 0.426758 0.003906 0.005859
1 0.425781 0.423828 0.007812 0.003906
1 0.171875 0.419922 0.023438 0.019531
1 0.000977 0.412109 0.001953 0.003906
0 0.282227 0.409180 0.001953 0.001953
0 0.500977 0.405273 0.001953 0.001953
0 0.283203 0.401367 0.003906 0.005859
1 0.114258 0.399414 0.001953 0.001953
1 0.110352 0.399414 0.001953 0.001953
0 0.172852 0.389648 0.001953 0.001953
0 0.209961 0.377930 0.001953 0.005859
0 0.250977 0.372070 0.001953 0.001953
0 0.124023 0.366211 0.001953 0.001953
0 0.250977 0.360352 0.001953 0.001953
1 0.117188 0.407227 0.082031 0.103516
0 0.250977 0.353516 0.001953 0.003906
1 0.067383 0.395508 0.056641 0.087891
0 0.112305 0.348633 0.001953 0.001953
0 0.108398 0.348633 0.001953 0.001953
1 0.097656 0.348633 0.003906 0.001953
0 0.421875 0.342773 0.003906 0.001953
0 0.131836 0.342773 0.001953 0.001953
0 0.115234 0.337891 0.011719 0.015625
0 0.045898 0.327148 0.001953 0.001953
0 0.233398 0.357422 0.037109 0.066406
0 0.223633 0.323242 0.001953 0.001953
0 0.230469 0.320312 0.003906 0.003906
0 0.050781 0.321289 0.003906 0.005859
0 0.045898 0.319336 0.001953 0.001953
0 0.009766 0.327148 0.019531 0.017578
0 0.323242 0.317383 0.005859 0.005859
1 0.071289 0.315430 0.001953 0.001953
0 0.000977 0.315430 0.001953 0.001953
0 0.175781 0.311523 0.003906 0.005859
0 0.448242 0.323242 0.080078 0.048828
0 0.226562 0.298828 0.011719 0.011719
0 0.256836 0.291992 0.001953 0.001953
0 0.317383 0.290039 0.001953 0.001953
0 0.001953 0.291016 0.003906 0.007812
0 0.319336 0.286133 0.001953 0.001953
0 0.247070 0.286133 0.001953 0.005859
0 0.247070 0.280273 0.001953 0.001953
0 0.206055 0.272461 0.001953 0.001953
0 0.081055 0.272461 0.001953 0.001953
1 0.782227 0.270508 0.001953 0.001953
0 0.087891 0.269531 0.003906 0.003906
0 0.022461 0.266602 0.001953 0.001953
0 0.225586 0.264648 0.001953 0.001953
0 0.762695 0.262695 0.001953 0.001953
0 0.446289 0.258789 0.001953 0.001953
1 0.792969 0.258789 0.011719 0.005859
0 0.225586 0.256836 0.001953 0.001953
1 0.971680 0.254883 0.001953 0.001953
0 0.183594 0.244141 0.003906 0.003906
0 0.747070 0.233398 0.001953 0.001953
0 0.789062 0.223633 0.015625 0.017578
0 0.310547 0.216797 0.003906 0.003906
0 0.307617 0.211914 0.001953 0.001953
1 0.780273 0.206055 0.001953 0.001953
1 0.746094 0.217773 0.015625 0.025391
0 0.772461 0.199219 0.001953 0.003906
0 0.319336 0.198242 0.001953 0.001953
1 0.756836 0.196289 0.001953 0.001953
0 0.315430 0.196289 0.001953 0.001953
0 0.632812 0.170898 0.007812 0.009766
0 0.622070 0.163086 0.001953 0.001953
1 0.707031 0.158203 0.003906 0.003906
0 0.616211 0.141602 0.001953 0.001953
0 0.616211 0.137695 0.001953 0.001953
0 0.642578 0.134766 0.007812 0.007812
1 0.577148 0.125977 0.005859 0.001953
0 0.628906 0.143555 0.027344 0.041016
1 0.987305 0.122070 0.001953 0.001953
1 0.594727 0.118164 0.001953 0.001953
1 0.590820 0.118164 0.001953 0.001953
1 0.663086 0.107422 0.001953 0.003906
1 0.635742 0.098633 0.001953 0.001953
1 0.633789 0.094727 0.001953 0.001953
1 0.628906 0.095703 0.003906 0.003906
1 0.640625 0.089844 0.019531 0.015625
0 0.767578 0.050781 0.003906 0.003906
1 0.824219 0.046875 0.003906 0.003906
1 0.766602 0.045898 0.001953 0.001953
1 0.282227 0.038086 0.001953 0.001953
1 0.424805 0.036133 0.001953 0.001953
1 0.740234 0.035156 0.007812 0.003906
1 0.354492 0.032227 0.001953 0.001953
0 0.649414 0.031250 0.005859 0.003906
1 0.372070 0.034180 0.017578 0.009766
1 0.358398 0.030273 0.001953 0.001953
1 0.809570 0.026367 0.001953 0.001953
1 0.360352 0.026367 0.001953 0.001953
1 0.901367 0.019531 0.005859 0.003906
1 0.757812 0.021484 0.015625 0.015625
1 0.420898 0.012695 0.001953 0.001953
1 0.939453 0.011719 0.003906 0.003906
1 0.946289 0.009766 0.005859 0.003906
1 0.413086 0.010742 0.009766 0.005859
1 0.028320 0.013672 0.013672 0.011719
1 0.956055 0.006836 0.001953 0.001953
1 0.401367 0.006836 0.001953 0.001953
1 0.959961 0.004883 0.001953 0.001953
1 0.467773 0.003906 0.005859 0.003906
1 0.947266 0.000977 0.003906 0.001953
0 0.500000 0.500000 1.000000 1.000000
1 0.039062 0.003906 0.019531 0.007812
2 0.602539 0.999023 0.001953 0.001953
3 0.297852 0.999023 0.001953 0.001953
2 0.398438 0.998047 0.003906 0.003906
2 0.210938 0.998047 0.003906 0.003906
2 0.991211 0.995117 0.005859 0.001953
2 0.789062 0.997070 0.011719 0.005859
2 0.419922 0.997070 0.031250 0.005859
2 0.958008 0.996094 0.009766 0.007812
2 0.209961 0.993164 0.005859 0.001953
2 0.959961 0.991211 0.001953 0.001953
3 0.544922 0.991211 0.003906 0.001953
3 0.536133 0.992188 0.005859 0.003906
2 0.721680 0.987305 0.001953 0.001953
3 0.299805 0.988281 0.001953 0.003906
3 0.001953 0.979492 0.003906 0.005859
3 0.161133 0.975586 0.001953 0.001953
3 0.259766 0.986328 0.074219 0.027344
3 0.565430 0.969727 0.001953 0.001953
2 0.049805 0.967773 0.001953 0.001953
2 0.989258 0.966797 0.001953 0.003906
2 0.056641 0.965820 0.003906 0.005859
3 0.559570 0.961914 0.001953 0.001953
2 0.498047 0.963867 0.003906 0.005859
2 0.048828 0.962891 0.003906 0.003906
2 0.619141 0.957031 0.011719 0.011719
2 0.172852 0.952148 0.001953 0.001953
2 0.049805 0.952148 0.001953 0.001953
2 0.059570 0.952148 0.013672 0.005859
2 0.438477 0.944336 0.001953 0.001953
3 0.400391 0.951172 0.062500 0.015625
2 0.118164 0.947266 0.009766 0.007812
2 0.561523 0.944336 0.001953 0.009766
2 0.079102 0.942383 0.001953 0.005859
2 0.911133 0.939453 0.001953 0.003906
2 0.125977 0.939453 0.005859 0.003906
2 0.115234 0.939453 0.003906 0.003906
2 0.907227 0.938477 0.001953 0.005859
2 0.038086 0.936523 0.001953 0.001953
3 0.393555 0.934570 0.001953 0.001953
2 0.086914 0.940430 0.013672 0.021484
2 0.545898 0.928711 0.001953 0.001953
3 0.399414 0.928711 0.001953 0.001953
2 0.092773 0.928711 0.001953 0.001953
2 0.067383 0.922852 0.001953 0.001953
2 0.084961 0.920898 0.001953 0.001953
2 0.073242 0.920898 0.001953 0.001953
2 0.079102 0.918945 0.001953 0.001953
2 0.356445 0.914062 0.005859 0.003906
3 0.534180 0.922852 0.009766 0.025391
2 0.178711 0.909180 0.001953 0.001953
3 0.877930 0.907227 0.001953 0.001953
2 0.178711 0.903320 0.001953 0.001953
2 0.138672 0.949219 0.156250 0.101562
2 0.032227 0.922852 0.064453 0.052734
2 0.185547 0.899414 0.007812 0.009766
2 0.969727 0.887695 0.001953 0.001953
2 0.965820 0.887695 0.001953 0.001953
2 0.956055 0.887695 0.001953 0.001953
3 0.327148 0.885742 0.001953 0.001953
2 0.973633 0.884766 0.001953 0.003906
2 0.426758 0.885742 0.001953 0.005859
3 0.834961 0.879883 0.001953 0.001953
2 0.831055 0.879883 0.001953 0.001953
3 0.583984 0.880859 0.011719 0.007812
2 0.838867 0.875977 0.001953 0.001953
2 0.444336 0.872070 0.001953 0.001953
3 0.574219 0.872070 0.003906 0.005859
2 0.002930 0.870117 0.001953 0.001953
2 0.970703 0.869141 0.003906 0.003906
3 0.596680 0.868164 0.001953 0.001953
2 0.522461 0.868164 0.001953 0.001953
3 0.581055 0.864258 0.001953 0.001953
3 0.541992 0.865234 0.001953 0.003906
2 0.394531 0.891602 0.050781 0.068359
2 0.053711 0.859375 0.001953 0.003906
2 0.303711 0.854492 0.001953 0.001953
3 0.838867 0.852539 0.001953 0.001953
2 0.510742 0.852539 0.001953 0.001953
2 0.398438 0.854492 0.003906 0.005859
2 0.390625 0.855469 0.003906 0.007812
3 0.807617 0.850586 0.001953 0.001953
3 0.956055 0.850586 0.001953 0.005859
2 0.042969 0.851562 0.023438 0.007812
3 0.588867 0.851562 0.025391 0.019531
3 0.577148 0.838867 0.001953 0.001953
2 0.862305 0.914062 0.275391 0.171875
2 0.206055 0.829102 0.001953 0.001953
2 0.002930 0.829102 0.005859 0.001953
2 0.335938 0.825195 0.003906 0.001953
3 0.825195 0.841797 0.025391 0.054688
2 0.971680 0.807617 0.001953 0.001953
3 0.272461 0.807617 0.001953 0.001953
3 0.955078 0.830078 0.035156 0.050781
2 0.791016 0.806641 0.003906 0.003906
3 0.678711 0.801758 0.001953 0.001953
3 0.323242 0.801758 0.001953 0.001953
2 0.946289 0.797852 0.001953 0.001953
2 0.936523 0.794922 0.001953 0.003906
2 0.367188 0.793945 0.003906 0.001953
3 0.876953 0.805664 0.015625 0.029297
3 0.713867 0.791016 0.001953 0.003906
3 0.683594 0.791992 0.007812 0.005859
3 0.670898 0.794922 0.009766 0.011719
2 0.522461 0.790039 0.001953 0.001953
3 0.459961 0.791992 0.005859 0.005859
2 0.153320 0.790039 0.001953 0.001953
2 0.365234 0.789062 0.003906 0.003906
3 0.756836 0.787109 0.005859 0.003906
3 0.481445 0.787109 0.001953 0.003906
3 0.686523 0.784180 0.001953 0.001953
3 0.647461 0.778320 0.001953 0.001953
3 0.694336 0.772461 0.001953 0.001953
3 0.690430 0.772461 0.001953 0.001953
3 0.365234 0.773438 0.003906 0.003906
2 0.879883 0.770508 0.001953 0.001953
2 0.671875 0.861328 0.234375 0.183594
3 0.686523 0.772461 0.001953 0.005859
3 0.325195 0.770508 0.001953 0.001953
2 0.972656 0.770508 0.003906 0.005859
2 0.526367 0.769531 0.001953 0.003906
2 0.880859 0.766602 0.003906 0.001953
2 0.768555 0.766602 0.001953 0.001953
3 0.679688 0.769531 0.007812 0.007812
3 0.320312 0.767578 0.003906 0.003906
3 0.630859 0.771484 0.019531 0.015625
3 0.682617 0.762695 0.001953 0.001953
3 0.625977 0.760742 0.001953 0.001953
3 0.321289 0.761719 0.001953 0.003906
2 0.889648 0.759766 0.001953 0.003906
2 0.401367 0.833008 0.166016 0.154297
2 0.764648 0.756836 0.005859 0.005859
2 0.530273 0.835938 0.095703 0.164062
3 0.358398 0.760742 0.021484 0.013672
3 0.194336 0.756836 0.021484 0.009766
2 0.745117 0.749023 0.001953 0.001953
3 0.192383 0.749023 0.001953 0.001953
3 0.247070 0.747070 0.001953 0.001953
3 0.221680 0.747070 0.001953 0.001953
3 0.625977 0.746094 0.001953 0.003906
3 0.452148 0.745117 0.001953 0.001953
2 0.984375 0.745117 0.003906 0.005859
3 0.202148 0.743164 0.001953 0.001953
3 0.555664 0.741211 0.001953 0.001953
3 0.547852 0.741211 0.001953 0.001953
3 0.625977 0.739258 0.001953 0.001953
3 0.625977 0.735352 0.001953 0.001953
3 0.264648 0.741211 0.025391 0.013672
2 0.706055 0.733398 0.001953 0.001953
3 0.272461 0.733398 0.001953 0.001953
2 0.871094 0.731445 0.003906 0.001953
2 0.723633 0.735352 0.013672 0.009766
2 0.712891 0.733398 0.007812 0.005859
3 0.643555 0.731445 0.001953 0.001953
3 0.439453 0.731445 0.003906 0.001953
3 0.171875 0.732422 0.011719 0.007812
2 0.870117 0.727539 0.001953 0.001953
3 0.500977 0.727539 0.005859 0.001953
3 0.442383 0.727539 0.001953 0.001953
3 0.194336 0.727539 0.001953 0.001953
3 0.170898 0.727539 0.005859 0.005859
3 0.593750 0.723633 0.011719 0.001953
2 0.577148 0.723633 0.001953 0.001953
2 0.514648 0.723633 0.001953 0.001953
2 0.510742 0.721680 0.001953 0.001953
3 0.438477 0.715820 0.001953 0.001953
3 0.258789 0.716797 0.005859 0.003906
2 0.163086 0.709961 0.001953 0.001953
2 0.872070 0.708008 0.001953 0.001953
2 0.719727 0.706055 0.001953 0.001953
3 0.741211 0.706055 0.005859 0.005859
2 0.696289 0.698242 0.013672 0.005859
2 0.936523 0.692383 0.001953 0.001953
2 0.608398 0.692383 0.001953 0.001953
2 0.608398 0.688477 0.001953 0.001953
3 0.415039 0.688477 0.001953 0.001953
2 0.618164 0.686523 0.001953 0.001953
3 0.500000 0.708984 0.039062 0.046875
2 0.575195 0.682617 0.001953 0.001953
2 0.931641 0.676758 0.003906 0.001953
2 0.577148 0.677734 0.001953 0.003906
2 0.930664 0.672852 0.001953 0.001953
2 0.635742 0.670898 0.001953 0.001953
2 0.620117 0.670898 0.001953 0.001953
2 0.627930 0.671875 0.009766 0.007812
2 0.931641 0.667969 0.003906 0.003906
3 0.350586 0.667969 0.013672 0.011719
2 0.580078 0.661133 0.003906 0.001953
3 0.348633 0.659180 0.001953 0.001953
2 0.581055 0.657227 0.001953 0.001953
2 0.622070 0.662109 0.013672 0.015625
3 0.432617 0.646484 0.001953 0.003906
2 0.870117 0.641602 0.001953 0.001953
3 0.661133 0.637695 0.001953 0.001953
2 0.833008 0.676758 0.076172 0.087891
3 0.659180 0.633789 0.001953 0.001953
2 0.952148 0.632812 0.001953 0.003906
3 0.358398 0.627930 0.001953 0.001953
2 0.958984 0.629883 0.003906 0.009766
3 0.663086 0.675781 0.111328 0.113281
2 0.804688 0.616211 0.007812 0.005859
3 0.626953 0.616211 0.003906 0.005859
2 0.973633 0.610352 0.001953 0.001953
2 0.833008 0.619141 0.013672 0.023438
3 0.579102 0.608398 0.001953 0.001953
2 0.918945 0.606445 0.001953 0.001953
3 0.615234 0.611328 0.007812 0.011719
2 0.829102 0.601562 0.005859 0.003906
2 0.901367 0.594727 0.001953 0.001953
2 0.826172 0.594727 0.003906 0.005859
2 0.013672 0.592773 0.003906 0.001953
2 0.850586 0.586914 0.001953 0.001953
2 0.559570 0.583008 0.001953 0.001953
2 0.824219 0.580078 0.003906 0.003906
3 0.986328 0.595703 0.027344 0.046875
2 0.555664 0.575195 0.009766 0.005859
3 0.014648 0.569336 0.001953 0.001953
3 0.445312 0.570312 0.011719 0.007812
3 0.455078 0.563477 0.003906 0.001953
2 0.774414 0.557617 0.001953 0.001953
3 0.530273 0.646484 0.173828 0.210938
2 0.497070 0.508789 0.001953 0.001953
2 0.020508 0.507812 0.013672 0.011719
2 0.026367 0.500977 0.001953 0.001953
2 0.053711 0.493164 0.001953 0.001953
2 0.604492 0.500000 0.013672 0.027344
3 0.514648 0.485352 0.001953 0.001953
2 0.378906 0.486328 0.007812 0.003906
3 0.333984 0.472656 0.003906 0.003906
3 0.591797 0.485352 0.019531 0.033203
2 0.928711 0.462891 0.005859 0.003906
2 0.960938 0.470703 0.035156 0.042969
2 0.872070 0.450195 0.001953 0.001953
2 0.013672 0.467773 0.027344 0.037109
2 0.862305 0.444336 0.001953 0.001953
2 0.683594 0.530273 0.117188 0.177734
2 0.649414 0.442383 0.001953 0.001953
2 0.645508 0.442383 0.001953 0.001953
2 0.641602 0.442383 0.001953 0.001953
2 0.000977 0.442383 0.001953 0.001953
3 0.895508 0.440430 0.001953 0.001953
3 0.946289 0.441406 0.001953 0.011719
3 0.901367 0.436523 0.001953 0.001953
3 0.906250 0.435547 0.003906 0.003906
2 0.543945 0.430664 0.001953 0.001953
2 0.483398 0.416992 0.001953 0.001953
2 0.698242 0.415039 0.001953 0.001953
2 0.836914 0.546875 0.271484 0.277344
3 0.838867 0.395508 0.001953 0.001953
2 0.522461 0.385742 0.001953 0.001953
3 0.931641 0.408203 0.039062 0.050781
3 0.875977 0.383789 0.001953 0.001953
2 0.512695 0.381836 0.001953 0.001953
2 0.508789 0.375977 0.005859 0.005859
3 0.844727 0.372070 0.001953 0.001953
3 0.879883 0.371094 0.005859 0.003906
3 0.525391 0.362305 0.003906 0.001953
2 0.403320 0.358398 0.001953 0.001953
3 0.913086 0.342773 0.009766 0.005859
2 0.129883 0.335938 0.001953 0.003906
2 0.319336 0.325195 0.001953 0.001953
2 0.311523 0.325195 0.001953 0.001953
2 0.159180 0.325195 0.001953 0.001953
2 0.588867 0.362305 0.076172 0.087891
2 0.225586 0.313477 0.001953 0.001953
3 0.956055 0.305664 0.005859 0.001953
2 0.606445 0.303711 0.001953 0.001953
3 0.955078 0.301758 0.003906 0.001953
3 0.839844 0.369141 0.125000 0.167969
3 0.966797 0.328125 0.066406 0.089844
3 0.916992 0.284180 0.001953 0.001953
3 0.816406 0.284180 0.003906 0.005859
3 0.900391 0.285156 0.027344 0.019531
2 0.129883 0.259766 0.005859 0.003906
2 0.588867 0.256836 0.001953 0.001953
2 0.028320 0.256836 0.001953 0.001953
2 0.163086 0.254883 0.001953 0.001953
2 0.129883 0.254883 0.001953 0.001953
3 0.125977 0.254883 0.001953 0.001953
2 0.234375 0.250977 0.003906 0.001953
3 0.125977 0.250977 0.001953 0.001953
3 0.927734 0.250000 0.003906 0.003906
2 0.026367 0.247070 0.001953 0.001953
2 0.815430 0.240234 0.005859 0.007812
2 0.852539 0.233398 0.001953 0.001953
3 0.909180 0.231445 0.001953 0.001953
3 0.856445 0.232422 0.001953 0.003906
3 0.907227 0.227539 0.001953 0.001953
2 0.206055 0.232422 0.017578 0.015625
2 0.207031 0.225586 0.003906 0.005859
3 0.889648 0.232422 0.044922 0.023438
2 0.094727 0.213867 0.001953 0.001953
2 0.095703 0.208008 0.003906 0.005859
2 0.172852 0.204102 0.001953 0.001953
2 0.477539 0.198242 0.001953 0.001953
3 0.749023 0.196289 0.001953 0.001953
2 0.482422 0.195312 0.003906 0.003906
3 0.916016 0.192383 0.003906 0.001953
3 0.749023 0.192383 0.001953 0.001953
2 0.303711 0.190430 0.001953 0.001953
2 0.279297 0.192383 0.007812 0.005859
3 0.916992 0.188477 0.001953 0.001953
2 0.298828 0.188477 0.003906 0.001953
3 0.847656 0.191406 0.003906 0.011719
3 0.735352 0.189453 0.005859 0.007812
3 0.930664 0.188477 0.001953 0.009766
3 0.916992 0.184570 0.001953 0.001953
3 0.878906 0.195312 0.023438 0.023438
3 0.721680 0.182617 0.001953 0.001953
3 0.706055 0.182617 0.001953 0.001953
2 0.459961 0.180664 0.001953 0.001953
2 0.286133 0.568359 0.572266 0.777344
2 0.155273 0.180664 0.001953 0.001953
3 0.975586 0.174805 0.001953 0.001953
3 0.725586 0.177734 0.009766 0.015625
3 0.989258 0.181641 0.021484 0.027344
3 0.989258 0.168945 0.001953 0.001953
2 0.138672 0.173828 0.011719 0.011719
3 0.833984 0.169922 0.015625 0.015625
2 0.458008 0.159180 0.001953 0.001953
3 0.953125 0.212891 0.093750 0.117188
3 0.932617 0.154297 0.005859 0.003906
3 0.909180 0.153320 0.001953 0.001953
3 0.859375 0.161133 0.007812 0.017578
2 0.561523 0.227539 0.087891 0.150391
2 0.530273 0.153320 0.001953 0.001953
2 0.404297 0.154297 0.007812 0.003906
2 0.585938 0.156250 0.007812 0.011719
3 0.977539 0.149414 0.005859 0.001953
3 0.913086 0.149414 0.001953 0.001953
3 0.909180 0.148438 0.001953 0.003906
3 0.854492 0.148438 0.001953 0.003906
3 0.696289 0.145508 0.001953 0.001953
3 0.249023 0.145508 0.001953 0.001953
2 0.059570 0.148438 0.009766 0.007812
3 0.252930 0.143555 0.001953 0.001953
3 0.854492 0.139648 0.001953 0.001953
3 0.260742 0.139648 0.001953 0.001953
2 0.366211 0.138672 0.001953 0.003906
3 0.227539 0.141602 0.029297 0.009766
3 0.827148 0.145508 0.025391 0.021484
2 0.394531 0.138672 0.011719 0.007812
3 0.260742 0.135742 0.001953 0.001953
3 0.256836 0.135742 0.001953 0.001953
2 0.043945 0.133789 0.001953 0.001953
3 0.817383 0.129883 0.001953 0.001953
2 0.382812 0.144531 0.042969 0.031250
2 0.737305 0.145508 0.037109 0.037109
2 0.037109 0.128906 0.003906 0.003906
2 0.001953 0.128906 0.003906 0.007812
3 0.854492 0.124023 0.001953 0.001953
3 0.867188 0.118164 0.003906 0.001953
2 0.690430 0.118164 0.001953 0.001953
3 0.862305 0.116211 0.001953 0.001953
3 0.858398 0.116211 0.001953 0.001953
3 0.850586 0.116211 0.001953 0.001953
3 0.990234 0.125977 0.019531 0.029297
2 0.308594 0.113281 0.003906 0.003906
2 0.720703 0.118164 0.011719 0.017578
3 0.807617 0.117188 0.021484 0.019531
2 0.713867 0.108398 0.001953 0.001953
3 0.843750 0.109375 0.003906 0.007812
2 0.440430 0.167969 0.095703 0.132812
3 0.853516 0.104492 0.007812 0.009766
3 0.501953 0.098633 0.003906 0.001953
3 0.442383 0.098633 0.001953 0.001953
3 0.566406 0.100586 0.023438 0.009766
3 0.427734 0.098633 0.007812 0.005859
3 0.420898 0.090820 0.001953 0.001953
3 0.426758 0.088867 0.001953 0.001953
3 0.358398 0.091797 0.009766 0.007812
3 0.884766 0.096680 0.035156 0.021484
2 0.436523 0.090820 0.017578 0.009766
2 0.108398 0.084961 0.001953 0.001953
2 0.975586 0.081055 0.001953 0.001953
2 0.108398 0.081055 0.001953 0.001953
3 0.588867 0.078125 0.001953 0.003906
3 0.545898 0.077148 0.001953 0.001953
3 0.043945 0.083008 0.029297 0.017578
2 0.982422 0.075195 0.003906 0.005859
2 0.981445 0.069336 0.001953 0.001953
2 0.996094 0.070312 0.007812 0.007812
3 0.914062 0.068359 0.035156 0.015625
3 0.825195 0.061523 0.001953 0.001953
3 0.329102 0.089844 0.048828 0.058594
3 0.826172 0.057617 0.003906 0.001953
3 0.337891 0.057617 0.003906 0.001953
2 0.999023 0.053711 0.001953 0.001953
3 0.375977 0.052734 0.001953 0.003906
2 0.985352 0.055664 0.017578 0.013672
2 0.969727 0.049805 0.005859 0.001953
2 0.961914 0.049805 0.001953 0.001953
2 0.958008 0.049805 0.001953 0.001953
3 0.379883 0.049805 0.001953 0.001953
3 0.369141 0.050781 0.003906 0.003906
3 0.575195 0.045898 0.001953 0.001953
2 0.977539 0.044922 0.005859 0.003906
3 0.393555 0.043945 0.001953 0.001953
3 0.351562 0.045898 0.003906 0.005859
3 0.793945 0.041992 0.001953 0.001953
3 0.213867 0.041992 0.001953 0.001953
3 0.862305 0.038086 0.001953 0.001953
3 0.545898 0.036133 0.001953 0.001953
3 0.200195 0.034180 0.001953 0.001953
3 0.795898 0.030273 0.001953 0.001953
3 0.547852 0.028320 0.001953 0.001953
3 0.430664 0.028320 0.001953 0.001953
3 0.515625 0.061523 0.097656 0.080078
3 0.500977 0.020508 0.001953 0.001953
2 0.663086 0.018555 0.001953 0.001953
3 0.549805 0.013672 0.001953 0.003906
3 0.494141 0.009766 0.003906 0.003906
3 0.458008 0.004883 0.001953 0.001953
3 0.847656 0.055664 0.277344 0.111328
2 0.663086 0.172852 0.345703 0.345703
3 0.564453 0.009766 0.015625 0.019531
3 0.520508 0.007812 0.048828 0.015625
3 0.469727 0.009766 0.025391 0.019531
3 0.279297 0.042969 0.324219 0.085938
3 0.035156 0.036133 0.070312 0.072266