0 0.668945 0.930664 0.001953 0.001953
1 0.673828 0.926758 0.007812 0.005859
0 0.799805 0.916992 0.005859 0.001953
1 0.666016 0.921875 0.027344 0.011719
0 0.790039 0.905273 0.001953 0.001953
0 0.660156 0.898438 0.007812 0.007812
0 0.640625 0.895508 0.003906 0.001953
0 0.633789 0.889648 0.001953 0.001953
0 0.650391 0.886719 0.003906 0.003906
1 0.002930 0.747070 0.001953 0.001953
1 0.995117 0.602539 0.005859 0.005859
0 0.946289 0.600586 0.001953 0.001953
1 0.956055 0.581055 0.001953 0.001953
0 0.875977 0.579102 0.001953 0.001953
0 0.924805 0.543945 0.001953 0.001953
1 0.967773 0.471680 0.001953 0.001953
0 0.968750 0.466797 0.003906 0.003906
0 0.963867 0.465820 0.001953 0.001953
0 0.977539 0.463867 0.001953 0.001953
0 0.987305 0.464844 0.009766 0.019531
0 0.979492 0.456055 0.001953 0.001953
0 0.981445 0.448242 0.001953 0.001953
0 0.364258 0.442383 0.001953 0.001953
0 0.286133 0.440430 0.001953 0.001953
0 0.997070 0.443359 0.005859 0.011719
1 0.260742 0.430664 0.001953 0.001953
0 0.977539 0.428711 0.001953 0.001953
0 0.412109 0.428711 0.003906 0.001953
0 0.979492 0.424805 0.005859 0.001953
0 0.301758 0.424805 0.001953 0.001953
0 0.302734 0.416992 0.003906 0.005859
0 0.294922 0.417969 0.007812 0.007812
0 0.024414 0.413086 0.001953 0.001953
0 0.365234 0.408203 0.003906 0.003906
0 0.304688 0.407227 0.007812 0.005859
0 0.459961 0.400391 0.001953 0.003906
0 0.004883 0.399414 0.001953 0.001953
0 0.012695 0.397461 0.001953 0.001953
0 0.000977 0.395508 0.001953 0.001953
0 0.008789 0.397461 0.001953 0.009766
0 0.456055 0.389648 0.001953 0.001953
0 0.000977 0.387695 0.001953 0.005859
0 0.995117 0.383789 0.001953 0.001953
0 0.490234 0.384766 0.003906 0.003906
0 0.016602 0.386719 0.001953 0.007812
0 0.331055 0.381836 0.001953 0.001953
0 0.326172 0.382812 0.003906 0.003906
0 0.000977 0.381836 0.001953 0.001953
0 0.267578 0.383789 0.023438 0.013672
1 0.302734 0.387695 0.015625 0.025391
0 0.016602 0.375977 0.001953 0.001953
0 0.495117 0.374023 0.001953 0.001953
0 0.477539 0.374023 0.001953 0.001953
1 0.957031 0.374023 0.003906 0.005859
1 0.297852 0.374023 0.013672 0.009766
1 0.958008 0.368164 0.001953 0.001953
1 0.310547 0.370117 0.003906 0.005859
1 0.307617 0.362305 0.001953 0.001953
1 0.300781 0.364258 0.003906 0.005859
0 0.466797 0.367188 0.027344 0.023438
1 0.023438 0.358398 0.003906 0.005859
1 0.300781 0.353516 0.011719 0.007812
0 0.331055 0.349609 0.001953 0.003906
0 0.502930 0.342773 0.001953 0.001953
1 0.235352 0.336914 0.001953 0.001953
1 0.002930 0.341797 0.005859 0.011719
0 0.114258 0.333008 0.001953 0.001953
0 0.114258 0.329102 0.001953 0.001953
1 0.001953 0.329102 0.003906 0.001953
0 0.106445 0.321289 0.001953 0.001953
0 0.362305 0.318359 0.001953 0.003906
1 0.086914 0.331055 0.025391 0.033203
0 0.344727 0.334961 0.048828 0.052734
0 0.328125 0.310547 0.003906 0.007812
1 0.204102 0.307617 0.001953 0.001953
1 0.462891 0.304688 0.011719 0.007812
1 0.020508 0.295898 0.005859 0.005859
1 0.022461 0.290039 0.001953 0.001953
1 0.018555 0.290039 0.001953 0.001953
1 0.075195 0.291016 0.005859 0.007812
0 0.083008 0.286133 0.001953 0.001953
0 0.288086 0.281250 0.005859 0.007812
0 0.093750 0.282227 0.007812 0.009766
0 0.621094 0.276367 0.007812 0.005859
0 0.106445 0.273438 0.001953 0.003906
0 0.282227 0.270508 0.001953 0.001953
0 0.592773 0.267578 0.005859 0.003906
0 0.606445 0.264648 0.001953 0.001953
0 0.602539 0.262695 0.001953 0.001953
0 0.591797 0.262695 0.003906 0.001953
0 0.082031 0.261719 0.003906 0.003906
1 0.027344 0.256836 0.003906 0.005859
0 0.620117 0.255859 0.009766 0.011719
0 0.023438 0.250977 0.003906 0.001953
0 0.040039 0.247070 0.001953 0.001953
0 0.907227 0.243164 0.001953 0.001953
0 0.604492 0.239258 0.001953 0.001953
0 0.217773 0.233398 0.001953 0.001953
0 0.916992 0.231445 0.001953 0.001953
0 0.213867 0.229492 0.001953 0.001953
0 0.196289 0.248047 0.052734 0.039062
0 0.655273 0.227539 0.001953 0.001953
0 0.663086 0.209961 0.005859 0.001953
0 0.102539 0.208008 0.001953 0.001953
0 0.668945 0.201172 0.001953 0.003906
0 0.502930 0.200195 0.001953 0.001953
0 0.659180 0.198242 0.001953 0.001953
0 0.151367 0.196289 0.001953 0.001953
1 0.125977 0.196289 0.001953 0.001953
0 0.670898 0.194336 0.001953 0.001953
0 0.498047 0.195312 0.003906 0.003906
0 0.513672 0.194336 0.011719 0.005859
0 0.130859 0.194336 0.003906 0.005859
0 0.674805 0.190430 0.001953 0.001953
0 0.648438 0.186523 0.003906 0.005859
0 0.492188 0.184570 0.003906 0.001953
0 0.134766 0.184570 0.003906 0.001953
0 0.125977 0.190430 0.009766 0.013672
0 0.491211 0.180664 0.001953 0.001953
0 0.528320 0.180664 0.017578 0.009766
0 0.508789 0.172852 0.001953 0.001953
0 0.698242 0.170898 0.001953 0.001953
0 0.471680 0.178711 0.017578 0.017578
0 0.510742 0.169922 0.005859 0.007812
0 0.517578 0.166992 0.003906 0.005859
0 0.698242 0.163086 0.001953 0.001953
0 0.577148 0.166992 0.044922 0.013672
0 0.637695 0.159180 0.001953 0.001953
0 0.596680 0.155273 0.001953 0.001953
0 0.567383 0.155273 0.001953 0.001953
0 0.484375 0.158203 0.011719 0.007812
0 0.555664 0.153320 0.005859 0.001953
0 0.598633 0.149414 0.005859 0.005859
0 0.446289 0.147461 0.001953 0.001953
0 0.479492 0.142578 0.005859 0.003906
0 0.430664 0.139648 0.001953 0.001953
0 0.167969 0.195312 0.093750 0.113281
0 0.694336 0.137695 0.001953 0.001953
0 0.687500 0.137695 0.003906 0.001953
0 0.503906 0.140625 0.003906 0.007812
0 0.681641 0.136719 0.003906 0.003906
0 0.440430 0.132812 0.005859 0.003906
0 0.698242 0.130859 0.001953 0.003906
0 0.469727 0.129883 0.001953 0.001953
0 0.452148 0.134766 0.021484 0.023438
0 0.502930 0.110352 0.001953 0.001953
0 0.505859 0.104492 0.003906 0.001953
1 0.458008 0.103516 0.005859 0.003906
0 0.396484 0.103516 0.007812 0.007812
0 0.998047 0.099609 0.003906 0.007812
0 0.529297 0.099609 0.007812 0.007812
1 0.446289 0.097656 0.005859 0.003906
0 0.520508 0.090820 0.001953 0.001953
0 0.926758 0.083008 0.001953 0.001953
0 0.098633 0.079102 0.001953 0.001953
1 0.444336 0.073242 0.001953 0.001953
0 0.429688 0.080078 0.019531 0.027344
0 0.416992 0.065430 0.001953 0.001953
0 0.290039 0.063477 0.001953 0.001953
0 0.231445 0.067383 0.009766 0.009766
0 0.932617 0.064453 0.005859 0.007812
0 0.492188 0.063477 0.003906 0.005859
0 0.501953 0.060547 0.003906 0.003906
0 0.512695 0.072266 0.033203 0.031250
0 0.489258 0.056641 0.001953 0.003906
0 0.304688 0.059570 0.015625 0.009766
0 0.079102 0.053711 0.001953 0.001953
0 0.670898 0.052734 0.005859 0.003906
1 0.457031 0.053711 0.007812 0.005859
0 0.665039 0.049805 0.001953 0.001953
0 0.403320 0.057617 0.017578 0.021484
0 0.362305 0.045898 0.001953 0.001953
0 0.350586 0.043945 0.001953 0.001953
0 0.862305 0.041992 0.001953 0.001953
0 0.853516 0.042969 0.003906 0.003906
0 0.411133 0.041992 0.001953 0.001953
0 0.415039 0.040039 0.001953 0.001953
0 0.847656 0.037109 0.007812 0.003906
0 0.378906 0.038086 0.007812 0.005859
0 0.175781 0.032227 0.003906 0.001953
0 0.666016 0.031250 0.003906 0.003906
0 0.420898 0.032227 0.005859 0.005859
0 0.676758 0.028320 0.001953 0.001953
0 0.236328 0.029297 0.003906 0.003906
0 0.677734 0.023438 0.003906 0.003906
0 0.858398 0.018555 0.001953 0.001953
0 0.188477 0.014648 0.001953 0.005859
0 0.853516 0.012695 0.011719 0.005859
0 0.194336 0.008789 0.001953 0.001953
0 0.831055 0.004883 0.001953 0.001953
0 0.695312 0.002930 0.003906 0.001953
0 0.825195 0.000977 0.001953 0.001953
0 0.500000 0.500000 1.000000 1.000000
0 0.171875 0.159180 0.343750 0.318359
2 0.684570 0.993164 0.001953 0.001953
3 0.889648 0.989258 0.001953 0.001953
2 0.686523 0.988281 0.001953 0.003906
2 0.349609 0.988281 0.027344 0.011719
2 0.918945 0.981445 0.001953 0.005859
3 0.895508 0.979492 0.001953 0.001953
3 0.885742 0.979492 0.001953 0.001953
3 0.933594 0.988281 0.046875 0.023438
2 0.843750 0.978516 0.003906 0.003906
3 0.266602 0.986328 0.037109 0.027344
2 0.655273 0.969727 0.001953 0.001953
2 0.676758 0.961914 0.001953 0.001953
2 0.994141 0.955078 0.011719 0.007812
3 0.410156 0.949219 0.011719 0.007812
3 0.001953 0.943359 0.003906 0.003906
2 0.565430 0.935547 0.001953 0.003906
3 0.959961 0.928711 0.005859 0.005859
3 0.933594 0.930664 0.042969 0.009766
2 0.809570 0.926758 0.001953 0.001953
2 0.565430 0.928711 0.001953 0.005859
2 0.557617 0.929688 0.009766 0.007812
3 0.407227 0.935547 0.017578 0.019531
3 0.588867 0.927734 0.005859 0.015625
3 0.410156 0.918945 0.003906 0.001953
2 0.745117 0.915039 0.001953 0.001953
3 0.512695 0.915039 0.001953 0.001953
2 0.577148 0.914062 0.001953 0.003906
2 0.721680 0.901367 0.001953 0.001953
2 0.576172 0.902344 0.007812 0.015625
2 0.688477 0.891602 0.001953 0.001953
2 0.569336 0.891602 0.001953 0.001953
2 0.623047 0.888672 0.007812 0.003906
3 0.308594 0.890625 0.015625 0.011719
3 0.299805 0.885742 0.001953 0.001953
2 0.694336 0.883789 0.005859 0.001953
2 0.747070 0.881836 0.001953 0.001953
2 0.686523 0.881836 0.001953 0.001953
2 0.680664 0.881836 0.001953 0.001953
2 0.624023 0.880859 0.009766 0.007812
3 0.067383 0.879883 0.005859 0.013672
2 0.765625 0.872070 0.003906 0.005859
3 0.069336 0.870117 0.001953 0.001953
2 0.621094 0.869141 0.003906 0.003906
3 0.305664 0.875000 0.037109 0.015625
2 0.758789 0.931641 0.263672 0.136719
3 0.315430 0.862305 0.001953 0.001953
3 0.088867 0.858398 0.001953 0.001953
2 0.039062 0.858398 0.003906 0.001953
3 0.094727 0.852539 0.001953 0.001953
2 0.039062 0.852539 0.007812 0.005859
2 0.926758 0.844727 0.005859 0.001953
3 0.085938 0.853516 0.019531 0.023438
2 0.749023 0.838867 0.001953 0.001953
3 0.961914 0.861328 0.017578 0.050781
2 0.928711 0.834961 0.001953 0.001953
3 0.475586 0.831055 0.001953 0.001953
3 0.482422 0.830078 0.003906 0.003906
2 0.749023 0.825195 0.005859 0.005859
3 0.463867 0.820312 0.005859 0.003906
2 0.665039 0.813477 0.001953 0.001953
3 0.913086 0.805664 0.001953 0.001953
3 0.301758 0.805664 0.001953 0.001953
2 0.801758 0.799805 0.001953 0.001953
3 0.901367 0.798828 0.001953 0.003906
3 0.688477 0.797852 0.001953 0.001953
2 0.354492 0.797852 0.001953 0.001953
3 0.299805 0.798828 0.001953 0.003906
3 0.287109 0.795898 0.003906 0.001953
3 0.290039 0.791016 0.001953 0.003906
2 0.528320 0.788086 0.001953 0.001953
2 0.088867 0.784180 0.001953 0.001953
2 0.454102 0.778320 0.001953 0.001953
3 0.939453 0.776367 0.003906 0.001953
2 0.385742 0.776367 0.001953 0.001953
3 0.500977 0.843750 0.130859 0.140625
2 0.407227 0.772461 0.001953 0.001953
2 0.364258 0.780273 0.017578 0.017578
3 0.022461 0.771484 0.005859 0.003906
2 0.354492 0.768555 0.001953 0.001953
3 0.933594 0.766602 0.003906 0.005859
2 0.563477 0.762695 0.001953 0.001953
3 0.901367 0.760742 0.001953 0.001953
2 0.349609 0.764648 0.007812 0.009766
2 0.033203 0.771484 0.011719 0.023438
2 0.558594 0.760742 0.011719 0.017578
2 0.057617 0.750977 0.001953 0.001953
3 0.942383 0.752930 0.005859 0.009766
2 0.077148 0.747070 0.001953 0.001953
3 0.414062 0.750000 0.019531 0.015625
2 0.074219 0.742188 0.007812 0.003906
2 0.067383 0.739258 0.001953 0.005859
2 0.528320 0.735352 0.001953 0.001953
3 0.864258 0.733398 0.001953 0.001953
3 0.843750 0.802734 0.238281 0.140625
2 0.278320 0.735352 0.005859 0.005859
3 0.015625 0.747070 0.031250 0.033203
2 0.096680 0.725586 0.001953 0.001953
3 0.180664 0.709961 0.001953 0.001953
3 0.595703 0.694336 0.003906 0.001953
3 0.862305 0.692383 0.001953 0.001953
2 0.155273 0.693359 0.005859 0.003906
3 0.934570 0.690430 0.001953 0.001953
2 0.120117 0.749023 0.158203 0.119141
3 0.235352 0.684570 0.001953 0.001953
2 0.215820 0.701172 0.052734 0.039062
3 0.879883 0.674805 0.001953 0.001953
3 0.582031 0.675781 0.003906 0.003906
2 0.220703 0.675781 0.003906 0.003906
3 0.889648 0.672852 0.005859 0.001953
2 0.024414 0.670898 0.001953 0.001953
2 0.014648 0.670898 0.001953 0.001953
3 0.888672 0.668945 0.003906 0.001953
2 0.475586 0.666992 0.005859 0.001953
3 0.904297 0.704102 0.097656 0.083984
2 0.483398 0.664062 0.005859 0.003906
2 0.655273 0.661133 0.001953 0.001953
2 0.069336 0.657227 0.001953 0.001953
2 0.635742 0.724609 0.197266 0.140625
2 0.656250 0.655273 0.003906 0.005859
2 0.064453 0.678711 0.050781 0.052734
2 0.068359 0.653320 0.003906 0.001953
2 0.013672 0.664062 0.019531 0.023438
3 0.684570 0.649414 0.001953 0.001953
3 0.695312 0.648438 0.003906 0.003906
3 0.686523 0.645508 0.001953 0.001953
3 0.678711 0.645508 0.001953 0.001953
3 0.682617 0.643555 0.001953 0.001953
3 0.311523 0.638672 0.005859 0.003906
3 0.739258 0.635742 0.001953 0.001953
2 0.243164 0.633789 0.001953 0.001953
3 0.749023 0.631836 0.001953 0.001953
3 0.984375 0.630859 0.003906 0.007812
2 0.250977 0.627930 0.001953 0.001953
3 0.752930 0.622070 0.005859 0.001953
2 0.945312 0.622070 0.019531 0.017578
2 0.441406 0.610352 0.003906 0.005859
3 0.712891 0.623047 0.082031 0.039062
3 0.715820 0.602539 0.001953 0.001953
3 0.726562 0.600586 0.003906 0.001953
2 0.223633 0.636719 0.087891 0.085938
2 0.138672 0.605469 0.027344 0.023438
2 0.252930 0.590820 0.001953 0.001953
2 0.877930 0.586914 0.001953 0.001953
3 0.258789 0.584961 0.013672 0.005859
2 0.916992 0.581055 0.001953 0.001953
3 0.512695 0.581055 0.001953 0.001953
3 0.506836 0.579102 0.001953 0.001953
2 0.854492 0.578125 0.005859 0.003906
2 0.842773 0.580078 0.013672 0.007812
2 0.490234 0.577148 0.007812 0.005859
3 0.260742 0.575195 0.005859 0.001953
2 0.494141 0.571289 0.007812 0.001953
3 0.968750 0.611328 0.062500 0.093750
2 0.675781 0.553711 0.003906 0.001953
2 0.500000 0.554688 0.003906 0.003906
2 0.637695 0.541992 0.001953 0.001953
3 0.279297 0.564453 0.035156 0.046875
2 0.947266 0.545898 0.003906 0.013672
2 0.502930 0.534180 0.001953 0.001953
3 0.235352 0.534180 0.001953 0.001953
3 0.576172 0.532227 0.003906 0.001953
3 0.953125 0.530273 0.003906 0.005859
3 0.008789 0.528320 0.005859 0.001953
3 0.576172 0.527344 0.007812 0.003906
3 0.227539 0.526367 0.001953 0.001953
2 0.705078 0.540039 0.019531 0.033203
3 0.542969 0.524414 0.007812 0.001953
3 0.219727 0.535156 0.033203 0.023438
3 0.534180 0.523438 0.005859 0.003906
3 0.223633 0.520508 0.001953 0.001953
3 0.204102 0.520508 0.001953 0.001953
3 0.028320 0.525391 0.021484 0.011719
3 0.556641 0.521484 0.011719 0.007812
2 0.189453 0.525391 0.015625 0.015625
2 0.241211 0.524414 0.021484 0.017578
3 0.204102 0.516602 0.001953 0.001953
3 0.790039 0.514648 0.001953 0.001953
3 0.214844 0.515625 0.003906 0.003906
2 0.143555 0.514648 0.001953 0.001953
2 0.204102 0.512695 0.001953 0.001953
2 0.172852 0.512695 0.001953 0.001953
3 0.799805 0.512695 0.013672 0.009766
3 0.797852 0.504883 0.001953 0.001953
3 0.475586 0.536133 0.060547 0.064453
2 0.147461 0.489258 0.001953 0.001953
2 0.284180 0.487305 0.001953 0.001953
2 0.274414 0.481445 0.001953 0.001953
2 0.285156 0.480469 0.007812 0.003906
2 0.607422 0.508789 0.078125 0.068359
2 0.897461 0.469727 0.001953 0.001953
2 0.287109 0.467773 0.003906 0.001953
2 0.176758 0.469727 0.001953 0.005859
2 0.355469 0.463867 0.003906 0.001953
2 0.346680 0.463867 0.001953 0.001953
2 0.176758 0.463867 0.001953 0.001953
2 0.337891 0.458008 0.003906 0.001953
2 0.276367 0.462891 0.013672 0.011719
2 0.213867 0.458008 0.001953 0.001953
2 0.002930 0.454102 0.005859 0.005859
3 0.258789 0.440430 0.001953 0.001953
2 0.342773 0.436523 0.001953 0.001953
3 0.234375 0.435547 0.007812 0.003906
2 0.338867 0.436523 0.001953 0.009766
2 0.532227 0.438477 0.029297 0.017578
3 0.241211 0.426758 0.001953 0.001953
2 0.940430 0.428711 0.017578 0.009766
2 0.438477 0.425781 0.013672 0.015625
2 0.239258 0.419922 0.005859 0.003906
2 0.219727 0.416992 0.001953 0.001953
2 0.214844 0.418945 0.007812 0.005859
2 0.593750 0.413086 0.003906 0.001953
2 0.588867 0.413086 0.001953 0.001953
2 0.467773 0.405273 0.001953 0.001953
2 0.877930 0.406250 0.013672 0.007812
2 0.472656 0.403320 0.003906 0.001953
2 0.142578 0.485352 0.085938 0.169922
2 0.890625 0.398438 0.003906 0.003906
2 0.211914 0.397461 0.001953 0.001953
2 0.137695 0.393555 0.001953 0.001953
2 0.899414 0.391602 0.001953 0.001953
2 0.208984 0.387695 0.003906 0.001953
2 0.973633 0.381836 0.001953 0.001953
2 0.556641 0.377930 0.003906 0.001953
2 0.549805 0.375977 0.001953 0.001953
2 0.997070 0.375000 0.005859 0.003906
2 0.128906 0.379883 0.015625 0.017578
2 0.676758 0.370117 0.005859 0.001953
2 0.546875 0.369141 0.003906 0.003906
2 0.211914 0.368164 0.001953 0.001953
2 0.575195 0.366211 0.001953 0.001953
2 0.536133 0.366211 0.001953 0.001953
2 0.208008 0.366211 0.001953 0.001953
2 0.197266 0.372070 0.011719 0.013672
2 0.495117 0.361328 0.005859 0.003906
2 0.999023 0.356445 0.001953 0.005859
2 0.567383 0.350586 0.001953 0.001953
2 0.491211 0.346680 0.001953 0.001953
2 0.139648 0.344727 0.001953 0.001953
3 0.000977 0.344727 0.001953 0.001953
2 0.928711 0.463867 0.142578 0.244141
2 0.606445 0.384766 0.146484 0.085938
2 0.634766 0.342773 0.007812 0.005859
2 0.875000 0.338867 0.003906 0.001953
3 0.653320 0.338867 0.001953 0.001953
2 0.642578 0.339844 0.003906 0.007812
2 0.640625 0.330078 0.003906 0.003906
2 0.920898 0.321289 0.001953 0.001953
2 0.641602 0.319336 0.001953 0.001953
2 0.641602 0.315430 0.001953 0.001953
2 0.754883 0.313477 0.001953 0.001953
2 0.632812 0.316406 0.003906 0.007812
2 0.996094 0.319336 0.007812 0.017578
2 0.854492 0.307617 0.001953 0.001953
3 0.735352 0.340820 0.064453 0.068359
2 0.999023 0.306641 0.001953 0.003906
2 0.668945 0.306641 0.001953 0.003906
2 0.862305 0.305664 0.001953 0.005859
2 0.854492 0.303711 0.001953 0.001953
2 0.668945 0.301758 0.001953 0.001953
2 0.742188 0.299805 0.003906 0.001953
2 0.653320 0.303711 0.037109 0.017578
2 0.886719 0.290039 0.003906 0.001953
2 0.703125 0.291016 0.003906 0.003906
2 0.870117 0.289062 0.009766 0.003906
2 0.769531 0.289062 0.003906 0.007812
2 0.737305 0.287109 0.001953 0.003906
2 0.733398 0.286133 0.001953 0.001953
2 0.750000 0.286133 0.003906 0.005859
3 0.024414 0.284180 0.001953 0.001953
2 0.696289 0.280273 0.001953 0.001953
2 0.918945 0.274414 0.001953 0.001953
2 0.000977 0.278320 0.001953 0.017578
2 0.720703 0.282227 0.031250 0.033203
2 0.000977 0.266602 0.001953 0.001953
3 0.015625 0.261719 0.003906 0.003906
3 0.778320 0.258789 0.005859 0.021484
2 0.744141 0.257812 0.058594 0.027344
3 0.999023 0.243164 0.001953 0.001953
2 0.889648 0.241211 0.001953 0.001953
2 0.811523 0.241211 0.001953 0.001953
2 0.875977 0.239258 0.001953 0.001953
2 0.635742 0.238281 0.001953 0.003906
2 0.631836 0.238281 0.001953 0.003906
3 0.999023 0.236328 0.001953 0.003906
2 0.691406 0.235352 0.007812 0.005859
2 0.819336 0.231445 0.001953 0.001953
2 0.797852 0.231445 0.001953 0.001953
2 0.867188 0.231445 0.003906 0.005859
2 0.738281 0.235352 0.007812 0.013672
3 0.784180 0.231445 0.005859 0.009766
2 0.919922 0.217773 0.003906 0.001953
2 0.735352 0.215820 0.001953 0.001953
2 0.834961 0.208008 0.001953 0.001953
2 0.823242 0.208008 0.001953 0.001953
2 0.721680 0.204102 0.001953 0.001953
2 0.832031 0.203125 0.007812 0.003906
2 0.834961 0.200195 0.001953 0.001953
3 0.956055 0.194336 0.001953 0.001953
2 0.746094 0.199219 0.011719 0.011719
2 0.872070 0.192383 0.001953 0.001953
2 0.738281 0.193359 0.003906 0.003906
2 0.715820 0.192383 0.001953 0.001953
2 0.736328 0.206055 0.035156 0.037109
2 0.729492 0.178711 0.001953 0.001953
2 0.943359 0.247070 0.113281 0.146484
2 0.879883 0.174805 0.001953 0.001953
3 0.952148 0.172852 0.001953 0.001953
2 0.909180 0.166992 0.001953 0.001953
2 0.686523 0.166992 0.001953 0.001953
2 0.010742 0.167969 0.001953 0.003906
2 0.000977 0.166992 0.001953 0.001953
2 0.914062 0.164062 0.003906 0.003906
2 0.706055 0.161133 0.001953 0.001953
2 0.985352 0.150391 0.005859 0.003906
3 0.888672 0.151367 0.003906 0.005859
2 0.725586 0.145508 0.001953 0.001953
2 0.823242 0.237305 0.115234 0.205078
2 0.725586 0.133789 0.001953 0.001953
2 0.729492 0.131836 0.001953 0.001953
2 0.858398 0.134766 0.009766 0.011719
2 0.749023 0.125977 0.001953 0.001953
2 0.749023 0.122070 0.001953 0.001953
2 0.649414 0.122070 0.001953 0.001953
2 0.754883 0.117188 0.005859 0.007812
2 0.707031 0.112305 0.003906 0.001953
2 0.635742 0.110352 0.001953 0.001953
2 0.309570 0.106445 0.001953 0.001953
3 0.864258 0.100586 0.005859 0.005859
3 0.873047 0.094727 0.003906 0.001953
2 0.274414 0.090820 0.005859 0.001953
2 0.327148 0.089844 0.005859 0.007812
3 0.852539 0.088867 0.033203 0.017578
2 0.286133 0.090820 0.005859 0.021484
2 0.276367 0.078125 0.001953 0.003906
2 0.272461 0.077148 0.001953 0.001953
2 0.264648 0.069336 0.001953 0.001953
3 0.843750 0.068359 0.003906 0.003906
2 0.258789 0.067383 0.001953 0.001953
3 0.846680 0.065430 0.001953 0.001953
2 0.887695 0.063477 0.001953 0.001953
2 0.856445 0.060547 0.001953 0.003906
2 0.243164 0.057617 0.001953 0.001953
2 0.861328 0.056641 0.003906 0.003906
2 0.695312 0.065430 0.019531 0.021484
2 0.850586 0.054688 0.005859 0.007812
2 0.842773 0.043945 0.001953 0.001953
2 0.786133 0.040039 0.001953 0.001953
2 0.204102 0.041016 0.001953 0.003906
2 0.152344 0.035156 0.003906 0.003906
2 0.778320 0.036133 0.013672 0.009766
3 0.186523 0.026367 0.001953 0.001953
2 0.174805 0.026367 0.001953 0.001953
2 0.786133 0.020508 0.001953 0.001953
2 0.182617 0.006836 0.001953 0.001953
2 0.888672 0.073242 0.222656 0.146484
2 0.372070 0.236328 0.744141 0.472656
3 0.120117 0.000977 0.001953 0.001953
3 0.116211 0.001953 0.001953 0.003906