1 0.547852 0.995117 0.009766 0.005859
0 0.895508 0.992188 0.001953 0.003906
1 0.225586 0.989258 0.001953 0.001953
1 0.981445 0.987305 0.001953 0.001953
0 0.872070 0.993164 0.029297 0.013672
1 0.737305 0.988281 0.005859 0.007812
1 0.382812 0.982422 0.003906 0.003906
1 0.045898 0.979492 0.001953 0.001953
1 0.036133 0.980469 0.005859 0.003906
0 0.843750 0.988281 0.019531 0.023438
1 0.199219 0.976562 0.011719 0.007812
0 0.889648 0.971680 0.001953 0.001953
0 0.885742 0.970703 0.001953 0.003906
0 0.851562 0.970703 0.003906 0.003906
1 0.768555 0.965820 0.001953 0.001953
1 0.749023 0.971680 0.017578 0.013672
0 0.211914 0.966797 0.005859 0.007812
0 0.178711 0.967773 0.013672 0.009766
1 0.737305 0.962891 0.001953 0.003906
1 0.730469 0.962891 0.007812 0.003906
1 0.715820 0.961914 0.001953 0.001953
1 0.360352 0.961914 0.001953 0.001953
1 0.775391 0.966797 0.007812 0.015625
0 0.215820 0.959961 0.001953 0.001953
0 0.268555 0.958008 0.001953 0.001953
1 0.728516 0.957031 0.003906 0.003906
1 0.704102 0.956055 0.001953 0.001953
1 0.700195 0.954102 0.001953 0.001953
0 0.994141 0.966797 0.011719 0.031250
0 0.288086 0.948242 0.001953 0.001953
0 0.250977 0.966797 0.025391 0.042969
1 0.711914 0.947266 0.009766 0.007812
0 0.131836 0.940430 0.005859 0.001953
1 0.742188 0.944336 0.015625 0.017578
1 0.709961 0.930664 0.001953 0.001953
0 0.788086 0.947266 0.029297 0.046875
0 0.273438 0.944336 0.039062 0.052734
1 0.656250 0.917969 0.007812 0.003906
1 0.669922 0.918945 0.011719 0.017578
1 0.651367 0.911133 0.005859 0.005859
0 0.161133 0.905273 0.001953 0.001953
0 0.160156 0.929688 0.078125 0.058594
0 0.201172 0.931641 0.058594 0.066406
1 0.826172 0.898438 0.003906 0.007812
1 0.813477 0.895508 0.001953 0.001953
0 0.774414 0.915039 0.037109 0.041016
0 0.255859 0.905273 0.023438 0.025391
1 0.821289 0.887695 0.005859 0.001953
1 0.497070 0.901367 0.033203 0.041016
1 0.801758 0.878906 0.025391 0.019531
0 0.856445 0.860352 0.001953 0.001953
0 0.849609 0.899414 0.035156 0.080078
1 0.610352 0.854492 0.009766 0.013672
0 0.981445 0.846680 0.001953 0.001953
1 0.162109 0.844727 0.003906 0.001953
0 0.885742 0.836914 0.001953 0.001953
0 0.875000 0.836914 0.003906 0.005859
1 0.702148 0.830078 0.005859 0.003906
1 0.379883 0.828125 0.005859 0.003906
0 0.999023 0.825195 0.001953 0.001953
1 0.384766 0.819336 0.007812 0.005859
1 0.351562 0.806641 0.003906 0.007812
1 0.289062 0.804688 0.003906 0.003906
0 0.988281 0.797852 0.003906 0.001953
0 0.724609 0.799805 0.007812 0.005859
1 0.602539 0.807617 0.021484 0.021484
0 0.723633 0.795898 0.001953 0.001953
1 0.438477 0.796875 0.001953 0.003906
0 0.997070 0.793945 0.005859 0.001953
1 0.704102 0.799805 0.009766 0.013672
1 0.692383 0.793945 0.009766 0.009766
1 0.160156 0.791016 0.011719 0.007812
1 0.661133 0.786133 0.001953 0.001953
0 0.307617 0.795898 0.033203 0.029297
0 0.991211 0.781250 0.001953 0.003906
1 0.679688 0.784180 0.007812 0.017578
1 0.833008 0.818359 0.072266 0.093750
0 0.269531 0.778320 0.007812 0.025391
0 0.943359 0.762695 0.003906 0.001953
1 0.220703 0.766602 0.007812 0.009766
1 0.415039 0.758789 0.001953 0.001953
1 0.431641 0.765625 0.019531 0.019531
0 0.273438 0.757812 0.003906 0.007812
0 0.233398 0.752930 0.001953 0.001953
1 0.577148 0.751953 0.005859 0.003906
1 0.219727 0.755859 0.005859 0.011719
0 0.348633 0.766602 0.029297 0.037109
0 0.305664 0.761719 0.044922 0.027344
1 0.715820 0.741211 0.001953 0.001953
0 0.274414 0.741211 0.001953 0.001953
0 0.923828 0.865234 0.152344 0.253906
1 0.578125 0.741211 0.007812 0.005859
0 0.292969 0.744141 0.011719 0.011719
1 0.893555 0.737305 0.001953 0.001953
0 0.811523 0.737305 0.005859 0.001953
0 0.280273 0.737305 0.001953 0.001953
0 0.293945 0.735352 0.005859 0.001953
0 0.285156 0.736328 0.003906 0.003906
0 0.257812 0.753906 0.019531 0.042969
0 0.739258 0.731445 0.001953 0.001953
0 0.806641 0.731445 0.003906 0.005859
0 0.290039 0.729492 0.001953 0.001953
0 0.279297 0.731445 0.003906 0.005859
1 0.899414 0.725586 0.001953 0.001953
1 0.852539 0.721680 0.001953 0.001953
0 0.901367 0.769531 0.064453 0.101562
0 0.799805 0.717773 0.001953 0.001953
0 0.208984 0.719727 0.023438 0.048828
0 0.224609 0.696289 0.003906 0.005859
1 0.727539 0.692383 0.001953 0.001953
0 0.235352 0.695312 0.009766 0.011719
1 0.848633 0.684570 0.001953 0.001953
1 0.829102 0.723633 0.041016 0.087891
1 0.731445 0.680664 0.001953 0.001953
0 0.211914 0.684570 0.009766 0.009766
0 0.263672 0.691406 0.023438 0.027344
1 0.734375 0.676758 0.003906 0.001953
0 0.936523 0.671875 0.001953 0.003906
0 0.954102 0.712891 0.091797 0.085938
1 0.606445 0.673828 0.009766 0.011719
1 0.674805 0.666992 0.001953 0.001953
0 0.291992 0.666992 0.001953 0.001953
0 0.809570 0.663086 0.001953 0.001953
1 0.663086 0.659180 0.005859 0.001953
1 0.815430 0.657227 0.001953 0.001953
0 0.621094 0.666016 0.015625 0.027344
0 0.793945 0.651367 0.001953 0.001953
0 0.759766 0.723633 0.101562 0.146484
1 0.387695 0.654297 0.001953 0.007812
0 0.991211 0.649414 0.001953 0.001953
1 0.475586 0.649414 0.001953 0.001953
0 0.350586 0.652344 0.005859 0.007812
1 0.351562 0.698242 0.117188 0.103516
0 0.874023 0.657227 0.025391 0.025391
0 0.338867 0.646484 0.005859 0.003906
0 0.265625 0.660156 0.023438 0.031250
1 0.253906 0.648438 0.003906 0.007812
0 0.346680 0.643555 0.001953 0.001953
0 0.924805 0.635742 0.001953 0.001953
1 0.816406 0.633789 0.003906 0.001953
1 0.911133 0.631836 0.001953 0.001953
1 0.707031 0.633789 0.003906 0.005859
1 0.378906 0.626953 0.003906 0.003906
0 0.873047 0.628906 0.019531 0.011719
1 0.371094 0.626953 0.007812 0.007812
1 0.909180 0.622070 0.001953 0.001953
0 0.852539 0.625000 0.009766 0.015625
1 0.385742 0.618164 0.001953 0.001953
0 0.817383 0.624023 0.029297 0.021484
0 0.741211 0.631836 0.029297 0.037109
1 0.480469 0.615234 0.003906 0.003906
1 0.392578 0.617188 0.003906 0.007812
1 0.386719 0.614258 0.003906 0.001953
1 0.919922 0.622070 0.015625 0.021484
1 0.463867 0.612305 0.001953 0.001953
1 0.397461 0.612305 0.001953 0.001953
0 0.790039 0.610352 0.001953 0.001953
1 0.694336 0.610352 0.001953 0.001953
1 0.590820 0.610352 0.001953 0.001953
0 0.872070 0.613281 0.009766 0.011719
0 0.956055 0.634766 0.068359 0.058594
1 0.397461 0.606445 0.001953 0.001953
0 0.775391 0.604492 0.003906 0.001953
1 0.577148 0.609375 0.029297 0.011719
1 0.461914 0.625000 0.107422 0.046875
1 0.412109 0.603516 0.003906 0.003906
1 0.682617 0.646484 0.052734 0.093750
0 0.264648 0.601562 0.001953 0.003906
0 0.784180 0.602539 0.017578 0.009766
1 0.592773 0.596680 0.001953 0.001953
1 0.381836 0.596680 0.001953 0.001953
0 0.376953 0.597656 0.003906 0.003906
0 0.367188 0.597656 0.003906 0.003906
1 0.684570 0.592773 0.001953 0.001953
0 0.948242 0.595703 0.013672 0.011719
1 0.380859 0.591797 0.003906 0.003906
0 0.375977 0.590820 0.001953 0.001953
0 0.369141 0.591797 0.003906 0.003906
0 0.774414 0.590820 0.001953 0.005859
0 0.759766 0.606445 0.019531 0.037109
0 0.833008 0.600586 0.025391 0.029297
1 0.958984 0.585938 0.003906 0.003906
0 0.848633 0.592773 0.009766 0.017578
1 0.971680 0.583008 0.001953 0.001953
1 0.375000 0.584961 0.019531 0.005859
0 0.994141 0.583984 0.007812 0.007812
0 0.767578 0.583984 0.011719 0.011719
0 0.743164 0.575195 0.001953 0.001953
0 0.846680 0.573242 0.005859 0.005859
0 0.873047 0.567383 0.007812 0.009766
1 0.540039 0.561523 0.001953 0.001953
0 0.831055 0.559570 0.001953 0.001953
1 0.529297 0.557617 0.003906 0.001953
0 0.874023 0.555664 0.001953 0.001953
0 0.259766 0.554688 0.003906 0.003906
0 0.252930 0.554688 0.005859 0.003906
0 0.238281 0.559570 0.027344 0.017578
0 0.254883 0.549805 0.001953 0.001953
0 0.249023 0.549805 0.001953 0.001953
1 0.457031 0.545898 0.007812 0.005859
0 0.874023 0.541992 0.001953 0.001953
0 0.831055 0.541992 0.001953 0.001953
1 0.231445 0.541992 0.001953 0.001953
1 0.194336 0.541016 0.013672 0.003906
0 0.175781 0.547852 0.007812 0.017578
0 0.841797 0.538086 0.003906 0.001953
1 0.164062 0.539062 0.003906 0.003906
1 0.184570 0.535156 0.001953 0.003906
1 0.113281 0.537109 0.003906 0.007812
0 0.563477 0.533203 0.001953 0.003906
1 0.101562 0.539062 0.007812 0.015625
1 0.084961 0.530273 0.001953 0.001953
1 0.090820 0.529297 0.005859 0.003906
1 0.204102 0.527344 0.001953 0.003906
1 0.194336 0.528320 0.009766 0.005859
0 0.555664 0.520508 0.001953 0.001953
1 0.223633 0.518555 0.001953 0.001953
1 0.883789 0.519531 0.013672 0.007812
0 0.304688 0.516602 0.003906 0.005859
1 0.223633 0.514648 0.001953 0.001953
1 0.087891 0.512695 0.003906 0.001953
1 0.518555 0.502930 0.001953 0.001953
0 0.860352 0.541016 0.033203 0.082031
1 0.238281 0.500977 0.003906 0.001953
1 0.232422 0.499023 0.003906 0.005859
0 0.867188 0.494141 0.007812 0.007812
0 0.432617 0.491211 0.001953 0.001953
1 0.452148 0.489258 0.001953 0.001953
0 0.750977 0.487305 0.001953 0.001953
1 0.458008 0.489258 0.005859 0.005859
1 0.297852 0.481445 0.001953 0.001953
1 0.998047 0.480469 0.003906 0.003906
0 0.870117 0.477539 0.001953 0.001953
0 0.737305 0.477539 0.001953 0.001953
0 0.304688 0.480469 0.003906 0.007812
0 0.262695 0.515625 0.076172 0.078125
1 0.972656 0.477539 0.007812 0.009766
0 0.411133 0.493164 0.029297 0.044922
0 0.401367 0.469727 0.001953 0.001953
1 0.975586 0.467773 0.001953 0.001953
0 0.299805 0.471680 0.005859 0.009766
0 0.022461 0.478516 0.025391 0.027344
1 0.297852 0.463867 0.001953 0.001953
0 0.277344 0.461914 0.003906 0.001953
1 0.181641 0.460938 0.003906 0.003906
1 0.311523 0.458008 0.001953 0.001953
0 0.305664 0.555664 0.158203 0.201172
0 0.743164 0.454102 0.001953 0.001953
0 0.973633 0.450195 0.001953 0.001953
0 0.973633 0.446289 0.001953 0.001953
1 0.311523 0.444336 0.001953 0.001953
1 0.302734 0.449219 0.011719 0.011719
0 0.256836 0.465820 0.044922 0.044922
0 0.010742 0.461914 0.021484 0.037109
0 0.861328 0.456055 0.062500 0.037109
0 0.819336 0.438477 0.001953 0.001953
1 0.309570 0.438477 0.001953 0.001953
1 0.965820 0.436523 0.001953 0.001953
0 0.982422 0.447266 0.019531 0.035156
1 0.336914 0.430664 0.001953 0.001953
1 0.958008 0.432617 0.009766 0.009766
1 0.002930 0.419922 0.005859 0.019531
0 0.782227 0.411133 0.005859 0.005859
0 0.383789 0.405273 0.001953 0.001953
1 0.999023 0.393555 0.001953 0.005859
1 0.918945 0.393555 0.013672 0.005859
0 0.909180 0.385742 0.001953 0.001953
0 0.826172 0.407227 0.054688 0.044922
0 0.250977 0.408203 0.021484 0.054688
0 0.883789 0.379883 0.001953 0.001953
0 0.862305 0.392578 0.013672 0.027344
0 0.875977 0.382812 0.009766 0.011719
0 0.249023 0.377930 0.001953 0.001953
1 0.134766 0.386719 0.011719 0.019531
1 0.016602 0.377930 0.001953 0.001953
1 0.000977 0.378906 0.001953 0.003906
1 0.268555 0.377930 0.005859 0.009766
1 0.143555 0.374023 0.001953 0.001953
1 0.000977 0.372070 0.001953 0.001953
0 0.258789 0.372070 0.001953 0.005859
1 0.208984 0.382812 0.015625 0.027344
1 0.268555 0.366211 0.001953 0.001953
1 0.206055 0.366211 0.001953 0.001953
1 0.811523 0.362305 0.001953 0.001953
0 0.807617 0.362305 0.001953 0.001953
0 0.900391 0.372070 0.035156 0.025391
1 0.813477 0.358398 0.001953 0.001953
1 0.808594 0.357422 0.003906 0.003906
1 0.358398 0.356445 0.001953 0.001953
1 0.254883 0.352539 0.001953 0.001953
1 0.209961 0.350586 0.001953 0.001953
0 0.539062 0.363281 0.031250 0.031250
1 0.807617 0.347656 0.001953 0.003906
1 0.343750 0.345703 0.003906 0.003906
0 0.373047 0.408203 0.144531 0.132812
0 0.748047 0.340820 0.003906 0.001953
1 0.831055 0.338867 0.001953 0.001953
1 0.334961 0.338867 0.001953 0.001953
0 0.567383 0.336914 0.001953 0.001953
1 0.292969 0.336914 0.003906 0.001953
1 0.288086 0.334961 0.001953 0.001953
1 0.387695 0.335938 0.013672 0.007812
1 0.372070 0.334961 0.001953 0.005859
1 0.282227 0.333008 0.001953 0.001953
1 0.159180 0.331055 0.001953 0.001953
1 0.346680 0.327148 0.001953 0.001953
0 0.527344 0.329102 0.011719 0.009766
1 0.287109 0.325195 0.003906 0.001953
0 0.720703 0.337891 0.011719 0.031250
1 0.280273 0.326172 0.005859 0.007812
1 0.189453 0.323242 0.007812 0.001953
0 0.888672 0.337891 0.031250 0.035156
1 0.014648 0.325195 0.009766 0.013672
1 0.938477 0.318359 0.005859 0.007812
0 0.734375 0.314453 0.011719 0.003906
1 0.892578 0.313477 0.003906 0.005859
0 0.729492 0.309570 0.001953 0.001953
0 0.788086 0.307617 0.001953 0.001953
1 0.346680 0.307617 0.001953 0.001953
1 0.929688 0.305664 0.011719 0.009766
0 0.726562 0.303711 0.003906 0.005859
1 0.353516 0.299805 0.003906 0.001953
1 0.348633 0.299805 0.001953 0.001953
0 0.729492 0.296875 0.001953 0.003906
1 0.309570 0.319336 0.068359 0.052734
0 0.032227 0.291992 0.001953 0.001953
0 0.887695 0.291016 0.005859 0.007812
1 0.878906 0.286133 0.003906 0.001953
0 0.721680 0.287109 0.001953 0.003906
0 0.074219 0.293945 0.023438 0.021484
1 0.039062 0.284180 0.003906 0.005859
0 0.616211 0.291016 0.009766 0.027344
0 0.708984 0.278320 0.007812 0.005859
1 0.866211 0.278320 0.013672 0.009766
0 0.743164 0.274414 0.001953 0.001953
1 0.391602 0.274414 0.017578 0.005859
0 0.051758 0.276367 0.017578 0.009766
0 0.924805 0.268555 0.001953 0.001953
0 0.716797 0.270508 0.003906 0.005859
1 0.407227 0.268555 0.001953 0.001953
1 0.057617 0.265625 0.005859 0.003906
0 0.536133 0.265625 0.009766 0.007812
1 0.063477 0.262695 0.001953 0.001953
0 0.766602 0.266602 0.013672 0.013672
0 0.567383 0.430664 0.126953 0.345703
1 0.485352 0.258789 0.001953 0.001953
1 0.047852 0.260742 0.005859 0.005859
0 0.552734 0.258789 0.011719 0.005859
0 0.871094 0.258789 0.011719 0.009766
0 0.662109 0.284180 0.027344 0.060547
0 0.610352 0.257812 0.009766 0.007812
0 0.565430 0.255859 0.005859 0.003906
1 0.040039 0.253906 0.001953 0.003906
1 0.936523 0.250977 0.001953 0.001953
0 0.880859 0.252930 0.007812 0.005859
1 0.862305 0.247070 0.001953 0.001953
0 0.753906 0.425781 0.214844 0.359375
1 0.486328 0.250977 0.011719 0.009766
0 0.899414 0.257812 0.021484 0.031250
0 0.907227 0.241211 0.005859 0.001953
0 0.787109 0.250000 0.027344 0.023438
1 0.416992 0.254883 0.048828 0.033203
1 0.411133 0.235352 0.001953 0.001953
1 0.354492 0.233398 0.001953 0.001953
1 0.405273 0.227539 0.001953 0.001953
1 0.018555 0.246094 0.037109 0.039062
1 0.480469 0.236328 0.015625 0.027344
1 0.021484 0.217773 0.003906 0.001953
0 0.591797 0.231445 0.035156 0.037109
1 0.559570 0.217773 0.009766 0.013672
1 0.002930 0.209961 0.005859 0.001953
0 0.594727 0.204102 0.001953 0.001953
1 0.501953 0.206055 0.019531 0.009766
1 0.589844 0.201172 0.003906 0.003906
1 0.408203 0.200195 0.003906 0.001953
1 0.399414 0.200195 0.005859 0.001953
1 0.392578 0.199219 0.003906 0.003906
0 0.346680 0.198242 0.001953 0.001953
1 0.418945 0.196289 0.001953 0.001953
1 0.839844 0.194336 0.003906 0.009766
0 0.244141 0.195312 0.007812 0.011719
1 0.388672 0.210938 0.058594 0.046875
0 0.299805 0.210938 0.087891 0.058594
0 0.290039 0.182617 0.005859 0.001953
1 0.272461 0.174805 0.001953 0.001953
0 0.733398 0.173828 0.001953 0.003906
1 0.375000 0.177734 0.046875 0.011719
1 0.116211 0.169922 0.001953 0.003906
0 0.791992 0.166992 0.001953 0.001953
1 0.390625 0.161133 0.003906 0.001953
1 0.368164 0.161133 0.001953 0.001953
0 0.523438 0.158203 0.007812 0.007812
1 0.877930 0.147461 0.001953 0.001953
1 0.914062 0.137695 0.007812 0.001953
0 0.647461 0.135742 0.001953 0.005859
0 0.817383 0.131836 0.001953 0.001953
1 0.865234 0.131836 0.007812 0.005859
1 0.018555 0.130859 0.009766 0.007812
0 0.817383 0.125977 0.001953 0.001953
0 0.813477 0.125977 0.001953 0.001953
1 0.237305 0.126953 0.001953 0.007812
1 0.219727 0.125000 0.013672 0.011719
1 0.208008 0.120117 0.001953 0.001953
1 0.909180 0.112305 0.001953 0.001953
1 0.440430 0.112305 0.001953 0.001953
0 0.872070 0.111328 0.001953 0.007812
1 0.907227 0.106445 0.001953 0.001953
1 0.899414 0.109375 0.005859 0.007812
1 0.162109 0.109375 0.003906 0.007812
0 0.798828 0.104492 0.003906 0.001953
1 0.668945 0.102539 0.001953 0.001953
0 0.888672 0.101562 0.007812 0.011719
0 0.860352 0.109375 0.041016 0.035156
0 0.740234 0.166992 0.199219 0.150391
0 0.805664 0.100586 0.083984 0.048828
1 0.133789 0.075195 0.001953 0.001953
1 0.129883 0.071289 0.001953 0.001953
1 0.130859 0.067383 0.003906 0.001953
0 0.782227 0.068359 0.009766 0.011719
0 0.795898 0.063477 0.013672 0.009766
1 0.129883 0.059570 0.001953 0.001953
0 0.875977 0.058594 0.005859 0.003906
1 0.497070 0.113281 0.103516 0.113281
1 0.125977 0.057617 0.001953 0.001953
0 0.866211 0.053711 0.001953 0.001953
0 0.881836 0.051758 0.001953 0.001953
0 0.870117 0.052734 0.001953 0.007812
0 0.865234 0.047852 0.003906 0.001953
0 0.703125 0.043945 0.003906 0.001953
1 0.696289 0.044922 0.001953 0.003906
0 0.708008 0.041992 0.001953 0.001953
1 0.603516 0.042969 0.003906 0.003906
0 0.377930 0.057617 0.037109 0.037109
0 0.895508 0.036133 0.001953 0.001953
1 0.606445 0.036133 0.001953 0.001953
0 0.901367 0.033203 0.005859 0.003906
0 0.745117 0.052734 0.060547 0.046875
1 0.343750 0.032227 0.003906 0.005859
1 0.359375 0.035156 0.007812 0.015625
1 0.421875 0.044922 0.035156 0.039062
1 0.612305 0.023438 0.001953 0.003906
1 0.598633 0.030273 0.013672 0.017578
1 0.608398 0.020508 0.001953 0.001953
1 0.612305 0.018555 0.001953 0.001953
1 0.528320 0.006836 0.001953 0.001953
1 0.507812 0.013672 0.027344 0.015625
1 0.912109 0.012695 0.007812 0.017578
0 0.026367 0.007812 0.013672 0.007812
1 0.532227 0.002930 0.001953 0.001953
0 0.897461 0.000977 0.005859 0.001953
0 0.884766 0.000977 0.003906 0.001953
0 0.781250 0.001953 0.003906 0.003906
0 0.839844 0.050781 0.164062 0.101562
1 0.714844 0.005859 0.003906 0.011719
1 0.618164 0.008789 0.013672 0.017578
1 0.537109 0.001953 0.003906 0.003906
1 0.518555 0.000977 0.005859 0.001953
1 0.500977 0.004883 0.013672 0.009766
1 0.382812 0.013672 0.082031 0.027344
0 0.326172 0.001953 0.003906 0.003906
0 0.320312 0.009766 0.035156 0.019531
2 0.953125 0.964844 0.007812 0.007812
2 0.927734 0.963867 0.031250 0.033203
2 0.902344 0.911133 0.003906 0.005859
2 0.950195 0.882812 0.005859 0.003906
2 0.909180 0.879883 0.009766 0.005859
2 0.998047 0.879883 0.003906 0.009766
2 0.965820 0.875977 0.001953 0.001953
2 0.899414 0.875000 0.005859 0.003906
2 0.909180 0.868164 0.009766 0.009766
2 0.905273 0.854492 0.005859 0.005859
2 0.934570 0.873047 0.052734 0.062500
2 0.949219 0.849609 0.019531 0.023438
2 0.931641 0.807617 0.003906 0.005859
2 0.954102 0.764648 0.001953 0.001953
2 0.960938 0.809570 0.078125 0.099609
2 0.943359 0.734375 0.007812 0.007812
2 0.972656 0.720703 0.003906 0.003906
2 0.959961 0.723633 0.009766 0.025391
2 0.945312 0.701172 0.003906 0.003906
2 0.014648 0.247070 0.001953 0.001953
2 0.815430 0.079102 0.001953 0.001953
2 0.868164 0.075195 0.001953 0.001953
2 0.845703 0.069336 0.035156 0.033203
2 0.844727 0.032227 0.001953 0.001953
2 0.844727 0.023438 0.001953 0.003906
2 0.778320 0.018555 0.001953 0.001953
3 0.622070 0.012695 0.001953 0.001953
3 0.407227 0.008789 0.001953 0.001953
2 0.855469 0.006836 0.003906 0.005859
2 0.838867 0.013672 0.013672 0.023438
2 0.810547 0.017578 0.023438 0.035156
2 0.780273 0.004883 0.021484 0.009766
3 0.500000 0.500000 1.000000 1.000000