0 0.848633 0.532227 0.001953 0.001953
0 0.838867 0.528320 0.001953 0.001953
0 0.846680 0.524414 0.009766 0.013672
0 0.833008 0.494141 0.044922 0.035156
0 0.899414 0.447266 0.115234 0.109375
0 0.840820 0.382812 0.056641 0.054688
0 0.695312 0.322266 0.003906 0.003906
0 0.696289 0.317383 0.001953 0.001953
0 0.676758 0.317383 0.001953 0.001953
0 0.999023 0.277344 0.001953 0.003906
0 0.993164 0.277344 0.005859 0.003906
0 0.940430 0.270508 0.001953 0.001953
0 0.986328 0.263672 0.027344 0.011719
0 0.915039 0.355469 0.169922 0.210938
1 0.026367 0.251953 0.052734 0.046875
0 0.023438 0.122070 0.046875 0.087891
1 0.500000 0.500000 1.000000 1.000000
3 0.026367 0.987305 0.013672 0.017578
3 0.215820 0.981445 0.009766 0.009766
3 0.182617 0.982422 0.013672 0.015625
3 0.125977 0.987305 0.025391 0.025391
3 0.968750 0.986328 0.027344 0.027344
3 0.880859 0.967773 0.003906 0.013672
3 0.804688 0.970703 0.011719 0.019531
3 0.335938 0.961914 0.011719 0.009766
2 0.975586 0.959961 0.009766 0.009766
3 0.017578 0.968750 0.035156 0.027344
3 0.263672 0.961914 0.027344 0.017578
3 0.208008 0.960938 0.021484 0.019531
3 0.345703 0.952148 0.007812 0.009766
3 0.599609 0.950195 0.031250 0.013672
3 0.046875 0.946289 0.015625 0.009766
3 0.947266 0.942383 0.003906 0.005859
3 0.280273 0.941406 0.025391 0.019531
3 0.107422 0.931641 0.003906 0.003906
3 0.093750 0.923828 0.011719 0.011719
3 0.088867 0.916992 0.001953 0.001953
3 0.017578 0.927734 0.035156 0.023438
3 0.327148 0.917969 0.013672 0.011719
2 0.046875 0.913086 0.003906 0.005859
2 0.071289 0.908203 0.041016 0.011719
3 0.279297 0.912109 0.062500 0.023438
2 0.975586 0.900391 0.005859 0.003906
2 0.952148 0.897461 0.001953 0.001953
3 0.851562 0.905273 0.023438 0.017578
2 0.936523 0.898438 0.005859 0.011719
2 0.983398 0.890625 0.001953 0.003906
3 0.003906 0.869141 0.003906 0.003906
3 0.256836 0.858398 0.013672 0.009766
3 0.019531 0.839844 0.011719 0.007812
3 0.132812 0.854492 0.175781 0.076172
3 0.047852 0.846680 0.087891 0.076172
3 0.524414 0.804688 0.005859 0.007812
2 0.743164 0.802734 0.009766 0.011719
3 0.659180 0.795898 0.009766 0.009766
3 0.697266 0.792969 0.003906 0.007812
2 0.035156 0.790039 0.035156 0.037109
3 0.672852 0.774414 0.009766 0.009766
3 0.889648 0.780273 0.060547 0.029297
3 0.684570 0.745117 0.009766 0.009766
3 0.939453 0.744141 0.015625 0.011719
3 0.228516 0.723633 0.003906 0.001953
2 0.602539 0.719727 0.001953 0.001953
3 0.049805 0.731445 0.025391 0.029297
3 0.649414 0.731445 0.021484 0.033203
2 0.600586 0.713867 0.005859 0.005859
3 0.810547 0.708008 0.007812 0.009766
2 0.729492 0.702148 0.001953 0.001953
2 0.174805 0.700195 0.001953 0.001953
3 0.005859 0.704102 0.011719 0.009766
3 0.078125 0.677734 0.007812 0.007812
3 0.772461 0.668945 0.005859 0.005859
2 0.755859 0.671875 0.015625 0.011719
2 0.163086 0.658203 0.005859 0.007812
2 0.155273 0.647461 0.001953 0.001953
2 0.679688 0.669922 0.121094 0.074219
3 0.532227 0.661133 0.068359 0.056641
2 0.360352 0.634766 0.013672 0.007812
3 0.834961 0.646484 0.021484 0.035156
3 0.507812 0.611328 0.003906 0.003906
3 0.104492 0.619141 0.041016 0.023438
3 0.999023 0.604492 0.001953 0.001953
2 0.712891 0.596680 0.015625 0.009766
2 0.356445 0.596680 0.013672 0.009766
2 0.168945 0.600586 0.017578 0.025391
2 0.364258 0.586914 0.001953 0.001953
2 0.367188 0.582031 0.003906 0.003906
2 0.352539 0.578125 0.001953 0.003906
2 0.365234 0.570312 0.039062 0.015625
2 0.522461 0.557617 0.001953 0.001953
2 0.846680 0.549805 0.001953 0.001953
2 0.832031 0.555664 0.007812 0.017578
2 0.534180 0.549805 0.009766 0.005859
2 0.545898 0.545898 0.001953 0.001953
2 0.525391 0.546875 0.003906 0.003906
3 0.144531 0.548828 0.011719 0.007812
2 0.836914 0.544922 0.009766 0.007812
3 0.301758 0.546875 0.009766 0.011719
2 0.834961 0.538086 0.001953 0.001953
2 0.521484 0.536133 0.003906 0.001953
2 0.761719 0.541992 0.011719 0.025391
3 0.267578 0.544922 0.023438 0.031250
2 0.661133 0.526367 0.009766 0.005859
2 0.006836 0.528320 0.013672 0.009766
2 0.809570 0.545898 0.037109 0.080078
3 0.619141 0.583008 0.082031 0.154297
2 0.756836 0.499023 0.001953 0.001953
3 0.243164 0.502930 0.005859 0.009766
2 0.934570 0.495117 0.001953 0.001953
2 0.758789 0.493164 0.009766 0.005859
2 0.503906 0.493164 0.003906 0.009766
2 0.766602 0.487305 0.001953 0.001953
2 0.752930 0.487305 0.001953 0.001953
2 0.585938 0.499023 0.031250 0.025391
2 0.934570 0.488281 0.005859 0.007812
2 0.342773 0.486328 0.001953 0.003906
2 0.932617 0.483398 0.001953 0.001953
2 0.342773 0.551758 0.068359 0.150391
3 0.228516 0.485352 0.015625 0.021484
2 0.334961 0.477539 0.009766 0.017578
2 0.802734 0.462891 0.003906 0.003906
3 0.456055 0.641602 0.130859 0.384766
2 0.762695 0.466797 0.041016 0.039062
2 0.663086 0.490234 0.185547 0.085938
3 0.063477 0.450195 0.009766 0.013672
2 0.995117 0.440430 0.001953 0.001953
3 0.491211 0.445312 0.017578 0.011719
2 0.993164 0.436523 0.001953 0.001953
2 0.774414 0.432617 0.001953 0.001953
2 0.518555 0.436523 0.013672 0.009766
2 0.792969 0.437500 0.015625 0.015625
3 0.368164 0.430664 0.001953 0.001953
2 0.990234 0.429688 0.003906 0.003906
2 0.780273 0.428711 0.001953 0.001953
2 0.784180 0.426758 0.001953 0.001953
2 0.597656 0.419922 0.003906 0.003906
3 0.434570 0.433594 0.087891 0.031250
3 0.112305 0.423828 0.013672 0.011719
2 0.427734 0.417969 0.003906 0.003906
2 0.581055 0.411133 0.001953 0.001953
3 0.204102 0.418945 0.025391 0.017578
2 0.490234 0.415039 0.011719 0.017578
3 0.020508 0.408203 0.013672 0.019531
2 0.602539 0.392578 0.001953 0.003906
3 0.086914 0.398438 0.052734 0.019531
3 0.072266 0.380859 0.011719 0.007812
3 0.030273 0.379883 0.060547 0.021484
3 0.490234 0.364258 0.019531 0.017578
2 0.700195 0.346680 0.001953 0.001953
2 0.368164 0.345703 0.005859 0.003906
2 0.207031 0.348633 0.015625 0.009766
2 0.808594 0.345703 0.015625 0.007812
2 0.627930 0.342773 0.001953 0.001953
2 0.796875 0.342773 0.003906 0.005859
2 0.641602 0.343750 0.005859 0.007812
2 0.648438 0.337891 0.003906 0.003906
3 0.008789 0.347656 0.017578 0.023438
3 0.624023 0.334961 0.001953 0.001953
2 0.609375 0.389648 0.015625 0.111328
2 0.670898 0.388672 0.083984 0.113281
2 0.861328 0.335938 0.015625 0.011719
2 0.666992 0.332031 0.001953 0.003906
2 0.924805 0.330078 0.009766 0.011719
2 0.907227 0.329102 0.013672 0.013672
2 0.093750 0.322266 0.007812 0.007812
2 0.850586 0.315430 0.001953 0.001953
2 0.190430 0.317383 0.009766 0.005859
2 0.829102 0.325195 0.044922 0.025391
3 0.050781 0.324219 0.058594 0.027344
2 0.995117 0.307617 0.001953 0.001953
2 0.983398 0.306641 0.005859 0.003906
3 0.155273 0.319336 0.044922 0.033203
2 0.977539 0.302734 0.001953 0.003906
3 0.000977 0.304688 0.001953 0.007812
2 0.983398 0.297852 0.001953 0.001953
2 0.642578 0.302734 0.011719 0.019531
2 0.965820 0.293945 0.013672 0.013672
2 0.942383 0.309570 0.021484 0.044922
3 0.506836 0.290039 0.009766 0.005859
3 0.593750 0.289062 0.003906 0.007812
2 0.798828 0.293945 0.015625 0.025391
2 0.934570 0.276367 0.001953 0.001953
3 0.298828 0.286133 0.027344 0.021484
3 0.630859 0.274414 0.003906 0.001953
3 0.327148 0.273438 0.013672 0.011719
2 0.098633 0.263672 0.005859 0.007812
3 0.721680 0.274414 0.037109 0.044922
2 0.751953 0.251953 0.003906 0.003906
2 0.755859 0.245117 0.007812 0.005859
2 0.633789 0.253906 0.025391 0.035156
3 0.285156 0.221680 0.007812 0.009766
2 0.702148 0.236328 0.060547 0.042969
3 0.316406 0.222656 0.011719 0.015625
2 0.211914 0.227539 0.009766 0.025391
2 0.728516 0.217773 0.019531 0.017578
2 0.885742 0.211914 0.025391 0.021484
2 0.708984 0.207031 0.011719 0.011719
2 0.183594 0.276367 0.121094 0.158203
2 0.057617 0.247070 0.115234 0.099609
2 0.628906 0.212891 0.019531 0.042969
2 0.658203 0.199219 0.019531 0.019531
2 0.831055 0.367188 0.337891 0.359375
3 0.380859 0.195312 0.070312 0.019531
2 0.916016 0.181641 0.007812 0.003906
2 0.920898 0.178711 0.001953 0.001953
3 0.610352 0.176758 0.001953 0.001953
3 0.574219 0.179688 0.015625 0.011719
3 0.308594 0.180664 0.011719 0.017578
2 0.953125 0.171875 0.003906 0.003906
3 0.324219 0.191406 0.015625 0.046875
3 0.234375 0.168945 0.015625 0.009766
2 0.826172 0.167969 0.046875 0.019531
2 0.806641 0.155273 0.003906 0.001953
3 0.089844 0.159180 0.007812 0.021484
3 0.533203 0.162109 0.035156 0.035156
2 0.961914 0.153320 0.033203 0.033203
2 0.832031 0.139648 0.023438 0.013672
2 0.797852 0.140625 0.017578 0.019531
3 0.311523 0.108398 0.005859 0.005859
3 0.059570 0.105469 0.001953 0.003906
3 0.674805 0.144531 0.068359 0.085938
2 0.884766 0.119141 0.089844 0.039062
3 0.150391 0.097656 0.007812 0.003906
3 0.635742 0.095703 0.005859 0.007812
3 0.234375 0.094727 0.011719 0.013672
3 0.621094 0.092773 0.019531 0.021484
2 0.856445 0.079102 0.017578 0.033203
3 0.149414 0.066406 0.009766 0.011719
3 0.807617 0.065430 0.017578 0.013672
2 0.917969 0.064453 0.027344 0.019531
2 0.831055 0.061523 0.009766 0.013672
2 0.892578 0.034180 0.003906 0.005859
3 0.742188 0.042969 0.015625 0.035156
3 0.609375 0.103516 0.132812 0.160156
3 0.257812 0.017578 0.003906 0.007812
3 0.066406 0.100586 0.132812 0.185547
2 0.823242 0.010742 0.005859 0.013672
3 0.737305 0.002930 0.017578 0.005859
3 0.679688 0.027344 0.023438 0.054688
3 0.538086 0.011719 0.025391 0.023438
3 0.240234 0.007812 0.035156 0.015625