0 0.328125 0.962891 0.003906 0.003906
0 0.907227 0.962891 0.009766 0.011719
0 0.891602 0.958984 0.001953 0.003906
0 0.329102 0.953125 0.009766 0.011719
0 0.524414 0.951172 0.017578 0.011719
0 0.935547 0.930664 0.007812 0.009766
0 0.934570 0.920898 0.001953 0.001953
0 0.886719 0.921875 0.003906 0.003906
0 0.924805 0.916992 0.001953 0.001953
0 0.428711 0.914062 0.005859 0.007812
0 0.913086 0.913086 0.013672 0.013672
0 0.782227 0.911133 0.017578 0.021484
1 0.130859 0.900391 0.003906 0.003906
1 0.125000 0.901367 0.003906 0.005859
0 0.768555 0.890625 0.001953 0.003906
0 0.764648 0.889648 0.001953 0.001953
0 0.450195 0.881836 0.001953 0.001953
0 0.221680 0.859375 0.005859 0.003906
0 0.224609 0.855469 0.003906 0.003906
0 0.950195 0.852539 0.001953 0.001953
0 0.929688 0.846680 0.003906 0.001953
0 0.939453 0.856445 0.023438 0.025391
0 0.950195 0.844727 0.005859 0.009766
0 0.942383 0.838867 0.001953 0.001953
0 0.213867 0.817383 0.001953 0.001953
0 0.872070 0.799805 0.001953 0.001953
0 0.857422 0.799805 0.003906 0.001953
0 0.199219 0.800781 0.003906 0.003906
0 0.864258 0.797852 0.001953 0.001953
1 0.180664 0.803711 0.013672 0.013672
0 0.176758 0.777344 0.017578 0.035156
0 0.608398 0.756836 0.001953 0.001953
0 0.579102 0.737305 0.001953 0.001953
0 0.573242 0.737305 0.001953 0.001953
0 0.587891 0.731445 0.003906 0.001953
0 0.708008 0.696289 0.005859 0.005859
0 0.186523 0.694336 0.001953 0.001953
1 0.178711 0.699219 0.009766 0.011719
0 0.997070 0.668945 0.005859 0.013672
1 0.315430 0.657227 0.001953 0.001953
0 0.985352 0.655273 0.001953 0.001953
0 0.714844 0.653320 0.003906 0.001953
0 0.446289 0.649414 0.001953 0.005859
0 0.046875 0.636719 0.003906 0.007812
0 0.268555 0.624023 0.001953 0.001953
0 0.104492 0.631836 0.013672 0.021484
0 0.138672 0.611328 0.003906 0.003906
0 0.638672 0.601562 0.011719 0.011719
0 0.090820 0.588867 0.021484 0.013672
0 0.003906 0.572266 0.007812 0.011719
0 0.318359 0.558594 0.003906 0.003906
0 0.486328 0.565430 0.023438 0.021484
0 0.096680 0.555664 0.001953 0.001953
0 0.706055 0.542969 0.013672 0.007812
0 0.109375 0.534180 0.003906 0.005859
0 0.708008 0.530273 0.001953 0.001953
0 0.699219 0.529297 0.003906 0.003906
0 0.719727 0.523438 0.001953 0.003906
0 0.149414 0.522461 0.001953 0.001953
0 0.122070 0.549805 0.048828 0.056641
0 0.723633 0.521484 0.001953 0.003906
0 0.634766 0.516602 0.003906 0.005859
0 0.452148 0.516602 0.005859 0.005859
0 0.012695 0.516602 0.017578 0.025391
0 0.838867 0.502930 0.005859 0.005859
0 0.938477 0.496094 0.005859 0.003906
0 0.852539 0.499023 0.005859 0.009766
0 0.081055 0.479492 0.001953 0.001953
0 0.940430 0.476562 0.001953 0.007812
0 0.683594 0.468750 0.011719 0.003906
0 0.686523 0.461914 0.001953 0.001953
0 0.176758 0.483398 0.068359 0.056641
0 0.697266 0.461914 0.011719 0.017578
0 0.121094 0.444336 0.003906 0.001953
0 0.145508 0.436523 0.001953 0.001953
0 0.385742 0.428711 0.001953 0.001953
0 0.221680 0.420898 0.001953 0.001953
1 0.233398 0.419922 0.001953 0.003906
0 0.233398 0.414062 0.005859 0.003906
0 0.120117 0.403320 0.001953 0.001953
0 0.205078 0.409180 0.015625 0.029297
0 0.115234 0.397461 0.007812 0.005859
1 0.436523 0.379883 0.001953 0.001953
1 0.431641 0.381836 0.007812 0.005859
0 0.270508 0.375977 0.001953 0.001953
0 0.265625 0.377930 0.003906 0.005859
0 0.268555 0.368164 0.001953 0.001953
0 0.286133 0.345703 0.009766 0.007812
0 0.286133 0.338867 0.001953 0.001953
0 0.814453 0.340820 0.023438 0.025391
0 0.327148 0.317383 0.001953 0.001953
0 0.310547 0.331055 0.027344 0.029297
0 0.340820 0.312500 0.001953 0.003906
0 0.649414 0.310547 0.013672 0.011719
0 0.567383 0.303711 0.001953 0.001953
0 0.999023 0.301758 0.001953 0.005859
0 0.918945 0.298828 0.001953 0.003906
0 0.569336 0.291992 0.001953 0.001953
1 0.803711 0.286133 0.001953 0.001953
1 0.799805 0.284180 0.001953 0.001953
0 0.802734 0.280273 0.003906 0.005859
0 0.353516 0.284180 0.015625 0.021484
0 0.454102 0.273438 0.005859 0.003906
0 0.793945 0.270508 0.001953 0.001953
0 0.458984 0.286133 0.066406 0.037109
0 0.811523 0.262695 0.001953 0.001953
0 0.729492 0.263672 0.001953 0.003906
0 0.727539 0.256836 0.001953 0.001953
0 0.345703 0.257812 0.003906 0.003906
1 0.470703 0.257812 0.007812 0.007812
1 0.493164 0.259766 0.017578 0.015625
1 0.504883 0.249023 0.001953 0.001953
1 0.514648 0.252930 0.013672 0.013672
1 0.477539 0.247070 0.001953 0.001953
0 0.413086 0.250977 0.005859 0.009766
1 0.489258 0.240234 0.001953 0.003906
0 0.956055 0.237305 0.001953 0.001953
1 0.180664 0.236328 0.005859 0.003906
0 0.776367 0.235352 0.009766 0.013672
0 0.769531 0.229492 0.007812 0.009766
0 0.892578 0.222656 0.007812 0.007812
0 0.350586 0.227539 0.021484 0.025391
1 0.437500 0.206055 0.007812 0.009766
0 0.018555 0.208008 0.013672 0.013672
0 0.319336 0.197266 0.009766 0.011719
0 0.390625 0.188477 0.011719 0.013672
1 0.760742 0.178711 0.001953 0.001953
0 0.175781 0.203125 0.027344 0.050781
0 0.037109 0.183594 0.011719 0.011719
0 0.004883 0.174805 0.009766 0.009766
0 0.750977 0.174805 0.013672 0.017578
1 0.422852 0.165039 0.001953 0.001953
1 0.426758 0.163086 0.001953 0.001953
1 0.465820 0.160156 0.001953 0.003906
1 0.999023 0.149414 0.001953 0.001953
1 0.471680 0.166992 0.021484 0.037109
0 0.473633 0.143555 0.001953 0.001953
1 0.997070 0.143555 0.005859 0.005859
1 0.483398 0.139648 0.005859 0.005859
1 0.999023 0.136719 0.001953 0.003906
0 0.422852 0.135742 0.001953 0.001953
0 0.852539 0.138672 0.017578 0.027344
0 0.459961 0.128906 0.017578 0.019531
0 0.512695 0.116211 0.001953 0.001953
0 0.756836 0.106445 0.001953 0.001953
0 0.498047 0.098633 0.007812 0.005859
0 0.870117 0.094727 0.001953 0.001953
1 0.550781 0.098633 0.011719 0.009766
0 0.868164 0.090820 0.001953 0.001953
1 0.242188 0.093750 0.007812 0.011719
1 0.239258 0.077148 0.001953 0.001953
0 0.452148 0.071289 0.001953 0.001953
0 0.344727 0.071289 0.001953 0.001953
0 0.467773 0.053711 0.001953 0.001953
0 0.439453 0.058594 0.007812 0.011719
0 0.487305 0.049805 0.001953 0.001953
0 0.436523 0.049805 0.001953 0.001953
0 0.487305 0.045898 0.001953 0.001953
0 0.644531 0.046875 0.003906 0.007812
0 0.446289 0.047852 0.009766 0.009766
0 0.534180 0.045898 0.013672 0.017578
0 0.426758 0.028320 0.001953 0.001953
0 0.545898 0.026367 0.001953 0.001953
0 0.295898 0.026367 0.001953 0.001953
0 0.290039 0.024414 0.001953 0.001953
0 0.547852 0.022461 0.001953 0.001953
0 0.393555 0.030273 0.044922 0.021484
0 0.309570 0.020508 0.001953 0.001953
0 0.419922 0.020508 0.015625 0.013672
0 0.083008 0.013672 0.001953 0.003906
0 0.112305 0.010742 0.001953 0.001953
0 0.116211 0.008789 0.001953 0.001953
0 0.416992 0.003906 0.005859 0.007812
0 0.407227 0.000977 0.001953 0.001953
0 0.106445 0.001953 0.017578 0.003906
2 0.500000 0.500000 1.000000 1.000000