1 0.171875 0.997070 0.003906 0.001953
0 0.833984 0.997070 0.007812 0.005859
0 0.761719 0.997070 0.007812 0.005859
0 0.625977 0.997070 0.029297 0.005859
0 0.775391 0.992188 0.015625 0.011719
1 0.667969 0.987305 0.003906 0.001953
0 0.746094 0.992188 0.015625 0.015625
1 0.076172 0.988281 0.007812 0.007812
0 0.631836 0.983398 0.001953 0.001953
0 0.640625 0.981445 0.003906 0.001953
0 0.619141 0.983398 0.015625 0.009766
0 0.608398 0.975586 0.005859 0.001953
0 0.759766 0.974609 0.003906 0.003906
0 0.188477 0.973633 0.001953 0.001953
1 0.034180 0.970703 0.001953 0.003906
0 0.916016 0.961914 0.011719 0.001953
1 0.176758 0.961914 0.001953 0.001953
1 0.171875 0.980469 0.058594 0.039062
0 0.754883 0.959961 0.001953 0.001953
0 0.622070 0.968750 0.017578 0.019531
0 0.956055 0.978516 0.087891 0.042969
0 0.724609 0.977539 0.042969 0.041016
1 0.166992 0.958008 0.001953 0.001953
1 0.177734 0.957031 0.003906 0.003906
0 0.895508 0.957031 0.013672 0.007812
0 0.768555 0.946289 0.001953 0.001953
0 0.354492 0.956055 0.013672 0.021484
1 0.128906 0.961914 0.019531 0.033203
0 0.857422 0.970703 0.183594 0.058594
1 0.177734 0.940430 0.003906 0.001953
1 0.190430 0.938477 0.001953 0.001953
1 0.166016 0.939453 0.003906 0.003906
1 0.416992 0.934570 0.017578 0.009766
1 0.155273 0.926758 0.001953 0.001953
0 0.066406 0.934570 0.011719 0.017578
1 0.717773 0.922852 0.001953 0.001953
1 0.167969 0.927734 0.015625 0.011719
0 0.088867 0.920898 0.001953 0.001953
0 0.743164 0.918945 0.001953 0.001953
0 0.604492 0.913086 0.005859 0.005859
1 0.341797 0.924805 0.093750 0.037109
0 0.858398 0.918945 0.044922 0.029297
1 0.327148 0.903320 0.001953 0.001953
0 0.568359 0.919922 0.042969 0.039062
1 0.387695 0.912109 0.017578 0.023438
1 0.323242 0.901367 0.001953 0.001953
0 0.866211 0.897461 0.001953 0.001953
0 0.794922 0.898438 0.011719 0.003906
0 0.580078 0.907227 0.019531 0.021484
0 0.083008 0.895508 0.001953 0.001953
0 0.875977 0.895508 0.013672 0.005859
0 0.588867 0.893555 0.001953 0.001953
0 0.584961 0.893555 0.001953 0.001953
0 0.086914 0.907227 0.033203 0.029297
0 0.592773 0.891602 0.001953 0.001953
1 0.491211 0.887695 0.001953 0.001953
0 0.619141 0.894531 0.015625 0.019531
0 0.606445 0.888672 0.017578 0.007812
0 0.696289 0.885742 0.013672 0.005859
0 0.637695 0.892578 0.017578 0.019531
1 0.092773 0.885742 0.005859 0.005859
1 0.325195 0.890625 0.025391 0.019531
0 0.857422 0.889648 0.058594 0.025391
0 0.577148 0.884766 0.033203 0.015625
0 0.548828 0.875977 0.003906 0.001953
1 0.118164 0.872070 0.001953 0.001953
1 0.110352 0.868164 0.001953 0.001953
0 0.833008 0.865234 0.001953 0.003906
0 0.688477 0.870117 0.009766 0.013672
0 0.615234 0.871094 0.023438 0.015625
0 0.565430 0.866211 0.001953 0.005859
0 0.560547 0.862305 0.003906 0.005859
0 0.583984 0.868164 0.023438 0.021484
0 0.219727 0.873047 0.021484 0.031250
0 0.523438 0.858398 0.003906 0.005859
0 0.675781 0.858398 0.015625 0.009766
1 0.077148 0.866211 0.033203 0.025391
0 0.524414 0.852539 0.001953 0.001953
1 0.383789 0.852539 0.001953 0.001953
0 0.886719 0.860352 0.023438 0.021484
0 0.210938 0.853516 0.007812 0.007812
1 0.151367 0.863281 0.025391 0.027344
0 0.519531 0.846680 0.003906 0.001953
1 0.379883 0.846680 0.001953 0.001953
1 0.317383 0.844727 0.001953 0.001953
0 0.711914 0.842773 0.001953 0.001953
0 0.498047 0.865234 0.058594 0.046875
0 0.893555 0.842773 0.005859 0.005859
0 0.917969 0.844727 0.007812 0.013672
0 0.902344 0.846680 0.007812 0.017578
1 0.375000 0.838867 0.003906 0.001953
0 0.644531 0.853516 0.031250 0.050781
1 0.383789 0.832031 0.009766 0.007812
1 0.368164 0.825195 0.001953 0.001953
1 0.333008 0.823242 0.001953 0.001953
0 0.619141 0.840820 0.023438 0.048828
1 0.397461 0.824219 0.013672 0.015625
0 0.619141 0.813477 0.003906 0.001953
1 0.641602 0.814453 0.005859 0.007812
1 0.646484 0.806641 0.003906 0.007812
1 0.646484 0.798828 0.003906 0.003906
1 0.555664 0.776367 0.001953 0.001953
0 0.943359 0.800781 0.042969 0.054688
0 0.625000 0.780273 0.019531 0.013672
1 0.555664 0.770508 0.001953 0.001953
1 0.398438 0.769531 0.003906 0.003906
0 0.623047 0.769531 0.023438 0.007812
0 0.005859 0.779297 0.011719 0.027344
0 0.741211 0.754883 0.001953 0.001953
0 0.734375 0.754883 0.003906 0.001953
0 0.741211 0.750977 0.001953 0.001953
1 0.746094 0.750000 0.003906 0.003906
0 0.678711 0.747070 0.001953 0.001953
1 0.355469 0.800781 0.070312 0.109375
0 0.321289 0.748047 0.005859 0.007812
0 0.001953 0.743164 0.003906 0.001953
0 0.991211 0.751953 0.017578 0.023438
0 0.333008 0.738281 0.005859 0.007812
0 0.307617 0.734375 0.001953 0.003906
0 0.715820 0.729492 0.001953 0.001953
0 0.780273 0.833008 0.275391 0.208984
0 0.329102 0.729492 0.001953 0.001953
0 0.314453 0.738281 0.011719 0.019531
0 0.311523 0.729492 0.001953 0.001953
0 0.307617 0.729492 0.001953 0.001953
0 0.625977 0.729492 0.005859 0.005859
1 0.812500 0.723633 0.003906 0.001953
1 0.802734 0.724609 0.011719 0.003906
1 0.537109 0.730469 0.011719 0.015625
1 0.538086 0.717773 0.001953 0.001953
1 0.926758 0.708008 0.001953 0.001953
0 0.614258 0.715820 0.017578 0.017578
0 0.083008 0.706055 0.001953 0.001953
1 0.924805 0.704102 0.001953 0.001953
0 0.785156 0.698242 0.003906 0.001953
0 0.645508 0.694336 0.001953 0.001953
0 0.636719 0.696289 0.011719 0.009766
1 0.526367 0.699219 0.021484 0.023438
0 0.090820 0.686523 0.001953 0.001953
0 0.321289 0.688477 0.017578 0.013672
0 0.102539 0.692383 0.021484 0.025391
0 0.067383 0.688477 0.009766 0.017578
0 0.545898 0.672852 0.001953 0.001953
0 0.096680 0.677734 0.009766 0.011719
0 0.540039 0.669922 0.005859 0.003906
0 0.079102 0.682617 0.021484 0.041016
1 0.127930 0.667969 0.029297 0.023438
0 0.850586 0.660156 0.009766 0.011719
1 0.841797 0.654297 0.003906 0.003906
0 0.720703 0.653320 0.007812 0.005859
1 0.894531 0.649414 0.007812 0.005859
0 0.651367 0.650391 0.013672 0.019531
0 0.546875 0.655273 0.031250 0.029297
1 0.475586 0.641602 0.001953 0.001953
1 0.256836 0.637695 0.001953 0.001953
0 0.558594 0.642578 0.019531 0.015625
0 0.176758 0.636719 0.001953 0.003906
0 0.606445 0.633789 0.001953 0.001953
0 0.543945 0.632812 0.005859 0.007812
0 0.189453 0.630859 0.003906 0.003906
0 0.311523 0.633789 0.025391 0.029297
0 0.291992 0.620117 0.001953 0.001953
0 0.757812 0.676758 0.222656 0.119141
1 0.449219 0.644531 0.035156 0.054688
0 0.702148 0.617188 0.001953 0.003906
1 0.674805 0.617188 0.001953 0.003906
1 0.204102 0.600586 0.001953 0.001953
1 0.551758 0.596680 0.001953 0.001953
0 0.862305 0.594727 0.001953 0.001953
1 0.208984 0.596680 0.003906 0.005859
0 0.179688 0.614258 0.042969 0.044922
1 0.083008 0.592773 0.001953 0.001953
0 0.970703 0.592773 0.007812 0.005859
1 0.211914 0.590820 0.001953 0.001953
1 0.484375 0.625000 0.039062 0.074219
0 0.973633 0.586914 0.001953 0.001953
0 0.968750 0.587891 0.003906 0.003906
0 0.980469 0.583984 0.003906 0.003906
0 0.861328 0.585938 0.003906 0.007812
0 0.963867 0.581055 0.005859 0.005859
0 0.862305 0.579102 0.001953 0.001953
1 0.497070 0.577148 0.001953 0.001953
0 0.941406 0.569336 0.003906 0.001953
0 0.001953 0.554688 0.003906 0.003906
1 0.655273 0.553711 0.005859 0.005859
1 0.557617 0.551758 0.001953 0.001953
0 0.935547 0.552734 0.007812 0.007812
0 0.414062 0.549805 0.003906 0.001953
0 0.676758 0.547852 0.001953 0.001953
0 0.825195 0.562500 0.021484 0.035156
0 0.930664 0.544922 0.001953 0.003906
0 0.611328 0.627930 0.128906 0.169922
0 0.819336 0.542969 0.005859 0.003906
1 0.448242 0.547852 0.017578 0.013672
0 0.719727 0.549805 0.017578 0.029297
0 0.375977 0.536133 0.001953 0.001953
0 0.827148 0.534180 0.001953 0.001953
1 0.492188 0.555664 0.042969 0.044922
0 0.706055 0.536133 0.009766 0.009766
0 0.013672 0.536133 0.027344 0.017578
0 0.918945 0.535156 0.017578 0.019531
0 0.330078 0.525391 0.003906 0.003906
0 0.803711 0.522461 0.001953 0.001953
1 0.254883 0.520508 0.001953 0.001953
0 0.393555 0.520508 0.009766 0.005859
0 0.754883 0.581055 0.111328 0.130859
1 0.674805 0.516602 0.001953 0.001953
0 0.759766 0.507812 0.003906 0.003906
0 0.372070 0.509766 0.009766 0.007812
0 0.351562 0.583984 0.136719 0.160156
0 0.721680 0.506836 0.021484 0.009766
0 0.717773 0.499023 0.017578 0.009766
1 0.578125 0.495117 0.003906 0.001953
1 0.173828 0.556641 0.183594 0.128906
1 0.588867 0.489258 0.001953 0.001953
0 0.860352 0.487305 0.001953 0.001953
0 0.754883 0.487305 0.001953 0.001953
0 0.758789 0.481445 0.001953 0.001953
1 0.749023 0.481445 0.001953 0.001953
1 0.661133 0.479492 0.001953 0.001953
0 0.880859 0.488281 0.019531 0.023438
1 0.908203 0.472656 0.003906 0.003906
0 0.522461 0.471680 0.001953 0.001953
1 0.757812 0.474609 0.007812 0.011719
0 0.768555 0.467773 0.001953 0.001953
0 0.518555 0.467773 0.001953 0.001953
0 0.520508 0.488281 0.091797 0.050781
1 0.944336 0.464844 0.005859 0.011719
0 0.494141 0.459961 0.011719 0.005859
0 0.791992 0.478516 0.068359 0.058594
0 0.785156 0.453125 0.007812 0.007812
0 0.819336 0.448242 0.001953 0.001953
0 0.810547 0.449219 0.007812 0.003906
1 0.222656 0.458008 0.031250 0.021484
0 0.790039 0.446289 0.001953 0.001953
1 0.219727 0.446289 0.001953 0.001953
0 0.809570 0.444336 0.001953 0.001953
1 0.777344 0.443359 0.015625 0.011719
0 0.532227 0.436523 0.017578 0.025391
0 0.505859 0.444336 0.046875 0.041016
0 0.332031 0.429688 0.015625 0.011719
0 0.959961 0.423828 0.021484 0.011719
1 0.788086 0.424805 0.009766 0.013672
0 0.455078 0.423828 0.007812 0.015625
0 0.920898 0.415039 0.001953 0.001953
0 0.372070 0.417969 0.009766 0.007812
1 0.999023 0.414062 0.001953 0.003906
1 0.325195 0.413086 0.001953 0.001953
0 0.815430 0.418945 0.017578 0.017578
1 0.292969 0.414062 0.027344 0.019531
0 0.467773 0.407227 0.009766 0.009766
0 0.808594 0.405273 0.007812 0.009766
1 0.626953 0.475586 0.152344 0.150391
0 0.381836 0.403320 0.009766 0.009766
0 0.418945 0.432617 0.056641 0.072266
1 0.776367 0.393555 0.001953 0.001953
0 0.487305 0.393555 0.001953 0.001953
0 0.483398 0.393555 0.001953 0.001953
0 0.809570 0.391602 0.001953 0.001953
0 0.446289 0.402344 0.017578 0.023438
1 0.366211 0.387695 0.001953 0.001953
1 0.344727 0.408203 0.076172 0.042969
0 0.821289 0.385742 0.013672 0.017578
0 0.585938 0.377930 0.003906 0.001953
0 0.493164 0.382812 0.009766 0.011719
0 0.499023 0.369141 0.001953 0.003906
0 0.488281 0.369141 0.003906 0.003906
0 0.499023 0.364258 0.001953 0.001953
1 0.658203 0.378906 0.042969 0.035156
0 0.495117 0.358398 0.001953 0.001953
0 0.270508 0.367188 0.044922 0.027344
0 0.496094 0.352539 0.003906 0.005859
1 0.913086 0.348633 0.001953 0.001953
0 0.903320 0.346680 0.001953 0.001953
1 0.680664 0.336914 0.001953 0.001953
1 0.903320 0.329102 0.005859 0.005859
1 0.923828 0.336914 0.035156 0.025391
0 0.815430 0.359375 0.083984 0.070312
0 0.190430 0.351562 0.099609 0.058594
0 0.909180 0.323242 0.001953 0.005859
1 0.088867 0.321289 0.001953 0.001953
0 0.641602 0.317383 0.001953 0.001953
1 0.949219 0.314453 0.003906 0.003906
0 0.648438 0.314453 0.007812 0.003906
1 0.792969 0.308594 0.003906 0.003906
1 0.088867 0.312500 0.013672 0.015625
0 0.936523 0.310547 0.017578 0.019531
0 0.659180 0.301758 0.001953 0.001953
0 0.641602 0.302734 0.021484 0.011719
0 0.540039 0.318359 0.041016 0.046875
0 0.922852 0.294922 0.013672 0.011719
0 0.528320 0.290039 0.001953 0.001953
0 0.653320 0.288086 0.001953 0.001953
0 0.296875 0.285156 0.003906 0.003906
0 0.646484 0.287109 0.007812 0.011719
0 0.655273 0.278320 0.005859 0.009766
0 0.926758 0.280273 0.013672 0.017578
0 0.311523 0.275391 0.005859 0.007812
1 0.710938 0.312500 0.109375 0.093750
0 0.661133 0.268555 0.005859 0.005859
1 0.627930 0.254883 0.001953 0.001953
1 0.629883 0.250977 0.001953 0.001953
0 0.358398 0.250977 0.001953 0.001953
0 0.471680 0.264648 0.037109 0.033203
0 0.702148 0.244141 0.021484 0.011719
0 0.582031 0.240234 0.003906 0.003906
0 0.168945 0.249023 0.052734 0.037109
0 0.606445 0.239258 0.041016 0.021484
0 0.069336 0.230469 0.001953 0.003906
0 0.056641 0.231445 0.007812 0.009766
0 0.807617 0.225586 0.001953 0.001953
0 0.612305 0.227539 0.021484 0.005859
0 0.697266 0.229492 0.011719 0.013672
1 0.688477 0.221680 0.001953 0.001953
0 0.954102 0.321289 0.091797 0.205078
1 0.629883 0.219727 0.001953 0.001953
0 0.713867 0.223633 0.009766 0.013672
0 0.700195 0.218750 0.005859 0.003906
0 0.994141 0.222656 0.007812 0.019531
1 0.672852 0.211914 0.001953 0.001953
0 0.448242 0.213867 0.005859 0.005859
1 0.683594 0.209961 0.003906 0.001953
0 0.416016 0.213867 0.019531 0.017578
0 0.953125 0.207031 0.035156 0.015625
0 0.965820 0.215820 0.048828 0.048828
0 0.997070 0.197266 0.005859 0.023438
0 0.593750 0.211914 0.062500 0.052734
0 0.645508 0.183594 0.013672 0.007812
0 0.768555 0.181641 0.021484 0.019531
0 0.778320 0.168945 0.001953 0.001953
0 0.741211 0.169922 0.005859 0.003906
0 0.732422 0.173828 0.011719 0.011719
0 0.754883 0.172852 0.025391 0.025391
0 0.041992 0.104492 0.001953 0.001953
0 0.698242 0.110352 0.052734 0.025391
0 0.700195 0.094727 0.017578 0.005859
0 0.728516 0.096680 0.031250 0.017578
0 0.333008 0.088867 0.009766 0.009766
0 0.859375 0.082031 0.003906 0.003906
0 0.438477 0.085938 0.017578 0.011719
0 0.450195 0.079102 0.001953 0.001953
0 0.458008 0.075195 0.009766 0.009766
0 0.469727 0.072266 0.009766 0.007812
0 0.848633 0.083984 0.029297 0.035156
0 0.753906 0.084961 0.027344 0.041016
0 0.040039 0.081055 0.017578 0.033203
0 0.482422 0.063477 0.007812 0.005859
1 0.283203 0.067383 0.015625 0.013672
1 0.291016 0.057617 0.003906 0.001953
0 0.765625 0.059570 0.015625 0.017578
1 0.622070 0.050781 0.009766 0.003906
1 0.603516 0.067383 0.039062 0.037109
0 0.772461 0.047852 0.001953 0.001953
1 0.399414 0.043945 0.001953 0.001953
1 0.612305 0.042969 0.009766 0.003906
1 0.398438 0.040039 0.003906 0.001953
0 0.390625 0.041016 0.003906 0.003906
0 0.872070 0.051758 0.056641 0.033203
1 0.485352 0.036133 0.001953 0.001953
0 0.289062 0.041992 0.023438 0.013672
0 0.272461 0.033203 0.009766 0.011719
0 0.293945 0.026367 0.001953 0.001953
0 0.921875 0.025391 0.007812 0.007812
0 0.739258 0.022461 0.001953 0.001953
0 0.286133 0.027344 0.009766 0.011719
0 0.727539 0.025391 0.009766 0.027344
1 0.403320 0.014648 0.005859 0.005859
1 0.396484 0.017578 0.015625 0.011719
0 0.901367 0.012695 0.009766 0.005859
0 0.884766 0.020508 0.066406 0.041016
0 0.870117 0.000977 0.001953 0.001953
0 0.855469 0.009766 0.023438 0.019531
0 0.742188 0.006836 0.015625 0.013672
1 0.383789 0.004883 0.009766 0.009766
2 0.747070 0.998047 0.005859 0.003906
2 0.802734 0.993164 0.007812 0.013672
2 0.938477 0.992188 0.041016 0.015625
2 0.874023 0.984375 0.001953 0.003906
2 0.833984 0.991211 0.027344 0.017578
2 0.898438 0.980469 0.015625 0.011719
3 0.999023 0.961914 0.001953 0.001953
2 0.828125 0.957031 0.003906 0.003906
2 0.837891 0.975586 0.101562 0.048828
2 0.000977 0.535156 0.001953 0.003906
2 0.983398 0.405273 0.001953 0.001953
2 0.935547 0.398438 0.003906 0.003906
2 0.963867 0.394531 0.001953 0.003906
2 0.959961 0.393555 0.001953 0.001953
3 0.991211 0.377930 0.005859 0.005859
3 0.994141 0.364258 0.011719 0.025391
3 0.999023 0.323242 0.001953 0.001953
3 0.983398 0.276367 0.001953 0.001953
2 0.976562 0.266602 0.003906 0.005859
2 0.932617 0.236328 0.005859 0.003906
3 0.500000 0.500000 1.000000 1.000000