0 0.955078 0.999023 0.003906 0.001953
0 0.904297 0.998047 0.003906 0.003906
0 0.905273 0.993164 0.001953 0.001953
0 0.204102 0.992188 0.005859 0.003906
0 0.599609 0.991211 0.039062 0.009766
0 0.416992 0.987305 0.001953 0.001953
0 0.902344 0.982422 0.003906 0.003906
0 0.896484 0.982422 0.003906 0.003906
0 0.886719 0.982422 0.007812 0.003906
0 0.425781 0.990234 0.031250 0.019531
0 0.416992 0.981445 0.001953 0.005859
0 0.852539 0.973633 0.001953 0.005859
0 0.971680 0.963867 0.001953 0.001953
0 0.823242 0.959961 0.005859 0.001953
0 0.969727 0.958008 0.001953 0.001953
0 0.168945 0.948242 0.001953 0.001953
0 0.881836 0.944336 0.001953 0.001953
0 0.854492 0.940430 0.001953 0.001953
0 0.844727 0.954102 0.033203 0.037109
0 0.574219 0.936523 0.003906 0.001953
0 0.362305 0.934570 0.001953 0.001953
1 0.084961 0.934570 0.001953 0.001953
0 0.071289 0.942383 0.033203 0.017578
1 0.063477 0.934570 0.001953 0.001953
0 0.868164 0.951172 0.029297 0.039062
1 0.102539 0.930664 0.001953 0.001953
0 0.958008 0.928711 0.001953 0.001953
0 0.830078 0.928711 0.003906 0.005859
0 0.129883 0.928711 0.009766 0.009766
0 0.116211 0.961914 0.068359 0.076172
0 0.868164 0.922852 0.001953 0.001953
0 0.202148 0.920898 0.001953 0.001953
0 0.948242 0.918945 0.001953 0.001953
0 0.357422 0.916016 0.007812 0.007812
0 0.948242 0.909180 0.001953 0.001953
0 0.824219 0.914062 0.007812 0.011719
0 0.881836 0.904297 0.001953 0.003906
0 0.971680 0.949219 0.056641 0.101562
0 0.184570 0.931641 0.037109 0.066406
1 0.111328 0.895508 0.003906 0.001953
0 0.879883 0.893555 0.001953 0.001953
0 0.543945 0.895508 0.009766 0.005859
0 0.872070 0.892578 0.001953 0.003906
0 0.186523 0.888672 0.001953 0.003906
1 0.998047 0.890625 0.003906 0.011719
1 0.064453 0.894531 0.011719 0.027344
1 0.998047 0.880859 0.003906 0.003906
0 0.171875 0.887695 0.011719 0.021484
0 0.999023 0.872070 0.001953 0.001953
0 0.866211 0.879883 0.017578 0.021484
0 0.387695 0.870117 0.001953 0.001953
0 0.395508 0.881836 0.033203 0.025391
0 0.436523 0.877930 0.021484 0.021484
1 0.323242 0.869141 0.009766 0.007812
0 0.284180 0.866211 0.001953 0.001953
0 0.866211 0.866211 0.009766 0.005859
0 0.011719 0.864258 0.003906 0.001953
0 0.901367 0.862305 0.001953 0.001953
0 0.865234 0.861328 0.003906 0.003906
0 0.385742 0.858398 0.001953 0.001953
0 0.381836 0.858398 0.001953 0.001953
0 0.972656 0.854492 0.003906 0.009766
0 0.638672 0.850586 0.003906 0.001953
0 0.034180 0.858398 0.033203 0.029297
0 0.616211 0.843750 0.025391 0.011719
0 0.656250 0.834961 0.003906 0.001953
0 0.416016 0.836914 0.003906 0.005859
0 0.374023 0.834961 0.001953 0.001953
0 0.638672 0.836914 0.015625 0.009766
0 0.377930 0.833008 0.001953 0.001953
0 0.416016 0.831055 0.003906 0.001953
1 0.343750 0.832031 0.007812 0.003906
1 0.354492 0.829102 0.001953 0.001953
1 0.368164 0.848633 0.083984 0.056641
1 0.367188 0.822266 0.003906 0.003906
0 0.213867 0.821289 0.001953 0.001953
0 0.291992 0.819336 0.001953 0.001953
0 0.904297 0.819336 0.003906 0.005859
0 0.899414 0.817383 0.001953 0.001953
0 0.397461 0.817383 0.001953 0.001953
0 0.286133 0.817383 0.001953 0.001953
0 0.293945 0.815430 0.001953 0.001953
0 0.059570 0.813477 0.005859 0.001953
0 0.990234 0.837891 0.019531 0.054688
0 0.883789 0.807617 0.001953 0.001953
1 0.333008 0.806641 0.001953 0.007812
0 0.881836 0.802734 0.005859 0.003906
1 0.331055 0.799805 0.001953 0.001953
0 0.852539 0.804688 0.021484 0.015625
1 0.180664 0.798828 0.001953 0.003906
0 0.606445 0.798828 0.005859 0.007812
0 0.027344 0.791992 0.003906 0.001953
0 0.033203 0.809570 0.062500 0.041016
1 0.232422 0.787109 0.003906 0.003906
0 0.068359 0.791016 0.007812 0.011719
0 0.811523 0.772461 0.001953 0.001953
0 0.305664 0.772461 0.001953 0.001953
1 0.316406 0.816406 0.121094 0.093750
0 0.803711 0.766602 0.001953 0.001953
0 0.368164 0.766602 0.001953 0.001953
1 0.150391 0.770508 0.003906 0.009766
0 0.789062 0.765625 0.003906 0.003906
0 0.368164 0.762695 0.001953 0.001953
0 0.793945 0.758789 0.009766 0.005859
0 0.991211 0.760742 0.017578 0.013672
0 0.913086 0.754883 0.001953 0.001953
0 0.992188 0.750977 0.003906 0.001953
0 0.940430 0.749023 0.001953 0.001953
0 0.747070 0.748047 0.021484 0.019531
0 0.733398 0.737305 0.001953 0.001953
0 0.926758 0.745117 0.029297 0.025391
1 0.041992 0.734375 0.009766 0.007812
1 0.034180 0.731445 0.001953 0.001953
1 0.029297 0.750000 0.035156 0.039062
0 0.784180 0.731445 0.001953 0.005859
1 0.008789 0.725586 0.001953 0.001953
0 0.926758 0.721680 0.001953 0.001953
0 0.932617 0.719727 0.001953 0.001953
0 0.325195 0.724609 0.009766 0.011719
0 0.327148 0.717773 0.001953 0.001953
1 0.004883 0.717773 0.001953 0.001953
0 0.935547 0.716797 0.003906 0.003906
0 0.927734 0.716797 0.007812 0.003906
1 0.034180 0.711914 0.001953 0.001953
1 0.218750 0.711914 0.003906 0.005859
0 0.286133 0.710938 0.009766 0.007812
0 0.995117 0.706055 0.001953 0.001953
1 0.205078 0.710938 0.015625 0.015625
1 0.043945 0.707031 0.009766 0.007812
1 0.027344 0.710938 0.011719 0.015625
0 0.873047 0.705078 0.015625 0.011719
1 0.006836 0.707031 0.013672 0.015625
0 0.282227 0.698242 0.001953 0.001953
1 0.030273 0.694336 0.001953 0.001953
0 0.331055 0.696289 0.017578 0.013672
0 0.257812 0.695312 0.007812 0.011719
0 0.505859 0.687500 0.003906 0.003906
1 0.985352 0.684570 0.001953 0.001953
0 0.965820 0.706055 0.068359 0.048828
1 0.993164 0.678711 0.001953 0.001953
0 0.493164 0.684570 0.013672 0.013672
0 0.478516 0.679688 0.015625 0.007812
0 0.293945 0.680664 0.009766 0.009766
0 0.250977 0.672852 0.001953 0.001953
0 0.787109 0.670898 0.003906 0.001953
0 0.321289 0.673828 0.005859 0.007812
0 0.447266 0.669922 0.003906 0.003906
0 0.245117 0.666992 0.001953 0.001953
0 0.838867 0.665039 0.001953 0.001953
0 0.365234 0.664062 0.011719 0.007812
0 0.247070 0.661133 0.001953 0.001953
1 0.035156 0.678711 0.070312 0.037109
0 0.364258 0.657227 0.001953 0.001953
1 0.149414 0.655273 0.001953 0.001953
0 0.366211 0.653320 0.001953 0.001953
0 0.249023 0.656250 0.005859 0.007812
0 0.116211 0.653320 0.001953 0.001953
0 0.401367 0.685547 0.076172 0.070312
0 0.342773 0.653320 0.005859 0.005859
0 0.549805 0.647461 0.001953 0.001953
0 0.925781 0.647461 0.003906 0.005859
0 0.602539 0.645508 0.001953 0.001953
0 0.645508 0.683594 0.357422 0.078125
0 0.902344 0.648438 0.015625 0.011719
0 0.277344 0.656250 0.027344 0.039062
1 0.125977 0.640625 0.013672 0.007812
0 0.963867 0.633789 0.001953 0.001953
1 0.124023 0.633789 0.001953 0.001953
0 0.914062 0.641602 0.011719 0.021484
0 0.925781 0.627930 0.003906 0.001953
0 0.907227 0.627930 0.001953 0.001953
0 0.247070 0.627930 0.001953 0.001953
0 0.358398 0.629883 0.005859 0.009766
1 0.120117 0.627930 0.009766 0.005859
0 0.920898 0.623047 0.005859 0.003906
1 0.065430 0.639648 0.037109 0.041016
0 0.219727 0.613281 0.001953 0.003906
0 0.029297 0.614258 0.003906 0.009766
0 0.240234 0.610352 0.003906 0.005859
0 0.034180 0.610352 0.001953 0.005859
1 0.212891 0.607422 0.003906 0.003906
0 0.891602 0.612305 0.017578 0.017578
0 0.623047 0.605469 0.003906 0.003906
0 0.241211 0.604492 0.001953 0.001953
1 0.206055 0.605469 0.001953 0.003906
0 0.908203 0.607422 0.011719 0.015625
0 0.223633 0.607422 0.009766 0.015625
0 0.236328 0.617188 0.015625 0.042969
0 0.213867 0.598633 0.005859 0.005859
0 0.525391 0.595703 0.011719 0.011719
1 0.090820 0.593750 0.005859 0.007812
0 0.981445 0.583008 0.001953 0.001953
0 0.981445 0.606445 0.037109 0.048828
0 0.169922 0.577148 0.003906 0.005859
0 0.950195 0.569336 0.001953 0.001953
0 0.577148 0.563477 0.001953 0.001953
0 0.997070 0.557617 0.005859 0.009766
0 0.569336 0.554688 0.025391 0.019531
0 0.997070 0.542969 0.001953 0.003906
0 0.625977 0.541992 0.001953 0.001953
0 0.997070 0.536133 0.001953 0.001953
0 0.997070 0.530273 0.005859 0.005859
0 0.623047 0.538086 0.027344 0.029297
0 0.995117 0.520508 0.001953 0.001953
0 0.829102 0.518555 0.001953 0.001953
0 0.215820 0.514648 0.001953 0.001953
1 0.192383 0.514648 0.001953 0.001953
0 0.850586 0.504883 0.001953 0.001953
0 0.944336 0.502930 0.001953 0.001953
0 0.996094 0.504883 0.007812 0.021484
0 0.936523 0.495117 0.001953 0.001953
0 0.928711 0.496094 0.005859 0.003906
0 0.915039 0.547852 0.076172 0.107422
0 0.894531 0.498047 0.011719 0.011719
0 0.827148 0.494141 0.001953 0.003906
0 0.839844 0.491211 0.003906 0.001953
0 0.936523 0.487305 0.001953 0.001953
0 0.946289 0.479492 0.001953 0.005859
0 0.938477 0.478516 0.005859 0.007812
0 0.992188 0.480469 0.015625 0.019531
0 0.946289 0.472656 0.001953 0.003906
0 0.938477 0.471680 0.001953 0.001953
0 0.969727 0.465820 0.001953 0.001953
0 0.212891 0.471680 0.011719 0.017578
0 0.970703 0.480469 0.035156 0.042969
0 0.151367 0.567383 0.150391 0.220703
0 0.976562 0.454102 0.003906 0.005859
0 0.367188 0.457031 0.011719 0.011719
0 0.965820 0.451172 0.005859 0.003906
0 0.975586 0.448242 0.001953 0.001953
0 0.948242 0.448242 0.001953 0.001953
0 0.362305 0.448242 0.005859 0.001953
0 0.958008 0.453125 0.009766 0.015625
0 0.870117 0.447266 0.005859 0.003906
0 0.887695 0.444336 0.001953 0.001953
0 0.875977 0.444336 0.001953 0.001953
0 0.221680 0.445312 0.001953 0.003906
0 0.998047 0.446289 0.003906 0.009766
0 0.946289 0.443359 0.001953 0.003906
0 0.952148 0.440430 0.001953 0.001953
0 0.891602 0.441406 0.001953 0.003906
0 0.227539 0.440430 0.001953 0.001953
0 0.208008 0.441406 0.005859 0.003906
0 0.915039 0.443359 0.009766 0.011719
0 0.389648 0.440430 0.005859 0.005859
0 0.914062 0.432617 0.003906 0.001953
0 0.256836 0.432617 0.001953 0.001953
0 0.999023 0.430664 0.001953 0.001953
0 0.918945 0.428711 0.001953 0.001953
0 0.997070 0.423828 0.005859 0.003906
0 0.438477 0.422852 0.001953 0.001953
0 0.126953 0.423828 0.003906 0.003906
0 0.998047 0.418945 0.003906 0.001953
1 0.436523 0.416992 0.001953 0.001953
0 0.338867 0.417969 0.005859 0.003906
0 0.430664 0.416016 0.001953 0.003906
0 0.423828 0.441406 0.066406 0.054688
0 0.088867 0.415039 0.001953 0.001953
0 0.268555 0.409180 0.001953 0.001953
0 0.308594 0.420898 0.031250 0.041016
0 0.978516 0.388672 0.003906 0.003906
0 0.923828 0.385742 0.003906 0.001953
0 0.402344 0.387695 0.007812 0.009766
0 0.365234 0.390625 0.019531 0.019531
0 0.409180 0.379883 0.001953 0.001953
0 0.401367 0.379883 0.001953 0.001953
0 0.350586 0.377930 0.001953 0.001953
1 0.208008 0.378906 0.005859 0.003906
0 0.358398 0.375000 0.001953 0.003906
0 0.380859 0.373047 0.015625 0.007812
0 0.370117 0.370117 0.001953 0.001953
0 0.365234 0.370117 0.003906 0.001953
0 0.346680 0.368164 0.001953 0.001953
0 0.585938 0.367188 0.007812 0.007812
1 0.958008 0.360352 0.001953 0.001953
1 0.436523 0.354492 0.001953 0.001953
1 0.956055 0.353516 0.001953 0.003906
0 0.659180 0.350586 0.001953 0.001953
0 0.025391 0.348633 0.003906 0.001953
1 0.955078 0.347656 0.003906 0.003906
0 0.031250 0.347656 0.003906 0.003906
1 0.959961 0.344727 0.001953 0.001953
0 0.344727 0.347656 0.001953 0.007812
1 0.303711 0.369141 0.037109 0.054688
0 0.029297 0.340820 0.003906 0.001953
1 0.478516 0.343750 0.015625 0.011719
0 0.049805 0.336914 0.001953 0.001953
0 0.045898 0.336914 0.001953 0.001953
0 0.030273 0.336914 0.001953 0.001953
0 0.424805 0.343750 0.025391 0.019531
0 0.415039 0.333008 0.001953 0.001953
0 0.358398 0.333008 0.001953 0.001953
1 0.246094 0.333984 0.003906 0.003906
1 0.219727 0.330078 0.009766 0.007812
1 0.139648 0.327148 0.001953 0.001953
1 0.295898 0.326172 0.005859 0.003906
0 0.358398 0.326172 0.005859 0.007812
1 0.143555 0.323242 0.001953 0.001953
0 0.744141 0.320312 0.003906 0.003906
0 0.416016 0.320312 0.003906 0.003906
1 0.057617 0.317383 0.001953 0.001953
0 0.762695 0.315430 0.001953 0.001953
0 0.416992 0.315430 0.001953 0.001953
0 0.735352 0.314453 0.001953 0.003906
0 0.731445 0.313477 0.001953 0.001953
1 0.291992 0.314453 0.005859 0.003906
0 0.415039 0.311523 0.001953 0.001953
1 0.221680 0.314453 0.005859 0.007812
0 0.418945 0.307617 0.001953 0.001953
0 0.411133 0.307617 0.001953 0.001953
1 0.131836 0.307617 0.001953 0.001953
1 0.400391 0.302734 0.003906 0.003906
0 0.372070 0.301758 0.001953 0.001953
1 0.454102 0.298828 0.001953 0.003906
0 0.172852 0.291992 0.001953 0.001953
0 0.670898 0.305664 0.025391 0.033203
1 0.243164 0.290039 0.001953 0.001953
1 0.899414 0.288086 0.001953 0.001953
1 0.278320 0.288086 0.001953 0.001953
1 0.482422 0.286133 0.003906 0.001953
0 0.694336 0.284180 0.001953 0.001953
1 0.402344 0.283203 0.003906 0.003906
1 0.352539 0.278320 0.001953 0.001953
1 0.294922 0.280273 0.003906 0.005859
1 0.299805 0.273438 0.001953 0.003906
0 0.500977 0.270508 0.005859 0.001953
0 0.243164 0.269531 0.005859 0.003906
0 0.841797 0.270508 0.015625 0.009766
0 0.228516 0.267578 0.007812 0.007812
0 0.856445 0.262695 0.013672 0.009766
0 0.483398 0.258789 0.001953 0.001953
1 0.402344 0.261719 0.007812 0.007812
0 0.667969 0.255859 0.003906 0.003906
1 0.400391 0.252930 0.003906 0.005859
1 0.368164 0.250977 0.001953 0.001953
0 0.491211 0.249023 0.001953 0.001953
0 0.217773 0.247070 0.001953 0.001953
0 0.491211 0.245117 0.001953 0.001953
0 0.559570 0.243164 0.001953 0.001953
1 0.401367 0.243164 0.001953 0.001953
1 0.394531 0.246094 0.007812 0.007812
0 0.824219 0.244141 0.003906 0.007812
1 0.370117 0.241211 0.001953 0.001953
0 0.490234 0.239258 0.003906 0.001953
0 0.477539 0.239258 0.001953 0.001953
0 0.096680 0.239258 0.001953 0.001953
0 0.856445 0.237305 0.001953 0.001953
0 0.612305 0.255859 0.033203 0.039062
0 0.290039 0.236328 0.001953 0.003906
1 0.403320 0.235352 0.005859 0.005859
0 0.102539 0.228516 0.001953 0.003906
0 0.607422 0.229492 0.007812 0.009766
0 0.488281 0.229492 0.007812 0.009766
0 0.915039 0.223633 0.001953 0.001953
1 0.877930 0.217773 0.001953 0.001953
1 0.389648 0.219727 0.005859 0.005859
0 0.479492 0.216797 0.009766 0.003906
1 0.327148 0.216797 0.005859 0.003906
0 0.180664 0.215820 0.001953 0.001953
0 0.961914 0.213867 0.001953 0.001953
1 0.885742 0.211914 0.001953 0.001953
0 0.828125 0.211914 0.003906 0.001953
0 0.611328 0.214844 0.007812 0.007812
0 0.488281 0.212891 0.003906 0.003906
0 0.932617 0.324219 0.134766 0.230469
0 0.823242 0.208008 0.001953 0.001953
1 0.405273 0.214844 0.013672 0.015625
0 0.922852 0.207031 0.001953 0.003906
1 0.411133 0.206055 0.001953 0.001953
0 0.913086 0.204102 0.001953 0.001953
0 0.493164 0.204102 0.001953 0.001953
1 0.394531 0.207031 0.003906 0.007812
0 0.959961 0.201172 0.005859 0.003906
0 0.911133 0.200195 0.001953 0.001953
0 0.481445 0.200195 0.001953 0.001953
1 0.323242 0.200195 0.001953 0.001953
0 0.907227 0.198242 0.001953 0.001953
1 0.389648 0.200195 0.001953 0.005859
1 0.861328 0.198242 0.003906 0.005859
0 0.467773 0.194336 0.001953 0.001953
0 0.900391 0.200195 0.007812 0.017578
1 0.472656 0.193359 0.003906 0.003906
1 0.368164 0.194336 0.005859 0.009766
1 0.204102 0.194336 0.017578 0.013672
1 0.655273 0.186523 0.001953 0.001953
0 0.552734 0.218750 0.050781 0.066406
0 0.559570 0.184570 0.001953 0.001953
1 0.222656 0.185547 0.007812 0.003906
1 0.659180 0.178711 0.001953 0.001953
1 0.373047 0.180664 0.003906 0.005859
0 0.601562 0.192383 0.042969 0.033203
1 0.593750 0.175781 0.003906 0.003906
0 0.930664 0.172852 0.001953 0.001953
0 0.876953 0.172852 0.003906 0.001953
0 0.950195 0.183594 0.025391 0.027344
0 0.864258 0.168945 0.001953 0.001953
0 0.937500 0.163086 0.003906 0.001953
0 0.947266 0.162109 0.011719 0.003906
0 0.869141 0.163086 0.003906 0.005859
1 0.648438 0.171875 0.023438 0.031250
0 0.948242 0.155273 0.001953 0.001953
1 0.224609 0.164062 0.011719 0.031250
1 0.072266 0.165039 0.031250 0.033203
1 0.003906 0.151367 0.007812 0.005859
1 0.003906 0.144531 0.007812 0.003906
0 0.937500 0.143555 0.003906 0.005859
1 0.146484 0.139648 0.042969 0.009766
0 0.649414 0.133789 0.001953 0.001953
1 0.038086 0.133789 0.001953 0.001953
0 0.447266 0.125977 0.003906 0.001953
0 0.898438 0.122070 0.003906 0.001953
0 0.866211 0.122070 0.001953 0.001953
1 0.000977 0.122070 0.001953 0.001953
0 0.926758 0.120117 0.001953 0.001953
0 0.874023 0.116211 0.001953 0.001953
0 0.866211 0.117188 0.005859 0.003906
0 0.770508 0.104492 0.001953 0.001953
0 0.712891 0.106445 0.007812 0.005859
0 0.915039 0.099609 0.005859 0.007812
0 0.889648 0.094727 0.001953 0.001953
0 0.882812 0.094727 0.003906 0.001953
0 0.566406 0.094727 0.003906 0.001953
0 0.672852 0.088867 0.001953 0.001953
0 0.645508 0.086914 0.001953 0.001953
1 0.155273 0.089844 0.005859 0.007812
0 0.579102 0.090820 0.017578 0.017578
0 0.995117 0.075195 0.001953 0.001953
0 0.996094 0.070312 0.003906 0.003906
0 0.635742 0.065430 0.001953 0.001953
0 0.933594 0.086914 0.039062 0.052734
1 0.118164 0.055664 0.005859 0.005859
0 0.661133 0.051758 0.001953 0.001953
1 0.184570 0.053711 0.005859 0.005859
1 0.013672 0.068359 0.027344 0.035156
0 0.820312 0.051758 0.003906 0.005859
1 0.116211 0.049805 0.001953 0.001953
0 0.807617 0.047852 0.001953 0.001953
1 0.125000 0.048828 0.003906 0.003906
1 0.495117 0.045898 0.001953 0.001953
1 0.807617 0.043945 0.001953 0.001953
0 0.020508 0.041992 0.001953 0.001953
1 0.502930 0.038086 0.001953 0.001953
1 0.495117 0.038086 0.001953 0.001953
0 0.020508 0.038086 0.001953 0.001953
1 0.293945 0.033203 0.021484 0.019531
1 0.501953 0.020508 0.007812 0.001953
0 0.747070 0.016602 0.001953 0.001953
1 0.036133 0.014648 0.009766 0.005859
1 0.219727 0.004883 0.001953 0.001953
0 0.738281 0.002930 0.003906 0.005859
0 0.780273 0.158203 0.439453 0.316406
1 0.503906 0.003906 0.031250 0.007812
1 0.247070 0.229492 0.494141 0.458984
1 0.257812 0.010742 0.039062 0.021484
1 0.228516 0.001953 0.015625 0.003906
1 0.217773 0.000977 0.001953 0.001953
1 0.106445 0.023438 0.044922 0.046875
1 0.002930 0.001953 0.005859 0.003906
2 0.965820 0.999023 0.001953 0.001953
2 0.422852 0.999023 0.001953 0.001953
2 0.413086 0.999023 0.001953 0.001953
2 0.090820 0.999023 0.001953 0.001953
2 0.969727 0.998047 0.001953 0.003906
2 0.424805 0.995117 0.001953 0.001953
2 0.097656 0.995117 0.007812 0.009766
2 0.979492 0.992188 0.005859 0.011719
3 0.121094 0.988281 0.003906 0.003906
3 0.116211 0.985352 0.001953 0.001953
2 0.991211 0.966797 0.005859 0.007812
2 0.104492 0.948242 0.001953 0.001953
2 0.131836 0.948242 0.013672 0.013672
3 0.110352 0.929688 0.001953 0.003906
3 0.000977 0.711914 0.001953 0.001953
3 0.041992 0.677734 0.005859 0.003906
2 0.969727 0.590820 0.001953 0.001953
2 0.172852 0.440430 0.001953 0.001953
2 0.174805 0.436523 0.001953 0.001953
2 0.172852 0.432617 0.001953 0.001953
2 0.098633 0.415039 0.001953 0.001953
2 0.995117 0.411133 0.001953 0.001953
3 0.932617 0.411133 0.001953 0.001953
3 0.928711 0.409180 0.001953 0.001953
2 0.198242 0.409180 0.005859 0.001953
2 0.963867 0.403320 0.001953 0.001953
3 0.928711 0.404297 0.001953 0.003906
2 0.994141 0.400391 0.003906 0.003906
3 0.932617 0.399414 0.001953 0.001953
2 0.205078 0.399414 0.003906 0.001953
3 0.946289 0.393555 0.001953 0.001953
2 0.193359 0.400391 0.023438 0.019531
2 0.229492 0.380859 0.001953 0.003906
2 0.989258 0.374023 0.001953 0.001953
3 0.953125 0.373047 0.003906 0.007812
3 0.156250 0.374023 0.011719 0.021484
2 0.998047 0.362305 0.003906 0.005859
3 0.947266 0.356445 0.007812 0.005859
2 0.899414 0.354492 0.001953 0.001953
3 0.155273 0.353516 0.005859 0.011719
2 0.981445 0.327148 0.001953 0.001953
2 0.930664 0.327148 0.001953 0.001953
2 0.028320 0.328125 0.001953 0.003906
2 0.044922 0.325195 0.003906 0.005859
2 0.026367 0.323242 0.001953 0.001953
2 0.961914 0.321289 0.001953 0.001953
2 0.888672 0.322266 0.003906 0.003906
2 0.972656 0.360352 0.054688 0.083984
2 0.044922 0.319336 0.003906 0.001953
2 0.004883 0.315430 0.001953 0.001953
3 0.067383 0.313477 0.001953 0.001953
2 0.956055 0.311523 0.005859 0.005859
3 0.329102 0.309570 0.001953 0.001953
2 0.951172 0.308594 0.003906 0.003906
3 0.893555 0.307617 0.001953 0.001953
2 0.768555 0.307617 0.001953 0.001953
2 0.749023 0.307617 0.001953 0.001953
2 0.764648 0.301758 0.001953 0.001953
3 0.924805 0.299805 0.001953 0.001953
2 0.002930 0.306641 0.005859 0.015625
3 0.929688 0.297852 0.003906 0.001953
2 0.029297 0.303711 0.035156 0.025391
3 0.135742 0.291992 0.005859 0.005859
3 0.886719 0.290039 0.003906 0.005859
2 0.163086 0.288086 0.005859 0.005859
3 0.942383 0.284180 0.001953 0.001953
3 0.342773 0.282227 0.001953 0.005859
3 0.960938 0.276367 0.003906 0.001953
3 0.955078 0.287109 0.031250 0.027344
2 0.122070 0.279297 0.037109 0.015625
3 0.946289 0.270508 0.001953 0.001953
2 0.098633 0.272461 0.005859 0.005859
3 0.959961 0.269531 0.005859 0.003906
3 0.896484 0.271484 0.007812 0.007812
2 0.782227 0.268555 0.001953 0.001953
3 0.940430 0.268555 0.009766 0.005859
2 0.458008 0.262695 0.001953 0.001953
3 0.897461 0.260742 0.001953 0.001953
2 0.208008 0.261719 0.005859 0.003906
3 0.925781 0.264648 0.007812 0.013672
3 0.340820 0.260742 0.005859 0.005859
2 0.680664 0.256836 0.001953 0.001953
3 0.890625 0.257812 0.007812 0.007812
3 0.882812 0.256836 0.003906 0.005859
2 0.874023 0.254883 0.001953 0.001953
2 0.710938 0.258789 0.023438 0.009766
2 0.261719 0.253906 0.003906 0.003906
3 0.381836 0.251953 0.001953 0.003906
3 0.360352 0.250977 0.001953 0.001953
3 0.946289 0.260742 0.025391 0.025391
3 0.433594 0.250000 0.003906 0.003906
2 0.156250 0.251953 0.003906 0.007812
2 0.008789 0.249023 0.001953 0.001953
2 0.461914 0.247070 0.001953 0.001953
2 0.264648 0.247070 0.001953 0.001953
3 0.915039 0.243164 0.005859 0.001953
2 0.768555 0.243164 0.001953 0.001953
2 0.266602 0.243164 0.001953 0.001953
3 0.894531 0.241211 0.003906 0.001953
3 0.324219 0.251953 0.011719 0.023438
3 0.732422 0.240234 0.003906 0.003906
3 0.738281 0.238281 0.003906 0.003906
3 0.375977 0.237305 0.001953 0.001953
2 0.266602 0.238281 0.001953 0.003906
2 0.724609 0.247070 0.023438 0.025391
2 0.000977 0.235352 0.001953 0.001953
3 0.910156 0.232422 0.003906 0.003906
2 0.782227 0.231445 0.005859 0.005859
2 0.288086 0.229492 0.001953 0.001953
2 0.167969 0.229492 0.003906 0.005859
2 0.961914 0.221680 0.001953 0.001953
2 0.905273 0.221680 0.001953 0.001953
3 0.747070 0.221680 0.001953 0.001953
2 0.163086 0.230469 0.005859 0.023438
2 0.140625 0.222656 0.007812 0.007812
2 0.905273 0.217773 0.001953 0.001953
2 0.769531 0.217773 0.003906 0.001953
2 0.294922 0.220703 0.007812 0.007812
3 0.750000 0.217773 0.011719 0.005859
3 0.443359 0.218750 0.011719 0.011719
2 0.770508 0.212891 0.001953 0.003906
2 0.766602 0.211914 0.001953 0.001953
3 0.461914 0.211914 0.001953 0.001953
2 0.249023 0.211914 0.001953 0.001953
2 0.144531 0.216797 0.011719 0.015625
2 0.758789 0.209961 0.005859 0.005859
3 0.456055 0.209961 0.009766 0.005859
2 0.804688 0.204102 0.003906 0.001953
2 0.780273 0.200195 0.001953 0.001953
2 0.768555 0.200195 0.001953 0.001953
2 0.252930 0.200195 0.001953 0.001953
2 0.829102 0.198242 0.001953 0.001953
3 0.440430 0.198242 0.001953 0.001953
2 0.787109 0.195312 0.011719 0.011719
3 0.721680 0.176758 0.001953 0.001953
2 0.788086 0.173828 0.005859 0.003906
3 0.794922 0.162109 0.003906 0.007812
2 0.867188 0.148438 0.003906 0.003906
2 0.916992 0.143555 0.001953 0.001953
2 0.323242 0.127930 0.001953 0.001953
3 0.411133 0.124023 0.001953 0.001953
2 0.325195 0.122070 0.001953 0.001953
2 0.332031 0.125000 0.003906 0.011719
2 0.329102 0.121094 0.001953 0.003906
3 0.233398 0.118164 0.001953 0.001953
3 0.264648 0.112305 0.001953 0.001953
2 0.751953 0.110352 0.003906 0.001953
2 0.323242 0.110352 0.001953 0.001953
3 0.250977 0.110352 0.001953 0.001953
2 0.331055 0.109375 0.005859 0.003906
2 0.318359 0.108398 0.003906 0.001953
3 0.238281 0.114258 0.011719 0.013672
2 0.325195 0.106445 0.001953 0.001953
2 0.309570 0.125000 0.021484 0.039062
3 0.260742 0.109375 0.005859 0.007812
2 0.663086 0.104492 0.001953 0.001953
2 0.329102 0.104492 0.001953 0.001953
3 0.196289 0.102539 0.001953 0.001953
2 0.276367 0.103516 0.009766 0.007812
3 0.241211 0.098633 0.001953 0.001953
2 0.659180 0.098633 0.005859 0.005859
2 0.733398 0.092773 0.001953 0.001953
2 0.651367 0.090820 0.001953 0.001953
2 0.865234 0.090820 0.003906 0.005859
2 0.769531 0.086914 0.003906 0.001953
3 0.401367 0.093750 0.025391 0.019531
3 0.374023 0.081055 0.009766 0.009766
2 0.858398 0.075195 0.001953 0.001953
2 0.307617 0.075195 0.001953 0.001953
2 0.418945 0.074219 0.001953 0.003906
2 0.834961 0.068359 0.001953 0.003906
2 0.833008 0.063477 0.001953 0.001953
2 0.657227 0.063477 0.001953 0.001953
3 0.342773 0.063477 0.001953 0.001953
3 0.762695 0.057617 0.001953 0.001953
3 0.325195 0.062500 0.009766 0.011719
2 0.016602 0.055664 0.001953 0.001953
3 0.742188 0.072266 0.050781 0.050781
2 0.405273 0.047852 0.001953 0.001953
3 0.833984 0.046875 0.003906 0.003906
2 0.932617 0.043945 0.001953 0.001953
2 0.983398 0.041992 0.001953 0.001953
3 0.768555 0.041992 0.001953 0.001953
2 0.438477 0.036133 0.001953 0.001953
2 0.942383 0.030273 0.021484 0.013672
2 0.446289 0.020508 0.001953 0.001953
2 0.956055 0.020508 0.001953 0.005859
2 0.422852 0.045898 0.048828 0.056641
2 0.958008 0.014648 0.001953 0.001953
2 0.416992 0.014648 0.001953 0.001953
2 0.428711 0.010742 0.001953 0.001953
2 0.432617 0.008789 0.001953 0.001953
2 0.821289 0.004883 0.005859 0.001953
2 0.618164 0.004883 0.001953 0.001953
3 0.497070 0.004883 0.001953 0.001953
2 0.998047 0.000977 0.003906 0.001953
2 0.954102 0.004883 0.009766 0.009766
2 0.759766 0.011719 0.070312 0.023438
2 0.657227 0.030273 0.060547 0.060547
2 0.644531 0.000977 0.003906 0.001953
2 0.639648 0.000977 0.001953 0.001953
2 0.500000 0.500000 1.000000 1.000000
3 0.345703 0.024414 0.070312 0.048828
3 0.122070 0.000977 0.005859 0.001953
3 0.158203 0.133789 0.316406 0.267578