0 0.653320 0.999023 0.001953 0.001953
0 0.745117 0.997070 0.001953 0.001953
0 0.208008 0.989258 0.001953 0.001953
0 0.748047 0.988281 0.003906 0.003906
0 0.743164 0.987305 0.001953 0.001953
0 0.840820 0.981445 0.001953 0.001953
0 0.903320 0.979492 0.001953 0.001953
0 0.361328 0.989258 0.042969 0.021484
0 0.838867 0.974609 0.009766 0.007812
0 0.199219 0.975586 0.027344 0.037109
1 0.891602 0.944336 0.001953 0.001953
0 0.919922 0.938477 0.007812 0.005859
1 0.899414 0.937500 0.005859 0.003906
0 0.174805 0.932617 0.005859 0.005859
0 0.884766 0.963867 0.082031 0.072266
0 0.803711 0.921875 0.001953 0.003906
0 0.025391 0.959961 0.050781 0.080078
0 0.797852 0.921875 0.005859 0.007812
0 0.860352 0.918945 0.009766 0.005859
0 0.870117 0.913086 0.001953 0.001953
0 0.805664 0.915039 0.005859 0.005859
1 0.435547 0.902344 0.011719 0.007812
0 0.117188 0.946289 0.050781 0.107422
0 0.038086 0.893555 0.013672 0.017578
1 0.418945 0.874023 0.005859 0.009766
0 0.708008 0.868164 0.001953 0.001953
0 0.666016 0.870117 0.007812 0.005859
0 0.680664 0.872070 0.017578 0.021484
1 0.028320 0.861328 0.001953 0.003906
0 0.023438 0.861328 0.003906 0.003906
0 0.000977 0.853516 0.001953 0.003906
0 0.756836 0.850586 0.001953 0.001953
0 0.674805 0.854492 0.017578 0.009766
1 0.686523 0.845703 0.005859 0.003906
0 0.606445 0.842773 0.001953 0.001953
0 0.274414 0.840820 0.001953 0.001953
0 0.037109 0.845703 0.003906 0.011719
1 0.412109 0.853516 0.035156 0.035156
0 0.226562 0.832031 0.003906 0.003906
1 0.672852 0.826172 0.005859 0.003906
0 0.877930 0.819336 0.005859 0.001953
1 0.653320 0.817383 0.001953 0.001953
0 0.547852 0.818359 0.001953 0.003906
0 0.877930 0.815430 0.001953 0.001953
0 0.114258 0.813477 0.001953 0.001953
1 0.651367 0.811523 0.001953 0.001953
0 0.700195 0.814453 0.009766 0.011719
0 0.531250 0.820312 0.027344 0.027344
0 0.924805 0.808594 0.009766 0.007812
0 0.118164 0.805664 0.001953 0.001953
0 0.110352 0.805664 0.001953 0.001953
0 0.764648 0.804688 0.001953 0.003906
1 0.406250 0.808594 0.015625 0.015625
0 0.647461 0.797852 0.001953 0.001953
0 0.666992 0.802734 0.021484 0.019531
0 0.813477 0.788086 0.001953 0.001953
1 0.375977 0.810547 0.044922 0.050781
0 0.393555 0.774414 0.001953 0.001953
1 0.386719 0.775391 0.007812 0.007812
0 0.703125 0.756836 0.003906 0.001953
0 0.001953 0.757812 0.003906 0.003906
1 0.374023 0.754883 0.001953 0.001953
0 0.008789 0.756836 0.005859 0.005859
0 0.895508 0.752930 0.001953 0.001953
0 0.895508 0.749023 0.001953 0.001953
0 0.885742 0.750000 0.001953 0.003906
0 0.606445 0.749023 0.001953 0.001953
0 0.000977 0.747070 0.001953 0.001953
1 0.210938 0.746094 0.003906 0.003906
1 0.202148 0.747070 0.009766 0.005859
0 0.516602 0.757812 0.037109 0.031250
0 0.819336 0.741211 0.001953 0.001953
0 0.325195 0.737305 0.001953 0.001953
1 0.362305 0.733398 0.001953 0.001953
0 0.226562 0.733398 0.003906 0.001953
0 0.213867 0.729492 0.025391 0.017578
0 0.859375 0.720703 0.003906 0.003906
1 0.370117 0.724609 0.005859 0.011719
1 0.217773 0.719727 0.001953 0.001953
1 0.213867 0.719727 0.001953 0.001953
0 0.784180 0.715820 0.001953 0.001953
1 0.213867 0.714844 0.005859 0.003906
1 0.176758 0.713867 0.001953 0.001953
0 0.387695 0.711914 0.001953 0.001953
0 0.383789 0.711914 0.001953 0.001953
1 0.356445 0.711914 0.001953 0.001953
0 0.574219 0.709961 0.003906 0.001953
1 0.364258 0.709961 0.005859 0.005859
1 0.234375 0.708008 0.003906 0.001953
0 0.405273 0.706055 0.001953 0.001953
1 0.569336 0.702148 0.001953 0.001953
1 0.415039 0.705078 0.013672 0.007812
0 0.858398 0.696289 0.001953 0.001953
0 0.933594 0.695312 0.019531 0.007812
0 0.874023 0.688477 0.001953 0.001953
0 0.887695 0.637695 0.001953 0.005859
0 0.860352 0.614258 0.001953 0.001953
0 0.909180 0.610352 0.001953 0.001953
0 0.874023 0.594727 0.001953 0.001953
0 0.887695 0.592773 0.001953 0.001953
1 0.938477 0.538086 0.001953 0.001953
1 0.998047 0.535156 0.003906 0.011719
1 0.995117 0.530273 0.001953 0.001953
1 0.995117 0.523438 0.009766 0.007812
0 0.999023 0.516602 0.001953 0.001953
0 0.995117 0.516602 0.001953 0.001953
0 0.083984 0.471680 0.003906 0.001953
0 0.084961 0.465820 0.005859 0.005859
0 0.070312 0.458008 0.003906 0.001953
0 0.211914 0.450195 0.001953 0.001953
0 0.208008 0.450195 0.001953 0.001953
0 0.340820 0.424805 0.001953 0.001953
0 0.364258 0.413086 0.001953 0.001953
0 0.368164 0.411133 0.001953 0.001953
1 0.999023 0.407227 0.001953 0.001953
0 0.249023 0.385742 0.001953 0.001953
0 0.243164 0.383789 0.005859 0.005859
0 0.106445 0.375977 0.001953 0.001953
0 0.184570 0.319336 0.001953 0.001953
0 0.356445 0.317383 0.001953 0.001953
1 0.997070 0.307617 0.001953 0.001953
0 0.162109 0.359375 0.160156 0.109375
1 0.987305 0.301758 0.005859 0.005859
0 0.221680 0.262695 0.001953 0.001953
0 0.247070 0.249023 0.001953 0.001953
0 0.118164 0.235352 0.001953 0.001953
0 0.171875 0.239258 0.023438 0.017578
0 0.086914 0.231445 0.001953 0.001953
0 0.165039 0.229492 0.001953 0.001953
0 0.997070 0.230469 0.005859 0.007812
0 0.008789 0.228516 0.017578 0.039062
1 0.181641 0.212891 0.015625 0.011719
0 0.158203 0.169922 0.003906 0.003906
0 0.459961 0.143555 0.001953 0.001953
0 0.463867 0.141602 0.001953 0.001953
0 0.461914 0.133789 0.005859 0.005859
0 0.039062 0.124023 0.003906 0.001953
0 0.022461 0.116211 0.001953 0.001953
0 0.470703 0.113281 0.003906 0.003906
0 0.029297 0.114258 0.007812 0.005859
0 0.092773 0.079102 0.001953 0.001953
0 0.435547 0.069336 0.003906 0.005859
0 0.040039 0.053711 0.001953 0.001953
0 0.420898 0.051758 0.001953 0.001953
0 0.963867 0.048828 0.001953 0.003906
0 0.575195 0.047852 0.005859 0.001953
0 0.569336 0.047852 0.001953 0.001953
0 0.637695 0.045898 0.001953 0.001953
0 0.633789 0.045898 0.001953 0.001953
0 0.758789 0.037109 0.001953 0.003906
0 0.698242 0.032227 0.001953 0.001953
0 0.365234 0.034180 0.007812 0.005859
0 0.784180 0.030273 0.001953 0.001953
0 0.358398 0.024414 0.005859 0.005859
0 0.360352 0.018555 0.001953 0.001953
0 0.598633 0.016602 0.001953 0.001953
0 0.849609 0.015625 0.003906 0.003906
0 0.586914 0.028320 0.033203 0.033203
0 0.727539 0.010742 0.001953 0.001953
0 0.813477 0.008789 0.001953 0.001953
0 0.645508 0.017578 0.017578 0.019531
0 0.723633 0.006836 0.001953 0.001953
0 0.959961 0.002930 0.001953 0.001953
0 0.821289 0.005859 0.041016 0.011719
1 0.747070 0.000977 0.001953 0.001953
0 0.733398 0.000977 0.001953 0.001953
0 0.610352 0.000977 0.001953 0.001953
0 0.500000 0.500000 1.000000 1.000000
2 0.354492 0.985352 0.001953 0.001953
2 0.893555 0.967773 0.001953 0.001953
2 0.717773 0.965820 0.001953 0.001953
3 0.850586 0.939453 0.001953 0.003906
2 0.046875 0.926758 0.003906 0.001953
2 0.738281 0.916016 0.003906 0.003906
2 0.116211 0.897461 0.009766 0.001953
2 0.630859 0.854492 0.003906 0.001953
2 0.024414 0.849609 0.005859 0.007812
2 0.797852 0.844727 0.001953 0.001953
2 0.797852 0.833008 0.001953 0.001953
2 0.614258 0.821289 0.001953 0.001953
2 0.631836 0.819336 0.001953 0.001953
3 0.044922 0.801758 0.003906 0.001953
3 0.080078 0.786133 0.003906 0.001953
2 0.092773 0.784180 0.001953 0.001953
2 0.626953 0.769531 0.003906 0.003906
2 0.624023 0.766602 0.001953 0.001953
2 0.018555 0.758789 0.005859 0.005859
2 0.747070 0.752930 0.001953 0.001953
2 0.018555 0.752930 0.001953 0.001953
3 0.098633 0.743164 0.009766 0.001953
2 0.717773 0.738281 0.001953 0.003906
2 0.717773 0.733398 0.001953 0.001953
2 0.331055 0.729492 0.001953 0.001953
3 0.043945 0.728516 0.001953 0.003906
3 0.033203 0.727539 0.003906 0.001953
3 0.112305 0.723633 0.001953 0.001953
2 0.320312 0.722656 0.003906 0.003906
3 0.112305 0.719727 0.001953 0.001953
2 0.626953 0.718750 0.003906 0.003906
3 0.041992 0.719727 0.001953 0.005859
2 0.719727 0.717773 0.001953 0.005859
3 0.073242 0.736328 0.064453 0.042969
3 0.114258 0.713867 0.001953 0.001953
3 0.019531 0.737305 0.039062 0.052734
3 0.120117 0.708008 0.001953 0.001953
3 0.136719 0.717773 0.031250 0.025391
2 0.717773 0.702148 0.001953 0.001953
3 0.635742 0.700195 0.001953 0.001953
3 0.547852 0.702148 0.009766 0.005859
3 0.642578 0.699219 0.007812 0.003906
3 0.491211 0.696289 0.005859 0.001953
3 0.331055 0.698242 0.001953 0.005859
3 0.204102 0.696289 0.001953 0.001953
3 0.189453 0.695312 0.019531 0.007812
2 0.778320 0.686523 0.001953 0.001953
2 0.712891 0.682617 0.003906 0.005859
2 0.885742 0.674805 0.001953 0.001953
2 0.778320 0.676758 0.009766 0.013672
2 0.729492 0.674805 0.009766 0.009766
2 0.563477 0.668945 0.001953 0.001953
2 0.278320 0.659180 0.001953 0.001953
2 0.100586 0.657227 0.001953 0.001953
2 0.842773 0.655273 0.005859 0.005859
2 0.836914 0.653320 0.001953 0.001953
2 0.495117 0.657227 0.009766 0.009766
2 0.225586 0.653320 0.001953 0.001953
2 0.172852 0.654297 0.009766 0.003906
2 0.411133 0.651367 0.001953 0.001953
2 0.270508 0.651367 0.001953 0.001953
2 0.846680 0.649414 0.001953 0.001953
2 0.505859 0.650391 0.003906 0.003906
2 0.274414 0.650391 0.001953 0.003906
2 0.575195 0.647461 0.001953 0.001953
2 0.267578 0.648438 0.003906 0.003906
2 0.400391 0.822266 0.800781 0.355469
2 0.583008 0.643555 0.009766 0.009766
2 0.130859 0.640625 0.007812 0.007812
2 0.124023 0.637695 0.001953 0.001953
2 0.516602 0.635742 0.001953 0.001953
2 0.218750 0.636719 0.003906 0.003906
2 0.827148 0.634766 0.001953 0.003906
2 0.439453 0.647461 0.050781 0.029297
3 0.135742 0.629883 0.001953 0.001953
3 0.148438 0.625977 0.003906 0.001953
2 0.131836 0.622070 0.001953 0.001953
2 0.531250 0.632812 0.035156 0.027344
2 0.149414 0.620117 0.001953 0.001953
2 0.158203 0.617188 0.007812 0.011719
2 0.143555 0.613281 0.005859 0.003906
2 0.238281 0.632812 0.066406 0.046875
3 0.043945 0.610352 0.001953 0.001953
2 0.848633 0.604492 0.001953 0.001953
2 0.278320 0.606445 0.017578 0.013672
2 0.146484 0.605469 0.011719 0.011719
2 0.301758 0.594727 0.001953 0.001953
2 0.282227 0.594727 0.001953 0.001953
2 0.795898 0.592773 0.001953 0.001953
2 0.331055 0.592773 0.001953 0.001953
3 0.010742 0.593750 0.001953 0.003906
3 0.005859 0.590820 0.003906 0.001953
2 0.671875 0.642578 0.164062 0.113281
2 0.166992 0.584961 0.001953 0.001953
2 0.883789 0.583008 0.001953 0.001953
3 0.035156 0.600586 0.035156 0.041016
2 0.968750 0.579102 0.003906 0.001953
2 0.928711 0.579102 0.001953 0.001953
3 0.059570 0.580078 0.001953 0.003906
2 0.812500 0.577148 0.007812 0.009766
2 0.800781 0.579102 0.011719 0.017578
2 0.638672 0.572266 0.003906 0.003906
2 0.682617 0.569336 0.001953 0.001953
2 0.759766 0.569336 0.007812 0.005859
3 0.030273 0.567383 0.001953 0.001953
3 0.018555 0.567383 0.001953 0.001953
2 0.803711 0.566406 0.001953 0.003906
2 0.184570 0.568359 0.005859 0.007812
3 0.041992 0.565430 0.005859 0.001953
2 0.866211 0.781250 0.267578 0.437500
2 0.646484 0.564453 0.007812 0.003906
3 0.958008 0.559570 0.001953 0.001953
2 0.803711 0.559570 0.001953 0.001953
2 0.980469 0.558594 0.003906 0.003906
2 0.569336 0.578125 0.033203 0.042969
3 0.042969 0.556641 0.003906 0.007812
3 0.895508 0.566406 0.029297 0.035156
2 0.407227 0.545898 0.001953 0.001953
2 0.466797 0.541992 0.003906 0.001953
2 0.807617 0.538086 0.001953 0.001953
3 0.745117 0.538086 0.001953 0.001953
2 0.379883 0.538086 0.001953 0.001953
2 0.282227 0.538086 0.001953 0.001953
2 0.275391 0.534180 0.007812 0.001953
2 0.254883 0.538086 0.029297 0.009766
2 0.095703 0.534180 0.003906 0.001953
2 0.720703 0.535156 0.015625 0.007812
2 0.268555 0.532227 0.001953 0.001953
2 0.004883 0.530273 0.001953 0.001953
2 0.752930 0.541992 0.029297 0.029297
2 0.693359 0.558594 0.105469 0.062500
2 0.416992 0.597656 0.248047 0.140625
2 0.008789 0.528320 0.001953 0.001953
2 0.000977 0.529297 0.001953 0.003906
2 0.530273 0.526367 0.001953 0.001953
2 0.887695 0.527344 0.013672 0.011719
2 0.075195 0.516602 0.001953 0.001953
2 0.363281 0.516602 0.003906 0.005859
2 0.086914 0.546875 0.083984 0.070312
2 0.012695 0.514648 0.017578 0.013672
2 0.875977 0.508789 0.009766 0.005859
2 0.834961 0.506836 0.001953 0.001953
2 0.365234 0.506836 0.003906 0.001953
2 0.026367 0.503906 0.005859 0.003906
2 0.364258 0.500977 0.001953 0.001953
2 0.612305 0.505859 0.017578 0.023438
2 0.100586 0.491211 0.001953 0.001953
2 0.207031 0.489258 0.003906 0.001953
2 0.876953 0.483398 0.003906 0.001953
2 0.676758 0.483398 0.001953 0.001953
2 0.205078 0.482422 0.003906 0.003906
2 0.863281 0.481445 0.011719 0.005859
2 0.775391 0.480469 0.003906 0.003906
2 0.679688 0.480469 0.003906 0.003906
2 0.365234 0.481445 0.003906 0.005859
2 0.144531 0.486328 0.019531 0.019531
2 0.963867 0.514648 0.072266 0.083984
2 0.206055 0.475586 0.005859 0.005859
2 0.833008 0.471680 0.001953 0.001953
2 0.434570 0.471680 0.001953 0.001953
2 0.320312 0.533203 0.125000 0.125000
2 0.122070 0.471680 0.001953 0.001953
2 0.750977 0.469727 0.001953 0.001953
2 0.729492 0.467773 0.001953 0.001953
2 0.539062 0.474609 0.023438 0.019531
3 0.733398 0.463867 0.001953 0.001953
2 0.431641 0.473633 0.035156 0.021484
2 0.566406 0.462891 0.003906 0.003906
2 0.354492 0.472656 0.025391 0.023438
2 0.014648 0.485352 0.029297 0.048828
3 0.725586 0.459961 0.001953 0.001953
2 0.694336 0.489258 0.060547 0.060547
2 0.586914 0.456055 0.001953 0.001953
2 0.217773 0.454102 0.001953 0.001953
2 0.686523 0.457031 0.009766 0.011719
2 0.092773 0.452148 0.001953 0.001953
2 0.097656 0.450195 0.003906 0.001953
2 0.362305 0.448242 0.005859 0.001953
2 0.354492 0.446289 0.001953 0.001953
2 0.333008 0.444336 0.001953 0.001953
2 0.694336 0.443359 0.001953 0.003906
2 0.975586 0.440430 0.001953 0.001953
2 0.745117 0.450195 0.017578 0.025391
2 0.973633 0.436523 0.001953 0.001953
2 0.969727 0.441406 0.013672 0.011719
3 0.966797 0.431641 0.003906 0.003906
2 0.926758 0.430664 0.001953 0.001953
2 0.951172 0.438477 0.023438 0.025391
2 0.979492 0.424805 0.001953 0.001953
2 0.556641 0.425781 0.007812 0.003906
2 0.700195 0.429688 0.013672 0.019531
3 0.988281 0.408203 0.023438 0.027344
3 0.613281 0.410156 0.046875 0.035156
2 0.971680 0.387695 0.001953 0.001953
2 0.963867 0.385742 0.001953 0.001953
2 0.898438 0.460938 0.125000 0.152344
3 0.569336 0.381836 0.001953 0.001953
3 0.856445 0.375977 0.001953 0.001953
3 0.589844 0.373047 0.003906 0.003906
2 0.987305 0.377930 0.025391 0.017578
3 0.595703 0.372070 0.003906 0.005859
2 0.631836 0.368164 0.001953 0.001953
3 0.426758 0.364258 0.001953 0.001953
2 0.404297 0.373047 0.039062 0.019531
3 0.545898 0.366211 0.009766 0.009766
2 0.883789 0.355469 0.005859 0.011719
2 0.875977 0.350586 0.005859 0.001953
2 0.875977 0.346680 0.001953 0.001953
3 0.928711 0.355469 0.017578 0.027344
2 0.914062 0.342773 0.003906 0.001953
3 0.594727 0.342773 0.001953 0.001953
3 0.448242 0.354492 0.025391 0.025391
3 0.572266 0.365234 0.039062 0.058594
3 0.858398 0.333008 0.001953 0.001953
3 0.557617 0.333008 0.001953 0.001953
3 0.420898 0.329102 0.001953 0.001953
3 0.412109 0.332031 0.007812 0.011719
3 0.558594 0.325195 0.003906 0.001953
3 0.811523 0.323242 0.001953 0.001953
2 0.979492 0.321289 0.001953 0.001953
3 0.441406 0.323242 0.003906 0.005859
3 0.811523 0.319336 0.001953 0.001953
3 0.788086 0.317383 0.001953 0.001953
3 0.751953 0.323242 0.066406 0.013672
3 0.802734 0.319336 0.011719 0.009766
3 0.388672 0.314453 0.003906 0.003906
2 0.620117 0.338867 0.056641 0.064453
2 0.589844 0.303711 0.003906 0.001953
3 0.677734 0.308594 0.015625 0.015625
3 0.803711 0.300781 0.001953 0.003906
2 0.850586 0.297852 0.001953 0.001953
3 0.800781 0.304688 0.011719 0.015625
3 0.362305 0.303711 0.009766 0.013672
3 0.877930 0.295898 0.001953 0.001953
3 0.811523 0.296875 0.001953 0.003906
2 0.583008 0.296875 0.001953 0.003906
3 0.811523 0.291992 0.001953 0.001953
3 0.804688 0.293945 0.007812 0.005859
3 0.973633 0.309570 0.052734 0.041016
3 0.944336 0.290039 0.001953 0.001953
2 0.842773 0.290039 0.001953 0.001953
3 0.938477 0.290039 0.005859 0.005859
3 0.924805 0.290039 0.009766 0.005859
2 0.657227 0.292969 0.029297 0.015625
2 0.832031 0.282227 0.003906 0.001953
2 0.836914 0.280273 0.001953 0.001953
2 0.638672 0.281250 0.003906 0.003906
3 0.366211 0.278320 0.001953 0.001953
2 0.637695 0.274414 0.001953 0.001953
2 0.569336 0.279297 0.013672 0.011719
3 0.862305 0.301758 0.041016 0.068359
2 0.777344 0.269531 0.003906 0.003906
2 0.743164 0.270508 0.005859 0.005859
2 0.629883 0.267578 0.005859 0.003906
3 0.405273 0.265625 0.005859 0.003906
2 0.081055 0.264648 0.001953 0.001953
2 0.624023 0.262695 0.005859 0.005859
2 0.756836 0.256836 0.001953 0.001953
3 0.526367 0.254883 0.001953 0.001953
2 0.997070 0.255859 0.005859 0.007812
3 0.625977 0.252930 0.001953 0.001953
2 0.998047 0.249023 0.003906 0.001953
2 0.981445 0.250977 0.009766 0.005859
3 0.737305 0.248047 0.001953 0.003906
3 0.624023 0.245117 0.005859 0.005859
3 0.287109 0.243164 0.007812 0.005859
3 0.618164 0.240234 0.005859 0.003906
2 0.782227 0.242188 0.009766 0.019531
2 0.759766 0.250977 0.023438 0.041016
3 0.484375 0.240234 0.085938 0.023438
2 0.149414 0.227539 0.001953 0.001953
2 0.145508 0.227539 0.001953 0.001953
2 0.317383 0.221680 0.001953 0.001953
2 0.159180 0.219727 0.001953 0.001953
2 0.938477 0.232422 0.017578 0.031250
2 0.658203 0.218750 0.003906 0.003906
3 0.610352 0.217773 0.001953 0.001953
3 0.752930 0.215820 0.001953 0.001953
3 0.493164 0.215820 0.001953 0.001953
3 0.266602 0.213867 0.001953 0.001953
3 0.229492 0.213867 0.001953 0.001953
3 0.300781 0.231445 0.039062 0.041016
3 0.733398 0.227539 0.052734 0.037109
3 0.683594 0.209961 0.007812 0.001953
2 0.298828 0.207031 0.003906 0.003906
3 0.542969 0.205078 0.011719 0.003906
3 0.518555 0.212891 0.021484 0.019531
3 0.288086 0.205078 0.005859 0.003906
2 0.770508 0.208984 0.017578 0.019531
3 0.590820 0.225586 0.056641 0.052734
3 0.476562 0.209961 0.019531 0.021484
2 0.880859 0.223633 0.031250 0.056641
2 0.514648 0.196289 0.001953 0.001953
3 0.411133 0.201172 0.017578 0.011719
3 0.223633 0.202148 0.021484 0.017578
2 0.542969 0.196289 0.007812 0.009766
2 0.505859 0.193359 0.007812 0.003906
2 0.284180 0.192383 0.001953 0.001953
3 0.236328 0.192383 0.003906 0.001953
2 0.893555 0.190430 0.001953 0.001953
3 0.403320 0.190430 0.017578 0.005859
2 0.273438 0.191406 0.039062 0.019531
2 0.037109 0.189453 0.027344 0.015625
2 0.029297 0.179688 0.003906 0.003906
2 0.304688 0.176758 0.003906 0.001953
2 0.893555 0.174805 0.001953 0.001953
2 0.887695 0.174805 0.001953 0.001953
2 0.075195 0.174805 0.001953 0.001953
2 0.069336 0.174805 0.001953 0.001953
2 0.065430 0.174805 0.001953 0.001953
2 0.608398 0.170898 0.001953 0.001953
2 0.006836 0.178711 0.013672 0.017578
2 0.489258 0.170898 0.001953 0.005859
2 0.311523 0.172852 0.013672 0.009766
2 0.254883 0.168945 0.001953 0.001953
2 0.069336 0.168945 0.001953 0.001953
2 0.653320 0.166992 0.001953 0.001953
2 0.649414 0.167969 0.001953 0.003906
2 0.303711 0.166992 0.001953 0.001953
2 0.651367 0.163086 0.001953 0.001953
2 0.641602 0.164062 0.001953 0.003906
3 0.375977 0.163086 0.001953 0.001953
2 0.114258 0.163086 0.001953 0.001953
2 0.007812 0.164062 0.007812 0.003906
2 0.651367 0.159180 0.001953 0.001953
2 0.990234 0.201172 0.019531 0.089844
2 0.645508 0.158203 0.005859 0.003906
3 0.423828 0.153320 0.003906 0.001953
3 0.430664 0.166992 0.044922 0.029297
2 0.328125 0.152344 0.003906 0.003906
2 0.728516 0.152344 0.003906 0.007812
3 0.396484 0.148438 0.003906 0.003906
2 0.273438 0.147461 0.003906 0.001953
2 0.766602 0.145508 0.001953 0.001953
2 0.749023 0.145508 0.001953 0.001953
2 0.550781 0.154297 0.039062 0.019531
3 0.321289 0.143555 0.001953 0.001953
2 0.566406 0.143555 0.003906 0.005859
2 0.353516 0.155273 0.042969 0.037109
3 0.281250 0.138672 0.007812 0.003906
3 0.738281 0.138672 0.019531 0.011719
3 0.557617 0.133789 0.001953 0.001953
2 0.594727 0.151367 0.044922 0.041016
3 0.594727 0.132812 0.001953 0.003906
2 0.471680 0.131836 0.001953 0.001953
2 0.589844 0.128906 0.003906 0.003906
2 0.928711 0.124023 0.001953 0.001953
3 0.561523 0.122070 0.001953 0.001953
2 0.510742 0.122070 0.001953 0.001953
2 0.506836 0.125000 0.009766 0.007812
2 0.210938 0.122070 0.003906 0.001953
2 0.761719 0.132812 0.019531 0.031250
2 0.760742 0.114258 0.001953 0.001953
2 0.818359 0.166992 0.089844 0.111328
3 0.680664 0.112305 0.001953 0.001953
2 0.500977 0.108398 0.001953 0.001953
2 0.368164 0.106445 0.001953 0.001953
3 0.368164 0.114258 0.021484 0.017578
2 0.016602 0.104492 0.001953 0.001953
3 0.687500 0.130859 0.070312 0.058594
3 0.502930 0.102539 0.001953 0.001953
2 0.607422 0.100586 0.003906 0.001953
2 0.829102 0.098633 0.001953 0.001953
3 0.535156 0.122070 0.050781 0.048828
3 0.500977 0.098633 0.001953 0.001953
2 0.930664 0.097656 0.001953 0.003906
2 0.835938 0.096680 0.003906 0.001953
2 0.965820 0.094727 0.001953 0.001953
2 0.834961 0.092773 0.001953 0.001953
2 0.967773 0.090820 0.001953 0.001953
2 0.841797 0.092773 0.007812 0.005859
2 0.599609 0.089844 0.007812 0.003906
2 0.072266 0.085938 0.003906 0.003906
2 0.139648 0.079102 0.001953 0.001953
2 0.153320 0.077148 0.001953 0.001953
2 0.883789 0.073242 0.001953 0.001953
3 0.282227 0.108398 0.119141 0.072266
3 0.715820 0.071289 0.001953 0.001953
3 0.707031 0.076172 0.011719 0.011719
3 0.685547 0.075195 0.007812 0.009766
2 0.604492 0.069336 0.001953 0.001953
3 0.176758 0.074219 0.025391 0.011719
2 0.036133 0.069336 0.001953 0.001953
2 0.756836 0.067383 0.001953 0.001953
2 0.747070 0.067383 0.001953 0.001953
2 0.954102 0.065430 0.001953 0.001953
2 0.947266 0.104492 0.046875 0.080078
3 0.729492 0.075195 0.025391 0.029297
2 0.573242 0.059570 0.001953 0.001953
3 0.280273 0.065430 0.013672 0.013672
2 0.971680 0.057617 0.001953 0.001953
2 0.967773 0.057617 0.001953 0.001953
2 0.944336 0.049805 0.001953 0.001953
2 0.532227 0.048828 0.001953 0.003906
2 0.903320 0.046875 0.001953 0.003906
2 0.896484 0.049805 0.007812 0.009766
3 0.295898 0.045898 0.001953 0.001953
3 0.279297 0.046875 0.007812 0.011719
2 0.926758 0.046875 0.029297 0.019531
3 0.294922 0.039062 0.007812 0.003906
2 0.858398 0.034180 0.001953 0.001953
2 0.213867 0.267578 0.427734 0.468750
3 0.318359 0.042969 0.039062 0.027344
3 0.005859 0.031250 0.007812 0.003906
2 0.769531 0.027344 0.003906 0.003906
3 0.024414 0.026367 0.001953 0.001953
2 0.507812 0.025391 0.003906 0.003906
3 0.047852 0.022461 0.001953 0.001953
2 0.274414 0.020508 0.001953 0.001953
3 0.010742 0.016602 0.001953 0.001953
2 0.942383 0.014648 0.001953 0.001953
2 0.186523 0.014648 0.017578 0.021484
2 0.932617 0.002930 0.001953 0.001953
2 0.172852 0.002930 0.001953 0.001953
2 0.962891 0.030273 0.042969 0.060547
2 0.922852 0.002930 0.005859 0.005859
2 0.825195 0.058594 0.154297 0.117188
2 0.712891 0.028320 0.085938 0.056641
2 0.511719 0.083008 0.343750 0.166016
2 0.216797 0.008789 0.046875 0.017578
3 0.038086 0.014648 0.072266 0.029297