0 0.399414 0.999023 0.001953 0.001953
0 0.018555 0.999023 0.001953 0.001953
1 0.434570 0.997070 0.005859 0.005859
0 0.309570 0.997070 0.009766 0.005859
0 0.557617 0.993164 0.001953 0.001953
1 0.461914 0.993164 0.001953 0.001953
0 0.313477 0.991211 0.001953 0.001953
0 0.424805 0.987305 0.001953 0.001953
0 0.500977 0.983398 0.001953 0.001953
0 0.264648 0.977539 0.001953 0.001953
0 0.499023 0.975586 0.001953 0.001953
0 0.051758 0.973633 0.001953 0.001953
0 0.638672 0.975586 0.007812 0.009766
0 0.051758 0.969727 0.001953 0.001953
0 0.398438 0.968750 0.003906 0.007812
0 0.354492 0.965820 0.001953 0.001953
0 0.052734 0.963867 0.003906 0.001953
0 0.356445 0.961914 0.001953 0.001953
0 0.359375 0.979492 0.070312 0.041016
0 0.053711 0.959961 0.001953 0.001953
0 0.281250 0.978516 0.070312 0.042969
0 0.237305 0.971680 0.009766 0.029297
0 0.391602 0.956055 0.001953 0.001953
0 0.397461 0.956055 0.005859 0.009766
0 0.410156 0.951172 0.003906 0.003906
0 0.415039 0.948242 0.001953 0.001953
0 0.403320 0.948242 0.001953 0.001953
0 0.397461 0.948242 0.001953 0.001953
0 0.290039 0.942383 0.001953 0.001953
0 0.040039 0.942383 0.001953 0.001953
0 0.739258 0.940430 0.001953 0.001953
0 0.413086 0.943359 0.005859 0.007812
0 0.075195 0.940430 0.001953 0.001953
0 0.612305 0.937500 0.001953 0.003906
0 0.168945 0.934570 0.001953 0.001953
0 0.040039 0.934570 0.001953 0.001953
0 0.047852 0.933594 0.009766 0.003906
0 0.133789 0.930664 0.001953 0.001953
0 0.924805 0.928711 0.001953 0.001953
0 0.644531 0.935547 0.019531 0.015625
0 0.178711 0.928711 0.001953 0.001953
0 0.045898 0.928711 0.001953 0.001953
0 0.319336 0.926758 0.017578 0.009766
0 0.166992 0.922852 0.001953 0.001953
0 0.699219 0.941406 0.074219 0.042969
0 0.816406 0.958984 0.242188 0.082031
0 0.191406 0.917969 0.011719 0.007812
0 0.028320 0.954102 0.056641 0.091797
0 0.686523 0.907227 0.001953 0.001953
0 0.663086 0.905273 0.001953 0.001953
0 0.920898 0.903320 0.001953 0.001953
0 0.047852 0.910156 0.025391 0.027344
0 0.049805 0.897461 0.001953 0.001953
0 0.671875 0.896484 0.003906 0.003906
0 0.891602 0.893555 0.005859 0.009766
0 0.885742 0.889648 0.001953 0.001953
0 0.156250 0.885742 0.003906 0.005859
0 0.317383 0.893555 0.041016 0.029297
0 0.040039 0.875977 0.001953 0.001953
0 0.911133 0.873047 0.001953 0.003906
0 0.643555 0.872070 0.009766 0.005859
0 0.313477 0.871094 0.005859 0.003906
0 0.790039 0.865234 0.009766 0.003906
0 0.635742 0.864258 0.001953 0.001953
0 0.867188 0.862305 0.003906 0.001953
0 0.211914 0.862305 0.001953 0.001953
0 0.872070 0.860352 0.001953 0.001953
0 0.038086 0.861328 0.001953 0.003906
0 0.635742 0.858398 0.001953 0.001953
0 0.868164 0.854492 0.001953 0.001953
0 0.629883 0.854492 0.001953 0.001953
0 0.889648 0.852539 0.001953 0.001953
0 0.885742 0.852539 0.001953 0.001953
0 0.844727 0.852539 0.001953 0.001953
0 0.889648 0.848633 0.001953 0.001953
0 0.778320 0.848633 0.001953 0.001953
0 0.610352 0.844727 0.005859 0.005859
0 0.608398 0.838867 0.001953 0.001953
0 0.844727 0.836914 0.001953 0.001953
0 0.309570 0.836914 0.005859 0.005859
0 0.297852 0.836914 0.005859 0.005859
0 0.608398 0.832031 0.009766 0.007812
0 0.296875 0.830078 0.003906 0.003906
0 0.615234 0.826172 0.003906 0.003906
0 0.295898 0.824219 0.001953 0.003906
0 0.456055 0.817383 0.001953 0.001953
0 0.291992 0.817383 0.001953 0.001953
0 0.032227 0.804688 0.001953 0.003906
1 0.446289 0.801758 0.001953 0.001953
0 0.002930 0.805664 0.005859 0.009766
0 0.624023 0.800781 0.001953 0.003906
0 0.395508 0.799805 0.001953 0.001953
0 0.409180 0.794922 0.001953 0.003906
0 0.666992 0.792969 0.001953 0.003906
0 0.428711 0.807617 0.048828 0.037109
0 0.663086 0.790039 0.001953 0.005859
0 0.413086 0.786133 0.001953 0.001953
0 0.179688 0.785156 0.007812 0.003906
0 0.015625 0.794922 0.027344 0.031250
0 0.919922 0.788086 0.011719 0.029297
0 0.864258 0.772461 0.001953 0.001953
0 0.401367 0.771484 0.001953 0.003906
0 0.204102 0.770508 0.001953 0.001953
0 0.155273 0.770508 0.001953 0.001953
1 0.461914 0.768555 0.001953 0.001953
0 0.400391 0.767578 0.015625 0.007812
1 0.201172 0.765625 0.003906 0.003906
1 0.191406 0.766602 0.011719 0.009766
1 0.456055 0.760742 0.001953 0.001953
0 0.392578 0.761719 0.003906 0.003906
0 0.178711 0.760742 0.001953 0.001953
0 0.106445 0.860352 0.212891 0.201172
0 0.909180 0.758789 0.001953 0.001953
0 0.852539 0.758789 0.001953 0.001953
0 0.830078 0.758789 0.003906 0.001953
1 0.450195 0.759766 0.005859 0.003906
0 0.174805 0.754883 0.001953 0.001953
0 0.013672 0.754883 0.003906 0.001953
0 0.155273 0.752930 0.001953 0.001953
0 0.221680 0.761719 0.021484 0.023438
0 0.177734 0.750977 0.003906 0.001953
0 0.910156 0.750977 0.003906 0.005859
0 0.827148 0.749023 0.001953 0.001953
0 0.387695 0.749023 0.001953 0.001953
0 0.240234 0.746094 0.007812 0.007812
0 0.168945 0.743164 0.005859 0.005859
0 0.143555 0.739258 0.001953 0.001953
0 0.883789 0.737305 0.001953 0.001953
0 0.868164 0.737305 0.001953 0.001953
0 0.837891 0.747070 0.019531 0.021484
0 0.885742 0.755859 0.029297 0.042969
0 0.809570 0.733398 0.001953 0.001953
0 0.225586 0.740234 0.009766 0.015625
0 0.853516 0.733398 0.019531 0.013672
0 0.103516 0.733398 0.035156 0.017578
0 0.067383 0.723633 0.001953 0.001953
0 0.892578 0.730469 0.031250 0.027344
0 0.077148 0.717773 0.001953 0.001953
1 0.394531 0.714844 0.003906 0.003906
0 0.230469 0.715820 0.007812 0.005859
0 0.131836 0.713867 0.001953 0.001953
0 0.161133 0.713867 0.009766 0.009766
0 0.248047 0.711914 0.007812 0.009766
0 0.868164 0.706055 0.001953 0.001953
0 0.089844 0.713867 0.039062 0.017578
0 0.235352 0.704102 0.001953 0.001953
0 0.054688 0.707031 0.027344 0.007812
0 0.227539 0.703125 0.005859 0.003906
0 0.196289 0.702148 0.001953 0.001953
0 0.168945 0.702148 0.001953 0.001953
1 0.394531 0.700195 0.003906 0.001953
0 0.877930 0.699219 0.001953 0.003906
0 0.868164 0.700195 0.013672 0.005859
0 0.858398 0.698242 0.001953 0.001953
0 0.239258 0.698242 0.001953 0.001953
0 0.192383 0.728516 0.048828 0.062500
0 0.831055 0.696289 0.001953 0.001953
0 0.209961 0.697266 0.009766 0.007812
0 0.317383 0.690430 0.001953 0.001953
0 0.172852 0.690430 0.001953 0.001953
0 0.321289 0.688477 0.001953 0.001953
0 0.230469 0.688477 0.003906 0.001953
0 0.315430 0.686523 0.001953 0.001953
0 0.309570 0.683594 0.001953 0.003906
0 0.750977 0.678711 0.001953 0.001953
0 0.899414 0.674805 0.001953 0.005859
0 0.504883 0.672852 0.001953 0.001953
0 0.500977 0.672852 0.001953 0.001953
0 0.870117 0.672852 0.005859 0.005859
0 0.706055 0.670898 0.001953 0.001953
0 0.493164 0.670898 0.001953 0.001953
0 0.873047 0.664062 0.003906 0.003906
0 0.868164 0.663086 0.001953 0.001953
0 0.399414 0.662109 0.001953 0.003906
0 0.868164 0.659180 0.001953 0.001953
0 0.530273 0.660156 0.001953 0.003906
0 0.311523 0.656250 0.001953 0.003906
0 0.286133 0.655273 0.001953 0.001953
0 0.734375 0.654297 0.007812 0.003906
0 0.291016 0.653320 0.003906 0.001953
0 0.724609 0.652344 0.003906 0.003906
0 0.891602 0.662109 0.033203 0.027344
0 0.872070 0.647461 0.001953 0.001953
0 0.782227 0.648438 0.001953 0.003906
0 0.600586 0.647461 0.001953 0.001953
0 0.596680 0.647461 0.001953 0.001953
0 0.731445 0.645508 0.001953 0.001953
0 0.551758 0.645508 0.001953 0.001953
0 0.278320 0.645508 0.001953 0.001953
0 0.780273 0.643555 0.001953 0.001953
0 0.917969 0.641602 0.003906 0.001953
0 0.598633 0.641602 0.001953 0.001953
0 0.788086 0.639648 0.001953 0.001953
0 0.313477 0.639648 0.001953 0.001953
0 0.286133 0.639648 0.001953 0.001953
0 0.273438 0.640625 0.003906 0.003906
0 0.998047 0.640625 0.003906 0.007812
0 0.874023 0.637695 0.001953 0.001953
0 0.780273 0.637695 0.005859 0.001953
0 0.592773 0.637695 0.001953 0.001953
0 0.588867 0.637695 0.001953 0.001953
0 0.950195 0.635742 0.001953 0.001953
0 0.940430 0.635742 0.001953 0.001953
0 0.937500 0.653320 0.054688 0.037109
1 0.901367 0.635742 0.001953 0.001953
0 0.582031 0.635742 0.003906 0.001953
0 0.882812 0.631836 0.003906 0.001953
0 0.569336 0.631836 0.001953 0.001953
0 0.387695 0.631836 0.001953 0.001953
0 0.731445 0.629883 0.001953 0.001953
0 0.592773 0.630859 0.001953 0.003906
0 0.275391 0.633789 0.007812 0.009766
0 0.261719 0.756836 0.132812 0.255859
0 0.929688 0.627930 0.003906 0.001953
0 0.836914 0.627930 0.001953 0.001953
0 0.741211 0.627930 0.001953 0.001953
0 0.737305 0.627930 0.001953 0.001953
0 0.833008 0.625977 0.001953 0.001953
0 0.746094 0.636719 0.031250 0.023438
0 0.745117 0.626953 0.001953 0.003906
0 0.598633 0.627930 0.005859 0.005859
0 0.587891 0.627930 0.003906 0.005859
0 0.276367 0.625977 0.001953 0.001953
0 0.791016 0.623047 0.003906 0.003906
0 0.567383 0.622070 0.001953 0.001953
0 0.926758 0.624023 0.009766 0.009766
0 0.303711 0.620117 0.001953 0.001953
0 0.918945 0.618164 0.001953 0.001953
0 0.877930 0.618164 0.001953 0.001953
0 0.865234 0.629883 0.015625 0.025391
0 0.860352 0.619141 0.001953 0.003906
0 0.817383 0.618164 0.001953 0.001953
0 0.831055 0.616211 0.001953 0.001953
0 0.360352 0.616211 0.001953 0.001953
0 0.915039 0.614258 0.005859 0.001953
0 0.905273 0.614258 0.001953 0.001953
0 0.824219 0.614258 0.007812 0.005859
0 0.443359 0.614258 0.007812 0.005859
0 0.888672 0.616211 0.023438 0.013672
0 0.600586 0.615234 0.013672 0.011719
0 0.431641 0.613281 0.007812 0.007812
0 0.911133 0.609375 0.001953 0.003906
0 0.904297 0.609375 0.003906 0.003906
0 0.852539 0.606445 0.001953 0.001953
0 0.352539 0.606445 0.005859 0.005859
0 0.823242 0.603516 0.001953 0.003906
0 0.363281 0.603516 0.003906 0.003906
0 0.913086 0.600586 0.001953 0.001953
0 0.909180 0.600586 0.001953 0.001953
0 0.868164 0.604492 0.009766 0.009766
0 0.840820 0.600586 0.001953 0.001953
0 0.523438 0.601562 0.003906 0.003906
0 0.944336 0.607422 0.013672 0.019531
0 0.832031 0.603516 0.007812 0.011719
0 0.030273 0.596680 0.001953 0.001953
0 0.569336 0.594727 0.001953 0.001953
0 0.833008 0.592773 0.001953 0.001953
0 0.910156 0.591797 0.003906 0.003906
0 0.823242 0.590820 0.001953 0.001953
0 0.682617 0.588867 0.001953 0.001953
0 0.444336 0.589844 0.001953 0.003906
0 0.844727 0.600586 0.017578 0.029297
0 0.568359 0.588867 0.003906 0.005859
0 0.904297 0.590820 0.007812 0.013672
0 0.894531 0.586914 0.007812 0.005859
0 0.444336 0.584961 0.001953 0.001953
0 0.439453 0.584961 0.003906 0.001953
0 0.434570 0.584961 0.001953 0.001953
0 0.408203 0.583984 0.003906 0.003906
0 0.909180 0.579102 0.001953 0.001953
0 0.879883 0.584961 0.013672 0.013672
0 0.394531 0.581055 0.003906 0.005859
0 0.559570 0.580078 0.009766 0.007812
0 0.461914 0.577148 0.001953 0.001953
0 0.448242 0.575195 0.001953 0.001953
0 0.032227 0.575195 0.001953 0.001953
0 0.026367 0.576172 0.001953 0.003906
0 0.022461 0.576172 0.001953 0.003906
0 0.900391 0.576172 0.015625 0.011719
0 0.202148 0.580078 0.021484 0.019531
0 0.447266 0.570312 0.007812 0.003906
0 0.015625 0.586914 0.031250 0.037109
0 0.842773 0.568359 0.005859 0.003906
0 0.616211 0.567383 0.001953 0.001953
0 0.555664 0.569336 0.009766 0.009766
0 0.207031 0.566406 0.003906 0.003906
0 0.023438 0.568359 0.007812 0.007812
0 0.466797 0.563477 0.003906 0.005859
0 0.196289 0.560547 0.009766 0.003906
0 0.897461 0.555664 0.001953 0.001953
0 0.545898 0.558594 0.013672 0.007812
0 0.737305 0.551758 0.001953 0.001953
0 0.450195 0.549805 0.001953 0.001953
0 0.440430 0.550781 0.005859 0.003906
0 0.680664 0.547852 0.001953 0.001953
0 0.540039 0.545898 0.001953 0.001953
0 0.536133 0.545898 0.001953 0.001953
0 0.529297 0.546875 0.003906 0.003906
0 0.888672 0.541016 0.007812 0.007812
0 0.859375 0.543945 0.015625 0.017578
0 0.729492 0.536133 0.001953 0.001953
0 0.476562 0.537109 0.003906 0.003906
0 0.861328 0.534180 0.003906 0.005859
0 0.654297 0.533203 0.003906 0.003906
0 0.645508 0.530273 0.001953 0.001953
0 0.342773 0.531250 0.005859 0.007812
0 0.352539 0.526367 0.001953 0.001953
0 0.883789 0.524414 0.001953 0.001953
0 0.290039 0.524414 0.001953 0.001953
0 0.213867 0.524414 0.001953 0.001953
0 0.641602 0.522461 0.001953 0.001953
0 0.346680 0.524414 0.005859 0.005859
0 0.333008 0.521484 0.005859 0.003906
0 0.343750 0.514648 0.003906 0.001953
0 0.991211 0.528320 0.017578 0.037109
0 0.377930 0.511719 0.005859 0.003906
0 0.358398 0.510742 0.001953 0.001953
0 0.876953 0.504883 0.003906 0.005859
0 0.875000 0.518555 0.031250 0.033203
0 0.620117 0.502930 0.001953 0.001953
0 0.611328 0.506836 0.011719 0.009766
0 0.600586 0.502930 0.001953 0.001953
0 0.376953 0.504883 0.003906 0.005859
0 0.411133 0.500977 0.001953 0.001953
0 0.407227 0.500977 0.001953 0.001953
0 0.401367 0.500977 0.001953 0.001953
0 0.858398 0.500000 0.001953 0.003906
0 0.618164 0.499023 0.001953 0.001953
0 0.394531 0.499023 0.003906 0.001953
0 0.387695 0.499023 0.001953 0.001953
0 0.368164 0.499023 0.001953 0.001953
0 0.331055 0.500000 0.001953 0.003906
0 0.592773 0.497070 0.001953 0.001953
0 0.417969 0.537109 0.097656 0.082031
0 0.201172 0.497070 0.003906 0.001953
0 0.376953 0.495117 0.003906 0.001953
0 0.368164 0.495117 0.001953 0.001953
0 0.329102 0.498047 0.005859 0.007812
0 0.127930 0.496094 0.005859 0.003906
0 0.968750 0.493164 0.003906 0.001953
0 0.356445 0.499023 0.017578 0.013672
0 0.390625 0.493164 0.007812 0.005859
0 0.997070 0.491211 0.005859 0.009766
0 0.583008 0.491211 0.013672 0.009766
1 0.569336 0.487305 0.001953 0.001953
0 0.404297 0.487305 0.003906 0.001953
0 0.983398 0.491211 0.017578 0.013672
0 0.343750 0.488281 0.007812 0.007812
0 0.569336 0.483398 0.001953 0.001953
0 0.586914 0.482422 0.001953 0.003906
0 0.987305 0.479492 0.001953 0.001953
0 0.982422 0.479492 0.003906 0.001953
0 0.969727 0.476562 0.005859 0.003906
0 0.995117 0.471680 0.009766 0.005859
0 0.959961 0.469727 0.001953 0.001953
0 0.952148 0.468750 0.001953 0.003906
0 0.558594 0.469727 0.007812 0.005859
0 0.575195 0.472656 0.021484 0.015625
0 0.377930 0.459961 0.001953 0.001953
0 0.495117 0.456055 0.001953 0.001953
0 0.401367 0.456055 0.001953 0.001953
0 0.376953 0.473633 0.035156 0.037109
0 0.604492 0.452148 0.001953 0.001953
0 0.387695 0.452148 0.001953 0.001953
0 0.553711 0.453125 0.005859 0.007812
0 0.394531 0.449219 0.003906 0.003906
0 0.387695 0.448242 0.001953 0.001953
0 0.936523 0.448242 0.001953 0.005859
0 0.385742 0.444336 0.001953 0.001953
0 0.987305 0.454102 0.025391 0.025391
0 0.405273 0.444336 0.005859 0.005859
0 0.420898 0.438477 0.001953 0.001953
0 0.329102 0.422852 0.001953 0.001953
0 0.333008 0.420898 0.001953 0.001953
0 0.469727 0.418945 0.001953 0.001953
0 0.471680 0.415039 0.001953 0.001953
0 0.357422 0.433594 0.058594 0.039062
0 0.480469 0.418945 0.015625 0.013672
0 0.449219 0.411133 0.003906 0.001953
0 0.349609 0.411133 0.003906 0.001953
0 0.459961 0.407227 0.001953 0.001953
0 0.461914 0.403320 0.001953 0.001953
0 0.000977 0.408203 0.001953 0.011719
0 0.013672 0.399414 0.003906 0.001953
0 0.375000 0.400391 0.015625 0.007812
0 0.188477 0.397461 0.001953 0.001953
0 0.513672 0.396484 0.003906 0.003906
0 0.852539 0.395508 0.005859 0.005859
0 0.000977 0.393555 0.001953 0.001953
0 0.506836 0.389648 0.001953 0.001953
1 0.587891 0.387695 0.003906 0.001953
0 0.477539 0.384766 0.001953 0.003906
0 0.469727 0.381836 0.001953 0.001953
0 0.118164 0.381836 0.001953 0.001953
1 0.585938 0.378906 0.003906 0.003906
0 0.135742 0.398438 0.037109 0.042969
0 0.971680 0.374023 0.001953 0.001953
0 0.833008 0.374023 0.001953 0.001953
0 0.414062 0.381836 0.019531 0.017578
0 0.215820 0.374023 0.001953 0.001953
0 0.893555 0.374023 0.001953 0.005859
0 0.029297 0.381836 0.039062 0.021484
0 0.897461 0.371094 0.001953 0.003906
0 0.890625 0.368164 0.003906 0.001953
0 0.835938 0.368164 0.003906 0.001953
0 0.055664 0.368164 0.001953 0.001953
0 0.051758 0.370117 0.001953 0.005859
0 0.000977 0.371094 0.001953 0.007812
0 0.840820 0.366211 0.001953 0.001953
0 0.560547 0.411133 0.062500 0.091797
0 0.536133 0.366211 0.001953 0.001953
0 0.889648 0.364258 0.001953 0.001953
0 0.350586 0.366211 0.009766 0.005859
0 0.223633 0.364258 0.001953 0.001953
1 0.999023 0.358398 0.001953 0.001953
0 0.227539 0.359375 0.001953 0.003906
0 0.901367 0.356445 0.001953 0.001953
0 0.551758 0.357422 0.005859 0.007812
0 0.539062 0.352539 0.003906 0.001953
0 0.184570 0.352539 0.001953 0.001953
0 0.791992 0.351562 0.005859 0.003906
0 0.241211 0.350586 0.001953 0.001953
0 0.095703 0.354492 0.007812 0.009766
1 0.987305 0.348633 0.009766 0.001953
0 0.204102 0.350586 0.009766 0.005859
0 0.233398 0.346680 0.001953 0.001953
0 0.229492 0.346680 0.001953 0.001953
0 0.090820 0.347656 0.001953 0.003906
0 0.082031 0.351562 0.015625 0.011719
1 0.989258 0.344727 0.001953 0.001953
0 0.875977 0.344727 0.001953 0.001953
0 0.583008 0.346680 0.009766 0.005859
0 0.559570 0.344727 0.001953 0.001953
0 0.219727 0.344727 0.001953 0.001953
0 0.564453 0.342773 0.003906 0.001953
0 0.445312 0.344727 0.003906 0.005859
0 0.291992 0.340820 0.001953 0.001953
0 0.216797 0.352539 0.015625 0.025391
0 0.569336 0.339844 0.005859 0.003906
0 0.178711 0.340820 0.005859 0.009766
0 0.850586 0.333008 0.001953 0.001953
0 0.490234 0.343750 0.007812 0.023438
0 0.125977 0.325195 0.001953 0.001953
0 0.862305 0.323242 0.001953 0.001953
0 0.783203 0.323242 0.003906 0.001953
0 0.120117 0.323242 0.001953 0.001953
0 0.105469 0.324219 0.007812 0.003906
0 0.057617 0.323242 0.001953 0.001953
0 0.918945 0.319336 0.001953 0.001953
0 0.577148 0.319336 0.001953 0.001953
0 0.116211 0.319336 0.001953 0.001953
0 0.635742 0.318359 0.009766 0.003906
0 0.496094 0.317383 0.003906 0.001953
0 0.104492 0.317383 0.001953 0.001953
0 0.780273 0.315430 0.001953 0.001953
0 0.399414 0.315430 0.001953 0.001953
0 0.389648 0.315430 0.001953 0.001953
0 0.130859 0.316406 0.003906 0.003906
0 0.485352 0.313477 0.001953 0.001953
0 0.611328 0.311523 0.003906 0.001953
0 0.125000 0.312500 0.003906 0.003906
0 0.106445 0.312500 0.001953 0.003906
0 0.798828 0.315430 0.015625 0.013672
0 0.365234 0.309570 0.003906 0.001953
0 0.608398 0.307617 0.001953 0.001953
0 0.491211 0.309570 0.009766 0.005859
0 0.282227 0.307617 0.001953 0.001953
0 0.117188 0.312500 0.011719 0.011719
0 0.100586 0.307617 0.001953 0.001953
0 0.362305 0.305664 0.001953 0.001953
0 0.796875 0.303711 0.003906 0.001953
0 0.579102 0.303711 0.001953 0.001953
0 0.534180 0.353516 0.123047 0.101562
0 0.683594 0.303711 0.003906 0.005859
0 0.809570 0.299805 0.001953 0.001953
0 0.779297 0.300781 0.003906 0.003906
0 0.106445 0.300781 0.001953 0.003906
0 0.692383 0.297852 0.001953 0.001953
0 0.687500 0.298828 0.003906 0.003906
0 0.676758 0.297852 0.001953 0.001953
0 0.534180 0.297852 0.001953 0.001953
0 0.809570 0.295898 0.001953 0.001953
0 0.788086 0.295898 0.001953 0.001953
0 0.920898 0.291016 0.005859 0.003906
0 0.818359 0.295898 0.011719 0.017578
0 0.648438 0.300781 0.015625 0.027344
0 0.788086 0.281250 0.001953 0.003906
0 0.018555 0.280273 0.001953 0.001953
0 0.797852 0.279297 0.005859 0.003906
0 0.525391 0.278320 0.003906 0.001953
0 0.785156 0.277344 0.003906 0.003906
0 0.799805 0.274414 0.001953 0.001953
0 0.536133 0.274414 0.001953 0.001953
0 0.338867 0.272461 0.001953 0.001953
0 0.436523 0.284180 0.029297 0.033203
0 0.338867 0.268555 0.001953 0.001953
0 0.064453 0.268555 0.003906 0.001953
0 0.059570 0.268555 0.001953 0.001953
0 0.049805 0.268555 0.001953 0.001953
0 0.074219 0.266602 0.003906 0.001953
0 0.320312 0.270508 0.007812 0.013672
0 0.061523 0.264648 0.001953 0.001953
0 0.694336 0.262695 0.001953 0.001953
0 0.029297 0.262695 0.003906 0.001953
0 0.041992 0.260742 0.001953 0.001953
0 0.022461 0.260742 0.001953 0.001953
0 0.796875 0.263672 0.007812 0.011719
0 0.050781 0.295898 0.101562 0.076172
0 0.054688 0.259766 0.003906 0.003906
0 0.497070 0.262695 0.017578 0.013672
0 0.376953 0.286133 0.070312 0.060547
0 0.071289 0.258789 0.013672 0.005859
0 0.794922 0.255859 0.003906 0.003906
0 0.958008 0.256836 0.013672 0.009766
0 0.514648 0.253906 0.001953 0.003906
0 0.047852 0.252930 0.001953 0.001953
0 0.764648 0.250977 0.001953 0.001953
0 0.809570 0.250977 0.005859 0.005859
0 0.776367 0.266602 0.021484 0.037109
0 0.815430 0.247070 0.001953 0.001953
0 0.805664 0.248047 0.001953 0.003906
0 0.793945 0.241211 0.001953 0.001953
0 0.480469 0.235352 0.007812 0.005859
0 0.641602 0.232422 0.001953 0.003906
0 0.653320 0.231445 0.005859 0.005859
0 0.594727 0.233398 0.009766 0.009766
0 0.641602 0.227539 0.001953 0.001953
0 0.665039 0.223633 0.001953 0.001953
0 0.653320 0.223633 0.001953 0.001953
0 0.550781 0.224609 0.003906 0.003906
0 0.074219 0.224609 0.003906 0.003906
0 0.668945 0.221680 0.001953 0.001953
0 0.133789 0.222656 0.001953 0.003906
0 0.541992 0.219727 0.001953 0.001953
0 0.625977 0.217773 0.001953 0.001953
0 0.159180 0.215820 0.001953 0.001953
0 0.133789 0.215820 0.001953 0.001953
0 0.123047 0.216797 0.003906 0.007812
0 0.117188 0.217773 0.003906 0.009766
0 0.624023 0.227539 0.029297 0.033203
0 0.678711 0.206055 0.001953 0.001953
0 0.938477 0.218750 0.029297 0.035156
0 0.118164 0.207031 0.005859 0.011719
0 0.702148 0.199219 0.005859 0.003906
0 0.670898 0.199219 0.009766 0.003906
0 0.115234 0.199219 0.003906 0.003906
0 0.575195 0.196289 0.001953 0.001953
0 0.625000 0.195312 0.003906 0.003906
0 0.576172 0.191406 0.007812 0.003906
0 0.186523 0.190430 0.001953 0.001953
0 0.669922 0.186523 0.003906 0.001953
0 0.610352 0.186523 0.001953 0.001953
0 0.270508 0.186523 0.001953 0.001953
0 0.199219 0.195312 0.015625 0.019531
0 0.624023 0.184570 0.001953 0.001953
0 0.670898 0.182617 0.001953 0.001953
0 0.591797 0.199219 0.035156 0.039062
0 0.540039 0.180664 0.001953 0.001953
0 0.675781 0.178711 0.003906 0.001953
0 0.178711 0.185547 0.009766 0.019531
0 0.672852 0.174805 0.001953 0.001953
0 0.299805 0.180664 0.009766 0.013672
0 0.536133 0.173828 0.005859 0.003906
0 0.369141 0.207031 0.050781 0.070312
0 0.295898 0.172852 0.001953 0.001953
0 0.184570 0.172852 0.001953 0.001953
0 0.998047 0.168945 0.003906 0.001953
0 0.300781 0.169922 0.003906 0.003906
0 0.294922 0.168945 0.003906 0.001953
0 0.149414 0.168945 0.001953 0.001953
0 0.991211 0.166992 0.001953 0.001953
0 0.305664 0.166992 0.001953 0.001953
0 0.998047 0.165039 0.003906 0.001953
0 0.526367 0.166992 0.005859 0.005859
0 0.147461 0.165039 0.001953 0.001953
0 0.143555 0.162109 0.001953 0.003906
0 0.982422 0.162109 0.019531 0.011719
0 0.583984 0.165039 0.011719 0.017578
0 0.256836 0.157227 0.001953 0.001953
0 0.084961 0.158203 0.001953 0.003906
0 0.657227 0.155273 0.001953 0.001953
1 0.950195 0.154297 0.001953 0.003906
0 0.084961 0.153320 0.001953 0.001953
0 0.077148 0.153320 0.001953 0.001953
0 0.972656 0.154297 0.011719 0.007812
0 0.657227 0.151367 0.001953 0.001953
0 0.580078 0.222656 0.132812 0.144531
0 0.576172 0.150391 0.003906 0.003906
0 0.299805 0.147461 0.001953 0.001953
0 0.084961 0.148438 0.001953 0.003906
0 0.969727 0.144531 0.001953 0.003906
0 0.975586 0.139648 0.001953 0.001953
0 0.145508 0.139648 0.001953 0.001953
0 0.083008 0.139648 0.001953 0.001953
0 0.815430 0.137695 0.001953 0.001953
0 0.549805 0.142578 0.009766 0.011719
0 0.096680 0.137695 0.001953 0.001953
0 0.984375 0.136719 0.003906 0.003906
0 0.977539 0.135742 0.001953 0.001953
0 0.824219 0.137695 0.011719 0.005859
0 0.130859 0.136719 0.003906 0.003906
0 0.100586 0.135742 0.005859 0.005859
0 0.808594 0.132812 0.007812 0.003906
0 0.818359 0.131836 0.007812 0.005859
0 0.408203 0.129883 0.007812 0.005859
0 0.932617 0.125977 0.001953 0.001953
0 0.758789 0.125977 0.001953 0.001953
0 0.360352 0.138672 0.017578 0.027344
0 0.346680 0.125977 0.001953 0.001953
0 0.662109 0.132812 0.023438 0.019531
0 0.848633 0.122070 0.001953 0.001953
0 0.354492 0.120117 0.001953 0.001953
0 0.989258 0.119141 0.005859 0.003906
0 0.139648 0.118164 0.001953 0.001953
0 0.851562 0.119141 0.011719 0.007812
0 0.404297 0.117188 0.003906 0.003906
0 0.333008 0.116211 0.001953 0.001953
0 0.946289 0.114258 0.001953 0.001953
0 0.364258 0.115234 0.001953 0.003906
0 0.940430 0.109375 0.001953 0.003906
0 0.395508 0.115234 0.009766 0.015625
0 0.944336 0.106445 0.001953 0.001953
0 0.831055 0.106445 0.001953 0.001953
0 0.768555 0.106445 0.001953 0.001953
0 0.757812 0.107422 0.003906 0.003906
0 0.944336 0.102539 0.001953 0.001953
0 0.889648 0.102539 0.001953 0.001953
0 0.790039 0.092773 0.001953 0.001953
0 0.355469 0.092773 0.003906 0.001953
0 0.772461 0.088867 0.001953 0.001953
0 0.518555 0.086914 0.001953 0.001953
0 0.305664 0.084961 0.001953 0.001953
0 0.901367 0.075195 0.001953 0.001953
0 0.401367 0.077148 0.005859 0.005859
0 0.895508 0.073242 0.005859 0.001953
0 0.342773 0.073242 0.001953 0.001953
0 0.428711 0.071289 0.001953 0.001953
0 0.375977 0.095703 0.048828 0.050781
0 0.967773 0.069336 0.001953 0.001953
0 0.215820 0.069336 0.001953 0.001953
0 0.963867 0.067383 0.001953 0.001953
0 0.934570 0.065430 0.001953 0.001953
0 0.881836 0.065430 0.001953 0.001953
0 0.763672 0.071289 0.019531 0.013672
0 0.444336 0.083984 0.052734 0.042969
0 0.309570 0.070312 0.021484 0.015625
0 0.931641 0.061523 0.003906 0.001953
0 0.336914 0.057617 0.001953 0.001953
0 0.204102 0.057617 0.001953 0.001953
0 0.955078 0.055664 0.003906 0.001953
0 0.762695 0.055664 0.001953 0.001953
0 0.901367 0.053711 0.001953 0.001953
0 0.204102 0.053711 0.001953 0.001953
0 0.331055 0.051758 0.001953 0.001953
0 0.772461 0.049805 0.001953 0.001953
0 0.076172 0.049805 0.003906 0.001953
0 0.944336 0.047852 0.001953 0.001953
0 0.770508 0.045898 0.005859 0.001953
0 0.092773 0.153320 0.185547 0.216797
0 0.481445 0.043945 0.001953 0.001953
0 0.321289 0.049805 0.013672 0.017578
0 0.295898 0.041992 0.001953 0.001953
0 0.055664 0.042969 0.009766 0.007812
0 0.479492 0.040039 0.005859 0.005859
0 0.326172 0.035156 0.011719 0.003906
0 0.311523 0.035156 0.005859 0.003906
0 0.062500 0.034180 0.003906 0.001953
0 0.510742 0.026367 0.001953 0.001953
0 0.528320 0.022461 0.001953 0.001953
0 0.407227 0.024414 0.005859 0.005859
0 0.543945 0.020508 0.001953 0.001953
0 0.539062 0.019531 0.003906 0.003906
0 0.504883 0.020508 0.009766 0.009766
0 0.540039 0.008789 0.001953 0.001953
0 0.517578 0.502930 0.964844 0.994141
0 0.551758 0.010742 0.017578 0.013672
0 0.387695 0.004883 0.001953 0.001953
0 0.162109 0.005859 0.003906 0.003906
0 0.993164 0.000977 0.001953 0.001953
0 0.936523 0.073242 0.126953 0.146484
0 0.635742 0.000977 0.001953 0.001953
0 0.590820 0.000977 0.001953 0.001953
0 0.609375 0.013672 0.066406 0.027344
1 0.461914 0.000977 0.001953 0.001953
0 0.425781 0.011719 0.046875 0.023438
0 0.394531 0.002930 0.007812 0.005859
0 0.257812 0.084961 0.183594 0.169922
0 0.147461 0.000977 0.001953 0.001953
0 0.018555 0.013672 0.037109 0.027344
2 0.805664 0.999023 0.001953 0.001953
2 0.891602 0.997070 0.005859 0.001953
2 0.779297 0.998047 0.011719 0.003906
2 0.900391 0.995117 0.011719 0.005859
2 0.883789 0.996094 0.005859 0.007812
2 0.825195 0.996094 0.013672 0.007812
2 0.827148 0.989258 0.001953 0.001953
2 0.823242 0.989258 0.001953 0.001953
3 0.468750 0.988281 0.003906 0.003906
2 0.905273 0.987305 0.001953 0.005859
2 0.901367 0.985352 0.001953 0.001953
2 0.879883 0.985352 0.001953 0.001953
2 0.543945 0.985352 0.001953 0.001953
2 0.385742 0.981445 0.001953 0.001953
2 0.561523 0.980469 0.001953 0.003906
2 0.274414 0.978516 0.001953 0.003906
2 0.911133 0.973633 0.001953 0.001953
2 0.567383 0.973633 0.001953 0.001953
2 0.520508 0.973633 0.001953 0.001953
2 0.290039 0.973633 0.001953 0.001953
2 0.280273 0.973633 0.001953 0.001953
2 0.383789 0.972656 0.005859 0.003906
2 0.543945 0.970703 0.005859 0.003906
2 0.911133 0.967773 0.001953 0.001953
2 0.477539 0.967773 0.001953 0.001953
2 0.477539 0.963867 0.001953 0.001953
2 0.510742 0.954102 0.005859 0.001953
2 0.482422 0.955078 0.007812 0.011719
2 0.522461 0.973633 0.083984 0.052734
2 0.022461 0.940430 0.001953 0.001953
2 0.153320 0.938477 0.001953 0.001953
2 0.018555 0.938477 0.001953 0.001953
2 0.022461 0.936523 0.001953 0.001953
2 0.028320 0.934570 0.001953 0.001953
2 0.118164 0.932617 0.001953 0.001953
2 0.110352 0.933594 0.005859 0.003906
2 0.003906 0.933594 0.003906 0.003906
2 0.111328 0.928711 0.003906 0.001953
2 0.022461 0.928711 0.001953 0.001953
2 0.157227 0.926758 0.001953 0.001953
2 0.489258 0.925781 0.001953 0.003906
2 0.395508 0.924805 0.001953 0.001953
2 0.435547 0.923828 0.007812 0.003906
2 0.157227 0.922852 0.001953 0.001953
2 0.001953 0.921875 0.003906 0.003906
2 0.401367 0.918945 0.001953 0.001953
2 0.399414 0.915039 0.001953 0.001953
2 0.169922 0.915039 0.003906 0.001953
2 0.553711 0.918945 0.009766 0.017578
2 0.161133 0.909180 0.001953 0.001953
2 0.155273 0.907227 0.001953 0.001953
2 0.514648 0.908203 0.005859 0.007812
2 0.163086 0.905273 0.001953 0.001953
2 0.565430 0.901367 0.001953 0.001953
2 0.614258 0.899414 0.001953 0.001953
2 0.110352 0.897461 0.001953 0.001953
2 0.541992 0.895508 0.001953 0.001953
2 0.497070 0.916016 0.017578 0.042969
2 0.129883 0.895508 0.001953 0.001953
2 0.069336 0.889648 0.001953 0.001953
2 0.719727 0.887695 0.001953 0.001953
2 0.528320 0.897461 0.021484 0.021484
2 0.418945 0.909180 0.037109 0.048828
2 0.535156 0.884766 0.003906 0.003906
2 0.446289 0.883789 0.001953 0.001953
2 0.448242 0.900391 0.029297 0.039062
2 0.537109 0.877930 0.003906 0.005859
2 0.178711 0.875977 0.001953 0.001953
2 0.467773 0.872070 0.005859 0.001953
2 0.542969 0.871094 0.003906 0.003906
2 0.375000 0.872070 0.015625 0.005859
2 0.672852 0.864258 0.001953 0.001953
2 0.468750 0.866211 0.011719 0.005859
2 0.459961 0.864258 0.001953 0.001953
2 0.396484 0.870117 0.019531 0.017578
2 0.374023 0.863281 0.013672 0.007812
2 0.664062 0.859375 0.003906 0.003906
2 0.758789 0.856445 0.001953 0.001953
2 0.653320 0.856445 0.001953 0.001953
2 0.665039 0.854492 0.001953 0.001953
2 0.711914 0.856445 0.017578 0.009766
2 0.489258 0.853516 0.005859 0.003906
2 0.379883 0.851562 0.001953 0.003906
2 0.700195 0.848633 0.001953 0.001953
2 0.163086 0.846680 0.001953 0.001953
2 0.069336 0.846680 0.001953 0.001953
2 0.711914 0.845703 0.001953 0.003906
2 0.805664 0.842773 0.001953 0.001953
2 0.713867 0.840820 0.001953 0.001953
2 0.750977 0.839844 0.001953 0.007812
2 0.116211 0.841797 0.013672 0.011719
2 0.575195 0.834961 0.001953 0.001953
2 0.566406 0.833984 0.003906 0.003906
2 0.456055 0.831055 0.001953 0.001953
2 0.129883 0.827148 0.001953 0.001953
2 0.175781 0.817383 0.003906 0.001953
2 0.110352 0.819336 0.001953 0.005859
2 0.073242 0.809570 0.001953 0.001953
2 0.577148 0.807617 0.001953 0.001953
2 0.692383 0.805664 0.001953 0.001953
2 0.064453 0.811523 0.011719 0.013672
2 0.653320 0.801758 0.001953 0.001953
2 0.817383 0.799805 0.001953 0.001953
2 0.813477 0.797852 0.001953 0.001953
2 0.801758 0.786133 0.001953 0.001953
2 0.745117 0.789062 0.009766 0.007812
2 0.700195 0.782227 0.001953 0.001953
2 0.708008 0.783203 0.005859 0.007812
2 0.565430 0.780273 0.001953 0.001953
2 0.701172 0.776367 0.003906 0.001953
2 0.708984 0.775391 0.003906 0.003906
2 0.469727 0.758789 0.001953 0.001953
2 0.791992 0.751953 0.001953 0.003906
2 0.608398 0.747070 0.001953 0.001953
2 0.792969 0.743164 0.003906 0.001953
2 0.644531 0.744141 0.003906 0.003906
2 0.639648 0.746094 0.001953 0.007812
2 0.538086 0.744141 0.001953 0.003906
2 0.757812 0.734375 0.003906 0.003906
2 0.690430 0.733398 0.001953 0.001953
2 0.797852 0.731445 0.001953 0.001953
2 0.655273 0.731445 0.001953 0.001953
2 0.450195 0.729492 0.001953 0.001953
2 0.678711 0.721680 0.001953 0.001953
2 0.697266 0.719727 0.007812 0.005859
2 0.737305 0.715820 0.001953 0.001953
2 0.665039 0.716797 0.005859 0.003906
2 0.818359 0.714844 0.003906 0.003906
2 0.786133 0.712891 0.001953 0.003906
2 0.655273 0.711914 0.001953 0.001953
2 0.690430 0.710938 0.005859 0.003906
2 0.803711 0.706055 0.001953 0.001953
2 0.798828 0.711914 0.015625 0.013672
2 0.514648 0.700195 0.001953 0.001953
3 0.375977 0.697266 0.001953 0.003906
2 0.785156 0.693359 0.003906 0.003906
2 0.811523 0.690430 0.001953 0.001953
2 0.774414 0.697266 0.017578 0.015625
2 0.512695 0.695312 0.017578 0.015625
2 0.438477 0.688477 0.001953 0.001953
2 0.723633 0.686523 0.001953 0.001953
2 0.770508 0.685547 0.001953 0.003906
2 0.790039 0.682617 0.001953 0.001953
2 0.762695 0.682617 0.001953 0.001953
2 0.739258 0.680664 0.001953 0.001953
2 0.487305 0.680664 0.001953 0.001953
2 0.808594 0.679688 0.015625 0.007812
2 0.829102 0.674805 0.001953 0.001953
2 0.466797 0.675781 0.007812 0.003906
2 0.784180 0.675781 0.013672 0.015625
2 0.761719 0.669922 0.003906 0.003906
2 0.685547 0.686523 0.042969 0.044922
2 0.537109 0.784180 0.136719 0.244141
2 0.782227 0.663086 0.005859 0.005859
2 0.600586 0.661133 0.001953 0.001953
2 0.796875 0.657227 0.003906 0.001953
2 0.594727 0.657227 0.001953 0.001953
2 0.581055 0.655273 0.001953 0.001953
2 0.418945 0.653320 0.001953 0.001953
2 0.612305 0.643555 0.001953 0.001953
2 0.415039 0.643555 0.001953 0.001953
2 0.612305 0.639648 0.001953 0.001953
2 0.519531 0.623047 0.003906 0.003906
2 0.520508 0.616211 0.001953 0.001953
2 0.467773 0.616211 0.001953 0.001953
2 0.514648 0.614258 0.001953 0.001953
2 0.467773 0.612305 0.001953 0.001953
2 0.656250 0.594727 0.003906 0.005859
2 0.522461 0.579102 0.001953 0.001953
2 0.696289 0.567383 0.001953 0.001953
2 0.762695 0.563477 0.001953 0.001953
2 0.696289 0.557617 0.001953 0.001953
2 0.821289 0.551758 0.001953 0.001953
2 0.773438 0.551758 0.003906 0.005859
2 0.705078 0.549805 0.003906 0.001953
2 0.823242 0.547852 0.001953 0.001953
2 0.817383 0.547852 0.001953 0.001953
2 0.483398 0.541992 0.001953 0.001953
2 0.998047 0.538086 0.003906 0.005859
2 0.487305 0.536133 0.001953 0.001953
2 0.770508 0.535156 0.001953 0.003906
2 0.800781 0.529297 0.003906 0.003906
2 0.999023 0.524414 0.001953 0.001953
2 0.768555 0.526367 0.009766 0.009766
2 0.800781 0.522461 0.003906 0.005859
2 0.796875 0.520508 0.003906 0.001953
2 0.760742 0.518555 0.001953 0.001953
2 0.235352 0.518555 0.001953 0.001953
2 0.159180 0.518555 0.001953 0.001953
2 0.674805 0.516602 0.001953 0.001953
2 0.899414 0.512695 0.001953 0.001953
2 0.734375 0.509766 0.003906 0.003906
2 0.668945 0.516602 0.013672 0.021484
2 0.912109 0.507812 0.019531 0.007812
2 0.850586 0.504883 0.001953 0.001953
2 0.188477 0.503906 0.001953 0.003906
2 0.837891 0.501953 0.003906 0.003906
2 0.901367 0.498047 0.005859 0.003906
2 0.674805 0.495117 0.001953 0.001953
2 0.846680 0.493164 0.001953 0.001953
2 0.747070 0.507812 0.029297 0.039062
2 0.293945 0.489258 0.001953 0.001953
2 0.940430 0.485352 0.001953 0.001953
2 0.824219 0.479492 0.003906 0.001953
2 0.291992 0.480469 0.009766 0.011719
2 0.827148 0.473633 0.001953 0.001953
2 0.796875 0.478516 0.054688 0.019531
2 0.191406 0.463867 0.003906 0.001953
2 0.534180 0.456055 0.001953 0.001953
2 0.903320 0.444336 0.001953 0.001953
2 0.612305 0.438477 0.001953 0.001953
2 0.214844 0.439453 0.007812 0.007812
2 0.801758 0.430664 0.001953 0.001953
2 0.938477 0.428711 0.001953 0.001953
2 0.897461 0.428711 0.001953 0.001953
2 0.766602 0.426758 0.001953 0.001953
2 0.906250 0.426758 0.003906 0.005859
2 0.670898 0.422852 0.005859 0.001953
2 0.713867 0.416992 0.001953 0.001953
2 0.674805 0.416016 0.013672 0.003906
2 0.701172 0.439453 0.074219 0.054688
2 0.616211 0.416016 0.017578 0.007812
2 0.901367 0.411133 0.001953 0.001953
2 0.665039 0.411133 0.001953 0.001953
2 0.913086 0.409180 0.001953 0.001953
2 0.956055 0.407227 0.001953 0.001953
2 0.870117 0.408203 0.001953 0.003906
2 0.234375 0.407227 0.007812 0.005859
2 0.917969 0.405273 0.003906 0.005859
2 0.901367 0.402344 0.005859 0.003906
2 0.883789 0.415039 0.021484 0.033203
2 0.772461 0.410156 0.021484 0.027344
2 0.788086 0.696289 0.423828 0.607422
2 0.920898 0.393555 0.001953 0.001953
2 0.903320 0.393555 0.001953 0.001953
2 0.876953 0.395508 0.003906 0.009766
2 0.918945 0.389648 0.001953 0.001953
2 0.991211 0.387695 0.005859 0.001953
2 0.909180 0.386719 0.001953 0.003906
2 0.689453 0.386719 0.007812 0.003906
2 0.680664 0.385742 0.001953 0.001953
2 0.675781 0.385742 0.003906 0.001953
2 0.318359 0.383789 0.003906 0.001953
2 0.930664 0.379883 0.001953 0.001953
2 0.694336 0.379883 0.001953 0.001953
2 0.676758 0.379883 0.001953 0.001953
2 0.278320 0.381836 0.005859 0.005859
2 0.266602 0.424805 0.056641 0.095703
2 0.905273 0.374023 0.001953 0.001953
2 0.732422 0.374023 0.003906 0.001953
2 0.695312 0.375000 0.003906 0.003906
2 0.684570 0.375977 0.005859 0.005859
2 0.673828 0.375000 0.003906 0.003906
2 0.650391 0.373047 0.003906 0.003906
2 0.625000 0.373047 0.007812 0.007812
2 0.750000 0.372070 0.007812 0.009766
2 0.729492 0.364258 0.001953 0.001953
2 0.725586 0.364258 0.001953 0.001953
2 0.845703 0.358398 0.003906 0.005859
2 0.661133 0.366211 0.033203 0.029297
2 0.911133 0.349609 0.001953 0.003906
2 0.868164 0.348633 0.001953 0.001953
2 0.644531 0.348633 0.003906 0.001953
2 0.868164 0.344727 0.001953 0.001953
2 0.838867 0.334961 0.001953 0.001953
2 0.981445 0.329102 0.001953 0.001953
2 0.022461 0.329102 0.001953 0.001953
2 0.684570 0.327148 0.001953 0.001953
2 0.295898 0.327148 0.001953 0.001953
2 0.276367 0.332031 0.005859 0.011719
2 0.963867 0.321289 0.001953 0.001953
2 0.269531 0.317383 0.003906 0.001953
2 0.715820 0.345703 0.072266 0.062500
2 0.669922 0.313477 0.003906 0.001953
2 0.975586 0.311523 0.001953 0.001953
2 0.270508 0.312500 0.001953 0.003906
2 0.013672 0.308594 0.003906 0.003906
2 0.290039 0.303711 0.001953 0.001953
2 0.315430 0.299805 0.001953 0.001953
2 0.709961 0.297852 0.001953 0.001953
3 0.299805 0.297852 0.001953 0.001953
2 0.045898 0.298828 0.005859 0.007812
2 0.762695 0.293945 0.001953 0.001953
2 0.756836 0.293945 0.001953 0.001953
2 0.052734 0.294922 0.003906 0.003906
2 0.954102 0.338867 0.091797 0.103516
2 0.001953 0.290039 0.003906 0.005859
2 0.749023 0.281250 0.001953 0.003906
2 0.725586 0.267578 0.001953 0.003906
2 0.721680 0.266602 0.001953 0.001953
2 0.877930 0.246094 0.001953 0.003906
2 0.697266 0.237305 0.003906 0.005859
2 0.786133 0.233398 0.001953 0.001953
2 0.791992 0.225586 0.001953 0.001953
2 0.766602 0.225586 0.001953 0.001953
2 0.752930 0.221680 0.001953 0.001953
2 0.739258 0.221680 0.001953 0.001953
2 0.759766 0.221680 0.007812 0.005859
2 0.746094 0.220703 0.007812 0.003906
2 0.774414 0.215820 0.001953 0.001953
2 0.868164 0.216797 0.029297 0.046875
2 0.130859 0.192383 0.003906 0.001953
2 0.868164 0.188477 0.001953 0.001953
2 0.823242 0.187500 0.001953 0.003906
2 0.868164 0.182617 0.001953 0.001953
2 0.098633 0.176758 0.001953 0.001953
2 0.104492 0.175781 0.005859 0.003906
2 0.801758 0.163086 0.001953 0.001953
2 0.695312 0.162109 0.003906 0.003906
2 0.180664 0.159180 0.001953 0.001953
2 0.126953 0.162109 0.003906 0.007812
2 0.041016 0.157227 0.003906 0.005859
2 0.708984 0.151367 0.003906 0.001953
2 0.015625 0.152344 0.003906 0.003906
2 0.842773 0.149414 0.001953 0.001953
2 0.838867 0.149414 0.001953 0.001953
2 0.280273 0.149414 0.001953 0.001953
2 0.147461 0.147461 0.001953 0.001953
2 0.064453 0.148438 0.003906 0.003906
2 0.834961 0.145508 0.001953 0.001953
2 0.736328 0.151367 0.007812 0.013672
2 0.891602 0.151367 0.025391 0.017578
2 0.879883 0.143555 0.001953 0.001953
2 0.733398 0.143555 0.001953 0.001953
2 0.790039 0.141602 0.001953 0.001953
2 0.779297 0.171875 0.050781 0.062500
2 0.306641 0.142578 0.003906 0.003906
2 0.729492 0.139648 0.001953 0.001953
2 0.075195 0.133789 0.001953 0.001953
2 0.270508 0.131836 0.001953 0.001953
2 0.053711 0.129883 0.005859 0.001953
2 0.958008 0.127930 0.001953 0.001953
2 0.047852 0.127930 0.001953 0.001953
2 0.950195 0.125977 0.001953 0.001953
2 0.805664 0.125977 0.001953 0.001953
2 0.766602 0.125977 0.001953 0.001953
2 0.867188 0.124023 0.003906 0.001953
2 0.334961 0.124023 0.001953 0.001953
2 0.959961 0.122070 0.001953 0.001953
2 0.291016 0.125000 0.003906 0.007812
2 0.267578 0.123047 0.003906 0.003906
2 0.969727 0.116211 0.005859 0.005859
2 0.954102 0.115234 0.005859 0.003906
2 0.786133 0.106445 0.001953 0.001953
2 0.954102 0.104492 0.001953 0.001953
2 0.995117 0.105469 0.009766 0.007812
2 0.885742 0.096680 0.001953 0.001953
2 0.325195 0.096680 0.001953 0.001953
2 0.917969 0.090820 0.003906 0.001953
2 0.985352 0.079102 0.001953 0.001953
2 0.973633 0.082031 0.009766 0.007812
2 0.965820 0.080078 0.001953 0.003906
2 0.961914 0.079102 0.001953 0.001953
2 0.981445 0.075195 0.001953 0.001953
2 0.005859 0.076172 0.011719 0.007812
2 0.059570 0.074219 0.009766 0.011719
2 0.213867 0.055664 0.001953 0.001953
2 0.887695 0.036133 0.001953 0.001953
2 0.882812 0.032227 0.003906 0.001953
2 0.916992 0.030273 0.001953 0.001953
2 0.922852 0.026367 0.001953 0.001953
2 0.910156 0.029297 0.007812 0.007812
2 0.903320 0.026367 0.001953 0.001953
2 0.939453 0.022461 0.003906 0.001953
2 0.929688 0.023438 0.003906 0.003906
2 0.972656 0.014648 0.003906 0.001953
2 0.942383 0.016602 0.009766 0.005859
2 0.624023 0.014648 0.001953 0.001953
2 0.915039 0.012695 0.001953 0.001953
2 0.913086 0.008789 0.001953 0.001953
2 0.588867 0.008789 0.001953 0.001953
2 0.881836 0.004883 0.001953 0.001953
2 0.620117 0.004883 0.001953 0.001953
2 0.990234 0.005859 0.019531 0.011719
2 0.965820 0.001953 0.009766 0.003906
2 0.914062 0.003906 0.023438 0.007812
2 0.616211 0.000977 0.001953 0.001953
2 0.500000 0.500000 1.000000 1.000000