1 0.694336 0.995117 0.001953 0.001953
1 0.684570 0.996094 0.005859 0.007812
1 0.041992 0.993164 0.001953 0.001953
1 0.538086 0.995117 0.017578 0.009766
1 0.791992 0.989258 0.001953 0.001953
1 0.054688 0.993164 0.023438 0.013672
1 0.206055 0.988281 0.009766 0.011719
1 0.132812 0.991211 0.011719 0.017578
1 0.904297 0.974609 0.007812 0.011719
1 0.524414 0.961914 0.001953 0.001953
1 0.352539 0.961914 0.001953 0.001953
1 0.784180 0.965820 0.009766 0.013672
1 0.730469 0.960938 0.003906 0.003906
0 0.489258 0.958008 0.001953 0.001953
1 0.750977 0.952148 0.001953 0.001953
1 0.560547 0.960938 0.015625 0.019531
1 0.117188 0.955078 0.011719 0.007812
1 0.334961 0.952148 0.005859 0.005859
1 0.114258 0.948242 0.001953 0.001953
1 0.433594 0.948242 0.003906 0.005859
0 0.481445 0.944336 0.001953 0.001953
1 0.754883 0.948242 0.013672 0.017578
1 0.345703 0.948242 0.023438 0.017578
1 0.509766 0.939453 0.007812 0.003906
1 0.256836 0.938477 0.001953 0.001953
0 0.177734 0.949219 0.007812 0.023438
0 0.488281 0.942383 0.007812 0.013672
1 0.661133 0.935547 0.001953 0.003906
0 0.180664 0.932617 0.001953 0.001953
1 0.516602 0.931641 0.001953 0.003906
1 0.568359 0.931641 0.007812 0.007812
1 0.434570 0.926758 0.001953 0.001953
1 0.375977 0.924805 0.001953 0.001953
1 0.757812 0.928711 0.019531 0.021484
1 0.430664 0.920898 0.005859 0.005859
1 0.230469 0.921875 0.007812 0.007812
1 0.012695 0.928711 0.025391 0.021484
1 0.784180 0.916992 0.001953 0.001953
1 0.745117 0.916992 0.001953 0.001953
1 0.288086 0.919922 0.013672 0.007812
1 0.243164 0.921875 0.013672 0.011719
1 0.741211 0.915039 0.001953 0.001953
1 0.739258 0.911133 0.001953 0.001953
1 0.300781 0.912109 0.003906 0.003906
1 0.783203 0.910156 0.003906 0.003906
1 0.277344 0.909180 0.003906 0.001953
1 0.272461 0.909180 0.001953 0.001953
1 0.567383 0.907227 0.001953 0.001953
1 0.315430 0.905273 0.001953 0.001953
0 0.187500 0.908203 0.003906 0.007812
1 0.739258 0.906250 0.013672 0.007812
1 0.561523 0.902344 0.001953 0.003906
1 0.311523 0.900391 0.001953 0.003906
1 0.118164 0.908203 0.017578 0.019531
0 0.077148 0.899414 0.001953 0.001953
1 0.653320 0.914062 0.025391 0.035156
1 0.381836 0.911133 0.029297 0.029297
1 0.708984 0.908203 0.035156 0.031250
1 0.458984 0.898438 0.023438 0.019531
1 0.221680 0.893555 0.009766 0.009766
1 0.518555 0.914062 0.048828 0.054688
1 0.318359 0.898438 0.007812 0.023438
1 0.573242 0.893555 0.017578 0.017578
1 0.307617 0.885742 0.001953 0.001953
1 0.455078 0.882812 0.007812 0.007812
0 0.526367 0.874023 0.001953 0.001953
0 0.495117 0.874023 0.001953 0.001953
1 0.598633 0.875977 0.013672 0.009766
1 0.448242 0.872070 0.001953 0.001953
0 0.495117 0.870117 0.001953 0.001953
1 0.557617 0.868164 0.001953 0.001953
1 0.535156 0.873047 0.015625 0.011719
1 0.133789 0.868164 0.001953 0.001953
1 0.624023 0.871094 0.009766 0.011719
1 0.141602 0.870117 0.009766 0.009766
1 0.112305 0.862305 0.001953 0.001953
0 0.084961 0.862305 0.001953 0.001953
0 0.382812 0.864258 0.003906 0.009766
1 0.089844 0.862305 0.003906 0.005859
1 0.309570 0.873047 0.017578 0.031250
1 0.303711 0.854492 0.001953 0.001953
1 0.439453 0.859375 0.011719 0.015625
0 0.397461 0.854492 0.009766 0.009766
0 0.407227 0.848633 0.001953 0.001953
1 0.303711 0.848633 0.001953 0.001953
1 0.039062 0.849609 0.003906 0.003906
1 0.545898 0.855469 0.017578 0.023438
1 0.579102 0.841797 0.001953 0.003906
1 0.291992 0.845703 0.017578 0.011719
1 0.434570 0.838867 0.001953 0.001953
1 0.286133 0.838867 0.001953 0.001953
1 0.687500 0.839844 0.003906 0.007812
1 0.579102 0.836914 0.001953 0.001953
1 0.432617 0.834961 0.001953 0.001953
1 0.426758 0.844727 0.009766 0.021484
1 0.486328 0.835938 0.003906 0.007812
1 0.449219 0.834961 0.003906 0.005859
1 0.769531 0.834961 0.007812 0.009766
1 0.006836 0.831055 0.001953 0.001953
1 0.108398 0.846680 0.076172 0.037109
1 0.779297 0.828125 0.003906 0.003906
1 0.106445 0.827148 0.001953 0.001953
1 0.435547 0.828125 0.007812 0.007812
0 0.643555 0.824219 0.005859 0.003906
1 0.497070 0.824219 0.001953 0.003906
1 0.019531 0.831055 0.019531 0.017578
1 0.127930 0.817383 0.001953 0.001953
1 0.384766 0.814453 0.003906 0.003906
1 0.034180 0.813477 0.001953 0.001953
1 0.657227 0.807617 0.001953 0.001953
1 0.130859 0.809570 0.007812 0.005859
1 0.243164 0.813477 0.025391 0.025391
1 0.661133 0.801758 0.005859 0.005859
1 0.798828 0.800781 0.007812 0.007812
1 0.600586 0.810547 0.029297 0.027344
1 0.852539 0.804688 0.021484 0.019531
1 0.394531 0.795898 0.003906 0.001953
1 0.224609 0.795898 0.003906 0.001953
1 0.222656 0.798828 0.011719 0.007812
1 0.211914 0.796875 0.001953 0.003906
1 0.208008 0.795898 0.001953 0.001953
1 0.486328 0.796875 0.007812 0.007812
1 0.446289 0.791992 0.001953 0.001953
1 0.542969 0.796875 0.007812 0.015625
1 0.497070 0.806641 0.029297 0.039062
1 0.206055 0.791992 0.005859 0.009766
1 0.831055 0.790039 0.009766 0.009766
1 0.645508 0.786133 0.001953 0.001953
0 0.147461 0.783203 0.009766 0.003906
1 0.539062 0.780273 0.003906 0.001953
1 0.799805 0.779297 0.005859 0.003906
1 0.764648 0.792969 0.041016 0.035156
1 0.539062 0.776367 0.003906 0.001953
0 0.141602 0.776367 0.001953 0.001953
1 0.530273 0.774414 0.001953 0.001953
0 0.272461 0.774414 0.001953 0.001953
0 0.133789 0.778320 0.009766 0.013672
0 0.277344 0.770508 0.003906 0.005859
1 0.648438 0.791016 0.031250 0.050781
0 0.282227 0.766602 0.001953 0.001953
0 0.874023 0.779297 0.025391 0.031250
0 0.538086 0.764648 0.001953 0.001953
0 0.415039 0.763672 0.001953 0.003906
1 0.095703 0.766602 0.007812 0.009766
1 0.520508 0.761719 0.005859 0.003906
0 0.219727 0.765625 0.013672 0.011719
0 0.301758 0.758789 0.001953 0.001953
1 0.823242 0.756836 0.005859 0.009766
1 0.718750 0.755859 0.003906 0.007812
0 0.458008 0.752930 0.001953 0.001953
1 0.790039 0.758789 0.025391 0.017578
0 0.647461 0.750977 0.001953 0.001953
0 0.302734 0.751953 0.003906 0.007812
0 0.465820 0.749023 0.009766 0.005859
1 0.684570 0.745117 0.001953 0.001953
0 0.635742 0.751953 0.013672 0.015625
0 0.456055 0.747070 0.005859 0.005859
1 0.005859 0.749023 0.011719 0.009766
1 0.398438 0.758789 0.035156 0.033203
0 0.199219 0.754883 0.019531 0.025391
1 0.172852 0.756836 0.033203 0.029297
1 0.727539 0.749023 0.009766 0.017578
0 0.563477 0.741211 0.001953 0.001953
0 0.557617 0.741211 0.001953 0.001953
1 0.393555 0.739258 0.005859 0.001953
1 0.475586 0.737305 0.005859 0.001953
0 0.232422 0.749023 0.023438 0.025391
0 0.196289 0.737305 0.001953 0.001953
1 0.172852 0.737305 0.001953 0.001953
0 0.664062 0.736328 0.003906 0.003906
1 0.467773 0.735352 0.001953 0.001953
0 0.457031 0.738281 0.015625 0.007812
1 0.247070 0.735352 0.001953 0.001953
1 0.829102 0.733398 0.001953 0.001953
1 0.393555 0.733398 0.001953 0.001953
0 0.450195 0.731445 0.001953 0.001953
0 0.202148 0.734375 0.009766 0.007812
1 0.116211 0.737305 0.009766 0.013672
1 0.714844 0.730469 0.003906 0.003906
1 0.897461 0.732422 0.017578 0.011719
1 0.856445 0.738281 0.013672 0.023438
0 0.444336 0.727539 0.001953 0.001953
1 0.848633 0.723633 0.001953 0.001953
1 0.672852 0.724609 0.001953 0.003906
1 0.463867 0.723633 0.001953 0.001953
0 0.397461 0.723633 0.001953 0.001953
1 0.844727 0.721680 0.001953 0.001953
1 0.819336 0.734375 0.017578 0.027344
1 0.664062 0.722656 0.003906 0.003906
0 0.196289 0.720703 0.005859 0.003906
1 0.852539 0.718750 0.001953 0.003906
1 0.467773 0.717773 0.001953 0.001953
0 0.463867 0.717773 0.001953 0.001953
1 0.390625 0.717773 0.003906 0.001953
1 0.887695 0.718750 0.009766 0.007812
1 0.806641 0.716797 0.003906 0.003906
1 0.700195 0.723633 0.041016 0.017578
1 0.655273 0.715820 0.001953 0.001953
0 0.458984 0.717773 0.003906 0.005859
1 0.678711 0.713867 0.001953 0.001953
1 0.666016 0.715820 0.015625 0.005859
1 0.596680 0.747070 0.048828 0.068359
1 0.367188 0.717773 0.011719 0.009766
0 0.197266 0.714844 0.003906 0.003906
1 0.878906 0.712891 0.003906 0.003906
0 0.459961 0.711914 0.001953 0.001953
1 0.170898 0.706055 0.001953 0.001953
1 0.265625 0.708984 0.011719 0.011719
1 0.169922 0.702148 0.003906 0.001953
1 0.466797 0.716797 0.011719 0.035156
1 0.381836 0.699219 0.005859 0.003906
0 0.411133 0.690430 0.001953 0.001953
1 0.835938 0.688477 0.003906 0.001953
1 0.548828 0.696289 0.007812 0.017578
0 0.407227 0.688477 0.001953 0.001953
0 0.882812 0.697266 0.019531 0.023438
0 0.789062 0.689453 0.015625 0.011719
0 0.793945 0.680664 0.001953 0.001953
0 0.801758 0.682617 0.009766 0.009766
0 0.790039 0.678711 0.001953 0.001953
1 0.739258 0.678711 0.001953 0.001953
1 0.488281 0.683594 0.007812 0.011719
1 0.481445 0.678711 0.001953 0.001953
1 0.735352 0.676758 0.001953 0.001953
0 0.420898 0.682617 0.013672 0.013672
0 0.829102 0.679688 0.013672 0.011719
0 0.791992 0.674805 0.001953 0.001953
0 0.450195 0.674805 0.001953 0.001953
1 0.018555 0.677734 0.005859 0.007812
0 0.452148 0.670898 0.001953 0.001953
0 0.194336 0.673828 0.025391 0.019531
1 0.535156 0.666992 0.019531 0.021484
0 0.445312 0.661133 0.011719 0.009766
1 0.489258 0.649414 0.001953 0.001953
1 0.350586 0.659180 0.013672 0.025391
1 0.488281 0.645508 0.003906 0.001953
1 0.672852 0.644531 0.001953 0.003906
1 0.495117 0.646484 0.005859 0.007812
0 0.377930 0.647461 0.009766 0.009766
1 0.278320 0.638672 0.001953 0.003906
0 0.947266 0.646484 0.023438 0.023438
1 0.246094 0.634766 0.003906 0.003906
0 0.859375 0.629883 0.003906 0.001953
0 0.707031 0.630859 0.003906 0.003906
1 0.251953 0.632812 0.003906 0.007812
0 0.925781 0.630859 0.007812 0.007812
0 0.850586 0.627930 0.001953 0.001953
0 0.711914 0.627930 0.001953 0.001953
0 0.860352 0.625977 0.001953 0.001953
1 0.598633 0.632812 0.025391 0.023438
0 0.952148 0.620117 0.001953 0.001953
1 0.674805 0.625000 0.013672 0.011719
1 0.505859 0.621094 0.003906 0.003906
0 0.565430 0.618164 0.001953 0.001953
1 0.330078 0.619141 0.003906 0.003906
0 0.946289 0.616211 0.001953 0.001953
0 0.452148 0.623047 0.021484 0.019531
1 0.305664 0.622070 0.029297 0.017578
0 0.837891 0.620117 0.015625 0.017578
1 0.620117 0.628906 0.029297 0.035156
0 0.401367 0.613281 0.005859 0.003906
1 0.339844 0.616211 0.011719 0.009766
1 0.651367 0.610352 0.001953 0.001953
0 0.440430 0.610352 0.001953 0.001953
0 0.395508 0.610352 0.001953 0.001953
1 0.583008 0.608398 0.001953 0.001953
1 0.639648 0.612305 0.013672 0.017578
0 0.536133 0.608398 0.017578 0.009766
1 0.685547 0.603516 0.003906 0.003906
1 0.612305 0.599609 0.005859 0.003906
0 0.419922 0.607422 0.027344 0.019531
1 0.670898 0.606445 0.025391 0.021484
1 0.128906 0.598633 0.007812 0.005859
0 0.444336 0.594727 0.001953 0.001953
0 0.466797 0.595703 0.007812 0.007812
1 0.646484 0.590820 0.003906 0.005859
1 0.303711 0.589844 0.005859 0.003906
0 0.540039 0.584961 0.001953 0.001953
0 0.637695 0.581055 0.001953 0.001953
1 0.588867 0.591797 0.025391 0.023438
0 0.540039 0.581055 0.001953 0.001953
0 0.439453 0.582031 0.003906 0.003906
1 0.940430 0.584961 0.025391 0.013672
0 0.733398 0.583008 0.009766 0.009766
0 0.639648 0.575195 0.001953 0.001953
0 0.324219 0.575195 0.003906 0.001953
0 0.312500 0.577148 0.003906 0.005859
0 0.727539 0.573242 0.001953 0.001953
0 0.631836 0.569336 0.001953 0.001953
0 0.625000 0.570312 0.007812 0.003906
1 0.844727 0.567383 0.005859 0.001953
0 0.509766 0.567383 0.003906 0.001953
0 0.501953 0.567383 0.007812 0.005859
1 0.009766 0.579102 0.019531 0.029297
1 0.846680 0.563477 0.001953 0.001953
1 0.792969 0.562500 0.003906 0.003906
1 0.229492 0.563477 0.005859 0.005859
1 0.485352 0.556641 0.001953 0.003906
1 0.489258 0.553711 0.001953 0.001953
1 0.040039 0.551758 0.001953 0.001953
1 0.586914 0.553711 0.009766 0.009766
0 0.291992 0.549805 0.001953 0.001953
0 0.854492 0.547852 0.005859 0.005859
1 0.380859 0.543945 0.003906 0.001953
1 0.519531 0.542969 0.003906 0.003906
1 0.491211 0.541992 0.001953 0.001953
0 0.277344 0.546875 0.023438 0.011719
1 0.536133 0.549805 0.029297 0.021484
1 0.484375 0.544922 0.011719 0.011719
1 0.999023 0.538086 0.001953 0.005859
1 0.395508 0.537109 0.005859 0.003906
1 0.908203 0.535156 0.003906 0.003906
0 0.006836 0.535156 0.005859 0.003906
1 0.395508 0.532227 0.001953 0.001953
0 0.819336 0.541016 0.041016 0.027344
0 0.635742 0.538086 0.009766 0.021484
0 0.618164 0.530273 0.005859 0.009766
1 0.524414 0.524414 0.001953 0.001953
1 0.641602 0.522461 0.001953 0.001953
1 0.529297 0.526367 0.003906 0.013672
0 0.040039 0.520508 0.001953 0.001953
1 0.460938 0.523438 0.011719 0.011719
0 0.034180 0.516602 0.001953 0.001953
1 0.869141 0.531250 0.050781 0.035156
1 0.924805 0.512695 0.001953 0.001953
1 0.920898 0.513672 0.001953 0.003906
1 0.633789 0.512695 0.001953 0.001953
1 0.331055 0.512695 0.001953 0.001953
1 0.932617 0.512695 0.009766 0.009766
1 0.873047 0.509766 0.003906 0.003906
1 0.635742 0.508789 0.001953 0.001953
1 0.596680 0.517578 0.013672 0.019531
1 0.920898 0.504883 0.001953 0.001953
0 0.859375 0.506836 0.011719 0.005859
0 0.015625 0.505859 0.003906 0.003906
0 0.010742 0.505859 0.001953 0.003906
1 0.939453 0.503906 0.007812 0.003906
1 0.874023 0.502930 0.001953 0.001953
1 0.172852 0.514648 0.017578 0.025391
1 0.870117 0.500977 0.001953 0.001953
1 0.735352 0.502930 0.005859 0.005859
1 0.635742 0.500977 0.001953 0.001953
1 0.746094 0.499023 0.003906 0.001953
1 0.951172 0.497070 0.003906 0.001953
1 0.938477 0.497070 0.001953 0.001953
1 0.944336 0.496094 0.005859 0.003906
0 0.024414 0.495117 0.009766 0.005859
1 0.083008 0.487305 0.001953 0.001953
1 0.652344 0.514648 0.031250 0.064453
0 0.710938 0.483398 0.003906 0.005859
1 0.668945 0.481445 0.001953 0.001953
1 0.369141 0.530273 0.082031 0.099609
1 0.677734 0.483398 0.011719 0.013672
1 0.536133 0.479492 0.005859 0.005859
1 0.577148 0.475586 0.001953 0.001953
0 0.750977 0.474609 0.005859 0.003906
0 0.670898 0.473633 0.001953 0.001953
1 0.182617 0.473633 0.001953 0.001953
0 0.020508 0.476562 0.005859 0.007812
1 0.558594 0.476562 0.027344 0.011719
1 0.528320 0.471680 0.001953 0.001953
0 0.631836 0.469727 0.001953 0.001953
1 0.114258 0.469727 0.001953 0.001953
1 0.042969 0.473633 0.011719 0.013672
1 0.160156 0.463867 0.003906 0.001953
1 0.571289 0.459961 0.001953 0.001953
1 0.926758 0.456055 0.001953 0.001953
1 0.549805 0.456055 0.001953 0.001953
0 0.407227 0.457031 0.001953 0.003906
1 0.132812 0.459961 0.011719 0.013672
1 0.920898 0.452148 0.001953 0.001953
1 0.553711 0.452148 0.001953 0.001953
0 0.403320 0.452148 0.001953 0.001953
1 0.985352 0.450195 0.001953 0.001953
1 0.187500 0.449219 0.003906 0.003906
1 0.958008 0.446289 0.001953 0.001953
0 0.694336 0.447266 0.001953 0.003906
0 0.739258 0.461914 0.025391 0.037109
0 0.689453 0.445312 0.007812 0.007812
1 0.604492 0.457031 0.056641 0.031250
1 0.327148 0.442383 0.001953 0.001953
0 0.795898 0.445312 0.005859 0.015625
0 0.604492 0.440430 0.005859 0.005859
1 0.295898 0.440430 0.005859 0.005859
1 0.138672 0.437500 0.003906 0.003906
0 0.399414 0.434570 0.001953 0.001953
1 0.135742 0.432617 0.001953 0.001953
1 0.972656 0.442383 0.035156 0.025391
1 0.875977 0.437500 0.009766 0.015625
0 0.793945 0.430664 0.001953 0.001953
1 0.874023 0.428711 0.001953 0.001953
1 0.816406 0.430664 0.007812 0.013672
0 0.401367 0.422852 0.001953 0.001953
0 0.383789 0.422852 0.001953 0.001953
1 0.415039 0.421875 0.001953 0.003906
1 0.264648 0.420898 0.001953 0.001953
1 0.418945 0.418945 0.001953 0.001953
1 0.170898 0.418945 0.001953 0.001953
1 0.440430 0.417969 0.005859 0.003906
1 0.257812 0.416992 0.011719 0.005859
1 0.194336 0.415039 0.001953 0.001953
1 0.172852 0.415039 0.001953 0.001953
1 0.132812 0.416992 0.007812 0.005859
1 0.206055 0.414062 0.001953 0.003906
1 0.821289 0.411133 0.001953 0.001953
0 0.799805 0.418945 0.005859 0.017578
1 0.198242 0.413086 0.001953 0.005859
1 0.183594 0.414062 0.015625 0.007812
0 0.752930 0.411133 0.005859 0.005859
1 0.734375 0.412109 0.007812 0.007812
0 0.716797 0.410156 0.003906 0.003906
0 0.747070 0.408203 0.001953 0.003906
1 0.856445 0.405273 0.001953 0.001953
0 0.368164 0.432617 0.041016 0.056641
1 0.817383 0.404297 0.001953 0.003906
0 0.597656 0.410156 0.015625 0.015625
1 0.523438 0.403320 0.003906 0.005859
1 0.206055 0.401367 0.001953 0.001953
1 0.123047 0.405273 0.011719 0.009766
1 0.077148 0.399414 0.001953 0.001953
1 0.204102 0.397461 0.001953 0.001953
1 0.083984 0.398438 0.003906 0.003906
0 0.346680 0.395508 0.001953 0.001953
1 0.342773 0.395508 0.001953 0.001953
1 0.737305 0.393555 0.001953 0.001953
1 0.204102 0.393555 0.005859 0.001953
1 0.903320 0.392578 0.005859 0.003906
1 0.809570 0.391602 0.001953 0.001953
1 0.420898 0.391602 0.001953 0.001953
1 0.206055 0.389648 0.001953 0.001953
1 0.110352 0.389648 0.001953 0.001953
1 0.528320 0.387695 0.001953 0.001953
0 0.754883 0.395508 0.017578 0.021484
1 0.657227 0.386719 0.001953 0.003906
1 0.418945 0.385742 0.001953 0.001953
1 0.728516 0.392578 0.027344 0.019531
1 0.333008 0.386719 0.005859 0.007812
1 0.119141 0.390625 0.007812 0.015625
1 0.522461 0.383789 0.005859 0.005859
1 0.420898 0.381836 0.001953 0.001953
1 0.093750 0.384766 0.007812 0.007812
1 0.678711 0.381836 0.005859 0.005859
1 0.879883 0.379883 0.009766 0.005859
0 0.800781 0.392578 0.019531 0.031250
1 0.676758 0.377930 0.001953 0.001953
0 0.607422 0.379883 0.003906 0.009766
1 0.115234 0.375977 0.003906 0.005859
1 0.106445 0.374023 0.001953 0.001953
0 0.791992 0.373047 0.001953 0.003906
1 0.673828 0.374023 0.003906 0.005859
0 0.637695 0.381836 0.021484 0.021484
1 0.094727 0.375000 0.005859 0.007812
1 0.865234 0.370117 0.003906 0.005859
1 0.553711 0.368164 0.001953 0.001953
1 0.057617 0.368164 0.001953 0.001953
1 0.123047 0.371094 0.003906 0.011719
1 0.104492 0.366211 0.001953 0.001953
1 0.913086 0.368164 0.013672 0.009766
0 0.604492 0.354492 0.001953 0.001953
0 0.743164 0.353516 0.001953 0.003906
1 0.536133 0.352539 0.001953 0.001953
1 0.868164 0.351562 0.005859 0.003906
1 0.020508 0.350586 0.001953 0.001953
0 0.608398 0.348633 0.001953 0.001953
1 0.874023 0.346680 0.001953 0.001953
1 0.581055 0.346680 0.001953 0.001953
0 0.629883 0.347656 0.005859 0.007812
1 0.538086 0.344727 0.001953 0.001953
1 0.526367 0.344727 0.001953 0.001953
1 0.018555 0.344727 0.001953 0.001953
1 0.038086 0.367188 0.033203 0.050781
1 0.301758 0.340820 0.001953 0.001953
1 0.579102 0.339844 0.001953 0.003906
0 0.354492 0.338867 0.001953 0.001953
1 0.894531 0.339844 0.015625 0.007812
1 0.558594 0.350586 0.035156 0.029297
1 0.038086 0.336914 0.005859 0.001953
1 0.810547 0.338867 0.007812 0.009766
1 0.266602 0.334961 0.001953 0.001953
0 0.337891 0.338867 0.011719 0.017578
1 0.457031 0.333984 0.011719 0.011719
1 0.206055 0.329102 0.001953 0.001953
0 0.916016 0.327148 0.003906 0.001953
1 0.603516 0.327148 0.003906 0.001953
1 0.506836 0.331055 0.017578 0.009766
1 0.953125 0.362305 0.093750 0.076172
0 0.610352 0.325195 0.001953 0.001953
1 0.112305 0.325195 0.001953 0.001953
1 0.004883 0.328125 0.009766 0.011719
0 0.999023 0.322266 0.001953 0.003906
1 0.134766 0.323242 0.007812 0.005859
1 0.263672 0.325195 0.011719 0.013672
1 0.799805 0.313477 0.001953 0.001953
0 0.600586 0.313477 0.001953 0.001953
1 0.156250 0.319336 0.015625 0.013672
1 0.048828 0.313477 0.003906 0.005859
1 0.043945 0.311523 0.001953 0.001953
0 0.854492 0.309570 0.001953 0.001953
1 0.110352 0.307617 0.001953 0.001953
1 0.377930 0.305664 0.001953 0.001953
0 0.848633 0.303711 0.001953 0.001953
0 0.305664 0.295898 0.001953 0.001953
1 0.466797 0.305664 0.031250 0.033203
1 0.288086 0.320312 0.029297 0.062500
0 0.618164 0.288086 0.001953 0.001953
0 0.337891 0.289062 0.003906 0.003906
1 0.459961 0.286133 0.001953 0.001953
1 0.239258 0.296875 0.013672 0.023438
1 0.251953 0.289062 0.011719 0.011719
0 0.208984 0.285156 0.007812 0.003906
0 0.618164 0.280273 0.001953 0.001953
0 0.610352 0.281250 0.001953 0.003906
1 0.456055 0.280273 0.001953 0.001953
0 0.270508 0.278320 0.001953 0.001953
0 0.152344 0.279297 0.003906 0.003906
0 0.243164 0.279297 0.005859 0.007812
1 0.624023 0.274414 0.001953 0.001953
0 0.614258 0.273438 0.001953 0.003906
0 0.618164 0.271484 0.001953 0.003906
0 0.610352 0.270508 0.001953 0.001953
0 0.287109 0.271484 0.003906 0.003906
0 0.147461 0.270508 0.001953 0.001953
1 0.051758 0.268555 0.001953 0.001953
1 0.043945 0.270508 0.005859 0.005859
1 0.624023 0.266602 0.001953 0.001953
0 0.138672 0.263672 0.003906 0.003906
0 0.113281 0.262695 0.007812 0.001953
1 0.731445 0.256836 0.001953 0.001953
1 0.045898 0.256836 0.001953 0.001953
1 0.465820 0.252930 0.001953 0.001953
0 0.165039 0.252930 0.001953 0.001953
1 0.734375 0.251953 0.003906 0.003906
0 0.223633 0.250977 0.001953 0.001953
0 0.099609 0.254883 0.007812 0.009766
0 0.151367 0.247070 0.001953 0.001953
1 0.026367 0.245117 0.001953 0.001953
0 0.030273 0.243164 0.001953 0.001953
0 0.034180 0.241211 0.001953 0.001953
1 0.021484 0.261719 0.042969 0.042969
0 0.160156 0.248047 0.019531 0.019531
0 0.151367 0.239258 0.001953 0.001953
0 0.264648 0.237305 0.001953 0.001953
1 0.533203 0.246094 0.015625 0.027344
1 0.072266 0.235352 0.003906 0.005859
0 0.267578 0.228516 0.003906 0.003906
1 0.068359 0.228516 0.003906 0.003906
1 0.101562 0.229492 0.054688 0.021484
0 0.032227 0.219727 0.001953 0.001953
1 0.963867 0.213867 0.001953 0.001953
1 0.911133 0.221680 0.013672 0.017578
1 0.958984 0.209961 0.003906 0.005859
0 0.013672 0.216797 0.027344 0.023438
1 0.036133 0.202148 0.001953 0.001953
1 0.752930 0.198242 0.001953 0.001953
1 0.635742 0.198242 0.001953 0.001953
1 0.991211 0.191406 0.005859 0.003906
1 0.038086 0.192383 0.009766 0.005859
1 0.426758 0.185547 0.001953 0.003906
1 0.618164 0.182617 0.001953 0.001953
1 0.613281 0.180664 0.003906 0.005859
1 0.565430 0.176758 0.001953 0.001953
1 0.426758 0.175781 0.005859 0.003906
1 0.647461 0.176758 0.013672 0.009766
1 0.558594 0.171875 0.007812 0.011719
1 0.444336 0.185547 0.037109 0.046875
1 0.786133 0.161133 0.001953 0.005859
1 0.563477 0.157227 0.001953 0.001953
1 0.604492 0.158203 0.001953 0.007812
1 0.844727 0.153320 0.001953 0.001953
1 0.616211 0.165039 0.017578 0.029297
1 0.546875 0.152344 0.003906 0.003906
1 0.466797 0.155273 0.003906 0.009766
1 0.846680 0.149414 0.001953 0.001953
1 0.560547 0.150391 0.003906 0.003906
1 0.461914 0.149414 0.001953 0.001953
0 0.936523 0.148438 0.005859 0.003906
0 0.467773 0.147461 0.001953 0.001953
1 0.934570 0.143555 0.001953 0.001953
1 0.448242 0.143555 0.001953 0.001953
1 0.930664 0.141602 0.001953 0.001953
1 0.557617 0.141602 0.001953 0.001953
1 0.616211 0.142578 0.005859 0.011719
1 0.545898 0.141602 0.009766 0.013672
1 0.541992 0.135742 0.001953 0.001953
1 0.834961 0.135742 0.005859 0.005859
0 0.858398 0.131836 0.001953 0.001953
1 0.829102 0.131836 0.001953 0.001953
1 0.655273 0.131836 0.005859 0.001953
1 0.704102 0.125977 0.001953 0.001953
0 0.640625 0.125977 0.003906 0.001953
1 0.708008 0.120117 0.001953 0.001953
0 0.868164 0.119141 0.005859 0.003906
1 0.797852 0.118164 0.001953 0.001953
1 0.787109 0.124023 0.011719 0.021484
1 0.704102 0.114258 0.001953 0.001953
1 0.475586 0.119141 0.029297 0.011719
1 0.834961 0.112305 0.001953 0.001953
1 0.678711 0.125977 0.044922 0.033203
0 0.550781 0.108398 0.003906 0.001953
1 0.829102 0.106445 0.001953 0.001953
1 0.485352 0.106445 0.001953 0.001953
0 0.874023 0.104492 0.001953 0.001953
1 0.926758 0.101562 0.001953 0.003906
1 0.772461 0.104492 0.001953 0.009766
0 0.684570 0.100586 0.001953 0.005859
0 0.854492 0.095703 0.001953 0.003906
1 0.781250 0.096680 0.011719 0.017578
1 0.807617 0.109375 0.037109 0.050781
0 0.850586 0.083008 0.001953 0.001953
1 0.795898 0.083008 0.001953 0.001953
0 0.601562 0.096680 0.031250 0.029297
0 0.803711 0.081055 0.001953 0.001953
1 0.785156 0.079102 0.007812 0.005859
1 0.889648 0.091797 0.013672 0.035156
1 0.815430 0.077148 0.001953 0.005859
0 0.878906 0.081055 0.003906 0.017578
0 0.866211 0.074219 0.005859 0.003906
1 0.706055 0.073242 0.001953 0.001953
1 0.696289 0.083984 0.037109 0.027344
1 0.605469 0.072266 0.003906 0.003906
1 0.251953 0.071289 0.003906 0.001953
1 0.075195 0.071289 0.001953 0.001953
1 0.895508 0.069336 0.001953 0.001953
1 0.458008 0.069336 0.001953 0.001953
1 0.693359 0.068359 0.015625 0.003906
1 0.304688 0.070312 0.015625 0.015625
0 0.659180 0.064453 0.005859 0.007812
1 0.333008 0.061523 0.001953 0.001953
1 0.428711 0.057617 0.001953 0.001953
0 0.009766 0.057617 0.003906 0.001953
1 0.051758 0.055664 0.001953 0.001953
1 0.793945 0.053711 0.001953 0.001953
0 0.665039 0.051758 0.001953 0.001953
1 0.407227 0.051758 0.001953 0.001953
1 0.304688 0.051758 0.003906 0.001953
1 0.799805 0.050781 0.001953 0.003906
1 0.340820 0.049805 0.001953 0.001953
1 0.276367 0.049805 0.001953 0.001953
1 0.795898 0.047852 0.001953 0.001953
0 0.004883 0.045898 0.001953 0.001953
1 0.557617 0.041992 0.001953 0.001953
0 0.061523 0.041016 0.001953 0.003906
1 0.793945 0.038086 0.001953 0.001953
1 0.494141 0.045898 0.019531 0.017578
1 0.328125 0.040039 0.007812 0.005859
1 0.055664 0.038086 0.001953 0.001953
1 0.854492 0.034180 0.001953 0.001953
1 0.409180 0.034180 0.001953 0.001953
1 0.338867 0.034180 0.001953 0.001953
0 0.059570 0.035156 0.001953 0.003906
1 0.752930 0.034180 0.009766 0.005859
1 0.932617 0.030273 0.001953 0.001953
1 0.357422 0.030273 0.003906 0.001953
1 0.471680 0.028320 0.001953 0.001953
1 0.411133 0.030273 0.005859 0.005859
1 0.346680 0.028320 0.001953 0.001953
1 0.356445 0.026367 0.001953 0.001953
1 0.366211 0.026367 0.005859 0.005859
1 0.725586 0.022461 0.001953 0.001953
1 0.710938 0.027344 0.031250 0.011719
0 0.137695 0.020508 0.001953 0.001953
1 0.821289 0.018555 0.001953 0.001953
1 0.209961 0.018555 0.001953 0.001953
1 0.489258 0.019531 0.013672 0.011719
1 0.831055 0.043945 0.056641 0.064453
1 0.739258 0.012695 0.001953 0.001953
1 0.470703 0.011719 0.003906 0.003906
1 0.464844 0.013672 0.003906 0.007812
1 0.595703 0.008789 0.003906 0.001953
0 0.116211 0.008789 0.001953 0.001953
1 0.852539 0.004883 0.001953 0.001953
1 0.926758 0.014648 0.025391 0.025391
1 0.860352 0.002930 0.001953 0.001953
0 0.112305 0.002930 0.001953 0.001953
1 0.994141 0.013672 0.011719 0.027344
1 0.847656 0.001953 0.019531 0.003906
1 0.832031 0.001953 0.007812 0.003906
1 0.776367 0.014648 0.076172 0.029297
0 0.584961 0.006836 0.021484 0.013672
1 0.416016 0.000977 0.023438 0.001953
1 0.277344 0.000977 0.007812 0.001953
1 0.346680 0.211914 0.693359 0.423828
0 0.161133 0.003906 0.005859 0.007812
0 0.129883 0.006836 0.021484 0.013672
1 0.039062 0.031250 0.078125 0.062500
3 0.006836 0.926758 0.001953 0.001953
3 0.995117 0.388672 0.009766 0.003906
3 0.991211 0.383789 0.001953 0.001953
3 0.403320 0.381836 0.001953 0.001953
2 0.375977 0.375977 0.001953 0.001953
3 0.997070 0.376953 0.005859 0.015625
3 0.399414 0.366211 0.001953 0.001953
3 0.933594 0.336914 0.003906 0.001953
2 0.362305 0.311523 0.001953 0.001953
3 0.000977 0.274414 0.001953 0.001953
3 0.007812 0.262695 0.015625 0.017578
2 0.321289 0.237305 0.001953 0.001953
3 0.251953 0.227539 0.007812 0.001953
3 0.208008 0.216797 0.009766 0.003906
3 0.347656 0.216797 0.019531 0.015625
3 0.247070 0.194336 0.001953 0.001953
3 0.079102 0.186523 0.001953 0.001953
3 0.194336 0.182617 0.009766 0.005859
3 0.082031 0.186523 0.015625 0.013672
3 0.262695 0.157227 0.001953 0.001953
3 0.139648 0.149414 0.001953 0.001953
3 0.147461 0.147461 0.001953 0.001953
3 0.151367 0.145508 0.001953 0.001953
3 0.267578 0.169922 0.050781 0.054688
3 0.202148 0.143555 0.001953 0.001953
3 0.145508 0.143555 0.001953 0.001953
3 0.058594 0.146484 0.015625 0.011719
3 0.045898 0.141602 0.001953 0.001953
3 0.163086 0.126953 0.005859 0.003906
3 0.353516 0.154297 0.050781 0.074219
3 0.317383 0.107422 0.013672 0.007812
3 0.247070 0.098633 0.001953 0.001953
3 0.341797 0.099609 0.031250 0.011719
3 0.059570 0.091797 0.001953 0.003906
3 0.399414 0.090820 0.009766 0.005859
3 0.376953 0.092773 0.019531 0.013672
3 0.227539 0.077148 0.001953 0.001953
3 0.411133 0.075195 0.001953 0.001953
3 0.234375 0.075195 0.003906 0.001953
3 0.219727 0.075195 0.001953 0.001953
3 0.157227 0.137695 0.169922 0.126953
3 0.122070 0.073242 0.001953 0.001953
3 0.412109 0.071289 0.003906 0.001953
3 0.104492 0.081055 0.029297 0.021484
3 0.350586 0.059570 0.001953 0.001953
3 0.147461 0.053711 0.001953 0.001953
3 0.143555 0.068359 0.044922 0.035156
3 0.569336 0.049805 0.001953 0.001953
3 0.167969 0.053711 0.011719 0.013672
3 0.153320 0.045898 0.005859 0.001953
3 0.596680 0.036133 0.001953 0.001953
3 0.045898 0.034180 0.001953 0.001953
3 0.027344 0.027344 0.003906 0.003906
2 0.190430 0.024414 0.001953 0.001953
3 0.262695 0.020508 0.001953 0.001953
3 0.228516 0.017578 0.003906 0.003906
3 0.038086 0.023438 0.013672 0.015625
3 0.786133 0.000977 0.001953 0.001953
3 0.778320 0.001953 0.005859 0.003906
3 0.770508 0.001953 0.005859 0.003906
3 0.500000 0.500000 1.000000 1.000000
3 0.310547 0.002930 0.015625 0.005859
3 0.272461 0.011719 0.025391 0.023438
3 0.207031 0.025391 0.035156 0.050781
3 0.093750 0.065430 0.187500 0.130859