1 0.043945 0.999023 0.001953 0.001953
0 0.939453 0.997070 0.003906 0.001953
0 0.932617 0.997070 0.001953 0.001953
0 0.018555 0.997070 0.001953 0.001953
0 0.013672 0.998047 0.003906 0.003906
0 0.014648 0.993164 0.001953 0.001953
0 0.809570 0.988281 0.009766 0.007812
0 0.793945 0.986328 0.017578 0.007812
1 0.946289 0.979492 0.001953 0.001953
0 0.892578 0.980469 0.003906 0.003906
1 0.250977 0.977539 0.001953 0.001953
0 0.928711 0.987305 0.025391 0.025391
0 0.890625 0.974609 0.003906 0.003906
0 0.026367 0.985352 0.037109 0.025391
1 0.899414 0.969727 0.001953 0.001953
0 0.214844 0.982422 0.050781 0.035156
0 0.768555 0.961914 0.005859 0.005859
1 0.249023 0.966797 0.017578 0.015625
0 0.188477 0.946289 0.001953 0.001953
0 0.667969 0.940430 0.003906 0.005859
0 0.665039 0.938477 0.001953 0.001953
1 0.282227 0.931641 0.017578 0.007812
0 0.437500 0.919922 0.003906 0.003906
0 0.362305 0.919922 0.001953 0.003906
0 0.291992 0.915039 0.001953 0.001953
0 0.362305 0.913086 0.001953 0.001953
0 0.293945 0.911133 0.001953 0.001953
0 0.358398 0.909180 0.001953 0.001953
0 0.166992 0.924805 0.158203 0.041016
0 0.184570 0.904297 0.001953 0.003906
1 0.379883 0.895508 0.001953 0.005859
0 0.034180 0.906250 0.068359 0.027344
0 0.153320 0.887695 0.001953 0.001953
0 0.713867 0.903320 0.056641 0.041016
0 0.308594 0.883789 0.003906 0.001953
1 0.188477 0.879883 0.001953 0.001953
0 0.404297 0.875977 0.007812 0.005859
1 0.194336 0.874023 0.001953 0.001953
0 0.814453 0.873047 0.003906 0.003906
0 0.621094 0.875977 0.015625 0.017578
0 0.821289 0.866211 0.001953 0.001953
0 0.815430 0.864258 0.001953 0.001953
0 0.810547 0.866211 0.003906 0.005859
0 0.808594 0.857422 0.003906 0.003906
0 0.273438 0.849609 0.003906 0.003906
0 0.147461 0.848633 0.001953 0.001953
0 0.821289 0.846680 0.001953 0.001953
0 0.184570 0.846680 0.001953 0.001953
0 0.672852 0.852539 0.021484 0.017578
0 0.538086 0.845703 0.005859 0.003906
0 0.797852 0.842773 0.001953 0.001953
0 0.793945 0.842773 0.001953 0.001953
1 0.185547 0.841797 0.003906 0.003906
0 0.278320 0.841797 0.005859 0.007812
0 0.311523 0.848633 0.025391 0.025391
1 0.187500 0.835938 0.003906 0.003906
0 0.104492 0.830078 0.001953 0.003906
0 0.942383 0.829102 0.005859 0.005859
0 0.258789 0.850586 0.060547 0.048828
0 0.145508 0.823242 0.001953 0.001953
0 0.223633 0.813477 0.001953 0.001953
0 0.149414 0.813477 0.001953 0.001953
0 0.821289 0.803711 0.001953 0.001953
0 0.815430 0.801758 0.001953 0.001953
0 0.125000 0.796875 0.007812 0.003906
0 0.130859 0.822266 0.117188 0.058594
0 0.159180 0.793945 0.001953 0.001953
0 0.962891 0.796875 0.011719 0.011719
0 0.208008 0.804688 0.033203 0.027344
0 0.917969 0.790039 0.011719 0.005859
0 0.821289 0.782227 0.001953 0.001953
0 0.864258 0.778320 0.001953 0.001953
0 0.893555 0.786133 0.033203 0.021484
0 0.329102 0.770508 0.001953 0.001953
0 0.819336 0.768555 0.005859 0.005859
0 0.996094 0.763672 0.003906 0.003906
0 0.837891 0.782227 0.042969 0.052734
0 0.987305 0.758789 0.025391 0.021484
0 0.752930 0.749023 0.001953 0.001953
0 0.042969 0.742188 0.007812 0.007812
0 0.174805 0.733398 0.001953 0.001953
0 0.138672 0.734375 0.007812 0.003906
0 0.820312 0.727539 0.003906 0.001953
0 0.834961 0.713867 0.005859 0.005859
0 0.209961 0.709961 0.001953 0.001953
0 0.204102 0.709961 0.001953 0.001953
0 0.843750 0.706055 0.003906 0.001953
0 0.831055 0.706055 0.001953 0.001953
0 0.813477 0.704102 0.001953 0.001953
0 0.897461 0.698242 0.001953 0.001953
0 0.183594 0.712891 0.019531 0.035156
1 0.114258 0.701172 0.013672 0.011719
0 0.896484 0.692383 0.003906 0.001953
0 0.873047 0.690430 0.003906 0.001953
0 0.887695 0.689453 0.009766 0.003906
0 0.850586 0.688477 0.001953 0.001953
0 0.843750 0.688477 0.003906 0.005859
0 0.405273 0.686523 0.001953 0.001953
0 0.916992 0.685547 0.005859 0.003906
0 0.869141 0.686523 0.011719 0.005859
0 0.878906 0.685547 0.003906 0.007812
0 0.833008 0.667969 0.005859 0.003906
0 0.725586 0.665039 0.001953 0.001953
0 0.640625 0.666992 0.011719 0.005859
0 0.968750 0.682617 0.062500 0.048828
1 0.327148 0.660156 0.001953 0.003906
0 0.134766 0.666992 0.015625 0.021484
0 0.077148 0.662109 0.005859 0.011719
0 0.169922 0.644531 0.003906 0.003906
0 0.930664 0.639648 0.013672 0.013672
0 0.298828 0.633789 0.003906 0.001953
1 0.287109 0.633789 0.003906 0.001953
0 0.917969 0.632812 0.003906 0.003906
0 0.913086 0.632812 0.001953 0.003906
0 0.030273 0.631836 0.001953 0.001953
0 0.295898 0.627930 0.001953 0.001953
0 0.161133 0.625977 0.001953 0.001953
1 0.282227 0.620117 0.001953 0.001953
0 0.350586 0.618164 0.001953 0.001953
0 0.481445 0.610352 0.001953 0.001953
0 0.604492 0.608398 0.001953 0.001953
0 0.282227 0.608398 0.001953 0.001953
1 0.125977 0.610352 0.009766 0.005859
0 0.553711 0.606445 0.001953 0.001953
0 0.282227 0.604492 0.001953 0.001953
0 0.394531 0.612305 0.019531 0.021484
0 0.663086 0.624023 0.033203 0.048828
1 0.225586 0.620117 0.044922 0.041016
0 0.047852 0.599609 0.009766 0.011719
0 0.302734 0.590820 0.003906 0.001953
0 0.465820 0.593750 0.017578 0.019531
0 0.204102 0.585938 0.005859 0.003906
0 0.372070 0.583008 0.001953 0.001953
0 0.049805 0.579102 0.001953 0.001953
0 0.410156 0.576172 0.003906 0.003906
0 0.563477 0.569336 0.001953 0.001953
0 0.416992 0.567383 0.001953 0.001953
0 0.413086 0.565430 0.001953 0.001953
0 0.148438 0.584961 0.066406 0.041016
0 0.487305 0.557617 0.001953 0.001953
0 0.349609 0.575195 0.082031 0.041016
0 0.402344 0.564453 0.019531 0.023438
1 0.138672 0.550781 0.011719 0.007812
0 0.291992 0.548828 0.013672 0.011719
1 0.237305 0.543945 0.001953 0.001953
0 0.078125 0.541016 0.003906 0.003906
0 0.089844 0.583008 0.039062 0.091797
0 0.094727 0.534180 0.001953 0.001953
0 0.516602 0.761719 0.642578 0.476562
0 0.499023 0.523438 0.001953 0.003906
1 0.958984 0.532227 0.050781 0.041016
0 0.442383 0.512695 0.001953 0.001953
0 0.999023 0.506836 0.001953 0.001953
0 0.729492 0.507812 0.005859 0.003906
0 0.443359 0.506836 0.003906 0.001953
1 0.892578 0.516602 0.054688 0.025391
0 0.203125 0.504883 0.011719 0.005859
0 0.987305 0.499023 0.001953 0.001953
1 0.871094 0.499023 0.003906 0.001953
1 0.850586 0.497070 0.001953 0.001953
0 0.993164 0.501953 0.013672 0.015625
1 0.870117 0.495117 0.001953 0.001953
0 0.739258 0.493164 0.001953 0.001953
0 0.633789 0.493164 0.001953 0.001953
1 0.475586 0.493164 0.001953 0.001953
1 0.840820 0.492188 0.005859 0.003906
1 0.752930 0.491211 0.001953 0.001953
0 0.476562 0.486328 0.003906 0.003906
0 0.471680 0.485352 0.001953 0.001953
0 0.464844 0.529297 0.062500 0.089844
0 0.648438 0.485352 0.007812 0.005859
1 0.819336 0.481445 0.001953 0.001953
1 0.817383 0.492188 0.029297 0.027344
1 0.751953 0.483398 0.019531 0.009766
0 0.666992 0.479492 0.001953 0.001953
0 0.631836 0.487305 0.021484 0.017578
0 0.617188 0.486328 0.015625 0.015625
0 0.228516 0.541016 0.113281 0.128906
0 0.071289 0.473633 0.001953 0.001953
1 0.250977 0.471680 0.001953 0.001953
1 0.221680 0.469727 0.001953 0.001953
0 0.263672 0.474609 0.011719 0.015625
0 0.672852 0.467773 0.005859 0.009766
0 0.656250 0.470703 0.023438 0.015625
1 0.742188 0.459961 0.003906 0.001953
0 0.673828 0.459961 0.003906 0.001953
1 0.727539 0.469727 0.033203 0.025391
0 0.096680 0.458008 0.001953 0.001953
1 0.032227 0.450195 0.001953 0.001953
0 0.926758 0.448242 0.001953 0.001953
0 0.511719 0.449219 0.003906 0.003906
0 0.633789 0.444336 0.001953 0.001953
0 0.629883 0.444336 0.001953 0.001953
0 0.049805 0.443359 0.001953 0.003906
1 0.698242 0.438477 0.005859 0.001953
1 0.026367 0.438477 0.001953 0.001953
1 0.020508 0.436523 0.001953 0.001953
0 0.604492 0.432617 0.001953 0.001953
0 0.540039 0.430664 0.001953 0.001953
0 0.604492 0.428711 0.005859 0.001953
0 0.071289 0.426758 0.001953 0.001953
0 0.729492 0.424805 0.001953 0.001953
0 0.598633 0.422852 0.001953 0.001953
0 0.628906 0.424805 0.007812 0.009766
0 0.602539 0.420898 0.001953 0.001953
1 0.246094 0.420898 0.003906 0.001953
0 0.738281 0.417969 0.003906 0.003906
1 0.690430 0.415039 0.001953 0.001953
0 0.727539 0.407227 0.001953 0.001953
0 0.561523 0.407227 0.001953 0.001953
0 0.856445 0.455078 0.228516 0.109375
1 0.645508 0.402344 0.001953 0.003906
1 0.626953 0.407227 0.011719 0.013672
0 0.530273 0.401367 0.001953 0.001953
0 0.497070 0.401367 0.001953 0.001953
0 0.702148 0.399414 0.001953 0.001953
1 0.652344 0.397461 0.003906 0.001953
1 0.364258 0.391602 0.001953 0.001953
1 0.234375 0.399414 0.011719 0.017578
1 0.591797 0.388672 0.003906 0.003906
0 0.295898 0.382812 0.001953 0.003906
0 0.068359 0.445312 0.136719 0.128906
1 0.585938 0.377930 0.003906 0.001953
1 0.581055 0.377930 0.001953 0.001953
0 0.286133 0.377930 0.001953 0.001953
0 0.412109 0.376953 0.003906 0.003906
0 0.002930 0.375977 0.005859 0.005859
0 0.713867 0.372070 0.001953 0.001953
0 0.514648 0.372070 0.001953 0.001953
0 0.348633 0.390625 0.033203 0.039062
0 0.394531 0.370117 0.003906 0.001953
0 0.392578 0.388672 0.039062 0.039062
1 0.543945 0.366211 0.001953 0.001953
0 0.272461 0.406250 0.041016 0.082031
1 0.540039 0.364258 0.001953 0.001953
0 0.405273 0.370117 0.013672 0.013672
0 0.568359 0.393555 0.050781 0.064453
0 0.732422 0.360352 0.003906 0.001953
0 0.723633 0.360352 0.001953 0.001953
1 0.541016 0.354492 0.007812 0.005859
0 0.295898 0.365234 0.025391 0.027344
1 0.499023 0.350586 0.001953 0.001953
0 0.492188 0.374023 0.054688 0.060547
0 0.720703 0.341797 0.003906 0.003906
1 0.477539 0.339844 0.021484 0.003906
0 0.282227 0.338867 0.001953 0.001953
0 0.174805 0.337891 0.001953 0.003906
0 0.282227 0.334961 0.001953 0.001953
1 0.471680 0.332031 0.013672 0.007812
0 0.283203 0.326172 0.003906 0.003906
0 0.231445 0.327148 0.013672 0.009766
0 0.309570 0.327148 0.013672 0.013672
0 0.432617 0.313477 0.001953 0.001953
0 0.003906 0.312500 0.003906 0.003906
1 0.463867 0.316406 0.017578 0.015625
0 0.404297 0.325195 0.023438 0.033203
0 0.161133 0.323242 0.033203 0.033203
0 0.054688 0.308594 0.003906 0.003906
0 0.041016 0.306641 0.007812 0.007812
1 0.481445 0.307617 0.009766 0.013672
1 0.456055 0.303711 0.005859 0.005859
0 0.811523 0.294922 0.001953 0.003906
0 0.803711 0.295898 0.005859 0.005859
0 0.909180 0.293945 0.005859 0.005859
0 0.553711 0.290039 0.001953 0.001953
0 0.358398 0.290039 0.001953 0.001953
0 0.013672 0.298828 0.023438 0.027344
0 0.235352 0.282227 0.001953 0.001953
0 0.909180 0.281250 0.005859 0.003906
0 0.833008 0.276367 0.001953 0.001953
0 0.376953 0.283203 0.023438 0.015625
0 0.372070 0.271484 0.005859 0.003906
1 0.416016 0.270508 0.003906 0.005859
1 0.201172 0.268555 0.003906 0.005859
1 0.444336 0.260742 0.001953 0.001953
1 0.226562 0.265625 0.007812 0.011719
1 0.432617 0.258789 0.001953 0.001953
1 0.237305 0.260742 0.005859 0.005859
0 0.878906 0.266602 0.019531 0.025391
0 0.000977 0.262695 0.001953 0.017578
0 0.546875 0.253906 0.003906 0.003906
1 0.368164 0.252930 0.001953 0.001953
0 0.610352 0.329102 0.259766 0.162109
1 0.311523 0.247070 0.001953 0.001953
0 0.372070 0.247070 0.001953 0.005859
1 0.217773 0.247070 0.005859 0.005859
1 0.313477 0.241211 0.001953 0.001953
0 0.369141 0.240234 0.007812 0.003906
0 0.831055 0.254883 0.017578 0.041016
0 0.594727 0.235352 0.001953 0.001953
0 0.555664 0.236328 0.005859 0.003906
1 0.179688 0.239258 0.019531 0.009766
1 0.377930 0.233398 0.001953 0.001953
0 0.141602 0.252930 0.037109 0.044922
0 0.302734 0.265625 0.136719 0.074219
1 0.241211 0.227539 0.001953 0.001953
1 0.250977 0.229492 0.013672 0.009766
1 0.224609 0.230469 0.011719 0.015625
1 0.212891 0.223633 0.003906 0.001953
1 0.346680 0.222656 0.009766 0.003906
0 0.558594 0.219727 0.003906 0.001953
0 0.541992 0.224609 0.009766 0.011719
0 0.225586 0.215820 0.001953 0.001953
0 0.220703 0.214844 0.011719 0.011719
0 0.159180 0.208008 0.001953 0.001953
0 0.558594 0.210938 0.003906 0.011719
0 0.596680 0.204102 0.001953 0.001953
0 0.581055 0.219727 0.033203 0.033203
1 0.446289 0.204102 0.001953 0.001953
0 0.459961 0.201172 0.005859 0.003906
0 0.149414 0.200195 0.001953 0.001953
0 0.758789 0.198242 0.001953 0.001953
0 0.434570 0.196289 0.001953 0.001953
1 0.817383 0.190430 0.001953 0.001953
0 0.475586 0.190430 0.001953 0.001953
0 0.475586 0.185547 0.001953 0.003906
0 0.215820 0.182617 0.001953 0.001953
0 0.049805 0.178711 0.001953 0.001953
0 0.042969 0.176758 0.007812 0.005859
0 0.862305 0.170898 0.001953 0.001953
1 0.405273 0.170898 0.001953 0.001953
0 0.345703 0.172852 0.011719 0.009766
0 0.067383 0.168945 0.001953 0.001953
1 0.410156 0.223633 0.085938 0.115234
0 0.455078 0.180664 0.035156 0.033203
0 0.310547 0.166992 0.007812 0.005859
0 0.492188 0.166016 0.011719 0.007812
1 0.406250 0.162109 0.003906 0.003906
0 0.061523 0.161133 0.001953 0.001953
0 0.778320 0.159180 0.001953 0.001953
0 0.586914 0.159180 0.001953 0.001953
0 0.316406 0.160156 0.003906 0.007812
0 0.586914 0.155273 0.001953 0.001953
1 0.077148 0.153320 0.005859 0.005859
0 0.053711 0.157227 0.017578 0.017578
1 0.397461 0.147461 0.001953 0.001953
1 0.604492 0.144531 0.001953 0.003906
0 0.503906 0.144531 0.003906 0.003906
0 0.784180 0.211914 0.080078 0.142578
0 0.494141 0.146484 0.011719 0.015625
1 0.381836 0.137695 0.001953 0.001953
1 0.061523 0.140625 0.013672 0.015625
1 0.376953 0.133789 0.007812 0.005859
0 0.185547 0.167969 0.125000 0.082031
0 0.229492 0.122070 0.001953 0.001953
0 0.398438 0.122070 0.003906 0.009766
1 0.607422 0.126953 0.035156 0.027344
0 0.783203 0.113281 0.003906 0.003906
0 0.786133 0.105469 0.001953 0.003906
0 0.537109 0.108398 0.011719 0.009766
0 0.788086 0.100586 0.001953 0.001953
0 0.779297 0.100586 0.007812 0.009766
1 0.064453 0.094727 0.003906 0.001953
1 0.063477 0.090820 0.001953 0.001953
0 0.231445 0.083008 0.001953 0.001953
1 0.407227 0.081055 0.001953 0.001953
1 0.395508 0.081055 0.001953 0.001953
1 0.402344 0.079102 0.003906 0.001953
1 0.831055 0.077148 0.001953 0.001953
1 0.095703 0.086914 0.054688 0.021484
0 0.607422 0.080078 0.015625 0.011719
1 0.170898 0.071289 0.001953 0.001953
1 0.831055 0.067383 0.001953 0.001953
1 0.499023 0.067383 0.001953 0.001953
1 0.163086 0.071289 0.009766 0.013672
1 0.487305 0.063477 0.001953 0.001953
1 0.467773 0.079102 0.021484 0.033203
1 0.503906 0.063477 0.007812 0.005859
0 0.769531 0.069336 0.019531 0.033203
0 0.193359 0.053711 0.007812 0.009766
0 0.759766 0.048828 0.003906 0.003906
0 0.286133 0.043945 0.001953 0.001953
0 0.282227 0.041992 0.001953 0.001953
0 0.766602 0.044922 0.005859 0.011719
0 0.875977 0.039062 0.005859 0.003906
1 0.797852 0.038086 0.001953 0.001953
0 0.741211 0.038086 0.001953 0.001953
0 0.286133 0.036133 0.001953 0.001953
0 0.297852 0.032227 0.001953 0.001953
1 0.808594 0.036133 0.015625 0.013672
0 0.055664 0.028320 0.001953 0.001953
1 0.795898 0.024414 0.001953 0.001953
1 0.791992 0.024414 0.001953 0.001953
1 0.002930 0.024414 0.001953 0.001953
0 0.048828 0.024414 0.007812 0.009766
1 0.542969 0.037109 0.078125 0.042969
0 0.069336 0.014648 0.001953 0.001953
1 0.811523 0.010742 0.001953 0.001953
0 0.618164 0.025391 0.033203 0.031250
0 0.077148 0.008789 0.001953 0.005859
0 0.095703 0.005859 0.003906 0.003906
0 0.841797 0.090820 0.078125 0.181641
1 0.741211 0.010742 0.044922 0.021484
0 0.694336 0.013672 0.044922 0.027344
1 0.342773 0.072266 0.138672 0.144531
0 0.108398 0.001953 0.009766 0.003906
0 0.085938 0.000977 0.003906 0.001953
2 0.291992 0.993164 0.001953 0.001953
2 0.936523 0.987305 0.001953 0.001953
2 0.383789 0.926758 0.001953 0.001953
2 0.377930 0.926758 0.005859 0.001953
2 0.409180 0.902344 0.001953 0.003906
2 0.352539 0.901367 0.001953 0.001953
2 0.311523 0.901367 0.001953 0.001953
2 0.305664 0.900391 0.001953 0.003906
2 0.413086 0.897461 0.001953 0.001953
2 0.312500 0.896484 0.003906 0.003906
2 0.422852 0.790039 0.001953 0.001953
2 0.422852 0.786133 0.001953 0.001953
2 0.657227 0.766602 0.001953 0.001953
2 0.424805 0.769531 0.001953 0.007812
2 0.454102 0.764648 0.001953 0.001953
3 0.380859 0.766602 0.003906 0.005859
2 0.448242 0.760742 0.001953 0.001953
2 0.553711 0.745117 0.001953 0.001953
2 0.573242 0.741211 0.001953 0.001953
2 0.562500 0.739258 0.003906 0.001953
2 0.384766 0.746094 0.042969 0.035156
3 0.590820 0.720703 0.009766 0.003906
2 0.237305 0.717773 0.001953 0.001953
2 0.693359 0.708984 0.003906 0.003906
2 0.492188 0.776367 0.203125 0.138672
2 0.699219 0.706055 0.003906 0.009766
2 0.694336 0.694336 0.001953 0.001953
2 0.634766 0.716797 0.101562 0.050781
2 0.689453 0.689453 0.015625 0.003906
2 0.497070 0.684570 0.001953 0.001953
2 0.493164 0.684570 0.001953 0.001953
2 0.399414 0.684570 0.001953 0.001953
2 0.387695 0.677734 0.001953 0.003906
2 0.670898 0.666992 0.001953 0.001953
2 0.326172 0.643555 0.003906 0.001953
2 0.344727 0.641602 0.001953 0.005859
2 0.340820 0.627930 0.001953 0.001953
2 0.297852 0.622070 0.001953 0.001953
2 0.129883 0.506836 0.001953 0.001953
2 0.061523 0.430664 0.001953 0.001953
2 0.032227 0.416016 0.001953 0.003906
3 0.821289 0.163086 0.001953 0.001953
3 0.817383 0.151367 0.001953 0.001953
2 0.856445 0.124023 0.001953 0.001953
2 0.858398 0.097656 0.001953 0.003906
2 0.858398 0.092773 0.001953 0.001953
2 0.859375 0.036133 0.003906 0.001953
2 0.686523 0.020508 0.001953 0.001953
3 0.821289 0.018555 0.001953 0.001953
3 0.817383 0.018555 0.001953 0.001953
3 0.836914 0.002930 0.001953 0.001953
3 0.731445 0.000977 0.001953 0.001953
2 0.690430 0.000977 0.001953 0.001953
2 0.500000 0.500000 1.000000 1.000000