0 0.651367 0.999023 0.001953 0.001953
0 0.641602 0.999023 0.001953 0.001953
1 0.434570 0.999023 0.001953 0.001953
1 0.438477 0.998047 0.001953 0.003906
1 0.076172 0.997070 0.007812 0.005859
0 0.651367 0.993164 0.001953 0.001953
0 0.594727 0.992188 0.001953 0.003906
0 0.553711 0.991211 0.001953 0.001953
1 0.268555 0.991211 0.001953 0.001953
1 0.493164 0.992188 0.013672 0.007812
1 0.088867 0.989258 0.001953 0.001953
1 0.084961 0.989258 0.001953 0.001953
0 0.590820 0.987305 0.001953 0.001953
0 0.536133 0.993164 0.013672 0.013672
1 0.701172 0.982422 0.007812 0.003906
0 0.637695 0.982422 0.005859 0.003906
1 0.262695 0.982422 0.005859 0.007812
1 0.246094 0.973633 0.007812 0.013672
1 0.583984 0.967773 0.003906 0.005859
1 0.148438 0.966797 0.007812 0.007812
1 0.848633 0.963867 0.009766 0.005859
0 0.158203 0.957031 0.007812 0.007812
0 0.084961 0.956055 0.005859 0.005859
0 0.079102 0.952148 0.001953 0.001953
0 0.598633 0.955078 0.009766 0.011719
1 0.579102 0.953125 0.009766 0.007812
0 0.086914 0.950195 0.001953 0.001953
0 0.491211 0.963867 0.029297 0.037109
1 0.424805 0.946289 0.001953 0.001953
0 0.577148 0.944336 0.001953 0.001953
1 0.452148 0.946289 0.009766 0.005859
0 0.083984 0.945312 0.003906 0.003906
0 0.625000 0.967773 0.078125 0.052734
0 0.639648 0.952148 0.017578 0.021484
1 0.357422 0.943359 0.003906 0.003906
0 0.163086 0.944336 0.005859 0.009766
0 0.608398 0.936523 0.001953 0.001953
0 0.082031 0.937500 0.003906 0.003906
1 0.319336 0.938477 0.013672 0.009766
0 0.567383 0.924805 0.009766 0.005859
0 0.741211 0.922852 0.001953 0.005859
0 0.373047 0.921875 0.019531 0.007812
0 0.565430 0.916992 0.005859 0.001953
1 0.805664 0.921875 0.005859 0.015625
0 0.092773 0.911133 0.001953 0.001953
0 0.003906 0.912109 0.003906 0.003906
0 0.903320 0.921875 0.033203 0.027344
0 0.601562 0.915039 0.011719 0.013672
0 0.588867 0.910156 0.001953 0.003906
0 0.576172 0.913086 0.007812 0.013672
0 0.014648 0.909180 0.009766 0.005859
0 0.916992 0.903320 0.001953 0.001953
0 0.375000 0.906250 0.015625 0.007812
1 0.115234 0.910156 0.019531 0.015625
0 0.440430 0.904297 0.009766 0.007812
1 0.153320 0.903320 0.005859 0.005859
1 0.145508 0.899414 0.001953 0.001953
0 0.079102 0.923828 0.029297 0.050781
0 0.768555 0.897461 0.001953 0.001953
0 0.717773 0.898438 0.001953 0.003906
0 0.713867 0.897461 0.001953 0.001953
0 0.628906 0.902344 0.011719 0.011719
0 0.558594 0.899414 0.003906 0.005859
1 0.991211 0.891602 0.001953 0.001953
0 0.473633 0.891602 0.001953 0.001953
0 0.375000 0.896484 0.027344 0.011719
0 0.567383 0.899414 0.013672 0.021484
0 0.652344 0.893555 0.011719 0.013672
0 0.611328 0.900391 0.007812 0.027344
0 0.929688 0.883789 0.003906 0.001953
0 0.458984 0.882812 0.003906 0.003906
1 0.673828 0.883789 0.007812 0.009766
0 0.712891 0.873047 0.003906 0.003906
0 0.706055 0.874023 0.005859 0.005859
0 0.588867 0.872070 0.001953 0.001953
0 0.700195 0.870117 0.001953 0.001953
0 0.604492 0.870117 0.001953 0.001953
0 0.598633 0.870117 0.001953 0.001953
0 0.316406 0.872070 0.007812 0.005859
0 0.782227 0.877930 0.025391 0.021484
0 0.795898 0.866211 0.005859 0.001953
1 0.706055 0.866211 0.001953 0.001953
0 0.436523 0.875977 0.025391 0.029297
0 0.787109 0.859375 0.003906 0.003906
1 0.374023 0.858398 0.001953 0.001953
0 0.439453 0.857422 0.011719 0.011719
1 0.593750 0.852539 0.003906 0.005859
1 0.319336 0.850586 0.001953 0.001953
0 0.071289 0.850586 0.005859 0.001953
1 0.602539 0.850586 0.005859 0.005859
0 0.954102 0.846680 0.001953 0.001953
0 0.929688 0.868164 0.046875 0.044922
1 0.696289 0.846680 0.013672 0.009766
0 0.516602 0.842773 0.001953 0.001953
1 0.242188 0.845703 0.003906 0.007812
0 0.813477 0.840820 0.001953 0.001953
0 0.768555 0.838867 0.001953 0.001953
1 0.251953 0.847656 0.015625 0.019531
0 0.758789 0.836914 0.001953 0.001953
0 0.040039 0.836914 0.001953 0.001953
1 0.975586 0.836914 0.005859 0.005859
1 0.664062 0.845703 0.023438 0.027344
0 0.534180 0.837891 0.009766 0.011719
0 0.856445 0.831055 0.001953 0.001953
0 0.540039 0.829102 0.001953 0.001953
1 0.291016 0.831055 0.003906 0.005859
0 0.626953 0.857422 0.046875 0.066406
1 0.335938 0.837891 0.023438 0.027344
0 0.042969 0.846680 0.062500 0.044922
1 0.653320 0.819336 0.001953 0.001953
1 0.633789 0.819336 0.001953 0.001953
0 0.833008 0.835938 0.044922 0.039062
1 0.637695 0.817383 0.001953 0.001953
0 0.540039 0.817383 0.001953 0.001953
1 0.422852 0.817383 0.001953 0.001953
0 0.099609 0.817383 0.003906 0.001953
0 0.852539 0.816406 0.001953 0.003906
1 0.918945 0.813477 0.001953 0.001953
1 0.411133 0.813477 0.001953 0.001953
0 0.535156 0.813477 0.003906 0.005859
1 0.635742 0.812500 0.005859 0.007812
0 0.020508 0.807617 0.001953 0.001953
1 0.795898 0.819336 0.013672 0.029297
1 0.197266 0.811523 0.011719 0.013672
0 0.627930 0.807617 0.005859 0.009766
0 0.096680 0.804688 0.009766 0.007812
1 0.647461 0.804688 0.013672 0.015625
1 0.682617 0.796875 0.005859 0.003906
0 0.599609 0.803711 0.019531 0.017578
0 0.542969 0.805664 0.027344 0.021484
1 0.690430 0.795898 0.005859 0.005859
0 0.014648 0.800781 0.013672 0.015625
0 0.622070 0.796875 0.009766 0.011719
1 0.750000 0.811523 0.050781 0.044922
0 0.616211 0.790039 0.001953 0.001953
0 0.032227 0.791992 0.001953 0.005859
0 0.142578 0.791016 0.007812 0.007812
1 0.634766 0.782227 0.003906 0.001953
1 0.410156 0.785156 0.007812 0.007812
1 0.366211 0.785156 0.017578 0.011719
0 0.133789 0.780273 0.001953 0.001953
0 0.123047 0.782227 0.007812 0.005859
0 0.005859 0.784180 0.011719 0.021484
0 0.610352 0.772461 0.001953 0.001953
1 0.864258 0.772461 0.009766 0.009766
0 0.939453 0.775391 0.019531 0.019531
0 0.087891 0.768555 0.003906 0.005859
1 0.752930 0.764648 0.001953 0.001953
1 0.804688 0.761719 0.019531 0.015625
0 0.952148 0.754883 0.009766 0.005859
1 0.748047 0.758789 0.011719 0.013672
1 0.493164 0.758789 0.013672 0.013672
1 0.340820 0.758789 0.001953 0.013672
1 0.073242 0.753906 0.001953 0.003906
0 0.633789 0.750977 0.001953 0.001953
0 0.629883 0.749023 0.001953 0.001953
0 0.573242 0.749023 0.001953 0.001953
0 0.569336 0.749023 0.001953 0.001953
1 0.069336 0.747070 0.001953 0.001953
0 0.579102 0.748047 0.005859 0.007812
0 0.562500 0.747070 0.007812 0.005859
0 0.780273 0.750977 0.013672 0.017578
1 0.743164 0.743164 0.001953 0.001953
1 0.688477 0.750000 0.021484 0.015625
1 0.729492 0.738281 0.005859 0.003906
1 0.761719 0.736328 0.007812 0.007812
0 0.618164 0.743164 0.013672 0.025391
1 0.835938 0.730469 0.007812 0.003906
1 0.829102 0.727539 0.001953 0.001953
0 0.561523 0.728516 0.001953 0.003906
0 0.541992 0.727539 0.001953 0.001953
0 0.580078 0.728516 0.011719 0.007812
0 0.547852 0.723633 0.001953 0.001953
0 0.363281 0.747070 0.039062 0.052734
0 0.692383 0.716797 0.013672 0.007812
1 0.663086 0.709961 0.001953 0.001953
0 0.530273 0.718750 0.029297 0.019531
1 0.654297 0.708008 0.011719 0.005859
1 0.637695 0.703125 0.009766 0.003906
0 0.545898 0.709961 0.025391 0.017578
0 0.499023 0.709961 0.009766 0.017578
0 0.684570 0.698242 0.001953 0.001953
1 0.616211 0.702148 0.005859 0.009766
1 0.197266 0.706055 0.007812 0.017578
0 0.700195 0.701172 0.009766 0.011719
1 0.971680 0.695312 0.005859 0.003906
0 0.682617 0.694336 0.001953 0.001953
1 0.198242 0.692383 0.001953 0.005859
1 0.319336 0.697266 0.013672 0.023438
1 0.193359 0.687500 0.003906 0.003906
1 0.188477 0.684570 0.001953 0.001953
0 0.525391 0.688477 0.019531 0.013672
1 0.280273 0.689453 0.021484 0.015625
1 0.580078 0.686523 0.015625 0.013672
1 0.460938 0.712891 0.070312 0.070312
0 0.688477 0.674805 0.001953 0.001953
0 0.525391 0.669922 0.015625 0.007812
1 0.840820 0.663086 0.005859 0.001953
1 0.846680 0.661133 0.001953 0.001953
1 0.183594 0.654297 0.003906 0.003906
1 0.115234 0.652344 0.007812 0.011719
1 0.131836 0.647461 0.005859 0.005859
1 0.124023 0.643555 0.001953 0.001953
1 0.286133 0.644531 0.017578 0.011719
1 0.130859 0.640625 0.003906 0.003906
0 0.791992 0.647461 0.013672 0.021484
0 0.587891 0.638672 0.007812 0.003906
0 0.503906 0.643555 0.007812 0.013672
1 0.026367 0.636719 0.005859 0.003906
0 0.668945 0.633789 0.001953 0.001953
0 0.417969 0.634766 0.003906 0.007812
0 0.433594 0.642578 0.039062 0.031250
0 0.456055 0.625977 0.001953 0.001953
1 0.149414 0.632812 0.009766 0.015625
1 0.918945 0.627930 0.009766 0.009766
0 0.500977 0.625000 0.005859 0.003906
1 0.020508 0.624023 0.001953 0.001953
1 0.026367 0.618164 0.001953 0.001953
0 0.600586 0.628906 0.037109 0.031250
1 0.022461 0.615234 0.009766 0.011719
0 0.645508 0.610352 0.005859 0.005859
1 0.310547 0.608398 0.007812 0.001953
0 0.686523 0.607422 0.001953 0.003906
0 0.715820 0.647461 0.087891 0.095703
0 0.691406 0.601562 0.003906 0.003906
0 0.620117 0.600586 0.013672 0.005859
0 0.578125 0.602539 0.023438 0.017578
0 0.523438 0.596680 0.003906 0.005859
1 0.041016 0.596680 0.007812 0.005859
0 0.619141 0.592773 0.003906 0.001953
0 0.603516 0.595703 0.015625 0.011719
0 0.526367 0.590820 0.001953 0.001953
0 0.419922 0.596680 0.023438 0.013672
0 0.774414 0.589844 0.001953 0.003906
1 0.940430 0.588867 0.005859 0.005859
1 0.187500 0.588867 0.007812 0.009766
0 0.602539 0.583008 0.001953 0.001953
0 0.592773 0.583984 0.005859 0.003906
0 0.583984 0.587891 0.011719 0.011719
0 0.541016 0.615234 0.058594 0.066406
1 0.186523 0.583008 0.001953 0.001953
0 0.617188 0.582031 0.007812 0.003906
0 0.461914 0.581055 0.001953 0.001953
0 0.590820 0.579102 0.001953 0.001953
0 0.583984 0.578125 0.007812 0.003906
1 0.920898 0.571289 0.001953 0.001953
1 0.261719 0.576172 0.007812 0.011719
1 0.842773 0.577148 0.017578 0.017578
1 0.078125 0.576172 0.015625 0.015625
0 0.664062 0.570312 0.015625 0.015625
1 0.322266 0.564453 0.003906 0.003906
0 0.692383 0.561523 0.001953 0.001953
0 0.762695 0.574219 0.041016 0.035156
1 0.962891 0.557617 0.015625 0.013672
0 0.413086 0.551758 0.005859 0.001953
1 0.950195 0.549805 0.001953 0.001953
0 0.431641 0.555664 0.015625 0.017578
0 0.107422 0.547852 0.003906 0.001953
0 0.815430 0.546875 0.009766 0.003906
1 0.182617 0.543945 0.001953 0.001953
0 0.825195 0.540039 0.001953 0.001953
1 0.266602 0.536133 0.001953 0.001953
0 0.353516 0.547852 0.031250 0.029297
1 0.256836 0.534180 0.001953 0.001953
0 0.139648 0.538086 0.013672 0.009766
0 0.370117 0.530273 0.001953 0.001953
0 0.135742 0.528320 0.001953 0.001953
0 0.077148 0.530273 0.005859 0.005859
0 0.801758 0.532227 0.033203 0.013672
0 0.817383 0.524414 0.001953 0.001953
1 0.307617 0.526367 0.005859 0.005859
1 0.214844 0.532227 0.050781 0.017578
1 0.184570 0.524414 0.005859 0.005859
1 0.030273 0.528320 0.017578 0.013672
0 0.123047 0.523438 0.019531 0.011719
0 0.377930 0.520508 0.005859 0.009766
1 0.512695 0.517578 0.009766 0.011719
0 0.804688 0.513672 0.019531 0.011719
1 0.170898 0.514648 0.017578 0.013672
0 0.630859 0.530273 0.050781 0.048828
0 0.637695 0.497070 0.001953 0.001953
0 0.624023 0.497070 0.001953 0.001953
1 0.872070 0.495117 0.001953 0.001953
1 0.866211 0.495117 0.001953 0.001953
0 0.637695 0.487305 0.001953 0.001953
0 0.633789 0.487305 0.001953 0.001953
1 0.488281 0.488281 0.003906 0.003906
1 0.850586 0.483398 0.001953 0.001953
1 0.909180 0.483398 0.001953 0.005859
1 0.905273 0.481445 0.001953 0.001953
1 0.903320 0.475586 0.001953 0.001953
0 0.401367 0.469727 0.001953 0.001953
0 0.376953 0.486328 0.046875 0.039062
0 0.410156 0.466797 0.003906 0.003906
0 0.391602 0.461914 0.001953 0.001953
0 0.163086 0.461914 0.009766 0.009766
0 0.163086 0.454102 0.001953 0.001953
1 0.359375 0.462891 0.039062 0.023438
0 0.162109 0.447266 0.007812 0.003906
1 0.834961 0.447266 0.009766 0.007812
1 0.715820 0.447266 0.013672 0.011719
1 0.181641 0.450195 0.011719 0.017578
0 0.706055 0.438477 0.001953 0.001953
1 0.182617 0.434570 0.001953 0.001953
1 0.065430 0.433594 0.001953 0.003906
1 0.539062 0.438477 0.015625 0.017578
0 0.698242 0.428711 0.001953 0.001953
1 0.118164 0.426758 0.001953 0.001953
0 0.592773 0.431641 0.009766 0.015625
1 0.114258 0.424805 0.001953 0.001953
0 0.610352 0.422852 0.001953 0.005859
0 0.598633 0.422852 0.009766 0.005859
0 0.553711 0.420898 0.001953 0.001953
0 0.694336 0.418945 0.001953 0.001953
0 0.690430 0.418945 0.001953 0.001953
0 0.605469 0.418945 0.003906 0.001953
0 0.698242 0.416992 0.001953 0.001953
0 0.610352 0.416992 0.001953 0.001953
1 0.475586 0.416016 0.005859 0.003906
0 0.553711 0.413086 0.001953 0.001953
1 0.486328 0.414062 0.007812 0.007812
1 0.247070 0.418945 0.013672 0.017578
0 0.853516 0.415039 0.015625 0.013672
1 0.479492 0.409180 0.001953 0.001953
0 0.698242 0.409180 0.001953 0.005859
1 0.344727 0.407227 0.001953 0.001953
1 0.231445 0.401367 0.001953 0.001953
1 0.076172 0.450195 0.109375 0.099609
0 0.356445 0.404297 0.025391 0.011719
0 0.692383 0.403320 0.013672 0.013672
1 0.785156 0.402344 0.023438 0.015625
1 0.421875 0.398438 0.003906 0.007812
0 0.851562 0.396484 0.007812 0.007812
1 0.683594 0.395508 0.007812 0.005859
1 0.856445 0.387695 0.001953 0.001953
0 0.299805 0.385742 0.001953 0.001953
1 0.116211 0.385742 0.001953 0.001953
1 0.155273 0.379883 0.005859 0.001953
1 0.888672 0.378906 0.003906 0.003906
1 0.577148 0.380859 0.005859 0.007812
1 0.459961 0.381836 0.033203 0.013672
0 0.286133 0.380859 0.025391 0.015625
1 0.176758 0.375000 0.005859 0.003906
0 0.187500 0.373047 0.003906 0.007812
1 0.430664 0.371094 0.005859 0.007812
0 0.264648 0.369141 0.005859 0.003906
1 0.190430 0.366211 0.001953 0.001953
1 0.737305 0.366211 0.005859 0.005859
0 0.260742 0.355469 0.009766 0.007812
0 0.276367 0.356445 0.021484 0.025391
1 0.954102 0.343750 0.001953 0.003906
1 0.208008 0.352539 0.025391 0.021484
1 0.028320 0.343750 0.001953 0.003906
0 0.353516 0.341797 0.003906 0.003906
0 0.664062 0.338867 0.007812 0.001953
0 0.286133 0.338867 0.001953 0.001953
1 0.979492 0.351562 0.041016 0.031250
0 0.348633 0.334961 0.001953 0.001953
0 0.268555 0.334961 0.005859 0.005859
0 0.668945 0.333008 0.005859 0.005859
0 0.270508 0.324219 0.001953 0.003906
0 0.858398 0.313477 0.001953 0.001953
1 0.138672 0.354492 0.062500 0.087891
1 0.902344 0.316406 0.007812 0.015625
1 0.865234 0.310547 0.007812 0.003906
1 0.063477 0.309570 0.001953 0.001953
0 0.649414 0.308594 0.001953 0.003906
0 0.376953 0.308594 0.003906 0.003906
0 0.680664 0.305664 0.005859 0.005859
1 0.246094 0.335938 0.039062 0.070312
1 0.313477 0.297852 0.001953 0.001953
1 0.318359 0.295898 0.003906 0.005859
1 0.257812 0.292969 0.003906 0.003906
1 0.032227 0.304688 0.064453 0.035156
0 0.369141 0.304688 0.031250 0.039062
0 0.236328 0.286133 0.003906 0.001953
0 0.206055 0.286133 0.001953 0.001953
0 0.085938 0.284180 0.003906 0.001953
1 0.000977 0.284180 0.001953 0.001953
0 0.092773 0.282227 0.001953 0.001953
0 0.660156 0.292969 0.023438 0.027344
0 0.819336 0.286133 0.013672 0.021484
1 0.000977 0.278320 0.001953 0.005859
0 0.834961 0.275391 0.001953 0.003906
0 0.996094 0.271484 0.007812 0.003906
0 0.219727 0.271484 0.001953 0.003906
1 0.817383 0.262695 0.001953 0.001953
0 0.990234 0.263672 0.019531 0.007812
0 0.219727 0.262695 0.009766 0.005859
1 0.054688 0.260742 0.003906 0.001953
0 0.110352 0.261719 0.009766 0.007812
1 0.053711 0.256836 0.001953 0.001953
0 0.567383 0.266602 0.021484 0.025391
1 0.182617 0.268555 0.041016 0.029297
0 0.211914 0.255859 0.005859 0.007812
0 0.091797 0.265625 0.023438 0.027344
1 0.006836 0.262695 0.013672 0.021484
0 0.551758 0.251953 0.001953 0.003906
1 0.873047 0.251953 0.023438 0.007812
1 0.705078 0.244141 0.003906 0.007812
0 0.207031 0.244141 0.003906 0.007812
1 0.797852 0.266602 0.029297 0.064453
0 0.649414 0.235352 0.001953 0.001953
0 0.204102 0.235352 0.001953 0.001953
1 0.379883 0.238281 0.005859 0.011719
1 0.116211 0.231445 0.001953 0.001953
0 0.958008 0.225586 0.001953 0.001953
1 0.383789 0.225586 0.001953 0.001953
0 0.956055 0.220703 0.005859 0.003906
0 0.643555 0.221680 0.005859 0.005859
1 0.992188 0.220703 0.007812 0.007812
1 0.941406 0.219727 0.003906 0.005859
0 0.666016 0.219727 0.011719 0.009766
1 0.971680 0.213867 0.001953 0.001953
1 0.551758 0.221680 0.009766 0.021484
1 0.432617 0.206055 0.001953 0.001953
0 0.676758 0.196289 0.001953 0.001953
1 0.507812 0.196289 0.003906 0.005859
0 0.643555 0.192383 0.001953 0.001953
0 0.278320 0.211914 0.025391 0.041016
1 0.768555 0.202148 0.017578 0.025391
0 0.663086 0.190430 0.001953 0.001953
1 0.551758 0.195312 0.009766 0.011719
0 0.317383 0.204102 0.017578 0.029297
1 0.221680 0.193359 0.013672 0.015625
1 0.040039 0.216797 0.080078 0.062500
1 0.217773 0.185547 0.001953 0.003906
1 0.128906 0.189453 0.011719 0.011719
1 0.010742 0.182617 0.001953 0.001953
1 0.016602 0.178711 0.001953 0.001953
1 0.210938 0.175781 0.007812 0.003906
1 0.198242 0.170898 0.001953 0.001953
1 0.571289 0.172852 0.013672 0.013672
1 0.571289 0.165039 0.001953 0.001953
0 0.737305 0.164062 0.001953 0.003906
1 0.008789 0.163086 0.001953 0.001953
1 0.522461 0.164062 0.005859 0.007812
1 0.338867 0.160156 0.013672 0.011719
0 0.635742 0.151367 0.005859 0.005859
1 0.359375 0.153320 0.019531 0.013672
1 0.199219 0.157227 0.011719 0.021484
1 0.478516 0.145508 0.003906 0.001953
1 0.005859 0.153320 0.011719 0.017578
1 0.274414 0.143555 0.001953 0.001953
1 0.143555 0.144531 0.009766 0.003906
1 0.059570 0.150391 0.017578 0.019531
1 0.001953 0.141602 0.003906 0.001953
0 0.725586 0.150391 0.021484 0.027344
1 0.268555 0.140625 0.005859 0.007812
1 0.600586 0.125000 0.001953 0.003906
1 0.611328 0.121094 0.015625 0.015625
0 0.559570 0.110352 0.001953 0.001953
1 0.785156 0.107422 0.011719 0.011719
0 0.747070 0.101562 0.009766 0.011719
1 0.878906 0.101562 0.023438 0.019531
0 0.563477 0.092773 0.001953 0.001953
0 0.527344 0.102539 0.066406 0.037109
1 0.220703 0.086914 0.003906 0.005859
0 0.703125 0.135742 0.136719 0.119141
1 0.814453 0.075195 0.003906 0.001953
1 0.540039 0.059570 0.001953 0.001953
0 0.649414 0.057617 0.001953 0.001953
1 0.208984 0.060547 0.007812 0.007812
1 0.938477 0.051758 0.001953 0.001953
1 0.069336 0.051758 0.001953 0.001953
1 0.990234 0.053711 0.019531 0.013672
1 0.483398 0.059570 0.025391 0.025391
1 0.056641 0.049805 0.015625 0.005859
1 0.916016 0.050781 0.007812 0.015625
1 0.912109 0.043945 0.003906 0.001953
1 0.901367 0.034180 0.001953 0.001953
1 0.516602 0.034180 0.001953 0.001953
1 0.504883 0.030273 0.001953 0.001953
1 0.819336 0.026367 0.001953 0.001953
0 0.716797 0.038086 0.035156 0.025391
1 0.851562 0.020508 0.003906 0.001953
1 0.832031 0.022461 0.003906 0.005859
0 0.639648 0.023438 0.009766 0.011719
1 0.843750 0.016602 0.007812 0.001953
1 0.118164 0.016602 0.001953 0.001953
1 0.854492 0.014648 0.001953 0.001953
1 0.841797 0.012695 0.011719 0.005859
1 0.823242 0.010742 0.001953 0.001953
1 0.812500 0.009766 0.003906 0.003906
1 0.846680 0.005859 0.001953 0.003906
1 0.852539 0.007812 0.005859 0.011719
1 0.831055 0.004883 0.025391 0.009766
0 0.720703 0.015625 0.050781 0.031250
0 0.666016 0.010742 0.015625 0.021484
0 0.646484 0.013672 0.023438 0.027344
0 0.627930 0.002930 0.005859 0.005859
0 0.624023 0.027344 0.025391 0.054688
1 0.523438 0.015625 0.031250 0.031250
1 0.502930 0.000977 0.001953 0.001953
1 0.440430 0.037109 0.060547 0.074219
0 0.181641 0.003906 0.019531 0.007812
2 0.537109 0.998047 0.003906 0.003906
3 0.981445 0.344727 0.001953 0.001953
3 0.014648 0.211914 0.001953 0.001953
2 0.651367 0.022461 0.001953 0.001953
2 0.655273 0.020508 0.001953 0.001953
2 0.720703 0.002930 0.031250 0.005859
3 0.500000 0.500000 1.000000 1.000000