0 0.754883 0.999023 0.001953 0.001953
1 0.292969 0.997070 0.003906 0.001953
0 0.758789 0.996094 0.001953 0.003906
0 0.776367 0.991211 0.001953 0.001953
0 0.563477 0.993164 0.013672 0.009766
1 0.267578 0.981445 0.003906 0.001953
0 0.784180 0.983398 0.009766 0.009766
0 0.782227 0.975586 0.001953 0.001953
0 0.609375 0.969727 0.003906 0.001953
0 0.596680 0.967773 0.001953 0.001953
0 0.824219 0.967773 0.003906 0.005859
0 0.249023 0.965820 0.001953 0.001953
0 0.239258 0.966797 0.001953 0.003906
1 0.379883 0.963867 0.001953 0.001953
1 0.284180 0.969727 0.025391 0.029297
0 0.838867 0.960938 0.033203 0.027344
0 0.858398 0.937500 0.005859 0.003906
1 0.375977 0.938477 0.005859 0.005859
0 0.618164 0.935547 0.001953 0.003906
1 0.333008 0.932617 0.009766 0.005859
0 0.627930 0.929688 0.005859 0.007812
0 0.891602 0.922852 0.001953 0.001953
0 0.865234 0.926758 0.019531 0.013672
0 0.879883 0.915039 0.005859 0.001953
0 0.705078 0.913086 0.003906 0.001953
0 0.648438 0.904297 0.003906 0.003906
1 0.892578 0.884766 0.007812 0.007812
0 0.216797 0.866211 0.003906 0.001953
0 0.231445 0.854492 0.005859 0.009766
1 0.193359 0.843750 0.003906 0.003906
0 0.329102 0.838867 0.001953 0.001953
1 0.189453 0.839844 0.007812 0.003906
0 0.174805 0.838867 0.001953 0.001953
0 0.166992 0.836914 0.001953 0.001953
0 0.245117 0.844727 0.021484 0.025391
0 0.155273 0.833008 0.001953 0.001953
0 0.998047 0.828125 0.003906 0.003906
0 0.303711 0.825195 0.001953 0.001953
1 0.159180 0.799805 0.001953 0.001953
0 0.233398 0.787109 0.021484 0.011719
0 0.211914 0.792969 0.013672 0.023438
0 0.153320 0.786133 0.013672 0.021484
0 0.255859 0.772461 0.003906 0.001953
0 0.245117 0.760742 0.025391 0.025391
0 0.249023 0.741211 0.001953 0.001953
1 0.205078 0.737305 0.011719 0.005859
0 0.277344 0.731445 0.003906 0.001953
0 0.260742 0.727539 0.001953 0.001953
0 0.260742 0.735352 0.021484 0.021484
0 0.231445 0.725586 0.001953 0.001953
0 0.149414 0.733398 0.009766 0.021484
1 0.270508 0.726562 0.009766 0.011719
0 0.149414 0.719727 0.001953 0.001953
0 0.239258 0.711914 0.001953 0.001953
1 0.313477 0.704102 0.001953 0.001953
1 0.315430 0.700195 0.001953 0.001953
0 0.186523 0.700195 0.001953 0.001953
0 0.252930 0.701172 0.005859 0.007812
0 0.194336 0.697266 0.009766 0.011719
0 0.188477 0.692383 0.001953 0.001953
0 0.192383 0.688477 0.001953 0.001953
0 0.204102 0.684570 0.001953 0.001953
0 0.243164 0.682617 0.001953 0.001953
0 0.236328 0.683594 0.003906 0.003906
0 0.164062 0.686523 0.011719 0.009766
0 0.154297 0.681641 0.003906 0.003906
0 0.249023 0.674805 0.001953 0.001953
0 0.229492 0.674805 0.001953 0.001953
0 0.255859 0.673828 0.003906 0.003906
0 0.155273 0.672852 0.005859 0.005859
0 0.162109 0.668945 0.003906 0.001953
0 0.198242 0.667969 0.005859 0.003906
0 0.163086 0.665039 0.001953 0.001953
0 0.124023 0.659180 0.001953 0.001953
0 0.224609 0.669922 0.046875 0.027344
0 0.140625 0.666016 0.035156 0.035156
0 0.517578 0.647461 0.003906 0.001953
1 0.415039 0.647461 0.001953 0.001953
0 0.321289 0.639648 0.001953 0.001953
1 0.426758 0.638672 0.001953 0.003906
1 0.207031 0.631836 0.003906 0.001953
0 0.150391 0.631836 0.003906 0.001953
0 0.125977 0.631836 0.001953 0.001953
0 0.220703 0.629883 0.003906 0.005859
0 0.147461 0.627930 0.001953 0.001953
1 0.397461 0.643555 0.048828 0.037109
0 0.209961 0.626953 0.005859 0.003906
1 0.418945 0.624023 0.001953 0.001953
1 0.482422 0.637695 0.027344 0.033203
0 0.192383 0.618164 0.001953 0.001953
0 0.262695 0.616211 0.001953 0.001953
0 0.247070 0.618164 0.009766 0.005859
1 0.196289 0.616211 0.001953 0.001953
0 0.180664 0.616211 0.001953 0.001953
0 0.306641 0.612305 0.003906 0.001953
0 0.266602 0.614258 0.005859 0.005859
0 0.188477 0.612305 0.001953 0.001953
0 0.081055 0.614258 0.013672 0.009766
1 0.977539 0.602539 0.001953 0.001953
0 0.000977 0.567383 0.001953 0.001953
0 0.260742 0.563477 0.001953 0.001953
0 0.172852 0.556641 0.001953 0.007812
0 0.295898 0.551758 0.001953 0.001953
0 0.235352 0.552734 0.009766 0.003906
0 0.279297 0.550781 0.003906 0.003906
0 0.273438 0.550781 0.003906 0.003906
0 0.217773 0.543945 0.001953 0.001953
1 0.061523 0.541992 0.001953 0.001953
0 0.270508 0.540039 0.001953 0.001953
0 0.518555 0.540039 0.001953 0.005859
1 0.072266 0.541016 0.007812 0.007812
0 0.514648 0.536133 0.001953 0.001953
0 0.295898 0.541992 0.017578 0.013672
0 0.282227 0.538086 0.013672 0.017578
0 0.000977 0.521484 0.001953 0.003906
0 0.413086 0.518555 0.001953 0.001953
1 0.310547 0.518555 0.003906 0.001953
0 0.305664 0.518555 0.001953 0.001953
0 0.977539 0.516602 0.001953 0.001953
0 0.646484 0.521484 0.007812 0.011719
0 0.922852 0.514648 0.001953 0.001953
1 0.305664 0.514648 0.001953 0.001953
0 0.649414 0.513672 0.001953 0.003906
0 0.307617 0.510742 0.001953 0.001953
1 0.229492 0.508789 0.001953 0.001953
0 0.886719 0.507812 0.003906 0.007812
0 0.330078 0.516602 0.039062 0.037109
1 0.309570 0.499023 0.001953 0.001953
0 0.212891 0.521484 0.039062 0.046875
0 0.383789 0.493164 0.001953 0.001953
1 0.320312 0.493164 0.003906 0.001953
1 0.314453 0.494141 0.003906 0.003906
1 0.332031 0.491211 0.003906 0.001953
0 0.965820 0.487305 0.001953 0.001953
0 0.424805 0.487305 0.001953 0.001953
1 0.166992 0.488281 0.001953 0.003906
0 0.974609 0.493164 0.011719 0.017578
0 0.441406 0.486328 0.003906 0.003906
0 0.985352 0.479492 0.001953 0.001953
1 0.645508 0.478516 0.005859 0.003906
1 0.197266 0.481445 0.011719 0.017578
0 0.872070 0.469727 0.001953 0.001953
0 0.870117 0.463867 0.001953 0.001953
0 0.594727 0.460938 0.001953 0.003906
0 0.863281 0.459961 0.007812 0.009766
1 0.010742 0.465820 0.021484 0.025391
0 0.260742 0.452148 0.001953 0.001953
0 0.418945 0.448242 0.001953 0.001953
0 0.391602 0.448242 0.001953 0.001953
1 0.346680 0.446289 0.001953 0.001953
0 0.019531 0.450195 0.011719 0.009766
0 0.717773 0.442383 0.001953 0.001953
0 0.590820 0.442383 0.001953 0.001953
0 0.585938 0.442383 0.003906 0.001953
1 0.344727 0.442383 0.001953 0.001953
0 0.723633 0.440430 0.001953 0.001953
0 0.214844 0.440430 0.003906 0.005859
0 0.577148 0.432617 0.001953 0.001953
0 0.852539 0.429688 0.005859 0.007812
0 0.805664 0.426758 0.001953 0.001953
0 0.575195 0.425781 0.001953 0.003906
0 0.579102 0.422852 0.001953 0.001953
0 0.266602 0.418945 0.001953 0.001953
0 0.987305 0.409180 0.001953 0.001953
0 0.274414 0.407227 0.001953 0.001953
0 0.995117 0.405273 0.001953 0.001953
0 0.928711 0.405273 0.001953 0.001953
0 0.922852 0.404297 0.005859 0.003906
0 0.313477 0.406250 0.005859 0.007812
0 0.944336 0.401367 0.001953 0.001953
0 0.270508 0.408203 0.005859 0.015625
0 0.255859 0.426758 0.046875 0.052734
0 0.234375 0.404297 0.003906 0.007812
0 0.979492 0.399414 0.005859 0.005859
0 0.999023 0.395508 0.001953 0.001953
0 0.283203 0.395508 0.007812 0.005859
0 0.180664 0.389648 0.001953 0.001953
1 0.279297 0.389648 0.007812 0.005859
0 0.759766 0.383789 0.003906 0.001953
0 0.311523 0.384766 0.005859 0.007812
1 0.276367 0.381836 0.001953 0.001953
0 0.291992 0.377930 0.001953 0.001953
0 0.617188 0.381836 0.019531 0.013672
0 0.934570 0.374023 0.001953 0.001953
0 0.312500 0.375000 0.003906 0.003906
0 0.608398 0.372070 0.001953 0.001953
0 0.416016 0.369141 0.003906 0.003906
0 0.299805 0.374023 0.013672 0.013672
0 0.284180 0.368164 0.001953 0.001953
0 0.889648 0.366211 0.001953 0.001953
0 0.879883 0.364258 0.001953 0.001953
0 0.428711 0.362305 0.001953 0.001953
0 0.889648 0.360352 0.005859 0.001953
0 0.799805 0.364258 0.025391 0.009766
0 0.419922 0.359375 0.003906 0.003906
0 0.881836 0.356445 0.001953 0.001953
0 0.418945 0.354492 0.001953 0.001953
0 0.896484 0.352539 0.003906 0.001953
1 0.572266 0.351562 0.003906 0.003906
0 0.958008 0.346680 0.001953 0.001953
0 0.904297 0.346680 0.003906 0.001953
0 0.887695 0.350586 0.005859 0.009766
1 0.549805 0.346680 0.001953 0.001953
0 0.947266 0.361328 0.031250 0.035156
0 0.893555 0.345703 0.005859 0.007812
1 0.764648 0.334961 0.001953 0.001953
0 0.436523 0.334961 0.001953 0.001953
0 0.423828 0.333008 0.003906 0.001953
0 0.487305 0.331055 0.001953 0.001953
1 0.721680 0.331055 0.009766 0.009766
0 0.381836 0.334961 0.017578 0.017578
0 0.442383 0.325195 0.001953 0.001953
0 0.457031 0.344727 0.054688 0.044922
0 0.892578 0.318359 0.003906 0.003906
0 0.531250 0.318359 0.003906 0.003906
0 0.502930 0.317383 0.001953 0.001953
0 0.419922 0.317383 0.003906 0.001953
1 0.694336 0.315430 0.001953 0.001953
0 0.405273 0.323242 0.021484 0.021484
0 0.399414 0.313477 0.001953 0.001953
0 0.636719 0.318359 0.019531 0.015625
0 0.216797 0.314453 0.007812 0.007812
0 0.994141 0.312500 0.011719 0.011719
0 0.228516 0.307617 0.003906 0.001953
0 0.960938 0.311523 0.027344 0.013672
0 0.406250 0.306641 0.003906 0.003906
1 0.708984 0.319336 0.035156 0.033203
1 0.668945 0.299805 0.001953 0.001953
1 0.975586 0.297852 0.001953 0.001953
1 0.971680 0.297852 0.001953 0.001953
0 0.447266 0.293945 0.003906 0.001953
1 0.855469 0.295898 0.007812 0.013672
0 0.230469 0.290039 0.015625 0.013672
1 0.997070 0.288086 0.005859 0.013672
1 0.979492 0.291992 0.009766 0.029297
1 0.776367 0.276367 0.001953 0.001953
0 0.395508 0.291992 0.029297 0.033203
1 0.750000 0.285156 0.042969 0.031250
0 0.381836 0.270508 0.001953 0.001953
0 0.376953 0.270508 0.003906 0.001953
0 0.590820 0.387695 0.150391 0.240234
0 0.385742 0.269531 0.001953 0.003906
0 0.918945 0.272461 0.009766 0.013672
1 0.556641 0.271484 0.011719 0.011719
1 0.778320 0.265625 0.005859 0.003906
1 0.948242 0.260742 0.001953 0.001953
1 0.889648 0.260742 0.001953 0.001953
1 0.821289 0.261719 0.005859 0.003906
1 0.850586 0.258789 0.005859 0.001953
1 0.772461 0.258789 0.001953 0.001953
1 0.962891 0.254883 0.003906 0.005859
1 0.772461 0.252930 0.001953 0.001953
0 0.642578 0.261719 0.023438 0.019531
1 0.982422 0.252930 0.011719 0.009766
0 0.254883 0.249023 0.001953 0.001953
0 0.812500 0.249023 0.007812 0.005859
1 0.932617 0.255859 0.037109 0.023438
1 0.887695 0.247070 0.005859 0.005859
1 0.998047 0.243164 0.003906 0.001953
1 0.992188 0.243164 0.003906 0.001953
1 0.195312 0.244141 0.015625 0.007812
0 0.262695 0.240234 0.001953 0.003906
0 0.482422 0.267578 0.070312 0.062500
0 0.372070 0.235352 0.001953 0.001953
0 0.750977 0.233398 0.001953 0.001953
0 0.317383 0.233398 0.001953 0.001953
0 0.225586 0.233398 0.001953 0.001953
0 0.815430 0.226562 0.001953 0.003906
0 0.809570 0.225586 0.001953 0.001953
0 0.756836 0.229492 0.005859 0.009766
0 0.159180 0.233398 0.029297 0.017578
0 0.803711 0.223633 0.001953 0.001953
0 0.812500 0.219727 0.003906 0.001953
0 0.329102 0.217773 0.001953 0.001953
0 0.315430 0.221680 0.025391 0.025391
0 0.250000 0.220703 0.039062 0.027344
0 0.489258 0.203125 0.001953 0.003906
1 0.706055 0.200195 0.001953 0.005859
0 0.508789 0.196289 0.001953 0.001953
0 0.482422 0.197266 0.003906 0.003906
0 0.495117 0.196289 0.005859 0.005859
0 0.510742 0.192383 0.001953 0.001953
0 0.580078 0.188477 0.003906 0.001953
0 0.497070 0.193359 0.017578 0.011719
0 0.587891 0.187500 0.003906 0.003906
0 0.496094 0.184570 0.003906 0.001953
0 0.579102 0.182617 0.001953 0.001953
1 0.900391 0.177734 0.007812 0.003906
1 0.889648 0.176758 0.001953 0.001953
0 0.760742 0.213867 0.095703 0.076172
0 0.494141 0.176758 0.003906 0.001953
0 0.040039 0.170898 0.001953 0.001953
0 0.676758 0.208008 0.060547 0.080078
0 0.625000 0.172852 0.015625 0.009766
0 0.039062 0.161133 0.003906 0.005859
1 0.833008 0.157227 0.001953 0.001953
0 0.116211 0.159180 0.009766 0.005859
0 0.018555 0.167969 0.037109 0.023438
1 0.864258 0.169922 0.037109 0.035156
1 0.840820 0.155273 0.005859 0.005859
1 0.825195 0.151367 0.001953 0.001953
0 0.102539 0.151367 0.001953 0.001953
1 0.840820 0.149414 0.001953 0.001953
1 0.799805 0.149414 0.001953 0.001953
0 0.240234 0.150391 0.003906 0.003906
0 0.237305 0.147461 0.001953 0.001953
0 0.158203 0.148438 0.003906 0.003906
0 0.149414 0.147461 0.001953 0.001953
0 0.103516 0.144531 0.003906 0.003906
0 0.402344 0.141602 0.003906 0.001953
0 0.500000 0.570312 1.000000 0.859375
0 0.074219 0.154297 0.050781 0.027344
0 0.803711 0.140625 0.001953 0.003906
0 0.117188 0.140625 0.007812 0.003906
0 0.279297 0.151367 0.042969 0.029297
0 0.134766 0.148438 0.023438 0.023438
0 0.401367 0.135742 0.001953 0.001953
0 0.024414 0.138672 0.005859 0.007812
0 0.549805 0.168945 0.076172 0.072266
0 0.071289 0.133789 0.001953 0.001953
0 0.060547 0.134766 0.011719 0.003906
0 0.051758 0.133789 0.001953 0.001953
0 0.762695 0.129883 0.001953 0.001953
1 0.329102 0.132812 0.005859 0.007812
0 0.762695 0.122070 0.001953 0.001953
0 0.052734 0.125000 0.007812 0.011719
0 0.155273 0.121094 0.005859 0.007812
0 0.234375 0.110352 0.003906 0.001953
0 0.368164 0.110352 0.021484 0.017578
0 0.780273 0.098633 0.001953 0.001953
0 0.590820 0.096680 0.025391 0.017578
0 0.529297 0.087891 0.003906 0.003906
0 0.614258 0.080078 0.001953 0.003906
0 0.766602 0.069336 0.001953 0.001953
0 0.619141 0.074219 0.011719 0.011719
0 0.055664 0.069336 0.001953 0.001953
0 0.723633 0.067383 0.001953 0.001953
0 0.614258 0.067383 0.001953 0.001953
0 0.077148 0.067383 0.001953 0.001953
0 0.612305 0.060547 0.009766 0.003906
0 0.717773 0.058594 0.005859 0.003906
0 0.709961 0.058594 0.001953 0.003906
0 0.354492 0.057617 0.001953 0.001953
0 0.077148 0.055664 0.001953 0.001953
0 0.682617 0.045898 0.001953 0.001953
0 0.384766 0.024414 0.003906 0.001953
0 0.071289 0.024414 0.001953 0.001953
0 0.284180 0.014648 0.001953 0.001953
0 0.647461 0.033203 0.052734 0.042969
0 0.055664 0.012695 0.001953 0.001953
0 0.283203 0.010742 0.003906 0.001953
0 0.049805 0.008789 0.001953 0.001953
0 0.668945 0.013672 0.009766 0.015625
0 0.451172 0.006836 0.003906 0.001953
0 0.663086 0.005859 0.001953 0.003906
0 0.083008 0.004883 0.001953 0.001953
0 0.393555 0.002930 0.001953 0.001953
0 0.982422 0.067383 0.035156 0.134766
0 0.835938 0.125000 0.328125 0.250000
0 0.585938 0.021484 0.039062 0.042969
0 0.370117 0.005859 0.037109 0.011719
0 0.274414 0.091797 0.548828 0.183594
0 0.063477 0.006836 0.021484 0.013672
0 0.013672 0.009766 0.027344 0.019531
3 0.147461 0.997070 0.001953 0.001953
2 0.002930 0.997070 0.001953 0.001953
3 0.214844 0.994141 0.003906 0.003906
3 0.133789 0.989258 0.001953 0.001953
2 0.553711 0.987305 0.001953 0.001953
2 0.022461 0.983398 0.001953 0.001953
2 0.018555 0.983398 0.001953 0.001953
2 0.005859 0.983398 0.011719 0.005859
3 0.480469 0.965820 0.003906 0.001953
2 0.411133 0.966797 0.001953 0.003906
2 0.894531 0.962891 0.003906 0.003906
3 0.399414 0.959961 0.001953 0.001953
2 0.040039 0.960938 0.009766 0.007812
2 0.898438 0.956055 0.003906 0.001953
2 0.893555 0.956055 0.001953 0.001953
3 0.130859 0.973633 0.015625 0.037109
2 0.239258 0.954102 0.001953 0.001953
2 0.180664 0.955078 0.005859 0.003906
2 0.030273 0.954102 0.001953 0.001953
2 0.897461 0.952148 0.001953 0.001953
2 0.639648 0.952148 0.001953 0.001953
2 0.633789 0.951172 0.001953 0.003906
2 0.238281 0.946289 0.011719 0.005859
2 0.178711 0.944336 0.001953 0.001953
2 0.036133 0.944336 0.001953 0.001953
2 0.990234 0.968750 0.019531 0.062500
2 0.610352 0.938477 0.001953 0.001953
2 0.280273 0.938477 0.001953 0.001953
2 0.276367 0.938477 0.001953 0.001953
2 0.543945 0.946289 0.009766 0.021484
2 0.016602 0.956055 0.033203 0.041016
2 0.119141 0.936523 0.003906 0.005859
2 0.631836 0.932617 0.001953 0.001953
2 0.110352 0.937500 0.009766 0.015625
3 0.479492 0.922852 0.001953 0.001953
3 0.550781 0.917969 0.003906 0.003906
2 0.262695 0.915039 0.001953 0.001953
2 0.416992 0.913086 0.001953 0.001953
2 0.429688 0.909180 0.007812 0.005859
2 0.253906 0.907227 0.003906 0.001953
3 0.853516 0.907227 0.007812 0.005859
3 0.560547 0.906250 0.007812 0.003906
2 0.610352 0.907227 0.001953 0.009766
2 0.413086 0.907227 0.009766 0.009766
2 0.223633 0.903320 0.009766 0.005859
3 0.577148 0.899414 0.001953 0.001953
2 0.461914 0.928711 0.052734 0.060547
3 0.567383 0.898438 0.005859 0.003906
2 0.421875 0.901367 0.015625 0.009766
3 0.573242 0.897461 0.001953 0.005859
2 0.943359 0.894531 0.003906 0.003906
2 0.729492 0.894531 0.001953 0.003906
2 0.418945 0.891602 0.005859 0.005859
2 0.400391 0.889648 0.003906 0.001953
2 0.051758 0.885742 0.005859 0.001953
2 0.807617 0.897461 0.041016 0.033203
3 0.535156 0.882812 0.027344 0.003906
2 0.831055 0.879883 0.001953 0.001953
2 0.738281 0.886719 0.011719 0.019531
2 0.237305 0.877930 0.001953 0.001953
3 0.634766 0.872070 0.003906 0.001953
2 0.004883 0.893555 0.009766 0.044922
3 0.905273 0.870117 0.001953 0.001953
2 0.057617 0.870117 0.001953 0.001953
2 0.639648 0.933594 0.173828 0.132812
2 0.067383 0.869141 0.001953 0.003906
2 0.061523 0.868164 0.001953 0.001953
2 0.994141 0.877930 0.011719 0.037109
3 0.184570 0.858398 0.001953 0.001953
2 0.816406 0.927734 0.199219 0.144531
3 0.180664 0.856445 0.001953 0.001953
2 0.858398 0.849609 0.005859 0.003906
2 0.176758 0.876953 0.060547 0.058594
2 0.834961 0.859375 0.044922 0.027344
2 0.012695 0.841797 0.005859 0.003906
2 0.483398 0.838867 0.001953 0.001953
2 0.488281 0.859375 0.058594 0.042969
2 0.936523 0.843750 0.025391 0.019531
2 0.143555 0.834961 0.001953 0.001953
2 0.007812 0.835938 0.003906 0.003906
3 0.501953 0.833984 0.003906 0.003906
2 0.884766 0.830078 0.003906 0.003906
2 0.874023 0.821289 0.001953 0.001953
2 0.374023 0.821289 0.001953 0.001953
3 0.010742 0.822266 0.005859 0.003906
2 0.636719 0.821289 0.007812 0.005859
3 0.564453 0.824219 0.003906 0.011719
2 0.374023 0.817383 0.001953 0.001953
2 0.996094 0.823242 0.007812 0.021484
3 0.565430 0.814453 0.001953 0.003906
3 0.440430 0.811523 0.001953 0.001953
2 0.606445 0.809570 0.001953 0.001953
3 0.612305 0.811523 0.021484 0.009766
3 0.452148 0.805664 0.001953 0.001953
2 0.931641 0.808594 0.011719 0.011719
3 0.432617 0.808594 0.017578 0.011719
3 0.565430 0.799805 0.001953 0.001953
3 0.491211 0.799805 0.001953 0.001953
2 0.331055 0.797852 0.001953 0.001953
2 0.326172 0.797852 0.003906 0.001953
2 0.876953 0.801758 0.011719 0.013672
2 0.803711 0.793945 0.001953 0.001953
2 0.338867 0.793945 0.001953 0.001953
2 0.862305 0.791992 0.001953 0.001953
2 0.291992 0.791992 0.001953 0.001953
2 0.034180 0.791992 0.001953 0.001953
2 0.018555 0.801758 0.025391 0.025391
2 0.944336 0.783203 0.005859 0.003906
3 0.505859 0.808594 0.039062 0.054688
2 0.132812 0.781250 0.003906 0.003906
2 0.944336 0.778320 0.001953 0.001953
3 0.493164 0.778320 0.001953 0.001953
2 0.319336 0.778320 0.001953 0.001953
2 0.133789 0.776367 0.001953 0.001953
2 0.359375 0.786133 0.046875 0.025391
3 0.454102 0.787109 0.044922 0.031250
3 0.747070 0.766602 0.001953 0.001953
2 0.288086 0.758789 0.001953 0.001953
2 0.286133 0.754883 0.001953 0.001953
2 0.914062 0.774414 0.054688 0.052734
2 0.065430 0.758789 0.021484 0.025391
2 0.621094 0.746094 0.027344 0.023438
2 0.994141 0.735352 0.007812 0.005859
2 0.980469 0.737305 0.011719 0.009766
2 0.840820 0.730469 0.005859 0.003906
2 0.096680 0.727539 0.001953 0.001953
2 0.995117 0.727539 0.009766 0.005859
2 0.096680 0.723633 0.001953 0.001953
2 0.088867 0.725586 0.005859 0.005859
3 0.823242 0.708008 0.001953 0.001953
3 0.823242 0.702148 0.001953 0.001953
3 0.329102 0.700195 0.001953 0.001953
2 0.147461 0.698242 0.001953 0.001953
2 0.141602 0.694336 0.001953 0.001953
3 0.846680 0.692383 0.001953 0.001953
2 0.871094 0.695312 0.003906 0.011719
2 0.358398 0.686523 0.001953 0.001953
3 0.864258 0.686523 0.005859 0.009766
2 0.335938 0.682617 0.003906 0.001953
2 0.862305 0.678711 0.001953 0.001953
2 0.931641 0.677734 0.007812 0.007812
2 0.928711 0.674805 0.001953 0.001953
2 0.938477 0.672852 0.001953 0.001953
2 0.522461 0.702148 0.076172 0.068359
2 0.862305 0.665039 0.001953 0.001953
2 0.522461 0.665039 0.001953 0.001953
2 0.947266 0.667969 0.019531 0.019531
2 0.037109 0.666016 0.007812 0.015625
3 0.998047 0.658203 0.003906 0.003906
2 0.848633 0.649414 0.001953 0.001953
2 0.844727 0.649414 0.001953 0.001953
2 0.329102 0.649414 0.001953 0.001953
2 0.032227 0.650391 0.017578 0.011719
2 0.013672 0.645508 0.007812 0.001953
2 0.939453 0.642578 0.003906 0.003906
3 0.004883 0.682617 0.009766 0.083984
2 0.964844 0.643555 0.015625 0.009766
2 0.004883 0.640625 0.001953 0.003906
2 0.844727 0.635742 0.001953 0.001953
2 0.007812 0.635742 0.003906 0.001953
2 0.000977 0.629883 0.001953 0.001953
2 0.771484 0.632812 0.003906 0.015625
2 0.715820 0.625000 0.005859 0.003906
2 0.000977 0.624023 0.001953 0.001953
2 0.711914 0.622070 0.001953 0.001953
2 0.114258 0.622070 0.001953 0.005859
2 0.869141 0.635742 0.042969 0.041016
3 0.802734 0.706055 0.117188 0.181641
2 0.807617 0.616211 0.001953 0.001953
2 0.856445 0.612305 0.001953 0.001953
2 0.803711 0.612305 0.001953 0.001953
3 0.625000 0.614258 0.011719 0.005859
3 0.110352 0.612305 0.005859 0.001953
2 0.001953 0.613281 0.003906 0.003906
2 0.778320 0.608398 0.001953 0.001953
3 0.110352 0.608398 0.001953 0.001953
3 0.104492 0.608398 0.001953 0.001953
2 0.325195 0.610352 0.017578 0.009766
3 0.995117 0.604492 0.001953 0.001953
3 0.989258 0.604492 0.001953 0.001953
3 0.108398 0.604492 0.005859 0.001953
2 0.022461 0.606445 0.009766 0.005859
2 0.855469 0.601562 0.007812 0.011719
2 0.844727 0.597656 0.005859 0.003906
2 0.281250 0.795898 0.492188 0.408203
3 0.008789 0.601562 0.017578 0.019531
3 0.973633 0.590820 0.001953 0.001953
2 0.694336 0.590820 0.001953 0.001953
2 0.631836 0.659180 0.169922 0.138672
2 0.796875 0.604492 0.027344 0.033203
2 0.034180 0.588867 0.001953 0.001953
2 0.690430 0.586914 0.001953 0.001953
2 0.854492 0.584961 0.001953 0.001953
2 0.738281 0.586914 0.003906 0.005859
2 0.704102 0.584961 0.001953 0.001953
2 0.026367 0.594727 0.013672 0.021484
2 0.846680 0.586914 0.009766 0.009766
2 0.809570 0.583008 0.001953 0.001953
2 0.698242 0.583984 0.005859 0.003906
2 0.040039 0.583984 0.001953 0.003906
2 0.854492 0.581055 0.001953 0.001953
2 0.737305 0.581055 0.001953 0.001953
2 0.829102 0.583984 0.017578 0.011719
2 0.863281 0.577148 0.003906 0.001953
2 0.737305 0.577148 0.001953 0.001953
2 0.374023 0.577148 0.001953 0.001953
2 0.002930 0.573242 0.001953 0.001953
3 0.955078 0.596680 0.089844 0.060547
2 0.005859 0.568359 0.011719 0.007812
2 0.187500 0.561523 0.003906 0.001953
3 0.851562 0.559570 0.003906 0.001953
2 0.163086 0.559570 0.001953 0.001953
2 0.866211 0.555664 0.001953 0.001953
2 0.480469 0.553711 0.003906 0.001953
2 0.027344 0.553711 0.007812 0.005859
3 0.122070 0.516602 0.001953 0.001953
2 0.471680 0.512695 0.001953 0.001953
2 0.786133 0.499023 0.001953 0.001953
2 0.397461 0.489258 0.001953 0.001953
2 0.790039 0.492188 0.013672 0.011719
2 0.483398 0.485352 0.001953 0.001953
2 0.796875 0.483398 0.003906 0.005859
2 0.118164 0.481445 0.001953 0.001953
2 0.790039 0.481445 0.005859 0.005859
2 0.938477 0.473633 0.001953 0.001953
2 0.432617 0.471680 0.001953 0.001953
2 0.151367 0.465820 0.001953 0.001953
2 0.139648 0.465820 0.001953 0.001953
2 0.934570 0.521484 0.130859 0.117188
2 0.838867 0.466797 0.013672 0.011719
2 0.877930 0.459961 0.001953 0.001953
3 0.006836 0.464844 0.013672 0.011719
2 0.984375 0.458984 0.003906 0.003906
2 0.146484 0.460938 0.011719 0.007812
2 0.997070 0.457031 0.005859 0.003906
2 0.151367 0.454102 0.001953 0.001953
2 0.409180 0.448242 0.001953 0.001953
2 0.159180 0.442383 0.001953 0.001953
2 0.997070 0.443359 0.005859 0.015625
2 0.998047 0.425781 0.003906 0.003906
2 0.936523 0.420898 0.001953 0.001953
2 0.940430 0.413086 0.005859 0.001953
2 0.848633 0.412109 0.001953 0.007812
2 0.743164 0.407227 0.001953 0.001953
2 0.786133 0.397461 0.001953 0.005859
2 0.856445 0.377930 0.001953 0.001953
3 0.864258 0.303711 0.001953 0.001953
3 0.967773 0.209961 0.001953 0.001953
2 0.008789 0.166016 0.001953 0.003906
2 0.032227 0.161133 0.001953 0.001953
2 0.211914 0.149414 0.001953 0.001953
3 0.830078 0.145508 0.003906 0.001953
2 0.219727 0.145508 0.005859 0.001953
3 0.881836 0.141602 0.001953 0.001953
2 0.208984 0.135742 0.003906 0.005859
2 0.805664 0.131836 0.001953 0.001953
2 0.233398 0.133789 0.001953 0.005859
2 0.225586 0.131836 0.001953 0.001953
2 0.122070 0.106445 0.001953 0.001953
2 0.022461 0.102539 0.005859 0.005859
2 0.011719 0.089844 0.003906 0.003906
2 0.005859 0.088867 0.003906 0.001953
2 0.006836 0.084961 0.001953 0.001953
2 0.723633 0.083008 0.001953 0.001953
2 0.087891 0.071289 0.003906 0.001953
3 0.243164 0.069336 0.001953 0.001953
2 0.148438 0.072266 0.003906 0.007812
2 0.145508 0.065430 0.001953 0.001953
2 0.268555 0.066406 0.021484 0.007812
2 0.750977 0.059570 0.001953 0.001953
2 0.016602 0.059570 0.001953 0.001953
2 0.780273 0.057617 0.001953 0.001953
2 0.754883 0.057617 0.001953 0.001953
2 0.196289 0.060547 0.005859 0.007812
2 0.192383 0.057617 0.001953 0.001953
2 0.088867 0.057617 0.001953 0.001953
2 0.310547 0.055664 0.003906 0.001953
2 0.025391 0.055664 0.003906 0.001953
2 0.768555 0.054688 0.001953 0.003906
2 0.024414 0.051758 0.001953 0.001953
2 0.768555 0.049805 0.001953 0.001953
2 0.216797 0.049805 0.003906 0.001953
2 0.211914 0.049805 0.001953 0.001953
2 0.083008 0.049805 0.001953 0.001953
2 0.263672 0.049805 0.011719 0.017578
2 0.072266 0.043945 0.003906 0.005859
2 0.042969 0.061523 0.085938 0.041016
2 0.774414 0.040039 0.001953 0.001953
2 0.770508 0.040039 0.001953 0.001953
2 0.125977 0.038086 0.001953 0.001953
2 0.596680 0.034180 0.001953 0.001953
2 0.778320 0.031250 0.009766 0.007812
2 0.047852 0.027344 0.001953 0.003906
2 0.057617 0.022461 0.001953 0.001953
3 0.214844 0.037109 0.070312 0.035156
2 0.104492 0.020508 0.001953 0.001953
3 0.239258 0.016602 0.001953 0.001953
2 0.698242 0.014648 0.001953 0.001953
2 0.704102 0.012695 0.001953 0.001953
2 0.131836 0.012695 0.001953 0.005859
3 0.577148 0.008789 0.001953 0.001953
2 0.231445 0.006836 0.001953 0.001953
3 0.584961 0.004883 0.005859 0.005859
2 0.286133 0.002930 0.001953 0.001953
2 0.226562 0.003906 0.003906 0.003906
2 0.994141 0.020508 0.011719 0.041016
2 0.901367 0.078125 0.197266 0.156250
2 0.732422 0.018555 0.066406 0.037109
2 0.500000 0.293945 1.000000 0.587891
2 0.451172 0.006836 0.027344 0.013672
2 0.379883 0.000977 0.001953 0.001953
2 0.351562 0.020508 0.144531 0.041016
2 0.277344 0.001953 0.007812 0.003906
2 0.254883 0.000977 0.009766 0.001953
2 0.235352 0.001953 0.009766 0.003906
2 0.156250 0.002930 0.015625 0.005859
2 0.063477 0.022461 0.126953 0.044922
2 0.014648 0.000977 0.001953 0.001953
2 0.001953 0.000977 0.003906 0.001953