0 0.719727 0.999023 0.001953 0.001953
1 0.979492 0.995117 0.041016 0.009766
1 0.965820 0.985352 0.001953 0.001953
1 0.254883 0.985352 0.001953 0.001953
1 0.961914 0.983398 0.001953 0.001953
0 0.561523 0.981445 0.005859 0.005859
1 0.969727 0.977539 0.001953 0.001953
1 0.965820 0.978516 0.001953 0.003906
1 0.252930 0.977539 0.001953 0.001953
0 0.014648 0.981445 0.005859 0.009766
0 0.520508 0.975586 0.001953 0.001953
0 0.556641 0.975586 0.003906 0.005859
1 0.253906 0.973633 0.003906 0.001953
0 0.014648 0.973633 0.001953 0.001953
1 0.999023 0.971680 0.001953 0.001953
0 0.520508 0.971680 0.001953 0.001953
0 0.327148 0.971680 0.001953 0.001953
1 0.255859 0.965820 0.003906 0.009766
0 0.216797 0.960938 0.003906 0.003906
0 0.540039 0.958008 0.001953 0.001953
0 0.540039 0.954102 0.001953 0.001953
1 0.266602 0.954102 0.001953 0.001953
0 0.575195 0.952148 0.001953 0.001953
0 0.571289 0.952148 0.001953 0.001953
1 0.274414 0.953125 0.001953 0.003906
0 0.548828 0.949219 0.003906 0.003906
0 0.280273 0.948242 0.001953 0.001953
0 0.055664 0.948242 0.001953 0.001953
0 0.220703 0.945312 0.011719 0.011719
0 0.290039 0.939453 0.009766 0.007812
0 0.516602 0.934570 0.001953 0.001953
0 0.482422 0.935547 0.007812 0.007812
0 0.212891 0.934570 0.011719 0.005859
0 0.280273 0.930664 0.001953 0.001953
1 0.274414 0.928711 0.001953 0.001953
0 0.245117 0.913086 0.001953 0.001953
0 0.245117 0.909180 0.001953 0.001953
1 0.669922 0.908203 0.007812 0.003906
0 0.342773 0.905273 0.001953 0.001953
1 0.190430 0.905273 0.009766 0.001953
0 0.347656 0.904297 0.003906 0.003906
0 0.042969 0.906250 0.007812 0.007812
1 0.709961 0.901367 0.001953 0.001953
0 0.485352 0.902344 0.005859 0.003906
0 0.195312 0.949219 0.113281 0.101562
1 0.699219 0.903320 0.011719 0.013672
0 0.497070 0.893555 0.001953 0.001953
1 0.716797 0.891602 0.003906 0.001953
0 0.565430 0.891602 0.001953 0.001953
0 0.621094 0.887695 0.003906 0.001953
1 0.255859 0.895508 0.027344 0.017578
0 0.790039 0.885742 0.001953 0.001953
0 0.527344 0.887695 0.003906 0.005859
1 0.150391 0.883789 0.003906 0.001953
0 0.143555 0.883789 0.001953 0.001953
0 0.523438 0.881836 0.003906 0.001953
0 0.604492 0.879883 0.001953 0.001953
0 0.588867 0.879883 0.001953 0.001953
1 0.757812 0.878906 0.003906 0.003906
0 0.527344 0.873047 0.003906 0.003906
1 0.202148 0.872070 0.001953 0.001953
0 0.768555 0.870117 0.001953 0.001953
0 0.456055 0.870117 0.001953 0.001953
0 0.580078 0.870117 0.007812 0.005859
0 0.575195 0.874023 0.005859 0.013672
1 0.566406 0.869141 0.003906 0.003906
1 0.574219 0.864258 0.003906 0.001953
1 0.577148 0.860352 0.001953 0.001953
1 0.573242 0.860352 0.001953 0.001953
0 0.637695 0.854492 0.001953 0.001953
0 0.698242 0.852539 0.001953 0.001953
1 0.456055 0.852539 0.001953 0.001953
1 0.209961 0.861328 0.009766 0.019531
0 0.731445 0.848633 0.001953 0.001953
0 0.715820 0.848633 0.001953 0.001953
1 0.584961 0.848633 0.001953 0.001953
1 0.580078 0.848633 0.003906 0.001953
0 0.603516 0.860352 0.035156 0.033203
1 0.187500 0.844727 0.003906 0.001953
1 0.154297 0.869141 0.093750 0.050781
0 0.048828 0.837891 0.003906 0.003906
0 0.159180 0.833008 0.001953 0.001953
0 0.033203 0.828125 0.003906 0.003906
0 0.003906 0.830078 0.007812 0.011719
0 0.030273 0.819336 0.001953 0.001953
0 0.001953 0.816406 0.003906 0.011719
0 0.309570 0.807617 0.001953 0.001953
0 0.311523 0.805664 0.013672 0.005859
0 0.173828 0.820312 0.027344 0.035156
1 0.193359 0.804688 0.003906 0.007812
0 0.014648 0.797852 0.001953 0.001953
0 0.362305 0.795898 0.001953 0.001953
0 0.344727 0.800781 0.009766 0.015625
0 0.354492 0.788086 0.001953 0.001953
0 0.354492 0.784180 0.001953 0.001953
0 0.296875 0.791016 0.023438 0.019531
0 0.526367 0.774414 0.001953 0.001953
1 0.226562 0.775391 0.007812 0.007812
1 0.201172 0.780273 0.015625 0.017578
1 0.040039 0.772461 0.001953 0.001953
1 0.217773 0.770508 0.001953 0.001953
0 0.214844 0.766602 0.003906 0.001953
1 0.031250 0.770508 0.015625 0.013672
0 0.013672 0.780273 0.027344 0.033203
0 0.205078 0.764648 0.007812 0.009766
0 0.516602 0.755859 0.005859 0.003906
0 0.246094 0.771484 0.035156 0.042969
0 0.278320 0.747070 0.001953 0.001953
0 0.195312 0.747070 0.007812 0.005859
0 0.294922 0.742188 0.003906 0.003906
0 0.288086 0.737305 0.013672 0.013672
0 0.202148 0.729492 0.009766 0.017578
0 0.125977 0.721680 0.005859 0.001953
0 0.129883 0.717773 0.001953 0.001953
0 0.331055 0.707031 0.009766 0.011719
0 0.122070 0.708008 0.029297 0.021484
0 0.586914 0.690430 0.001953 0.001953
0 0.080078 0.701172 0.042969 0.031250
0 0.791992 0.680664 0.001953 0.001953
0 0.754883 0.676758 0.001953 0.001953
0 0.057617 0.674805 0.001953 0.001953
0 0.830078 0.672852 0.003906 0.001953
1 0.508789 0.670898 0.001953 0.001953
1 0.094727 0.676758 0.013672 0.013672
1 0.468750 0.669922 0.003906 0.003906
0 0.758789 0.666992 0.001953 0.001953
1 0.114258 0.670898 0.009766 0.009766
0 0.071289 0.667969 0.009766 0.007812
1 0.511719 0.666992 0.003906 0.009766
0 0.112305 0.661133 0.001953 0.001953
1 0.453125 0.667969 0.023438 0.019531
0 0.756836 0.658203 0.005859 0.003906
1 0.459961 0.655273 0.001953 0.001953
0 0.036133 0.651367 0.001953 0.001953
0 0.790039 0.653320 0.005859 0.009766
1 0.518555 0.649414 0.001953 0.001953
1 0.092773 0.656250 0.013672 0.015625
1 0.439453 0.647461 0.003906 0.001953
1 0.413086 0.637695 0.001953 0.001953
0 0.772461 0.645508 0.029297 0.025391
0 0.771484 0.634766 0.003906 0.003906
0 0.758789 0.635742 0.005859 0.009766
0 0.365234 0.637695 0.015625 0.013672
0 0.046875 0.649414 0.035156 0.041016
1 0.855469 0.625000 0.003906 0.003906
0 0.846680 0.620117 0.001953 0.001953
0 0.837891 0.623047 0.007812 0.007812
0 0.668945 0.620117 0.001953 0.001953
0 0.126953 0.629883 0.023438 0.029297
0 0.338867 0.610352 0.001953 0.001953
0 0.144531 0.623047 0.023438 0.042969
0 0.038086 0.603516 0.009766 0.007812
0 0.015625 0.625977 0.031250 0.052734
0 0.821289 0.598633 0.001953 0.001953
0 0.659180 0.598633 0.001953 0.001953
0 0.655273 0.598633 0.001953 0.001953
0 0.144531 0.602539 0.007812 0.009766
1 0.778320 0.594727 0.001953 0.001953
1 0.778320 0.590820 0.001953 0.001953
1 0.842773 0.586914 0.001953 0.001953
1 0.777344 0.600586 0.039062 0.029297
1 0.741211 0.604492 0.048828 0.037109
1 0.838867 0.584961 0.001953 0.005859
1 0.497070 0.584961 0.005859 0.005859
0 0.033203 0.584961 0.003906 0.005859
1 0.842773 0.581055 0.001953 0.001953
1 0.500977 0.582031 0.001953 0.003906
0 0.682617 0.583984 0.009766 0.015625
1 0.467773 0.569336 0.001953 0.001953
1 0.463867 0.565430 0.001953 0.001953
1 0.744141 0.563477 0.015625 0.005859
0 0.213867 0.563477 0.005859 0.005859
0 0.411133 0.559570 0.001953 0.001953
0 0.821289 0.550781 0.005859 0.003906
0 0.179688 0.572266 0.046875 0.054688
0 0.261719 0.541992 0.007812 0.005859
0 0.341797 0.547852 0.046875 0.025391
0 0.333008 0.535156 0.001953 0.003906
0 0.428711 0.533203 0.001953 0.003906
0 0.278320 0.530273 0.001953 0.001953
0 0.268555 0.530273 0.001953 0.001953
1 0.223633 0.534180 0.009766 0.009766
0 0.435547 0.549805 0.062500 0.044922
0 0.243164 0.528320 0.001953 0.001953
0 0.237305 0.529297 0.005859 0.003906
1 0.223633 0.526367 0.001953 0.001953
0 0.262695 0.524414 0.001953 0.001953
0 0.243164 0.521484 0.001953 0.003906
0 0.497070 0.510742 0.001953 0.001953
0 0.446289 0.510742 0.001953 0.001953
0 0.399414 0.510742 0.001953 0.001953
0 0.391602 0.512695 0.001953 0.005859
0 0.385742 0.510742 0.005859 0.001953
0 0.273438 0.511719 0.003906 0.003906
0 0.915039 0.508789 0.001953 0.001953
0 0.967773 0.509766 0.005859 0.011719
0 0.375977 0.504883 0.001953 0.001953
0 0.391602 0.503906 0.001953 0.003906
0 0.236328 0.512695 0.015625 0.021484
0 0.933594 0.501953 0.003906 0.003906
1 0.222656 0.503906 0.003906 0.007812
0 0.163086 0.501953 0.001953 0.003906
1 0.227539 0.499023 0.001953 0.001953
1 0.212891 0.498047 0.003906 0.003906
0 0.163086 0.497070 0.001953 0.001953
0 0.782227 0.496094 0.001953 0.003906
0 0.778320 0.496094 0.001953 0.003906
0 0.268555 0.495117 0.001953 0.001953
1 0.220703 0.494141 0.007812 0.007812
0 0.274414 0.482422 0.001953 0.003906
0 0.474609 0.479492 0.003906 0.001953
0 0.777344 0.478516 0.003906 0.003906
0 0.447266 0.477539 0.003906 0.001953
0 0.362305 0.478516 0.001953 0.003906
0 0.940430 0.474609 0.001953 0.003906
0 0.868164 0.475586 0.009766 0.005859
0 0.916016 0.471680 0.003906 0.001953
0 0.109375 0.470703 0.003906 0.003906
0 0.926758 0.465820 0.001953 0.001953
0 0.258789 0.490234 0.025391 0.050781
1 0.190430 0.493164 0.060547 0.060547
0 0.252930 0.461914 0.001953 0.001953
0 0.858398 0.459961 0.001953 0.001953
0 0.732422 0.482422 0.050781 0.046875
0 0.091797 0.463867 0.007812 0.009766
1 0.999023 0.458008 0.001953 0.001953
0 0.264648 0.458008 0.001953 0.001953
0 0.916992 0.456055 0.005859 0.005859
1 0.375977 0.453125 0.001953 0.003906
0 0.116211 0.451172 0.001953 0.003906
1 0.998047 0.451172 0.003906 0.007812
0 0.874023 0.440430 0.001953 0.001953
0 0.869141 0.444336 0.007812 0.009766
1 0.844727 0.440430 0.001953 0.001953
1 0.202148 0.438477 0.001953 0.001953
1 0.870117 0.436523 0.001953 0.001953
0 0.456055 0.436523 0.001953 0.001953
1 0.877930 0.434570 0.009766 0.005859
0 0.083008 0.432617 0.001953 0.001953
0 0.711914 0.432617 0.005859 0.005859
1 0.545898 0.430664 0.001953 0.001953
0 0.090820 0.430664 0.001953 0.001953
0 0.079102 0.431641 0.001953 0.003906
0 0.155273 0.428711 0.001953 0.001953
1 0.651367 0.426758 0.001953 0.001953
0 0.222656 0.426758 0.003906 0.001953
1 0.886719 0.424805 0.003906 0.001953
0 0.221680 0.422852 0.001953 0.001953
0 0.706055 0.416992 0.001953 0.001953
1 0.556641 0.426758 0.011719 0.025391
1 0.397461 0.413086 0.001953 0.001953
1 0.892578 0.413086 0.003906 0.005859
0 0.693359 0.411133 0.003906 0.001953
0 0.060547 0.423828 0.031250 0.027344
1 0.520508 0.415039 0.017578 0.017578
0 0.096680 0.405273 0.001953 0.001953
0 0.729492 0.431641 0.041016 0.058594
0 0.476562 0.409180 0.011719 0.013672
0 0.101562 0.404297 0.003906 0.003906
0 0.691406 0.403320 0.003906 0.005859
0 0.104492 0.401367 0.001953 0.001953
0 0.706055 0.400391 0.001953 0.003906
0 0.135742 0.399414 0.001953 0.001953
0 0.511719 0.698242 0.339844 0.603516
1 0.481445 0.397461 0.005859 0.001953
0 0.184570 0.416992 0.056641 0.041016
0 0.139648 0.397461 0.001953 0.001953
1 0.557617 0.400391 0.009766 0.011719
0 0.678711 0.394531 0.001953 0.003906
0 0.673828 0.393555 0.003906 0.001953
0 0.459961 0.392578 0.005859 0.003906
1 0.390625 0.389648 0.003906 0.001953
0 0.491211 0.387695 0.001953 0.001953
0 0.678711 0.385742 0.001953 0.001953
0 0.194336 0.386719 0.005859 0.003906
1 0.867188 0.382812 0.003906 0.003906
1 0.588867 0.399414 0.021484 0.037109
1 0.959961 0.379883 0.001953 0.001953
1 0.956055 0.377930 0.001953 0.001953
0 0.166016 0.375977 0.003906 0.001953
1 0.918945 0.375000 0.001953 0.003906
0 0.458008 0.373047 0.001953 0.003906
1 0.536133 0.373047 0.021484 0.007812
1 0.522461 0.370117 0.001953 0.001953
1 0.934570 0.433594 0.130859 0.132812
0 0.410156 0.364258 0.003906 0.001953
0 0.346680 0.364258 0.001953 0.001953
1 0.817383 0.361328 0.005859 0.003906
0 0.744141 0.679688 0.511719 0.640625
0 0.575195 0.360352 0.001953 0.001953
1 0.319336 0.360352 0.001953 0.001953
0 0.102539 0.358398 0.001953 0.001953
0 0.091797 0.363281 0.019531 0.011719
1 0.745117 0.354492 0.001953 0.001953
0 0.416992 0.355469 0.001953 0.003906
0 0.354492 0.357422 0.001953 0.007812
0 0.102539 0.352539 0.001953 0.001953
0 0.649414 0.348633 0.001953 0.001953
1 0.815430 0.347656 0.001953 0.003906
0 0.353516 0.346680 0.003906 0.001953
0 0.375000 0.345703 0.003906 0.003906
0 0.369141 0.345703 0.003906 0.003906
0 0.456055 0.343750 0.001953 0.003906
0 0.108398 0.343750 0.005859 0.003906
0 0.637695 0.336914 0.001953 0.001953
0 0.354492 0.397461 0.080078 0.123047
1 0.807617 0.343750 0.017578 0.023438
1 0.999023 0.331055 0.001953 0.001953
1 0.973633 0.329102 0.001953 0.001953
0 0.420898 0.368164 0.068359 0.083984
0 0.098633 0.327148 0.001953 0.001953
0 0.551758 0.321289 0.001953 0.001953
0 0.516602 0.321289 0.001953 0.001953
0 0.431641 0.323242 0.003906 0.005859
0 0.431641 0.317383 0.003906 0.001953
0 0.559570 0.316406 0.001953 0.003906
0 0.514648 0.315430 0.001953 0.001953
0 0.506836 0.315430 0.005859 0.001953
0 0.297852 0.313477 0.001953 0.001953
0 0.301758 0.311523 0.001953 0.001953
0 0.504883 0.309570 0.001953 0.001953
0 0.321289 0.309570 0.001953 0.001953
0 0.524414 0.307617 0.001953 0.001953
0 0.596680 0.303711 0.001953 0.001953
0 0.588867 0.341797 0.052734 0.078125
0 0.081055 0.324219 0.044922 0.058594
1 0.700195 0.304688 0.025391 0.023438
0 0.595703 0.295898 0.003906 0.005859
0 0.554688 0.304688 0.019531 0.027344
0 0.065430 0.291992 0.001953 0.001953
0 0.902344 0.297852 0.019531 0.017578
1 0.657227 0.333008 0.052734 0.091797
0 0.058594 0.287109 0.003906 0.003906
0 0.530273 0.284180 0.001953 0.001953
0 0.291992 0.284180 0.001953 0.001953
0 0.071289 0.284180 0.001953 0.001953
0 0.302734 0.293945 0.019531 0.029297
0 0.903320 0.278320 0.001953 0.001953
0 0.617188 0.286133 0.019531 0.021484
0 0.583008 0.274414 0.001953 0.001953
0 0.559570 0.278320 0.009766 0.009766
0 0.608398 0.272461 0.001953 0.001953
0 0.913086 0.270508 0.001953 0.001953
1 0.793945 0.270508 0.001953 0.001953
1 0.821289 0.274414 0.021484 0.013672
1 0.823242 0.266602 0.005859 0.005859
0 0.532227 0.264648 0.001953 0.001953
1 0.969727 0.265625 0.009766 0.007812
0 0.605469 0.265625 0.007812 0.007812
0 0.901367 0.254883 0.001953 0.001953
0 0.489258 0.318359 0.091797 0.132812
0 0.282227 0.250977 0.001953 0.001953
1 0.677734 0.249023 0.003906 0.005859
1 0.700195 0.241211 0.001953 0.005859
0 0.639648 0.239258 0.009766 0.005859
0 0.606445 0.237305 0.001953 0.001953
0 0.599609 0.247070 0.023438 0.025391
0 0.262695 0.250977 0.029297 0.033203
1 0.692383 0.227539 0.001953 0.001953
1 0.688477 0.227539 0.001953 0.001953
0 0.948242 0.225586 0.001953 0.001953
0 0.664062 0.261719 0.039062 0.074219
0 0.949219 0.222656 0.011719 0.003906
1 0.951172 0.320312 0.097656 0.203125
0 0.936523 0.216797 0.001953 0.003906
0 0.871094 0.216797 0.003906 0.003906
0 0.646484 0.218750 0.015625 0.011719
0 0.563477 0.213867 0.001953 0.001953
0 0.022461 0.252930 0.044922 0.083984
0 0.952148 0.211914 0.005859 0.005859
0 0.673828 0.212891 0.007812 0.011719
0 0.374023 0.208008 0.001953 0.001953
0 0.709961 0.200195 0.001953 0.001953
0 0.836914 0.203125 0.013672 0.011719
0 0.362305 0.206055 0.017578 0.017578
0 0.996094 0.199219 0.007812 0.007812
1 0.498047 0.196289 0.003906 0.001953
0 0.383789 0.192383 0.001953 0.001953
0 0.676758 0.194336 0.005859 0.009766
0 0.255859 0.206055 0.078125 0.033203
0 0.888672 0.217773 0.050781 0.060547
0 0.581055 0.186523 0.001953 0.001953
0 0.284180 0.186523 0.001953 0.001953
0 0.887695 0.184570 0.001953 0.001953
0 0.901367 0.181641 0.005859 0.003906
0 0.372070 0.180664 0.001953 0.001953
0 0.365234 0.183594 0.011719 0.007812
0 0.285156 0.180664 0.003906 0.001953
0 0.000977 0.180664 0.001953 0.001953
0 0.708008 0.176758 0.001953 0.001953
0 0.902344 0.175781 0.003906 0.003906
0 0.893555 0.176758 0.005859 0.005859
0 0.684570 0.174805 0.001953 0.001953
0 0.282227 0.174805 0.001953 0.001953
0 0.727539 0.170898 0.001953 0.001953
0 0.750000 0.169922 0.003906 0.003906
0 0.684570 0.168945 0.001953 0.001953
0 0.723633 0.167969 0.001953 0.003906
0 0.741211 0.163086 0.001953 0.001953
0 0.666016 0.169922 0.015625 0.015625
0 0.884766 0.168945 0.023438 0.017578
1 0.856445 0.161133 0.001953 0.001953
0 0.795898 0.161133 0.001953 0.001953
0 0.677734 0.163086 0.003906 0.005859
0 0.766602 0.165039 0.013672 0.013672
0 0.038086 0.160156 0.005859 0.003906
1 0.841797 0.170898 0.039062 0.033203
0 0.784180 0.155273 0.001953 0.001953
1 0.612305 0.156250 0.001953 0.003906
0 0.644531 0.162109 0.023438 0.019531
1 0.847656 0.155273 0.011719 0.009766
1 0.614258 0.147461 0.001953 0.001953
0 0.536133 0.147461 0.001953 0.001953
0 0.881836 0.141602 0.001953 0.001953
1 0.389648 0.141602 0.001953 0.001953
0 0.993164 0.149414 0.013672 0.021484
1 0.409180 0.139648 0.001953 0.001953
0 0.762695 0.135742 0.001953 0.001953
1 0.403320 0.135742 0.001953 0.001953
1 0.598633 0.140625 0.009766 0.015625
1 0.583984 0.132812 0.003906 0.003906
1 0.604492 0.129883 0.001953 0.001953
1 0.401367 0.129883 0.001953 0.001953
1 0.999023 0.125977 0.001953 0.001953
0 0.615234 0.126953 0.003906 0.003906
0 0.612305 0.122070 0.001953 0.001953
1 0.999023 0.118164 0.001953 0.001953
0 0.594727 0.118164 0.001953 0.001953
0 0.536133 0.119141 0.009766 0.007812
0 0.447266 0.117188 0.003906 0.007812
1 0.976562 0.115234 0.007812 0.007812
0 0.348633 0.112305 0.001953 0.001953
0 0.144531 0.116211 0.007812 0.009766
0 0.741211 0.110352 0.001953 0.001953
0 0.728516 0.139648 0.058594 0.060547
0 0.597656 0.112305 0.003906 0.005859
0 0.604492 0.108398 0.001953 0.001953
0 0.555664 0.104492 0.001953 0.001953
0 0.497070 0.191406 0.248047 0.179688
0 0.560547 0.103516 0.003906 0.003906
0 0.753906 0.102539 0.007812 0.009766
1 0.985352 0.096680 0.001953 0.001953
0 0.670898 0.093750 0.001953 0.003906
0 0.170898 0.092773 0.001953 0.001953
0 0.426758 0.090820 0.001953 0.001953
0 0.177734 0.090820 0.003906 0.001953
0 0.422852 0.088867 0.001953 0.001953
0 0.330078 0.088867 0.003906 0.001953
0 0.170898 0.088867 0.001953 0.001953
1 0.993164 0.091797 0.009766 0.011719
0 0.129883 0.083008 0.001953 0.001953
0 0.785156 0.114258 0.027344 0.076172
0 0.410156 0.068359 0.003906 0.003906
0 0.866211 0.063477 0.001953 0.001953
0 0.553711 0.066406 0.009766 0.007812
0 0.407227 0.063477 0.001953 0.001953
0 0.198242 0.063477 0.001953 0.001953
0 0.389648 0.061523 0.001953 0.001953
0 0.415039 0.059570 0.001953 0.001953
0 0.409180 0.059570 0.001953 0.001953
0 0.380859 0.107422 0.109375 0.097656
0 0.202148 0.057617 0.001953 0.001953
0 0.827148 0.053711 0.001953 0.001953
0 0.038086 0.055664 0.009766 0.005859
0 0.412109 0.053711 0.003906 0.005859
0 0.418945 0.050781 0.005859 0.003906
1 0.823242 0.047852 0.001953 0.001953
1 0.790039 0.047852 0.001953 0.001953
0 0.833984 0.048828 0.007812 0.007812
0 0.558594 0.045898 0.003906 0.001953
0 0.769531 0.049805 0.019531 0.017578
1 0.778320 0.038086 0.005859 0.005859
0 0.194336 0.036133 0.001953 0.001953
0 0.139648 0.049805 0.033203 0.033203
1 0.125977 0.034180 0.001953 0.001953
1 0.125977 0.030273 0.001953 0.001953
0 0.179688 0.042969 0.031250 0.039062
1 0.122070 0.024414 0.001953 0.001953
0 0.174805 0.022461 0.001953 0.001953
0 0.959961 0.016602 0.001953 0.001953
0 0.956055 0.013672 0.001953 0.003906
0 0.958008 0.006836 0.001953 0.001953
0 0.194336 0.004883 0.001953 0.001953
1 0.137695 0.002930 0.001953 0.001953
0 0.986328 0.006836 0.027344 0.013672
0 0.963867 0.009766 0.021484 0.019531
0 0.909180 0.015625 0.029297 0.031250
0 0.437500 0.000977 0.003906 0.001953
0 0.421875 0.002930 0.023438 0.005859
1 0.118164 0.006836 0.033203 0.013672
0 0.094727 0.000977 0.001953 0.001953
0 0.086914 0.003906 0.005859 0.007812
2 0.611328 0.999023 0.003906 0.001953
2 0.234375 0.998047 0.003906 0.003906
2 0.225586 0.996094 0.009766 0.007812
2 0.223633 0.990234 0.001953 0.003906
2 0.744141 0.991211 0.015625 0.009766
2 0.745117 0.985352 0.001953 0.001953
2 0.889648 0.983398 0.001953 0.001953
2 0.445312 0.981445 0.003906 0.001953
2 0.443359 0.990234 0.027344 0.019531
2 0.717773 0.977539 0.001953 0.001953
2 0.364258 0.973633 0.001953 0.001953
2 0.930664 0.969727 0.001953 0.001953
2 0.795898 0.969727 0.001953 0.001953
2 0.788086 0.969727 0.001953 0.001953
3 0.976562 0.983398 0.046875 0.033203
2 0.674805 0.980469 0.119141 0.039062
2 0.396484 0.971680 0.023438 0.021484
2 0.929688 0.961914 0.007812 0.005859
2 0.897461 0.969727 0.033203 0.021484
2 0.801758 0.959961 0.001953 0.001953
3 0.950195 0.958008 0.001953 0.001953
2 0.408203 0.959961 0.003906 0.005859
2 0.801758 0.954102 0.001953 0.001953
2 0.379883 0.954102 0.001953 0.001953
2 0.890625 0.951172 0.003906 0.003906
2 0.493164 0.944336 0.001953 0.001953
2 0.557617 0.932617 0.001953 0.001953
2 0.524414 0.930664 0.001953 0.001953
2 0.847656 0.928711 0.003906 0.005859
2 0.900391 0.939453 0.039062 0.042969
2 0.499023 0.918945 0.001953 0.001953
2 0.212891 0.917969 0.003906 0.003906
2 0.995117 0.916992 0.009766 0.005859
2 0.414062 0.915039 0.003906 0.001953
3 0.799805 0.911133 0.001953 0.001953
2 0.411133 0.911133 0.001953 0.001953
2 0.996094 0.910156 0.007812 0.003906
2 0.993164 0.907227 0.001953 0.001953
3 0.801758 0.907227 0.001953 0.001953
2 0.633789 0.903320 0.001953 0.001953
2 0.828125 0.914062 0.019531 0.027344
2 0.570312 0.904297 0.003906 0.007812
2 0.828125 0.899414 0.003906 0.001953
2 0.588867 0.893555 0.001953 0.001953
2 0.927734 0.890625 0.007812 0.003906
2 0.799805 0.886719 0.001953 0.003906
2 0.396484 0.886719 0.003906 0.003906
2 0.494141 0.883789 0.003906 0.005859
2 0.924805 0.879883 0.001953 0.001953
2 0.920898 0.882812 0.001953 0.007812
3 0.692383 0.877930 0.001953 0.001953
2 0.489258 0.877930 0.001953 0.001953
2 0.950195 0.870117 0.001953 0.001953
2 0.920898 0.872070 0.005859 0.005859
3 0.965820 0.868164 0.001953 0.001953
3 0.982422 0.865234 0.003906 0.003906
3 0.974609 0.864258 0.007812 0.005859
2 0.949219 0.860352 0.003906 0.001953
2 0.941406 0.861328 0.003906 0.003906
3 0.858398 0.860352 0.001953 0.001953
2 0.931641 0.866211 0.011719 0.021484
2 0.872070 0.861328 0.021484 0.019531
3 0.993164 0.860352 0.013672 0.021484
2 0.822266 0.843750 0.007812 0.003906
3 0.984375 0.840820 0.011719 0.013672
2 0.891602 0.792969 0.001953 0.003906
2 0.886719 0.796875 0.015625 0.027344
2 0.000977 0.784180 0.001953 0.001953
2 0.700195 0.782227 0.001953 0.001953
2 0.871094 0.780273 0.015625 0.017578
2 0.906250 0.772461 0.003906 0.013672
2 0.964844 0.791016 0.042969 0.054688
3 0.817383 0.762695 0.001953 0.001953
2 0.916992 0.756836 0.001953 0.001953
3 0.811523 0.759766 0.005859 0.007812
3 0.803711 0.756836 0.001953 0.001953
2 0.776367 0.749023 0.001953 0.001953
2 0.765625 0.788086 0.136719 0.091797
2 0.743164 0.739258 0.001953 0.001953
2 0.846680 0.710938 0.009766 0.007812
2 0.625977 0.706055 0.001953 0.001953
2 0.725586 0.698242 0.001953 0.001953
2 0.848633 0.689453 0.005859 0.003906
2 0.741211 0.688477 0.001953 0.001953
2 0.998047 0.678711 0.003906 0.001953
2 0.885742 0.716797 0.154297 0.082031
2 0.866211 0.666992 0.013672 0.005859
2 0.596680 0.665039 0.001953 0.001953
2 0.993164 0.664062 0.013672 0.019531
2 0.604492 0.653320 0.001953 0.001953
3 0.572266 0.656250 0.007812 0.007812
3 0.604492 0.641602 0.001953 0.001953
2 0.833008 0.638672 0.001953 0.003906
2 0.617188 0.636719 0.015625 0.019531
2 0.001953 0.625977 0.003906 0.005859
2 0.619141 0.621094 0.007812 0.007812
2 0.616211 0.614258 0.001953 0.001953
2 0.000977 0.613281 0.001953 0.003906
2 0.637695 0.610352 0.001953 0.001953
2 0.010742 0.613281 0.009766 0.007812
2 0.629883 0.606445 0.001953 0.001953
2 0.948242 0.625000 0.103516 0.070312
2 0.955078 0.570312 0.003906 0.007812
3 0.608398 0.557617 0.001953 0.001953
2 0.877930 0.554688 0.001953 0.003906
2 0.876953 0.544922 0.007812 0.007812
3 0.590820 0.533203 0.001953 0.003906
2 0.958008 0.518555 0.001953 0.001953
2 0.954102 0.518555 0.001953 0.001953
3 0.603516 0.529297 0.015625 0.046875
3 0.593750 0.500977 0.003906 0.005859
2 0.538086 0.499023 0.001953 0.001953
2 0.508789 0.498047 0.005859 0.003906
2 0.510742 0.487305 0.001953 0.001953
3 0.543945 0.481445 0.001953 0.001953
3 0.514648 0.481445 0.001953 0.001953
3 0.552734 0.483398 0.007812 0.013672
3 0.512695 0.477539 0.001953 0.001953
3 0.995117 0.476562 0.001953 0.007812
3 0.544922 0.474609 0.007812 0.007812
3 0.615234 0.470703 0.003906 0.007812
3 0.528320 0.468750 0.001953 0.003906
3 0.561523 0.461914 0.001953 0.001953
2 0.880859 0.458008 0.003906 0.001953
3 0.528320 0.458008 0.001953 0.001953
3 0.506836 0.456055 0.001953 0.001953
2 0.905273 0.450195 0.001953 0.001953
3 0.532227 0.450195 0.001953 0.001953
2 0.795898 0.444336 0.001953 0.001953
2 0.919922 0.441406 0.007812 0.007812
2 0.749023 0.416016 0.001953 0.003906
3 0.946289 0.405273 0.001953 0.001953
3 0.915039 0.399414 0.001953 0.001953
3 0.922852 0.381836 0.001953 0.001953
3 0.778320 0.377930 0.001953 0.001953
2 0.978516 0.348633 0.003906 0.005859
2 0.975586 0.346680 0.001953 0.001953
2 0.969727 0.346680 0.001953 0.001953
2 0.969727 0.340820 0.005859 0.005859
2 0.948242 0.338867 0.001953 0.001953
3 0.947266 0.326172 0.003906 0.003906
3 0.984375 0.333984 0.031250 0.023438
3 0.993164 0.322266 0.005859 0.003906
2 0.942383 0.321289 0.005859 0.001953
3 0.998047 0.317383 0.003906 0.001953
3 0.952148 0.313477 0.001953 0.001953
3 0.943359 0.311523 0.011719 0.005859
3 0.996094 0.294922 0.007812 0.003906
3 0.981445 0.293945 0.005859 0.009766
3 0.932617 0.262695 0.001953 0.001953
2 0.928711 0.254883 0.001953 0.001953
2 0.931641 0.237305 0.011719 0.009766
2 0.920898 0.018555 0.001953 0.001953
2 0.905273 0.014648 0.001953 0.001953
2 0.500000 0.500000 1.000000 1.000000