1 0.297852 0.997070 0.001953 0.001953
1 0.276367 0.997070 0.001953 0.001953
1 0.707031 0.996094 0.003906 0.003906
1 0.105469 0.994141 0.003906 0.003906
1 0.706055 0.991211 0.001953 0.001953
1 0.082031 0.994141 0.007812 0.011719
0 0.502930 0.983398 0.005859 0.001953
1 0.716797 0.982422 0.003906 0.003906
1 0.788086 0.978516 0.001953 0.003906
1 0.095703 0.981445 0.007812 0.009766
1 0.090820 0.977539 0.001953 0.001953
1 0.515625 0.986328 0.027344 0.027344
1 0.291992 0.981445 0.037109 0.025391
1 0.773438 0.962891 0.003906 0.003906
1 0.286133 0.961914 0.001953 0.001953
1 0.555664 0.955078 0.001953 0.003906
1 0.376953 0.951172 0.003906 0.003906
1 0.803711 0.958984 0.025391 0.023438
1 0.785156 0.950195 0.003906 0.005859
1 0.628906 0.943359 0.007812 0.003906
0 0.476562 0.943359 0.007812 0.007812
0 0.469727 0.940430 0.001953 0.001953
1 0.801758 0.944336 0.009766 0.013672
1 0.661133 0.942383 0.005859 0.009766
1 0.453125 0.944336 0.015625 0.017578
1 0.448242 0.936523 0.001953 0.001953
1 0.635742 0.934570 0.001953 0.001953
1 0.799805 0.933594 0.001953 0.003906
1 0.731445 0.930664 0.001953 0.001953
0 0.458008 0.931641 0.001953 0.003906
1 0.736328 0.929688 0.003906 0.003906
1 0.640625 0.928711 0.003906 0.001953
1 0.446289 0.927734 0.001953 0.003906
1 0.643555 0.924805 0.001953 0.001953
1 0.639648 0.924805 0.001953 0.001953
0 0.468750 0.925781 0.003906 0.003906
1 0.456055 0.924805 0.001953 0.001953
1 0.743164 0.922852 0.001953 0.001953
1 0.733398 0.924805 0.009766 0.005859
1 0.635742 0.922852 0.001953 0.001953
1 0.604492 0.922852 0.001953 0.001953
1 0.852539 0.920898 0.001953 0.001953
1 0.845703 0.920898 0.003906 0.001953
0 0.467773 0.920898 0.001953 0.001953
1 0.461914 0.920898 0.001953 0.001953
1 0.838867 0.919922 0.001953 0.003906
1 0.526367 0.918945 0.001953 0.001953
1 0.846680 0.916016 0.005859 0.003906
1 0.733398 0.915039 0.001953 0.001953
1 0.725586 0.916016 0.005859 0.003906
1 0.524414 0.925781 0.021484 0.023438
1 0.410156 0.932617 0.035156 0.037109
1 0.416016 0.915039 0.003906 0.001953
1 0.741211 0.916016 0.009766 0.007812
1 0.611328 0.914062 0.003906 0.003906
1 0.530273 0.913086 0.001953 0.001953
1 0.814453 0.926758 0.035156 0.033203
1 0.546875 0.914062 0.003906 0.011719
0 0.474609 0.909180 0.003906 0.001953
1 0.982422 0.922852 0.035156 0.033203
0 0.736328 0.909180 0.007812 0.005859
0 0.720703 0.908203 0.003906 0.003906
1 0.619141 0.925781 0.031250 0.039062
0 0.485352 0.911133 0.013672 0.009766
0 0.729492 0.902344 0.009766 0.007812
1 0.696289 0.897461 0.001953 0.001953
1 0.688477 0.896484 0.009766 0.003906
1 0.526367 0.904297 0.017578 0.019531
1 0.612305 0.893555 0.001953 0.001953
1 0.844727 0.887695 0.001953 0.001953
0 0.736328 0.892578 0.015625 0.011719
1 0.986328 0.879883 0.003906 0.001953
1 0.947266 0.885742 0.011719 0.013672
0 0.813477 0.880859 0.009766 0.007812
0 0.559570 0.880859 0.009766 0.015625
1 0.902344 0.875000 0.011719 0.007812
1 0.815430 0.872070 0.001953 0.001953
1 0.811523 0.873047 0.001953 0.003906
0 0.674805 0.872070 0.001953 0.001953
1 0.170898 0.872070 0.001953 0.001953
1 0.301758 0.870117 0.001953 0.001953
1 0.815430 0.866211 0.005859 0.001953
1 0.807617 0.866211 0.001953 0.001953
1 0.801758 0.866211 0.001953 0.001953
1 0.957031 0.861328 0.003906 0.003906
1 0.760742 0.862305 0.009766 0.005859
1 0.355469 0.863281 0.003906 0.011719
1 0.934570 0.856445 0.001953 0.001953
1 0.929688 0.856445 0.003906 0.001953
1 0.877930 0.856445 0.001953 0.001953
1 0.829102 0.856445 0.001953 0.001953
1 0.824219 0.857422 0.003906 0.003906
0 0.680664 0.856445 0.001953 0.001953
1 0.891602 0.855469 0.005859 0.003906
1 0.866211 0.856445 0.005859 0.005859
1 0.631836 0.854492 0.001953 0.001953
1 0.625977 0.855469 0.001953 0.003906
1 0.583008 0.857422 0.017578 0.007812
1 0.311523 0.859375 0.013672 0.011719
1 0.311523 0.854492 0.001953 0.001953
1 0.640625 0.853516 0.003906 0.003906
1 0.891602 0.850586 0.001953 0.001953
1 0.872070 0.850586 0.001953 0.001953
0 0.664062 0.867188 0.027344 0.039062
1 0.866211 0.847656 0.005859 0.003906
1 0.341797 0.848633 0.015625 0.009766
1 0.160156 0.857422 0.019531 0.027344
1 0.579102 0.842773 0.001953 0.001953
1 0.413086 0.844727 0.009766 0.005859
1 0.348633 0.840820 0.001953 0.001953
1 0.866211 0.840820 0.001953 0.005859
0 0.423828 0.836914 0.003906 0.001953
1 0.377930 0.836914 0.001953 0.001953
1 0.350586 0.836914 0.001953 0.001953
1 0.927734 0.834961 0.003906 0.001953
1 0.697266 0.833008 0.007812 0.001953
0 0.672852 0.833008 0.001953 0.001953
1 0.446289 0.832031 0.001953 0.003906
1 0.442383 0.831055 0.001953 0.001953
1 0.930664 0.830078 0.001953 0.003906
1 0.698242 0.829102 0.001953 0.001953
0 0.380859 0.830078 0.003906 0.003906
1 0.865234 0.829102 0.003906 0.005859
1 0.857422 0.830078 0.003906 0.007812
1 0.961914 0.823242 0.001953 0.001953
1 0.883789 0.836914 0.025391 0.029297
1 0.584961 0.823242 0.001953 0.001953
1 0.002930 0.823242 0.001953 0.001953
1 0.895508 0.821289 0.001953 0.001953
1 0.891602 0.819336 0.001953 0.001953
0 0.872070 0.813477 0.001953 0.001953
1 0.948242 0.823242 0.037109 0.025391
1 0.897461 0.811523 0.001953 0.001953
1 0.893555 0.811523 0.001953 0.001953
1 0.844727 0.819336 0.029297 0.021484
1 0.587891 0.823242 0.027344 0.033203
1 0.959961 0.805664 0.001953 0.001953
1 0.713867 0.818359 0.044922 0.031250
1 0.834961 0.803711 0.009766 0.005859
1 0.675781 0.804688 0.007812 0.011719
1 0.363281 0.816406 0.027344 0.035156
1 0.639648 0.793945 0.001953 0.001953
1 0.137695 0.797852 0.013672 0.017578
0 0.987305 0.790039 0.001953 0.005859
1 0.641602 0.789062 0.001953 0.003906
1 0.950195 0.792969 0.025391 0.015625
1 0.160156 0.793945 0.007812 0.021484
1 0.666992 0.783203 0.005859 0.003906
1 0.967773 0.774414 0.001953 0.001953
0 0.831055 0.770508 0.001953 0.001953
1 0.826172 0.764648 0.011719 0.005859
1 0.590820 0.757812 0.001953 0.003906
1 0.975586 0.759766 0.009766 0.011719
1 0.822266 0.755859 0.011719 0.007812
1 0.997070 0.755859 0.005859 0.011719
0 0.978516 0.743164 0.019531 0.009766
1 0.823242 0.737305 0.001953 0.001953
1 0.817383 0.737305 0.005859 0.001953
1 0.558594 0.735352 0.003906 0.001953
1 0.217773 0.733398 0.001953 0.005859
1 0.819336 0.727539 0.005859 0.001953
1 0.813477 0.730469 0.013672 0.007812
1 0.543945 0.727539 0.001953 0.001953
1 0.825195 0.723633 0.001953 0.001953
1 0.827148 0.719727 0.001953 0.001953
0 0.492188 0.722656 0.003906 0.007812
0 0.488281 0.720703 0.003906 0.003906
1 0.297852 0.719727 0.001953 0.001953
1 0.948242 0.713867 0.001953 0.001953
0 0.487305 0.714844 0.005859 0.003906
1 0.344727 0.712891 0.005859 0.003906
1 0.556641 0.718750 0.031250 0.023438
1 0.319336 0.710938 0.013672 0.007812
1 0.317383 0.704102 0.001953 0.001953
1 0.949219 0.702148 0.011719 0.017578
1 0.761719 0.682617 0.003906 0.001953
1 0.630859 0.688477 0.007812 0.013672
1 0.323242 0.695312 0.021484 0.027344
1 0.766602 0.681641 0.001953 0.003906
1 0.588867 0.676758 0.001953 0.001953
1 0.724609 0.674805 0.003906 0.001953
1 0.716797 0.676758 0.003906 0.005859
1 0.272461 0.672852 0.001953 0.001953
1 0.717773 0.670898 0.001953 0.001953
1 0.459961 0.670898 0.001953 0.001953
1 0.598633 0.681641 0.025391 0.027344
1 0.717773 0.666992 0.001953 0.001953
1 0.772461 0.659180 0.001953 0.001953
1 0.469727 0.657227 0.005859 0.001953
1 0.774414 0.653320 0.001953 0.001953
1 0.399414 0.641602 0.001953 0.001953
1 0.470703 0.644531 0.023438 0.011719
1 0.417969 0.641602 0.003906 0.005859
1 0.342773 0.642578 0.009766 0.007812
1 0.399414 0.637695 0.001953 0.001953
1 0.411133 0.635742 0.001953 0.001953
1 0.663086 0.633789 0.005859 0.001953
1 0.958008 0.635742 0.009766 0.009766
0 0.503906 0.634766 0.007812 0.007812
1 0.446289 0.631836 0.001953 0.001953
1 0.411133 0.631836 0.001953 0.001953
1 0.932617 0.635742 0.021484 0.013672
1 0.919922 0.631836 0.007812 0.005859
1 0.952148 0.627930 0.001953 0.001953
1 0.446289 0.627930 0.001953 0.001953
1 0.400391 0.630859 0.003906 0.007812
0 0.504883 0.625977 0.001953 0.001953
1 0.373047 0.659180 0.058594 0.072266
0 0.635742 0.620117 0.001953 0.001953
1 0.469727 0.618164 0.001953 0.001953
1 0.431641 0.620117 0.007812 0.005859
1 0.961914 0.619141 0.005859 0.007812
1 0.458984 0.628906 0.019531 0.027344
1 0.452148 0.616211 0.001953 0.001953
1 0.424805 0.618164 0.001953 0.005859
1 0.954102 0.617188 0.005859 0.011719
1 0.413086 0.612305 0.001953 0.001953
1 0.368164 0.612305 0.001953 0.001953
0 0.625977 0.608398 0.001953 0.001953
1 0.441406 0.617188 0.007812 0.019531
1 0.412109 0.608398 0.003906 0.001953
1 0.448242 0.605469 0.005859 0.007812
1 0.417969 0.606445 0.003906 0.009766
1 0.383789 0.607422 0.021484 0.011719
0 0.614258 0.602539 0.001953 0.005859
1 0.427734 0.596680 0.003906 0.005859
1 0.360352 0.592773 0.001953 0.001953
1 0.539062 0.592773 0.007812 0.005859
1 0.432617 0.586914 0.001953 0.001953
1 0.372070 0.579102 0.001953 0.001953
1 0.364258 0.582031 0.009766 0.007812
1 0.571289 0.577148 0.001953 0.001953
1 0.550781 0.572266 0.003906 0.003906
1 0.568359 0.569336 0.007812 0.001953
1 0.555664 0.569336 0.001953 0.001953
1 0.502930 0.565430 0.001953 0.001953
1 0.495117 0.566406 0.001953 0.003906
1 0.477539 0.565430 0.005859 0.001953
0 0.603516 0.565430 0.011719 0.009766
1 0.487305 0.562500 0.009766 0.007812
1 0.656250 0.559570 0.007812 0.009766
0 0.604492 0.556641 0.001953 0.003906
1 0.590820 0.563477 0.025391 0.041016
1 0.648438 0.541992 0.007812 0.009766
1 0.460938 0.538086 0.003906 0.001953
1 0.474609 0.545898 0.031250 0.025391
1 0.354492 0.533203 0.048828 0.027344
1 0.340820 0.518555 0.001953 0.001953
1 0.630859 0.513672 0.015625 0.019531
1 0.627930 0.489258 0.001953 0.001953
1 0.581055 0.501953 0.021484 0.031250
1 0.596680 0.489258 0.013672 0.021484
1 0.585938 0.480469 0.003906 0.003906
1 0.581055 0.479492 0.001953 0.001953
1 0.586914 0.471680 0.001953 0.001953
1 0.581055 0.471680 0.001953 0.001953
1 0.559570 0.471680 0.001953 0.001953
1 0.547852 0.469727 0.005859 0.005859
1 0.774414 0.471680 0.013672 0.021484
1 0.789062 0.462891 0.011719 0.007812
1 0.615234 0.459961 0.003906 0.001953
1 0.556641 0.464844 0.003906 0.011719
1 0.940430 0.452148 0.001953 0.001953
1 0.516602 0.455078 0.013672 0.007812
1 0.625977 0.450195 0.001953 0.001953
1 0.942383 0.441406 0.005859 0.003906
1 0.645508 0.440430 0.001953 0.001953
1 0.632812 0.437500 0.003906 0.003906
1 0.626953 0.438477 0.003906 0.005859
1 0.659180 0.437500 0.005859 0.007812
1 0.375977 0.434570 0.001953 0.001953
1 0.959961 0.441406 0.025391 0.019531
1 0.625977 0.432617 0.001953 0.001953
1 0.653320 0.430664 0.001953 0.005859
1 0.659180 0.428711 0.005859 0.005859
1 0.387695 0.426758 0.001953 0.001953
1 0.372070 0.426758 0.009766 0.009766
1 0.658203 0.420898 0.003906 0.001953
1 0.649414 0.423828 0.009766 0.011719
1 0.455078 0.418945 0.003906 0.001953
1 0.645508 0.415039 0.001953 0.001953
0 0.535156 0.414062 0.011719 0.011719
1 0.479492 0.408203 0.001953 0.003906
1 0.463867 0.410156 0.005859 0.011719
1 0.377930 0.405273 0.001953 0.001953
1 0.370117 0.397461 0.001953 0.001953
0 0.913086 0.401367 0.005859 0.013672
1 0.737305 0.396484 0.001953 0.003906
1 0.666016 0.407227 0.023438 0.025391
1 0.657227 0.395508 0.001953 0.001953
0 0.643555 0.395508 0.001953 0.001953
1 0.396484 0.401367 0.007812 0.013672
1 0.385742 0.396484 0.005859 0.003906
1 0.715820 0.387695 0.001953 0.001953
1 0.725586 0.385742 0.013672 0.013672
0 0.641602 0.384766 0.013672 0.015625
1 0.861328 0.375977 0.003906 0.005859
1 0.650391 0.373047 0.007812 0.003906
1 0.856445 0.371094 0.005859 0.003906
1 0.858398 0.366211 0.001953 0.001953
1 0.893555 0.383789 0.041016 0.041016
1 0.870117 0.365234 0.001953 0.003906
0 0.588867 0.362305 0.001953 0.001953
1 0.083008 0.357422 0.001953 0.003906
1 0.844727 0.363281 0.021484 0.019531
1 0.774414 0.339844 0.005859 0.007812
0 0.676758 0.331055 0.001953 0.001953
1 0.928711 0.327148 0.001953 0.001953
0 0.676758 0.327148 0.001953 0.001953
0 0.672852 0.319336 0.001953 0.001953
1 0.666992 0.315430 0.005859 0.005859
1 0.655273 0.313477 0.001953 0.001953
1 0.993164 0.298828 0.005859 0.003906
1 0.040039 0.308594 0.021484 0.027344
1 0.041992 0.291992 0.001953 0.001953
0 0.041992 0.288086 0.001953 0.001953
1 0.036133 0.289062 0.001953 0.003906
1 0.991211 0.284180 0.001953 0.001953
1 0.997070 0.288086 0.005859 0.013672
0 0.854492 0.282227 0.001953 0.001953
1 0.993164 0.280273 0.001953 0.001953
1 0.989258 0.280273 0.001953 0.001953
0 0.871094 0.279297 0.003906 0.003906
0 0.993164 0.276367 0.001953 0.001953
1 0.387695 0.281250 0.009766 0.015625
0 0.857422 0.275391 0.007812 0.007812
1 0.514648 0.272461 0.001953 0.001953
1 0.459961 0.272461 0.001953 0.001953
1 0.510742 0.266602 0.001953 0.001953
1 0.293945 0.260742 0.001953 0.001953
1 0.290039 0.260742 0.001953 0.001953
0 0.081055 0.260742 0.001953 0.001953
1 0.994141 0.267578 0.011719 0.019531
1 0.993164 0.258789 0.001953 0.001953
1 0.282227 0.254883 0.001953 0.001953
1 0.278320 0.254883 0.001953 0.001953
1 0.299805 0.252930 0.001953 0.001953
1 0.905273 0.249023 0.001953 0.001953
1 0.905273 0.243164 0.001953 0.001953
1 0.901367 0.243164 0.001953 0.001953
1 0.032227 0.240234 0.001953 0.003906
1 0.998047 0.244141 0.003906 0.015625
1 0.872070 0.237305 0.001953 0.005859
1 0.288086 0.245117 0.013672 0.021484
1 0.889648 0.240234 0.021484 0.019531
1 0.179688 0.233398 0.003906 0.005859
0 0.985352 0.230469 0.005859 0.003906
1 0.864258 0.227539 0.001953 0.001953
1 0.844727 0.219727 0.001953 0.001953
1 0.862305 0.217773 0.001953 0.001953
0 0.099609 0.220703 0.007812 0.007812
0 0.973633 0.215820 0.001953 0.001953
1 0.267578 0.214844 0.007812 0.007812
0 0.089844 0.209961 0.011719 0.005859
1 0.064453 0.208008 0.003906 0.009766
0 0.086914 0.203125 0.001953 0.003906
0 0.027344 0.204102 0.003906 0.005859
0 0.075195 0.202148 0.009766 0.005859
1 0.250977 0.198242 0.001953 0.001953
1 0.267578 0.197266 0.003906 0.003906
0 0.017578 0.200195 0.011719 0.009766
1 0.268555 0.192383 0.001953 0.001953
0 0.251953 0.188477 0.007812 0.001953
0 0.068359 0.193359 0.011719 0.011719
1 0.397461 0.189453 0.005859 0.007812
0 0.998047 0.186523 0.003906 0.009766
0 0.264648 0.184570 0.013672 0.009766
0 0.444336 0.178711 0.001953 0.001953
1 0.522461 0.161133 0.001953 0.001953
0 0.459961 0.159180 0.005859 0.001953
0 0.987305 0.157227 0.001953 0.001953
0 0.063477 0.171875 0.029297 0.039062
1 0.517578 0.154297 0.007812 0.007812
0 0.448242 0.155273 0.013672 0.009766
0 0.446289 0.147461 0.005859 0.005859
1 0.972656 0.177734 0.054688 0.070312
1 0.334961 0.139648 0.001953 0.001953
1 0.292969 0.141602 0.003906 0.009766
0 0.266602 0.139648 0.001953 0.005859
0 0.259766 0.141602 0.003906 0.009766
1 0.306641 0.134766 0.003906 0.003906
0 0.258789 0.133789 0.001953 0.001953
1 0.237305 0.136719 0.005859 0.007812
0 0.254883 0.131836 0.001953 0.001953
0 0.249023 0.136719 0.013672 0.011719
1 0.235352 0.129883 0.001953 0.001953
1 0.898438 0.132812 0.015625 0.011719
0 0.416992 0.127930 0.001953 0.001953
1 0.263672 0.125000 0.007812 0.003906
1 0.104492 0.124023 0.001953 0.001953
1 0.102539 0.118164 0.001953 0.001953
1 0.111328 0.121094 0.011719 0.011719
1 0.084961 0.116211 0.001953 0.001953
1 0.067383 0.114258 0.001953 0.001953
1 0.213867 0.108398 0.001953 0.001953
1 0.073242 0.108398 0.001953 0.001953
1 0.233398 0.107422 0.001953 0.003906
1 0.153320 0.106445 0.005859 0.001953
1 0.213867 0.104492 0.001953 0.001953
1 0.145508 0.105469 0.005859 0.003906
1 0.116211 0.102539 0.001953 0.001953
1 0.110352 0.101562 0.001953 0.003906
1 0.215820 0.097656 0.001953 0.003906
1 0.025391 0.125000 0.050781 0.058594
1 0.215820 0.092773 0.001953 0.001953
1 0.157227 0.095703 0.005859 0.011719
1 0.151367 0.086914 0.001953 0.001953
1 0.155273 0.084961 0.001953 0.001953
1 0.106445 0.084961 0.001953 0.001953
0 0.447266 0.090820 0.019531 0.017578
1 0.150391 0.083008 0.003906 0.001953
0 0.068359 0.085938 0.007812 0.007812
1 0.159180 0.081055 0.001953 0.001953
0 0.146484 0.076172 0.011719 0.007812
0 0.457031 0.073242 0.007812 0.009766
0 0.425781 0.066406 0.011719 0.011719
1 0.041992 0.060547 0.001953 0.003906
0 0.010742 0.059570 0.001953 0.001953
1 0.512695 0.059570 0.005859 0.005859
1 0.126953 0.081055 0.042969 0.048828
1 0.037109 0.058594 0.003906 0.003906
0 0.012695 0.055664 0.001953 0.001953
0 0.456055 0.055664 0.013672 0.009766
0 0.119141 0.052734 0.003906 0.003906
1 0.113281 0.052734 0.003906 0.003906
1 0.488281 0.050781 0.003906 0.003906
0 0.458008 0.045898 0.001953 0.001953
1 0.440430 0.043945 0.001953 0.001953
1 0.028320 0.045898 0.005859 0.005859
1 0.485352 0.041992 0.001953 0.001953
1 0.581055 0.040039 0.001953 0.001953
1 0.433594 0.042969 0.007812 0.007812
1 0.481445 0.039062 0.005859 0.007812
0 0.454102 0.028320 0.001953 0.001953
1 0.411133 0.027344 0.001953 0.003906
1 0.143555 0.033203 0.029297 0.019531
0 0.129883 0.027344 0.001953 0.007812
0 0.125977 0.025391 0.001953 0.003906
1 0.904297 0.026367 0.007812 0.009766
0 0.457031 0.022461 0.003906 0.001953
0 0.133789 0.022461 0.001953 0.001953
1 0.032227 0.022461 0.001953 0.001953
1 0.125977 0.020508 0.001953 0.001953
1 0.401367 0.018555 0.001953 0.001953
0 0.098633 0.018555 0.001953 0.001953
0 0.105469 0.020508 0.007812 0.013672
0 0.133789 0.012695 0.009766 0.013672
1 0.103516 0.008789 0.007812 0.005859
1 0.658203 0.006836 0.011719 0.005859
1 0.916992 0.015625 0.037109 0.031250
1 0.661133 0.000977 0.001953 0.001953
1 0.558594 0.006836 0.035156 0.013672
1 0.500000 0.010742 0.011719 0.021484
0 0.444336 0.027344 0.068359 0.054688
1 0.350586 0.007812 0.048828 0.015625
0 0.122070 0.000977 0.001953 0.001953
0 0.065430 0.019531 0.060547 0.039062
1 0.015625 0.029297 0.031250 0.058594
3 0.521484 0.997070 0.003906 0.005859
3 0.999023 0.922852 0.001953 0.001953
3 0.999023 0.917969 0.001953 0.003906
3 0.969727 0.916992 0.001953 0.001953
2 0.975586 0.190430 0.001953 0.001953
2 0.999023 0.186523 0.001953 0.001953
3 0.030273 0.120117 0.001953 0.001953
2 0.448242 0.028320 0.001953 0.001953
2 0.436523 0.020508 0.001953 0.001953
3 0.019531 0.020508 0.007812 0.013672
3 0.028320 0.010742 0.001953 0.001953
3 0.932617 0.009766 0.001953 0.003906
3 0.338867 0.008789 0.001953 0.001953
3 0.022461 0.009766 0.001953 0.003906
3 0.040039 0.005859 0.005859 0.003906
2 0.569336 0.003906 0.001953 0.003906
3 0.500000 0.500000 1.000000 1.000000