0 0.407227 0.999023 0.001953 0.001953
0 0.717773 0.998047 0.005859 0.003906
0 0.802734 0.997070 0.003906 0.005859
0 0.870117 0.996094 0.033203 0.007812
0 0.649414 0.989258 0.001953 0.001953
0 0.397461 0.989258 0.001953 0.001953
1 0.999023 0.987305 0.001953 0.001953
0 0.317383 0.987305 0.001953 0.001953
0 0.983398 0.985352 0.001953 0.001953
0 0.680664 0.992188 0.017578 0.015625
0 0.497070 0.986328 0.013672 0.003906
0 0.434570 0.992188 0.021484 0.015625
0 0.545898 0.983398 0.001953 0.001953
0 0.897461 0.981445 0.001953 0.001953
0 0.857422 0.981445 0.003906 0.001953
0 0.985352 0.979492 0.001953 0.001953
0 0.477539 0.977539 0.001953 0.001953
0 0.877930 0.973633 0.001953 0.001953
0 0.741211 0.974609 0.009766 0.011719
0 0.486328 0.971680 0.003906 0.013672
0 0.539062 0.970703 0.015625 0.023438
0 0.723633 0.957031 0.009766 0.007812
0 0.735352 0.953125 0.001953 0.003906
0 0.508789 0.970703 0.037109 0.039062
0 0.868164 0.948242 0.001953 0.001953
0 0.858398 0.964844 0.041016 0.035156
1 0.063477 0.947266 0.005859 0.003906
0 0.868164 0.944336 0.001953 0.001953
0 0.873047 0.943359 0.003906 0.003906
0 0.326172 0.943359 0.003906 0.003906
0 0.878906 0.941406 0.003906 0.007812
0 0.731445 0.944336 0.013672 0.013672
1 0.000977 0.938477 0.001953 0.001953
0 0.873047 0.936523 0.003906 0.001953
1 0.545898 0.932617 0.001953 0.001953
1 0.538086 0.932617 0.001953 0.001953
0 0.481445 0.932617 0.001953 0.001953
1 0.397461 0.932617 0.001953 0.001953
1 0.012695 0.928711 0.001953 0.001953
1 0.541016 0.927734 0.003906 0.003906
0 0.479492 0.924805 0.001953 0.001953
1 0.687500 0.920898 0.007812 0.005859
0 0.593750 0.923828 0.007812 0.011719
0 0.624023 0.920898 0.017578 0.013672
0 0.848633 0.912109 0.009766 0.011719
0 0.340820 0.899414 0.001953 0.001953
0 0.997070 0.893555 0.001953 0.001953
0 0.507812 0.915039 0.070312 0.060547
1 0.465820 0.881836 0.001953 0.001953
0 0.883789 0.879883 0.001953 0.001953
0 0.875977 0.879883 0.001953 0.001953
0 0.877930 0.875977 0.001953 0.001953
0 0.469727 0.877930 0.009766 0.009766
0 0.459961 0.875977 0.005859 0.005859
0 0.877930 0.872070 0.005859 0.001953
0 0.476562 0.868164 0.003906 0.001953
1 0.563477 0.866211 0.001953 0.001953
0 0.690430 0.862305 0.001953 0.001953
0 0.485352 0.865234 0.005859 0.007812
0 0.686523 0.860352 0.001953 0.001953
1 0.666992 0.860352 0.001953 0.001953
1 0.498047 0.863281 0.007812 0.007812
0 0.708008 0.896484 0.103516 0.078125
0 0.546875 0.864258 0.027344 0.029297
0 0.545898 0.845703 0.009766 0.003906
0 0.556641 0.846680 0.007812 0.009766
0 0.519531 0.843750 0.035156 0.027344
0 0.501953 0.832031 0.003906 0.003906
0 0.473633 0.829102 0.001953 0.001953
0 0.485352 0.827148 0.017578 0.005859
0 0.030273 0.817383 0.001953 0.001953
0 0.001953 0.818359 0.003906 0.003906
1 0.708008 0.811523 0.005859 0.005859
0 0.001953 0.809570 0.003906 0.005859
0 0.567383 0.805664 0.001953 0.001953
0 0.571289 0.803711 0.001953 0.001953
0 0.573242 0.816406 0.025391 0.031250
0 0.002930 0.801758 0.001953 0.001953
0 0.067383 0.793945 0.001953 0.001953
0 0.061523 0.794922 0.005859 0.003906
0 0.052734 0.795898 0.003906 0.005859
0 0.057617 0.790039 0.001953 0.001953
0 0.061523 0.788086 0.001953 0.001953
0 0.988281 0.803711 0.023438 0.052734
1 0.120117 0.776367 0.001953 0.001953
1 0.101562 0.773438 0.007812 0.003906
1 0.104492 0.768555 0.001953 0.001953
1 0.100586 0.768555 0.001953 0.001953
0 0.543945 0.756836 0.001953 0.001953
0 0.252930 0.751953 0.005859 0.003906
0 0.073242 0.745117 0.001953 0.001953
0 0.069336 0.743164 0.001953 0.001953
0 0.546875 0.742188 0.003906 0.003906
0 0.001953 0.757812 0.003906 0.042969
0 0.516602 0.735352 0.001953 0.001953
0 0.543945 0.736328 0.005859 0.007812
0 0.299805 0.731445 0.001953 0.001953
0 0.290039 0.734375 0.009766 0.007812
0 0.278320 0.731445 0.001953 0.001953
0 0.264648 0.731445 0.001953 0.001953
0 0.165039 0.731445 0.001953 0.001953
0 0.023438 0.725586 0.003906 0.001953
0 0.184570 0.723633 0.001953 0.001953
0 0.506836 0.720703 0.001953 0.003906
0 0.350586 0.717773 0.001953 0.001953
0 0.504883 0.715820 0.001953 0.001953
0 0.985352 0.713867 0.001953 0.001953
0 0.529297 0.711914 0.003906 0.001953
0 0.303711 0.709961 0.001953 0.001953
0 0.506836 0.706055 0.001953 0.001953
0 0.543945 0.702148 0.001953 0.001953
0 0.522461 0.704102 0.009766 0.005859
0 0.475586 0.711914 0.025391 0.021484
0 0.266602 0.850586 0.533203 0.298828
0 0.114258 0.702148 0.001953 0.001953
0 0.352539 0.705078 0.017578 0.015625
0 0.072266 0.695312 0.003906 0.003906
0 0.106445 0.688477 0.001953 0.001953
0 0.999023 0.687500 0.001953 0.003906
0 0.119141 0.690430 0.007812 0.009766
0 0.991211 0.699219 0.017578 0.031250
0 0.077148 0.682617 0.001953 0.001953
0 0.037109 0.682617 0.003906 0.001953
0 0.063477 0.680664 0.001953 0.001953
0 0.058594 0.681641 0.003906 0.003906
0 0.036133 0.677734 0.005859 0.003906
0 0.078125 0.675781 0.003906 0.003906
0 0.093750 0.689453 0.039062 0.042969
0 0.213867 0.655273 0.005859 0.005859
0 0.067383 0.653320 0.001953 0.001953
0 0.072266 0.666992 0.019531 0.033203
0 0.967773 0.650391 0.005859 0.003906
0 0.206055 0.649414 0.001953 0.001953
0 0.247070 0.645508 0.001953 0.001953
0 0.475586 0.639648 0.001953 0.001953
0 0.875977 0.637695 0.001953 0.001953
0 0.252930 0.635742 0.001953 0.001953
0 0.586914 0.629883 0.001953 0.001953
0 0.575195 0.628906 0.005859 0.003906
0 0.193359 0.627930 0.007812 0.005859
0 0.987305 0.635742 0.025391 0.037109
0 0.854492 0.618164 0.001953 0.001953
0 0.573242 0.617188 0.009766 0.003906
0 0.224609 0.630859 0.062500 0.042969
0 0.807617 0.607422 0.001953 0.003906
0 0.059570 0.606445 0.001953 0.001953
0 0.070312 0.604492 0.007812 0.013672
0 0.292969 0.597656 0.003906 0.003906
0 0.604492 0.597656 0.009766 0.011719
0 0.364258 0.593750 0.001953 0.003906
0 0.292969 0.593750 0.007812 0.003906
0 0.907227 0.590820 0.001953 0.001953
0 0.893555 0.589844 0.001953 0.003906
0 0.626953 0.589844 0.003906 0.003906
0 0.278320 0.588867 0.001953 0.001953
0 0.827148 0.583008 0.005859 0.005859
1 0.836914 0.579102 0.001953 0.001953
1 0.832031 0.578125 0.003906 0.003906
0 0.563477 0.573242 0.009766 0.005859
0 0.309570 0.563477 0.005859 0.001953
0 0.569336 0.559570 0.001953 0.001953
0 0.309570 0.559570 0.001953 0.001953
0 0.297852 0.553711 0.005859 0.005859
0 0.331055 0.549805 0.001953 0.001953
0 0.321289 0.548828 0.001953 0.003906
0 0.360352 0.543945 0.001953 0.001953
0 0.312500 0.545898 0.007812 0.005859
0 0.901367 0.536133 0.001953 0.001953
0 0.907227 0.534180 0.001953 0.001953
0 0.912109 0.532227 0.003906 0.005859
0 0.326172 0.534180 0.007812 0.013672
1 0.353516 0.526367 0.003906 0.001953
1 0.851562 0.527344 0.007812 0.007812
1 0.318359 0.520508 0.011719 0.009766
0 0.303711 0.520508 0.005859 0.009766
1 0.481445 0.514648 0.001953 0.001953
1 0.437500 0.523438 0.023438 0.019531
1 0.339844 0.514648 0.003906 0.001953
1 0.456055 0.508789 0.001953 0.001953
0 0.907227 0.506836 0.001953 0.001953
1 0.895508 0.506836 0.001953 0.001953
1 0.450195 0.506836 0.005859 0.009766
0 0.283203 0.514648 0.042969 0.025391
1 0.446289 0.500977 0.001953 0.001953
1 0.436523 0.500977 0.005859 0.001953
0 0.236328 0.487305 0.003906 0.001953
0 0.291992 0.478516 0.013672 0.015625
1 0.278320 0.466797 0.001953 0.003906
1 0.279297 0.461914 0.003906 0.001953
1 0.573242 0.446289 0.001953 0.001953
1 0.579102 0.444336 0.005859 0.005859
0 0.899414 0.438477 0.001953 0.001953
1 0.581055 0.436523 0.001953 0.001953
1 0.561523 0.437500 0.005859 0.003906
1 0.607422 0.433594 0.003906 0.003906
1 0.024414 0.432617 0.001953 0.001953
0 0.952148 0.426758 0.001953 0.001953
0 0.006836 0.416016 0.001953 0.003906
1 0.967773 0.411133 0.001953 0.001953
0 0.624023 0.411133 0.001953 0.001953
1 0.959961 0.401367 0.001953 0.001953
0 0.022461 0.391602 0.001953 0.001953
0 0.006836 0.387695 0.001953 0.001953
0 0.001953 0.387695 0.003906 0.001953
0 0.541992 0.383789 0.001953 0.001953
0 0.549805 0.379883 0.001953 0.001953
0 0.456055 0.379883 0.001953 0.001953
0 0.543945 0.377930 0.001953 0.001953
0 0.563477 0.374023 0.001953 0.001953
0 0.897461 0.369141 0.001953 0.003906
0 0.420898 0.366211 0.001953 0.001953
0 0.469727 0.362305 0.001953 0.001953
0 0.381836 0.362305 0.001953 0.001953
0 0.372070 0.356445 0.001953 0.001953
0 0.985352 0.352539 0.001953 0.001953
0 0.362305 0.340820 0.001953 0.001953
0 0.431641 0.330078 0.003906 0.003906
0 0.541992 0.325195 0.001953 0.001953
0 0.532227 0.325195 0.001953 0.001953
0 0.508789 0.325195 0.001953 0.001953
0 0.409180 0.325195 0.001953 0.001953
0 0.019531 0.320312 0.003906 0.003906
0 0.006836 0.325195 0.013672 0.021484
0 0.452148 0.313477 0.001953 0.001953
0 0.370117 0.309570 0.001953 0.001953
0 0.558594 0.307617 0.007812 0.001953
0 0.565430 0.305664 0.001953 0.001953
1 0.469727 0.299805 0.001953 0.001953
0 0.458984 0.299805 0.003906 0.001953
0 0.439453 0.300781 0.003906 0.003906
1 0.469727 0.295898 0.001953 0.001953
1 0.459961 0.293945 0.001953 0.001953
1 0.625977 0.291016 0.001953 0.003906
0 0.262695 0.284180 0.001953 0.001953
0 0.278320 0.282227 0.001953 0.001953
1 0.482422 0.286133 0.019531 0.013672
0 0.493164 0.278320 0.001953 0.001953
0 0.624023 0.276367 0.005859 0.005859
0 0.221680 0.270508 0.001953 0.001953
0 0.031250 0.294922 0.062500 0.054688
1 0.202148 0.270508 0.025391 0.009766
1 0.180664 0.266602 0.001953 0.001953
1 0.161133 0.266602 0.001953 0.001953
1 0.225586 0.262695 0.001953 0.001953
0 0.240234 0.265625 0.007812 0.011719
1 0.223633 0.256836 0.001953 0.001953
0 0.360352 0.254883 0.001953 0.001953
1 0.224609 0.252930 0.003906 0.001953
1 0.214844 0.251953 0.003906 0.003906
0 0.274414 0.255859 0.044922 0.023438
0 0.352539 0.241211 0.001953 0.001953
0 0.304688 0.249023 0.019531 0.021484
1 0.299805 0.235352 0.001953 0.001953
0 0.007812 0.225586 0.003906 0.001953
0 0.358398 0.228516 0.009766 0.011719
0 0.528320 0.219727 0.001953 0.001953
0 0.293945 0.217773 0.005859 0.009766
0 0.288086 0.208984 0.005859 0.003906
0 0.125977 0.208008 0.001953 0.001953
0 0.371094 0.213867 0.015625 0.017578
0 0.126953 0.250000 0.175781 0.089844
0 0.020508 0.207031 0.001953 0.003906
0 0.292969 0.205078 0.003906 0.003906
0 0.261719 0.206055 0.003906 0.005859
0 0.366211 0.202148 0.001953 0.001953
0 0.745117 0.196289 0.001953 0.001953
0 0.151367 0.195312 0.001953 0.003906
0 0.552734 0.193359 0.003906 0.003906
0 0.291016 0.196289 0.007812 0.009766
1 0.281250 0.189453 0.003906 0.003906
0 0.165039 0.186523 0.001953 0.001953
0 0.159180 0.186523 0.001953 0.001953
0 0.312500 0.185547 0.011719 0.007812
0 0.170898 0.182617 0.001953 0.001953
0 0.566406 0.183594 0.003906 0.007812
0 0.537109 0.178711 0.003906 0.001953
0 0.858398 0.172852 0.001953 0.001953
0 0.730469 0.166992 0.003906 0.001953
0 0.544922 0.176758 0.027344 0.025391
0 0.536133 0.165039 0.001953 0.001953
1 0.028320 0.163086 0.001953 0.001953
0 0.024414 0.161133 0.001953 0.001953
0 0.735352 0.159180 0.001953 0.001953
0 0.731445 0.159180 0.001953 0.001953
1 0.055664 0.161133 0.009766 0.013672
0 0.973633 0.153320 0.001953 0.001953
0 0.542969 0.155273 0.015625 0.013672
1 0.536133 0.148438 0.005859 0.003906
0 0.991211 0.133789 0.001953 0.001953
0 0.217773 0.166016 0.068359 0.074219
0 0.096680 0.129883 0.001953 0.001953
0 0.746094 0.101562 0.003906 0.003906
0 0.854492 0.098633 0.001953 0.001953
0 0.784180 0.097656 0.001953 0.003906
0 0.788086 0.092773 0.001953 0.001953
0 0.256836 0.082031 0.013672 0.011719
0 0.512695 0.088867 0.029297 0.029297
0 0.196289 0.079102 0.009766 0.009766
0 0.194336 0.069336 0.009766 0.009766
0 0.744141 0.078125 0.035156 0.035156
0 0.194336 0.061523 0.001953 0.001953
0 0.833008 0.048828 0.005859 0.003906
0 0.257812 0.046875 0.007812 0.003906
0 0.835938 0.044922 0.003906 0.003906
0 0.284180 0.041992 0.001953 0.001953
0 0.601562 0.039062 0.003906 0.003906
0 0.604492 0.034180 0.001953 0.001953
0 0.855469 0.050781 0.035156 0.050781
0 0.152344 0.029297 0.011719 0.015625
0 0.612305 0.018555 0.001953 0.001953
0 0.599609 0.024414 0.023438 0.013672
0 0.203125 0.024414 0.007812 0.013672
0 0.200195 0.018555 0.001953 0.001953
0 0.241211 0.014648 0.001953 0.001953
0 0.588867 0.012695 0.001953 0.001953
0 0.907227 0.010742 0.001953 0.001953
0 0.241211 0.010742 0.001953 0.001953
0 0.611328 0.010742 0.011719 0.009766
0 0.622070 0.002930 0.001953 0.001953
0 0.618164 0.002930 0.001953 0.001953
0 0.510742 0.014648 0.029297 0.025391
0 0.259766 0.021484 0.039062 0.039062
0 0.500000 0.500000 1.000000 1.000000
0 0.816406 0.020508 0.031250 0.041016
0 0.648438 0.019531 0.046875 0.039062
0 0.529297 0.000977 0.003906 0.001953
0 0.185547 0.001953 0.003906 0.003906
0 0.090820 0.104492 0.181641 0.208984
0 0.023438 0.034180 0.046875 0.068359
2 0.143555 0.999023 0.001953 0.001953
2 0.899414 0.997070 0.001953 0.001953
2 0.940430 0.995117 0.001953 0.001953
2 0.923828 0.997070 0.003906 0.005859
3 0.352539 0.996094 0.013672 0.007812
2 0.933594 0.994141 0.007812 0.011719
2 0.950195 0.979492 0.001953 0.005859
2 0.367188 0.977539 0.003906 0.001953
2 0.328125 0.987305 0.042969 0.025391
2 0.950195 0.973633 0.001953 0.001953
2 0.381836 0.973633 0.001953 0.001953
2 0.986328 0.984375 0.027344 0.031250
2 0.367188 0.971680 0.015625 0.005859
2 0.348633 0.970703 0.005859 0.003906
2 0.944336 0.968750 0.001953 0.003906
2 0.988281 0.965820 0.003906 0.001953
2 0.411133 0.954102 0.001953 0.001953
2 0.916992 0.950195 0.001953 0.001953
2 0.377930 0.946289 0.001953 0.001953
2 0.956055 0.938477 0.001953 0.001953
2 0.201172 0.938477 0.003906 0.001953
2 0.151367 0.924805 0.001953 0.001953
2 0.128906 0.917969 0.003906 0.003906
3 0.047852 0.942383 0.095703 0.072266
2 0.967773 0.904297 0.005859 0.003906
2 0.218750 0.913086 0.046875 0.041016
2 0.225586 0.890625 0.001953 0.003906
2 0.221680 0.889648 0.001953 0.001953
2 0.133789 0.890625 0.001953 0.003906
2 0.102539 0.879883 0.001953 0.001953
2 0.239258 0.877930 0.001953 0.001953
2 0.120117 0.877930 0.001953 0.001953
2 0.057617 0.879883 0.005859 0.005859
2 0.076172 0.876953 0.007812 0.003906
2 0.049805 0.878906 0.005859 0.007812
2 0.075195 0.869141 0.009766 0.003906
2 0.229492 0.866211 0.001953 0.001953
2 0.119141 0.891602 0.070312 0.060547
2 0.449219 0.861328 0.007812 0.003906
2 0.436523 0.860352 0.001953 0.001953
2 0.129883 0.858398 0.001953 0.001953
2 0.043945 0.866211 0.037109 0.017578
2 0.416992 0.853516 0.009766 0.003906
3 0.436523 0.851562 0.001953 0.007812
2 0.414062 0.843750 0.003906 0.003906
2 0.477539 0.841797 0.005859 0.003906
2 0.481445 0.838867 0.001953 0.001953
2 0.249023 0.865234 0.115234 0.058594
2 0.139648 0.833008 0.017578 0.005859
2 0.016602 0.831055 0.001953 0.001953
2 0.166992 0.843750 0.048828 0.035156
2 0.161133 0.825195 0.001953 0.001953
2 0.157227 0.825195 0.001953 0.001953
3 0.833008 0.823242 0.001953 0.001953
2 0.168945 0.821289 0.001953 0.001953
3 0.752930 0.815430 0.001953 0.001953
3 0.828125 0.815430 0.011719 0.005859
2 0.293945 0.813477 0.001953 0.001953
2 0.242188 0.813477 0.003906 0.001953
2 0.394531 0.815430 0.007812 0.009766
2 0.429688 0.810547 0.007812 0.003906
2 0.903320 0.807617 0.001953 0.001953
2 0.129883 0.807617 0.001953 0.001953
2 0.410156 0.807617 0.003906 0.009766
2 0.285156 0.802734 0.007812 0.003906
2 0.166992 0.801758 0.001953 0.001953
2 0.288086 0.799805 0.001953 0.001953
3 0.370117 0.795898 0.001953 0.001953
3 0.293945 0.795898 0.001953 0.001953
2 0.154297 0.793945 0.003906 0.005859
3 0.790039 0.813477 0.060547 0.048828
2 0.514648 0.790039 0.001953 0.001953
2 0.419922 0.791016 0.003906 0.003906
2 0.142578 0.788086 0.003906 0.001953
3 0.280273 0.784180 0.009766 0.001953
3 0.786133 0.782227 0.001953 0.001953
3 0.676758 0.782227 0.001953 0.001953
2 0.403320 0.789062 0.037109 0.015625
2 0.998047 0.781250 0.003906 0.003906
2 0.781250 0.780273 0.003906 0.001953
2 0.020508 0.776367 0.001953 0.001953
2 0.782227 0.774414 0.001953 0.001953
2 0.166016 0.789062 0.027344 0.031250
2 0.841797 0.772461 0.003906 0.001953
2 0.791992 0.772461 0.001953 0.001953
2 0.502930 0.770508 0.001953 0.001953
2 0.315430 0.810547 0.134766 0.082031
2 0.817383 0.765625 0.009766 0.003906
2 0.733398 0.760742 0.001953 0.001953
2 0.510742 0.760742 0.001953 0.001953
2 0.491211 0.765625 0.009766 0.011719
2 0.423828 0.771484 0.019531 0.023438
2 0.830078 0.759766 0.007812 0.003906
2 0.495117 0.756836 0.001953 0.001953
2 0.310547 0.762695 0.015625 0.013672
2 0.600586 0.754883 0.001953 0.001953
2 0.501953 0.760742 0.011719 0.013672
2 0.973633 0.869141 0.052734 0.234375
2 0.592773 0.754883 0.005859 0.005859
2 0.567383 0.752930 0.001953 0.001953
3 0.120117 0.750977 0.001953 0.001953
2 0.358398 0.750000 0.013672 0.007812
2 0.846680 0.745117 0.001953 0.001953
2 0.372070 0.755859 0.033203 0.035156
2 0.678711 0.735352 0.001953 0.001953
2 0.678711 0.731445 0.001953 0.001953
2 0.630859 0.734375 0.023438 0.007812
3 0.918945 0.735352 0.005859 0.013672
2 0.747070 0.729492 0.001953 0.001953
2 0.409180 0.724609 0.001953 0.003906
2 0.404297 0.723633 0.003906 0.001953
2 0.686523 0.719727 0.001953 0.001953
2 0.026367 0.717773 0.001953 0.001953
2 0.868164 0.772461 0.076172 0.134766
2 0.375977 0.705078 0.009766 0.003906
2 0.625977 0.703125 0.001953 0.003906
2 0.012695 0.696289 0.001953 0.001953
3 0.831055 0.695312 0.001953 0.003906
2 0.834961 0.690430 0.001953 0.001953
3 0.831055 0.690430 0.001953 0.001953
2 0.844727 0.689453 0.009766 0.003906
2 0.712891 0.706055 0.046875 0.037109
2 0.782227 0.726562 0.091797 0.085938
2 0.577148 0.683594 0.001953 0.003906
3 0.817383 0.680664 0.001953 0.001953
2 0.008789 0.680664 0.001953 0.001953
2 0.663086 0.665039 0.001953 0.001953
2 0.608398 0.693359 0.037109 0.070312
2 0.389648 0.657227 0.001953 0.001953
2 0.540039 0.655273 0.001953 0.001953
3 0.818359 0.655273 0.003906 0.005859
2 0.391602 0.653320 0.001953 0.001953
2 0.746094 0.653320 0.015625 0.017578
2 0.666016 0.656250 0.011719 0.023438
2 0.659180 0.645508 0.001953 0.001953
2 0.655273 0.645508 0.001953 0.001953
2 0.028320 0.646484 0.001953 0.003906
2 0.657227 0.641602 0.001953 0.001953
2 0.596680 0.639648 0.001953 0.001953
2 0.036133 0.639648 0.001953 0.001953
2 0.430664 0.635742 0.001953 0.001953
2 0.853516 0.633789 0.003906 0.001953
2 0.813477 0.633789 0.001953 0.001953
2 0.440430 0.633789 0.001953 0.001953
2 0.051758 0.634766 0.005859 0.007812
2 0.051758 0.625977 0.001953 0.001953
2 0.985352 0.622070 0.001953 0.001953
2 0.997070 0.621094 0.005859 0.003906
2 0.991211 0.620117 0.001953 0.001953
2 0.774414 0.617188 0.017578 0.003906
2 0.401367 0.614258 0.001953 0.001953
2 0.415039 0.612305 0.001953 0.001953
2 0.819336 0.608398 0.001953 0.001953
2 0.680664 0.609375 0.001953 0.003906
2 0.493164 0.608398 0.001953 0.001953
2 0.393555 0.608398 0.001953 0.001953
2 0.790039 0.600586 0.001953 0.001953
2 0.676758 0.600586 0.001953 0.001953
2 0.561523 0.600586 0.001953 0.001953
2 0.223633 0.598633 0.001953 0.001953
2 0.790039 0.596680 0.001953 0.001953
2 0.416992 0.603516 0.033203 0.019531
2 0.393555 0.594727 0.001953 0.001953
2 0.387695 0.592773 0.001953 0.001953
2 0.407227 0.591797 0.001953 0.003906
2 0.383789 0.587891 0.009766 0.003906
2 0.227539 0.587891 0.009766 0.011719
2 0.799805 0.575195 0.001953 0.001953
2 0.719727 0.575195 0.001953 0.001953
2 0.360352 0.575195 0.001953 0.001953
2 0.668945 0.573242 0.001953 0.001953
2 0.641602 0.574219 0.001953 0.003906
2 0.276367 0.573242 0.001953 0.001953
2 0.354492 0.571289 0.001953 0.001953
3 0.596680 0.569336 0.001953 0.001953
2 0.590820 0.569336 0.001953 0.001953
2 0.091797 0.583008 0.031250 0.029297
2 0.590820 0.565430 0.001953 0.001953
2 0.257812 0.565430 0.003906 0.001953
2 0.712891 0.579102 0.027344 0.037109
2 0.614258 0.561523 0.001953 0.001953
2 0.543945 0.561523 0.001953 0.001953
2 0.258789 0.561523 0.001953 0.001953
2 0.362305 0.557617 0.001953 0.001953
2 0.737305 0.553711 0.001953 0.001953
2 0.656250 0.554688 0.003906 0.003906
2 0.733398 0.552734 0.001953 0.003906
3 0.444336 0.554688 0.013672 0.007812
2 0.647461 0.546875 0.001953 0.003906
2 0.776367 0.543945 0.001953 0.001953
2 0.643555 0.556641 0.025391 0.027344
2 0.452148 0.541992 0.001953 0.001953
2 0.511719 0.545898 0.007812 0.013672
3 0.497070 0.562500 0.080078 0.050781
2 0.208984 0.536133 0.003906 0.009766
2 0.153320 0.535156 0.013672 0.011719
2 0.670898 0.558594 0.052734 0.070312
2 0.163086 0.524414 0.001953 0.001953
2 0.625977 0.520508 0.001953 0.001953
2 0.504883 0.519531 0.005859 0.003906
2 0.010742 0.516602 0.001953 0.001953
3 0.850586 0.512695 0.001953 0.001953
3 0.827148 0.512695 0.001953 0.001953
2 0.602539 0.512695 0.001953 0.001953
2 0.375977 0.512695 0.001953 0.001953
2 0.595703 0.533203 0.066406 0.046875
2 0.325195 0.504883 0.001953 0.001953
2 0.220703 0.505859 0.007812 0.003906
2 0.318359 0.504883 0.007812 0.005859
2 0.613281 0.501953 0.003906 0.007812
2 0.499023 0.502930 0.041016 0.017578
2 0.729492 0.493164 0.001953 0.001953
2 0.720703 0.493164 0.003906 0.001953
2 0.222656 0.494141 0.007812 0.003906
2 0.181641 0.507812 0.031250 0.046875
3 0.211914 0.483398 0.001953 0.001953
2 0.073242 0.481445 0.001953 0.001953
2 0.389648 0.484375 0.013672 0.011719
3 0.213867 0.479492 0.001953 0.001953
2 0.786133 0.507812 0.064453 0.062500
2 0.474609 0.478516 0.007812 0.003906
2 0.535156 0.487305 0.027344 0.025391
2 0.770508 0.474609 0.005859 0.003906
2 0.726562 0.481445 0.015625 0.017578
2 0.482422 0.473633 0.003906 0.005859
2 0.957031 0.468750 0.003906 0.003906
2 0.414062 0.469727 0.007812 0.005859
2 0.753906 0.475586 0.023438 0.021484
3 0.215820 0.468750 0.009766 0.007812
3 0.198242 0.468750 0.009766 0.007812
3 0.967773 0.464844 0.001953 0.003906
2 0.483398 0.463867 0.001953 0.001953
2 0.799805 0.461914 0.001953 0.001953
2 0.504883 0.463867 0.013672 0.009766
3 0.881836 0.458008 0.001953 0.001953
2 0.514648 0.458008 0.001953 0.001953
2 0.562500 0.456055 0.007812 0.001953
3 0.889648 0.454102 0.009766 0.005859
2 0.852539 0.449219 0.005859 0.003906
2 0.191406 0.449219 0.003906 0.003906
2 0.463867 0.722656 0.927734 0.554688
3 0.882812 0.444336 0.003906 0.001953
3 0.559570 0.444336 0.001953 0.001953
3 0.567383 0.442383 0.001953 0.001953
3 0.885742 0.440430 0.001953 0.001953
2 0.862305 0.454102 0.009766 0.029297
2 0.344727 0.440430 0.005859 0.001953
2 0.747070 0.438477 0.005859 0.001953
3 0.570312 0.436523 0.003906 0.001953
2 0.854492 0.430664 0.001953 0.001953
2 0.874023 0.428711 0.001953 0.001953
2 0.837891 0.434570 0.015625 0.013672
2 0.723633 0.424805 0.001953 0.001953
3 0.466797 0.425781 0.003906 0.003906
2 0.682617 0.422852 0.005859 0.009766
3 0.479492 0.416992 0.001953 0.001953
3 0.389648 0.416992 0.001953 0.001953
2 0.779297 0.437500 0.109375 0.050781
2 0.288086 0.413086 0.001953 0.001953
2 0.344727 0.417969 0.013672 0.019531
2 0.381836 0.405273 0.001953 0.001953
2 0.341797 0.405273 0.003906 0.001953
3 0.288086 0.406250 0.001953 0.003906
2 0.371094 0.404297 0.003906 0.003906
2 0.879883 0.401367 0.001953 0.001953
2 0.378906 0.403320 0.003906 0.005859
2 0.339844 0.399414 0.007812 0.005859
2 0.500977 0.395508 0.001953 0.001953
2 0.497070 0.395508 0.001953 0.001953
2 0.122070 0.405273 0.013672 0.021484
2 0.698242 0.394531 0.001953 0.003906
2 0.338867 0.393555 0.001953 0.001953
2 0.135742 0.393555 0.001953 0.001953
2 0.891602 0.560547 0.216797 0.339844
3 0.483398 0.405273 0.044922 0.029297
2 0.481445 0.391602 0.001953 0.001953
2 0.342773 0.391602 0.001953 0.001953
2 0.696289 0.389648 0.001953 0.001953
2 0.338867 0.389648 0.001953 0.001953
2 0.911133 0.387695 0.001953 0.001953
2 0.698242 0.385742 0.001953 0.001953
2 0.504883 0.385742 0.001953 0.001953
2 0.897461 0.383789 0.001953 0.001953
2 0.817383 0.383789 0.021484 0.013672
3 0.247070 0.374023 0.001953 0.001953
2 0.807617 0.372070 0.001953 0.001953
2 0.872070 0.370117 0.001953 0.001953
2 0.631836 0.368164 0.001953 0.001953
2 0.321289 0.368164 0.005859 0.005859
2 0.832031 0.365234 0.003906 0.003906
3 0.819336 0.364258 0.001953 0.001953
2 0.316406 0.365234 0.003906 0.003906
2 0.375977 0.362305 0.001953 0.001953
2 0.592773 0.356445 0.001953 0.001953
2 0.615234 0.362305 0.027344 0.017578
2 0.259766 0.408203 0.128906 0.109375
2 0.105469 0.353516 0.003906 0.003906
2 0.628906 0.348633 0.007812 0.005859
2 0.610352 0.347656 0.001953 0.007812
2 0.738281 0.339844 0.003906 0.003906
2 0.110352 0.340820 0.001953 0.005859
2 0.651367 0.336914 0.001953 0.001953
2 0.761719 0.328125 0.003906 0.003906
2 0.242188 0.327148 0.003906 0.001953
3 0.131836 0.325195 0.001953 0.001953
2 0.937500 0.354492 0.125000 0.064453
2 0.792969 0.322266 0.003906 0.003906
3 0.145508 0.321289 0.001953 0.001953
2 0.989258 0.319336 0.001953 0.001953
2 0.864258 0.319336 0.001953 0.005859
2 0.797852 0.317383 0.005859 0.005859
2 0.661133 0.315430 0.001953 0.001953
2 0.791992 0.313477 0.001953 0.001953
3 0.200195 0.313477 0.001953 0.001953
2 0.183594 0.350586 0.089844 0.076172
2 0.856445 0.311523 0.001953 0.001953
2 0.995117 0.319336 0.009766 0.021484
2 0.652344 0.309570 0.003906 0.001953
2 0.258789 0.307617 0.001953 0.001953
2 0.889648 0.304688 0.001953 0.003906
2 0.240234 0.305664 0.003906 0.005859
2 0.758789 0.299805 0.001953 0.001953
2 0.386719 0.300781 0.003906 0.003906
2 0.751953 0.298828 0.007812 0.003906
2 0.854492 0.301758 0.005859 0.013672
2 0.412109 0.301758 0.011719 0.013672
2 0.556641 0.295898 0.011719 0.005859
2 0.031250 0.297852 0.003906 0.009766
2 0.417969 0.291992 0.003906 0.001953
2 0.372070 0.292969 0.001953 0.003906
2 0.147461 0.290039 0.001953 0.001953
2 0.565430 0.288086 0.001953 0.001953
2 0.553711 0.288086 0.013672 0.005859
2 0.533203 0.286133 0.003906 0.001953
2 0.591797 0.284180 0.003906 0.001953
2 0.538086 0.284180 0.001953 0.001953
3 0.159180 0.282227 0.001953 0.001953
2 0.569336 0.280273 0.001953 0.001953
2 0.450195 0.281250 0.005859 0.003906
2 0.579102 0.278320 0.001953 0.001953
2 0.394531 0.268555 0.003906 0.001953
2 0.701172 0.325195 0.132812 0.130859
2 0.616211 0.260742 0.001953 0.001953
2 0.786133 0.262695 0.021484 0.021484
2 0.613281 0.253906 0.003906 0.003906
2 0.397461 0.252930 0.001953 0.001953
2 0.993164 0.255859 0.013672 0.011719
2 0.721680 0.251953 0.005859 0.003906
2 0.856445 0.247070 0.001953 0.001953
2 0.715820 0.245117 0.001953 0.001953
3 0.739258 0.241211 0.001953 0.001953
3 0.640625 0.243164 0.019531 0.005859
3 0.624023 0.243164 0.005859 0.005859
2 0.924805 0.239258 0.001953 0.001953
2 0.846680 0.286133 0.166016 0.095703
2 0.686523 0.238281 0.005859 0.003906
2 0.801758 0.232422 0.005859 0.003906
3 0.739258 0.231445 0.001953 0.001953
2 0.795898 0.229492 0.001953 0.001953
3 0.745117 0.233398 0.005859 0.009766
2 0.715820 0.241211 0.041016 0.025391
2 0.817383 0.222656 0.017578 0.003906
2 0.713867 0.221680 0.001953 0.001953
2 0.732422 0.222656 0.007812 0.007812
2 0.715820 0.213867 0.001953 0.001953
2 0.804688 0.216797 0.007812 0.015625
2 0.645508 0.209961 0.001953 0.001953
2 0.760742 0.209961 0.017578 0.017578
2 0.665039 0.202148 0.001953 0.001953
2 0.776367 0.194336 0.001953 0.001953
2 0.002930 0.179688 0.005859 0.003906
2 0.960938 0.191406 0.070312 0.031250
2 0.827148 0.131836 0.005859 0.005859
2 0.834961 0.127930 0.001953 0.001953
2 0.847656 0.112305 0.003906 0.001953
2 0.856445 0.110352 0.001953 0.001953
2 0.129883 0.104492 0.001953 0.001953
2 0.133789 0.102539 0.001953 0.001953
2 0.010742 0.086914 0.001953 0.001953
2 0.940430 0.075195 0.001953 0.001953
2 0.051758 0.073242 0.001953 0.001953
2 0.941406 0.070312 0.003906 0.003906
2 0.983398 0.036133 0.001953 0.001953
2 0.897461 0.020508 0.001953 0.001953
2 0.923828 0.108398 0.152344 0.181641
2 0.663086 0.012695 0.001953 0.001953
2 0.946289 0.010742 0.001953 0.001953
2 0.477539 0.248047 0.955078 0.496094
2 0.005859 0.004883 0.011719 0.009766