1 0.466797 0.997070 0.011719 0.005859
1 0.646484 0.996094 0.007812 0.007812
1 0.341797 0.995117 0.011719 0.009766
0 0.303711 0.992188 0.001953 0.003906
1 0.317383 0.989258 0.001953 0.001953
1 0.225586 0.990234 0.021484 0.019531
1 0.291016 0.980469 0.011719 0.003906
1 0.185547 0.986328 0.039062 0.027344
1 0.092773 0.975586 0.005859 0.005859
1 0.701172 0.980469 0.019531 0.019531
1 0.326172 0.982422 0.023438 0.035156
1 0.009766 0.981445 0.019531 0.037109
1 0.732422 0.960938 0.007812 0.007812
1 0.313477 0.956055 0.001953 0.001953
1 0.831055 0.952148 0.001953 0.001953
1 0.194336 0.956055 0.005859 0.009766
1 0.583984 0.953125 0.027344 0.011719
1 0.147461 0.967773 0.060547 0.044922
0 0.701172 0.944336 0.003906 0.001953
1 0.575195 0.940430 0.001953 0.001953
1 0.061523 0.944336 0.005859 0.009766
1 0.380859 0.945312 0.015625 0.019531
1 0.581055 0.934570 0.009766 0.005859
1 0.693359 0.930664 0.003906 0.001953
1 0.091797 0.933594 0.007812 0.007812
1 0.904297 0.928711 0.003906 0.001953
1 0.214844 0.933594 0.007812 0.011719
1 0.610352 0.920898 0.009766 0.001953
1 0.078125 0.944336 0.019531 0.056641
1 0.940430 0.951172 0.119141 0.074219
1 0.739258 0.931641 0.048828 0.039062
1 0.622070 0.913086 0.017578 0.013672
1 0.407227 0.933594 0.044922 0.054688
1 0.509766 0.920898 0.019531 0.033203
1 0.069336 0.908203 0.005859 0.007812
1 0.008789 0.916992 0.017578 0.025391
1 0.292969 0.898438 0.003906 0.003906
1 0.555664 0.924805 0.060547 0.060547
1 0.531250 0.895508 0.003906 0.009766
1 0.376953 0.894531 0.007812 0.007812
0 0.837891 0.887695 0.003906 0.001953
1 0.771484 0.887695 0.003906 0.005859
1 0.037109 0.890625 0.015625 0.011719
1 0.191406 0.887695 0.007812 0.013672
1 0.122070 0.886719 0.009766 0.011719
0 0.603516 0.881836 0.011719 0.005859
1 0.418945 0.882812 0.017578 0.011719
1 0.141602 0.874023 0.001953 0.001953
1 0.715820 0.876953 0.013672 0.015625
1 0.349609 0.914062 0.035156 0.089844
1 0.784180 0.863281 0.001953 0.003906
1 0.789062 0.926758 0.152344 0.130859
1 0.356445 0.863281 0.005859 0.003906
1 0.181641 0.864258 0.011719 0.005859
1 0.674805 0.863281 0.013672 0.007812
1 0.473633 0.894531 0.095703 0.070312
1 0.364258 0.860352 0.005859 0.005859
1 0.944336 0.858398 0.005859 0.005859
1 0.718750 0.857422 0.007812 0.011719
1 0.649414 0.919922 0.095703 0.136719
1 0.700195 0.855469 0.013672 0.011719
1 0.693359 0.846680 0.003906 0.001953
1 0.754883 0.844727 0.001953 0.001953
1 0.380859 0.848633 0.027344 0.017578
1 0.462891 0.845703 0.011719 0.019531
1 0.027344 0.848633 0.031250 0.025391
1 0.845703 0.866211 0.140625 0.064453
1 0.653320 0.834961 0.005859 0.001953
1 0.549805 0.834961 0.001953 0.001953
0 0.252930 0.835938 0.005859 0.003906
1 0.102539 0.831055 0.001953 0.001953
1 0.284180 0.840820 0.021484 0.029297
1 0.552734 0.828125 0.019531 0.011719
1 0.265625 0.823242 0.003906 0.005859
1 0.659180 0.817383 0.001953 0.001953
1 0.977539 0.832031 0.044922 0.035156
1 0.705078 0.828125 0.070312 0.031250
1 0.717773 0.811523 0.001953 0.001953
1 0.553711 0.811523 0.001953 0.001953
0 0.809570 0.811523 0.005859 0.005859
1 0.541016 0.808594 0.007812 0.003906
1 0.559570 0.811523 0.009766 0.013672
1 0.549805 0.805664 0.001953 0.001953
1 0.521484 0.813477 0.019531 0.017578
1 0.547852 0.801758 0.001953 0.001953
0 0.322266 0.800781 0.007812 0.011719
1 0.556641 0.796875 0.011719 0.011719
1 0.575195 0.794922 0.009766 0.011719
1 0.992188 0.794922 0.015625 0.015625
1 0.809570 0.787109 0.005859 0.003906
1 0.474609 0.786133 0.011719 0.009766
1 0.820312 0.782227 0.015625 0.005859
1 0.807617 0.780273 0.001953 0.001953
1 0.463867 0.784180 0.009766 0.009766
0 0.910156 0.778320 0.007812 0.001953
1 0.697266 0.780273 0.007812 0.005859
1 0.991211 0.780273 0.017578 0.009766
1 0.615234 0.801758 0.050781 0.064453
1 0.339844 0.833008 0.175781 0.130859
0 0.971680 0.767578 0.005859 0.003906
1 0.024414 0.764648 0.005859 0.005859
1 0.921875 0.767578 0.007812 0.015625
1 0.794922 0.770508 0.039062 0.021484
0 0.597656 0.762695 0.011719 0.005859
1 0.028320 0.758789 0.001953 0.001953
1 0.328125 0.767578 0.042969 0.023438
1 0.988281 0.763672 0.015625 0.019531
1 0.880859 0.757812 0.019531 0.019531
0 0.995117 0.749023 0.009766 0.009766
0 0.844727 0.741211 0.013672 0.009766
1 0.959961 0.755859 0.033203 0.042969
1 0.737305 0.741211 0.013672 0.013672
1 0.360352 0.740234 0.013672 0.011719
1 0.333008 0.732422 0.005859 0.003906
1 0.866211 0.726562 0.005859 0.003906
0 0.812500 0.726562 0.003906 0.003906
1 0.515625 0.750977 0.074219 0.052734
1 0.065430 0.719727 0.001953 0.001953
1 0.449219 0.721680 0.011719 0.009766
1 0.073242 0.768555 0.146484 0.103516
1 0.502930 0.718750 0.029297 0.015625
1 0.128906 0.714844 0.023438 0.011719
1 0.342773 0.713867 0.013672 0.013672
1 0.252930 0.720703 0.025391 0.027344
1 0.837891 0.714844 0.042969 0.019531
1 0.584961 0.726562 0.060547 0.042969
0 0.926758 0.702148 0.001953 0.001953
1 0.250977 0.698242 0.001953 0.001953
1 0.246094 0.701172 0.003906 0.007812
1 0.804688 0.702148 0.035156 0.013672
1 0.220703 0.706055 0.011719 0.021484
1 0.867188 0.694336 0.003906 0.001953
1 0.124023 0.700195 0.009766 0.013672
1 0.532227 0.695312 0.009766 0.011719
1 0.442383 0.691406 0.009766 0.007812
1 0.083984 0.693359 0.003906 0.011719
1 0.708984 0.703125 0.039062 0.035156
1 0.678711 0.689453 0.017578 0.011719
1 0.086914 0.678711 0.001953 0.001953
1 0.536133 0.682617 0.009766 0.013672
1 0.752930 0.732422 0.044922 0.125000
1 0.356445 0.670898 0.001953 0.001953
1 0.001953 0.672852 0.003906 0.005859
0 0.891602 0.704102 0.041016 0.072266
1 0.040039 0.667969 0.001953 0.003906
1 0.009766 0.669922 0.007812 0.011719
1 0.435547 0.672852 0.027344 0.021484
1 0.020508 0.663086 0.005859 0.001953
1 0.569336 0.661133 0.005859 0.001953
1 0.713867 0.660156 0.001953 0.003906
1 0.298828 0.670898 0.023438 0.025391
1 0.255859 0.670898 0.042969 0.025391
1 0.963867 0.659180 0.013672 0.009766
1 0.713867 0.654297 0.005859 0.003906
1 0.022461 0.656250 0.001953 0.007812
1 0.100586 0.652344 0.005859 0.003906
1 0.069336 0.665039 0.048828 0.033203
1 0.301758 0.647461 0.001953 0.001953
1 0.228516 0.649414 0.003906 0.005859
1 0.527344 0.650391 0.019531 0.011719
1 0.412109 0.654297 0.027344 0.019531
1 0.284180 0.652344 0.029297 0.015625
1 0.176758 0.645508 0.001953 0.001953
1 0.949219 0.648438 0.011719 0.011719
0 0.875977 0.647461 0.017578 0.013672
1 0.452148 0.642578 0.005859 0.003906
1 0.078125 0.641602 0.003906 0.001953
0 0.235352 0.639648 0.009766 0.013672
1 0.219727 0.633789 0.001953 0.001953
1 0.701172 0.638672 0.023438 0.019531
1 0.387695 0.630859 0.001953 0.003906
1 0.634766 0.644531 0.019531 0.050781
0 0.245117 0.623047 0.009766 0.007812
1 0.868164 0.619141 0.005859 0.003906
1 0.821289 0.625000 0.029297 0.015625
1 0.677734 0.615234 0.015625 0.007812
0 0.343750 0.613281 0.003906 0.003906
1 0.613281 0.617188 0.011719 0.019531
0 0.201172 0.610352 0.007812 0.005859
1 0.019531 0.609375 0.003906 0.003906
1 0.700195 0.603516 0.013672 0.003906
1 0.838867 0.602539 0.001953 0.005859
1 0.720703 0.603516 0.015625 0.011719
1 0.750000 0.620117 0.054688 0.048828
1 0.540039 0.602539 0.005859 0.013672
0 0.038086 0.591797 0.005859 0.007812
1 0.606445 0.586914 0.001953 0.001953
0 0.228516 0.602539 0.027344 0.033203
1 0.816406 0.592773 0.027344 0.021484
1 0.778320 0.608398 0.044922 0.056641
0 0.197266 0.582031 0.003906 0.003906
1 0.060547 0.597656 0.070312 0.035156
1 0.955078 0.581055 0.003906 0.005859
1 0.012695 0.619141 0.025391 0.085938
1 0.400391 0.670898 0.156250 0.193359
1 0.751953 0.572266 0.003906 0.003906
1 0.551758 0.596680 0.017578 0.060547
1 0.990234 0.572266 0.019531 0.015625
1 0.250977 0.565430 0.001953 0.001953
0 0.706055 0.564453 0.001953 0.003906
1 0.118164 0.564453 0.005859 0.003906
1 0.422852 0.561523 0.001953 0.001953
1 0.259766 0.565430 0.007812 0.009766
0 0.214844 0.576172 0.007812 0.035156
1 0.139648 0.559570 0.001953 0.001953
1 0.121094 0.578125 0.027344 0.039062
1 0.419922 0.558594 0.003906 0.003906
1 0.094727 0.554688 0.005859 0.003906
1 0.951172 0.551758 0.003906 0.001953
1 0.926758 0.582031 0.052734 0.062500
1 0.041992 0.560547 0.029297 0.019531
0 0.772461 0.552734 0.005859 0.007812
1 0.331055 0.547852 0.001953 0.001953
1 0.366211 0.545898 0.001953 0.001953
0 0.686523 0.543945 0.009766 0.005859
1 0.393555 0.541992 0.001953 0.001953
0 0.722656 0.551758 0.019531 0.025391
0 0.698242 0.541016 0.005859 0.003906
0 0.200195 0.538086 0.001953 0.001953
1 0.655273 0.566406 0.115234 0.062500
1 0.371094 0.540039 0.011719 0.009766
0 0.157227 0.554688 0.044922 0.039062
1 0.045898 0.533203 0.005859 0.007812
1 0.631836 0.528320 0.001953 0.001953
1 0.377930 0.526367 0.001953 0.001953
1 0.664062 0.522461 0.003906 0.001953
1 0.273438 0.524414 0.007812 0.005859
0 0.148438 0.527344 0.007812 0.011719
1 0.642578 0.527344 0.015625 0.015625
0 0.155273 0.520508 0.001953 0.001953
1 0.571289 0.522461 0.017578 0.009766
0 0.207031 0.534180 0.027344 0.033203
1 0.635742 0.516602 0.001953 0.001953
1 0.376953 0.519531 0.007812 0.007812
1 0.105469 0.518555 0.007812 0.005859
1 0.807617 0.516602 0.009766 0.009766
1 0.836914 0.511719 0.005859 0.003906
0 0.668945 0.510742 0.001953 0.001953
1 0.456055 0.506836 0.005859 0.001953
1 0.340820 0.535156 0.056641 0.062500
1 0.409180 0.516602 0.029297 0.029297
1 0.772461 0.517578 0.041016 0.035156
1 0.328125 0.501953 0.003906 0.003906
1 0.468750 0.545898 0.144531 0.095703
0 0.064453 0.504883 0.015625 0.013672
1 0.797852 0.498047 0.001953 0.003906
0 0.650391 0.499023 0.007812 0.005859
0 0.639648 0.500000 0.009766 0.007812
1 0.311523 0.500977 0.025391 0.009766
1 0.118164 0.531250 0.060547 0.074219
1 0.047852 0.504883 0.041016 0.037109
1 0.682617 0.491211 0.013672 0.017578
0 0.387695 0.487305 0.009766 0.009766
1 0.923828 0.484375 0.011719 0.011719
0 0.626953 0.485352 0.011719 0.013672
1 0.395508 0.481445 0.001953 0.005859
1 0.342773 0.483398 0.017578 0.009766
0 0.368164 0.477539 0.013672 0.005859
1 0.313477 0.476562 0.001953 0.003906
1 0.567383 0.473633 0.001953 0.001953
1 0.400391 0.475586 0.003906 0.005859
1 0.770508 0.476562 0.009766 0.011719
1 0.374023 0.471680 0.001953 0.001953
1 0.555664 0.495117 0.041016 0.056641
1 0.109375 0.479492 0.046875 0.025391
1 0.616211 0.465820 0.001953 0.001953
1 0.518555 0.467773 0.005859 0.009766
1 0.334961 0.463867 0.001953 0.001953
1 0.852539 0.475586 0.052734 0.033203
1 0.998047 0.452148 0.003906 0.001953
1 0.655273 0.451172 0.009766 0.015625
1 0.591797 0.461914 0.042969 0.037109
1 0.911133 0.436523 0.001953 0.001953
1 0.887695 0.436523 0.001953 0.001953
1 0.366211 0.426758 0.005859 0.001953
1 0.879883 0.426758 0.005859 0.005859
1 0.810547 0.427734 0.011719 0.011719
1 0.590820 0.430664 0.017578 0.017578
0 0.003906 0.430664 0.007812 0.029297
1 0.692383 0.426758 0.025391 0.025391
1 0.044922 0.423828 0.019531 0.027344
0 0.447266 0.414062 0.011719 0.011719
1 0.528320 0.402344 0.005859 0.003906
1 0.843750 0.399414 0.003906 0.005859
1 0.744141 0.398438 0.003906 0.003906
1 0.652344 0.400391 0.007812 0.007812
1 0.203125 0.447266 0.113281 0.101562
1 0.884766 0.399414 0.007812 0.009766
0 0.302734 0.402344 0.007812 0.023438
1 0.739258 0.471680 0.064453 0.169922
1 0.242188 0.394531 0.023438 0.015625
1 0.903320 0.386719 0.005859 0.003906
1 0.154297 0.388672 0.007812 0.007812
1 0.146484 0.417969 0.078125 0.074219
1 0.667969 0.382812 0.007812 0.007812
1 0.154297 0.380859 0.003906 0.003906
1 0.151367 0.375977 0.001953 0.001953
1 0.259766 0.375000 0.003906 0.003906
1 0.879883 0.375000 0.017578 0.015625
1 0.681641 0.373047 0.019531 0.015625
1 0.950195 0.372070 0.029297 0.021484
1 0.948242 0.461914 0.103516 0.205078
1 0.276367 0.347656 0.005859 0.007812
1 0.119141 0.355469 0.078125 0.023438
1 0.915039 0.342773 0.009766 0.005859
1 0.591797 0.341797 0.003906 0.003906
1 0.396484 0.354492 0.027344 0.029297
1 0.774414 0.344727 0.009766 0.013672
1 0.537109 0.341797 0.007812 0.007812
1 0.879883 0.323242 0.001953 0.001953
1 0.382812 0.327148 0.007812 0.009766
1 0.641602 0.317383 0.001953 0.001953
1 0.263672 0.332031 0.039062 0.031250
1 0.922852 0.315430 0.013672 0.009766
1 0.287109 0.314453 0.007812 0.007812
1 0.173828 0.319336 0.015625 0.017578
1 0.911133 0.307617 0.001953 0.001953
1 0.690430 0.319336 0.021484 0.025391
1 0.647461 0.311523 0.005859 0.009766
1 0.329102 0.305664 0.001953 0.001953
1 0.999023 0.303711 0.001953 0.001953
1 0.883789 0.306641 0.017578 0.011719
1 0.166992 0.302734 0.005859 0.003906
1 0.983398 0.318359 0.033203 0.039062
1 0.365234 0.300781 0.015625 0.011719
1 0.699219 0.295898 0.007812 0.005859
0 0.959961 0.290039 0.021484 0.009766
1 0.394531 0.286133 0.007812 0.009766
1 0.376953 0.288086 0.019531 0.013672
1 0.288086 0.276367 0.005859 0.005859
1 0.421875 0.276367 0.023438 0.017578
1 0.305664 0.326172 0.052734 0.117188
1 0.733398 0.277344 0.017578 0.023438
1 0.763672 0.261719 0.011719 0.007812
1 0.666016 0.263672 0.007812 0.011719
1 0.560547 0.312500 0.250000 0.109375
1 0.455078 0.258789 0.007812 0.013672
1 0.274414 0.255859 0.005859 0.007812
1 0.508789 0.250977 0.001953 0.001953
1 0.504883 0.247070 0.001953 0.001953
0 0.594727 0.243164 0.001953 0.001953
1 0.347656 0.244141 0.019531 0.007812
1 0.260742 0.252930 0.013672 0.025391
1 0.905273 0.239258 0.001953 0.001953
1 0.031250 0.248047 0.031250 0.019531
1 0.000977 0.239258 0.001953 0.001953
1 0.523438 0.247070 0.019531 0.021484
1 0.107422 0.239258 0.003906 0.005859
0 0.582031 0.245117 0.011719 0.021484
0 0.555664 0.237305 0.005859 0.005859
1 0.728516 0.241211 0.015625 0.017578
0 0.559570 0.231445 0.001953 0.001953
1 0.993164 0.232422 0.013672 0.007812
1 0.339844 0.229492 0.011719 0.005859
0 0.592773 0.225586 0.001953 0.001953
1 0.275391 0.228516 0.007812 0.007812
1 0.385742 0.224609 0.005859 0.003906
1 0.209961 0.226562 0.033203 0.015625
1 0.889648 0.250977 0.091797 0.076172
1 0.533203 0.221680 0.015625 0.017578
1 0.522461 0.212891 0.001953 0.003906
1 0.971680 0.210938 0.005859 0.003906
0 0.869141 0.217773 0.007812 0.021484
1 0.246094 0.211914 0.007812 0.009766
1 0.926758 0.207031 0.005859 0.011719
1 0.788086 0.226562 0.033203 0.050781
1 0.711914 0.206055 0.013672 0.009766
1 0.505859 0.206055 0.011719 0.013672
1 0.126953 0.206055 0.019531 0.021484
1 0.565430 0.212891 0.037109 0.039062
1 0.999023 0.190430 0.001953 0.005859
1 0.275391 0.189453 0.007812 0.007812
1 0.026367 0.186523 0.001953 0.001953
1 0.999023 0.184570 0.001953 0.001953
1 0.964844 0.186523 0.007812 0.005859
1 0.527344 0.195312 0.027344 0.023438
1 0.757812 0.205078 0.054688 0.050781
1 0.902344 0.182617 0.007812 0.009766
1 0.565430 0.190430 0.021484 0.025391
1 0.620117 0.184570 0.017578 0.017578
1 0.112305 0.176758 0.001953 0.001953
1 0.864258 0.170898 0.001953 0.001953
1 0.541016 0.175781 0.011719 0.011719
1 0.860352 0.166992 0.005859 0.001953
1 0.013672 0.176758 0.019531 0.021484
0 0.697266 0.160156 0.003906 0.003906
0 0.720703 0.157227 0.003906 0.005859
0 0.706055 0.156250 0.009766 0.003906
0 0.725586 0.151367 0.001953 0.001953
1 0.481445 0.149414 0.001953 0.001953
1 0.473633 0.149414 0.005859 0.005859
1 0.451172 0.151367 0.023438 0.009766
0 0.751953 0.145508 0.003906 0.001953
0 0.735352 0.162109 0.033203 0.035156
1 0.516602 0.148438 0.021484 0.007812
1 0.138672 0.146484 0.007812 0.007812
1 0.951172 0.136719 0.003906 0.003906
1 0.932617 0.133789 0.001953 0.001953
1 0.406250 0.156250 0.082031 0.050781
1 0.153320 0.134766 0.017578 0.019531
1 0.520508 0.125977 0.005859 0.005859
1 0.006836 0.125977 0.013672 0.005859
1 0.571289 0.121094 0.005859 0.003906
1 0.104492 0.127930 0.044922 0.021484
0 0.306641 0.125000 0.015625 0.019531
1 0.851562 0.115234 0.003906 0.003906
1 0.099609 0.252930 0.199219 0.283203
1 0.649414 0.123047 0.029297 0.035156
1 0.694336 0.102539 0.001953 0.001953
0 0.317383 0.106445 0.037109 0.009766
1 0.003906 0.110352 0.007812 0.021484
1 0.889648 0.105469 0.013672 0.015625
1 0.822266 0.156250 0.085938 0.125000
1 0.628906 0.096680 0.007812 0.005859
1 0.833984 0.105469 0.046875 0.031250
1 0.836914 0.088867 0.005859 0.001953
1 0.413086 0.094727 0.013672 0.017578
1 0.957031 0.087891 0.023438 0.015625
1 0.689453 0.090820 0.023438 0.025391
1 0.879883 0.078125 0.009766 0.007812
1 0.229492 0.071289 0.001953 0.001953
1 0.715820 0.066406 0.001953 0.003906
1 0.680664 0.063477 0.001953 0.001953
1 0.031250 0.070312 0.011719 0.019531
0 0.848633 0.062500 0.017578 0.011719
1 0.993164 0.069336 0.013672 0.029297
1 0.031250 0.056641 0.003906 0.003906
1 0.306641 0.058594 0.007812 0.011719
1 0.313477 0.051758 0.001953 0.001953
1 0.752930 0.049805 0.001953 0.001953
1 0.189453 0.045898 0.003906 0.005859
1 0.665039 0.041992 0.001953 0.001953
1 0.515625 0.068359 0.078125 0.062500
1 0.678711 0.043945 0.037109 0.033203
1 0.162109 0.033203 0.019531 0.015625
1 0.679688 0.023438 0.007812 0.003906
1 0.502930 0.022461 0.001953 0.001953
1 0.179688 0.025391 0.011719 0.007812
1 0.511719 0.022461 0.003906 0.005859
1 0.627930 0.023438 0.009766 0.011719
1 0.540039 0.020508 0.013672 0.005859
0 0.157227 0.018555 0.001953 0.001953
1 0.643555 0.023438 0.013672 0.015625
1 0.525391 0.012695 0.007812 0.009766
1 0.207031 0.022461 0.039062 0.033203
1 0.943359 0.012695 0.046875 0.017578
1 0.769531 0.004883 0.003906 0.001953
1 0.228516 0.007812 0.007812 0.007812
1 0.248047 0.070312 0.031250 0.136719
0 0.163086 0.003906 0.005859 0.003906
1 0.547852 0.005859 0.025391 0.011719
1 0.422852 0.015625 0.138672 0.031250
0 0.348633 0.000977 0.005859 0.001953
1 0.078125 0.010742 0.015625 0.021484
1 0.075195 0.026367 0.068359 0.052734
1 0.008789 0.028320 0.017578 0.056641
3 0.317383 0.999023 0.001953 0.001953
2 0.002930 0.990234 0.005859 0.019531
3 0.994141 0.827148 0.011719 0.009766
3 0.001953 0.642578 0.003906 0.011719
3 0.000977 0.630859 0.001953 0.003906
3 0.997070 0.499023 0.005859 0.017578
3 0.999023 0.477539 0.001953 0.001953
3 0.996094 0.438477 0.007812 0.064453
3 0.982422 0.418945 0.007812 0.025391
3 0.999023 0.382812 0.001953 0.003906
3 0.386719 0.002930 0.007812 0.005859
3 0.500000 0.500000 1.000000 1.000000