0 0.074219 0.999023 0.003906 0.001953
0 0.309570 0.998047 0.001953 0.003906
1 0.114258 0.997070 0.001953 0.001953
0 0.653320 0.997070 0.017578 0.005859
0 0.024414 0.993164 0.001953 0.001953
0 0.672852 0.994141 0.017578 0.011719
0 0.062500 0.994141 0.015625 0.011719
0 0.815430 0.993164 0.044922 0.013672
0 0.305664 0.987305 0.001953 0.001953
0 0.247070 0.993164 0.052734 0.013672
0 0.717773 0.985352 0.001953 0.001953
0 0.641602 0.985352 0.001953 0.001953
0 0.875977 0.983398 0.001953 0.001953
0 0.276367 0.983398 0.001953 0.001953
0 0.282227 0.975586 0.001953 0.001953
0 0.187500 0.973633 0.003906 0.001953
0 0.708984 0.979492 0.023438 0.017578
0 0.868164 0.979492 0.013672 0.021484
0 0.271484 0.974609 0.015625 0.011719
0 0.592773 0.967773 0.001953 0.001953
0 0.084961 0.965820 0.001953 0.001953
0 0.289062 0.966797 0.015625 0.007812
0 0.179688 0.964844 0.003906 0.003906
0 0.630859 0.971680 0.027344 0.021484
0 0.624023 0.961914 0.001953 0.001953
0 0.586914 0.959961 0.001953 0.001953
0 0.583008 0.959961 0.001953 0.001953
0 0.135742 0.958008 0.001953 0.001953
0 0.641602 0.960938 0.009766 0.011719
0 0.892578 0.963867 0.035156 0.021484
0 0.590820 0.955078 0.001953 0.003906
0 0.165039 0.952148 0.001953 0.001953
0 0.108398 0.950195 0.001953 0.001953
0 0.165039 0.948242 0.001953 0.001953
0 0.743164 0.942383 0.001953 0.001953
1 0.473633 0.942383 0.001953 0.001953
1 0.344727 0.942383 0.001953 0.001953
0 0.264648 0.942383 0.001953 0.001953
1 0.089844 0.944336 0.003906 0.005859
0 0.631836 0.940430 0.001953 0.001953
1 0.458008 0.951172 0.021484 0.023438
0 0.290039 0.940430 0.001953 0.001953
0 0.625977 0.948242 0.009766 0.021484
1 0.471680 0.938477 0.001953 0.001953
1 0.355469 0.938477 0.003906 0.001953
0 0.264648 0.936523 0.001953 0.001953
0 0.129883 0.936523 0.001953 0.001953
0 0.637695 0.934570 0.001953 0.001953
0 0.632812 0.933594 0.003906 0.003906
0 0.626953 0.933594 0.003906 0.003906
1 0.477539 0.932617 0.013672 0.009766
0 0.168945 0.963867 0.087891 0.072266
0 0.811523 0.924805 0.001953 0.001953
1 0.308594 0.925781 0.003906 0.003906
0 0.135742 0.923828 0.001953 0.003906
0 0.255859 0.921875 0.003906 0.003906
0 0.195312 0.921875 0.003906 0.003906
0 0.109375 0.946289 0.042969 0.052734
0 0.643555 0.929688 0.013672 0.023438
0 0.631836 0.923828 0.005859 0.011719
0 0.282227 0.918945 0.001953 0.001953
0 0.254883 0.916992 0.001953 0.001953
0 0.186523 0.918945 0.005859 0.005859
0 0.254883 0.913086 0.001953 0.001953
1 0.463867 0.913086 0.009766 0.005859
0 0.164062 0.918945 0.031250 0.017578
0 0.279297 0.911133 0.003906 0.005859
0 0.469727 0.907227 0.001953 0.001953
0 0.141602 0.910156 0.005859 0.007812
0 0.158203 0.910156 0.007812 0.011719
0 0.854492 0.944336 0.068359 0.083984
0 0.147461 0.903320 0.001953 0.001953
0 0.331055 0.901367 0.001953 0.001953
0 0.305664 0.901367 0.001953 0.001953
0 0.317383 0.896484 0.005859 0.003906
0 0.474609 0.901367 0.023438 0.029297
0 0.320312 0.888672 0.007812 0.003906
1 0.252930 0.883789 0.001953 0.001953
0 0.989258 0.881836 0.001953 0.001953
0 0.980469 0.881836 0.003906 0.001953
1 0.262695 0.881836 0.001953 0.001953
0 0.153320 0.881836 0.001953 0.001953
0 0.838867 0.879883 0.001953 0.001953
0 0.206055 0.879883 0.001953 0.001953
0 0.165039 0.887695 0.017578 0.017578
0 0.155273 0.875977 0.001953 0.001953
1 0.762695 0.875977 0.009766 0.005859
0 0.924805 0.870117 0.001953 0.001953
1 0.758789 0.870117 0.001953 0.001953
1 0.313477 0.870117 0.001953 0.001953
0 0.908203 0.883789 0.035156 0.033203
1 0.282227 0.866211 0.001953 0.001953
0 0.155273 0.866211 0.001953 0.001953
1 0.758789 0.864258 0.001953 0.001953
0 0.442383 0.864258 0.001953 0.001953
0 0.149414 0.864258 0.001953 0.001953
0 0.450195 0.862305 0.001953 0.001953
0 0.446289 0.861328 0.001953 0.003906
0 0.874023 0.863281 0.021484 0.011719
0 0.169922 0.858398 0.003906 0.001953
0 0.001953 0.864258 0.003906 0.013672
0 0.175781 0.857422 0.003906 0.003906
0 0.753906 0.855469 0.007812 0.003906
0 0.877930 0.852539 0.001953 0.001953
0 0.823242 0.852539 0.001953 0.001953
0 0.192383 0.852539 0.001953 0.001953
0 0.766602 0.850586 0.001953 0.001953
0 0.757812 0.849609 0.003906 0.003906
0 0.745117 0.848633 0.001953 0.001953
0 0.939453 0.847656 0.003906 0.003906
0 0.468750 0.847656 0.003906 0.003906
0 0.889648 0.856445 0.013672 0.025391
1 0.319336 0.844727 0.001953 0.001953
0 0.082031 0.847656 0.007812 0.007812
0 0.942383 0.842773 0.001953 0.001953
0 0.911133 0.843750 0.001953 0.003906
0 0.250000 0.904297 0.117188 0.132812
0 0.073242 0.838867 0.001953 0.001953
0 0.043945 0.836914 0.001953 0.001953
0 0.903320 0.836914 0.009766 0.009766
0 0.805664 0.840820 0.005859 0.017578
0 0.041016 0.833008 0.003906 0.001953
0 0.800781 0.877930 0.101562 0.095703
0 0.762695 0.831055 0.001953 0.001953
0 0.568359 0.834961 0.015625 0.013672
0 0.452148 0.829102 0.001953 0.001953
0 0.135742 0.845703 0.037109 0.039062
0 0.452148 0.825195 0.001953 0.001953
1 0.178711 0.825195 0.001953 0.001953
0 0.794922 0.823242 0.003906 0.001953
1 0.788086 0.823242 0.001953 0.001953
1 0.227539 0.823242 0.001953 0.001953
1 0.787109 0.819336 0.003906 0.001953
0 0.068359 0.823242 0.003906 0.009766
1 0.223633 0.817383 0.001953 0.001953
1 0.208008 0.817383 0.001953 0.001953
0 0.828125 0.829102 0.031250 0.029297
1 0.774414 0.815430 0.001953 0.001953
1 0.215820 0.818359 0.009766 0.007812
0 0.412109 0.814453 0.003906 0.003906
1 0.267578 0.815430 0.007812 0.005859
1 0.211914 0.813477 0.001953 0.001953
1 0.208008 0.813477 0.001953 0.001953
1 0.254883 0.812500 0.005859 0.003906
0 0.313477 0.811523 0.009766 0.005859
1 0.165039 0.809570 0.001953 0.001953
0 0.844727 0.812500 0.017578 0.011719
1 0.246094 0.807617 0.003906 0.005859
1 0.243164 0.805664 0.001953 0.001953
0 0.850586 0.803711 0.001953 0.001953
1 0.265625 0.803711 0.003906 0.001953
0 0.839844 0.803711 0.007812 0.005859
1 0.253906 0.801758 0.003906 0.001953
1 0.175781 0.803711 0.007812 0.005859
0 0.858398 0.802734 0.005859 0.007812
1 0.247070 0.799805 0.001953 0.001953
0 0.891602 0.798828 0.005859 0.003906
0 0.470703 0.818359 0.027344 0.042969
1 0.252930 0.797852 0.001953 0.001953
1 0.178711 0.797852 0.001953 0.001953
1 0.172852 0.797852 0.001953 0.001953
1 0.240234 0.797852 0.007812 0.005859
0 0.629883 0.793945 0.001953 0.005859
0 0.090820 0.815430 0.041016 0.048828
0 0.614258 0.790039 0.001953 0.001953
0 0.050781 0.791992 0.003906 0.005859
0 0.924805 0.790039 0.001953 0.005859
0 0.116211 0.788086 0.001953 0.001953
0 0.924805 0.784180 0.001953 0.001953
0 0.412109 0.785156 0.003906 0.003906
0 0.404297 0.789062 0.007812 0.011719
0 0.858398 0.778320 0.001953 0.001953
0 0.862305 0.774414 0.001953 0.001953
0 0.463867 0.772461 0.001953 0.001953
0 0.420898 0.772461 0.001953 0.001953
0 0.855469 0.771484 0.003906 0.003906
0 0.383789 0.768555 0.001953 0.001953
0 0.372070 0.769531 0.001953 0.003906
0 0.202148 0.790039 0.060547 0.044922
0 0.627930 0.772461 0.021484 0.017578
0 0.362305 0.765625 0.001953 0.003906
0 0.624023 0.762695 0.001953 0.001953
0 0.460938 0.762695 0.003906 0.001953
0 0.627930 0.760742 0.001953 0.001953
1 0.456055 0.759766 0.001953 0.003906
0 0.367188 0.761719 0.007812 0.007812
0 0.649414 0.755859 0.001953 0.003906
0 0.536133 0.752930 0.001953 0.001953
0 0.284180 0.752930 0.001953 0.001953
0 0.653320 0.750977 0.001953 0.001953
0 0.389648 0.756836 0.013672 0.017578
0 0.385742 0.749023 0.001953 0.001953
0 0.290039 0.750977 0.005859 0.005859
0 0.284180 0.745117 0.001953 0.001953
0 0.276367 0.745117 0.001953 0.001953
0 0.946289 0.743164 0.001953 0.001953
0 0.942383 0.741211 0.001953 0.001953
0 0.415039 0.739258 0.001953 0.001953
0 0.481445 0.737305 0.001953 0.001953
0 0.280273 0.737305 0.001953 0.001953
0 0.950195 0.735352 0.001953 0.001953
0 0.415039 0.735352 0.001953 0.001953
0 0.287109 0.735352 0.003906 0.001953
0 0.959961 0.866211 0.080078 0.267578
0 0.920898 0.731445 0.001953 0.005859
0 0.537109 0.730469 0.003906 0.003906
0 0.450195 0.729492 0.001953 0.001953
0 0.304688 0.727539 0.011719 0.005859
1 0.920898 0.723633 0.001953 0.001953
1 0.916016 0.724609 0.003906 0.003906
0 0.498047 0.746094 0.082031 0.050781
0 0.315430 0.721680 0.001953 0.001953
0 0.311523 0.722656 0.001953 0.003906
0 0.934570 0.727539 0.021484 0.017578
0 0.301758 0.721680 0.009766 0.005859
0 0.470703 0.720703 0.015625 0.011719
0 0.362305 0.717773 0.001953 0.005859
0 0.614258 0.713867 0.001953 0.001953
0 0.501953 0.713867 0.003906 0.001953
0 0.618164 0.711914 0.001953 0.001953
0 0.338867 0.715820 0.009766 0.013672
0 0.348633 0.706055 0.001953 0.001953
0 0.988281 0.701172 0.007812 0.007812
1 0.840820 0.698242 0.001953 0.001953
0 0.995117 0.689453 0.009766 0.015625
1 0.372070 0.683594 0.009766 0.011719
1 0.665039 0.661133 0.001953 0.001953
0 0.936523 0.655273 0.001953 0.001953
0 0.942383 0.649414 0.001953 0.001953
0 0.927734 0.651367 0.003906 0.005859
0 0.520508 0.643555 0.001953 0.001953
0 0.421875 0.644531 0.007812 0.003906
0 0.315430 0.643555 0.001953 0.001953
0 0.903320 0.641602 0.001953 0.001953
0 0.989258 0.637695 0.001953 0.001953
0 0.286133 0.721680 0.154297 0.177734
0 0.551758 0.656250 0.041016 0.050781
1 0.704102 0.627930 0.001953 0.001953
0 0.915039 0.625977 0.001953 0.001953
0 0.541992 0.626953 0.005859 0.003906
0 0.346680 0.625977 0.001953 0.001953
0 0.330078 0.627930 0.003906 0.005859
0 0.410156 0.811523 0.199219 0.376953
0 0.492188 0.623047 0.003906 0.003906
0 0.426758 0.625977 0.005859 0.009766
0 0.557617 0.614258 0.001953 0.001953
0 0.550781 0.607422 0.023438 0.011719
1 0.945312 0.602539 0.007812 0.005859
0 0.242188 0.601562 0.003906 0.003906
0 0.553711 0.598633 0.001953 0.001953
1 0.944336 0.596680 0.001953 0.001953
0 0.575195 0.596680 0.001953 0.001953
1 0.540039 0.597656 0.005859 0.003906
1 0.944336 0.591797 0.001953 0.003906
0 0.513672 0.613281 0.027344 0.046875
0 0.555664 0.590820 0.005859 0.005859
0 0.308594 0.587891 0.003906 0.003906
0 0.256836 0.583008 0.001953 0.001953
0 0.334961 0.581055 0.001953 0.001953
0 0.471680 0.579102 0.001953 0.001953
0 0.562500 0.579102 0.003906 0.005859
0 0.547852 0.577148 0.001953 0.001953
0 0.325195 0.583008 0.013672 0.013672
0 0.348633 0.573242 0.001953 0.001953
0 0.676758 0.571289 0.001953 0.001953
0 0.459961 0.571289 0.001953 0.001953
0 0.350586 0.566406 0.001953 0.003906
0 0.541016 0.564453 0.011719 0.015625
0 0.489258 0.557617 0.001953 0.001953
0 0.483398 0.557617 0.001953 0.001953
0 0.468750 0.555664 0.003906 0.001953
0 0.221680 0.555664 0.001953 0.001953
0 0.476562 0.554688 0.003906 0.003906
0 0.219727 0.551758 0.001953 0.001953
0 0.229492 0.556641 0.009766 0.015625
0 0.526367 0.545898 0.001953 0.001953
0 0.189453 0.546875 0.003906 0.003906
1 0.683594 0.544922 0.003906 0.003906
1 0.670898 0.541992 0.013672 0.001953
0 0.349609 0.551758 0.019531 0.021484
0 0.428711 0.540039 0.001953 0.001953
0 0.330078 0.540039 0.003906 0.001953
1 0.670898 0.538086 0.001953 0.001953
0 0.188477 0.540039 0.013672 0.005859
0 0.444336 0.534180 0.001953 0.001953
0 0.353516 0.534180 0.003906 0.001953
0 0.336914 0.535156 0.005859 0.003906
1 0.666992 0.532227 0.001953 0.001953
1 0.660156 0.537109 0.011719 0.011719
0 0.452148 0.548828 0.029297 0.035156
1 0.688477 0.530273 0.001953 0.001953
0 0.186523 0.530273 0.001953 0.001953
1 0.692383 0.528320 0.001953 0.001953
0 0.352539 0.527344 0.005859 0.003906
0 0.395508 0.524414 0.017578 0.009766
1 0.269531 0.521484 0.007812 0.003906
0 0.173828 0.527344 0.023438 0.015625
1 0.274414 0.518555 0.001953 0.001953
1 0.284180 0.517578 0.001953 0.003906
0 0.682617 0.514648 0.001953 0.001953
0 0.686523 0.512695 0.001953 0.001953
0 0.678711 0.512695 0.001953 0.001953
0 0.384766 0.510742 0.003906 0.001953
1 0.261719 0.509766 0.003906 0.003906
1 0.256836 0.509766 0.001953 0.003906
0 0.709961 0.506836 0.001953 0.001953
0 0.704102 0.506836 0.001953 0.001953
1 0.276367 0.506836 0.001953 0.001953
1 0.272461 0.504883 0.001953 0.001953
0 0.330078 0.510742 0.070312 0.041016
1 0.657227 0.488281 0.001953 0.003906
0 0.701172 0.485352 0.003906 0.005859
0 0.693359 0.483398 0.003906 0.001953
1 0.271484 0.485352 0.011719 0.009766
0 0.927734 0.475586 0.003906 0.001953
1 0.655273 0.476562 0.001953 0.003906
0 0.922852 0.473633 0.001953 0.001953
1 0.655273 0.471680 0.001953 0.001953
0 0.937500 0.463867 0.003906 0.005859
0 0.213867 0.469727 0.013672 0.017578
0 0.576172 0.454102 0.003906 0.001953
0 0.935547 0.454102 0.007812 0.005859
0 0.692383 0.452148 0.001953 0.001953
1 0.657227 0.448242 0.001953 0.001953
0 0.248047 0.462891 0.027344 0.031250
0 0.691406 0.444336 0.003906 0.001953
1 0.979492 0.440430 0.001953 0.001953
0 0.740234 0.436523 0.007812 0.001953
0 0.632812 0.437500 0.003906 0.003906
0 0.302734 0.463867 0.035156 0.056641
0 0.938477 0.434570 0.001953 0.001953
0 0.743164 0.429688 0.005859 0.003906
0 0.735352 0.428711 0.005859 0.005859
0 0.137695 0.426758 0.001953 0.001953
1 0.682617 0.422852 0.001953 0.001953
0 0.710938 0.421875 0.011719 0.007812
1 0.662109 0.418945 0.003906 0.005859
1 0.681641 0.415039 0.003906 0.001953
0 0.635742 0.416016 0.005859 0.007812
1 0.675781 0.443359 0.039062 0.066406
1 0.680664 0.409180 0.001953 0.001953
0 0.692383 0.405273 0.001953 0.001953
0 0.687500 0.407227 0.003906 0.005859
1 0.651367 0.409180 0.005859 0.009766
0 0.632812 0.406250 0.003906 0.003906
0 0.709961 0.407227 0.021484 0.017578
1 0.671875 0.399414 0.007812 0.005859
0 0.453125 0.397461 0.003906 0.001953
0 0.448242 0.398438 0.005859 0.007812
1 0.666992 0.390625 0.001953 0.003906
0 0.434570 0.390625 0.005859 0.003906
1 0.676758 0.385742 0.001953 0.001953
0 0.458984 0.391602 0.015625 0.013672
1 0.667969 0.384766 0.003906 0.003906
0 0.618164 0.386719 0.025391 0.023438
0 0.440430 0.381836 0.017578 0.013672
0 0.333008 0.376953 0.001953 0.003906
0 0.618164 0.374023 0.001953 0.001953
1 0.679688 0.373047 0.003906 0.003906
1 0.666992 0.366211 0.001953 0.001953
1 0.670898 0.372070 0.013672 0.017578
0 0.346680 0.375000 0.021484 0.023438
1 0.696289 0.360352 0.001953 0.001953
0 0.689453 0.376953 0.019531 0.050781
0 0.092773 0.350586 0.001953 0.001953
1 0.697266 0.347656 0.011719 0.011719
1 0.669922 0.351562 0.015625 0.019531
1 0.901367 0.331055 0.001953 0.001953
0 0.673828 0.333008 0.003906 0.005859
0 0.403320 0.331055 0.001953 0.001953
0 0.105469 0.325195 0.003906 0.001953
0 0.117188 0.440430 0.234375 0.255859
0 0.077148 0.313477 0.001953 0.001953
0 0.084961 0.329102 0.041016 0.033203
0 0.021484 0.313477 0.011719 0.013672
0 0.026367 0.301758 0.001953 0.001953
0 0.018555 0.301758 0.001953 0.001953
1 0.913086 0.291992 0.001953 0.001953
0 0.024414 0.290039 0.005859 0.005859
0 0.390625 0.286133 0.007812 0.001953
0 0.846680 0.295898 0.029297 0.029297
1 0.073242 0.282227 0.001953 0.001953
1 0.782227 0.280273 0.001953 0.001953
0 0.071289 0.278320 0.001953 0.001953
0 0.852539 0.274414 0.001953 0.001953
1 0.979492 0.272461 0.001953 0.001953
1 0.856445 0.270508 0.001953 0.001953
1 0.777344 0.264648 0.003906 0.001953
0 0.688477 0.278320 0.037109 0.029297
1 0.855469 0.263672 0.007812 0.003906
1 0.021484 0.263672 0.003906 0.003906
1 0.986328 0.242188 0.003906 0.003906
1 0.014648 0.241211 0.001953 0.001953
1 0.012695 0.235352 0.001953 0.001953
1 0.995117 0.233398 0.001953 0.001953
1 0.007812 0.250000 0.015625 0.035156
0 0.713867 0.217773 0.001953 0.001953
0 0.101562 0.215820 0.003906 0.001953
0 0.799805 0.210938 0.001953 0.003906
1 0.923828 0.209961 0.003906 0.005859
1 0.344727 0.202148 0.001953 0.001953
1 0.323242 0.198242 0.001953 0.001953
1 0.994141 0.212891 0.011719 0.035156
1 0.341797 0.195312 0.003906 0.003906
0 0.088867 0.190430 0.001953 0.001953
0 0.954102 0.188477 0.001953 0.001953
0 0.466797 0.180664 0.003906 0.001953
1 0.989258 0.178711 0.001953 0.001953
0 0.144531 0.182617 0.007812 0.009766
0 0.953125 0.180664 0.007812 0.009766
1 0.039062 0.176758 0.011719 0.005859
1 0.030273 0.174805 0.001953 0.001953
1 0.757812 0.174805 0.007812 0.009766
0 0.202148 0.172852 0.009766 0.009766
0 0.111328 0.179688 0.023438 0.031250
1 0.876953 0.163086 0.003906 0.001953
0 0.115234 0.161133 0.003906 0.001953
0 0.726562 0.159180 0.003906 0.001953
1 0.362305 0.164062 0.013672 0.011719
0 0.442383 0.157227 0.001953 0.001953
0 0.734375 0.157227 0.007812 0.005859
0 0.727539 0.155273 0.001953 0.001953
0 0.111328 0.156250 0.003906 0.003906
1 0.868164 0.153320 0.001953 0.001953
0 0.262695 0.151367 0.001953 0.001953
0 0.907227 0.145508 0.001953 0.001953
0 0.725586 0.571289 0.548828 0.857422
0 0.061523 0.137695 0.001953 0.001953
0 0.243164 0.136719 0.001953 0.003906
1 0.879883 0.146484 0.033203 0.035156
0 0.858398 0.120117 0.005859 0.005859
0 0.059570 0.118164 0.001953 0.001953
0 0.506836 0.108398 0.001953 0.001953
0 0.891602 0.110352 0.005859 0.009766
0 0.892578 0.091797 0.003906 0.003906
0 0.408203 0.092773 0.007812 0.005859
0 0.150391 0.091797 0.003906 0.003906
0 0.145508 0.090820 0.001953 0.001953
0 0.524414 0.086914 0.001953 0.001953
0 0.169922 0.086914 0.003906 0.001953
0 0.533203 0.084961 0.003906 0.001953
0 0.813477 0.093750 0.029297 0.023438
0 0.545898 0.083008 0.001953 0.001953
1 0.320312 0.082031 0.003906 0.003906
0 0.304688 0.082031 0.007812 0.003906
0 0.292969 0.082031 0.007812 0.003906
1 0.314453 0.082031 0.007812 0.007812
0 0.003906 0.081055 0.003906 0.005859
0 0.616211 0.083008 0.013672 0.017578
0 0.468750 0.165039 0.265625 0.181641
0 0.259766 0.076172 0.003906 0.003906
0 0.549805 0.073242 0.001953 0.001953
0 0.541992 0.073242 0.001953 0.001953
0 0.526367 0.076172 0.001953 0.007812
1 0.043945 0.076172 0.005859 0.007812
0 0.253906 0.073242 0.003906 0.005859
0 0.533203 0.075195 0.007812 0.013672
1 0.094727 0.069336 0.001953 0.001953
0 0.517578 0.074219 0.011719 0.015625
0 0.779297 0.070312 0.027344 0.015625
1 0.300781 0.067383 0.023438 0.021484
0 0.651367 0.060547 0.013672 0.011719
0 0.540039 0.055664 0.001953 0.001953
0 0.529297 0.062500 0.007812 0.015625
1 0.114258 0.055664 0.001953 0.001953
1 0.310547 0.054688 0.003906 0.003906
0 0.705078 0.052734 0.003906 0.003906
1 0.317383 0.058594 0.009766 0.015625
0 0.747070 0.049805 0.001953 0.001953
0 0.708984 0.048828 0.003906 0.003906
1 0.118164 0.047852 0.001953 0.001953
0 0.748047 0.045898 0.003906 0.001953
1 0.103516 0.052734 0.011719 0.015625
0 0.727539 0.032227 0.001953 0.001953
0 0.616211 0.040039 0.025391 0.033203
1 0.039062 0.106445 0.078125 0.177734
0 0.721680 0.016602 0.001953 0.001953
0 0.471680 0.016602 0.001953 0.001953
0 0.485352 0.010742 0.001953 0.001953
0 0.466797 0.011719 0.003906 0.003906
0 0.999023 0.009766 0.001953 0.003906
0 0.707031 0.013672 0.019531 0.019531
0 0.993164 0.004883 0.005859 0.005859
1 0.235352 0.065430 0.048828 0.130859
0 0.071289 0.000977 0.001953 0.001953
1 0.063477 0.002930 0.013672 0.005859
2 0.657227 0.997070 0.001953 0.001953
2 0.653320 0.997070 0.001953 0.001953
3 0.369141 0.996094 0.019531 0.007812
3 0.352539 0.993164 0.001953 0.001953
2 0.505859 0.993164 0.019531 0.013672
2 0.984375 0.987305 0.031250 0.025391
2 0.577148 0.975586 0.001953 0.001953
2 0.999023 0.971680 0.001953 0.001953
2 0.131836 0.969727 0.001953 0.001953
2 0.538086 0.970703 0.013672 0.011719
3 0.362305 0.972656 0.009766 0.039062
3 0.364258 0.950195 0.001953 0.001953
2 0.716797 0.947266 0.003906 0.003906
2 0.694336 0.944336 0.001953 0.001953
3 0.362305 0.944336 0.001953 0.001953
2 0.147461 0.930664 0.001953 0.001953
3 0.675781 0.926758 0.003906 0.013672
3 0.706055 0.900391 0.001953 0.003906
2 0.715820 0.902344 0.013672 0.015625
2 0.701172 0.891602 0.003906 0.005859
3 0.673828 0.874023 0.003906 0.001953
2 0.734375 0.875000 0.003906 0.007812
2 0.350586 0.872070 0.001953 0.001953
3 0.680664 0.870117 0.001953 0.001953
2 0.432617 0.858398 0.001953 0.001953
3 0.670898 0.863281 0.017578 0.015625
2 0.616211 0.859375 0.005859 0.011719
2 0.593750 0.854492 0.003906 0.001953
2 0.951172 0.849609 0.003906 0.007812
2 0.634766 0.850586 0.007812 0.009766
2 0.446289 0.838867 0.001953 0.001953
2 0.325195 0.838867 0.001953 0.001953
2 0.422852 0.834961 0.001953 0.001953
3 0.334961 0.834961 0.001953 0.001953
2 0.961914 0.833984 0.009766 0.011719
2 0.442383 0.828125 0.001953 0.003906
2 0.435547 0.827148 0.007812 0.005859
2 0.330078 0.825195 0.003906 0.001953
2 0.987305 0.861328 0.025391 0.078125
2 0.971680 0.821289 0.005859 0.009766
2 0.429688 0.818359 0.003906 0.003906
2 0.618164 0.815430 0.001953 0.001953
2 0.351562 0.849609 0.035156 0.070312
2 0.788086 0.809570 0.001953 0.001953
2 0.627930 0.809570 0.001953 0.001953
2 0.358398 0.809570 0.001953 0.001953
2 0.953125 0.804688 0.003906 0.003906
2 0.660156 0.824219 0.058594 0.042969
2 0.780273 0.801758 0.001953 0.001953
2 0.772461 0.798828 0.005859 0.007812
2 0.767578 0.796875 0.003906 0.007812
2 0.995117 0.789062 0.001953 0.007812
2 0.817383 0.784180 0.001953 0.001953
2 0.355469 0.779297 0.007812 0.003906
2 0.821289 0.776367 0.001953 0.001953
2 0.815430 0.774414 0.001953 0.001953
2 0.713867 0.784180 0.029297 0.025391
2 0.547852 0.772461 0.001953 0.001953
2 0.961914 0.770508 0.001953 0.001953
2 0.334961 0.768555 0.001953 0.001953
3 0.450195 0.764648 0.001953 0.001953
3 0.447266 0.759766 0.003906 0.003906
3 0.735352 0.760742 0.025391 0.017578
2 0.411133 0.752930 0.001953 0.001953
2 0.602539 0.747070 0.001953 0.001953
3 0.745117 0.747070 0.005859 0.005859
2 0.792969 0.742188 0.003906 0.003906
2 0.426758 0.729492 0.005859 0.001953
3 0.761719 0.743164 0.023438 0.037109
2 0.932617 0.711914 0.001953 0.001953
3 0.760742 0.710938 0.005859 0.011719
2 0.807617 0.700195 0.001953 0.001953
2 0.391602 0.699219 0.001953 0.003906
3 0.389648 0.678711 0.001953 0.001953
3 0.708008 0.664062 0.001953 0.003906
2 0.842773 0.653320 0.001953 0.001953
3 0.709961 0.653320 0.001953 0.001953
3 0.762695 0.649414 0.001953 0.001953
3 0.705078 0.647461 0.007812 0.001953
3 0.764648 0.645508 0.001953 0.001953
3 0.760742 0.645508 0.001953 0.001953
3 0.746094 0.674805 0.062500 0.068359
3 0.709961 0.641602 0.013672 0.005859
2 0.489258 0.640625 0.001953 0.003906
3 0.743164 0.637695 0.001953 0.001953
3 0.713867 0.631836 0.001953 0.001953
3 0.735352 0.625000 0.005859 0.003906
3 0.729492 0.624023 0.001953 0.001953
2 0.879883 0.624023 0.009766 0.013672
2 0.888672 0.618164 0.003906 0.005859
2 0.791016 0.614258 0.003906 0.001953
2 0.793945 0.609375 0.001953 0.003906
2 0.848633 0.596680 0.001953 0.001953
2 0.952148 0.575195 0.001953 0.001953
2 0.775391 0.785156 0.449219 0.429688
2 0.662109 0.567383 0.003906 0.001953
2 0.844727 0.561523 0.001953 0.005859
2 0.014648 0.545898 0.001953 0.001953
2 0.978516 0.547852 0.015625 0.029297
2 0.753906 0.531250 0.003906 0.003906
2 0.970703 0.529297 0.007812 0.007812
2 0.739258 0.524414 0.001953 0.001953
2 0.907227 0.522461 0.001953 0.001953
2 0.799805 0.564453 0.037109 0.085938
2 0.901367 0.520508 0.001953 0.001953
2 0.754883 0.522461 0.005859 0.009766
2 0.737305 0.518555 0.001953 0.001953
2 0.897461 0.514648 0.001953 0.001953
2 0.908203 0.513672 0.007812 0.007812
2 0.834961 0.510742 0.001953 0.001953
3 0.993164 0.508789 0.001953 0.001953
2 0.987305 0.509766 0.005859 0.007812
2 0.870117 0.504883 0.001953 0.001953
2 0.916992 0.502930 0.001953 0.001953
2 0.803711 0.489258 0.001953 0.001953
2 0.889648 0.481445 0.001953 0.001953
2 0.903320 0.479492 0.001953 0.001953
2 0.881836 0.475586 0.001953 0.001953
2 0.012695 0.472656 0.009766 0.007812
2 0.008789 0.469727 0.001953 0.001953
2 0.866211 0.531250 0.064453 0.144531
2 0.971680 0.456055 0.001953 0.001953
3 0.975586 0.452148 0.001953 0.001953
2 0.841797 0.408203 0.003906 0.003906
2 0.879883 0.383789 0.001953 0.001953
2 0.892578 0.379883 0.003906 0.001953
2 0.838867 0.372070 0.001953 0.001953
2 0.897461 0.373047 0.017578 0.007812
2 0.949219 0.432617 0.101562 0.142578
2 0.889648 0.362305 0.001953 0.001953
2 0.169922 0.358398 0.003906 0.001953
2 0.737305 0.333008 0.001953 0.001953
2 0.824219 0.330078 0.011719 0.011719
2 0.168945 0.317383 0.001953 0.001953
2 0.768555 0.297852 0.001953 0.001953
2 0.764648 0.295898 0.001953 0.001953
3 0.767578 0.275391 0.003906 0.003906
2 0.858398 0.243164 0.001953 0.001953
2 0.749023 0.244141 0.001953 0.003906
2 0.856445 0.235352 0.001953 0.005859
3 0.860352 0.231445 0.001953 0.001953
3 0.997070 0.227539 0.001953 0.001953
3 0.015625 0.168945 0.003906 0.001953
2 0.907227 0.166992 0.001953 0.001953
3 0.033203 0.151367 0.011719 0.009766
2 0.053711 0.129883 0.001953 0.001953
2 0.009766 0.080078 0.019531 0.035156
2 0.500000 0.500000 1.000000 1.000000