0 0.674805 0.961914 0.001953 0.001953
0 0.633789 0.945312 0.005859 0.003906
0 0.639648 0.940430 0.001953 0.001953
0 0.666992 0.949219 0.044922 0.023438
1 0.010742 0.643555 0.001953 0.001953
1 0.049805 0.120117 0.001953 0.001953
1 0.000977 0.048828 0.001953 0.003906
1 0.500000 0.500000 1.000000 1.000000
3 0.926758 0.998047 0.001953 0.003906
2 0.725586 0.998047 0.013672 0.003906
3 0.902344 0.997070 0.019531 0.005859
2 0.876953 0.996094 0.003906 0.003906
3 0.745117 0.995117 0.005859 0.005859
2 0.882812 0.992188 0.003906 0.003906
3 0.887695 0.989258 0.001953 0.001953
3 0.821289 0.992188 0.013672 0.007812
3 0.847656 0.991211 0.027344 0.017578
2 0.614258 0.986328 0.005859 0.007812
3 0.924805 0.986328 0.005859 0.011719
3 0.498047 0.984375 0.007812 0.007812
3 0.481445 0.989258 0.021484 0.021484
3 0.085938 0.980469 0.003906 0.003906
3 0.919922 0.970703 0.015625 0.011719
3 0.031250 0.965820 0.007812 0.009766
3 0.491211 0.958984 0.005859 0.007812
3 0.467773 0.958984 0.009766 0.007812
3 0.124023 0.951172 0.005859 0.003906
3 0.531250 0.951172 0.007812 0.007812
3 0.803711 0.941406 0.009766 0.007812
3 0.434570 0.926758 0.001953 0.001953
3 0.339844 0.930664 0.007812 0.009766
3 0.262695 0.927734 0.009766 0.011719
3 0.893555 0.940430 0.107422 0.041016
3 0.432617 0.920898 0.001953 0.001953
2 0.679688 0.958984 0.156250 0.082031
2 0.745117 0.916992 0.001953 0.001953
3 0.297852 0.920898 0.005859 0.009766
3 0.443359 0.918945 0.011719 0.009766
3 0.444336 0.911133 0.001953 0.001953
2 0.418945 0.913086 0.005859 0.005859
3 0.880859 0.910156 0.011719 0.011719
2 0.580078 0.910156 0.015625 0.011719
2 0.439453 0.905273 0.003906 0.001953
3 0.477539 0.903320 0.001953 0.001953
2 0.694336 0.905273 0.056641 0.017578
3 0.236328 0.896484 0.003906 0.003906
3 0.759766 0.898438 0.011719 0.011719
2 0.709961 0.891602 0.017578 0.005859
3 0.115234 0.888672 0.007812 0.003906
3 0.517578 0.885742 0.015625 0.013672
2 0.482422 0.889648 0.015625 0.021484
3 0.987305 0.881836 0.009766 0.009766
3 0.842773 0.878906 0.005859 0.007812
2 0.600586 0.887695 0.056641 0.025391
2 0.586914 0.874023 0.001953 0.001953
2 0.779297 0.874023 0.003906 0.005859
2 0.399414 0.876953 0.009766 0.015625
2 0.780273 0.868164 0.001953 0.001953
2 0.632812 0.872070 0.011719 0.009766
2 0.573242 0.868164 0.001953 0.001953
2 0.782227 0.864258 0.001953 0.001953
2 0.580078 0.865234 0.007812 0.003906
3 0.077148 0.866211 0.005859 0.005859
2 0.513672 0.863281 0.003906 0.003906
3 0.000977 0.861328 0.001953 0.003906
2 0.789062 0.859375 0.003906 0.003906
2 0.525391 0.866211 0.011719 0.017578
2 0.467773 0.859375 0.001953 0.003906
2 0.423828 0.873047 0.031250 0.035156
3 0.150391 0.859375 0.007812 0.007812
2 0.702148 0.853516 0.005859 0.003906
2 0.668945 0.856445 0.009766 0.009766
3 0.004883 0.854492 0.009766 0.005859
2 0.488281 0.863281 0.031250 0.027344
3 0.665039 0.848633 0.001953 0.001953
2 0.778320 0.846680 0.001953 0.001953
2 0.609375 0.847656 0.003906 0.003906
2 0.554688 0.873047 0.050781 0.054688
3 0.380859 0.850586 0.015625 0.013672
2 0.761719 0.843750 0.015625 0.007812
2 0.486328 0.843750 0.011719 0.011719
3 0.893555 0.836914 0.001953 0.001953
3 0.947266 0.838867 0.042969 0.013672
3 0.893555 0.833008 0.001953 0.001953
3 0.583984 0.835938 0.007812 0.007812
3 0.209961 0.836914 0.005859 0.009766
3 0.324219 0.834961 0.031250 0.013672
3 0.389648 0.829102 0.001953 0.005859
2 0.478516 0.825195 0.011719 0.005859
2 0.365234 0.827148 0.019531 0.013672
2 0.097656 0.819336 0.003906 0.001953
3 0.034180 0.821289 0.001953 0.005859
2 0.297852 0.821289 0.021484 0.013672
2 0.418945 0.831055 0.060547 0.037109
2 0.383789 0.817383 0.025391 0.013672
3 0.206055 0.815430 0.013672 0.009766
2 0.128906 0.818359 0.007812 0.015625
2 0.651367 0.811523 0.009766 0.005859
3 0.491211 0.806641 0.005859 0.007812
2 0.631836 0.835938 0.095703 0.070312
2 0.385742 0.803711 0.009766 0.005859
2 0.134766 0.803711 0.003906 0.005859
2 0.676758 0.800781 0.001953 0.003906
2 0.293945 0.799805 0.001953 0.001953
2 0.129883 0.799805 0.001953 0.001953
2 0.124023 0.799805 0.001953 0.001953
3 0.223633 0.802734 0.013672 0.011719
3 0.022461 0.800781 0.009766 0.007812
2 0.676758 0.795898 0.001953 0.001953
3 0.615234 0.798828 0.007812 0.007812
3 0.407227 0.799805 0.009766 0.009766
3 0.370117 0.801758 0.017578 0.013672
2 0.646484 0.795898 0.007812 0.005859
3 0.079102 0.794922 0.005859 0.003906
2 0.694336 0.791992 0.001953 0.001953
3 0.084961 0.791992 0.001953 0.001953
2 0.756836 0.793945 0.009766 0.009766
2 0.720703 0.808594 0.054688 0.039062
3 0.383789 0.791992 0.009766 0.005859
3 0.750000 0.786133 0.003906 0.001953
2 0.658203 0.785156 0.011719 0.015625
3 0.994141 0.775391 0.011719 0.007812
3 0.620117 0.775391 0.009766 0.007812
3 0.316406 0.776367 0.007812 0.009766
3 0.801758 0.807617 0.033203 0.080078
2 0.674805 0.769531 0.005859 0.007812
2 0.180664 0.767578 0.017578 0.007812
3 0.431641 0.759766 0.003906 0.003906
3 0.285156 0.761719 0.015625 0.007812
3 0.251953 0.772461 0.023438 0.029297
3 0.533203 0.758789 0.007812 0.005859
3 0.072266 0.755859 0.003906 0.003906
2 0.195312 0.755859 0.015625 0.011719
2 0.668945 0.750000 0.005859 0.003906
3 0.041016 0.747070 0.003906 0.001953
3 0.375977 0.751953 0.009766 0.015625
2 0.209961 0.743164 0.001953 0.001953
3 0.275391 0.747070 0.011719 0.013672
2 0.249023 0.746094 0.009766 0.011719
2 0.209961 0.739258 0.001953 0.001953
3 0.918945 0.737305 0.001953 0.001953
3 0.455078 0.735352 0.003906 0.001953
3 0.027344 0.732422 0.003906 0.003906
3 0.250977 0.730469 0.001953 0.003906
3 0.409180 0.731445 0.009766 0.009766
2 0.683594 0.721680 0.003906 0.005859
3 0.120117 0.727539 0.009766 0.017578
3 0.001953 0.721680 0.003906 0.005859
3 0.383789 0.728516 0.037109 0.027344
3 0.317383 0.723633 0.013672 0.025391
3 0.676758 0.710938 0.005859 0.003906
3 0.265625 0.709961 0.007812 0.009766
3 0.464844 0.707031 0.023438 0.019531
3 0.322266 0.702148 0.007812 0.009766
3 0.019531 0.699219 0.003906 0.003906
3 0.680664 0.699219 0.009766 0.011719
2 0.491211 0.697266 0.013672 0.007812
2 0.638672 0.705078 0.023438 0.027344
3 0.544922 0.695312 0.007812 0.007812
2 0.614258 0.690430 0.001953 0.001953
2 0.528320 0.688477 0.001953 0.001953
2 0.666016 0.709961 0.027344 0.048828
2 0.514648 0.686523 0.001953 0.001953
2 0.509766 0.686523 0.003906 0.001953
3 0.125977 0.691406 0.013672 0.011719
2 0.575195 0.691406 0.029297 0.015625
2 0.499023 0.686523 0.013672 0.009766
3 0.320312 0.688477 0.007812 0.013672
3 0.022461 0.688477 0.013672 0.013672
2 0.479492 0.684570 0.005859 0.009766
2 0.470703 0.681641 0.003906 0.003906
3 0.415039 0.685547 0.017578 0.011719
3 0.085938 0.680664 0.007812 0.013672
3 0.389648 0.675781 0.005859 0.007812
3 0.649414 0.670898 0.001953 0.001953
3 0.569336 0.671875 0.001953 0.003906
2 0.489258 0.673828 0.009766 0.007812
2 0.473633 0.672852 0.009766 0.009766
3 0.036133 0.666992 0.001953 0.001953
3 0.446289 0.674805 0.033203 0.021484
3 0.905273 0.665039 0.005859 0.005859
2 0.500977 0.663086 0.001953 0.001953
3 0.203125 0.662109 0.023438 0.015625
2 0.402344 0.649414 0.007812 0.009766
3 0.273438 0.640625 0.007812 0.007812
3 0.098633 0.637695 0.013672 0.009766
2 0.377930 0.631836 0.001953 0.001953
2 0.614258 0.625977 0.001953 0.001953
3 0.017578 0.644531 0.035156 0.039062
3 0.807617 0.625000 0.005859 0.003906
2 0.601562 0.646484 0.058594 0.050781
3 0.368164 0.622070 0.001953 0.001953
3 0.174805 0.622070 0.001953 0.001953
3 0.531250 0.623047 0.031250 0.023438
2 0.375000 0.611328 0.011719 0.007812
3 0.913086 0.606445 0.001953 0.001953
3 0.354492 0.610352 0.009766 0.009766
2 0.635742 0.611328 0.017578 0.019531
3 0.877930 0.600586 0.001953 0.001953
2 0.400391 0.601562 0.003906 0.003906
2 0.392578 0.611328 0.011719 0.027344
3 0.501953 0.605469 0.031250 0.019531
3 0.104492 0.599609 0.001953 0.007812
3 0.260742 0.586914 0.001953 0.001953
3 0.247070 0.585938 0.009766 0.007812
3 0.294922 0.583008 0.019531 0.009766
3 0.954102 0.596680 0.025391 0.048828
3 0.440430 0.574219 0.009766 0.007812
2 0.394531 0.570312 0.011719 0.003906
3 0.153320 0.569336 0.041016 0.013672
3 0.046875 0.569336 0.058594 0.017578
3 0.244141 0.561523 0.007812 0.009766
2 0.652344 0.559570 0.007812 0.009766
2 0.307617 0.553711 0.001953 0.001953
3 0.013672 0.553711 0.007812 0.001953
2 0.272461 0.549805 0.001953 0.001953
3 0.488281 0.561523 0.082031 0.029297
3 0.815430 0.545898 0.005859 0.005859
3 0.664062 0.541992 0.003906 0.001953
2 0.276367 0.542969 0.005859 0.003906
3 0.473633 0.540039 0.001953 0.001953
3 0.317383 0.540039 0.001953 0.001953
2 0.063477 0.540039 0.001953 0.001953
3 0.668945 0.536133 0.001953 0.001953
3 0.475586 0.536133 0.001953 0.001953
3 0.317383 0.536133 0.001953 0.001953
3 0.805664 0.534180 0.001953 0.001953
3 0.811523 0.532227 0.001953 0.001953
2 0.893555 0.530273 0.001953 0.001953
3 0.447266 0.533203 0.007812 0.007812
3 0.921875 0.574219 0.089844 0.093750
3 0.454102 0.538086 0.013672 0.021484
3 0.035156 0.532227 0.015625 0.009766
2 0.895508 0.526367 0.001953 0.001953
2 0.867188 0.527344 0.003906 0.003906
3 0.314453 0.528320 0.003906 0.009766
2 0.643555 0.523438 0.001953 0.003906
3 0.537109 0.528320 0.011719 0.013672
3 0.085938 0.516602 0.007812 0.001953
3 0.076172 0.515625 0.007812 0.003906
3 0.057617 0.510742 0.001953 0.001953
3 0.669922 0.520508 0.015625 0.025391
3 0.046875 0.509766 0.011719 0.003906
3 0.564453 0.507812 0.007812 0.015625
3 0.550781 0.500977 0.003906 0.001953
3 0.271484 0.500977 0.015625 0.009766
2 0.648438 0.497070 0.003906 0.005859
3 0.879883 0.498047 0.017578 0.011719
3 0.426758 0.495117 0.005859 0.009766
3 0.298828 0.493164 0.007812 0.005859
3 0.552734 0.492188 0.011719 0.007812
3 0.172852 0.491211 0.009766 0.013672
3 0.077148 0.501953 0.154297 0.058594
3 0.219727 0.472656 0.005859 0.007812
3 0.902344 0.472656 0.019531 0.019531
2 0.466797 0.464844 0.003906 0.003906
3 0.145508 0.469727 0.009766 0.013672
2 0.105469 0.464844 0.011719 0.003906
3 0.187500 0.467773 0.015625 0.017578
3 0.913086 0.463867 0.013672 0.013672
3 0.386719 0.458984 0.007812 0.003906
3 0.220703 0.507812 0.089844 0.101562
2 0.958008 0.461914 0.013672 0.013672
3 0.524414 0.459961 0.009766 0.013672
3 0.015625 0.458008 0.031250 0.013672
3 0.720703 0.449219 0.003906 0.003906
2 0.081055 0.453125 0.009766 0.011719
3 0.056641 0.450195 0.015625 0.013672
2 0.436523 0.445312 0.005859 0.011719
2 0.124023 0.436523 0.001953 0.001953
3 0.094727 0.438477 0.017578 0.013672
3 0.933594 0.422852 0.019531 0.009766
3 0.547852 0.420898 0.005859 0.009766
2 0.149414 0.410156 0.013672 0.007812
3 0.102539 0.408203 0.001953 0.003906
3 0.020508 0.421875 0.041016 0.035156
2 0.215820 0.401367 0.001953 0.001953
2 0.430664 0.404297 0.048828 0.023438
3 0.393555 0.389648 0.001953 0.001953
2 0.731445 0.385742 0.001953 0.001953
3 0.468750 0.388672 0.007812 0.011719
3 0.391602 0.382812 0.005859 0.003906
3 0.974609 0.381836 0.007812 0.005859
3 0.959961 0.381836 0.013672 0.009766
3 0.362305 0.371094 0.005859 0.003906
3 0.239258 0.370117 0.001953 0.001953
2 0.135742 0.367188 0.009766 0.007812
2 0.793945 0.362305 0.001953 0.001953
2 0.783203 0.357422 0.019531 0.011719
2 0.094727 0.357422 0.009766 0.011719
2 0.778320 0.348633 0.001953 0.001953
3 0.185547 0.396484 0.085938 0.125000
3 0.274414 0.354492 0.033203 0.044922
2 0.918945 0.331055 0.001953 0.001953
3 0.155273 0.331055 0.001953 0.001953
3 0.867188 0.331055 0.003906 0.005859
3 0.727539 0.331055 0.005859 0.009766
3 0.262695 0.328125 0.005859 0.003906
2 0.819336 0.321289 0.001953 0.001953
2 0.286133 0.321289 0.005859 0.005859
3 0.003906 0.318359 0.003906 0.003906
3 0.762695 0.326172 0.037109 0.031250
2 0.868164 0.305664 0.001953 0.001953
2 0.870117 0.301758 0.001953 0.001953
2 0.809570 0.309570 0.013672 0.017578
3 0.883789 0.280273 0.001953 0.001953
2 0.855469 0.309570 0.050781 0.060547
3 0.434570 0.281250 0.001953 0.003906
3 0.517578 0.279297 0.003906 0.003906
3 0.438477 0.324219 0.064453 0.097656
3 0.795898 0.290039 0.033203 0.037109
3 0.732422 0.290039 0.027344 0.037109
2 0.804688 0.266602 0.003906 0.001953
3 0.082031 0.269531 0.007812 0.007812
2 0.798828 0.262695 0.003906 0.001953
3 0.919922 0.261719 0.003906 0.003906
3 0.514648 0.260742 0.001953 0.001953
3 0.746094 0.280273 0.042969 0.044922
3 0.934570 0.258789 0.005859 0.009766
3 0.380859 0.261719 0.007812 0.015625
2 0.281250 0.252930 0.003906 0.001953
3 0.001953 0.255859 0.003906 0.007812
3 0.880859 0.277344 0.054688 0.054688
2 0.166016 0.252930 0.003906 0.005859
3 0.670898 0.250977 0.005859 0.005859
3 0.521484 0.257812 0.011719 0.019531
3 0.372070 0.254883 0.005859 0.013672
2 0.504883 0.241211 0.001953 0.001953
3 0.950195 0.273438 0.076172 0.070312
2 0.169922 0.239258 0.007812 0.009766
3 0.956055 0.234375 0.005859 0.007812
3 0.907227 0.239258 0.025391 0.017578
2 0.266602 0.232422 0.005859 0.003906
3 0.750000 0.230469 0.003906 0.003906
3 0.715820 0.229492 0.001953 0.001953
3 0.710938 0.232422 0.007812 0.007812
3 0.666016 0.229492 0.007812 0.005859
2 0.226562 0.230469 0.007812 0.011719
3 0.932617 0.232422 0.017578 0.019531
2 0.828125 0.237305 0.039062 0.037109
3 0.410156 0.225586 0.011719 0.017578
2 0.513672 0.222656 0.023438 0.015625
3 0.011719 0.220703 0.023438 0.011719
2 0.586914 0.211914 0.001953 0.001953
3 0.155273 0.215820 0.025391 0.017578
3 0.912109 0.213867 0.011719 0.017578
2 0.845703 0.208008 0.007812 0.005859
3 0.332031 0.214844 0.031250 0.019531
3 0.907227 0.204102 0.001953 0.001953
2 0.630859 0.212891 0.031250 0.019531
2 0.856445 0.202148 0.001953 0.001953
2 0.199219 0.205078 0.015625 0.011719
3 0.457031 0.198242 0.007812 0.009766
3 0.818359 0.202148 0.011719 0.021484
2 0.618164 0.190430 0.001953 0.001953
3 0.309570 0.192383 0.005859 0.005859
3 0.290039 0.196289 0.013672 0.017578
3 0.831055 0.187500 0.009766 0.007812
3 0.667969 0.187500 0.019531 0.007812
3 0.046875 0.194336 0.031250 0.021484
3 0.063477 0.184570 0.009766 0.005859
2 0.782227 0.196289 0.025391 0.041016
2 0.724609 0.179688 0.007812 0.007812
3 0.511719 0.215820 0.187500 0.083984
3 0.365234 0.182617 0.023438 0.017578
3 0.502930 0.172852 0.001953 0.001953
3 0.791992 0.170898 0.001953 0.001953
2 0.008789 0.170898 0.001953 0.001953
2 0.591797 0.173828 0.007812 0.011719
3 0.399414 0.175781 0.013672 0.015625
3 0.260742 0.170898 0.005859 0.005859
3 0.506836 0.177734 0.021484 0.027344
2 0.139648 0.163086 0.001953 0.001953
3 0.152344 0.276367 0.167969 0.228516
3 0.055664 0.163086 0.001953 0.001953
3 0.892578 0.190430 0.027344 0.060547
3 0.568359 0.162109 0.003906 0.003906
2 0.134766 0.162109 0.003906 0.003906
3 0.372070 0.162109 0.013672 0.007812
3 0.062500 0.161133 0.007812 0.005859
2 0.727539 0.157227 0.009766 0.009766
3 0.482422 0.156250 0.007812 0.007812
3 0.361328 0.155273 0.003906 0.005859
2 0.405273 0.149414 0.001953 0.001953
3 0.358398 0.149414 0.001953 0.001953
2 0.740234 0.154297 0.011719 0.015625
3 0.634766 0.162109 0.046875 0.035156
3 0.501953 0.144531 0.003906 0.003906
3 0.312500 0.162109 0.070312 0.039062
2 0.780273 0.145508 0.005859 0.009766
3 0.594727 0.146484 0.017578 0.011719
3 0.885742 0.139648 0.001953 0.001953
3 0.824219 0.140625 0.007812 0.003906
3 0.141602 0.140625 0.001953 0.003906
3 0.908203 0.139648 0.003906 0.005859
3 0.538086 0.133789 0.001953 0.001953
3 0.855469 0.131836 0.003906 0.001953
2 0.241211 0.136719 0.017578 0.011719
3 0.268555 0.210938 0.173828 0.160156
3 0.872070 0.131836 0.017578 0.009766
3 0.551758 0.148438 0.044922 0.046875
2 0.106445 0.125977 0.001953 0.001953
3 0.703125 0.127930 0.015625 0.009766
2 0.440430 0.125977 0.009766 0.009766
2 0.097656 0.122070 0.003906 0.001953
2 0.429688 0.119141 0.003906 0.003906
3 0.979492 0.116211 0.001953 0.001953
2 0.770508 0.123047 0.025391 0.015625
3 0.941406 0.115234 0.003906 0.003906
2 0.818359 0.121094 0.035156 0.015625
3 0.853516 0.117188 0.011719 0.011719
3 0.987305 0.113281 0.009766 0.011719
2 0.781250 0.111328 0.003906 0.007812
3 0.392578 0.113281 0.027344 0.011719
3 0.901367 0.116211 0.013672 0.021484
3 0.728516 0.111328 0.007812 0.015625
3 0.552734 0.116211 0.039062 0.025391
3 0.357422 0.110352 0.015625 0.013672
2 0.438477 0.106445 0.005859 0.009766
2 0.456055 0.098633 0.001953 0.001953
2 0.815430 0.098633 0.005859 0.005859
3 0.571289 0.101562 0.013672 0.015625
2 0.266602 0.101562 0.005859 0.015625
2 0.244141 0.102539 0.019531 0.017578
3 0.921875 0.099609 0.023438 0.019531
3 0.129883 0.092773 0.009766 0.009766
3 0.207031 0.086914 0.003906 0.005859
3 0.844727 0.091797 0.037109 0.019531
2 0.790039 0.083008 0.001953 0.001953
2 0.805664 0.096680 0.033203 0.033203
2 0.783203 0.080078 0.007812 0.007812
3 0.100586 0.077148 0.009766 0.005859
3 0.925781 0.075195 0.003906 0.005859
3 0.636719 0.106445 0.058594 0.068359
3 0.541992 0.083984 0.029297 0.023438
2 0.774414 0.073242 0.005859 0.009766
3 0.044922 0.073242 0.023438 0.009766
3 0.566406 0.067383 0.003906 0.001953
2 0.631836 0.066406 0.009766 0.007812
3 0.410156 0.066406 0.015625 0.011719
2 0.230469 0.064453 0.007812 0.007812
3 0.967773 0.075195 0.033203 0.033203
3 0.161133 0.059570 0.001953 0.001953
3 0.075195 0.061523 0.009766 0.005859
3 0.153320 0.059570 0.005859 0.005859
2 0.796875 0.067383 0.031250 0.025391
3 0.163086 0.055664 0.001953 0.001953
3 0.472656 0.065430 0.027344 0.029297
2 0.627930 0.051758 0.005859 0.005859
2 0.247070 0.055664 0.029297 0.013672
3 0.587891 0.058594 0.035156 0.023438
3 0.213867 0.046875 0.005859 0.003906
3 0.313477 0.049805 0.017578 0.017578
2 0.644531 0.040039 0.003906 0.001953
3 0.761719 0.056641 0.011719 0.046875
3 0.401367 0.048828 0.041016 0.031250
3 0.658203 0.054688 0.023438 0.046875
3 0.816406 0.047852 0.070312 0.037109
3 0.750977 0.028320 0.001953 0.001953
3 0.704102 0.031250 0.013672 0.011719
3 0.666016 0.026367 0.003906 0.001953
3 0.381836 0.026367 0.005859 0.005859
3 0.206055 0.027344 0.009766 0.007812
3 0.078125 0.118164 0.156250 0.193359
3 0.778320 0.020508 0.001953 0.001953
2 0.270508 0.019531 0.001953 0.003906
3 0.885742 0.024414 0.041016 0.029297
2 0.001953 0.014648 0.003906 0.009766
2 0.798828 0.007812 0.003906 0.003906
2 0.273438 0.009766 0.003906 0.007812
2 0.262695 0.006836 0.001953 0.001953
3 0.522461 0.010742 0.009766 0.013672
2 0.272461 0.002930 0.001953 0.001953
3 0.844727 0.001953 0.001953 0.003906
3 0.826172 0.007812 0.007812 0.015625
3 0.773438 0.005859 0.027344 0.011719
3 0.677734 0.017578 0.023438 0.035156
3 0.665039 0.006836 0.009766 0.013672
3 0.620117 0.027344 0.060547 0.054688
3 0.592773 0.003906 0.009766 0.007812
3 0.487305 0.007812 0.017578 0.015625
3 0.354492 0.014648 0.044922 0.029297
3 0.042969 0.011719 0.042969 0.023438