0 0.424805 0.999023 0.001953 0.001953
0 0.908203 0.996094 0.003906 0.007812
0 0.391602 0.993164 0.001953 0.001953
0 0.438477 0.989258 0.001953 0.001953
0 0.424805 0.993164 0.021484 0.013672
0 0.416992 0.987305 0.001953 0.001953
0 0.832031 0.991211 0.035156 0.017578
0 0.528320 0.991211 0.025391 0.017578
0 0.511719 0.984375 0.003906 0.003906
0 0.123047 0.991211 0.035156 0.017578
0 0.480469 0.982422 0.003906 0.003906
0 0.349609 0.988281 0.027344 0.015625
0 0.190430 0.981445 0.001953 0.001953
0 0.979492 0.979492 0.001953 0.001953
0 0.418945 0.979492 0.001953 0.001953
0 0.965820 0.977539 0.001953 0.001953
0 0.342773 0.977539 0.001953 0.001953
0 0.955078 0.985352 0.066406 0.029297
0 0.305664 0.969727 0.001953 0.001953
0 0.317383 0.967773 0.001953 0.001953
0 0.489258 0.970703 0.025391 0.015625
0 0.387695 0.975586 0.044922 0.025391
0 0.621094 0.960938 0.007812 0.003906
0 0.319336 0.952148 0.001953 0.001953
0 0.992188 0.944336 0.003906 0.001953
0 0.430664 0.952148 0.009766 0.017578
0 0.541992 0.945312 0.005859 0.007812
0 0.529297 0.941406 0.015625 0.011719
0 0.952148 0.930664 0.001953 0.001953
0 0.522461 0.930664 0.001953 0.001953
0 0.961914 0.926758 0.001953 0.001953
0 0.005859 0.938477 0.011719 0.025391
1 0.997070 0.925781 0.005859 0.003906
1 0.979492 0.922852 0.001953 0.001953
1 0.987305 0.920898 0.009766 0.005859
1 0.994141 0.915039 0.011719 0.005859
0 0.872070 0.913086 0.001953 0.001953
0 0.348633 0.955078 0.212891 0.089844
0 0.545898 0.907227 0.001953 0.001953
0 0.866211 0.905273 0.013672 0.009766
0 0.804688 0.912109 0.027344 0.023438
0 0.220703 0.904297 0.007812 0.007812
0 0.759766 0.905273 0.011719 0.013672
0 0.690430 0.897461 0.001953 0.001953
0 0.229492 0.897461 0.001953 0.001953
0 0.888672 0.892578 0.003906 0.003906
0 0.200195 0.891602 0.001953 0.001953
0 0.208984 0.888672 0.003906 0.003906
0 0.204102 0.887695 0.001953 0.001953
0 0.688477 0.874023 0.001953 0.001953
0 0.737305 0.880859 0.029297 0.027344
0 0.725586 0.866211 0.001953 0.001953
0 0.833008 0.865234 0.001953 0.003906
0 0.112305 0.864258 0.001953 0.001953
0 0.507812 0.869141 0.015625 0.015625
0 0.969727 0.860352 0.005859 0.005859
0 0.842773 0.873047 0.017578 0.031250
0 0.124023 0.858398 0.001953 0.001953
0 0.010742 0.856445 0.001953 0.001953
0 0.129883 0.855469 0.005859 0.003906
0 0.131836 0.852539 0.001953 0.001953
0 0.571289 0.848633 0.001953 0.001953
0 0.127930 0.849609 0.001953 0.003906
0 0.770508 0.846680 0.005859 0.005859
0 0.025391 0.856445 0.027344 0.033203
1 0.917969 0.856445 0.039062 0.037109
0 0.545898 0.880859 0.150391 0.085938
0 0.427734 0.839844 0.003906 0.003906
0 0.901367 0.834961 0.001953 0.001953
0 0.578125 0.834961 0.007812 0.001953
0 0.265625 0.867188 0.105469 0.066406
0 0.038086 0.833008 0.001953 0.001953
0 0.583008 0.831055 0.001953 0.001953
0 0.100586 0.844727 0.052734 0.033203
0 0.216797 0.840820 0.011719 0.029297
0 0.552734 0.826172 0.003906 0.003906
0 0.000977 0.829102 0.001953 0.013672
0 0.069336 0.819336 0.001953 0.001953
0 0.688477 0.817383 0.001953 0.001953
0 0.000977 0.818359 0.001953 0.003906
0 0.810547 0.815430 0.003906 0.001953
0 0.684570 0.815430 0.001953 0.001953
0 0.071289 0.815430 0.001953 0.001953
0 0.014648 0.822266 0.005859 0.019531
0 0.581055 0.811523 0.001953 0.001953
0 0.016602 0.809570 0.001953 0.001953
0 0.555664 0.803711 0.001953 0.001953
0 0.581055 0.799805 0.001953 0.001953
0 0.549805 0.799805 0.001953 0.001953
0 0.083008 0.802734 0.009766 0.011719
0 0.594727 0.793945 0.001953 0.001953
0 0.092773 0.790039 0.001953 0.001953
0 0.682617 0.784180 0.001953 0.001953
0 0.526367 0.791016 0.009766 0.023438
0 0.208008 0.780273 0.001953 0.001953
0 0.516602 0.778320 0.001953 0.001953
0 0.975586 0.776367 0.001953 0.001953
0 0.514648 0.774414 0.001953 0.001953
0 0.070312 0.783203 0.027344 0.023438
0 0.958008 0.770508 0.001953 0.001953
0 0.979492 0.766602 0.001953 0.001953
0 0.206055 0.766602 0.001953 0.001953
0 0.017578 0.781250 0.019531 0.031250
0 0.702148 0.764648 0.001953 0.001953
0 0.211914 0.797852 0.060547 0.068359
0 0.123047 0.765625 0.003906 0.003906
0 0.172852 0.762695 0.005859 0.009766
0 0.791016 0.811523 0.253906 0.111328
0 0.202148 0.759766 0.009766 0.007812
0 0.961914 0.766602 0.033203 0.025391
0 0.170898 0.754883 0.001953 0.001953
0 0.899414 0.752930 0.001953 0.001953
0 0.689453 0.765625 0.027344 0.027344
0 0.903320 0.750977 0.001953 0.001953
0 0.291992 0.769531 0.037109 0.039062
0 0.879883 0.747070 0.001953 0.001953
0 0.172852 0.747070 0.001953 0.001953
0 0.167969 0.745117 0.003906 0.005859
0 0.159180 0.744141 0.001953 0.003906
1 0.999023 0.738281 0.001953 0.003906
0 0.724609 0.737305 0.007812 0.005859
0 0.387695 0.735352 0.001953 0.001953
0 0.151367 0.735352 0.001953 0.001953
0 0.384766 0.731445 0.003906 0.001953
0 0.163086 0.731445 0.001953 0.001953
0 0.155273 0.731445 0.005859 0.005859
0 0.149414 0.730469 0.001953 0.003906
0 0.670898 0.731445 0.017578 0.009766
0 0.208008 0.727539 0.001953 0.001953
0 0.667969 0.726562 0.003906 0.003906
0 0.212891 0.724609 0.003906 0.003906
0 0.116211 0.733398 0.017578 0.021484
0 0.118164 0.719727 0.001953 0.001953
0 0.116211 0.715820 0.001953 0.001953
0 0.243164 0.728516 0.037109 0.031250
0 0.018555 0.738281 0.037109 0.050781
0 0.875977 0.711914 0.001953 0.001953
0 0.984375 0.710938 0.003906 0.003906
0 0.054688 0.725586 0.031250 0.037109
0 0.626953 0.704102 0.003906 0.001953
0 0.047852 0.704102 0.001953 0.001953
0 0.896484 0.723633 0.042969 0.052734
0 0.991211 0.696289 0.001953 0.001953
0 0.632812 0.698242 0.011719 0.013672
0 0.563477 0.698242 0.009766 0.017578
0 0.253906 0.697266 0.035156 0.027344
0 0.031250 0.689453 0.011719 0.011719
0 0.934570 0.676758 0.001953 0.001953
0 0.989258 0.674805 0.001953 0.001953
0 0.963867 0.682617 0.037109 0.025391
0 0.992188 0.680664 0.015625 0.025391
0 0.577148 0.668945 0.001953 0.001953
0 0.893555 0.668945 0.017578 0.017578
0 0.863281 0.662109 0.003906 0.003906
0 0.576172 0.663086 0.003906 0.005859
1 0.941406 0.628906 0.007812 0.011719
0 0.534180 0.625977 0.009766 0.005859
1 0.948242 0.622070 0.001953 0.001953
0 0.896484 0.623047 0.003906 0.003906
0 0.527344 0.623047 0.003906 0.003906
0 0.581055 0.621094 0.009766 0.007812
0 0.518555 0.615234 0.009766 0.007812
0 0.811523 0.606445 0.001953 0.001953
0 0.944336 0.606445 0.005859 0.009766
0 0.003906 0.596680 0.003906 0.001953
0 0.950195 0.592773 0.001953 0.001953
0 0.041992 0.588867 0.001953 0.001953
0 0.999023 0.588867 0.001953 0.005859
0 0.633789 0.595703 0.037109 0.019531
0 0.059570 0.586914 0.001953 0.001953
0 0.029297 0.593750 0.011719 0.019531
0 0.022461 0.584961 0.001953 0.001953
0 0.999023 0.581055 0.001953 0.001953
0 0.011719 0.586914 0.015625 0.013672
0 0.649414 0.579102 0.001953 0.001953
0 0.639648 0.579102 0.001953 0.001953
0 0.015625 0.579102 0.003906 0.001953
0 0.092773 0.569336 0.001953 0.001953
0 0.043945 0.572266 0.005859 0.007812
0 0.954102 0.567383 0.001953 0.001953
0 0.974609 0.604492 0.050781 0.080078
0 0.822266 0.582031 0.023438 0.039062
0 0.942383 0.561523 0.001953 0.001953
0 0.833984 0.562500 0.003906 0.003906
0 0.028320 0.561523 0.001953 0.001953
1 0.945312 0.557617 0.007812 0.005859
0 0.338867 0.587891 0.025391 0.070312
0 0.102539 0.550781 0.013672 0.007812
0 0.013672 0.558594 0.023438 0.031250
0 0.508789 0.563477 0.041016 0.044922
0 0.843750 0.545898 0.019531 0.025391
0 0.626953 0.534180 0.003906 0.005859
0 0.625977 0.528320 0.001953 0.001953
0 0.826172 0.530273 0.015625 0.013672
0 0.092773 0.524414 0.001953 0.001953
0 0.059570 0.520508 0.001953 0.001953
0 0.048828 0.528320 0.023438 0.021484
0 0.819336 0.508789 0.005859 0.009766
0 0.642578 0.505859 0.007812 0.007812
0 0.823242 0.500977 0.001953 0.001953
0 0.102539 0.499023 0.001953 0.001953
0 0.398438 0.502930 0.019531 0.017578
0 0.045898 0.479492 0.001953 0.001953
0 0.822266 0.482422 0.007812 0.011719
0 0.995117 0.475586 0.001953 0.001953
0 0.989258 0.475586 0.001953 0.001953
0 0.106445 0.475586 0.001953 0.001953
0 0.088867 0.487305 0.025391 0.029297
0 0.057617 0.473633 0.001953 0.001953
0 0.995117 0.471680 0.001953 0.001953
0 0.991211 0.469727 0.001953 0.001953
0 0.104492 0.468750 0.005859 0.003906
0 0.983398 0.465820 0.001953 0.001953
0 0.461914 0.500000 0.056641 0.074219
0 0.982422 0.460938 0.003906 0.003906
0 0.165039 0.460938 0.001953 0.003906
0 0.114258 0.461914 0.001953 0.005859
0 0.073242 0.460938 0.001953 0.003906
0 0.147461 0.458008 0.005859 0.005859
0 0.885742 0.454102 0.001953 0.001953
0 0.073242 0.452148 0.001953 0.001953
0 0.142578 0.450195 0.003906 0.005859
0 0.110352 0.446289 0.001953 0.001953
0 0.103516 0.445312 0.007812 0.007812
0 0.819336 0.438477 0.001953 0.001953
0 0.156250 0.437500 0.007812 0.007812
0 0.775391 0.429688 0.003906 0.003906
0 0.208008 0.430664 0.009766 0.005859
0 0.179688 0.439453 0.039062 0.027344
0 0.890625 0.430664 0.011719 0.013672
1 0.162109 0.425781 0.003906 0.003906
0 0.384766 0.447266 0.011719 0.050781
1 0.858398 0.417969 0.001953 0.003906
1 0.850586 0.416992 0.001953 0.001953
0 0.994141 0.416992 0.007812 0.005859
0 0.868164 0.444336 0.095703 0.060547
0 0.827148 0.415039 0.001953 0.001953
0 0.885742 0.416992 0.005859 0.009766
0 0.946289 0.409180 0.001953 0.001953
0 0.812500 0.413086 0.011719 0.025391
0 0.911133 0.399414 0.001953 0.001953
0 0.045898 0.430664 0.091797 0.091797
0 0.997070 0.387695 0.005859 0.009766
0 0.315430 0.383789 0.001953 0.001953
0 0.315430 0.379883 0.001953 0.001953
0 0.991211 0.378906 0.005859 0.007812
0 0.263672 0.383789 0.011719 0.017578
0 0.267578 0.373047 0.003906 0.003906
0 0.305664 0.371094 0.005859 0.007812
0 0.235352 0.368164 0.001953 0.001953
0 0.290039 0.366211 0.001953 0.001953
0 0.193359 0.364258 0.003906 0.001953
0 0.330078 0.362305 0.003906 0.001953
0 0.188477 0.360352 0.001953 0.001953
0 0.900391 0.362305 0.007812 0.009766
0 0.284180 0.360352 0.009766 0.005859
0 0.979492 0.356445 0.001953 0.001953
0 0.316406 0.357422 0.003906 0.003906
0 0.276367 0.356445 0.001953 0.001953
0 0.896484 0.355469 0.003906 0.003906
0 0.219727 0.356445 0.009766 0.009766
0 0.858398 0.350586 0.001953 0.001953
0 0.317383 0.350586 0.001953 0.001953
0 0.852539 0.349609 0.001953 0.003906
0 0.323242 0.353516 0.005859 0.011719
0 0.841797 0.349609 0.011719 0.007812
0 0.007812 0.356445 0.015625 0.021484
0 0.992188 0.348633 0.015625 0.009766
0 0.907227 0.344727 0.001953 0.001953
0 0.836914 0.344727 0.001953 0.001953
0 0.079102 0.344727 0.001953 0.001953
0 0.197266 0.346680 0.011719 0.009766
0 0.916016 0.338867 0.003906 0.001953
0 0.880859 0.337891 0.003906 0.003906
0 0.338867 0.336914 0.001953 0.001953
0 0.907227 0.334961 0.001953 0.001953
0 0.903320 0.334961 0.001953 0.001953
0 0.083008 0.334961 0.001953 0.001953
0 0.088867 0.333008 0.001953 0.001953
0 0.913086 0.331055 0.001953 0.001953
0 0.113281 0.337891 0.007812 0.015625
0 0.083008 0.329102 0.001953 0.001953
0 0.985352 0.332031 0.017578 0.011719
0 0.849609 0.336914 0.023438 0.021484
0 0.858398 0.324219 0.001953 0.003906
0 0.848633 0.323242 0.001953 0.001953
0 0.233398 0.319336 0.001953 0.001953
0 0.302734 0.335938 0.042969 0.039062
0 0.126953 0.323242 0.015625 0.013672
1 0.116211 0.317383 0.005859 0.001953
1 0.079102 0.315430 0.001953 0.001953
0 0.052734 0.334961 0.054688 0.041016
0 0.854492 0.315430 0.005859 0.005859
0 0.348633 0.313477 0.001953 0.001953
0 0.987305 0.314453 0.025391 0.011719
0 0.360352 0.315430 0.013672 0.013672
0 0.236328 0.310547 0.003906 0.003906
0 0.239258 0.307617 0.001953 0.001953
0 0.966797 0.303711 0.003906 0.005859
0 0.297852 0.301758 0.013672 0.009766
1 0.132812 0.306641 0.027344 0.031250
0 0.970703 0.291016 0.003906 0.003906
1 0.263672 0.301758 0.019531 0.037109
0 0.022461 0.290039 0.044922 0.033203
1 0.089844 0.286133 0.058594 0.029297
1 0.000977 0.272461 0.001953 0.001953
0 0.162109 0.368164 0.167969 0.201172
1 0.065430 0.268555 0.001953 0.001953
1 0.058594 0.262695 0.003906 0.001953
0 0.153320 0.260742 0.001953 0.001953
0 0.440430 0.256836 0.001953 0.001953
0 0.187500 0.257812 0.007812 0.007812
0 0.285156 0.259766 0.007812 0.015625
0 0.197266 0.251953 0.003906 0.003906
1 0.036133 0.259766 0.021484 0.023438
0 0.002930 0.244141 0.001953 0.003906
0 0.968750 0.242188 0.003906 0.003906
1 0.090820 0.241211 0.001953 0.001953
0 0.286133 0.233398 0.001953 0.001953
0 0.106445 0.234375 0.005859 0.003906
0 0.100586 0.229492 0.001953 0.001953
0 0.948242 0.223633 0.001953 0.001953
1 0.267578 0.235352 0.035156 0.029297
0 0.041992 0.217773 0.001953 0.001953
0 0.917969 0.225586 0.019531 0.021484
1 0.268555 0.215820 0.001953 0.001953
0 0.389648 0.213867 0.001953 0.001953
0 0.388672 0.217773 0.011719 0.009766
0 0.472656 0.212891 0.003906 0.003906
0 0.925781 0.210938 0.007812 0.007812
1 0.254883 0.211914 0.005859 0.013672
1 0.386719 0.205078 0.007812 0.007812
1 0.395508 0.200195 0.001953 0.001953
0 0.349609 0.198242 0.003906 0.005859
0 0.304688 0.198242 0.011719 0.009766
0 0.338867 0.190430 0.001953 0.001953
0 0.526367 0.190430 0.001953 0.005859
0 0.144531 0.217773 0.042969 0.060547
1 0.153320 0.188477 0.001953 0.001953
1 0.092773 0.188477 0.001953 0.001953
0 0.333008 0.191406 0.009766 0.011719
0 0.148438 0.187500 0.003906 0.003906
1 0.142578 0.187500 0.003906 0.003906
0 0.348633 0.183594 0.001953 0.003906
1 0.159180 0.182617 0.001953 0.001953
1 0.092773 0.194336 0.029297 0.025391
0 0.957031 0.181641 0.003906 0.003906
1 0.086914 0.176758 0.001953 0.001953
1 0.058594 0.177734 0.003906 0.003906
0 0.347656 0.174805 0.007812 0.005859
0 0.336914 0.175781 0.005859 0.007812
0 0.288086 0.172852 0.001953 0.001953
1 0.094727 0.172852 0.009766 0.005859
0 0.337891 0.167969 0.003906 0.003906
0 0.291016 0.167969 0.003906 0.003906
1 0.045898 0.165039 0.001953 0.001953
0 0.562500 0.166016 0.007812 0.007812
0 0.252930 0.176758 0.052734 0.033203
1 0.145508 0.161133 0.001953 0.001953
0 0.082031 0.161133 0.003906 0.001953
0 0.590820 0.162109 0.001953 0.007812
0 0.571289 0.162109 0.005859 0.007812
0 0.296875 0.163086 0.003906 0.013672
0 0.249023 0.157227 0.001953 0.001953
0 0.331055 0.155273 0.001953 0.001953
1 0.242188 0.158203 0.003906 0.007812
1 0.146484 0.166992 0.023438 0.029297
0 0.020508 0.153320 0.001953 0.001953
0 0.526367 0.149414 0.001953 0.001953
0 0.181641 0.147461 0.003906 0.001953
1 0.121094 0.145508 0.003906 0.001953
1 0.047852 0.141602 0.001953 0.001953
1 0.160156 0.139648 0.003906 0.001953
0 0.209961 0.138672 0.001953 0.003906
1 0.375977 0.135742 0.001953 0.001953
0 0.301758 0.135742 0.001953 0.001953
0 0.192383 0.135742 0.001953 0.001953
0 0.043945 0.181641 0.087891 0.093750
1 0.366211 0.138672 0.009766 0.011719
0 0.319336 0.152344 0.048828 0.039062
0 0.541992 0.133789 0.009766 0.005859
0 0.466797 0.132812 0.003906 0.003906
0 0.592773 0.129883 0.001953 0.001953
1 0.377930 0.129883 0.001953 0.005859
0 0.347656 0.128906 0.003906 0.003906
0 0.211914 0.127930 0.001953 0.001953
0 0.362305 0.126953 0.005859 0.007812
0 0.352539 0.122070 0.001953 0.001953
0 0.341797 0.122070 0.003906 0.001953
1 0.031250 0.123047 0.003906 0.003906
0 0.602539 0.120117 0.001953 0.001953
0 0.510742 0.121094 0.005859 0.003906
1 0.382812 0.122070 0.003906 0.005859
0 0.360352 0.120117 0.001953 0.001953
0 0.581055 0.118164 0.001953 0.001953
0 0.496094 0.127930 0.023438 0.021484
0 0.485352 0.118164 0.001953 0.001953
0 0.356445 0.114258 0.001953 0.001953
0 0.614258 0.118164 0.017578 0.013672
0 0.599609 0.111328 0.003906 0.003906
0 0.515625 0.115234 0.007812 0.011719
0 0.186523 0.127930 0.048828 0.037109
0 0.485352 0.111328 0.005859 0.007812
0 0.427734 0.105469 0.003906 0.003906
1 0.358398 0.104492 0.009766 0.009766
0 0.661133 0.106445 0.009766 0.017578
1 0.353516 0.098633 0.003906 0.005859
0 0.315430 0.103516 0.013672 0.023438
1 0.124023 0.098633 0.025391 0.017578
0 0.480469 0.076172 0.003906 0.003906
0 0.250000 0.077148 0.007812 0.005859
0 0.492188 0.071289 0.003906 0.001953
0 0.229492 0.071289 0.001953 0.001953
1 0.238281 0.067383 0.003906 0.001953
0 0.601562 0.074219 0.011719 0.019531
1 0.064453 0.116211 0.082031 0.115234
0 0.567383 0.053711 0.005859 0.005859
0 0.633789 0.056641 0.025391 0.019531
1 0.051758 0.048828 0.001953 0.003906
0 0.931641 0.051758 0.011719 0.017578
0 0.280273 0.043945 0.001953 0.001953
0 0.276367 0.043945 0.001953 0.001953
0 0.945312 0.044922 0.011719 0.007812
1 0.007812 0.042969 0.003906 0.007812
0 0.934570 0.039062 0.001953 0.003906
1 0.198242 0.054688 0.072266 0.039062
0 0.001953 0.040039 0.003906 0.009766
0 0.483398 0.042969 0.013672 0.019531
0 0.389648 0.032227 0.001953 0.001953
0 0.516602 0.034180 0.005859 0.009766
0 0.389648 0.028320 0.001953 0.001953
1 0.258789 0.026367 0.001953 0.001953
0 0.649414 0.026367 0.001953 0.005859
0 0.405273 0.024414 0.001953 0.001953
0 0.391602 0.022461 0.001953 0.001953
1 0.012695 0.024414 0.001953 0.005859
0 0.649414 0.020508 0.001953 0.001953
0 0.908203 0.023438 0.011719 0.011719
0 0.874023 0.016602 0.001953 0.001953
1 0.033203 0.035156 0.023438 0.039062
0 0.870117 0.014648 0.001953 0.001953
0 0.613281 0.021484 0.019531 0.015625
0 0.908203 0.013672 0.003906 0.003906
0 0.459961 0.010742 0.001953 0.001953
1 0.366211 0.038086 0.037109 0.056641
0 0.401367 0.016602 0.013672 0.017578
1 0.286133 0.009766 0.005859 0.003906
1 0.149414 0.021484 0.017578 0.027344
0 0.438477 0.052734 0.068359 0.093750
0 0.618164 0.008789 0.009766 0.009766
0 0.393555 0.004883 0.001953 0.001953
0 0.997070 0.002930 0.005859 0.005859
0 0.875977 0.005859 0.013672 0.011719
0 0.730469 0.001953 0.007812 0.003906
0 0.661133 0.003906 0.009766 0.007812
0 0.642578 0.001953 0.007812 0.003906
0 0.635742 0.000977 0.001953 0.001953
0 0.613281 0.001953 0.003906 0.003906
0 0.598633 0.005859 0.013672 0.011719
0 0.538086 0.066406 0.119141 0.132812
1 0.483398 0.000977 0.001953 0.001953
0 0.454102 0.000977 0.001953 0.001953
0 0.415039 0.000977 0.005859 0.001953
0 0.389648 0.000977 0.005859 0.001953
1 0.299805 0.001953 0.005859 0.003906
1 0.288086 0.001953 0.005859 0.003906
1 0.282227 0.000977 0.001953 0.001953
1 0.275391 0.001953 0.007812 0.003906
1 0.265625 0.000977 0.003906 0.001953
2 0.425781 0.998047 0.007812 0.003906
2 0.973633 0.995117 0.001953 0.001953
2 0.975586 0.991211 0.001953 0.001953
2 0.427734 0.991211 0.003906 0.001953
2 0.422852 0.991211 0.001953 0.001953
2 0.996094 0.683594 0.003906 0.003906
2 0.959961 0.641602 0.001953 0.001953
2 0.971680 0.616211 0.001953 0.001953
2 0.976562 0.608398 0.007812 0.005859
2 0.018555 0.293945 0.001953 0.001953
2 0.000977 0.217773 0.001953 0.001953
3 0.064453 0.188477 0.003906 0.001953
3 0.002930 0.178711 0.001953 0.001953
3 0.001953 0.173828 0.003906 0.003906
2 0.528320 0.119141 0.001953 0.003906
2 0.540039 0.114258 0.001953 0.001953
2 0.562500 0.111328 0.003906 0.003906
2 0.508789 0.092773 0.001953 0.001953
2 0.571289 0.088867 0.001953 0.001953
2 0.545898 0.063477 0.005859 0.013672
2 0.544922 0.051758 0.003906 0.005859
2 0.524414 0.043945 0.001953 0.001953
2 0.535156 0.034180 0.011719 0.009766
2 0.500000 0.500000 1.000000 1.000000