0 0.487305 0.996094 0.017578 0.007812
0 0.305664 0.993164 0.001953 0.001953
0 0.805664 0.987305 0.001953 0.001953
0 0.663086 0.993164 0.021484 0.013672
0 0.547852 0.993164 0.041016 0.013672
0 0.825195 0.988281 0.017578 0.011719
0 0.667969 0.983398 0.003906 0.001953
0 0.299805 0.981445 0.001953 0.001953
0 0.217773 0.981445 0.001953 0.001953
0 0.645508 0.980469 0.001953 0.003906
0 0.791992 0.977539 0.001953 0.001953
0 0.791992 0.973633 0.001953 0.001953
0 0.787109 0.976562 0.003906 0.007812
0 0.976562 0.972656 0.003906 0.003906
0 0.971680 0.971680 0.001953 0.001953
0 0.766602 0.973633 0.001953 0.005859
0 0.686523 0.967773 0.001953 0.001953
0 0.390625 0.982422 0.039062 0.035156
0 0.254883 0.959961 0.001953 0.001953
0 0.609375 0.957031 0.003906 0.003906
0 0.608398 0.948242 0.001953 0.001953
0 0.257812 0.949219 0.003906 0.003906
0 0.506836 0.953125 0.009766 0.015625
0 0.610352 0.942383 0.001953 0.001953
0 0.278320 0.942383 0.001953 0.001953
0 0.549805 0.935547 0.009766 0.003906
0 0.604492 0.931641 0.005859 0.003906
0 0.118164 0.950195 0.052734 0.041016
0 0.924805 0.924805 0.001953 0.001953
0 0.618164 0.922852 0.001953 0.001953
0 0.613281 0.922852 0.003906 0.001953
0 0.497070 0.920898 0.001953 0.001953
0 0.275391 0.921875 0.003906 0.003906
0 0.001953 0.922852 0.003906 0.005859
0 0.926758 0.918945 0.001953 0.001953
0 0.612305 0.918945 0.001953 0.001953
0 0.011719 0.916992 0.003906 0.001953
0 0.380859 0.907227 0.003906 0.005859
0 0.788086 0.907227 0.009766 0.009766
0 0.763672 0.904297 0.003906 0.003906
0 0.687500 0.934570 0.152344 0.068359
0 0.495117 0.903320 0.017578 0.013672
0 0.408203 0.916016 0.019531 0.039062
0 0.556641 0.896484 0.003906 0.003906
0 0.489258 0.893555 0.001953 0.001953
0 0.494141 0.892578 0.003906 0.003906
0 0.567383 0.892578 0.013672 0.011719
0 0.515625 0.898438 0.031250 0.023438
0 0.487305 0.886719 0.017578 0.015625
0 0.274414 0.877930 0.001953 0.001953
0 0.415039 0.873047 0.009766 0.011719
0 0.029297 0.889648 0.058594 0.044922
0 0.297852 0.932617 0.150391 0.134766
0 0.305664 0.841797 0.001953 0.003906
0 0.098633 0.840820 0.001953 0.001953
0 0.100586 0.836914 0.001953 0.001953
0 0.646484 0.829102 0.003906 0.001953
0 0.860352 0.835938 0.041016 0.031250
0 0.052734 0.817383 0.003906 0.001953
0 0.147461 0.815430 0.001953 0.001953
0 0.896484 0.811523 0.011719 0.021484
0 0.668945 0.791992 0.001953 0.001953
0 0.282227 0.762695 0.001953 0.001953
0 0.287109 0.754883 0.011719 0.009766
0 0.038086 0.750977 0.001953 0.001953
0 0.035156 0.747070 0.007812 0.001953
0 0.507812 0.803711 0.109375 0.123047
0 0.888672 0.745117 0.015625 0.017578
0 0.957031 0.739258 0.019531 0.009766
0 0.135742 0.737305 0.009766 0.005859
0 0.060547 0.690430 0.003906 0.005859
0 0.997070 0.693359 0.005859 0.015625
0 0.321289 0.684570 0.001953 0.001953
0 0.370117 0.680664 0.001953 0.001953
0 0.999023 0.679688 0.001953 0.003906
0 0.708008 0.678711 0.001953 0.001953
0 0.321289 0.678711 0.005859 0.005859
0 0.709961 0.674805 0.001953 0.001953
0 0.321289 0.672852 0.001953 0.001953
0 0.316406 0.669922 0.003906 0.003906
0 0.365234 0.667969 0.011719 0.011719
0 0.827148 0.663086 0.013672 0.009766
0 0.616211 0.658203 0.013672 0.007812
0 0.500977 0.651367 0.001953 0.001953
0 0.438477 0.655273 0.009766 0.009766
0 0.838867 0.639648 0.001953 0.001953
0 0.512695 0.637695 0.001953 0.001953
0 0.993164 0.641602 0.013672 0.013672
0 0.438477 0.616211 0.001953 0.001953
0 0.427734 0.613281 0.003906 0.003906
0 0.358398 0.606445 0.001953 0.001953
0 0.423828 0.608398 0.011719 0.009766
0 0.209961 0.602539 0.001953 0.001953
0 0.466797 0.598633 0.003906 0.001953
0 0.204102 0.601562 0.005859 0.007812
0 0.687500 0.590820 0.003906 0.005859
0 0.467773 0.585938 0.001953 0.003906
0 0.926758 0.583984 0.013672 0.007812
0 0.426758 0.581055 0.001953 0.001953
0 0.434570 0.583008 0.005859 0.009766
0 0.767578 0.604492 0.070312 0.056641
0 0.445312 0.579102 0.007812 0.005859
0 0.438477 0.575195 0.001953 0.001953
0 0.819336 0.572266 0.013672 0.007812
0 0.435547 0.568359 0.003906 0.003906
1 0.995117 0.559570 0.001953 0.001953
0 0.780273 0.559570 0.013672 0.005859
0 0.368164 0.557617 0.001953 0.001953
0 0.901367 0.549805 0.001953 0.001953
0 0.889648 0.560547 0.025391 0.023438
0 0.374023 0.547852 0.001953 0.001953
0 0.342773 0.543945 0.001953 0.001953
0 0.346680 0.541992 0.001953 0.001953
0 0.792969 0.537109 0.003906 0.003906
0 0.987305 0.533203 0.005859 0.007812
0 0.431641 0.532227 0.019531 0.021484
1 0.656250 0.511719 0.015625 0.003906
0 0.335938 0.489258 0.023438 0.041016
0 0.325195 0.465820 0.001953 0.001953
0 0.321289 0.461914 0.001953 0.001953
0 0.999023 0.458008 0.001953 0.001953
0 0.616211 0.460938 0.013672 0.011719
1 0.123047 0.439453 0.003906 0.003906
0 0.549805 0.431641 0.005859 0.003906
0 0.565430 0.412109 0.005859 0.007812
0 0.386719 0.411133 0.003906 0.005859
0 0.320312 0.409180 0.003906 0.001953
0 0.252930 0.411133 0.009766 0.009766
0 0.503906 0.402344 0.003906 0.007812
1 0.119141 0.391602 0.003906 0.009766
1 0.138672 0.383789 0.015625 0.013672
0 0.310547 0.394531 0.070312 0.066406
0 0.274414 0.364258 0.009766 0.009766
0 0.074219 0.347656 0.003906 0.003906
0 0.721680 0.351562 0.021484 0.019531
0 0.784180 0.315430 0.001953 0.005859
0 0.770508 0.313477 0.001953 0.001953
0 0.827148 0.342773 0.193359 0.068359
0 0.000977 0.309570 0.001953 0.013672
0 0.903320 0.288086 0.001953 0.001953
0 0.913086 0.284180 0.001953 0.001953
0 0.180664 0.288086 0.013672 0.009766
0 0.394531 0.280273 0.007812 0.009766
0 0.661133 0.273438 0.001953 0.003906
0 0.986328 0.250977 0.003906 0.009766
0 0.392578 0.238281 0.007812 0.007812
0 0.912109 0.266602 0.136719 0.076172
0 0.647461 0.201172 0.013672 0.007812
0 0.721680 0.194336 0.001953 0.001953
0 0.004883 0.192383 0.001953 0.001953
0 0.722656 0.189453 0.003906 0.003906
0 0.037109 0.179688 0.003906 0.007812
0 0.017578 0.177734 0.011719 0.007812
0 0.291992 0.177734 0.021484 0.011719
0 0.303711 0.166016 0.005859 0.003906
0 0.366211 0.148438 0.001953 0.003906
0 0.791992 0.142578 0.005859 0.003906
0 0.363281 0.142578 0.003906 0.003906
0 0.975586 0.136719 0.005859 0.003906
0 0.358398 0.135742 0.001953 0.001953
0 0.809570 0.135742 0.009766 0.013672
0 0.051758 0.122070 0.001953 0.001953
0 0.050781 0.118164 0.003906 0.001953
0 0.067383 0.099609 0.005859 0.019531
0 0.695312 0.101562 0.042969 0.031250
0 0.887695 0.081055 0.001953 0.001953
0 0.105469 0.069336 0.003906 0.001953
0 0.876953 0.084961 0.050781 0.048828
1 0.740234 0.052734 0.003906 0.003906
0 0.410156 0.049805 0.003906 0.001953
0 0.942383 0.030273 0.001953 0.001953
1 0.751953 0.008789 0.003906 0.001953
1 0.336914 0.008789 0.001953 0.001953
1 0.758789 0.006836 0.001953 0.001953
0 0.468750 0.007812 0.007812 0.003906
0 0.459961 0.006836 0.001953 0.001953
1 0.754883 0.004883 0.001953 0.001953
2 0.485352 0.999023 0.001953 0.001953
2 0.544922 0.997070 0.019531 0.005859
2 0.290039 0.993164 0.001953 0.001953
2 0.293945 0.985352 0.001953 0.001953
2 0.290039 0.986328 0.001953 0.003906
2 0.268555 0.983398 0.001953 0.001953
2 0.262695 0.986328 0.005859 0.007812
2 0.257812 0.983398 0.003906 0.001953
2 0.288086 0.979492 0.001953 0.001953
2 0.264648 0.961914 0.001953 0.001953
2 0.295898 0.946289 0.009766 0.005859
2 0.290039 0.940430 0.001953 0.001953
2 0.295898 0.891602 0.001953 0.001953
2 0.303711 0.889648 0.001953 0.001953
2 0.500000 0.500000 1.000000 1.000000