1 0.258789 0.999023 0.001953 0.001953
0 0.143555 0.999023 0.001953 0.001953
1 0.621094 0.998047 0.003906 0.003906
0 0.551758 0.997070 0.001953 0.001953
1 0.247070 0.997070 0.001953 0.001953
0 0.138672 0.998047 0.003906 0.003906
1 0.673828 0.997070 0.003906 0.005859
0 0.418945 0.997070 0.005859 0.005859
1 0.239258 0.996094 0.009766 0.007812
1 0.261719 0.992188 0.003906 0.003906
1 0.675781 0.990234 0.003906 0.003906
1 0.270508 0.989258 0.001953 0.001953
1 0.670898 0.990234 0.001953 0.007812
1 0.254883 0.987305 0.001953 0.001953
1 0.270508 0.985352 0.001953 0.001953
0 0.543945 0.979492 0.001953 0.001953
0 0.394531 0.971680 0.003906 0.001953
0 0.350586 0.962891 0.001953 0.007812
1 0.627930 0.958008 0.001953 0.001953
0 0.832031 0.973633 0.039062 0.041016
0 0.310547 0.976562 0.074219 0.046875
0 0.071289 0.952148 0.005859 0.005859
0 0.057617 0.951172 0.001953 0.003906
0 0.473633 0.967773 0.037109 0.041016
1 0.153320 0.947266 0.013672 0.011719
0 0.056641 0.942383 0.003906 0.001953
1 0.781250 0.947266 0.023438 0.015625
1 0.809570 0.942383 0.005859 0.009766
1 0.780273 0.938477 0.001953 0.001953
0 0.069336 0.940430 0.013672 0.013672
1 0.783203 0.933594 0.003906 0.003906
0 0.280273 0.936523 0.005859 0.009766
1 0.584961 0.930664 0.001953 0.001953
0 0.297852 0.930664 0.001953 0.001953
1 0.052734 0.931641 0.003906 0.003906
1 0.138672 0.931641 0.007812 0.007812
1 0.026367 0.926758 0.001953 0.001953
1 0.642578 0.933594 0.011719 0.019531
1 0.768555 0.922852 0.001953 0.001953
0 0.540039 0.922852 0.001953 0.001953
0 0.764648 0.920898 0.001953 0.001953
0 0.757812 0.924805 0.007812 0.009766
1 0.258789 0.920898 0.001953 0.001953
1 0.254883 0.920898 0.001953 0.001953
1 0.110352 0.920898 0.001953 0.001953
0 0.057617 0.916992 0.001953 0.005859
0 0.995117 0.913086 0.001953 0.001953
0 0.708008 0.913086 0.001953 0.001953
1 0.587891 0.956055 0.089844 0.087891
0 0.704102 0.911133 0.001953 0.001953
0 0.052734 0.954102 0.105469 0.091797
0 0.786133 0.907227 0.001953 0.001953
1 0.113281 0.906250 0.003906 0.003906
0 0.088867 0.911133 0.025391 0.029297
0 0.479492 0.893555 0.001953 0.001953
0 0.808594 0.913086 0.035156 0.044922
1 0.192383 0.891602 0.001953 0.001953
1 0.150391 0.897461 0.054688 0.017578
1 0.655273 0.887695 0.001953 0.001953
1 0.457031 0.888672 0.015625 0.011719
0 0.975586 0.881836 0.001953 0.001953
1 0.441406 0.883789 0.023438 0.005859
0 0.139648 0.874023 0.001953 0.001953
1 0.911133 0.872070 0.001953 0.001953
0 0.932617 0.875977 0.037109 0.013672
0 0.053711 0.895508 0.048828 0.052734
1 0.952148 0.868164 0.001953 0.001953
1 0.904297 0.871094 0.011719 0.007812
1 0.883789 0.868164 0.017578 0.009766
1 0.834961 0.857422 0.017578 0.007812
1 0.249023 0.852539 0.001953 0.001953
0 0.049805 0.854492 0.009766 0.005859
0 0.258789 0.842773 0.001953 0.001953
1 0.164062 0.837891 0.003906 0.003906
0 0.571289 0.831055 0.005859 0.005859
0 0.559570 0.832031 0.009766 0.007812
0 0.158203 0.853516 0.132812 0.050781
0 0.932617 0.819336 0.001953 0.001953
1 0.541992 0.809570 0.001953 0.001953
1 0.545898 0.807617 0.001953 0.001953
1 0.526367 0.805664 0.001953 0.001953
0 0.226562 0.794922 0.003906 0.003906
0 0.770508 0.792969 0.009766 0.003906
0 0.985352 0.794922 0.013672 0.015625
1 0.242188 0.787109 0.003906 0.003906
0 0.745117 0.784180 0.001953 0.001953
0 0.712891 0.785156 0.003906 0.003906
1 0.313477 0.784180 0.001953 0.001953
0 0.217773 0.789062 0.009766 0.011719
0 0.972656 0.783203 0.003906 0.003906
1 0.290039 0.782227 0.001953 0.001953
0 0.237305 0.782227 0.001953 0.001953
1 0.762695 0.776367 0.001953 0.001953
0 0.845703 0.778320 0.007812 0.013672
1 0.803711 0.765625 0.005859 0.003906
1 0.795898 0.762695 0.001953 0.001953
1 0.495117 0.763672 0.005859 0.003906
1 0.662109 0.762695 0.003906 0.005859
1 0.299805 0.760742 0.005859 0.005859
1 0.292969 0.757812 0.003906 0.003906
0 0.274414 0.758789 0.005859 0.005859
1 0.526367 0.754883 0.001953 0.001953
1 0.502930 0.754883 0.005859 0.001953
1 0.780273 0.752930 0.001953 0.001953
1 0.780273 0.756836 0.025391 0.009766
0 0.288086 0.752930 0.001953 0.001953
0 0.960938 0.761719 0.011719 0.023438
1 0.765625 0.750977 0.003906 0.005859
1 0.668945 0.749023 0.005859 0.005859
1 0.848633 0.747070 0.005859 0.005859
1 0.788086 0.745117 0.001953 0.001953
1 0.362305 0.745117 0.001953 0.001953
0 0.131836 0.745117 0.001953 0.001953
1 0.772461 0.743164 0.001953 0.001953
0 0.483398 0.742188 0.001953 0.003906
1 0.782227 0.740234 0.005859 0.003906
0 0.516602 0.739258 0.001953 0.001953
1 0.777344 0.735352 0.003906 0.001953
0 0.256836 0.735352 0.001953 0.001953
1 0.811523 0.733398 0.005859 0.001953
0 0.311523 0.729492 0.001953 0.001953
1 0.385742 0.727539 0.001953 0.001953
0 0.125000 0.736328 0.023438 0.023438
1 0.875000 0.722656 0.003906 0.003906
0 0.303711 0.732422 0.029297 0.023438
0 0.242188 0.750000 0.054688 0.058594
1 0.858398 0.719727 0.001953 0.001953
1 0.851562 0.715820 0.007812 0.005859
1 0.008789 0.711914 0.001953 0.001953
0 0.261719 0.712891 0.007812 0.007812
0 0.022461 0.777344 0.044922 0.144531
1 0.988281 0.706055 0.007812 0.005859
0 0.063477 0.704102 0.001953 0.001953
1 0.004883 0.700195 0.001953 0.001953
0 0.532227 0.698242 0.001953 0.001953
0 0.536133 0.694336 0.001953 0.001953
1 0.000977 0.696289 0.001953 0.005859
0 0.006836 0.690430 0.001953 0.001953
1 0.821289 0.684570 0.001953 0.001953
0 0.002930 0.687500 0.005859 0.007812
0 0.931641 0.733398 0.136719 0.103516
0 0.504883 0.680664 0.001953 0.001953
0 0.008789 0.681641 0.001953 0.003906
0 0.475586 0.679688 0.005859 0.007812
1 0.844727 0.672852 0.001953 0.001953
1 0.831055 0.680664 0.013672 0.017578
0 0.866211 0.671875 0.005859 0.003906
0 0.479492 0.670898 0.001953 0.001953
0 0.883789 0.671875 0.009766 0.007812
0 0.847656 0.669922 0.003906 0.003906
1 0.100586 0.668945 0.001953 0.001953
1 0.097656 0.666992 0.007812 0.005859
0 0.780273 0.663086 0.001953 0.001953
1 0.094727 0.661133 0.001953 0.001953
0 0.037109 0.685547 0.042969 0.050781
0 0.349609 0.654297 0.003906 0.003906
1 0.090820 0.658203 0.009766 0.011719
0 0.836914 0.657227 0.013672 0.025391
1 0.036133 0.646484 0.001953 0.003906
1 0.032227 0.645508 0.001953 0.001953
1 0.043945 0.641602 0.001953 0.001953
0 0.788086 0.646484 0.025391 0.031250
0 0.403320 0.631836 0.001953 0.001953
0 0.206055 0.632812 0.001953 0.003906
0 0.213867 0.630859 0.009766 0.007812
0 0.400391 0.626953 0.003906 0.003906
1 0.084961 0.629883 0.009766 0.009766
0 0.132812 0.625000 0.003906 0.003906
0 0.374023 0.623047 0.005859 0.003906
0 0.388672 0.630859 0.019531 0.027344
1 0.934570 0.619141 0.009766 0.007812
0 0.456055 0.616211 0.001953 0.001953
1 0.061523 0.619141 0.005859 0.007812
0 0.836914 0.618164 0.017578 0.009766
0 0.228516 0.618164 0.023438 0.017578
1 0.095703 0.616211 0.015625 0.013672
1 0.047852 0.611328 0.001953 0.003906
1 0.084961 0.608398 0.001953 0.001953
1 0.073242 0.615234 0.013672 0.019531
1 0.047852 0.606445 0.001953 0.001953
0 0.759766 0.602539 0.003906 0.001953
0 0.102539 0.602539 0.001953 0.001953
0 0.819336 0.602539 0.001953 0.005859
0 0.407227 0.598633 0.001953 0.001953
1 0.864258 0.596680 0.001953 0.001953
1 0.856445 0.596680 0.001953 0.001953
0 0.182617 0.605469 0.037109 0.023438
1 0.034180 0.617188 0.044922 0.050781
0 0.408203 0.590820 0.003906 0.001953
1 0.301758 0.590820 0.001953 0.001953
1 0.293945 0.590820 0.001953 0.001953
1 0.855469 0.590820 0.003906 0.005859
1 0.075195 0.589844 0.001953 0.003906
1 0.405273 0.586914 0.001953 0.001953
0 0.569336 0.584961 0.001953 0.001953
0 0.444336 0.584961 0.001953 0.001953
1 0.299805 0.584961 0.001953 0.001953
0 0.276367 0.586914 0.005859 0.005859
1 0.070312 0.584961 0.003906 0.001953
1 0.396484 0.582031 0.007812 0.003906
1 0.407227 0.579102 0.001953 0.001953
1 0.395508 0.573242 0.001953 0.001953
1 0.002930 0.574219 0.005859 0.003906
0 0.278320 0.569336 0.009766 0.009766
0 0.995117 0.563477 0.001953 0.001953
1 0.395508 0.566406 0.009766 0.007812
1 0.106445 0.579102 0.048828 0.037109
1 0.396484 0.556641 0.003906 0.007812
0 0.180664 0.561523 0.013672 0.021484
0 0.184570 0.549805 0.001953 0.001953
1 0.030273 0.574219 0.060547 0.058594
0 0.992188 0.546875 0.003906 0.007812
1 0.858398 0.536133 0.001953 0.001953
1 0.879883 0.524414 0.009766 0.009766
1 0.254883 0.514648 0.001953 0.001953
1 0.489258 0.506836 0.001953 0.001953
0 0.336914 0.500977 0.001953 0.001953
1 0.304688 0.502930 0.003906 0.005859
1 0.237305 0.509766 0.017578 0.019531
1 0.245117 0.499023 0.001953 0.001953
1 0.435547 0.481445 0.003906 0.005859
0 0.507812 0.472656 0.003906 0.003906
0 0.329102 0.458008 0.005859 0.005859
0 0.560547 0.449219 0.003906 0.003906
0 0.370117 0.444336 0.001953 0.001953
1 0.588867 0.440430 0.001953 0.001953
1 0.482422 0.438477 0.003906 0.009766
1 0.573242 0.430664 0.001953 0.001953
0 0.275391 0.425781 0.003906 0.003906
1 0.485352 0.427734 0.009766 0.011719
0 0.555664 0.434570 0.025391 0.033203
1 0.252930 0.416992 0.001953 0.001953
1 0.599609 0.416992 0.003906 0.009766
1 0.594727 0.412109 0.001953 0.003906
0 0.291992 0.527344 0.166016 0.238281
0 0.503906 0.409180 0.003906 0.005859
0 0.154297 0.405273 0.003906 0.001953
0 0.506836 0.399414 0.001953 0.001953
0 0.458008 0.411133 0.025391 0.025391
0 0.163086 0.402344 0.021484 0.011719
0 0.270508 0.408203 0.025391 0.027344
1 0.231445 0.396484 0.005859 0.003906
1 0.232422 0.390625 0.003906 0.003906
1 0.584961 0.386719 0.005859 0.003906
1 0.563477 0.388672 0.013672 0.011719
1 0.178711 0.383789 0.001953 0.001953
1 0.592773 0.381836 0.001953 0.001953
0 0.473633 0.381836 0.001953 0.001953
1 0.264648 0.381836 0.001953 0.001953
1 0.258789 0.381836 0.005859 0.001953
1 0.565430 0.379883 0.001953 0.001953
0 0.508789 0.380859 0.005859 0.003906
1 0.268555 0.379883 0.001953 0.001953
1 0.246094 0.380859 0.003906 0.003906
0 0.364258 0.377930 0.001953 0.001953
1 0.180664 0.379883 0.013672 0.009766
1 0.168945 0.374023 0.001953 0.001953
1 0.106445 0.374023 0.001953 0.001953
0 0.540039 0.372070 0.001953 0.001953
0 0.411133 0.370117 0.001953 0.001953
0 0.487305 0.385742 0.033203 0.037109
1 0.593750 0.369141 0.003906 0.007812
1 0.174805 0.366211 0.001953 0.001953
0 0.531250 0.367188 0.007812 0.011719
0 0.358398 0.362305 0.001953 0.001953
1 0.182617 0.365234 0.009766 0.007812
0 0.011719 0.363281 0.003906 0.003906
1 0.125977 0.364258 0.013672 0.009766
0 0.411133 0.358398 0.001953 0.001953
1 0.526367 0.356445 0.001953 0.001953
0 0.040039 0.354492 0.001953 0.001953
0 0.002930 0.355469 0.001953 0.003906
1 0.208008 0.371094 0.041016 0.046875
0 0.026367 0.346680 0.001953 0.001953
0 0.299805 0.345703 0.001953 0.003906
0 0.278320 0.344727 0.001953 0.001953
1 0.264648 0.342773 0.001953 0.001953
0 0.029297 0.362305 0.050781 0.041016
0 0.286133 0.340820 0.001953 0.001953
1 0.256836 0.341797 0.005859 0.003906
1 0.249023 0.340820 0.001953 0.001953
0 0.023438 0.342773 0.003906 0.005859
1 0.505859 0.340820 0.003906 0.005859
1 0.258789 0.336914 0.001953 0.001953
1 0.255859 0.356445 0.042969 0.041016
0 0.055664 0.339844 0.009766 0.007812
1 0.260742 0.329102 0.001953 0.001953
1 0.651367 0.319336 0.001953 0.001953
1 0.272461 0.331055 0.017578 0.025391
1 0.286133 0.318359 0.001953 0.003906
1 0.291016 0.318359 0.003906 0.007812
1 0.080078 0.315430 0.003906 0.001953
1 0.651367 0.309570 0.005859 0.001953
1 0.118164 0.309570 0.001953 0.001953
1 0.106445 0.322266 0.041016 0.031250
1 0.006836 0.307617 0.001953 0.001953
1 0.199219 0.326172 0.062500 0.046875
1 0.686523 0.288086 0.001953 0.001953
0 0.623047 0.278320 0.003906 0.005859
0 0.486328 0.272461 0.003906 0.001953
1 0.293945 0.270508 0.001953 0.001953
0 0.314453 0.275391 0.015625 0.015625
1 0.337891 0.263672 0.003906 0.003906
0 0.436523 0.274414 0.033203 0.029297
1 0.343750 0.261719 0.003906 0.003906
0 0.438477 0.258789 0.001953 0.001953
1 0.555664 0.256836 0.001953 0.001953
0 0.442383 0.254883 0.001953 0.001953
0 0.437500 0.254883 0.003906 0.001953
0 0.442383 0.250977 0.001953 0.001953
0 0.325195 0.251953 0.001953 0.003906
1 0.243164 0.251953 0.001953 0.003906
0 0.410156 0.248047 0.007812 0.003906
1 0.332031 0.256836 0.011719 0.025391
1 0.564453 0.248047 0.007812 0.011719
1 0.362305 0.243164 0.001953 0.005859
1 0.522461 0.239258 0.001953 0.001953
0 0.423828 0.243164 0.007812 0.009766
1 0.254883 0.239258 0.001953 0.001953
1 0.249023 0.239258 0.001953 0.001953
0 0.384766 0.237305 0.007812 0.005859
0 0.653320 0.233398 0.001953 0.001953
0 0.413086 0.239258 0.013672 0.013672
1 0.377930 0.233398 0.001953 0.001953
1 0.526367 0.231445 0.001953 0.001953
1 0.382812 0.231445 0.003906 0.001953
0 0.146484 0.228516 0.003906 0.003906
1 0.367188 0.225586 0.007812 0.001953
0 0.196289 0.250977 0.087891 0.052734
1 0.586914 0.223633 0.001953 0.001953
0 0.113281 0.224609 0.003906 0.003906
0 0.107422 0.223633 0.003906 0.001953
1 0.443359 0.221680 0.003906 0.001953
1 0.377930 0.222656 0.009766 0.007812
1 0.500977 0.217773 0.001953 0.001953
1 0.446289 0.217773 0.001953 0.001953
1 0.442383 0.217773 0.001953 0.001953
0 0.116211 0.219727 0.001953 0.005859
1 0.553711 0.228516 0.041016 0.031250
1 0.459961 0.213867 0.001953 0.001953
1 0.423828 0.225586 0.031250 0.025391
1 0.443359 0.211914 0.003906 0.001953
1 0.538086 0.206055 0.005859 0.005859
1 0.458008 0.204102 0.001953 0.001953
1 0.442383 0.205078 0.013672 0.007812
0 0.497070 0.207031 0.029297 0.015625
1 0.487305 0.230469 0.060547 0.062500
0 0.491211 0.198242 0.001953 0.001953
0 0.224609 0.200195 0.003906 0.005859
1 0.545898 0.196289 0.001953 0.001953
1 0.538086 0.198242 0.005859 0.005859
1 0.302734 0.230469 0.105469 0.082031
1 0.329102 0.192383 0.005859 0.009766
1 0.541992 0.189453 0.013672 0.007812
1 0.333984 0.187500 0.003906 0.003906
1 0.420898 0.181641 0.005859 0.003906
1 0.355469 0.182617 0.027344 0.005859
0 0.277344 0.204102 0.050781 0.052734
1 0.301758 0.172852 0.001953 0.001953
0 0.461914 0.166992 0.001953 0.001953
0 0.581055 0.166016 0.005859 0.003906
1 0.315430 0.170898 0.021484 0.021484
0 0.773438 0.143555 0.003906 0.001953
0 0.469727 0.154297 0.029297 0.027344
1 0.529297 0.138672 0.003906 0.003906
0 0.368164 0.157227 0.037109 0.041016
0 0.468750 0.136719 0.003906 0.003906
1 0.532227 0.131836 0.001953 0.001953
0 0.467773 0.131836 0.005859 0.001953
1 0.536133 0.127930 0.001953 0.001953
0 0.473633 0.127930 0.001953 0.001953
0 0.455078 0.123047 0.003906 0.007812
1 0.285156 0.119141 0.015625 0.015625
1 0.519531 0.119141 0.023438 0.023438
1 0.541016 0.106445 0.003906 0.005859
1 0.272461 0.104492 0.001953 0.001953
1 0.274414 0.100586 0.001953 0.001953
0 0.807617 0.093750 0.001953 0.003906
1 0.297852 0.083984 0.005859 0.007812
0 0.796875 0.087891 0.015625 0.019531
0 0.814453 0.076172 0.011719 0.007812
1 0.776367 0.036133 0.001953 0.001953
0 0.301758 0.037109 0.001953 0.003906
0 0.754883 0.030273 0.001953 0.001953
0 0.291992 0.038086 0.013672 0.021484
0 0.815430 0.029297 0.017578 0.007812
0 0.801758 0.024414 0.001953 0.001953
0 0.787109 0.024414 0.023438 0.013672
0 0.735352 0.012695 0.001953 0.001953
0 0.600586 0.500000 0.798828 1.000000
0 0.029297 0.000977 0.003906 0.001953
0 0.024414 0.000977 0.001953 0.001953
3 0.604492 0.999023 0.001953 0.001953
2 0.047852 0.996094 0.005859 0.007812
3 0.591797 0.995117 0.015625 0.009766
3 0.645508 0.989258 0.009766 0.005859
3 0.022461 0.987305 0.001953 0.001953
2 0.034180 0.986328 0.001953 0.003906
3 0.555664 0.979492 0.001953 0.001953
3 0.661133 0.977539 0.001953 0.001953
3 0.671875 0.986328 0.027344 0.027344
2 0.606445 0.970703 0.009766 0.003906
3 0.590820 0.969727 0.001953 0.001953
3 0.003906 0.979492 0.007812 0.029297
3 0.643555 0.963867 0.001953 0.001953
3 0.595703 0.964844 0.003906 0.003906
3 0.572266 0.961914 0.007812 0.005859
3 0.560547 0.962891 0.003906 0.007812
2 0.392578 0.960938 0.003906 0.003906
2 0.698242 0.959961 0.001953 0.005859
3 0.559570 0.956055 0.001953 0.001953
2 0.366211 0.956055 0.001953 0.001953
3 0.645508 0.950195 0.001953 0.001953
3 0.573242 0.942383 0.001953 0.001953
3 0.577148 0.940430 0.001953 0.001953
3 0.678711 0.926758 0.001953 0.001953
3 0.672852 0.926758 0.001953 0.001953
3 0.627930 0.926758 0.001953 0.001953
2 0.463867 0.920898 0.001953 0.001953
2 0.763672 0.907227 0.007812 0.005859
2 0.754883 0.887695 0.001953 0.001953
3 0.301758 0.877930 0.001953 0.001953
3 0.294922 0.878906 0.003906 0.003906
3 0.389648 0.874023 0.001953 0.001953
3 0.280273 0.872070 0.001953 0.001953
3 0.424805 0.870117 0.001953 0.001953
2 0.733398 0.866211 0.001953 0.001953
2 0.988281 0.864258 0.007812 0.001953
2 0.540039 0.865234 0.001953 0.003906
3 0.348633 0.864258 0.001953 0.001953
2 0.741211 0.860352 0.001953 0.001953
3 0.305664 0.853516 0.009766 0.007812
3 0.282227 0.850586 0.001953 0.001953
3 0.313477 0.846680 0.001953 0.001953
3 0.354492 0.863281 0.095703 0.058594
3 0.837891 0.829102 0.003906 0.001953
3 0.405273 0.817383 0.005859 0.001953
3 0.399414 0.817383 0.001953 0.001953
3 0.266602 0.807617 0.001953 0.001953
3 0.412109 0.808594 0.015625 0.011719
3 0.473633 0.793945 0.005859 0.001953
3 0.473633 0.782227 0.001953 0.001953
3 0.481445 0.778320 0.001953 0.001953
3 0.467773 0.779297 0.001953 0.003906
3 0.351562 0.788086 0.011719 0.021484
3 0.616211 0.776367 0.001953 0.001953
3 0.346680 0.773438 0.001953 0.003906
3 0.463867 0.770508 0.001953 0.001953
2 0.024414 0.770508 0.001953 0.001953
3 0.016602 0.774414 0.009766 0.009766
3 0.424805 0.794922 0.083984 0.054688
3 0.518555 0.766602 0.001953 0.001953
3 0.022461 0.766602 0.001953 0.001953
2 0.026367 0.762695 0.001953 0.001953
3 0.554688 0.758789 0.003906 0.001953
3 0.549805 0.758789 0.001953 0.001953
3 0.551758 0.750977 0.001953 0.001953
3 0.569336 0.745117 0.001953 0.001953
3 0.556641 0.745117 0.003906 0.001953
3 0.004883 0.745117 0.001953 0.001953
3 0.005859 0.755859 0.011719 0.023438
3 0.594727 0.742188 0.005859 0.003906
3 0.790039 0.735352 0.001953 0.001953
3 0.786133 0.735352 0.001953 0.001953
3 0.680664 0.734375 0.001953 0.003906
2 0.951172 0.731445 0.003906 0.001953
2 0.946289 0.727539 0.001953 0.001953
3 0.002930 0.720703 0.005859 0.003906
2 0.397461 0.718750 0.001953 0.003906
3 0.799805 0.715820 0.001953 0.001953
3 0.684570 0.713867 0.001953 0.001953
2 0.914062 0.712891 0.003906 0.003906
2 0.395508 0.712891 0.001953 0.003906
3 0.702148 0.706055 0.001953 0.005859
2 0.608398 0.704102 0.001953 0.001953
2 0.556641 0.700195 0.003906 0.001953
2 0.610352 0.699219 0.001953 0.003906
3 0.687500 0.697266 0.003906 0.003906
2 0.604492 0.698242 0.005859 0.009766
3 0.728516 0.692383 0.007812 0.005859
3 0.703125 0.691406 0.007812 0.003906
2 0.600586 0.690430 0.001953 0.001953
2 0.000977 0.686523 0.001953 0.001953
2 0.594727 0.687500 0.009766 0.007812
2 0.627930 0.680664 0.001953 0.001953
3 0.998047 0.680664 0.003906 0.005859
3 0.705078 0.681641 0.003906 0.007812
3 0.634766 0.707031 0.082031 0.066406
2 0.617188 0.662109 0.011719 0.007812
2 0.501953 0.660156 0.007812 0.007812
2 0.484375 0.657227 0.003906 0.001953
2 0.595703 0.656250 0.007812 0.003906
2 0.497070 0.655273 0.001953 0.001953
2 0.623047 0.653320 0.003906 0.001953
2 0.506836 0.649414 0.001953 0.001953
2 0.585938 0.648438 0.003906 0.003906
2 0.500977 0.647461 0.005859 0.005859
2 0.991211 0.647461 0.013672 0.009766
2 0.607422 0.645508 0.007812 0.005859
2 0.595703 0.644531 0.011719 0.007812
2 0.617188 0.646484 0.027344 0.015625
3 0.877930 0.594727 0.001953 0.001953
2 0.754883 0.590820 0.001953 0.001953
2 0.568359 0.577148 0.003906 0.001953
2 0.599609 0.576172 0.007812 0.007812
2 0.911133 0.572266 0.001953 0.003906
2 0.914062 0.579102 0.011719 0.021484
3 0.564453 0.569336 0.003906 0.001953
3 0.557617 0.570312 0.001953 0.003906
3 0.543945 0.580078 0.021484 0.023438
3 0.478516 0.570312 0.003906 0.003906
3 0.510742 0.567383 0.001953 0.001953
3 0.475586 0.567383 0.001953 0.001953
3 0.520508 0.565430 0.001953 0.001953
3 0.515625 0.565430 0.003906 0.001953
3 0.490234 0.574219 0.019531 0.019531
2 0.447266 0.567383 0.007812 0.009766
2 0.982422 0.556641 0.003906 0.003906
3 0.560547 0.560547 0.019531 0.011719
2 0.444336 0.557617 0.001953 0.005859
2 0.448242 0.551758 0.001953 0.001953
2 0.444336 0.551758 0.001953 0.001953
2 0.790039 0.549805 0.001953 0.001953
3 0.519531 0.548828 0.003906 0.003906
3 0.864258 0.541992 0.001953 0.001953
3 0.937500 0.553711 0.027344 0.029297
3 0.468750 0.548828 0.031250 0.027344
3 0.526367 0.537109 0.021484 0.015625
3 0.492188 0.529297 0.023438 0.011719
3 0.929688 0.525391 0.007812 0.007812
3 0.922852 0.522461 0.001953 0.001953
3 0.536133 0.523438 0.001953 0.003906
3 0.804688 0.519531 0.007812 0.003906
3 0.807617 0.516602 0.001953 0.001953
3 0.540039 0.516602 0.001953 0.001953
3 0.536133 0.516602 0.001953 0.001953
2 0.694336 0.713867 0.611328 0.408203
2 0.993164 0.537109 0.013672 0.058594
3 0.830078 0.516602 0.007812 0.017578
3 0.649414 0.508789 0.001953 0.001953
3 0.853516 0.506836 0.003906 0.001953
3 0.831055 0.504883 0.001953 0.001953
2 0.994141 0.501953 0.003906 0.003906
3 0.831055 0.500977 0.001953 0.001953
3 0.865234 0.501953 0.011719 0.015625
3 0.899414 0.493164 0.001953 0.001953
3 0.672852 0.493164 0.001953 0.001953
3 0.912109 0.506836 0.019531 0.033203
3 0.506836 0.489258 0.001953 0.001953
3 0.469727 0.489258 0.001953 0.001953
3 0.855469 0.491211 0.027344 0.013672
3 0.500977 0.486328 0.005859 0.003906
3 0.442383 0.485352 0.001953 0.001953
2 0.426758 0.483398 0.001953 0.001953
2 0.372070 0.481445 0.001953 0.001953
3 0.656250 0.574219 0.132812 0.191406
3 0.782227 0.477539 0.001953 0.001953
3 0.831055 0.477539 0.005859 0.005859
3 0.812500 0.476562 0.003906 0.003906
3 0.820312 0.473633 0.007812 0.005859
3 0.816406 0.465820 0.007812 0.005859
3 0.729492 0.463867 0.005859 0.001953
3 0.943359 0.462891 0.007812 0.003906
3 0.850586 0.460938 0.001953 0.003906
3 0.733398 0.457031 0.001953 0.003906
3 0.855469 0.455078 0.003906 0.003906
3 0.885742 0.449219 0.001953 0.003906
3 0.833984 0.441406 0.003906 0.007812
3 0.596680 0.438477 0.001953 0.001953
3 0.893555 0.436523 0.001953 0.001953
3 0.646484 0.434570 0.011719 0.005859
3 0.682617 0.427734 0.001953 0.003906
2 0.918945 0.425781 0.009766 0.003906
2 0.939453 0.440430 0.062500 0.044922
3 0.606445 0.408203 0.001953 0.003906
2 0.380859 0.406250 0.003906 0.007812
2 0.916992 0.391602 0.001953 0.005859
2 0.996094 0.379883 0.007812 0.009766
2 0.953125 0.386719 0.019531 0.039062
3 0.573242 0.354492 0.001953 0.001953
3 0.574219 0.346680 0.003906 0.005859
2 0.856445 0.336914 0.001953 0.001953
3 0.541992 0.333008 0.001953 0.001953
2 0.389648 0.331055 0.001953 0.001953
3 0.556641 0.331055 0.003906 0.005859
3 0.538086 0.330078 0.009766 0.003906
2 0.854492 0.319336 0.001953 0.001953
3 0.568359 0.319336 0.015625 0.029297
3 0.688477 0.299805 0.001953 0.001953
3 0.694336 0.291992 0.001953 0.001953
3 0.700195 0.284180 0.001953 0.001953
3 0.567383 0.268555 0.001953 0.001953
3 0.546875 0.284180 0.027344 0.033203
2 0.927734 0.255859 0.007812 0.015625
2 0.799805 0.365234 0.228516 0.250000
3 0.994141 0.234375 0.011719 0.023438
2 0.967773 0.222656 0.005859 0.003906
2 0.725586 0.214844 0.001953 0.003906
2 0.960938 0.214844 0.007812 0.019531
2 0.857422 0.214844 0.039062 0.019531
2 0.854492 0.202148 0.005859 0.001953
2 0.846680 0.186523 0.001953 0.001953
2 0.909180 0.201172 0.025391 0.035156
2 0.933594 0.168945 0.007812 0.001953
2 0.977539 0.159180 0.001953 0.001953
2 0.972656 0.159180 0.003906 0.001953
2 0.967773 0.159180 0.001953 0.001953
2 0.976562 0.154297 0.003906 0.003906
2 0.764648 0.149414 0.001953 0.001953
2 0.760742 0.150391 0.001953 0.003906
2 0.943359 0.170898 0.054688 0.064453
2 0.949219 0.137695 0.003906 0.001953
2 0.992188 0.124023 0.003906 0.001953
2 0.842773 0.122070 0.001953 0.001953
2 0.974609 0.119141 0.003906 0.003906
2 0.825195 0.117188 0.005859 0.003906
2 0.858398 0.149414 0.072266 0.072266
2 0.941406 0.112305 0.007812 0.005859
2 0.946289 0.106445 0.001953 0.001953
2 0.965820 0.094727 0.001953 0.001953
2 0.983398 0.092773 0.001953 0.001953
2 0.911133 0.092773 0.001953 0.001953
2 0.907227 0.084961 0.005859 0.005859
2 0.988281 0.100586 0.019531 0.041016
2 0.953125 0.083984 0.003906 0.007812
2 0.883789 0.083008 0.025391 0.025391
2 0.602539 0.069336 0.001953 0.001953
2 0.973633 0.079102 0.033203 0.037109
2 0.890625 0.064453 0.003906 0.007812
2 0.920898 0.040039 0.052734 0.080078
2 0.500000 0.500000 1.000000 1.000000