0 0.969727 0.999023 0.005859 0.001953
1 0.441406 0.999023 0.003906 0.001953
1 0.613281 0.997070 0.007812 0.005859
1 0.386719 0.996094 0.015625 0.007812
0 0.723633 0.979492 0.013672 0.017578
1 0.680664 0.956055 0.001953 0.001953
1 0.672852 0.953125 0.009766 0.007812
1 0.694336 0.952148 0.021484 0.009766
1 0.452148 0.938477 0.013672 0.005859
0 0.376953 0.938477 0.003906 0.005859
0 0.688477 0.934570 0.001953 0.001953
1 0.438477 0.932617 0.001953 0.001953
1 0.685547 0.938477 0.019531 0.021484
1 0.668945 0.930664 0.001953 0.013672
1 0.513672 0.925781 0.003906 0.003906
1 0.443359 0.924805 0.023438 0.017578
1 0.434570 0.913086 0.001953 0.001953
1 0.428711 0.916016 0.005859 0.007812
0 0.938477 0.911133 0.001953 0.001953
0 0.817383 0.911133 0.001953 0.001953
1 0.000977 0.911133 0.001953 0.001953
1 0.456055 0.912109 0.013672 0.007812
1 0.426758 0.909180 0.001953 0.001953
1 0.012695 0.909180 0.001953 0.001953
0 0.932617 0.908203 0.001953 0.003906
1 0.971680 0.914062 0.021484 0.019531
1 0.963867 0.905273 0.001953 0.001953
1 0.745117 0.905273 0.001953 0.001953
1 0.730469 0.916992 0.023438 0.029297
1 0.680664 0.903320 0.001953 0.001953
1 0.949219 0.908203 0.007812 0.015625
0 0.924805 0.906250 0.009766 0.011719
1 0.059570 0.915039 0.025391 0.029297
0 0.906250 0.903320 0.023438 0.013672
1 0.049805 0.897461 0.001953 0.001953
0 0.795898 0.894531 0.001953 0.003906
0 0.803711 0.891602 0.001953 0.001953
1 0.982422 0.890625 0.003906 0.003906
1 0.976562 0.890625 0.003906 0.003906
0 0.945312 0.893555 0.019531 0.009766
1 0.884766 0.889648 0.003906 0.005859
1 0.465820 0.887695 0.001953 0.001953
1 0.259766 0.889648 0.007812 0.005859
0 0.977539 0.885742 0.001953 0.001953
0 0.971680 0.885742 0.001953 0.001953
1 0.866211 0.885742 0.001953 0.001953
1 0.417969 0.890625 0.007812 0.011719
1 0.473633 0.882812 0.001953 0.003906
1 0.170898 0.939453 0.162109 0.117188
1 0.288086 0.879883 0.001953 0.001953
1 0.477539 0.880859 0.005859 0.007812
1 0.287109 0.875977 0.003906 0.001953
1 0.466797 0.878906 0.003906 0.011719
0 0.984375 0.877930 0.031250 0.017578
0 0.299805 0.871094 0.005859 0.003906
0 0.290039 0.870117 0.001953 0.001953
1 0.274414 0.874023 0.013672 0.013672
0 0.490234 0.867188 0.003906 0.003906
0 0.308594 0.864258 0.003906 0.001953
0 0.290039 0.862305 0.001953 0.001953
1 0.421875 0.859375 0.007812 0.011719
1 0.481445 0.855469 0.009766 0.007812
0 0.280273 0.852539 0.001953 0.001953
1 0.816406 0.850586 0.003906 0.001953
0 0.811523 0.849609 0.001953 0.003906
1 0.345703 0.850586 0.003906 0.005859
1 0.340820 0.851562 0.001953 0.011719
0 0.903320 0.844727 0.001953 0.001953
1 0.834961 0.845703 0.001953 0.003906
1 0.482422 0.845703 0.003906 0.003906
1 0.813477 0.843750 0.005859 0.003906
1 0.416992 0.846680 0.013672 0.009766
1 0.411133 0.842773 0.001953 0.001953
1 0.000977 0.842773 0.001953 0.001953
1 0.352539 0.845703 0.005859 0.011719
1 0.783203 0.842773 0.007812 0.013672
1 0.219727 0.837891 0.001953 0.003906
1 0.241211 0.834961 0.001953 0.001953
1 0.393555 0.833008 0.001953 0.001953
1 0.219727 0.833008 0.001953 0.001953
1 0.128906 0.833984 0.003906 0.003906
0 0.997070 0.827148 0.005859 0.005859
0 0.987305 0.823242 0.001953 0.001953
1 0.991211 0.819336 0.001953 0.001953
1 0.016602 0.817383 0.001953 0.001953
1 0.348633 0.809570 0.001953 0.001953
1 0.020508 0.810547 0.005859 0.003906
1 0.028320 0.807617 0.001953 0.001953
0 0.339844 0.806641 0.007812 0.003906
0 0.270508 0.805664 0.001953 0.001953
1 0.020508 0.797852 0.001953 0.001953
0 0.995117 0.796875 0.001953 0.003906
0 0.992188 0.793945 0.003906 0.005859
1 0.977539 0.790039 0.001953 0.001953
0 0.995117 0.788086 0.001953 0.001953
0 0.284180 0.788086 0.001953 0.001953
1 0.737305 0.786133 0.001953 0.001953
1 0.501953 0.787109 0.003906 0.003906
0 0.999023 0.786133 0.001953 0.005859
1 0.743164 0.783203 0.001953 0.003906
1 0.738281 0.782227 0.003906 0.001953
1 0.730469 0.779297 0.003906 0.003906
0 0.336914 0.778320 0.001953 0.001953
1 0.813477 0.772461 0.001953 0.001953
1 0.737305 0.773438 0.001953 0.003906
1 0.727539 0.772461 0.001953 0.001953
1 0.806641 0.770508 0.011719 0.005859
1 0.741211 0.770508 0.009766 0.005859
1 0.973633 0.764648 0.001953 0.001953
1 0.055664 0.762695 0.001953 0.001953
1 0.800781 0.762695 0.015625 0.005859
1 0.260742 0.758789 0.001953 0.001953
1 0.867188 0.754883 0.003906 0.001953
1 0.081055 0.754883 0.001953 0.001953
1 0.852539 0.752930 0.001953 0.001953
1 0.872070 0.747070 0.001953 0.001953
1 0.584961 0.743164 0.005859 0.005859
0 0.688477 0.739258 0.001953 0.001953
1 0.986328 0.764648 0.027344 0.056641
0 0.680664 0.735352 0.001953 0.001953
1 0.999023 0.733398 0.001953 0.001953
1 0.947266 0.733398 0.003906 0.001953
1 0.799805 0.744141 0.021484 0.023438
1 0.998047 0.729492 0.003906 0.001953
1 0.282227 0.729492 0.001953 0.001953
1 0.876953 0.731445 0.007812 0.009766
0 0.710938 0.727539 0.003906 0.001953
0 0.748047 0.693359 0.003906 0.003906
0 0.752930 0.688477 0.001953 0.001953
0 0.752930 0.684570 0.001953 0.001953
1 0.854492 0.681641 0.005859 0.007812
1 0.854492 0.674805 0.001953 0.001953
1 0.814453 0.668945 0.003906 0.001953
0 0.543945 0.666992 0.001953 0.001953
0 0.844727 0.659180 0.001953 0.001953
0 0.834961 0.659180 0.001953 0.001953
1 0.850586 0.656250 0.005859 0.007812
1 0.852539 0.641602 0.001953 0.001953
1 0.803711 0.641602 0.001953 0.001953
1 0.713867 0.642578 0.025391 0.011719
1 0.708008 0.635742 0.001953 0.001953
1 0.847656 0.630859 0.011719 0.007812
1 0.833008 0.643555 0.025391 0.033203
1 0.576172 0.640625 0.023438 0.027344
1 0.770508 0.626953 0.005859 0.003906
1 0.764648 0.625977 0.001953 0.001953
1 0.748047 0.625000 0.011719 0.007812
1 0.573242 0.622070 0.001953 0.001953
1 0.583984 0.621094 0.007812 0.003906
1 0.826172 0.618164 0.003906 0.005859
1 0.718750 0.619141 0.011719 0.011719
0 0.587891 0.612305 0.003906 0.001953
0 0.607422 0.595703 0.007812 0.003906
1 0.606445 0.588867 0.001953 0.001953
1 0.612305 0.575195 0.001953 0.001953
1 0.631836 0.573242 0.001953 0.001953
1 0.624023 0.569336 0.001953 0.001953
1 0.631836 0.568359 0.001953 0.003906
1 0.012695 0.563477 0.009766 0.005859
1 0.180664 0.559570 0.001953 0.001953
1 0.612305 0.555664 0.001953 0.001953
1 0.195312 0.547852 0.003906 0.005859
1 0.193359 0.540039 0.011719 0.009766
1 0.054688 0.553711 0.023438 0.037109
1 0.608398 0.532227 0.001953 0.001953
1 0.200195 0.530273 0.001953 0.001953
1 0.114258 0.524414 0.001953 0.001953
1 0.110352 0.522461 0.001953 0.001953
1 0.592773 0.518555 0.001953 0.001953
1 0.118164 0.518555 0.005859 0.009766
1 0.140625 0.511719 0.007812 0.007812
1 0.797852 0.497070 0.001953 0.001953
1 0.791016 0.498047 0.003906 0.011719
1 0.122070 0.491211 0.001953 0.001953
1 0.797852 0.491211 0.001953 0.005859
1 0.127930 0.492188 0.005859 0.007812
1 0.131836 0.450195 0.001953 0.001953
0 0.864258 0.440430 0.001953 0.001953
1 0.690430 0.440430 0.001953 0.001953
1 0.693359 0.436523 0.003906 0.005859
1 0.778320 0.420898 0.001953 0.001953
1 0.101562 0.426758 0.027344 0.029297
1 0.792969 0.403320 0.003906 0.001953
0 0.756836 0.397461 0.001953 0.001953
1 0.784180 0.400391 0.009766 0.015625
1 0.071289 0.393555 0.001953 0.001953
1 0.774414 0.392578 0.005859 0.003906
1 0.797852 0.385742 0.001953 0.001953
1 0.823242 0.383789 0.001953 0.001953
1 0.786133 0.383789 0.005859 0.001953
0 0.780273 0.383789 0.001953 0.001953
1 0.083008 0.396484 0.013672 0.027344
1 0.989258 0.379883 0.001953 0.001953
1 0.946289 0.391602 0.080078 0.041016
1 0.833008 0.358398 0.001953 0.001953
1 0.914062 0.372070 0.058594 0.033203
1 0.928711 0.350586 0.001953 0.001953
1 0.924805 0.348633 0.001953 0.001953
0 0.125977 0.348633 0.001953 0.001953
1 0.820312 0.361328 0.015625 0.031250
1 0.928711 0.342773 0.001953 0.001953
1 0.975586 0.331055 0.001953 0.001953
1 0.971680 0.329102 0.001953 0.001953
1 0.971680 0.325195 0.001953 0.001953
1 0.993164 0.318359 0.013672 0.015625
1 0.980469 0.305664 0.003906 0.001953
1 0.914062 0.306641 0.003906 0.003906
0 0.600586 0.305664 0.001953 0.001953
1 0.567383 0.305664 0.001953 0.001953
1 0.925781 0.317383 0.042969 0.044922
0 0.571289 0.295898 0.001953 0.001953
0 0.052734 0.296875 0.011719 0.007812
1 0.895508 0.292969 0.001953 0.003906
0 0.040039 0.260742 0.001953 0.001953
0 0.001953 0.264648 0.003906 0.009766
0 0.015625 0.259766 0.015625 0.007812
0 0.646484 0.252930 0.003906 0.001953
0 0.648438 0.249023 0.003906 0.001953
0 0.083008 0.249023 0.001953 0.001953
0 0.616211 0.255859 0.021484 0.019531
0 0.640625 0.247070 0.007812 0.005859
0 0.551758 0.227539 0.001953 0.001953
0 0.577148 0.217773 0.001953 0.001953
0 0.571289 0.220703 0.005859 0.007812
0 0.713867 0.215820 0.001953 0.001953
0 0.720703 0.210938 0.003906 0.003906
0 0.585938 0.215820 0.011719 0.021484
0 0.728516 0.207031 0.011719 0.011719
1 0.916016 0.247070 0.167969 0.099609
1 0.946289 0.198242 0.001953 0.001953
0 0.893555 0.196289 0.001953 0.001953
0 0.884766 0.199219 0.011719 0.007812
0 0.686523 0.194336 0.001953 0.001953
0 0.690430 0.192383 0.001953 0.001953
0 0.893555 0.189453 0.005859 0.003906
0 0.836914 0.187500 0.001953 0.003906
0 0.841797 0.185547 0.003906 0.003906
1 0.041016 0.192383 0.019531 0.017578
0 0.820312 0.205078 0.027344 0.046875
0 0.527344 0.184570 0.003906 0.005859
0 0.842773 0.176758 0.001953 0.001953
1 0.798828 0.178711 0.003906 0.005859
1 0.087891 0.172852 0.003906 0.001953
0 0.840820 0.170898 0.001953 0.001953
0 0.820312 0.171875 0.003906 0.003906
1 0.892578 0.168945 0.003906 0.001953
1 0.248047 0.169922 0.003906 0.003906
1 0.064453 0.170898 0.015625 0.009766
1 0.934570 0.163086 0.001953 0.001953
0 0.851562 0.164062 0.003906 0.003906
1 0.240234 0.167969 0.007812 0.011719
1 0.059570 0.161133 0.001953 0.001953
1 0.242188 0.158203 0.003906 0.003906
1 0.229492 0.165039 0.009766 0.017578
0 0.159180 0.157227 0.001953 0.001953
1 0.087891 0.157227 0.003906 0.001953
1 0.076172 0.157227 0.003906 0.001953
1 0.164062 0.156250 0.003906 0.003906
0 0.090820 0.159180 0.033203 0.013672
0 0.087891 0.151367 0.003906 0.001953
1 0.242188 0.150391 0.003906 0.003906
0 0.158203 0.146484 0.011719 0.007812
0 0.083008 0.143555 0.001953 0.001953
0 0.077148 0.146484 0.005859 0.011719
0 0.079102 0.139648 0.001953 0.001953
0 0.088867 0.137695 0.001953 0.001953
0 0.093750 0.133789 0.003906 0.001953
0 0.098633 0.131836 0.001953 0.001953
0 0.134766 0.127930 0.003906 0.001953
0 0.080078 0.129883 0.019531 0.005859
0 0.260742 0.120117 0.001953 0.001953
1 0.159180 0.098633 0.001953 0.001953
0 0.288086 0.092773 0.001953 0.001953
1 0.161133 0.088867 0.001953 0.001953
0 0.282227 0.086914 0.001953 0.001953
0 0.275391 0.090820 0.007812 0.009766
1 0.061523 0.082031 0.005859 0.003906
1 0.043945 0.077148 0.001953 0.001953
0 0.993164 0.075195 0.001953 0.001953
0 0.993164 0.085938 0.013672 0.035156
0 0.295898 0.071289 0.009766 0.005859
0 0.278320 0.069336 0.001953 0.001953
0 0.271484 0.070312 0.003906 0.003906
0 0.276367 0.065430 0.001953 0.001953
0 0.281250 0.064453 0.003906 0.003906
0 0.294922 0.063477 0.007812 0.005859
0 0.288086 0.057617 0.001953 0.001953
1 0.010742 0.057617 0.001953 0.001953
1 0.843750 0.056641 0.003906 0.003906
0 0.879883 0.053711 0.001953 0.005859
0 0.290039 0.051758 0.001953 0.001953
1 0.008789 0.051758 0.001953 0.001953
1 0.299805 0.047852 0.001953 0.001953
1 0.302734 0.044922 0.003906 0.003906
1 0.001953 0.044922 0.003906 0.003906
1 0.838867 0.041992 0.001953 0.001953
0 0.827148 0.040039 0.001953 0.001953
1 0.586914 0.042969 0.005859 0.007812
1 0.005859 0.041992 0.003906 0.005859
0 0.815430 0.038086 0.001953 0.001953
0 0.882812 0.038086 0.003906 0.005859
1 0.290039 0.040039 0.009766 0.009766
1 0.604492 0.035156 0.005859 0.003906
0 0.922852 0.030273 0.001953 0.001953
0 0.973633 0.026367 0.001953 0.001953
1 0.592773 0.024414 0.001953 0.001953
1 0.866211 0.036133 0.029297 0.029297
0 0.124023 0.020508 0.001953 0.001953
0 0.814453 0.020508 0.003906 0.009766
0 0.108398 0.025391 0.017578 0.019531
0 0.977539 0.014648 0.001953 0.001953
0 0.971680 0.017578 0.005859 0.007812
0 0.897461 0.014648 0.001953 0.001953
0 0.817383 0.014648 0.001953 0.001953
0 0.350586 0.014648 0.005859 0.001953
0 0.102539 0.014648 0.001953 0.001953
0 0.805664 0.012695 0.001953 0.001953
1 0.334961 0.011719 0.001953 0.003906
1 0.991211 0.008789 0.001953 0.001953
1 0.023438 0.020508 0.015625 0.025391
0 0.837891 0.026367 0.027344 0.041016
0 0.334961 0.006836 0.001953 0.001953
1 0.054688 0.006836 0.003906 0.001953
0 0.823242 0.007812 0.009766 0.011719
1 0.468750 0.002930 0.003906 0.001953
0 0.988281 0.022461 0.023438 0.044922
1 0.991211 0.002930 0.001953 0.005859
0 0.955078 0.017578 0.066406 0.035156
1 0.877930 0.010742 0.060547 0.021484
1 0.475586 0.453125 0.951172 0.906250
1 0.228516 0.068359 0.140625 0.136719
1 0.055664 0.001953 0.005859 0.003906
1 0.040039 0.001953 0.005859 0.003906
3 0.029297 0.899414 0.003906 0.001953
3 0.023438 0.895508 0.003906 0.001953
3 0.030273 0.887695 0.001953 0.001953
2 0.315430 0.852539 0.001953 0.001953
3 0.040039 0.848633 0.001953 0.001953
3 0.174805 0.833984 0.005859 0.007812
2 0.295898 0.819336 0.001953 0.001953
3 0.122070 0.813477 0.001953 0.001953
3 0.073242 0.813477 0.001953 0.001953
3 0.073242 0.807617 0.001953 0.001953
3 0.153320 0.805664 0.001953 0.001953
3 0.421875 0.804688 0.003906 0.007812
3 0.141602 0.806641 0.017578 0.015625
3 0.124023 0.799805 0.001953 0.001953
3 0.145508 0.795898 0.001953 0.001953
3 0.224609 0.789062 0.003906 0.003906
2 0.271484 0.788086 0.003906 0.005859
3 0.450195 0.782227 0.029297 0.009766
3 0.225586 0.778320 0.001953 0.001953
3 0.211914 0.778320 0.001953 0.001953
3 0.028320 0.833008 0.056641 0.111328
3 0.161133 0.772461 0.001953 0.001953
3 0.108398 0.770508 0.001953 0.001953
2 0.547852 0.766602 0.001953 0.001953
3 0.166992 0.767578 0.001953 0.003906
3 0.553711 0.759766 0.005859 0.003906
3 0.440430 0.758789 0.001953 0.001953
2 0.280273 0.756836 0.001953 0.001953
3 0.192383 0.770508 0.056641 0.041016
3 0.240234 0.750000 0.007812 0.007812
3 0.555664 0.745117 0.001953 0.001953
3 0.405273 0.745117 0.001953 0.001953
3 0.397461 0.736328 0.001953 0.003906
3 0.565430 0.729492 0.001953 0.001953
3 0.259766 0.725586 0.003906 0.005859
3 0.174805 0.721680 0.001953 0.001953
3 0.256836 0.715820 0.001953 0.001953
3 0.519531 0.713867 0.003906 0.001953
3 0.178711 0.713867 0.001953 0.001953
3 0.510742 0.709961 0.001953 0.001953
2 0.216797 0.710938 0.003906 0.003906
3 0.209961 0.709961 0.001953 0.001953
3 0.272461 0.708008 0.001953 0.001953
3 0.249023 0.710938 0.005859 0.007812
3 0.228516 0.716797 0.003906 0.019531
3 0.489258 0.706055 0.001953 0.001953
3 0.195312 0.712891 0.027344 0.015625
3 0.254883 0.705078 0.001953 0.003906
3 0.260742 0.700195 0.001953 0.001953
3 0.416016 0.725586 0.050781 0.064453
3 0.422852 0.682617 0.001953 0.001953
3 0.378906 0.689453 0.007812 0.015625
3 0.240234 0.694336 0.019531 0.029297
3 0.114258 0.679688 0.001953 0.003906
3 0.092773 0.689453 0.037109 0.023438
3 0.002930 0.677734 0.005859 0.007812
3 0.101562 0.672852 0.003906 0.001953
3 0.108398 0.671875 0.005859 0.003906
3 0.511719 0.689453 0.042969 0.042969
3 0.458008 0.666016 0.017578 0.015625
3 0.509766 0.660156 0.007812 0.007812
3 0.431641 0.666992 0.031250 0.021484
3 0.436523 0.653320 0.001953 0.001953
3 0.432617 0.653320 0.001953 0.001953
3 0.452148 0.651367 0.001953 0.005859
3 0.448242 0.645508 0.001953 0.001953
2 0.528320 0.647461 0.005859 0.009766
3 0.534180 0.635742 0.001953 0.001953
3 0.004883 0.630859 0.009766 0.023438
2 0.227539 0.619141 0.005859 0.007812
2 0.236328 0.613281 0.011719 0.007812
3 0.389648 0.596680 0.001953 0.001953
3 0.034180 0.592773 0.001953 0.001953
3 0.135742 0.588867 0.001953 0.001953
3 0.405273 0.581055 0.001953 0.001953
3 0.418945 0.584961 0.009766 0.017578
2 0.388672 0.583008 0.046875 0.017578
3 0.354492 0.575195 0.001953 0.001953
3 0.359375 0.576172 0.007812 0.007812
2 0.132812 0.573242 0.003906 0.001953
3 0.375977 0.571289 0.001953 0.001953
2 0.120117 0.572266 0.005859 0.003906
3 0.371094 0.571289 0.003906 0.005859
3 0.265625 0.569336 0.003906 0.001953
3 0.366211 0.564453 0.005859 0.003906
2 0.264648 0.561523 0.001953 0.001953
3 0.502930 0.545898 0.001953 0.001953
2 0.417969 0.545898 0.003906 0.001953
3 0.186523 0.545898 0.001953 0.001953
2 0.395508 0.543945 0.001953 0.001953
2 0.416992 0.541992 0.001953 0.001953
2 0.404297 0.542969 0.011719 0.015625
3 0.161133 0.536133 0.001953 0.001953
2 0.131836 0.538086 0.005859 0.005859
3 0.216797 0.528320 0.003906 0.001953
3 0.301758 0.523438 0.001953 0.003906
3 0.147461 0.520508 0.001953 0.001953
3 0.141602 0.520508 0.001953 0.001953
3 0.274414 0.517578 0.001953 0.003906
2 0.392578 0.517578 0.003906 0.007812
2 0.385742 0.514648 0.001953 0.001953
3 0.272461 0.512695 0.001953 0.001953
3 0.209961 0.508789 0.001953 0.001953
2 0.374023 0.504883 0.001953 0.001953
3 0.533203 0.508789 0.019531 0.013672
3 0.241211 0.502930 0.001953 0.001953
3 0.251953 0.499023 0.003906 0.001953
3 0.243164 0.499023 0.001953 0.001953
3 0.229492 0.500977 0.013672 0.005859
3 0.163086 0.491211 0.001953 0.001953
3 0.569336 0.489258 0.001953 0.001953
3 0.631836 0.487305 0.001953 0.001953
3 0.274414 0.487305 0.001953 0.001953
3 0.250000 0.488281 0.003906 0.015625
3 0.437500 0.478516 0.003906 0.003906
3 0.432617 0.510742 0.025391 0.072266
3 0.249023 0.473633 0.001953 0.009766
3 0.227539 0.467773 0.001953 0.001953
3 0.180664 0.464844 0.001953 0.003906
3 0.221680 0.461914 0.005859 0.001953
3 0.156250 0.463867 0.011719 0.009766
3 0.285156 0.506836 0.070312 0.103516
3 0.159180 0.456055 0.001953 0.001953
3 0.672852 0.446289 0.001953 0.001953
3 0.665039 0.446289 0.001953 0.001953
3 0.661133 0.446289 0.001953 0.001953
3 0.505859 0.444336 0.003906 0.001953
3 0.168945 0.452148 0.017578 0.017578
3 0.126953 0.444336 0.003906 0.001953
3 0.499023 0.437500 0.005859 0.003906
3 0.459961 0.421875 0.001953 0.003906
3 0.608398 0.416992 0.001953 0.001953
3 0.597656 0.415039 0.003906 0.001953
3 0.606445 0.413086 0.001953 0.001953
2 0.127930 0.416016 0.005859 0.007812
3 0.610352 0.412109 0.001953 0.003906
3 0.149414 0.411133 0.001953 0.001953
3 0.309570 0.413086 0.005859 0.009766
2 0.127930 0.409180 0.001953 0.001953
3 0.620117 0.416016 0.013672 0.019531
3 0.577148 0.407227 0.001953 0.001953
3 0.564453 0.427734 0.070312 0.046875
3 0.270508 0.413086 0.013672 0.017578
3 0.159180 0.403320 0.001953 0.001953
3 0.151367 0.405273 0.009766 0.005859
2 0.386719 0.465820 0.058594 0.130859
3 0.263672 0.398438 0.003906 0.007812
3 0.506836 0.393555 0.001953 0.001953
2 0.321289 0.392578 0.001953 0.003906
3 0.598633 0.383789 0.001953 0.001953
2 0.281250 0.391602 0.007812 0.017578
3 0.241211 0.383789 0.001953 0.001953
3 0.553711 0.381836 0.001953 0.001953
3 0.557617 0.381836 0.001953 0.005859
3 0.219727 0.379883 0.001953 0.001953
3 0.164062 0.379883 0.007812 0.005859
3 0.246094 0.418945 0.046875 0.091797
3 0.172852 0.374023 0.001953 0.001953
3 0.250977 0.370117 0.001953 0.001953
3 0.169922 0.372070 0.003906 0.005859
2 0.624023 0.362305 0.001953 0.001953
3 0.276367 0.360352 0.001953 0.001953
3 0.256836 0.360352 0.001953 0.001953
3 0.506836 0.428711 0.111328 0.146484
2 0.622070 0.356445 0.005859 0.005859
3 0.258789 0.352539 0.001953 0.005859
2 0.307617 0.348633 0.001953 0.001953
3 0.171875 0.349609 0.003906 0.003906
3 0.166992 0.349609 0.001953 0.003906
3 0.224609 0.349609 0.003906 0.007812
3 0.145508 0.336914 0.001953 0.001953
3 0.229492 0.333008 0.001953 0.009766
3 0.224609 0.335938 0.003906 0.015625
3 0.227539 0.325195 0.001953 0.001953
3 0.229492 0.321289 0.001953 0.001953
2 0.597656 0.319336 0.003906 0.001953
3 0.377930 0.316406 0.001953 0.003906
3 0.412109 0.319336 0.019531 0.017578
3 0.402344 0.311523 0.003906 0.001953
3 0.376953 0.311523 0.003906 0.001953
3 0.372070 0.311523 0.001953 0.001953
3 0.379883 0.307617 0.001953 0.001953
3 0.178711 0.307617 0.001953 0.001953
3 0.227539 0.312500 0.005859 0.015625
3 0.405273 0.303711 0.001953 0.001953
3 0.519531 0.307617 0.023438 0.013672
3 0.409180 0.302734 0.001953 0.003906
2 0.337891 0.301758 0.003906 0.001953
3 0.225586 0.301758 0.001953 0.001953
3 0.184570 0.303711 0.005859 0.009766
3 0.228516 0.297852 0.003906 0.001953
2 0.860352 0.291992 0.001953 0.001953
3 0.542969 0.291992 0.007812 0.005859
2 0.391602 0.289062 0.001953 0.003906
3 0.415039 0.292969 0.001953 0.015625
3 0.559570 0.287109 0.013672 0.007812
2 0.289062 0.343750 0.054688 0.121094
3 0.225586 0.285156 0.001953 0.011719
3 0.275391 0.276367 0.007812 0.005859
3 0.233398 0.283203 0.009766 0.023438
2 0.862305 0.268555 0.001953 0.001953
3 0.547852 0.268555 0.005859 0.005859
3 0.858398 0.265625 0.005859 0.003906
3 0.532227 0.259766 0.009766 0.003906
3 0.546875 0.259766 0.007812 0.007812
3 0.512695 0.278320 0.037109 0.044922
3 0.505859 0.252930 0.003906 0.005859
3 0.500977 0.250977 0.001953 0.001953
2 0.092773 0.250977 0.001953 0.001953
3 0.561523 0.245117 0.001953 0.001953
2 0.065430 0.243164 0.001953 0.001953
2 0.665039 0.241211 0.001953 0.001953
3 0.523438 0.247070 0.003906 0.013672
3 0.166992 0.241211 0.013672 0.013672
3 0.183594 0.230469 0.015625 0.007812
3 0.166992 0.228516 0.005859 0.007812
3 0.661133 0.211914 0.001953 0.001953
2 0.133789 0.208008 0.001953 0.001953
2 0.495117 0.206055 0.001953 0.001953
2 0.680664 0.204102 0.001953 0.001953
2 0.487305 0.202148 0.001953 0.001953
2 0.492188 0.201172 0.003906 0.003906
2 0.491211 0.196289 0.001953 0.001953
2 0.351562 0.286133 0.140625 0.205078
3 0.766602 0.180664 0.001953 0.001953
2 0.443359 0.194336 0.046875 0.033203
3 0.907227 0.166016 0.001953 0.003906
3 0.567383 0.161133 0.001953 0.001953
2 0.839844 0.157227 0.003906 0.001953
3 0.579102 0.155273 0.001953 0.001953
3 0.321289 0.155273 0.001953 0.001953
2 0.833008 0.153320 0.001953 0.001953
3 0.565430 0.153320 0.013672 0.005859
3 0.336914 0.152344 0.001953 0.003906
3 0.906250 0.150391 0.003906 0.003906
3 0.836914 0.147461 0.001953 0.001953
3 0.334961 0.145508 0.005859 0.005859
3 0.695312 0.140625 0.007812 0.003906
3 0.354492 0.137695 0.001953 0.001953
3 0.336914 0.124023 0.001953 0.001953
3 0.857422 0.122070 0.007812 0.013672
3 0.743164 0.116211 0.001953 0.001953
3 0.600586 0.124023 0.009766 0.021484
3 0.584961 0.117188 0.017578 0.023438
2 0.528320 0.106445 0.001953 0.001953
3 0.199219 0.107422 0.003906 0.003906
3 0.717773 0.102539 0.001953 0.001953
2 0.520508 0.103516 0.001953 0.003906
2 0.997070 0.098633 0.001953 0.001953
3 0.545898 0.104492 0.029297 0.017578
2 0.520508 0.097656 0.001953 0.003906
2 0.516602 0.097656 0.001953 0.003906
3 0.719727 0.092773 0.001953 0.001953
2 0.250000 0.094727 0.007812 0.005859
3 0.237305 0.092773 0.001953 0.001953
2 0.212891 0.092773 0.003906 0.005859
3 0.796875 0.091797 0.003906 0.007812
2 0.249023 0.088867 0.001953 0.001953
3 0.237305 0.088867 0.001953 0.001953
2 0.999023 0.083008 0.001953 0.005859
3 0.741211 0.091797 0.017578 0.027344
3 0.325195 0.079102 0.001953 0.001953
3 0.321289 0.077148 0.001953 0.005859
3 0.325195 0.073242 0.001953 0.001953
3 0.858398 0.071289 0.001953 0.001953
3 0.764648 0.069336 0.001953 0.001953
3 0.692383 0.102539 0.091797 0.068359
2 0.350586 0.069336 0.001953 0.001953
2 0.417969 0.111328 0.175781 0.093750
3 0.740234 0.060547 0.003906 0.003906
3 0.735352 0.059570 0.001953 0.001953
3 0.573242 0.058594 0.001953 0.003906
2 0.534180 0.045898 0.001953 0.001953
3 0.733398 0.040039 0.001953 0.001953
3 0.750977 0.059570 0.076172 0.056641
3 0.579102 0.030273 0.001953 0.001953
3 0.320312 0.030273 0.007812 0.001953
3 0.311523 0.030273 0.001953 0.001953
2 0.639648 0.028320 0.001953 0.001953
2 0.549805 0.028320 0.001953 0.001953
2 0.944336 0.024414 0.001953 0.001953
2 0.578125 0.023438 0.003906 0.007812
2 0.942383 0.018555 0.001953 0.001953
3 0.228516 0.018555 0.003906 0.001953
2 0.198242 0.019531 0.001953 0.003906
3 0.674805 0.016602 0.001953 0.001953
2 0.774414 0.008789 0.001953 0.001953
3 0.672852 0.009766 0.005859 0.007812
3 0.944336 0.004883 0.005859 0.001953
3 0.938477 0.004883 0.001953 0.001953
2 0.901367 0.004883 0.001953 0.001953
2 0.897461 0.004883 0.001953 0.001953
2 0.786133 0.004883 0.001953 0.001953
2 0.764648 0.004883 0.001953 0.001953
3 0.262695 0.004883 0.001953 0.001953
3 0.952148 0.003906 0.001953 0.003906
3 0.948242 0.000977 0.001953 0.001953
3 0.933594 0.002930 0.003906 0.005859
3 0.500000 0.500000 1.000000 1.000000
3 0.678711 0.000977 0.001953 0.001953
3 0.623047 0.029297 0.101562 0.058594
3 0.274414 0.004883 0.013672 0.009766
3 0.291992 0.301758 0.583984 0.603516