0 0.659180 0.999023 0.001953 0.001953
1 0.563477 0.999023 0.001953 0.001953
1 0.557617 0.999023 0.001953 0.001953
0 0.247070 0.999023 0.001953 0.001953
0 0.234375 0.999023 0.003906 0.001953
0 0.133789 0.998047 0.013672 0.003906
1 0.996094 0.997070 0.007812 0.005859
1 0.493164 0.997070 0.005859 0.005859
1 0.387695 0.995117 0.001953 0.001953
0 0.244141 0.995117 0.003906 0.001953
0 0.146484 0.996094 0.003906 0.003906
1 0.537109 0.996094 0.015625 0.007812
0 0.113281 0.995117 0.019531 0.009766
0 0.677734 0.994141 0.031250 0.011719
0 0.778320 0.993164 0.029297 0.013672
0 0.105469 0.988281 0.003906 0.003906
1 0.672852 0.983398 0.001953 0.001953
1 0.379883 0.983398 0.001953 0.001953
0 0.102539 0.983398 0.001953 0.001953
0 0.998047 0.982422 0.003906 0.003906
0 0.635742 0.989258 0.017578 0.017578
1 0.374023 0.982422 0.005859 0.007812
0 0.000977 0.981445 0.001953 0.005859
0 0.787109 0.981445 0.003906 0.009766
0 0.151367 0.977539 0.001953 0.001953
1 0.565430 0.975586 0.001953 0.001953
0 0.782227 0.973633 0.001953 0.001953
1 0.358398 0.975586 0.005859 0.009766
0 0.116211 0.967773 0.001953 0.001953
1 0.342773 0.967773 0.009766 0.005859
1 0.511719 0.981445 0.027344 0.037109
1 0.503906 0.960938 0.003906 0.007812
1 0.321289 0.956055 0.001953 0.001953
0 0.631836 0.965820 0.013672 0.025391
0 0.589844 0.976562 0.062500 0.046875
1 0.337891 0.958008 0.015625 0.009766
0 0.870117 0.952148 0.001953 0.001953
0 0.557617 0.953125 0.001953 0.003906
0 0.760742 0.957031 0.005859 0.015625
1 0.053711 0.952148 0.013672 0.005859
0 0.004883 0.955078 0.009766 0.011719
0 0.950195 0.948242 0.001953 0.001953
0 0.865234 0.948242 0.003906 0.001953
0 0.788086 0.949219 0.001953 0.003906
0 0.435547 0.947266 0.003906 0.003906
0 0.738281 0.953125 0.011719 0.019531
0 0.554688 0.946289 0.003906 0.005859
1 0.066406 0.945312 0.003906 0.007812
0 0.865234 0.969727 0.054688 0.060547
0 0.422852 0.940430 0.001953 0.001953
0 0.419922 0.966797 0.046875 0.054688
0 0.403320 0.938477 0.001953 0.001953
0 0.858398 0.934570 0.001953 0.001953
0 0.125977 0.944336 0.017578 0.021484
1 0.100586 0.934570 0.001953 0.001953
1 0.090820 0.934570 0.001953 0.001953
1 0.036133 0.934570 0.001953 0.001953
0 0.967773 0.932617 0.001953 0.001953
1 0.031250 0.933594 0.003906 0.003906
0 0.940430 0.930664 0.001953 0.001953
0 0.930664 0.934570 0.009766 0.009766
1 0.090820 0.930664 0.001953 0.001953
0 0.177734 0.930664 0.007812 0.005859
0 0.094727 0.956055 0.044922 0.056641
0 0.960938 0.936523 0.023438 0.025391
0 0.180664 0.924805 0.001953 0.001953
1 0.020508 0.922852 0.001953 0.001953
0 0.536133 0.934570 0.029297 0.029297
0 0.526367 0.920898 0.001953 0.001953
1 0.016602 0.916992 0.001953 0.001953
0 0.753906 0.944336 0.039062 0.060547
1 0.007812 0.916992 0.003906 0.005859
1 0.007812 0.920898 0.015625 0.013672
0 0.938477 0.913086 0.001953 0.001953
1 0.493164 0.913086 0.001953 0.001953
0 0.493164 0.909180 0.001953 0.001953
1 0.056641 0.907227 0.003906 0.005859
0 0.792969 0.941406 0.039062 0.082031
1 0.071289 0.902344 0.005859 0.003906
0 0.928711 0.912109 0.021484 0.027344
0 0.994141 0.903320 0.011719 0.013672
0 0.982422 0.898438 0.003906 0.003906
0 0.801758 0.902344 0.025391 0.023438
1 0.173828 0.933594 0.074219 0.089844
1 0.002930 0.881836 0.001953 0.001953
1 0.029297 0.877930 0.003906 0.001953
0 0.061523 0.875977 0.001953 0.001953
1 0.399414 0.874023 0.001953 0.001953
1 0.385742 0.874023 0.001953 0.001953
1 0.375977 0.874023 0.001953 0.001953
0 0.028320 0.874023 0.001953 0.001953
1 0.774414 0.870117 0.001953 0.001953
1 0.665039 0.870117 0.001953 0.001953
1 0.463867 0.873047 0.009766 0.007812
0 0.650391 0.898438 0.027344 0.062500
1 0.000977 0.868164 0.001953 0.001953
1 0.425781 0.873047 0.015625 0.023438
0 0.874023 0.860352 0.001953 0.001953
1 0.780273 0.860352 0.001953 0.001953
1 0.801758 0.859375 0.001953 0.003906
0 0.899414 0.855469 0.005859 0.007812
1 0.775391 0.857422 0.011719 0.011719
0 0.485352 0.889648 0.103516 0.080078
0 0.922852 0.848633 0.001953 0.001953
0 0.874023 0.852539 0.001953 0.009766
1 0.240234 0.853516 0.007812 0.011719
0 0.925781 0.921875 0.148438 0.156250
0 0.622070 0.846680 0.001953 0.005859
1 0.331055 0.842773 0.001953 0.001953
0 0.875000 0.841797 0.003906 0.003906
0 0.098633 0.864258 0.048828 0.048828
0 0.910156 0.845703 0.019531 0.019531
1 0.321289 0.836914 0.001953 0.001953
1 0.315430 0.839844 0.005859 0.007812
1 0.746094 0.844727 0.031250 0.021484
0 0.132812 0.840820 0.019531 0.017578
0 0.125000 0.833984 0.003906 0.003906
0 0.907227 0.831055 0.001953 0.001953
0 0.604492 0.831055 0.001953 0.001953
1 0.496094 0.834961 0.019531 0.009766
0 0.973633 0.860352 0.052734 0.068359
0 0.307617 0.826172 0.005859 0.003906
0 0.907227 0.823242 0.001953 0.001953
1 0.518555 0.819336 0.001953 0.001953
0 0.583008 0.817383 0.001953 0.001953
1 0.461914 0.818359 0.001953 0.003906
1 0.353516 0.837891 0.046875 0.042969
1 0.927734 0.815430 0.003906 0.001953
1 0.385742 0.816406 0.005859 0.003906
1 0.529297 0.817383 0.015625 0.009766
1 0.780273 0.811523 0.001953 0.001953
1 0.766602 0.811523 0.001953 0.001953
1 0.720703 0.819336 0.023438 0.017578
1 0.420898 0.819336 0.029297 0.017578
1 0.377930 0.811523 0.001953 0.001953
1 0.290039 0.813477 0.005859 0.005859
0 0.024414 0.810547 0.001953 0.003906
0 0.998047 0.808594 0.003906 0.003906
1 0.929688 0.809570 0.003906 0.005859
1 0.474609 0.813477 0.011719 0.013672
1 0.108398 0.807617 0.001953 0.001953
1 0.104492 0.807617 0.001953 0.001953
1 0.950195 0.805664 0.001953 0.001953
1 0.303711 0.812500 0.017578 0.015625
1 0.973633 0.803711 0.001953 0.001953
1 0.928711 0.803711 0.001953 0.001953
0 0.587891 0.799805 0.007812 0.005859
1 0.380859 0.803711 0.019531 0.013672
0 0.590820 0.867188 0.072266 0.144531
1 0.959961 0.797852 0.005859 0.009766
0 0.887695 0.808594 0.033203 0.035156
0 0.807617 0.792969 0.005859 0.003906
0 0.799805 0.791992 0.001953 0.001953
1 0.647461 0.790039 0.001953 0.001953
1 0.250977 0.788086 0.001953 0.001953
1 0.496094 0.790039 0.019531 0.009766
1 0.403320 0.787109 0.001953 0.003906
1 0.814453 0.794922 0.019531 0.023438
1 0.978516 0.786133 0.035156 0.017578
0 0.882812 0.783203 0.007812 0.011719
0 0.905273 0.776367 0.001953 0.001953
0 0.654297 0.776367 0.003906 0.001953
0 0.622070 0.776367 0.001953 0.001953
0 0.551758 0.776367 0.001953 0.001953
1 0.625977 0.775391 0.001953 0.003906
0 0.614258 0.772461 0.005859 0.001953
1 0.346680 0.776367 0.013672 0.009766
1 0.114258 0.772461 0.005859 0.009766
0 0.012695 0.768555 0.001953 0.001953
0 0.035156 0.828125 0.070312 0.121094
0 0.458008 0.767578 0.001953 0.003906
1 0.092773 0.766602 0.001953 0.001953
1 0.019531 0.768555 0.007812 0.005859
0 0.547852 0.764648 0.001953 0.001953
1 0.102539 0.767578 0.009766 0.007812
1 0.102539 0.762695 0.001953 0.001953
0 0.894531 0.768555 0.007812 0.017578
0 0.627930 0.760742 0.001953 0.001953
0 0.548828 0.759766 0.003906 0.003906
1 0.437500 0.766602 0.031250 0.017578
1 0.895508 0.755859 0.001953 0.003906
0 0.581055 0.753906 0.001953 0.003906
1 0.384766 0.771484 0.031250 0.039062
1 0.155273 0.749023 0.001953 0.001953
0 0.633789 0.747070 0.001953 0.001953
0 0.641602 0.743164 0.001953 0.001953
1 0.430664 0.744141 0.001953 0.003906
1 0.217773 0.767578 0.080078 0.054688
0 0.631836 0.741211 0.005859 0.005859
0 0.639648 0.738281 0.001953 0.003906
1 0.118164 0.743164 0.029297 0.013672
0 0.716797 0.735352 0.003906 0.001953
1 0.309570 0.735352 0.001953 0.001953
1 0.303711 0.733398 0.001953 0.001953
1 0.785156 0.729492 0.003906 0.001953
1 0.307617 0.729492 0.001953 0.001953
1 0.293945 0.728516 0.005859 0.003906
0 0.741211 0.725586 0.001953 0.001953
1 0.994141 0.734375 0.011719 0.023438
1 0.800781 0.733398 0.019531 0.025391
1 0.324219 0.729492 0.023438 0.017578
0 0.295898 0.721680 0.001953 0.001953
0 0.290039 0.721680 0.001953 0.001953
0 0.134766 0.725586 0.003906 0.009766
1 0.024414 0.719727 0.001953 0.001953
0 0.910156 0.741211 0.031250 0.052734
0 0.632812 0.764648 0.156250 0.099609
0 0.725586 0.726562 0.033203 0.031250
0 0.642578 0.719727 0.023438 0.017578
1 0.349609 0.712891 0.003906 0.003906
0 0.475586 0.708008 0.001953 0.001953
0 0.278320 0.708008 0.001953 0.001953
0 0.152344 0.728516 0.035156 0.042969
0 0.631836 0.707031 0.001953 0.003906
1 0.894531 0.706055 0.003906 0.009766
0 0.624023 0.707031 0.009766 0.011719
1 0.390625 0.701172 0.003906 0.003906
1 0.764648 0.699219 0.005859 0.003906
1 0.459961 0.699219 0.001953 0.003906
1 0.448242 0.726562 0.076172 0.062500
0 0.147461 0.706055 0.013672 0.021484
1 0.450195 0.694336 0.001953 0.001953
1 0.404297 0.695312 0.003906 0.003906
1 0.826172 0.693359 0.003906 0.003906
1 0.138672 0.697266 0.003906 0.011719
1 0.834961 0.691406 0.001953 0.003906
1 0.760742 0.690430 0.001953 0.001953
0 0.582031 0.686523 0.003906 0.001953
1 0.452148 0.688477 0.005859 0.005859
0 0.298828 0.702148 0.039062 0.033203
0 0.606445 0.680664 0.001953 0.001953
0 0.579102 0.680664 0.001953 0.001953
0 0.629883 0.679688 0.005859 0.003906
1 0.091797 0.691406 0.011719 0.027344
1 0.776367 0.676758 0.001953 0.001953
0 0.577148 0.676758 0.001953 0.001953
0 0.714844 0.684570 0.011719 0.021484
0 0.697266 0.689453 0.019531 0.031250
0 0.631836 0.674805 0.001953 0.001953
0 0.625977 0.675781 0.001953 0.003906
0 0.246094 0.686523 0.011719 0.025391
1 0.826172 0.678711 0.019531 0.017578
1 0.782227 0.698242 0.041016 0.056641
0 0.627930 0.670898 0.001953 0.001953
1 0.327148 0.671875 0.029297 0.011719
1 0.319336 0.666992 0.001953 0.001953
1 0.280273 0.663086 0.001953 0.001953
0 0.033203 0.694336 0.035156 0.068359
1 0.987305 0.659180 0.001953 0.001953
1 0.456055 0.666016 0.013672 0.019531
1 0.278320 0.657227 0.001953 0.001953
1 0.119141 0.657227 0.003906 0.001953
0 0.049805 0.659180 0.005859 0.005859
0 0.009766 0.657227 0.003906 0.001953
0 0.004883 0.657227 0.001953 0.001953
0 0.815430 0.658203 0.005859 0.007812
0 0.014648 0.658203 0.001953 0.007812
0 0.582031 0.663086 0.015625 0.021484
1 0.334961 0.653320 0.001953 0.001953
0 0.001953 0.653320 0.003906 0.001953
0 0.643555 0.684570 0.064453 0.068359
0 0.609375 0.656250 0.011719 0.011719
1 0.297852 0.651367 0.001953 0.001953
1 0.276367 0.651367 0.001953 0.001953
1 0.721680 0.649414 0.001953 0.001953
0 0.944336 0.649414 0.005859 0.005859
1 0.118164 0.650391 0.005859 0.007812
0 0.002930 0.647461 0.001953 0.001953
1 0.716797 0.660156 0.031250 0.031250
1 0.288086 0.661133 0.013672 0.033203
1 0.512695 0.643555 0.001953 0.001953
1 0.336914 0.647461 0.005859 0.009766
1 0.158203 0.648438 0.007812 0.011719
1 0.341797 0.642578 0.003906 0.007812
0 0.290039 0.637695 0.005859 0.005859
1 0.138672 0.646484 0.019531 0.023438
1 0.512695 0.633789 0.001953 0.001953
1 0.375977 0.633789 0.001953 0.001953
1 0.748047 0.641602 0.011719 0.021484
1 0.499023 0.630859 0.005859 0.003906
1 0.458008 0.629883 0.001953 0.001953
1 0.333984 0.632812 0.007812 0.007812
0 0.022461 0.633789 0.009766 0.009766
0 0.958008 0.668945 0.076172 0.083984
0 0.997070 0.625977 0.001953 0.001953
0 0.915039 0.625977 0.001953 0.001953
0 0.657227 0.625977 0.001953 0.001953
1 0.510742 0.626953 0.001953 0.003906
1 0.195312 0.626953 0.003906 0.003906
1 0.503906 0.625977 0.003906 0.005859
0 0.255859 0.629883 0.011719 0.013672
0 0.916992 0.622070 0.001953 0.001953
1 0.510742 0.622070 0.001953 0.001953
1 0.448242 0.622070 0.001953 0.001953
1 0.787109 0.623047 0.003906 0.007812
0 0.660156 0.621094 0.003906 0.003906
0 0.663086 0.618164 0.001953 0.001953
1 0.473633 0.619141 0.001953 0.003906
1 0.442383 0.623047 0.009766 0.011719
1 0.327148 0.614258 0.001953 0.001953
1 0.868164 0.612305 0.001953 0.001953
1 0.420898 0.627930 0.021484 0.033203
1 0.807617 0.610352 0.001953 0.001953
1 0.462891 0.615234 0.011719 0.011719
1 0.378906 0.626953 0.039062 0.039062
0 0.016602 0.615234 0.017578 0.015625
1 0.809570 0.606445 0.001953 0.001953
0 0.669922 0.609375 0.011719 0.007812
1 0.977539 0.604492 0.001953 0.001953
0 0.957031 0.616211 0.011719 0.025391
1 0.413086 0.598633 0.001953 0.001953
0 0.280273 0.607422 0.017578 0.019531
1 0.104492 0.596680 0.001953 0.001953
0 0.987305 0.594727 0.001953 0.001953
1 0.110352 0.594727 0.001953 0.001953
1 0.188477 0.593750 0.001953 0.003906
0 0.237305 0.591797 0.001953 0.003906
1 0.111328 0.601562 0.015625 0.023438
1 0.110352 0.590820 0.001953 0.001953
1 0.067383 0.590820 0.001953 0.001953
1 0.063477 0.591797 0.001953 0.003906
1 0.706055 0.588867 0.001953 0.001953
0 0.911133 0.590820 0.009766 0.009766
1 0.042969 0.588867 0.007812 0.005859
1 0.697266 0.587891 0.003906 0.011719
0 0.895508 0.629883 0.068359 0.099609
0 0.239258 0.581055 0.001953 0.001953
1 0.046875 0.580078 0.003906 0.003906
0 0.910156 0.577148 0.003906 0.005859
1 0.706055 0.579102 0.005859 0.009766
1 0.116211 0.578125 0.005859 0.007812
1 0.711914 0.578125 0.009766 0.011719
0 0.012695 0.573242 0.001953 0.001953
1 0.807617 0.577148 0.005859 0.013672
0 0.326172 0.573242 0.007812 0.005859
0 0.315430 0.589844 0.021484 0.039062
1 0.110352 0.572266 0.005859 0.003906
1 0.047852 0.571289 0.001953 0.001953
1 0.341797 0.596680 0.023438 0.056641
1 0.225586 0.569336 0.001953 0.001953
1 0.782227 0.571289 0.005859 0.009766
0 0.265625 0.567383 0.003906 0.005859
0 0.257812 0.582031 0.035156 0.035156
0 0.233398 0.565430 0.001953 0.001953
0 0.052734 0.567383 0.003906 0.005859
1 0.125977 0.563477 0.001953 0.001953
1 0.745117 0.561523 0.001953 0.001953
0 0.252930 0.561523 0.001953 0.001953
0 0.897461 0.571289 0.017578 0.025391
1 0.407227 0.579102 0.021484 0.041016
1 0.119141 0.563477 0.007812 0.009766
1 0.786133 0.557617 0.001953 0.001953
0 0.254883 0.557617 0.001953 0.001953
1 0.125977 0.556641 0.001953 0.003906
0 0.829102 0.553711 0.001953 0.001953
1 0.825195 0.555664 0.005859 0.005859
0 0.272461 0.553711 0.001953 0.001953
0 0.256836 0.553711 0.001953 0.001953
0 0.022461 0.581055 0.044922 0.056641
1 0.463867 0.549805 0.001953 0.001953
0 0.928711 0.545898 0.001953 0.001953
0 0.833008 0.545898 0.001953 0.001953
1 0.999023 0.538086 0.001953 0.001953
0 0.985352 0.568359 0.029297 0.066406
0 0.938477 0.538086 0.013672 0.013672
0 0.009766 0.542969 0.019531 0.023438
1 0.231445 0.530273 0.001953 0.001953
1 0.129883 0.530273 0.001953 0.001953
1 0.444336 0.528320 0.001953 0.001953
1 0.237305 0.526367 0.001953 0.001953
0 0.000977 0.527344 0.001953 0.003906
1 0.342773 0.522461 0.001953 0.001953
1 0.054688 0.523438 0.011719 0.007812
1 0.625977 0.518555 0.001953 0.001953
1 0.444336 0.518555 0.001953 0.001953
0 0.333008 0.518555 0.001953 0.001953
0 0.680664 0.528320 0.017578 0.029297
1 0.623047 0.514648 0.003906 0.001953
0 0.999023 0.512695 0.001953 0.001953
1 0.348633 0.512695 0.001953 0.001953
1 0.624023 0.510742 0.001953 0.001953
1 0.372070 0.510742 0.001953 0.001953
0 0.698242 0.506836 0.001953 0.001953
1 0.130859 0.512695 0.007812 0.013672
1 0.560547 0.623047 0.238281 0.242188
1 0.356445 0.499023 0.001953 0.001953
1 0.340820 0.504883 0.013672 0.017578
1 0.463867 0.495117 0.001953 0.001953
0 0.000977 0.493164 0.001953 0.001953
1 0.427734 0.513672 0.074219 0.046875
1 0.373047 0.500000 0.023438 0.019531
0 0.000977 0.489258 0.001953 0.001953
1 0.013672 0.491211 0.007812 0.009766
0 0.000977 0.485352 0.001953 0.001953
0 0.999023 0.483398 0.001953 0.001953
1 0.139648 0.487305 0.009766 0.009766
0 0.790039 0.474609 0.005859 0.003906
0 0.778320 0.473633 0.001953 0.001953
1 0.292969 0.468750 0.003906 0.003906
1 0.277344 0.514648 0.109375 0.095703
1 0.094727 0.467773 0.001953 0.001953
1 0.081055 0.463867 0.001953 0.001953
1 0.085938 0.464844 0.003906 0.007812
1 0.078125 0.458984 0.007812 0.003906
0 0.718750 0.501953 0.097656 0.093750
0 0.753906 0.453125 0.003906 0.003906
1 0.499023 0.452148 0.001953 0.001953
1 0.212891 0.465820 0.019531 0.029297
1 0.137695 0.463867 0.021484 0.033203
0 0.815430 0.444336 0.001953 0.001953
1 0.755859 0.445312 0.003906 0.003906
0 0.187500 0.459961 0.019531 0.037109
0 0.838867 0.438477 0.001953 0.001953
1 0.602539 0.470703 0.041016 0.070312
0 0.831055 0.437500 0.001953 0.007812
0 0.192383 0.436523 0.005859 0.005859
0 0.890625 0.514648 0.218750 0.166016
0 0.848633 0.432617 0.001953 0.001953
0 0.810547 0.433594 0.007812 0.003906
0 0.868164 0.430664 0.001953 0.001953
0 0.651367 0.430664 0.001953 0.001953
0 0.647461 0.429688 0.001953 0.003906
1 0.651367 0.448242 0.041016 0.041016
1 0.167969 0.433594 0.011719 0.011719
0 0.788086 0.450195 0.052734 0.048828
1 0.184570 0.428711 0.005859 0.005859
1 0.979492 0.424805 0.001953 0.001953
1 0.656250 0.424805 0.003906 0.001953
0 0.772461 0.423828 0.001953 0.003906
1 0.708984 0.421875 0.003906 0.003906
1 0.969727 0.421875 0.009766 0.007812
1 0.056641 0.420898 0.003906 0.005859
0 0.881836 0.417969 0.005859 0.003906
1 0.656250 0.416992 0.003906 0.005859
0 0.858398 0.413086 0.001953 0.001953
1 0.688477 0.419922 0.013672 0.015625
1 0.056641 0.413086 0.003906 0.001953
1 0.989258 0.419922 0.021484 0.023438
0 0.895508 0.408203 0.009766 0.003906
1 0.692383 0.405273 0.001953 0.001953
1 0.962891 0.403320 0.007812 0.005859
0 0.461914 0.399414 0.001953 0.001953
1 0.721680 0.395508 0.001953 0.001953
0 0.469727 0.395508 0.001953 0.001953
1 0.952148 0.396484 0.005859 0.007812
1 0.727539 0.394531 0.001953 0.003906
0 0.950195 0.391602 0.001953 0.001953
1 0.531250 0.392578 0.003906 0.003906
1 0.721680 0.389648 0.001953 0.001953
1 0.014648 0.387695 0.001953 0.001953
1 0.005859 0.400391 0.011719 0.027344
1 0.680664 0.393555 0.009766 0.017578
1 0.958008 0.382812 0.001953 0.003906
1 0.433594 0.419922 0.054688 0.078125
1 0.334961 0.381836 0.001953 0.001953
0 0.530273 0.380859 0.005859 0.007812
1 0.290039 0.375977 0.001953 0.001953
1 0.339844 0.375977 0.003906 0.005859
1 0.003906 0.376953 0.007812 0.011719
1 0.531250 0.367188 0.003906 0.003906
1 0.348633 0.377930 0.021484 0.025391
0 0.810547 0.363281 0.003906 0.003906
1 0.530273 0.362305 0.001953 0.001953
1 0.526367 0.362305 0.001953 0.001953
1 0.291016 0.367188 0.011719 0.011719
1 0.404297 0.367188 0.019531 0.015625
0 0.631836 0.356445 0.001953 0.001953
0 0.995117 0.354492 0.001953 0.001953
1 0.686523 0.354492 0.001953 0.001953
1 0.526367 0.346680 0.001953 0.001953
1 0.533203 0.341797 0.003906 0.003906
0 0.447266 0.344727 0.007812 0.025391
1 0.043945 0.333008 0.001953 0.001953
1 0.606445 0.331055 0.001953 0.001953
0 0.026367 0.331055 0.001953 0.001953
1 0.527344 0.334961 0.011719 0.017578
0 0.053711 0.321289 0.001953 0.001953
1 0.491211 0.319336 0.001953 0.001953
1 0.543945 0.317383 0.001953 0.001953
1 0.223633 0.331055 0.017578 0.033203
1 0.356445 0.307617 0.001953 0.001953
1 0.418945 0.306641 0.001953 0.003906
1 0.364258 0.305664 0.009766 0.005859
1 0.003906 0.305664 0.007812 0.009766
1 0.435547 0.307617 0.023438 0.017578
1 0.014648 0.300781 0.005859 0.003906
1 0.350586 0.296875 0.001953 0.003906
1 0.344727 0.295898 0.001953 0.001953
0 0.047852 0.295898 0.001953 0.001953
1 0.229492 0.297852 0.005859 0.013672
1 0.442383 0.291016 0.005859 0.003906
1 0.448242 0.288086 0.001953 0.001953
1 0.416992 0.286133 0.001953 0.001953
0 0.056641 0.307617 0.042969 0.044922
0 0.133789 0.285156 0.001953 0.003906
0 0.820312 0.282227 0.003906 0.001953
1 0.130859 0.301758 0.027344 0.041016
1 0.469727 0.280273 0.001953 0.001953
1 0.455078 0.282227 0.015625 0.009766
1 0.472656 0.277344 0.007812 0.003906
1 0.402344 0.300781 0.062500 0.050781
1 0.228516 0.276367 0.003906 0.001953
1 0.073242 0.276367 0.001953 0.001953
1 0.509766 0.273438 0.003906 0.003906
1 0.558594 0.375977 0.246094 0.212891
1 0.358398 0.270508 0.001953 0.001953
0 0.858398 0.294922 0.052734 0.058594
1 0.239258 0.269531 0.017578 0.007812
1 0.502930 0.264648 0.001953 0.001953
1 0.399414 0.267578 0.005859 0.007812
1 0.362305 0.267578 0.005859 0.007812
0 0.561523 0.262695 0.001953 0.001953
1 0.498047 0.263672 0.003906 0.003906
1 0.243164 0.262695 0.001953 0.001953
1 0.542969 0.289062 0.062500 0.058594
1 0.247070 0.260742 0.001953 0.001953
0 0.770508 0.262695 0.009766 0.009766
0 0.754883 0.258789 0.001953 0.001953
1 0.364258 0.259766 0.001953 0.003906
0 0.516602 0.256836 0.001953 0.001953
1 0.237305 0.257812 0.001953 0.003906
1 0.074219 0.256836 0.003906 0.001953
1 0.672852 0.252930 0.001953 0.001953
0 0.879883 0.250977 0.001953 0.001953
1 0.671875 0.249023 0.003906 0.001953
1 0.245117 0.250977 0.005859 0.005859
1 0.225586 0.250977 0.005859 0.005859
1 0.075195 0.249023 0.001953 0.001953
0 0.022461 0.249023 0.001953 0.001953
1 0.020508 0.245117 0.001953 0.001953
1 0.376953 0.249023 0.011719 0.013672
0 0.916016 0.328125 0.167969 0.175781
0 0.961914 0.239258 0.001953 0.001953
1 0.441406 0.242188 0.011719 0.011719
0 0.958008 0.235352 0.001953 0.001953
0 0.122070 0.252930 0.013672 0.041016
0 0.878906 0.238281 0.015625 0.015625
1 0.868164 0.231445 0.001953 0.001953
1 0.381836 0.233398 0.001953 0.005859
0 0.114258 0.231445 0.001953 0.001953
0 0.010742 0.252930 0.021484 0.048828
0 0.782227 0.225586 0.005859 0.005859
1 0.024414 0.231445 0.009766 0.017578
1 0.073242 0.231445 0.013672 0.021484
0 0.903320 0.216797 0.005859 0.003906
1 0.061523 0.217773 0.009766 0.005859
1 0.518555 0.236328 0.076172 0.046875
1 0.227539 0.213867 0.001953 0.001953
1 0.059570 0.209961 0.005859 0.005859
0 0.130859 0.202148 0.003906 0.001953
0 0.940430 0.229492 0.068359 0.064453
1 0.249023 0.207031 0.013672 0.019531
1 0.226562 0.197266 0.003906 0.003906
1 0.217773 0.204102 0.013672 0.017578
1 0.072266 0.196289 0.003906 0.001953
1 0.247070 0.194336 0.001953 0.001953
1 0.077148 0.192383 0.001953 0.001953
0 0.899414 0.199219 0.017578 0.019531
1 0.833008 0.194336 0.013672 0.013672
0 0.763672 0.227539 0.019531 0.080078
1 0.215820 0.189453 0.001953 0.003906
0 0.122070 0.208984 0.021484 0.042969
1 0.985352 0.186523 0.001953 0.001953
1 0.262695 0.186523 0.001953 0.001953
0 0.186523 0.185547 0.013672 0.007812
1 0.076172 0.185547 0.007812 0.007812
1 0.986328 0.178711 0.003906 0.005859
0 0.186523 0.176758 0.001953 0.001953
0 0.966797 0.182617 0.023438 0.017578
1 0.265625 0.177734 0.011719 0.007812
0 0.186523 0.172852 0.001953 0.001953
1 0.978516 0.170898 0.003906 0.001953
1 0.973633 0.170898 0.001953 0.001953
1 0.278320 0.179688 0.029297 0.023438
1 0.118164 0.176758 0.009766 0.017578
1 0.380859 0.185547 0.039062 0.039062
1 0.284180 0.161133 0.001953 0.001953
1 0.416016 0.159180 0.003906 0.001953
1 0.178711 0.166016 0.025391 0.019531
1 0.489258 0.149414 0.001953 0.005859
1 0.497070 0.150391 0.009766 0.011719
1 0.416992 0.139648 0.001953 0.001953
1 0.391602 0.147461 0.029297 0.017578
0 0.892578 0.138672 0.003906 0.003906
0 0.810547 0.135742 0.003906 0.001953
0 0.893555 0.133789 0.001953 0.001953
1 0.998047 0.130859 0.003906 0.011719
0 0.798828 0.126953 0.003906 0.003906
0 0.077148 0.120117 0.001953 0.001953
0 0.906250 0.119141 0.003906 0.003906
0 0.905273 0.114258 0.001953 0.001953
0 0.607422 0.109375 0.003906 0.003906
1 0.481445 0.108398 0.001953 0.001953
1 0.452148 0.129883 0.056641 0.044922
1 0.280273 0.105469 0.021484 0.007812
1 0.253906 0.146484 0.031250 0.089844
0 0.906250 0.101562 0.003906 0.003906
0 0.074219 0.099609 0.003906 0.007812
0 0.901367 0.092773 0.001953 0.001953
0 0.778320 0.092773 0.001953 0.001953
0 0.039062 0.149414 0.078125 0.115234
1 0.723633 0.090820 0.001953 0.001953
0 0.055664 0.086914 0.001953 0.001953
0 0.903320 0.086914 0.005859 0.005859
0 0.737305 0.083008 0.001953 0.001953
0 0.014648 0.105469 0.029297 0.046875
0 0.596680 0.079102 0.001953 0.001953
0 0.604492 0.075195 0.001953 0.001953
0 0.597656 0.074219 0.003906 0.003906
1 0.724609 0.076172 0.015625 0.011719
1 0.532227 0.071289 0.001953 0.001953
1 0.375000 0.072266 0.003906 0.003906
0 0.741211 0.061523 0.001953 0.001953
0 0.177734 0.095703 0.035156 0.070312
1 0.979492 0.059570 0.001953 0.001953
0 0.647461 0.094727 0.044922 0.072266
1 0.528320 0.059570 0.001953 0.001953
1 0.379883 0.063477 0.009766 0.009766
1 0.412109 0.065430 0.027344 0.025391
1 0.586914 0.054688 0.009766 0.007812
1 0.415039 0.051758 0.001953 0.001953
0 0.838867 0.121094 0.134766 0.144531
1 0.518555 0.049805 0.001953 0.001953
1 0.638672 0.247070 0.382812 0.396484
0 0.996094 0.050781 0.007812 0.007812
1 0.504883 0.047852 0.001953 0.001953
1 0.573242 0.058594 0.017578 0.027344
1 0.438477 0.045898 0.001953 0.001953
1 0.983398 0.043945 0.001953 0.001953
1 0.424805 0.050781 0.013672 0.015625
1 0.973633 0.046875 0.013672 0.011719
0 0.797852 0.041992 0.001953 0.001953
1 0.504883 0.041992 0.001953 0.001953
1 0.249023 0.041992 0.001953 0.001953
1 0.504883 0.038086 0.001953 0.001953
0 0.824219 0.036133 0.003906 0.001953
0 0.805664 0.036133 0.001953 0.001953
0 0.790039 0.036133 0.001953 0.001953
1 0.424805 0.036133 0.001953 0.001953
1 0.504883 0.034180 0.001953 0.001953
0 0.717773 0.032227 0.001953 0.001953
0 0.638672 0.058594 0.062500 0.054688
1 0.356445 0.032227 0.001953 0.001953
1 0.459961 0.030273 0.001953 0.001953
1 0.445312 0.036133 0.011719 0.013672
1 0.455078 0.029297 0.003906 0.003906
1 0.366211 0.028320 0.001953 0.001953
1 0.362305 0.029297 0.001953 0.003906
1 0.004883 0.028320 0.001953 0.001953
1 0.244141 0.033203 0.019531 0.015625
1 0.500000 0.024414 0.003906 0.001953
1 0.342773 0.025391 0.001953 0.007812
1 0.211914 0.022461 0.001953 0.001953
1 0.497070 0.020508 0.001953 0.001953
1 0.362305 0.022461 0.001953 0.005859
0 0.887695 0.055664 0.060547 0.076172
0 0.872070 0.019531 0.005859 0.003906
0 0.854492 0.021484 0.009766 0.007812
1 0.370117 0.018555 0.001953 0.001953
1 0.331055 0.032227 0.021484 0.029297
1 0.920898 0.016602 0.001953 0.001953
0 0.765625 0.018555 0.007812 0.005859
0 0.315430 0.017578 0.001953 0.003906
1 0.202148 0.019531 0.009766 0.007812
0 0.756836 0.014648 0.001953 0.001953
1 0.198242 0.012695 0.001953 0.001953
0 0.756836 0.010742 0.001953 0.001953
1 0.485352 0.014648 0.013672 0.013672
1 0.456055 0.008789 0.001953 0.001953
1 0.547852 0.006836 0.001953 0.001953
0 0.526367 0.007812 0.009766 0.007812
1 0.643555 0.015625 0.029297 0.027344
1 0.541016 0.005859 0.007812 0.007812
1 0.972656 0.002930 0.015625 0.005859
0 0.801758 0.019531 0.083984 0.039062
0 0.733398 0.000977 0.001953 0.001953
0 0.710938 0.027344 0.039062 0.054688
1 0.487305 0.003906 0.013672 0.007812
0 0.302734 0.007812 0.019531 0.015625
0 0.274414 0.000977 0.001953 0.001953
1 0.214844 0.011719 0.027344 0.023438
1 0.004883 0.011719 0.009766 0.023438
3 0.920898 0.995117 0.001953 0.001953
2 0.599609 0.997070 0.003906 0.005859
2 0.879883 0.995117 0.005859 0.009766
3 0.881836 0.987305 0.001953 0.001953
3 0.581055 0.986328 0.009766 0.003906
2 0.844727 0.985352 0.001953 0.005859
3 0.509766 0.980469 0.003906 0.003906
2 0.956055 0.975586 0.001953 0.001953
2 0.588867 0.986328 0.013672 0.027344
2 0.979492 0.985352 0.041016 0.029297
2 0.999023 0.963867 0.001953 0.001953
2 0.992188 0.958008 0.003906 0.001953
2 0.856445 0.955078 0.001953 0.003906
3 0.934570 0.951172 0.001953 0.003906
3 0.879883 0.948242 0.001953 0.001953
3 0.920898 0.948242 0.005859 0.005859
3 0.913086 0.943359 0.005859 0.003906
2 0.997070 0.934570 0.001953 0.001953
2 0.874023 0.881836 0.001953 0.001953
2 0.999023 0.868164 0.001953 0.001953
2 0.984375 0.871094 0.019531 0.019531
2 0.970703 0.856445 0.003906 0.005859
2 0.020508 0.846680 0.001953 0.001953
2 0.010742 0.802734 0.001953 0.003906
3 0.998047 0.729492 0.003906 0.005859
2 0.000977 0.596680 0.001953 0.001953
2 0.864258 0.584961 0.001953 0.001953
3 0.830078 0.573242 0.003906 0.005859
2 0.841797 0.579102 0.015625 0.021484
3 0.836914 0.557617 0.001953 0.001953
2 0.949219 0.509766 0.003906 0.003906
2 0.912109 0.512695 0.011719 0.009766
2 0.989258 0.506836 0.001953 0.001953
3 0.860352 0.506836 0.001953 0.001953
2 0.967773 0.504883 0.001953 0.001953
3 0.868164 0.504883 0.001953 0.001953
2 0.993164 0.500000 0.001953 0.003906
2 0.864258 0.495117 0.001953 0.001953
2 0.858398 0.495117 0.001953 0.001953
2 0.965820 0.483398 0.001953 0.001953
2 0.971680 0.479492 0.001953 0.001953
2 0.846680 0.477539 0.005859 0.001953
2 0.962891 0.478516 0.007812 0.007812
2 0.825195 0.475586 0.001953 0.001953
2 0.835938 0.473633 0.003906 0.001953
2 0.977539 0.471680 0.001953 0.001953
2 0.870117 0.481445 0.037109 0.025391
2 0.828125 0.468750 0.003906 0.003906
2 0.852539 0.458008 0.013672 0.013672
2 0.840820 0.453125 0.005859 0.003906
2 0.892578 0.450195 0.003906 0.001953
2 0.842773 0.399414 0.001953 0.001953
2 0.865234 0.396484 0.003906 0.007812
3 0.950195 0.385742 0.001953 0.001953
2 0.855469 0.385742 0.003906 0.001953
2 0.993164 0.371094 0.005859 0.003906
2 0.999023 0.368164 0.001953 0.001953
2 0.873047 0.363281 0.003906 0.003906
2 0.899414 0.358398 0.017578 0.013672
2 0.987305 0.349609 0.025391 0.031250
2 0.982422 0.325195 0.035156 0.009766
2 0.931641 0.326172 0.058594 0.019531
2 0.941406 0.309570 0.003906 0.001953
2 0.997070 0.308594 0.005859 0.007812
3 0.000977 0.305664 0.001953 0.001953
2 0.941406 0.292969 0.003906 0.003906
2 0.965820 0.266602 0.001953 0.001953
2 0.980469 0.262695 0.003906 0.001953
2 0.974609 0.266602 0.007812 0.009766
2 0.977539 0.254883 0.001953 0.001953
2 0.971680 0.243164 0.001953 0.001953
3 0.000977 0.243164 0.001953 0.001953
3 0.022461 0.198242 0.001953 0.001953
3 0.019531 0.195312 0.003906 0.003906
3 0.014648 0.194336 0.001953 0.001953
3 0.020508 0.186523 0.021484 0.009766
2 0.053711 0.166992 0.001953 0.001953
2 0.064453 0.166992 0.007812 0.005859
2 0.049805 0.165039 0.001953 0.001953
2 0.054688 0.135742 0.003906 0.005859
2 0.066406 0.132812 0.003906 0.003906
2 0.061523 0.110352 0.001953 0.001953
2 0.832031 0.023438 0.011719 0.007812
3 0.213867 0.010742 0.001953 0.001953
2 0.794922 0.004883 0.003906 0.001953
2 0.805664 0.002930 0.001953 0.001953
2 0.302734 0.003906 0.003906 0.003906
2 0.784180 0.005859 0.013672 0.011719
3 0.711914 0.001953 0.009766 0.003906
3 0.698242 0.000977 0.001953 0.001953
3 0.208008 0.000977 0.001953 0.001953
3 0.500000 0.500000 1.000000 1.000000