0 0.878906 0.998047 0.039062 0.003906
0 0.907227 0.996094 0.005859 0.003906
0 0.502930 0.987305 0.005859 0.005859
1 0.372070 0.987305 0.005859 0.005859
0 0.480469 0.979492 0.003906 0.001953
1 0.454102 0.988281 0.025391 0.019531
1 0.286133 0.973633 0.001953 0.001953
1 0.194336 0.970703 0.009766 0.011719
1 0.995117 0.963867 0.001953 0.001953
1 0.596680 0.956055 0.001953 0.001953
1 0.823242 0.964844 0.017578 0.027344
1 0.576172 0.949219 0.003906 0.003906
1 0.890625 0.948242 0.007812 0.009766
1 0.307617 0.945312 0.001953 0.003906
1 0.277344 0.942383 0.003906 0.001953
1 0.855469 0.941406 0.003906 0.003906
1 0.569336 0.940430 0.001953 0.005859
1 0.307617 0.939453 0.005859 0.003906
1 0.806641 0.931641 0.003906 0.003906
1 0.639648 0.930664 0.001953 0.001953
0 0.768555 0.936523 0.021484 0.017578
1 0.625977 0.930664 0.013672 0.013672
0 0.781250 0.921875 0.011719 0.007812
0 0.484375 0.917969 0.007812 0.003906
1 0.541992 0.937500 0.048828 0.046875
0 0.493164 0.914062 0.005859 0.003906
1 0.644531 0.916016 0.011719 0.019531
1 0.633789 0.908203 0.009766 0.003906
0 0.487305 0.938477 0.060547 0.068359
0 0.479492 0.905273 0.001953 0.001953
1 0.781250 0.907227 0.003906 0.009766
1 0.938477 0.906250 0.009766 0.011719
1 0.946289 0.898438 0.005859 0.007812
0 0.444336 0.895508 0.001953 0.001953
0 0.092773 0.895508 0.001953 0.001953
0 0.102539 0.903320 0.013672 0.021484
0 0.049805 0.889648 0.001953 0.001953
0 0.472656 0.902344 0.042969 0.031250
1 0.321289 0.887695 0.001953 0.001953
0 0.104492 0.881836 0.001953 0.005859
0 0.877930 0.877930 0.001953 0.001953
0 0.077148 0.876953 0.005859 0.003906
0 0.862305 0.870117 0.009766 0.005859
1 0.803711 0.887695 0.041016 0.044922
0 0.054688 0.874023 0.031250 0.021484
0 0.870117 0.860352 0.001953 0.001953
1 0.681641 0.864258 0.007812 0.009766
1 0.737305 0.856445 0.001953 0.001953
1 0.743164 0.852539 0.001953 0.001953
1 0.731445 0.851562 0.001953 0.003906
0 0.129883 0.864258 0.041016 0.044922
0 0.898438 0.873047 0.054688 0.066406
1 0.647461 0.853516 0.013672 0.035156
1 0.731445 0.837891 0.009766 0.011719
1 0.142578 0.833008 0.003906 0.001953
1 0.336914 0.827148 0.001953 0.001953
1 0.332031 0.827148 0.003906 0.001953
0 0.571289 0.825195 0.001953 0.001953
1 0.988281 0.833984 0.023438 0.023438
0 0.560547 0.821289 0.003906 0.001953
1 0.969727 0.819336 0.001953 0.001953
1 0.965820 0.820312 0.001953 0.003906
1 0.840820 0.830078 0.025391 0.023438
0 0.964844 0.811523 0.003906 0.001953
0 0.408203 0.814453 0.011719 0.015625
0 0.682617 0.807617 0.013672 0.009766
0 0.959961 0.803711 0.005859 0.005859
1 0.440430 0.800781 0.001953 0.003906
0 0.557617 0.806641 0.029297 0.023438
0 0.538086 0.817383 0.037109 0.044922
0 0.519531 0.796875 0.003906 0.007812
1 0.970703 0.802734 0.011719 0.023438
1 0.088867 0.793945 0.009766 0.009766
0 0.946289 0.788086 0.001953 0.001953
0 0.942383 0.788086 0.001953 0.001953
0 0.531250 0.789062 0.003906 0.003906
0 0.657227 0.794922 0.029297 0.031250
0 0.952148 0.776367 0.009766 0.005859
0 0.548828 0.786133 0.035156 0.025391
1 0.114258 0.782227 0.021484 0.017578
1 0.767578 0.777344 0.011719 0.011719
1 0.028320 0.780273 0.009766 0.017578
1 0.026367 0.767578 0.001953 0.003906
1 0.244141 0.772461 0.027344 0.017578
1 0.154297 0.770508 0.019531 0.013672
0 0.740234 0.757812 0.011719 0.011719
1 0.876953 0.756836 0.011719 0.013672
0 0.699219 0.764648 0.078125 0.044922
1 0.890625 0.737305 0.003906 0.001953
0 0.545898 0.735352 0.013672 0.009766
1 0.350586 0.732422 0.005859 0.007812
1 0.348633 0.723633 0.001953 0.001953
0 0.478516 0.710938 0.003906 0.003906
0 0.451172 0.716797 0.011719 0.015625
1 0.627930 0.709961 0.013672 0.005859
1 0.092773 0.708008 0.001953 0.001953
1 0.616211 0.702148 0.001953 0.001953
0 0.518555 0.701172 0.001953 0.003906
1 0.101562 0.704102 0.011719 0.009766
0 0.616211 0.694336 0.001953 0.001953
0 0.481445 0.694336 0.001953 0.001953
1 0.800781 0.692383 0.003906 0.001953
0 0.563477 0.692383 0.001953 0.001953
1 0.791992 0.688477 0.005859 0.001953
0 0.565430 0.688477 0.001953 0.001953
0 0.574219 0.688477 0.003906 0.005859
0 0.901367 0.680664 0.001953 0.001953
0 0.655273 0.680664 0.001953 0.001953
0 0.532227 0.676758 0.001953 0.001953
1 0.063477 0.679688 0.005859 0.007812
0 0.521484 0.683594 0.015625 0.019531
0 0.237305 0.698242 0.091797 0.056641
1 0.316406 0.666992 0.003906 0.001953
0 0.765625 0.665039 0.003906 0.001953
1 0.853516 0.663086 0.003906 0.001953
0 0.379883 0.661133 0.001953 0.001953
0 0.560547 0.671875 0.015625 0.031250
0 0.963867 0.655273 0.001953 0.001953
0 0.893555 0.673828 0.017578 0.039062
0 0.717773 0.697266 0.080078 0.093750
0 0.537109 0.662109 0.011719 0.023438
0 0.397461 0.651367 0.001953 0.001953
0 0.763672 0.655273 0.019531 0.013672
0 0.443359 0.649414 0.003906 0.005859
0 0.669922 0.667969 0.027344 0.046875
0 0.448242 0.646484 0.001953 0.003906
0 0.391602 0.643555 0.001953 0.001953
0 0.364258 0.657227 0.033203 0.029297
0 0.749023 0.637695 0.001953 0.001953
0 0.415039 0.648438 0.029297 0.023438
0 0.745117 0.635742 0.001953 0.001953
0 0.648438 0.645508 0.046875 0.021484
0 0.944336 0.633789 0.001953 0.001953
0 0.734375 0.645508 0.035156 0.025391
0 0.483398 0.633789 0.001953 0.001953
0 0.487305 0.631836 0.001953 0.001953
0 0.952148 0.632812 0.005859 0.011719
1 0.117188 0.624023 0.003906 0.001953
0 0.168945 0.623047 0.005859 0.003906
0 0.182617 0.620117 0.001953 0.001953
1 0.090820 0.620117 0.001953 0.001953
1 0.301758 0.618164 0.001953 0.001953
1 0.313477 0.616211 0.001953 0.001953
0 0.188477 0.616211 0.005859 0.001953
0 0.247070 0.614258 0.001953 0.001953
0 0.178711 0.617188 0.009766 0.007812
1 0.439453 0.619141 0.031250 0.015625
0 0.959961 0.616211 0.013672 0.017578
0 0.523438 0.611328 0.007812 0.007812
0 0.965820 0.600586 0.001953 0.005859
1 0.739258 0.598633 0.001953 0.001953
0 0.806641 0.598633 0.011719 0.009766
1 0.743164 0.593750 0.005859 0.003906
0 0.617188 0.594727 0.003906 0.005859
1 0.129883 0.591797 0.001953 0.003906
0 0.610352 0.590820 0.001953 0.005859
1 0.322266 0.601562 0.027344 0.031250
0 0.203125 0.591797 0.015625 0.011719
0 0.908203 0.611328 0.031250 0.058594
0 0.597656 0.592773 0.031250 0.021484
1 0.114258 0.583008 0.001953 0.001953
1 0.095703 0.585938 0.039062 0.015625
0 0.260742 0.578125 0.005859 0.003906
1 0.813477 0.575195 0.001953 0.001953
1 0.704102 0.573242 0.001953 0.001953
1 0.839844 0.568359 0.011719 0.007812
0 0.648438 0.575195 0.027344 0.021484
0 0.661133 0.562500 0.009766 0.007812
1 0.466797 0.554688 0.007812 0.007812
0 0.347656 0.557617 0.007812 0.017578
1 0.724609 0.552734 0.007812 0.011719
1 0.554688 0.541992 0.003906 0.001953
0 0.338867 0.543945 0.009766 0.005859
1 0.420898 0.540039 0.001953 0.001953
0 0.952148 0.561523 0.013672 0.056641
1 0.559570 0.537109 0.005859 0.007812
0 0.200195 0.550781 0.029297 0.039062
0 0.992188 0.538086 0.007812 0.017578
0 0.782227 0.536133 0.013672 0.013672
0 0.180664 0.528320 0.001953 0.001953
0 0.786133 0.526367 0.001953 0.001953
0 0.187500 0.525391 0.003906 0.003906
0 0.177734 0.526367 0.003906 0.005859
1 0.055664 0.524414 0.001953 0.001953
0 0.802734 0.524414 0.003906 0.005859
0 0.819336 0.523438 0.005859 0.007812
0 0.186523 0.520508 0.001953 0.001953
1 0.126953 0.526367 0.007812 0.013672
1 0.728516 0.525391 0.011719 0.015625
0 0.819336 0.513672 0.005859 0.003906
1 0.592773 0.527344 0.017578 0.031250
1 0.093750 0.517578 0.027344 0.011719
0 0.842773 0.515625 0.021484 0.015625
1 0.541016 0.511719 0.007812 0.007812
1 0.430664 0.513672 0.013672 0.011719
0 0.852539 0.504883 0.001953 0.001953
1 0.491211 0.502930 0.001953 0.001953
1 0.481445 0.503906 0.009766 0.003906
1 0.571289 0.495117 0.001953 0.001953
0 0.487305 0.497070 0.005859 0.005859
1 0.471680 0.495117 0.005859 0.005859
0 0.197266 0.493164 0.019531 0.013672
1 0.497070 0.486328 0.005859 0.003906
1 0.470703 0.486328 0.003906 0.003906
0 0.178711 0.498047 0.009766 0.027344
1 0.953125 0.494141 0.027344 0.027344
0 0.477539 0.486328 0.005859 0.011719
1 0.321289 0.494141 0.009766 0.027344
1 0.995117 0.477539 0.001953 0.001953
1 0.999023 0.473633 0.001953 0.001953
0 0.369141 0.476562 0.015625 0.023438
0 0.783203 0.468750 0.011719 0.011719
1 0.979492 0.461914 0.001953 0.001953
1 0.081055 0.461914 0.001953 0.001953
1 0.076172 0.458008 0.003906 0.005859
1 0.555664 0.455078 0.009766 0.007812
1 0.714844 0.448242 0.003906 0.001953
1 0.720703 0.447266 0.003906 0.003906
1 0.654297 0.480469 0.058594 0.070312
1 0.559570 0.444336 0.001953 0.001953
1 0.555664 0.442383 0.001953 0.001953
1 0.334961 0.447266 0.013672 0.011719
1 0.719727 0.440430 0.001953 0.001953
0 0.319336 0.440430 0.001953 0.001953
1 0.561523 0.438477 0.001953 0.001953
0 0.381836 0.453125 0.025391 0.035156
0 0.331055 0.436523 0.001953 0.001953
1 0.732422 0.442383 0.011719 0.017578
1 0.217773 0.432617 0.001953 0.001953
0 0.860352 0.430664 0.001953 0.001953
0 0.641602 0.434570 0.009766 0.009766
0 0.852539 0.428711 0.001953 0.001953
0 0.831055 0.428711 0.001953 0.001953
1 0.435547 0.438477 0.015625 0.025391
1 0.416016 0.423828 0.019531 0.019531
0 0.710938 0.416016 0.007812 0.007812
0 0.698242 0.415039 0.013672 0.005859
0 0.681641 0.412109 0.003906 0.003906
0 0.666992 0.417969 0.021484 0.015625
0 0.859375 0.421875 0.050781 0.035156
1 0.754883 0.421875 0.037109 0.042969
1 0.245117 0.401367 0.005859 0.005859
1 0.887695 0.399414 0.009766 0.009766
1 0.896484 0.390625 0.007812 0.007812
0 0.460938 0.382812 0.003906 0.003906
1 0.704102 0.364258 0.001953 0.001953
0 0.447266 0.371094 0.027344 0.023438
0 0.314453 0.357422 0.015625 0.007812
0 0.232422 0.367188 0.019531 0.027344
1 0.001953 0.356445 0.003906 0.005859
1 0.086914 0.343750 0.009766 0.007812
0 0.666016 0.355469 0.023438 0.035156
0 0.961914 0.336914 0.001953 0.001953
1 0.816406 0.339844 0.011719 0.011719
1 0.091797 0.335938 0.003906 0.003906
1 0.798828 0.332031 0.003906 0.003906
1 0.804688 0.329102 0.003906 0.001953
0 0.833008 0.325195 0.001953 0.001953
1 0.636719 0.327148 0.007812 0.005859
0 0.461914 0.326172 0.005859 0.003906
1 0.085938 0.328125 0.007812 0.007812
1 0.033203 0.328125 0.011719 0.007812
1 0.157227 0.319336 0.005859 0.001953
0 0.987305 0.317383 0.001953 0.001953
1 0.959961 0.320312 0.005859 0.007812
0 0.676758 0.317383 0.001953 0.001953
0 0.419922 0.327148 0.023438 0.021484
0 0.981445 0.329102 0.037109 0.029297
0 0.979492 0.320312 0.009766 0.011719
1 0.715820 0.315430 0.001953 0.001953
0 0.684570 0.315430 0.001953 0.001953
0 0.985352 0.312500 0.001953 0.003906
1 0.915039 0.315430 0.005859 0.009766
1 0.877930 0.311523 0.001953 0.001953
1 0.873047 0.310547 0.003906 0.003906
0 0.671875 0.311523 0.007812 0.005859
1 0.758789 0.305664 0.001953 0.001953
0 0.254883 0.304688 0.005859 0.003906
1 0.516602 0.297852 0.001953 0.005859
0 0.264648 0.295898 0.001953 0.001953
0 0.279297 0.311523 0.019531 0.037109
0 0.725586 0.291992 0.001953 0.001953
1 0.723633 0.300781 0.017578 0.023438
0 0.247070 0.289062 0.001953 0.003906
1 0.520508 0.284180 0.013672 0.013672
1 0.348633 0.284180 0.013672 0.013672
0 0.192383 0.278320 0.001953 0.001953
1 0.925781 0.278320 0.007812 0.005859
0 0.201172 0.276367 0.003906 0.001953
0 0.588867 0.273438 0.001953 0.003906
0 0.054688 0.281250 0.019531 0.019531
0 0.255859 0.273438 0.019531 0.023438
0 0.005859 0.269531 0.011719 0.019531
0 0.607422 0.258789 0.007812 0.009766
0 0.250977 0.252930 0.001953 0.001953
1 0.762695 0.283203 0.111328 0.066406
0 0.596680 0.257812 0.009766 0.015625
0 0.572266 0.255859 0.007812 0.011719
0 0.249023 0.249023 0.001953 0.001953
0 0.614258 0.247070 0.001953 0.001953
0 0.239258 0.251953 0.013672 0.015625
0 0.229492 0.245117 0.005859 0.001953
1 0.791992 0.246094 0.017578 0.019531
1 0.317383 0.239258 0.013672 0.009766
1 0.285156 0.238281 0.015625 0.007812
0 0.861328 0.235352 0.003906 0.005859
0 0.970703 0.234375 0.007812 0.011719
0 0.604492 0.229492 0.001953 0.001953
1 0.983398 0.230469 0.005859 0.007812
0 0.598633 0.236328 0.037109 0.019531
0 0.538086 0.227539 0.009766 0.009766
0 0.820312 0.234375 0.031250 0.035156
0 0.897461 0.215820 0.001953 0.001953
0 0.685547 0.219727 0.015625 0.013672
0 0.897461 0.211914 0.001953 0.001953
0 0.843750 0.217773 0.015625 0.017578
0 0.299805 0.211914 0.001953 0.005859
0 0.729492 0.206055 0.001953 0.001953
0 0.546875 0.210938 0.011719 0.011719
1 0.763672 0.207031 0.015625 0.011719
0 0.291992 0.213867 0.013672 0.025391
1 0.760742 0.200195 0.001953 0.001953
0 0.274414 0.200195 0.001953 0.001953
1 0.138672 0.201172 0.003906 0.003906
1 0.075195 0.198242 0.001953 0.001953
0 0.897461 0.200195 0.013672 0.017578
1 0.033203 0.198242 0.003906 0.013672
0 0.574219 0.194336 0.011719 0.013672
0 0.060547 0.187500 0.007812 0.007812
0 0.933594 0.198242 0.035156 0.044922
0 0.073242 0.172852 0.001953 0.001953
0 0.771484 0.184570 0.027344 0.029297
0 0.291992 0.172852 0.009766 0.009766
0 0.079102 0.168945 0.001953 0.005859
1 0.032227 0.177734 0.005859 0.023438
0 0.254883 0.165039 0.001953 0.001953
1 0.833008 0.167969 0.009766 0.011719
0 0.659180 0.163086 0.001953 0.001953
0 0.247070 0.163086 0.001953 0.001953
0 0.329102 0.161133 0.001953 0.001953
0 0.083008 0.161133 0.001953 0.001953
0 0.830078 0.158203 0.003906 0.003906
0 0.074219 0.150391 0.003906 0.003906
0 0.062500 0.158203 0.019531 0.019531
1 0.541016 0.157227 0.015625 0.021484
0 0.073242 0.145508 0.001953 0.001953
1 0.032227 0.151367 0.005859 0.013672
0 0.310547 0.148438 0.011719 0.011719
0 0.768555 0.143555 0.005859 0.005859
1 0.879883 0.143555 0.009766 0.009766
0 0.253906 0.147461 0.031250 0.021484
0 0.061523 0.137695 0.001953 0.001953
0 0.770508 0.131836 0.001953 0.001953
0 0.756836 0.142578 0.021484 0.027344
1 0.420898 0.129883 0.001953 0.001953
1 0.415039 0.129883 0.001953 0.001953
0 0.714844 0.127930 0.003906 0.001953
0 0.325195 0.127930 0.001953 0.001953
0 0.182617 0.127930 0.001953 0.001953
0 0.776367 0.125977 0.001953 0.001953
0 0.672852 0.128906 0.005859 0.007812
1 0.416992 0.125977 0.001953 0.001953
0 0.052734 0.132812 0.007812 0.015625
0 0.727539 0.122070 0.001953 0.001953
1 0.593750 0.126953 0.015625 0.011719
0 0.707031 0.137695 0.023438 0.041016
0 0.346680 0.125977 0.017578 0.021484
0 0.334961 0.116211 0.001953 0.001953
1 0.924805 0.108398 0.001953 0.001953
0 0.714844 0.110352 0.003906 0.005859
1 0.401367 0.108398 0.001953 0.001953
1 0.405273 0.106445 0.001953 0.001953
0 0.726562 0.111328 0.011719 0.015625
1 0.038086 0.102539 0.001953 0.001953
1 0.403320 0.101562 0.005859 0.003906
0 0.126953 0.107422 0.003906 0.015625
1 0.294922 0.099609 0.003906 0.003906
0 0.110352 0.094727 0.001953 0.001953
0 0.109375 0.089844 0.003906 0.003906
1 0.905273 0.088867 0.005859 0.005859
0 0.122070 0.085938 0.001953 0.003906
0 0.057617 0.084961 0.005859 0.001953
1 0.040039 0.084961 0.001953 0.001953
1 0.571289 0.083984 0.009766 0.003906
0 0.088867 0.096680 0.025391 0.029297
1 0.900391 0.082031 0.003906 0.003906
0 0.084961 0.081055 0.001953 0.001953
0 0.760742 0.083008 0.013672 0.009766
1 0.640625 0.083984 0.011719 0.011719
0 0.125977 0.079102 0.001953 0.001953
1 0.031250 0.093750 0.007812 0.031250
1 0.582031 0.082031 0.007812 0.011719
0 0.545898 0.075195 0.001953 0.001953
1 0.389648 0.072266 0.001953 0.003906
0 0.128906 0.073242 0.003906 0.005859
0 0.738281 0.086914 0.054688 0.037109
0 0.666016 0.064453 0.003906 0.003906
0 0.541992 0.069336 0.005859 0.013672
0 0.131836 0.063477 0.001953 0.001953
0 0.118164 0.061523 0.013672 0.005859
0 0.670898 0.057617 0.001953 0.001953
0 0.079102 0.057617 0.001953 0.001953
0 0.555664 0.064453 0.021484 0.019531
0 0.090820 0.056641 0.017578 0.011719
1 0.003906 0.055664 0.007812 0.009766
0 0.737305 0.050781 0.001953 0.003906
0 0.087891 0.049805 0.003906 0.001953
1 0.665039 0.050781 0.013672 0.007812
1 0.863281 0.048828 0.011719 0.007812
0 0.537109 0.046875 0.031250 0.023438
1 0.022461 0.040039 0.017578 0.009766
1 0.636719 0.037109 0.011719 0.007812
1 0.042969 0.031250 0.011719 0.007812
1 0.840820 0.035156 0.025391 0.019531
0 0.254883 0.029297 0.009766 0.007812
1 0.608398 0.020508 0.001953 0.001953
0 0.491211 0.013672 0.005859 0.007812
1 0.952148 0.008789 0.001953 0.001953
0 0.506836 0.008789 0.001953 0.001953
1 0.057617 0.008789 0.001953 0.001953
1 0.135742 0.006836 0.001953 0.001953
1 0.131836 0.006836 0.001953 0.001953
1 0.605469 0.014648 0.015625 0.021484
1 0.949219 0.002930 0.003906 0.005859
1 0.715820 0.015625 0.017578 0.031250
0 0.484375 0.002930 0.007812 0.005859
1 0.335938 0.003906 0.015625 0.007812
0 0.257812 0.007812 0.015625 0.015625
1 0.150391 0.002930 0.003906 0.005859
1 0.128906 0.001953 0.007812 0.003906
1 0.053711 0.002930 0.005859 0.005859
1 0.023438 0.001953 0.007812 0.003906
3 0.999023 0.333008 0.001953 0.001953
2 0.000977 0.270508 0.001953 0.001953
3 0.500000 0.500000 1.000000 1.000000