0 0.083984 0.999023 0.003906 0.001953
0 0.133789 0.997070 0.001953 0.001953
0 0.950195 0.995117 0.001953 0.001953
0 0.963867 0.991211 0.001953 0.001953
0 0.450195 0.991211 0.005859 0.005859
0 0.374023 0.989258 0.001953 0.001953
0 0.106445 0.989258 0.001953 0.001953
0 0.840820 0.985352 0.001953 0.001953
0 0.374023 0.983398 0.001953 0.001953
0 0.928711 0.977539 0.001953 0.001953
0 0.842773 0.977539 0.001953 0.001953
0 0.834961 0.975586 0.001953 0.001953
0 0.100586 0.975586 0.001953 0.001953
0 0.928711 0.973633 0.001953 0.001953
0 0.830078 0.971680 0.003906 0.001953
0 0.821289 0.974609 0.005859 0.007812
0 0.090820 0.967773 0.001953 0.001953
0 0.923828 0.966797 0.007812 0.007812
0 0.081055 0.963867 0.001953 0.001953
0 0.842773 0.970703 0.021484 0.019531
1 0.945312 0.975586 0.027344 0.033203
0 0.901367 0.961914 0.013672 0.009766
1 0.201172 0.950195 0.003906 0.001953
0 0.946289 0.946289 0.001953 0.001953
0 0.943359 0.951172 0.015625 0.011719
1 0.995117 0.963867 0.009766 0.041016
0 0.397461 0.945312 0.001953 0.003906
1 0.999023 0.940430 0.001953 0.001953
0 0.938477 0.941406 0.005859 0.003906
0 0.567383 0.940430 0.001953 0.001953
0 0.489258 0.940430 0.001953 0.001953
0 0.121094 0.941406 0.003906 0.003906
0 0.116211 0.938477 0.001953 0.001953
0 0.541992 0.930664 0.001953 0.001953
0 0.446289 0.950195 0.076172 0.048828
0 0.139648 0.928711 0.009766 0.005859
0 0.885742 0.923828 0.005859 0.003906
0 0.954102 0.935547 0.064453 0.031250
0 0.278320 0.919922 0.005859 0.003906
0 0.845703 0.924805 0.011719 0.017578
0 0.276367 0.916992 0.001953 0.001953
1 0.030273 0.916992 0.001953 0.001953
0 0.387695 0.915039 0.001953 0.001953
0 0.225586 0.913086 0.001953 0.001953
0 0.291016 0.914062 0.007812 0.007812
0 0.258789 0.911133 0.001953 0.001953
0 0.681641 0.909180 0.003906 0.001953
0 0.531250 0.922852 0.093750 0.029297
0 0.380859 0.910156 0.003906 0.003906
0 0.291992 0.907227 0.001953 0.001953
0 0.389648 0.905273 0.001953 0.001953
0 0.253906 0.904297 0.003906 0.007812
1 0.583008 0.907227 0.021484 0.017578
0 0.077148 0.897461 0.001953 0.001953
0 0.854492 0.895508 0.001953 0.001953
0 0.375000 0.896484 0.011719 0.003906
1 0.172852 0.893555 0.001953 0.001953
0 0.386719 0.895508 0.003906 0.009766
0 0.375977 0.891602 0.001953 0.001953
0 0.079102 0.891602 0.001953 0.001953
1 0.185547 0.890625 0.007812 0.003906
1 0.171875 0.887695 0.003906 0.001953
0 0.385742 0.885742 0.001953 0.001953
0 0.708008 0.883789 0.001953 0.001953
1 0.106445 0.878906 0.005859 0.003906
0 0.381836 0.875000 0.005859 0.007812
0 0.045898 0.872070 0.001953 0.001953
1 0.005859 0.872070 0.011719 0.005859
1 0.686523 0.877930 0.033203 0.033203
0 0.375977 0.856445 0.001953 0.001953
0 0.172852 0.850586 0.013672 0.009766
0 0.166016 0.844727 0.003906 0.001953
0 0.178711 0.839844 0.005859 0.007812
0 0.375977 0.827148 0.001953 0.001953
1 0.754883 0.857422 0.099609 0.070312
1 0.011719 0.824219 0.011719 0.003906
1 0.754883 0.821289 0.001953 0.001953
0 0.366211 0.821289 0.001953 0.001953
0 0.162109 0.821289 0.003906 0.001953
0 0.374023 0.819336 0.001953 0.001953
1 0.717773 0.821289 0.009766 0.009766
0 0.885742 0.815430 0.001953 0.001953
0 0.862305 0.820312 0.001953 0.011719
0 0.169922 0.817383 0.007812 0.005859
0 0.834961 0.813477 0.001953 0.001953
0 0.166992 0.813477 0.001953 0.001953
0 0.879883 0.811523 0.001953 0.001953
1 0.028320 0.813477 0.009766 0.005859
0 0.885742 0.810547 0.005859 0.003906
1 0.072266 0.804688 0.003906 0.003906
0 0.901367 0.814453 0.021484 0.027344
0 0.824219 0.801758 0.003906 0.001953
1 0.147461 0.802734 0.005859 0.003906
1 0.184570 0.799805 0.001953 0.001953
1 0.155273 0.797852 0.001953 0.001953
1 0.147461 0.797852 0.001953 0.001953
1 0.140625 0.798828 0.007812 0.003906
0 0.908203 0.794922 0.003906 0.003906
1 0.721680 0.791016 0.005859 0.007812
0 0.898438 0.788086 0.003906 0.005859
1 0.149414 0.786133 0.001953 0.001953
1 0.154297 0.782227 0.003906 0.001953
1 0.129883 0.776367 0.001953 0.001953
1 0.149414 0.773438 0.001953 0.003906
1 0.141602 0.772461 0.001953 0.001953
1 0.361328 0.773438 0.007812 0.007812
1 0.165039 0.768555 0.001953 0.001953
1 0.163086 0.762695 0.001953 0.001953
1 0.387695 0.761719 0.009766 0.007812
0 0.352539 0.756836 0.001953 0.001953
0 0.348633 0.756836 0.001953 0.001953
1 0.157227 0.756836 0.001953 0.001953
1 0.153320 0.756836 0.001953 0.001953
1 0.071289 0.756836 0.001953 0.001953
1 0.018555 0.757812 0.005859 0.003906
0 0.362305 0.754883 0.001953 0.001953
1 0.161133 0.754883 0.001953 0.001953
0 0.355469 0.751953 0.007812 0.007812
0 0.346680 0.750000 0.005859 0.003906
0 0.325195 0.741211 0.001953 0.001953
0 0.944336 0.731445 0.001953 0.001953
0 0.379883 0.733398 0.001953 0.005859
0 0.395508 0.733398 0.021484 0.021484
0 0.382812 0.724609 0.007812 0.003906
1 0.079102 0.719727 0.001953 0.001953
0 0.294922 0.718750 0.003906 0.003906
1 0.072266 0.718750 0.003906 0.003906
1 0.958984 0.726562 0.035156 0.023438
0 0.300781 0.715820 0.003906 0.001953
1 0.102539 0.717773 0.009766 0.005859
1 0.082031 0.715820 0.003906 0.001953
0 0.323242 0.713867 0.001953 0.001953
1 0.954102 0.711914 0.001953 0.001953
1 0.768555 0.709961 0.001953 0.001953
0 0.276367 0.709961 0.001953 0.001953
1 0.106445 0.709961 0.001953 0.001953
0 0.024414 0.709961 0.001953 0.001953
0 0.320312 0.706055 0.003906 0.001953
0 0.032227 0.704102 0.001953 0.001953
1 0.085938 0.749023 0.117188 0.095703
0 0.036133 0.702148 0.001953 0.001953
0 0.841797 0.700195 0.003906 0.005859
1 0.143555 0.699219 0.001953 0.003906
1 0.104492 0.698242 0.001953 0.001953
1 0.127930 0.731445 0.044922 0.072266
0 0.066406 0.692383 0.003906 0.001953
1 0.675781 0.692383 0.003906 0.005859
0 0.147461 0.691406 0.009766 0.007812
1 0.663086 0.680664 0.001953 0.001953
0 0.347656 0.703125 0.058594 0.058594
1 0.299805 0.670898 0.001953 0.001953
1 0.645508 0.668945 0.001953 0.001953
1 0.331055 0.666992 0.001953 0.001953
0 0.309570 0.692383 0.029297 0.052734
1 0.616211 0.665039 0.001953 0.001953
0 0.433594 0.667969 0.003906 0.007812
0 0.182617 0.663086 0.001953 0.001953
0 0.173828 0.664062 0.007812 0.003906
0 0.071289 0.660156 0.001953 0.003906
0 0.000977 0.655273 0.001953 0.001953
0 0.115234 0.677734 0.101562 0.050781
0 0.787109 0.659180 0.011719 0.017578
0 0.001953 0.650391 0.003906 0.003906
1 0.645508 0.647461 0.001953 0.001953
1 0.624023 0.650391 0.005859 0.007812
1 0.641602 0.643555 0.001953 0.001953
1 0.522461 0.643555 0.001953 0.001953
0 0.004883 0.643555 0.001953 0.001953
1 0.655273 0.641602 0.001953 0.001953
1 0.623047 0.642578 0.003906 0.003906
0 0.100586 0.639648 0.001953 0.001953
1 0.327148 0.637695 0.001953 0.001953
0 0.500977 0.635742 0.001953 0.001953
0 0.098633 0.635742 0.001953 0.001953
1 0.647461 0.635742 0.001953 0.005859
1 0.583008 0.653320 0.060547 0.041016
1 0.638672 0.635742 0.015625 0.017578
0 0.500977 0.625977 0.001953 0.001953
0 0.420898 0.625977 0.001953 0.001953
0 0.738281 0.625977 0.011719 0.005859
0 0.725586 0.624023 0.001953 0.001953
1 0.333984 0.624023 0.003906 0.001953
0 0.419922 0.621094 0.003906 0.003906
0 0.735352 0.614258 0.001953 0.001953
1 0.329102 0.614258 0.001953 0.001953
1 0.307617 0.625977 0.044922 0.025391
0 0.413086 0.612305 0.001953 0.001953
0 0.748047 0.618164 0.011719 0.017578
0 0.727539 0.611328 0.001953 0.003906
0 0.502930 0.610352 0.001953 0.001953
0 0.417969 0.612305 0.003906 0.005859
0 0.753906 0.609375 0.003906 0.003906
1 0.334961 0.613281 0.005859 0.015625
0 0.727539 0.604492 0.001953 0.001953
0 0.394531 0.605469 0.003906 0.007812
1 0.517578 0.624023 0.039062 0.048828
0 0.501953 0.597656 0.003906 0.007812
0 0.497070 0.596680 0.001953 0.005859
0 0.083008 0.594727 0.001953 0.001953
0 0.172852 0.588867 0.001953 0.001953
0 0.376953 0.596680 0.027344 0.021484
0 0.372070 0.584961 0.001953 0.001953
0 0.739258 0.587891 0.021484 0.015625
0 0.334961 0.581055 0.009766 0.005859
0 0.354492 0.577148 0.001953 0.001953
0 0.333008 0.575195 0.001953 0.001953
1 0.151367 0.582031 0.017578 0.015625
0 0.736328 0.575195 0.003906 0.005859
0 0.322266 0.575195 0.003906 0.005859
0 0.089844 0.590820 0.097656 0.037109
0 0.354492 0.571289 0.001953 0.001953
0 0.348633 0.574219 0.005859 0.011719
0 0.745117 0.568359 0.001953 0.003906
1 0.157227 0.567383 0.001953 0.001953
1 0.153320 0.568359 0.001953 0.003906
0 0.807617 0.561523 0.001953 0.001953
0 0.789062 0.564453 0.007812 0.007812
0 0.044922 0.560547 0.003906 0.003906
0 0.161133 0.558594 0.001953 0.003906
0 0.048828 0.555664 0.003906 0.001953
1 0.860352 0.545898 0.001953 0.001953
1 0.075195 0.545898 0.001953 0.001953
0 0.831055 0.543945 0.001953 0.001953
1 0.063477 0.555664 0.025391 0.029297
0 0.970703 0.541016 0.003906 0.003906
0 0.829102 0.540039 0.001953 0.001953
0 0.825195 0.540039 0.001953 0.001953
1 0.471680 0.540039 0.001953 0.001953
0 0.958008 0.538086 0.001953 0.001953
1 0.450195 0.538086 0.001953 0.001953
1 0.844727 0.536133 0.001953 0.001953
0 0.797852 0.538086 0.009766 0.009766
1 0.838867 0.531250 0.001953 0.003906
1 0.837891 0.524414 0.003906 0.001953
1 0.104492 0.520508 0.001953 0.001953
0 0.946289 0.518555 0.001953 0.001953
1 0.855469 0.533203 0.027344 0.031250
1 0.838867 0.518555 0.001953 0.001953
0 0.608398 0.514648 0.001953 0.001953
0 0.946289 0.512695 0.001953 0.001953
1 0.843750 0.514648 0.003906 0.005859
0 0.612305 0.510742 0.001953 0.001953
0 0.959961 0.523438 0.029297 0.031250
1 0.199219 0.509766 0.003906 0.003906
0 0.985352 0.506836 0.001953 0.001953
0 0.666992 0.512695 0.013672 0.013672
0 0.618164 0.506836 0.001953 0.001953
1 0.826172 0.507812 0.007812 0.007812
0 0.838867 0.502930 0.001953 0.001953
1 0.663086 0.502930 0.009766 0.001953
0 0.102539 0.500977 0.005859 0.005859
0 0.093750 0.499023 0.003906 0.005859
0 0.423828 0.495117 0.003906 0.001953
0 0.833008 0.493164 0.001953 0.001953
0 0.842773 0.491211 0.001953 0.001953
0 0.440430 0.489258 0.001953 0.001953
0 0.967773 0.487305 0.001953 0.001953
0 0.860352 0.487305 0.001953 0.001953
1 0.559570 0.483398 0.001953 0.001953
0 0.728516 0.495117 0.035156 0.029297
1 0.645508 0.479492 0.005859 0.001953
0 0.086914 0.477539 0.001953 0.001953
0 0.784180 0.475586 0.001953 0.001953
1 0.354492 0.475586 0.001953 0.001953
1 0.350586 0.475586 0.001953 0.001953
0 0.233398 0.475586 0.001953 0.001953
0 0.000977 0.475586 0.001953 0.001953
0 0.766602 0.473633 0.001953 0.001953
1 0.317383 0.471680 0.001953 0.001953
0 0.786133 0.469727 0.001953 0.001953
0 0.489258 0.471680 0.009766 0.005859
1 0.777344 0.467773 0.003906 0.001953
1 0.317383 0.467773 0.001953 0.001953
1 0.791992 0.465820 0.001953 0.001953
0 0.393555 0.465820 0.001953 0.001953
1 0.204102 0.465820 0.001953 0.001953
1 0.786133 0.464844 0.005859 0.003906
1 0.349609 0.461914 0.003906 0.001953
0 0.166992 0.461914 0.001953 0.001953
0 0.758789 0.459961 0.001953 0.001953
0 0.250977 0.459961 0.001953 0.001953
0 0.988281 0.459961 0.011719 0.009766
0 0.254883 0.456055 0.001953 0.001953
1 0.867188 0.456055 0.003906 0.005859
0 0.996094 0.454102 0.007812 0.005859
1 0.577148 0.470703 0.037109 0.039062
0 0.861328 0.454102 0.007812 0.009766
1 0.768555 0.450195 0.001953 0.001953
1 0.868164 0.448242 0.001953 0.001953
1 0.645508 0.448242 0.001953 0.001953
1 0.295898 0.446289 0.001953 0.001953
1 0.647461 0.438477 0.001953 0.001953
1 0.990234 0.442383 0.019531 0.013672
1 0.358398 0.436523 0.001953 0.001953
1 0.999023 0.434570 0.001953 0.001953
1 0.775391 0.436523 0.015625 0.005859
1 0.555664 0.436523 0.001953 0.005859
1 0.782227 0.430664 0.001953 0.001953
1 0.553711 0.430664 0.001953 0.001953
1 0.651367 0.428711 0.001953 0.001953
0 0.482422 0.429688 0.003906 0.003906
1 0.668945 0.429688 0.009766 0.007812
0 0.754883 0.675781 0.310547 0.500000
1 0.522461 0.426758 0.001953 0.001953
0 0.466797 0.427734 0.003906 0.003906
1 0.548828 0.425781 0.007812 0.003906
1 0.549805 0.420898 0.001953 0.001953
0 0.422852 0.420898 0.001953 0.001953
0 0.487305 0.420898 0.001953 0.005859
1 0.004883 0.420898 0.001953 0.005859
1 0.696289 0.417969 0.001953 0.003906
1 0.622070 0.416992 0.001953 0.001953
0 0.373047 0.417969 0.003906 0.003906
0 0.858398 0.415039 0.001953 0.001953
0 0.543945 0.415039 0.001953 0.001953
1 0.536133 0.417969 0.009766 0.007812
0 0.028320 0.415039 0.001953 0.001953
1 0.985352 0.419922 0.029297 0.015625
0 0.301758 0.413086 0.001953 0.001953
1 0.658203 0.413086 0.003906 0.005859
1 0.639648 0.419922 0.005859 0.019531
0 0.540039 0.411133 0.001953 0.001953
1 0.164062 0.413086 0.007812 0.005859
0 0.469727 0.407227 0.001953 0.001953
0 0.465820 0.407227 0.001953 0.001953
0 0.038086 0.406250 0.001953 0.003906
0 0.907227 0.406250 0.001953 0.007812
1 0.817383 0.403320 0.001953 0.001953
1 0.685547 0.414062 0.019531 0.023438
0 0.041992 0.403320 0.001953 0.001953
1 0.508789 0.413086 0.029297 0.025391
0 0.239258 0.700195 0.478516 0.599609
0 0.306641 0.400391 0.003906 0.003906
1 0.558594 0.420898 0.039062 0.048828
0 0.485352 0.395508 0.001953 0.001953
1 0.664062 0.393555 0.003906 0.001953
0 0.407227 0.391602 0.001953 0.001953
0 0.172852 0.392578 0.005859 0.003906
1 0.592773 0.389648 0.001953 0.001953
1 0.554688 0.391602 0.003906 0.005859
0 0.939453 0.433594 0.062500 0.093750
1 0.731445 0.387695 0.001953 0.001953
1 0.668945 0.396484 0.017578 0.019531
1 0.660156 0.389648 0.011719 0.009766
0 0.170898 0.385742 0.001953 0.001953
1 0.953125 0.391602 0.007812 0.017578
1 0.577148 0.383789 0.005859 0.009766
0 0.416992 0.380859 0.005859 0.003906
0 0.407227 0.377930 0.001953 0.001953
0 0.918945 0.375977 0.001953 0.001953
0 0.424805 0.375977 0.001953 0.001953
1 0.148438 0.376953 0.003906 0.003906
1 0.601562 0.376953 0.003906 0.007812
1 0.915039 0.372070 0.001953 0.001953
0 0.838867 0.413086 0.048828 0.083984
1 0.164062 0.372070 0.003906 0.001953
1 0.633789 0.370117 0.001953 0.001953
1 0.527344 0.372070 0.007812 0.005859
0 0.872070 0.368164 0.001953 0.001953
1 0.647461 0.379883 0.009766 0.025391
1 0.542969 0.368164 0.003906 0.005859
0 0.282227 0.372070 0.009766 0.013672
0 0.672852 0.364258 0.001953 0.001953
1 0.531250 0.366211 0.003906 0.005859
0 0.667969 0.363281 0.003906 0.003906
1 0.563477 0.362305 0.001953 0.001953
1 0.153320 0.364258 0.009766 0.005859
0 0.434570 0.360352 0.001953 0.001953
0 0.427734 0.363281 0.007812 0.007812
1 0.659180 0.363281 0.009766 0.011719
0 0.026367 0.354492 0.001953 0.001953
1 0.616211 0.352539 0.001953 0.001953
1 0.611328 0.352539 0.003906 0.005859
1 0.602539 0.350586 0.001953 0.001953
1 0.284180 0.350586 0.005859 0.005859
1 0.571289 0.346680 0.001953 0.001953
1 0.614258 0.346680 0.005859 0.005859
1 0.520508 0.369141 0.056641 0.050781
1 0.305664 0.344727 0.001953 0.001953
1 0.284180 0.344727 0.001953 0.001953
0 0.414062 0.346680 0.007812 0.009766
0 0.852539 0.342773 0.005859 0.005859
0 0.780273 0.340820 0.001953 0.001953
1 0.558594 0.341797 0.003906 0.003906
1 0.550781 0.341797 0.003906 0.003906
0 0.506836 0.338867 0.001953 0.001953
1 0.668945 0.336914 0.001953 0.001953
1 0.481445 0.336914 0.005859 0.001953
0 0.013672 0.341797 0.011719 0.015625
0 0.794922 0.343750 0.023438 0.027344
0 0.682617 0.327148 0.001953 0.001953
1 0.606445 0.327148 0.001953 0.001953
1 0.315430 0.327148 0.001953 0.001953
0 0.700195 0.325195 0.001953 0.001953
0 0.694336 0.325195 0.001953 0.001953
1 0.180664 0.323242 0.001953 0.001953
1 0.150391 0.323242 0.003906 0.001953
0 0.233398 0.321289 0.001953 0.001953
0 0.213867 0.321289 0.001953 0.001953
1 0.571289 0.319336 0.001953 0.001953
0 0.528320 0.319336 0.001953 0.001953
1 0.523438 0.319336 0.003906 0.001953
1 0.318359 0.319336 0.003906 0.001953
1 0.272461 0.322266 0.009766 0.007812
0 0.006836 0.318359 0.013672 0.003906
1 0.551758 0.315430 0.001953 0.001953
1 0.290039 0.315430 0.001953 0.001953
1 0.293945 0.314453 0.001953 0.003906
1 0.501953 0.314453 0.019531 0.007812
0 0.813477 0.309570 0.001953 0.001953
0 0.750977 0.311523 0.013672 0.005859
0 0.736328 0.348633 0.062500 0.080078
1 0.519531 0.312500 0.011719 0.007812
1 0.557617 0.307617 0.001953 0.001953
0 0.252930 0.307617 0.001953 0.001953
0 0.813477 0.305664 0.001953 0.001953
1 0.295898 0.305664 0.001953 0.001953
1 0.566406 0.304688 0.003906 0.003906
1 0.614258 0.301758 0.001953 0.001953
0 0.391602 0.301758 0.001953 0.001953
0 0.203125 0.311523 0.019531 0.021484
0 0.810547 0.300781 0.003906 0.003906
1 0.538086 0.305664 0.013672 0.013672
1 0.526367 0.301758 0.005859 0.005859
0 0.692383 0.297852 0.001953 0.001953
0 0.764648 0.295898 0.001953 0.001953
1 0.894531 0.291992 0.003906 0.001953
1 0.526367 0.290039 0.001953 0.001953
0 0.388672 0.293945 0.007812 0.009766
1 0.534180 0.291016 0.009766 0.007812
0 0.463867 0.288086 0.001953 0.001953
0 0.291016 0.290039 0.003906 0.005859
0 0.845703 0.287109 0.003906 0.003906
1 0.599609 0.299805 0.015625 0.029297
1 0.877930 0.284180 0.001953 0.001953
0 0.381836 0.284180 0.001953 0.001953
0 0.477539 0.282227 0.001953 0.001953
0 0.856445 0.280273 0.001953 0.001953
1 0.616211 0.340820 0.107422 0.123047
0 0.388672 0.282227 0.007812 0.005859
1 0.577148 0.296875 0.033203 0.039062
0 0.387695 0.276367 0.001953 0.001953
1 0.884766 0.326172 0.070312 0.105469
0 0.729492 0.277344 0.005859 0.007812
0 0.837891 0.272461 0.003906 0.001953
1 0.573242 0.272461 0.001953 0.001953
1 0.589844 0.271484 0.007812 0.003906
1 0.565430 0.270508 0.001953 0.001953
1 0.166992 0.270508 0.001953 0.001953
0 0.278320 0.268555 0.001953 0.001953
1 0.588867 0.266602 0.001953 0.001953
0 0.391602 0.267578 0.001953 0.003906
0 0.387695 0.266602 0.001953 0.001953
0 0.196289 0.266602 0.001953 0.001953
1 0.579102 0.266602 0.013672 0.005859
1 0.532227 0.267578 0.009766 0.007812
0 0.518555 0.272461 0.013672 0.017578
0 0.466797 0.262695 0.003906 0.001953
0 0.385742 0.260742 0.001953 0.001953
0 0.844727 0.273438 0.025391 0.031250
1 0.547852 0.258789 0.001953 0.001953
0 0.461914 0.258789 0.001953 0.001953
1 0.626953 0.256836 0.003906 0.001953
0 0.811523 0.255859 0.001953 0.003906
1 0.670898 0.258789 0.017578 0.013672
0 0.677734 0.252930 0.003906 0.005859
0 0.698242 0.249023 0.001953 0.001953
1 0.589844 0.255859 0.007812 0.015625
1 0.547852 0.251953 0.009766 0.007812
1 0.614258 0.247070 0.001953 0.001953
0 0.295898 0.247070 0.001953 0.001953
1 0.020508 0.247070 0.001953 0.001953
0 0.817383 0.241211 0.001953 0.001953
1 0.774414 0.241211 0.001953 0.001953
0 0.665039 0.241211 0.001953 0.001953
0 0.660156 0.242188 0.003906 0.003906
0 0.552734 0.243164 0.003906 0.005859
0 0.495117 0.241211 0.001953 0.001953
0 0.317383 0.241211 0.001953 0.001953
1 0.019531 0.241211 0.003906 0.001953
0 0.943359 0.240234 0.003906 0.003906
0 0.872070 0.239258 0.001953 0.001953
0 0.693359 0.243164 0.003906 0.009766
0 0.291992 0.240234 0.005859 0.007812
0 0.679688 0.244141 0.023438 0.019531
0 0.495117 0.236328 0.001953 0.003906
0 0.823242 0.233398 0.001953 0.001953
0 0.746094 0.239258 0.015625 0.013672
0 0.669922 0.233398 0.003906 0.001953
1 0.743164 0.231445 0.001953 0.001953
0 0.714844 0.231445 0.003906 0.001953
0 0.664062 0.232422 0.003906 0.003906
0 0.018555 0.231445 0.001953 0.001953
0 0.856445 0.230469 0.001953 0.003906
0 0.682617 0.229492 0.001953 0.001953
0 0.477539 0.229492 0.001953 0.001953
1 0.014648 0.229492 0.001953 0.001953
1 0.917969 0.228516 0.007812 0.003906
0 0.692383 0.228516 0.001953 0.003906
0 0.687500 0.229492 0.003906 0.005859
1 0.005859 0.227539 0.003906 0.001953
1 0.911133 0.225586 0.001953 0.001953
0 0.870117 0.231445 0.021484 0.013672
0 0.730469 0.231445 0.019531 0.013672
1 0.905273 0.223633 0.001953 0.001953
0 0.692383 0.223633 0.001953 0.001953
0 0.686523 0.223633 0.001953 0.001953
0 0.676758 0.224609 0.001953 0.003906
0 0.643555 0.223633 0.001953 0.001953
0 0.870117 0.221680 0.001953 0.001953
0 0.719727 0.221680 0.001953 0.001953
0 0.464844 0.306641 0.109375 0.171875
0 0.865234 0.219727 0.003906 0.001953
0 0.397461 0.217773 0.001953 0.001953
0 0.393555 0.219727 0.001953 0.005859
0 0.879883 0.215820 0.001953 0.001953
0 0.382812 0.226562 0.019531 0.023438
0 0.928711 0.218750 0.005859 0.011719
0 0.826172 0.216797 0.007812 0.007812
0 0.647461 0.213867 0.001953 0.001953
0 0.688477 0.211914 0.001953 0.001953
1 0.911133 0.215820 0.009766 0.013672
0 0.862305 0.209961 0.001953 0.001953
0 0.825195 0.209961 0.001953 0.001953
0 0.866211 0.208008 0.001953 0.001953
1 0.483398 0.208008 0.001953 0.001953
0 0.458008 0.208008 0.001953 0.001953
0 0.377930 0.208008 0.001953 0.001953
1 0.733398 0.208008 0.001953 0.005859
0 0.699219 0.206055 0.003906 0.001953
0 0.318359 0.212891 0.011719 0.015625
1 0.921875 0.212891 0.007812 0.019531
0 0.633789 0.205078 0.005859 0.003906
0 0.315430 0.202148 0.001953 0.001953
0 0.627930 0.201172 0.009766 0.003906
0 0.696289 0.198242 0.001953 0.001953
0 0.690430 0.199219 0.005859 0.003906
0 0.635742 0.196289 0.001953 0.001953
0 0.620117 0.196289 0.001953 0.001953
0 0.337891 0.200195 0.007812 0.009766
0 0.829102 0.194336 0.001953 0.001953
0 0.529297 0.193359 0.003906 0.003906
0 0.949219 0.194336 0.011719 0.009766
0 0.523438 0.190430 0.003906 0.001953
0 0.346680 0.188477 0.001953 0.001953
0 0.341797 0.188477 0.003906 0.001953
0 0.333984 0.188477 0.007812 0.001953
0 0.325195 0.188477 0.001953 0.001953
0 0.532227 0.186523 0.001953 0.001953
0 0.565430 0.184570 0.001953 0.001953
0 0.348633 0.184570 0.001953 0.001953
0 0.534180 0.182617 0.001953 0.001953
0 0.622070 0.178711 0.001953 0.001953
0 0.328125 0.178711 0.003906 0.001953
1 0.291992 0.178711 0.001953 0.001953
1 0.288086 0.180664 0.005859 0.005859
0 0.323242 0.176758 0.001953 0.001953
0 0.975586 0.174805 0.001953 0.001953
0 0.624023 0.174805 0.001953 0.001953
0 0.786133 0.172852 0.001953 0.005859
0 0.698242 0.168945 0.001953 0.001953
0 0.325195 0.169922 0.005859 0.003906
0 0.691406 0.166992 0.003906 0.001953
0 0.543945 0.174805 0.013672 0.017578
0 0.342773 0.174805 0.025391 0.017578
0 0.643555 0.164062 0.001953 0.003906
0 0.893555 0.161133 0.001953 0.001953
0 0.649414 0.161133 0.001953 0.001953
0 0.948242 0.159180 0.001953 0.001953
0 0.372070 0.160156 0.001953 0.003906
0 0.640625 0.157227 0.003906 0.001953
0 0.614258 0.157227 0.001953 0.001953
0 0.618164 0.156250 0.001953 0.003906
0 0.334961 0.155273 0.001953 0.001953
0 0.409180 0.149414 0.001953 0.001953
1 0.977539 0.149414 0.005859 0.005859
0 0.358398 0.145508 0.001953 0.001953
0 0.327148 0.143555 0.001953 0.001953
0 0.809570 0.141602 0.001953 0.001953
0 0.356445 0.141602 0.001953 0.001953
0 0.489258 0.139648 0.001953 0.001953
0 0.329102 0.139648 0.001953 0.001953
0 0.752930 0.131836 0.001953 0.001953
0 0.337891 0.130859 0.003906 0.003906
1 0.920898 0.128906 0.005859 0.003906
1 0.908203 0.128906 0.003906 0.003906
1 0.174805 0.127930 0.001953 0.001953
1 0.931641 0.145508 0.027344 0.041016
0 0.354492 0.125977 0.001953 0.001953
0 0.342773 0.125977 0.001953 0.001953
0 0.335938 0.122070 0.003906 0.001953
1 0.918945 0.120117 0.001953 0.001953
0 0.500000 0.121094 0.003906 0.003906
1 0.852539 0.118164 0.001953 0.001953
0 0.823242 0.114258 0.001953 0.001953
1 0.924805 0.112305 0.005859 0.005859
0 0.833008 0.109375 0.001953 0.003906
1 0.403320 0.107422 0.001953 0.003906
1 0.397461 0.106445 0.001953 0.001953
0 0.012695 0.106445 0.001953 0.001953
1 0.863281 0.104492 0.003906 0.001953
1 0.943359 0.102539 0.003906 0.001953
0 0.505859 0.100586 0.003906 0.001953
0 0.757812 0.099609 0.003906 0.003906
1 0.698242 0.097656 0.001953 0.003906
0 0.601562 0.098633 0.007812 0.005859
1 0.422852 0.096680 0.001953 0.001953
0 0.750977 0.093750 0.005859 0.003906
0 0.316406 0.092773 0.003906 0.001953
0 0.772461 0.094727 0.005859 0.009766
0 0.612305 0.090820 0.001953 0.001953
0 0.443359 0.158203 0.183594 0.136719
0 0.463867 0.090820 0.001953 0.001953
1 0.932617 0.095703 0.013672 0.015625
1 0.424805 0.088867 0.001953 0.001953
0 0.341797 0.089844 0.003906 0.003906
0 0.776367 0.086914 0.001953 0.001953
1 0.419922 0.087891 0.003906 0.003906
1 0.684570 0.083008 0.001953 0.001953
1 0.954102 0.079102 0.005859 0.005859
1 0.946289 0.080078 0.005859 0.007812
0 0.510742 0.073242 0.001953 0.001953
0 0.398438 0.077148 0.011719 0.009766
1 0.912109 0.087891 0.027344 0.035156
0 0.526367 0.071289 0.001953 0.001953
0 0.272461 0.071289 0.001953 0.001953
0 0.988281 0.069336 0.003906 0.001953
0 0.985352 0.080078 0.029297 0.027344
0 0.577148 0.068359 0.001953 0.003906
0 0.573242 0.067383 0.001953 0.001953
0 0.508789 0.069336 0.009766 0.005859
1 0.342773 0.067383 0.001953 0.001953
1 0.952148 0.065430 0.001953 0.001953
1 0.899414 0.066406 0.001953 0.003906
0 0.831055 0.065430 0.001953 0.001953
0 0.847656 0.090820 0.058594 0.052734
0 0.543945 0.065430 0.001953 0.001953
0 0.582031 0.161133 0.156250 0.197266
0 0.166992 0.061523 0.001953 0.001953
0 0.548828 0.059570 0.003906 0.001953
1 0.908203 0.060547 0.007812 0.007812
1 0.893555 0.057617 0.001953 0.001953
0 0.508789 0.060547 0.005859 0.007812
0 0.391602 0.057617 0.001953 0.001953
0 0.144531 0.058594 0.003906 0.003906
0 0.911133 0.055664 0.001953 0.001953
0 0.606445 0.053711 0.001953 0.001953
0 0.446289 0.051758 0.005859 0.005859
0 0.912109 0.051758 0.007812 0.009766
1 0.940430 0.062500 0.033203 0.042969
0 0.906250 0.041016 0.003906 0.003906
0 0.640625 0.041992 0.007812 0.005859
0 0.176758 0.040039 0.001953 0.001953
0 0.954102 0.038086 0.001953 0.001953
0 0.891602 0.038086 0.001953 0.001953
0 0.999023 0.034180 0.001953 0.001953
0 0.991211 0.034180 0.001953 0.001953
0 0.583008 0.032227 0.001953 0.001953
0 0.428711 0.032227 0.001953 0.001953
1 0.943359 0.030273 0.003906 0.001953
0 0.557617 0.050781 0.091797 0.046875
0 0.966797 0.027344 0.003906 0.003906
0 0.188477 0.026367 0.001953 0.001953
0 0.802734 0.031250 0.003906 0.015625
1 0.566406 0.025391 0.003906 0.003906
1 0.966797 0.022461 0.003906 0.001953
1 0.576172 0.022461 0.003906 0.001953
0 0.600586 0.020508 0.001953 0.001953
0 0.581055 0.020508 0.001953 0.001953
0 0.729492 0.016602 0.001953 0.001953
0 0.593750 0.017578 0.007812 0.003906
0 0.584961 0.016602 0.001953 0.001953
1 0.975586 0.014648 0.001953 0.001953
0 0.754883 0.170898 0.310547 0.318359
1 0.507812 0.023438 0.019531 0.023438
0 0.059570 0.010742 0.001953 0.001953
0 0.010742 0.012695 0.005859 0.005859
0 0.680664 0.008789 0.001953 0.001953
0 0.651367 0.006836 0.001953 0.001953
1 0.999023 0.000977 0.001953 0.001953
1 0.981445 0.000977 0.001953 0.001953
1 0.967773 0.000977 0.001953 0.001953
1 0.952148 0.016602 0.033203 0.033203
0 0.923828 0.000977 0.007812 0.001953
0 0.877930 0.000977 0.005859 0.001953
0 0.665039 0.005859 0.017578 0.011719
0 0.378906 0.041992 0.105469 0.083984
0 0.211914 0.352539 0.423828 0.705078
2 0.083008 0.983398 0.001953 0.001953
2 0.997070 0.977539 0.001953 0.001953
2 0.026367 0.974609 0.005859 0.003906
2 0.028320 0.981445 0.056641 0.037109
2 0.114258 0.958008 0.001953 0.001953
2 0.063477 0.948242 0.001953 0.001953
2 0.107422 0.949219 0.007812 0.007812
2 0.102539 0.946289 0.001953 0.001953
2 0.057617 0.940430 0.001953 0.001953
3 0.041992 0.932617 0.005859 0.005859
3 0.024414 0.930664 0.001953 0.001953
2 0.366211 0.926758 0.001953 0.001953
2 0.109375 0.922852 0.011719 0.005859
2 0.104492 0.916992 0.001953 0.001953
2 0.104492 0.913086 0.001953 0.001953
3 0.020508 0.920898 0.041016 0.033203
2 0.273438 0.900391 0.003906 0.003906
3 0.121094 0.895508 0.003906 0.001953
3 0.114258 0.898438 0.005859 0.007812
3 0.158203 0.893555 0.007812 0.013672
2 0.254883 0.883789 0.009766 0.005859
2 0.301758 0.878906 0.001953 0.003906
2 0.283203 0.875977 0.003906 0.001953
3 0.263672 0.876953 0.007812 0.003906
2 0.263672 0.868164 0.003906 0.001953
2 0.258789 0.868164 0.001953 0.001953
2 0.125977 0.932617 0.166016 0.134766
2 0.303711 0.864258 0.001953 0.001953
2 0.247070 0.862305 0.001953 0.001953
2 0.303711 0.860352 0.001953 0.001953
3 0.106445 0.860352 0.001953 0.001953
2 0.243164 0.856445 0.001953 0.001953
2 0.026367 0.868164 0.052734 0.025391
3 0.106445 0.854492 0.001953 0.001953
2 0.235352 0.852539 0.009766 0.005859
2 0.088867 0.856445 0.017578 0.013672
2 0.221680 0.847656 0.013672 0.011719
2 0.102539 0.842773 0.005859 0.005859
2 0.038086 0.845703 0.021484 0.015625
2 0.191406 0.821289 0.003906 0.001953
3 0.112305 0.819336 0.001953 0.001953
3 0.110352 0.815430 0.001953 0.001953
3 0.054688 0.809570 0.015625 0.005859
2 0.362305 0.803711 0.001953 0.001953
2 0.228516 0.801758 0.003906 0.001953
2 0.372070 0.799805 0.001953 0.001953
2 0.291992 0.768555 0.001953 0.001953
2 0.208984 0.712891 0.003906 0.003906
2 0.256836 0.774414 0.099609 0.181641
2 0.226562 0.675781 0.003906 0.003906
2 0.048828 0.659180 0.007812 0.005859
2 0.047852 0.653320 0.001953 0.001953
2 0.036133 0.640625 0.001953 0.003906
2 0.008789 0.655273 0.017578 0.033203
3 0.256836 0.633789 0.001953 0.001953
2 0.041992 0.624023 0.001953 0.001953
2 0.176758 0.596680 0.001953 0.001953
2 0.174805 0.559570 0.001953 0.001953
2 0.463867 0.556641 0.001953 0.003906
2 0.246094 0.538086 0.003906 0.005859
2 0.265625 0.530273 0.003906 0.001953
2 0.268555 0.526367 0.001953 0.001953
2 0.000977 0.525391 0.001953 0.003906
3 0.311523 0.518555 0.001953 0.001953
3 0.219727 0.517578 0.005859 0.003906
3 0.327148 0.517578 0.005859 0.007812
3 0.314453 0.513672 0.003906 0.003906
2 0.116211 0.508789 0.001953 0.001953
2 0.375000 0.500977 0.003906 0.001953
2 0.387695 0.495117 0.001953 0.001953
2 0.413086 0.493164 0.001953 0.001953
3 0.280273 0.493164 0.001953 0.001953
2 0.125977 0.493164 0.001953 0.001953
2 0.010742 0.491211 0.001953 0.001953
2 0.263672 0.488281 0.019531 0.003906
2 0.004883 0.502930 0.009766 0.037109
2 0.405273 0.483398 0.001953 0.001953
2 0.391602 0.473633 0.005859 0.005859
2 0.007812 0.476562 0.015625 0.015625
3 0.325195 0.463867 0.001953 0.001953
2 0.276367 0.416992 0.001953 0.001953
2 0.269531 0.416992 0.003906 0.005859
2 0.295898 0.414062 0.001953 0.003906
3 0.213867 0.414062 0.001953 0.003906
3 0.137695 0.413086 0.001953 0.001953
2 0.043945 0.414062 0.001953 0.003906
3 0.208008 0.407227 0.001953 0.001953
2 0.389648 0.406250 0.001953 0.003906
3 0.208008 0.403320 0.001953 0.001953
2 0.329102 0.388672 0.001953 0.003906
2 0.297852 0.387695 0.001953 0.001953
2 0.329102 0.375000 0.001953 0.007812
2 0.243164 0.370117 0.001953 0.001953
2 0.243164 0.366211 0.001953 0.001953
2 0.245117 0.362305 0.001953 0.001953
3 0.329102 0.361328 0.001953 0.003906
2 0.255859 0.361328 0.015625 0.007812
2 0.403320 0.356445 0.001953 0.001953
2 0.399414 0.356445 0.001953 0.001953
2 0.145508 0.356445 0.001953 0.001953
2 0.227539 0.350586 0.001953 0.001953
2 0.264648 0.342773 0.001953 0.001953
3 0.343750 0.348633 0.015625 0.021484
3 0.331055 0.339844 0.005859 0.007812
3 0.375977 0.311523 0.001953 0.001953
3 0.374023 0.305664 0.001953 0.001953
3 0.041992 0.297852 0.001953 0.001953
2 0.324219 0.296875 0.003906 0.003906
2 0.315430 0.295898 0.001953 0.001953
3 0.032227 0.295898 0.001953 0.001953
3 0.038086 0.291992 0.001953 0.001953
3 0.025391 0.291016 0.003906 0.003906
2 0.211914 0.288086 0.001953 0.001953
2 0.364258 0.286133 0.001953 0.001953
2 0.030273 0.361328 0.060547 0.152344
2 0.049805 0.284180 0.001953 0.001953
2 0.322266 0.284180 0.003906 0.005859
2 0.257812 0.281250 0.003906 0.003906
2 0.309570 0.278320 0.001953 0.001953
2 0.041992 0.278320 0.001953 0.001953
3 0.035156 0.279297 0.003906 0.003906
2 0.374023 0.274414 0.001953 0.001953
2 0.309570 0.274414 0.001953 0.001953
2 0.153320 0.274414 0.001953 0.001953
2 0.032227 0.273438 0.005859 0.003906
2 0.372070 0.270508 0.001953 0.001953
2 0.375977 0.269531 0.001953 0.003906
2 0.145508 0.266602 0.001953 0.001953
2 0.141602 0.266602 0.001953 0.001953
2 0.206055 0.264648 0.001953 0.001953
2 0.178711 0.264648 0.001953 0.001953
2 0.174805 0.264648 0.001953 0.001953
2 0.038086 0.264648 0.001953 0.001953
2 0.373047 0.264648 0.003906 0.005859
2 0.342773 0.266602 0.009766 0.009766
2 0.185547 0.263672 0.003906 0.007812
2 0.155273 0.261719 0.005859 0.003906
2 0.354492 0.262695 0.009766 0.009766
2 0.352539 0.249023 0.001953 0.001953
2 0.030273 0.247070 0.001953 0.001953
2 0.355469 0.246094 0.003906 0.003906
2 0.030273 0.235352 0.001953 0.001953
2 0.030273 0.224609 0.001953 0.003906
3 0.001953 0.219727 0.003906 0.005859
2 0.303711 0.215820 0.001953 0.001953
3 0.022461 0.211914 0.001953 0.001953
3 0.122070 0.202148 0.001953 0.001953
3 0.114258 0.202148 0.001953 0.001953
2 0.193359 0.228516 0.105469 0.062500
2 0.229492 0.179688 0.013672 0.015625
3 0.301758 0.170898 0.001953 0.001953
3 0.297852 0.170898 0.001953 0.001953
2 0.004883 0.168945 0.001953 0.001953
3 0.294922 0.148438 0.003906 0.003906
2 0.250977 0.158203 0.013672 0.023438
2 0.294922 0.138672 0.003906 0.003906
2 0.301758 0.137695 0.005859 0.005859
2 0.312500 0.125000 0.003906 0.003906
2 0.319336 0.122070 0.001953 0.001953
2 0.305664 0.126953 0.013672 0.015625
2 0.007812 0.105469 0.015625 0.019531
2 0.325195 0.094727 0.001953 0.001953
2 0.159180 0.088867 0.001953 0.001953
3 0.090820 0.086914 0.001953 0.001953
2 0.992188 0.082031 0.007812 0.007812
2 0.169922 0.069336 0.003906 0.001953
2 0.026367 0.067383 0.001953 0.001953
2 0.204102 0.056641 0.017578 0.003906
2 0.211914 0.051758 0.001953 0.001953
2 0.195312 0.051758 0.003906 0.001953
2 0.413086 0.045898 0.001953 0.001953
2 0.417969 0.043945 0.003906 0.001953
2 0.383789 0.048828 0.005859 0.011719
2 0.051758 0.152344 0.103516 0.230469
2 0.101562 0.034180 0.003906 0.001953
2 0.096680 0.032227 0.001953 0.001953
2 0.090820 0.033203 0.005859 0.003906
2 0.141602 0.029297 0.005859 0.003906
2 0.099609 0.027344 0.003906 0.003906
2 0.094727 0.022461 0.001953 0.005859
3 0.356445 0.014648 0.001953 0.001953
3 0.359375 0.010742 0.003906 0.001953
3 0.374023 0.003906 0.005859 0.003906
2 0.500000 0.500000 1.000000 1.000000
2 0.260742 0.006836 0.013672 0.013672
2 0.254883 0.001953 0.001953 0.003906
2 0.194336 0.099609 0.169922 0.199219
2 0.104492 0.010742 0.013672 0.021484
2 0.035156 0.044922 0.070312 0.089844