0 0.350586 0.993164 0.005859 0.001953
0 0.337891 0.993164 0.007812 0.001953
1 0.574219 0.990234 0.003906 0.003906
1 0.676758 0.988281 0.001953 0.003906
1 0.627930 0.987305 0.001953 0.001953
1 0.543945 0.983398 0.001953 0.001953
1 0.489258 0.983398 0.001953 0.005859
1 0.668945 0.985352 0.017578 0.013672
1 0.574219 0.982422 0.003906 0.007812
1 0.503906 0.976562 0.003906 0.003906
1 0.376953 0.987305 0.023438 0.025391
0 0.169922 0.986328 0.046875 0.027344
1 0.276367 0.980469 0.013672 0.019531
0 0.200195 0.973633 0.005859 0.005859
1 0.923828 0.969727 0.003906 0.001953
1 0.918945 0.969727 0.001953 0.001953
0 0.575195 0.967773 0.001953 0.001953
0 0.487305 0.968750 0.001953 0.003906
0 0.472656 0.978516 0.031250 0.023438
0 0.288086 0.967773 0.001953 0.001953
1 0.554688 0.979492 0.011719 0.029297
0 0.280273 0.968750 0.009766 0.007812
1 0.926758 0.966797 0.005859 0.007812
0 0.575195 0.963867 0.001953 0.001953
0 0.454102 0.963867 0.001953 0.001953
1 0.372070 0.961914 0.001953 0.001953
0 0.357422 0.976562 0.015625 0.031250
1 0.423828 0.961914 0.011719 0.005859
1 0.920898 0.959961 0.005859 0.005859
1 0.429688 0.957031 0.003906 0.003906
0 0.351562 0.958008 0.007812 0.009766
1 0.097656 0.958984 0.011719 0.011719
0 0.221680 0.955078 0.005859 0.007812
1 0.370117 0.946289 0.001953 0.001953
0 0.333984 0.945312 0.003906 0.003906
0 0.341797 0.940430 0.003906 0.001953
1 0.402344 0.949219 0.039062 0.023438
1 0.377930 0.938477 0.005859 0.005859
0 0.346680 0.936523 0.001953 0.001953
0 0.325195 0.938477 0.005859 0.005859
0 0.235352 0.936523 0.001953 0.001953
0 0.242188 0.935547 0.007812 0.003906
0 0.327148 0.932617 0.001953 0.001953
1 0.551758 0.932617 0.001953 0.005859
0 0.367188 0.937500 0.011719 0.015625
1 0.813477 0.929688 0.005859 0.003906
1 0.813477 0.924805 0.001953 0.001953
1 0.614258 0.924805 0.001953 0.001953
0 0.247070 0.920898 0.005859 0.001953
0 0.252930 0.918945 0.009766 0.009766
1 0.545898 0.918945 0.009766 0.017578
1 0.776367 0.910156 0.001953 0.003906
1 0.776367 0.905273 0.001953 0.001953
1 0.166992 0.905273 0.001953 0.001953
1 0.299805 0.901367 0.001953 0.001953
1 0.259766 0.899414 0.003906 0.001953
1 0.294922 0.931641 0.070312 0.074219
1 0.297852 0.895508 0.001953 0.001953
1 0.190430 0.895508 0.001953 0.001953
1 0.293945 0.891602 0.001953 0.001953
1 0.977539 0.889648 0.001953 0.001953
0 0.319336 0.892578 0.005859 0.007812
1 0.219727 0.904297 0.076172 0.046875
1 0.242188 0.879883 0.003906 0.001953
1 0.202148 0.875977 0.001953 0.001953
1 0.198242 0.875977 0.001953 0.001953
0 0.514648 0.872070 0.001953 0.001953
1 0.620117 0.902344 0.037109 0.066406
1 0.779297 0.873047 0.003906 0.015625
1 0.625000 0.854492 0.003906 0.001953
1 0.551758 0.849609 0.001953 0.003906
1 0.194336 0.860352 0.025391 0.025391
1 0.619141 0.848633 0.003906 0.005859
1 0.915039 0.844727 0.005859 0.005859
1 0.160156 0.857422 0.023438 0.031250
0 0.184570 0.837891 0.005859 0.007812
1 0.363281 0.834961 0.007812 0.005859
1 0.846680 0.832031 0.001953 0.003906
1 0.631836 0.839844 0.013672 0.019531
1 0.286133 0.831055 0.001953 0.001953
1 0.916016 0.826172 0.003906 0.003906
1 0.381836 0.825195 0.001953 0.001953
1 0.360352 0.827148 0.009766 0.005859
1 0.647461 0.823242 0.005859 0.001953
1 0.901367 0.828125 0.021484 0.023438
1 0.290039 0.817383 0.001953 0.001953
1 0.821289 0.812500 0.001953 0.003906
1 0.817383 0.809570 0.001953 0.001953
1 0.625000 0.815430 0.015625 0.017578
1 0.811523 0.810547 0.013672 0.011719
1 0.276367 0.848633 0.037109 0.087891
1 0.998047 0.806641 0.003906 0.007812
1 0.765625 0.800781 0.003906 0.003906
1 0.567383 0.803711 0.017578 0.013672
1 0.802734 0.797852 0.011719 0.005859
0 0.786133 0.796875 0.005859 0.003906
1 0.302734 0.796875 0.003906 0.003906
0 0.176758 0.810547 0.021484 0.039062
1 0.348633 0.788086 0.009766 0.005859
1 0.872070 0.782227 0.001953 0.001953
0 0.906250 0.779297 0.003906 0.003906
1 0.883789 0.784180 0.017578 0.017578
1 0.823242 0.784180 0.021484 0.017578
1 0.526367 0.778320 0.005859 0.017578
1 0.555664 0.769531 0.005859 0.003906
1 0.064453 0.779297 0.019531 0.023438
1 0.251953 0.766602 0.007812 0.009766
1 0.565430 0.760742 0.001953 0.001953
1 0.100586 0.759766 0.001953 0.003906
1 0.813477 0.764648 0.017578 0.017578
1 0.252930 0.754883 0.001953 0.001953
1 0.097656 0.755859 0.003906 0.003906
1 0.741211 0.753906 0.001953 0.003906
1 0.561523 0.756836 0.009766 0.013672
1 0.309570 0.749023 0.001953 0.001953
1 0.954102 0.747070 0.001953 0.001953
1 0.364258 0.747070 0.001953 0.001953
1 0.118164 0.765625 0.037109 0.039062
0 0.831055 0.744141 0.001953 0.003906
1 0.964844 0.735352 0.003906 0.001953
1 0.902344 0.733398 0.003906 0.005859
0 0.764648 0.729492 0.001953 0.001953
0 0.793945 0.748047 0.025391 0.042969
0 0.139648 0.735352 0.013672 0.017578
1 0.867188 0.726562 0.003906 0.003906
1 0.877930 0.726562 0.013672 0.007812
0 0.959961 0.717773 0.001953 0.001953
1 0.955078 0.729492 0.023438 0.025391
1 0.716797 0.719727 0.011719 0.009766
0 0.954102 0.713867 0.001953 0.001953
1 0.639648 0.714844 0.001953 0.003906
0 0.745117 0.711914 0.001953 0.001953
1 0.930664 0.709961 0.001953 0.001953
1 0.737305 0.709961 0.001953 0.001953
1 0.934570 0.712891 0.009766 0.011719
1 0.878906 0.712891 0.015625 0.015625
1 0.717773 0.702148 0.001953 0.001953
1 0.417969 0.702148 0.003906 0.001953
1 0.710938 0.700195 0.003906 0.001953
1 0.416016 0.697266 0.003906 0.003906
1 0.734375 0.707031 0.042969 0.027344
1 0.696289 0.696289 0.001953 0.005859
1 0.673828 0.699219 0.039062 0.019531
0 0.860352 0.686523 0.001953 0.001953
1 0.752930 0.688477 0.005859 0.005859
0 0.825195 0.708008 0.044922 0.048828
1 0.774414 0.684570 0.001953 0.001953
1 0.930664 0.689453 0.009766 0.019531
1 0.898438 0.692383 0.027344 0.025391
1 0.786133 0.682617 0.013672 0.005859
1 0.917969 0.682617 0.007812 0.009766
1 0.911133 0.680664 0.001953 0.005859
1 0.947266 0.683594 0.019531 0.019531
1 0.913086 0.674805 0.001953 0.001953
0 0.154297 0.672852 0.003906 0.001953
0 0.145508 0.673828 0.001953 0.003906
1 0.379883 0.671875 0.001953 0.003906
1 0.256836 0.678711 0.025391 0.017578
1 0.771484 0.669922 0.003906 0.003906
1 0.240234 0.672852 0.007812 0.009766
1 0.916992 0.670898 0.009766 0.009766
0 0.904297 0.667969 0.003906 0.007812
1 0.791992 0.665039 0.001953 0.001953
0 0.737305 0.649414 0.001953 0.001953
0 0.946289 0.645508 0.017578 0.017578
0 0.177734 0.708008 0.089844 0.142578
0 0.155273 0.636719 0.005859 0.003906
1 0.706055 0.639648 0.013672 0.013672
0 0.159180 0.625977 0.001953 0.001953
1 0.353516 0.683594 0.152344 0.140625
1 0.438477 0.604492 0.001953 0.001953
1 0.172852 0.599609 0.001953 0.007812
0 0.983398 0.623047 0.033203 0.058594
0 0.937500 0.586914 0.003906 0.001953
1 0.622070 0.583984 0.001953 0.003906
1 0.623047 0.575195 0.011719 0.017578
1 0.583008 0.565430 0.001953 0.001953
0 0.934570 0.576172 0.025391 0.039062
0 0.930664 0.555664 0.001953 0.001953
1 0.753906 0.552734 0.003906 0.003906
0 0.924805 0.552734 0.005859 0.015625
1 0.754883 0.543945 0.001953 0.001953
1 0.690430 0.553711 0.021484 0.025391
1 0.620117 0.544922 0.005859 0.011719
1 0.624023 0.528320 0.001953 0.001953
1 0.152344 0.575195 0.042969 0.099609
1 0.619141 0.530273 0.003906 0.013672
0 0.133789 0.524414 0.001953 0.001953
1 0.381836 0.511719 0.001953 0.003906
1 0.373047 0.513672 0.011719 0.007812
1 0.374023 0.504883 0.001953 0.001953
0 0.998047 0.502930 0.003906 0.001953
1 0.994141 0.489258 0.011719 0.017578
1 0.971680 0.477539 0.001953 0.001953
1 0.704102 0.459961 0.001953 0.001953
1 0.150391 0.462891 0.007812 0.011719
1 0.147461 0.454102 0.001953 0.001953
0 0.058594 0.448242 0.007812 0.005859
1 0.032227 0.420898 0.001953 0.001953
1 0.028320 0.407227 0.001953 0.001953
1 0.047852 0.423828 0.041016 0.039062
1 0.606445 0.403320 0.001953 0.001953
1 0.122070 0.404297 0.005859 0.003906
1 0.616211 0.402344 0.013672 0.011719
1 0.012695 0.410156 0.025391 0.027344
1 0.028320 0.396484 0.029297 0.011719
1 0.041992 0.390625 0.005859 0.003906
1 0.038086 0.385742 0.001953 0.001953
1 0.043945 0.383789 0.001953 0.001953
1 0.665039 0.385742 0.009766 0.009766
1 0.670898 0.379883 0.001953 0.001953
1 0.145508 0.379883 0.001953 0.001953
1 0.154297 0.378906 0.007812 0.003906
1 0.150391 0.375000 0.003906 0.003906
1 0.671875 0.372070 0.007812 0.009766
1 0.123047 0.368164 0.023438 0.025391
1 0.116211 0.355469 0.001953 0.003906
1 0.293945 0.350586 0.001953 0.001953
1 0.204102 0.338867 0.001953 0.001953
1 0.141602 0.336914 0.001953 0.001953
1 0.450195 0.334961 0.001953 0.001953
1 0.453125 0.336914 0.003906 0.009766
1 0.155273 0.334961 0.001953 0.005859
1 0.138672 0.333008 0.007812 0.001953
1 0.150391 0.331055 0.003906 0.005859
1 0.127930 0.329102 0.001953 0.001953
1 0.010742 0.325195 0.001953 0.001953
1 0.143555 0.328125 0.009766 0.011719
1 0.066406 0.323242 0.003906 0.001953
1 0.209961 0.327148 0.017578 0.017578
1 0.206055 0.319336 0.001953 0.001953
1 0.202148 0.319336 0.001953 0.001953
1 0.192383 0.321289 0.005859 0.005859
1 0.040039 0.319336 0.001953 0.001953
1 0.028320 0.319336 0.001953 0.005859
1 0.569336 0.305664 0.001953 0.001953
0 0.602539 0.308594 0.025391 0.011719
1 0.022461 0.314453 0.005859 0.023438
1 0.208008 0.301758 0.009766 0.009766
1 0.208008 0.293945 0.001953 0.001953
1 0.190430 0.293945 0.001953 0.001953
0 0.620117 0.297852 0.005859 0.013672
1 0.301758 0.291992 0.001953 0.001953
1 0.185547 0.292969 0.003906 0.003906
1 0.567383 0.296875 0.017578 0.019531
1 0.509766 0.268555 0.003906 0.001953
1 0.627930 0.262695 0.001953 0.001953
1 0.434570 0.262695 0.001953 0.001953
1 0.430664 0.260742 0.001953 0.001953
1 0.432617 0.255859 0.005859 0.003906
1 0.075195 0.254883 0.005859 0.001953
1 0.471680 0.249023 0.001953 0.001953
1 0.633789 0.256836 0.021484 0.033203
1 0.627930 0.237305 0.001953 0.001953
1 0.653320 0.225586 0.001953 0.001953
1 0.602539 0.225586 0.001953 0.001953
1 0.657227 0.223633 0.001953 0.001953
1 0.348633 0.248047 0.052734 0.050781
1 0.568359 0.227539 0.011719 0.017578
1 0.712891 0.220703 0.003906 0.007812
1 0.657227 0.217773 0.001953 0.001953
1 0.465820 0.235352 0.021484 0.037109
1 0.608398 0.219727 0.009766 0.009766
1 0.600586 0.215820 0.001953 0.001953
1 0.582031 0.216797 0.003906 0.003906
1 0.652344 0.215820 0.003906 0.005859
1 0.464844 0.213867 0.003906 0.001953
1 0.610352 0.212891 0.001953 0.003906
1 0.472656 0.212891 0.003906 0.007812
1 0.411133 0.212891 0.013672 0.011719
1 0.386719 0.203125 0.003906 0.007812
1 0.530273 0.196289 0.001953 0.001953
1 0.508789 0.196289 0.001953 0.001953
1 0.405273 0.188477 0.001953 0.001953
1 0.493164 0.189453 0.005859 0.007812
1 0.405273 0.184570 0.001953 0.001953
1 0.395508 0.187500 0.009766 0.015625
1 0.522461 0.179688 0.005859 0.011719
1 0.400391 0.172852 0.007812 0.017578
1 0.625977 0.161133 0.001953 0.001953
1 0.619141 0.161133 0.003906 0.001953
1 0.582031 0.158203 0.003906 0.003906
1 0.605469 0.157227 0.019531 0.009766
1 0.569336 0.152344 0.017578 0.015625
1 0.934570 0.147461 0.005859 0.013672
1 0.930664 0.139648 0.001953 0.001953
1 0.941406 0.141602 0.011719 0.013672
1 0.931641 0.128906 0.003906 0.003906
1 0.450195 0.135742 0.013672 0.017578
1 0.245117 0.115234 0.005859 0.003906
0 0.628906 0.102539 0.003906 0.005859
1 0.666016 0.096680 0.003906 0.001953
1 0.667969 0.091797 0.003906 0.003906
1 0.235352 0.100586 0.017578 0.021484
1 0.523438 0.088867 0.003906 0.001953
1 0.223633 0.086914 0.001953 0.001953
1 0.522461 0.084961 0.001953 0.001953
1 0.762695 0.083008 0.001953 0.001953
1 0.766602 0.083008 0.001953 0.005859
1 0.610352 0.077148 0.001953 0.001953
1 0.577148 0.077148 0.001953 0.001953
1 0.576172 0.091797 0.062500 0.035156
1 0.225586 0.075195 0.001953 0.001953
0 0.723633 0.067383 0.001953 0.001953
0 0.706055 0.067383 0.001953 0.001953
0 0.694336 0.067383 0.001953 0.001953
1 0.572266 0.068359 0.007812 0.003906
1 0.949219 0.068359 0.007812 0.007812
1 0.567383 0.065430 0.001953 0.001953
0 0.681641 0.064453 0.003906 0.003906
1 0.235352 0.063477 0.001953 0.001953
1 0.569336 0.061523 0.001953 0.001953
1 0.555664 0.069336 0.017578 0.017578
1 0.561523 0.057617 0.001953 0.001953
1 0.190430 0.055664 0.001953 0.001953
1 0.777344 0.057617 0.007812 0.013672
0 0.691406 0.050781 0.003906 0.003906
1 0.235352 0.051758 0.009766 0.009766
0 0.705078 0.054688 0.011719 0.019531
1 0.243164 0.045898 0.001953 0.001953
1 0.233398 0.045898 0.001953 0.001953
0 0.688477 0.044922 0.005859 0.003906
1 0.061523 0.042969 0.025391 0.015625
1 0.061523 0.032227 0.001953 0.001953
1 0.893555 0.004883 0.025391 0.009766
1 0.780273 0.001953 0.005859 0.003906
3 0.380859 0.998047 0.003906 0.003906
3 0.375000 0.995117 0.003906 0.001953
3 0.991211 0.641602 0.001953 0.001953
2 0.999023 0.614258 0.001953 0.001953
3 0.001953 0.414062 0.003906 0.003906
3 0.500000 0.500000 1.000000 1.000000