0 0.085938 0.999023 0.003906 0.001953
0 0.685547 0.997070 0.003906 0.005859
0 0.098633 0.991211 0.001953 0.001953
0 0.868164 0.983398 0.001953 0.001953
1 0.751953 0.991211 0.023438 0.017578
0 0.849609 0.988281 0.031250 0.023438
0 0.803711 0.975586 0.001953 0.001953
0 0.014648 0.975586 0.001953 0.001953
0 0.837891 0.974609 0.003906 0.003906
1 0.293945 0.967773 0.001953 0.001953
0 0.151367 0.970703 0.009766 0.007812
0 0.891602 0.966797 0.005859 0.003906
0 0.848633 0.965820 0.001953 0.001953
0 0.860352 0.963867 0.005859 0.001953
0 0.854492 0.963867 0.001953 0.001953
0 0.793945 0.974609 0.037109 0.027344
1 0.709961 0.980469 0.048828 0.039062
0 0.030273 0.969727 0.017578 0.017578
0 0.012695 0.961914 0.001953 0.001953
0 0.810547 0.959961 0.003906 0.001953
0 0.123047 0.971680 0.042969 0.056641
0 0.838867 0.942383 0.001953 0.001953
0 0.887695 0.932617 0.001953 0.001953
0 0.878906 0.931641 0.003906 0.003906
0 0.168945 0.945312 0.021484 0.035156
1 0.102539 0.928711 0.001953 0.001953
0 0.883789 0.923828 0.013672 0.003906
0 0.186523 0.923828 0.001953 0.003906
1 0.271484 0.958984 0.054688 0.082031
1 0.247070 0.913086 0.001953 0.001953
1 0.243164 0.913086 0.001953 0.001953
0 0.233398 0.911133 0.001953 0.001953
1 0.093750 0.917969 0.027344 0.015625
1 0.077148 0.911133 0.005859 0.005859
1 0.085938 0.906250 0.007812 0.003906
1 0.079102 0.905273 0.001953 0.001953
1 0.883789 0.885742 0.001953 0.001953
0 0.037109 0.886719 0.003906 0.003906
0 0.035156 0.876953 0.003906 0.003906
0 0.040039 0.874023 0.001953 0.001953
0 0.036133 0.870117 0.001953 0.001953
0 0.040039 0.868164 0.001953 0.001953
0 0.034180 0.866211 0.001953 0.001953
1 0.866211 0.865234 0.001953 0.003906
1 0.866211 0.860352 0.001953 0.001953
0 0.039062 0.858398 0.003906 0.001953
0 0.311523 0.843750 0.001953 0.003906
0 0.299805 0.841797 0.017578 0.027344
0 0.299805 0.829102 0.001953 0.001953
0 0.313477 0.822266 0.001953 0.003906
0 0.288086 0.829102 0.017578 0.017578
0 0.369141 0.817383 0.003906 0.001953
0 0.379883 0.811523 0.001953 0.001953
0 0.096680 0.809570 0.001953 0.001953
0 0.084961 0.805664 0.001953 0.001953
0 0.088867 0.803711 0.001953 0.001953
0 0.025391 0.805664 0.007812 0.005859
1 0.003906 0.806641 0.007812 0.007812
0 0.084961 0.800781 0.001953 0.003906
0 0.988281 0.816406 0.023438 0.046875
0 0.083984 0.793945 0.003906 0.001953
1 0.871094 0.791992 0.007812 0.005859
0 0.409180 0.786133 0.001953 0.001953
0 0.889648 0.778320 0.001953 0.001953
0 0.100586 0.791992 0.025391 0.029297
0 0.909180 0.777344 0.001953 0.003906
0 0.920898 0.772461 0.001953 0.001953
0 0.914062 0.771484 0.003906 0.003906
0 0.881836 0.770508 0.001953 0.001953
0 0.260742 0.780273 0.017578 0.021484
0 0.986328 0.770508 0.015625 0.005859
0 0.417969 0.773438 0.011719 0.011719
0 0.301758 0.784180 0.025391 0.033203
0 0.879883 0.780273 0.021484 0.033203
0 0.433594 0.785156 0.035156 0.042969
0 0.961914 0.764648 0.009766 0.009766
0 0.975586 0.758789 0.001953 0.001953
0 0.420898 0.758789 0.001953 0.001953
0 0.414062 0.762695 0.003906 0.009766
0 0.969727 0.756836 0.001953 0.001953
0 0.939453 0.752930 0.003906 0.001953
0 0.317383 0.753906 0.001953 0.003906
0 0.442383 0.754883 0.009766 0.009766
0 0.528320 0.749023 0.001953 0.001953
0 0.413086 0.749023 0.001953 0.001953
0 0.433594 0.747070 0.003906 0.001953
0 0.422852 0.737305 0.001953 0.001953
0 0.943359 0.739258 0.011719 0.009766
0 0.428711 0.735352 0.001953 0.001953
0 0.929688 0.793945 0.050781 0.126953
0 0.458008 0.731445 0.001953 0.001953
0 0.426758 0.731445 0.001953 0.001953
0 0.436523 0.731445 0.005859 0.005859
0 0.953125 0.728516 0.003906 0.003906
0 0.945312 0.728516 0.007812 0.003906
0 0.934570 0.727539 0.005859 0.001953
0 0.928711 0.727539 0.001953 0.001953
0 0.439453 0.726562 0.007812 0.003906
0 0.536133 0.715820 0.001953 0.001953
0 0.527344 0.730469 0.019531 0.031250
0 0.946289 0.715820 0.001953 0.005859
0 0.426758 0.717773 0.005859 0.009766
0 0.426758 0.709961 0.001953 0.001953
0 0.527344 0.708984 0.003906 0.003906
0 0.422852 0.708008 0.001953 0.001953
0 0.784180 0.701172 0.005859 0.003906
0 0.778320 0.700195 0.001953 0.001953
0 0.770508 0.700195 0.001953 0.001953
0 0.283203 0.701172 0.003906 0.003906
0 0.973633 0.714844 0.033203 0.035156
0 0.919922 0.697266 0.011719 0.011719
0 0.844727 0.692383 0.005859 0.001953
0 0.769531 0.691406 0.003906 0.003906
0 0.891602 0.708008 0.044922 0.041016
0 0.845703 0.687500 0.003906 0.003906
0 0.351562 0.749023 0.140625 0.130859
0 0.400391 0.686523 0.015625 0.009766
0 0.389648 0.682617 0.001953 0.001953
0 0.846680 0.680664 0.001953 0.001953
0 0.600586 0.674805 0.001953 0.001953
0 0.594727 0.674805 0.001953 0.001953
0 0.573242 0.674805 0.001953 0.001953
0 0.779297 0.670898 0.003906 0.001953
0 0.750977 0.669922 0.001953 0.003906
0 0.747070 0.668945 0.001953 0.001953
1 0.778320 0.665039 0.001953 0.001953
0 0.756836 0.666016 0.005859 0.003906
0 0.749023 0.662109 0.005859 0.003906
0 0.741211 0.661133 0.001953 0.001953
0 0.647461 0.653320 0.001953 0.001953
0 0.358398 0.653320 0.001953 0.001953
1 0.874023 0.652344 0.009766 0.007812
0 0.648438 0.649414 0.003906 0.001953
0 0.659180 0.645508 0.001953 0.001953
1 0.846680 0.641602 0.001953 0.001953
0 0.793945 0.641602 0.001953 0.001953
0 0.786133 0.641602 0.005859 0.001953
0 0.557617 0.639648 0.001953 0.001953
0 0.568359 0.637695 0.003906 0.001953
1 0.887695 0.638672 0.005859 0.007812
1 0.947266 0.653320 0.031250 0.044922
1 0.380859 0.630859 0.003906 0.003906
1 0.936523 0.627930 0.001953 0.001953
0 0.875000 0.625000 0.007812 0.007812
1 0.754883 0.621094 0.001953 0.003906
1 0.856445 0.614258 0.001953 0.001953
0 0.776367 0.614258 0.001953 0.001953
1 0.838867 0.615234 0.005859 0.011719
0 0.777344 0.610352 0.003906 0.001953
1 0.342773 0.606445 0.001953 0.001953
0 0.775391 0.604492 0.003906 0.001953
0 0.361328 0.630859 0.035156 0.054688
1 0.900391 0.603516 0.023438 0.011719
1 0.852539 0.604492 0.013672 0.013672
0 0.875977 0.596680 0.001953 0.001953
1 0.897461 0.594727 0.001953 0.001953
0 0.590820 0.590820 0.001953 0.001953
0 0.442383 0.588867 0.001953 0.001953
1 0.321289 0.588867 0.001953 0.001953
0 0.422852 0.583008 0.001953 0.001953
1 0.343750 0.599609 0.027344 0.035156
1 0.869141 0.582031 0.007812 0.003906
1 0.314453 0.585938 0.007812 0.011719
1 0.595703 0.581055 0.007812 0.005859
0 0.301758 0.580078 0.001953 0.003906
1 0.309570 0.577148 0.001953 0.001953
0 0.657227 0.575195 0.001953 0.001953
0 0.526367 0.575195 0.001953 0.001953
1 0.315430 0.577148 0.005859 0.005859
1 0.833008 0.571289 0.001953 0.001953
0 0.604492 0.571289 0.001953 0.001953
0 0.324219 0.572266 0.003906 0.007812
0 0.317383 0.571289 0.005859 0.005859
0 0.344727 0.567383 0.001953 0.001953
0 0.341797 0.572266 0.007812 0.015625
1 0.948242 0.570312 0.009766 0.019531
0 0.000977 0.562500 0.001953 0.003906
1 0.999023 0.559570 0.001953 0.001953
0 0.718750 0.554688 0.003906 0.003906
0 0.393555 0.554688 0.001953 0.003906
1 0.959961 0.554688 0.005859 0.007812
1 0.956055 0.551758 0.001953 0.001953
1 0.959961 0.547852 0.001953 0.001953
0 0.456055 0.653320 0.208984 0.212891
0 0.278320 0.545898 0.001953 0.001953
0 0.623047 0.610352 0.113281 0.138672
1 0.840820 0.540039 0.001953 0.001953
0 0.397461 0.536133 0.001953 0.001953
0 0.298828 0.538086 0.007812 0.005859
1 0.290039 0.536133 0.005859 0.005859
1 0.004883 0.534180 0.005859 0.001953
1 0.292969 0.533203 0.003906 0.003906
1 0.009766 0.530273 0.003906 0.001953
1 0.004883 0.530273 0.001953 0.001953
0 0.657227 0.526367 0.001953 0.001953
0 0.089844 0.555664 0.039062 0.060547
0 0.088867 0.526367 0.009766 0.001953
1 0.928711 0.524414 0.001953 0.001953
1 0.002930 0.524414 0.001953 0.001953
0 0.681641 0.522461 0.003906 0.001953
0 0.410156 0.533203 0.019531 0.023438
1 0.071289 0.523438 0.001953 0.003906
1 0.020508 0.522461 0.001953 0.001953
1 0.024414 0.520508 0.001953 0.001953
1 0.733398 0.518555 0.001953 0.001953
1 0.727539 0.518555 0.001953 0.001953
1 0.098633 0.519531 0.009766 0.003906
1 0.059570 0.514648 0.001953 0.001953
1 0.051758 0.512695 0.001953 0.001953
0 0.248047 0.526367 0.039062 0.033203
1 0.731445 0.508789 0.001953 0.001953
0 0.661133 0.515625 0.013672 0.015625
1 0.114258 0.509766 0.009766 0.003906
1 0.067383 0.508789 0.001953 0.001953
1 0.106445 0.506836 0.001953 0.001953
0 0.216797 0.512695 0.023438 0.017578
1 0.022461 0.507812 0.005859 0.007812
1 0.738281 0.508789 0.007812 0.013672
0 0.014648 0.503906 0.005859 0.003906
0 0.273438 0.500977 0.003906 0.001953
0 0.182617 0.500977 0.001953 0.001953
1 0.983398 0.495117 0.001953 0.001953
0 0.643555 0.495117 0.001953 0.001953
0 0.921875 0.498047 0.007812 0.011719
0 0.964844 0.503906 0.027344 0.035156
1 0.602539 0.488281 0.009766 0.003906
0 0.281250 0.491211 0.011719 0.013672
1 0.991211 0.479492 0.001953 0.001953
0 0.602539 0.479492 0.001953 0.001953
1 0.984375 0.480469 0.007812 0.007812
0 0.762695 0.721680 0.220703 0.490234
0 0.817383 0.474609 0.005859 0.003906
0 0.561523 0.471680 0.033203 0.017578
0 0.641602 0.458008 0.001953 0.001953
0 0.656250 0.454102 0.003906 0.001953
1 0.753906 0.455078 0.003906 0.007812
0 0.651367 0.453125 0.001953 0.003906
0 0.364258 0.459961 0.025391 0.025391
1 0.749023 0.446289 0.001953 0.001953
0 0.676758 0.450195 0.013672 0.009766
0 0.227539 0.444336 0.001953 0.001953
0 0.381836 0.442383 0.005859 0.005859
0 0.672852 0.496094 0.158203 0.121094
0 0.655273 0.436523 0.001953 0.001953
1 0.678711 0.433594 0.001953 0.003906
0 0.221680 0.432617 0.001953 0.001953
0 0.672852 0.431641 0.005859 0.003906
1 0.889648 0.434570 0.009766 0.013672
0 0.973633 0.424805 0.001953 0.001953
1 0.688477 0.424805 0.009766 0.005859
0 0.305664 0.422852 0.001953 0.001953
0 0.974609 0.420898 0.003906 0.001953
0 0.327148 0.422852 0.005859 0.005859
0 0.313477 0.418945 0.001953 0.001953
0 0.391602 0.415039 0.001953 0.001953
1 0.981445 0.415039 0.001953 0.005859
1 0.792969 0.414062 0.003906 0.003906
0 0.450195 0.413086 0.001953 0.001953
1 0.990234 0.423828 0.019531 0.027344
1 0.794922 0.409180 0.003906 0.001953
1 0.775391 0.429688 0.031250 0.046875
0 0.275391 0.420898 0.042969 0.033203
0 0.333984 0.412109 0.011719 0.019531
0 0.284180 0.401367 0.001953 0.001953
1 0.899414 0.412109 0.021484 0.031250
0 0.415039 0.413086 0.009766 0.033203
0 0.325195 0.398438 0.001953 0.003906
0 0.827148 0.395508 0.001953 0.001953
1 0.708008 0.394531 0.001953 0.003906
0 0.296875 0.402344 0.011719 0.019531
0 0.285156 0.393555 0.007812 0.001953
0 0.997070 0.399414 0.005859 0.017578
1 0.792969 0.393555 0.003906 0.005859
0 0.702148 0.389648 0.001953 0.001953
1 0.877930 0.386719 0.001953 0.003906
0 0.465820 0.391602 0.025391 0.013672
0 0.311523 0.385742 0.001953 0.001953
0 0.309570 0.389648 0.005859 0.009766
0 0.303711 0.385742 0.001953 0.001953
0 0.999023 0.383789 0.001953 0.001953
1 0.728516 0.403320 0.035156 0.044922
1 0.256836 0.388672 0.013672 0.015625
0 0.881836 0.375977 0.001953 0.001953
1 0.748047 0.375977 0.003906 0.001953
0 0.494141 0.375977 0.007812 0.001953
1 0.743164 0.372070 0.001953 0.001953
0 0.598633 0.366211 0.001953 0.001953
0 0.881836 0.369141 0.009766 0.011719
0 0.404297 0.365234 0.003906 0.003906
0 0.814453 0.378906 0.035156 0.035156
0 0.602539 0.362305 0.001953 0.001953
0 0.441406 0.388672 0.042969 0.062500
0 0.397461 0.361328 0.005859 0.007812
0 0.684570 0.357422 0.001953 0.003906
0 0.680664 0.356445 0.001953 0.001953
1 0.752930 0.351562 0.001953 0.003906
0 0.614258 0.359375 0.017578 0.019531
0 0.987305 0.348633 0.001953 0.001953
0 0.778320 0.352539 0.009766 0.009766
0 0.460938 0.350586 0.003906 0.009766
0 0.609375 0.344727 0.003906 0.001953
1 0.883789 0.340820 0.001953 0.001953
0 0.756836 0.336914 0.001953 0.001953
0 0.516602 0.338867 0.005859 0.005859
0 0.350586 0.336914 0.001953 0.001953
0 0.631836 0.333984 0.001953 0.003906
0 0.305664 0.333984 0.001953 0.003906
0 0.481445 0.336914 0.056641 0.013672
0 0.663086 0.363281 0.083984 0.070312
0 0.311523 0.325195 0.001953 0.001953
0 0.467773 0.315430 0.001953 0.001953
1 0.829102 0.311523 0.001953 0.001953
1 0.040039 0.309570 0.001953 0.001953
0 0.843750 0.302734 0.003906 0.003906
0 0.493164 0.301758 0.005859 0.001953
0 0.444336 0.301758 0.001953 0.001953
1 0.965820 0.299805 0.001953 0.001953
0 0.454102 0.299805 0.005859 0.009766
0 0.441406 0.296875 0.007812 0.007812
0 0.321289 0.293945 0.001953 0.001953
1 0.969727 0.291992 0.009766 0.009766
1 0.820312 0.297852 0.027344 0.021484
0 0.667969 0.293945 0.007812 0.013672
0 0.999023 0.284180 0.001953 0.001953
0 0.457031 0.285156 0.003906 0.003906
0 0.987305 0.282227 0.009766 0.005859
0 0.483398 0.285156 0.013672 0.011719
0 0.479492 0.280273 0.001953 0.001953
0 0.735352 0.276367 0.001953 0.001953
0 0.723633 0.276367 0.001953 0.001953
0 0.460938 0.272461 0.003906 0.001953
0 0.724609 0.270508 0.003906 0.001953
0 0.456055 0.271484 0.001953 0.003906
0 0.731445 0.266602 0.001953 0.009766
0 0.675781 0.263672 0.003906 0.003906
0 0.625000 0.259766 0.003906 0.003906
1 0.725586 0.254883 0.005859 0.005859
0 0.625977 0.252930 0.001953 0.001953
0 0.278320 0.251953 0.001953 0.003906
1 0.847656 0.247070 0.003906 0.001953
0 0.327148 0.248047 0.001953 0.003906
0 0.609375 0.249023 0.023438 0.009766
1 0.594727 0.245117 0.001953 0.001953
0 0.105469 0.245117 0.003906 0.001953
0 0.600586 0.243164 0.001953 0.001953
1 0.590820 0.243164 0.001953 0.001953
0 0.555664 0.243164 0.005859 0.001953
0 0.606445 0.240234 0.001953 0.003906
1 0.564453 0.241211 0.007812 0.005859
0 0.215820 0.239258 0.001953 0.001953
0 0.360352 0.235352 0.001953 0.001953
0 0.292969 0.244141 0.019531 0.019531
1 0.715820 0.235352 0.005859 0.005859
0 0.370117 0.242188 0.025391 0.023438
1 0.570312 0.231445 0.003906 0.005859
1 0.973633 0.227539 0.001953 0.001953
0 0.949219 0.227539 0.007812 0.005859
0 0.303711 0.230469 0.009766 0.011719
0 0.208008 0.223633 0.001953 0.001953
0 0.950195 0.221680 0.001953 0.001953
0 0.061523 0.221680 0.001953 0.001953
0 0.397461 0.219727 0.001953 0.001953
0 0.575195 0.216797 0.001953 0.003906
0 0.940430 0.217773 0.013672 0.013672
0 0.479492 0.210938 0.001953 0.003906
0 0.469727 0.215820 0.013672 0.013672
0 0.218750 0.210938 0.003906 0.003906
0 0.185547 0.211914 0.003906 0.005859
0 0.155273 0.208008 0.001953 0.001953
0 0.506836 0.208984 0.005859 0.007812
0 0.469727 0.206055 0.001953 0.001953
0 0.512695 0.204102 0.001953 0.001953
0 0.180664 0.204102 0.001953 0.001953
1 0.842773 0.202148 0.001953 0.001953
0 0.693359 0.202148 0.003906 0.005859
0 0.398438 0.200195 0.003906 0.001953
0 0.409180 0.205078 0.029297 0.031250
0 0.750977 0.180664 0.001953 0.001953
0 0.443359 0.175781 0.003906 0.003906
0 0.438477 0.172852 0.001953 0.001953
0 0.158203 0.188477 0.031250 0.033203
0 0.776367 0.170898 0.001953 0.001953
0 0.434570 0.169922 0.009766 0.003906
0 0.237305 0.189453 0.033203 0.046875
0 0.131836 0.165039 0.001953 0.001953
0 0.112305 0.159180 0.001953 0.001953
0 0.129883 0.158203 0.001953 0.003906
0 0.161133 0.162109 0.013672 0.015625
0 0.427734 0.151367 0.003906 0.001953
0 0.466797 0.166016 0.050781 0.035156
0 0.147461 0.151367 0.001953 0.005859
0 0.426758 0.143555 0.001953 0.001953
0 0.744141 0.137695 0.007812 0.009766
0 0.425781 0.135742 0.003906 0.005859
0 0.417969 0.137695 0.011719 0.013672
0 0.740234 0.129883 0.003906 0.001953
0 0.218750 0.122070 0.003906 0.001953
0 0.849609 0.160156 0.050781 0.085938
0 0.217773 0.110352 0.001953 0.001953
0 0.221680 0.108398 0.001953 0.001953
0 0.112305 0.103516 0.001953 0.003906
0 0.238281 0.102539 0.003906 0.005859
0 0.217773 0.098633 0.001953 0.001953
0 0.224609 0.101562 0.011719 0.011719
1 0.849609 0.095703 0.003906 0.003906
0 0.992188 0.104492 0.015625 0.037109
0 0.761719 0.087891 0.003906 0.007812
0 0.740234 0.104492 0.046875 0.041016
0 0.313477 0.083008 0.001953 0.001953
0 0.856445 0.067383 0.001953 0.001953
1 0.985352 0.063477 0.001953 0.001953
1 0.986328 0.058594 0.003906 0.003906
0 0.954102 0.046875 0.001953 0.003906
0 0.975586 0.044922 0.005859 0.007812
0 0.953125 0.039062 0.003906 0.003906
0 0.956055 0.036133 0.001953 0.001953
0 0.985352 0.028320 0.001953 0.001953
1 0.992188 0.041992 0.015625 0.033203
0 0.122070 0.016602 0.001953 0.001953
0 0.768555 0.199219 0.462891 0.375000
1 0.957031 0.013672 0.007812 0.007812
0 0.883789 0.004883 0.001953 0.001953
0 0.909180 0.015625 0.048828 0.031250
0 0.140625 0.053711 0.085938 0.107422
0 0.174805 0.264648 0.349609 0.529297
3 0.836914 0.999023 0.001953 0.001953
3 0.760742 0.999023 0.001953 0.001953
3 0.726562 0.999023 0.003906 0.001953
2 0.110352 0.988281 0.001953 0.003906
2 0.125977 0.973633 0.001953 0.001953
3 0.131836 0.952148 0.001953 0.001953
3 0.000977 0.807617 0.001953 0.001953
3 0.053711 0.506836 0.001953 0.001953
2 0.047852 0.487305 0.001953 0.001953
3 0.145508 0.463867 0.009766 0.009766
2 0.082031 0.446289 0.003906 0.005859
3 0.993164 0.424805 0.001953 0.001953
2 0.194336 0.422852 0.001953 0.001953
3 0.995117 0.420898 0.001953 0.001953
2 0.174805 0.420898 0.001953 0.001953
2 0.005859 0.417969 0.003906 0.003906
2 0.011719 0.416016 0.011719 0.007812
3 0.000977 0.412109 0.001953 0.003906
3 0.012695 0.393555 0.005859 0.001953
3 0.245117 0.389648 0.001953 0.001953
2 0.212891 0.375977 0.003906 0.005859
2 0.957031 0.372070 0.003906 0.001953
2 0.161133 0.372070 0.001953 0.001953
2 0.125000 0.370117 0.003906 0.001953
2 0.087891 0.419922 0.171875 0.109375
3 0.164062 0.357422 0.015625 0.011719
3 0.985352 0.340820 0.001953 0.001953
3 0.225586 0.340820 0.001953 0.001953
3 0.209961 0.348633 0.025391 0.021484
3 0.982422 0.333984 0.003906 0.003906
2 0.770508 0.335938 0.005859 0.011719
3 0.055664 0.314453 0.009766 0.003906
2 0.049805 0.307617 0.001953 0.001953
2 0.712891 0.307617 0.011719 0.005859
3 0.776367 0.305664 0.005859 0.005859
3 0.022461 0.315430 0.044922 0.029297
3 0.772461 0.298828 0.005859 0.003906
2 0.147461 0.298828 0.013672 0.007812
3 0.699219 0.295898 0.003906 0.005859
2 0.121094 0.292969 0.023438 0.003906
2 0.101562 0.293945 0.003906 0.005859
2 0.157227 0.283203 0.005859 0.003906
2 0.233398 0.280273 0.001953 0.001953
2 0.234375 0.276367 0.003906 0.001953
2 0.167969 0.274414 0.003906 0.001953
3 0.868164 0.272461 0.001953 0.001953
3 0.846680 0.271484 0.001953 0.007812
3 0.819336 0.253906 0.005859 0.003906
3 0.805664 0.250977 0.001953 0.001953
2 0.010742 0.253906 0.021484 0.011719
3 0.831055 0.248047 0.005859 0.011719
3 0.740234 0.242188 0.003906 0.003906
2 0.002930 0.243164 0.005859 0.005859
3 0.829102 0.238281 0.001953 0.003906
3 0.970703 0.277344 0.058594 0.117188
2 0.971680 0.206055 0.009766 0.009766
2 0.756836 0.196289 0.001953 0.001953
2 0.930664 0.118164 0.001953 0.001953
2 0.032227 0.086914 0.001953 0.001953
2 0.100586 0.084961 0.001953 0.001953
2 0.022461 0.157227 0.044922 0.150391
2 0.021484 0.060547 0.003906 0.003906
2 0.016602 0.059570 0.001953 0.001953
2 0.926758 0.009766 0.005859 0.007812
2 0.500000 0.500000 1.000000 1.000000
2 0.040039 0.000977 0.001953 0.001953
2 0.035156 0.000977 0.003906 0.001953
2 0.028320 0.028320 0.025391 0.056641