1 0.877930 0.999023 0.001953 0.001953
0 0.608398 0.999023 0.001953 0.001953
0 0.933594 0.998047 0.003906 0.003906
1 0.457031 0.998047 0.003906 0.003906
0 0.192383 0.997070 0.001953 0.001953
0 0.998047 0.996094 0.003906 0.007812
0 0.756836 0.991211 0.001953 0.001953
0 0.477539 0.994141 0.013672 0.011719
0 0.247070 0.985352 0.001953 0.001953
0 0.723633 0.977539 0.001953 0.001953
1 0.852539 0.971680 0.001953 0.001953
0 0.395508 0.971680 0.001953 0.001953
0 0.164062 0.984375 0.046875 0.031250
0 0.854492 0.967773 0.001953 0.001953
0 0.440430 0.967773 0.001953 0.001953
0 0.409180 0.968750 0.005859 0.003906
0 0.741211 0.976562 0.033203 0.023438
0 0.729492 0.965820 0.001953 0.001953
0 0.711914 0.963867 0.001953 0.001953
0 0.376953 0.963867 0.007812 0.009766
0 0.713867 0.958984 0.005859 0.003906
0 0.418945 0.958008 0.001953 0.001953
1 0.804688 0.958984 0.003906 0.007812
0 0.395508 0.956055 0.001953 0.001953
0 0.491211 0.954102 0.001953 0.001953
0 0.407227 0.957031 0.009766 0.007812
0 0.316406 0.964844 0.046875 0.031250
0 0.392578 0.951172 0.015625 0.007812
0 0.989258 0.950195 0.009766 0.009766
0 0.361328 0.951172 0.011719 0.011719
0 0.321289 0.946289 0.001953 0.001953
0 0.409180 0.944336 0.001953 0.001953
0 0.573242 0.942383 0.001953 0.001953
0 0.422852 0.942383 0.001953 0.001953
0 0.413086 0.943359 0.001953 0.003906
0 0.427734 0.941406 0.003906 0.003906
0 0.263672 0.969727 0.066406 0.060547
0 0.823242 0.938477 0.001953 0.001953
0 0.385742 0.936523 0.005859 0.001953
0 0.058594 0.938477 0.007812 0.005859
0 0.544922 0.936523 0.007812 0.005859
0 0.299805 0.934570 0.001953 0.001953
0 0.921875 0.959961 0.039062 0.056641
0 0.807617 0.932617 0.001953 0.001953
1 0.250000 0.933594 0.003906 0.003906
1 0.622070 0.930664 0.001953 0.001953
0 0.936523 0.924805 0.001953 0.001953
0 0.630859 0.926758 0.007812 0.009766
0 0.848633 0.920898 0.001953 0.001953
0 0.334961 0.921875 0.005859 0.003906
0 0.862305 0.941406 0.068359 0.046875
0 0.881836 0.918945 0.001953 0.001953
0 0.813477 0.933594 0.013672 0.031250
0 0.346680 0.922852 0.013672 0.009766
1 0.349609 0.915039 0.007812 0.005859
0 0.940430 0.915039 0.005859 0.009766
1 0.771484 0.915039 0.007812 0.009766
0 0.802734 0.910156 0.003906 0.003906
0 0.781250 0.911133 0.007812 0.005859
0 0.645508 0.909180 0.001953 0.001953
0 0.383789 0.907227 0.001953 0.001953
0 0.853516 0.912109 0.015625 0.015625
0 0.843750 0.907227 0.003906 0.009766
1 0.641602 0.903320 0.001953 0.001953
1 0.350586 0.905273 0.005859 0.005859
0 0.833008 0.899414 0.001953 0.001953
0 0.707031 0.900391 0.003906 0.003906
1 0.636719 0.901367 0.003906 0.005859
0 0.756836 0.908203 0.017578 0.023438
0 0.728516 0.898438 0.007812 0.011719
1 0.636719 0.894531 0.003906 0.003906
0 0.028320 0.905273 0.017578 0.025391
0 0.420898 0.891602 0.001953 0.001953
0 0.408203 0.892578 0.003906 0.003906
0 0.785156 0.897461 0.027344 0.017578
1 0.573242 0.885742 0.001953 0.001953
0 0.520508 0.885742 0.001953 0.001953
1 0.573242 0.881836 0.001953 0.001953
0 0.448242 0.881836 0.001953 0.001953
1 0.590820 0.879883 0.001953 0.001953
0 0.439453 0.880859 0.003906 0.003906
0 0.821289 0.890625 0.013672 0.027344
0 0.811523 0.877930 0.001953 0.001953
0 0.806641 0.877930 0.003906 0.001953
0 0.760742 0.877930 0.001953 0.001953
0 0.435547 0.920898 0.085938 0.087891
0 0.899414 0.874023 0.001953 0.001953
0 0.813477 0.874023 0.001953 0.001953
0 0.809570 0.874023 0.001953 0.001953
0 0.897461 0.880859 0.021484 0.019531
0 0.500977 0.872070 0.001953 0.001953
0 0.500977 0.868164 0.001953 0.001953
0 0.745117 0.866211 0.001953 0.001953
0 0.187500 0.871094 0.015625 0.011719
0 0.815430 0.864258 0.001953 0.001953
0 0.011719 0.875977 0.023438 0.025391
0 0.173828 0.862305 0.003906 0.001953
0 0.432617 0.858398 0.001953 0.001953
0 0.006836 0.856445 0.001953 0.001953
0 0.770508 0.846680 0.001953 0.001953
0 0.176758 0.851562 0.009766 0.015625
1 0.594727 0.842773 0.001953 0.001953
0 0.057617 0.830078 0.013672 0.007812
0 0.786133 0.838867 0.021484 0.033203
0 0.778320 0.823242 0.001953 0.001953
0 0.040039 0.823242 0.001953 0.001953
0 0.783203 0.823242 0.003906 0.005859
0 0.750977 0.821289 0.005859 0.005859
0 0.817383 0.827148 0.021484 0.037109
0 0.819336 0.809570 0.001953 0.001953
0 0.223633 0.803711 0.001953 0.001953
0 0.091797 0.802734 0.007812 0.007812
0 0.989258 0.821289 0.021484 0.048828
1 0.487305 0.794922 0.013672 0.011719
1 0.475586 0.788086 0.001953 0.001953
0 0.788086 0.780273 0.001953 0.001953
0 0.790039 0.776367 0.001953 0.001953
0 0.775391 0.775391 0.003906 0.003906
0 0.449219 0.839844 0.136719 0.132812
0 0.385742 0.774414 0.001953 0.001953
0 0.071289 0.774414 0.001953 0.001953
0 0.219727 0.772461 0.001953 0.001953
0 0.788086 0.770508 0.001953 0.001953
0 0.075195 0.770508 0.001953 0.001953
0 0.777344 0.769531 0.003906 0.003906
0 0.080078 0.768555 0.003906 0.001953
0 0.878906 0.771484 0.015625 0.011719
0 0.375000 0.768555 0.011719 0.005859
0 0.831055 0.764648 0.001953 0.001953
0 0.776367 0.764648 0.001953 0.001953
0 0.786133 0.763672 0.001953 0.003906
0 0.627930 0.762695 0.001953 0.001953
1 0.458984 0.770508 0.011719 0.017578
0 0.412109 0.770508 0.019531 0.017578
0 0.418945 0.762695 0.005859 0.005859
0 0.428711 0.758789 0.001953 0.001953
0 0.424805 0.758789 0.001953 0.001953
0 0.325195 0.758789 0.001953 0.001953
0 0.560547 0.757812 0.003906 0.003906
0 0.586914 0.760742 0.013672 0.017578
0 0.579102 0.752930 0.001953 0.005859
0 0.421875 0.753906 0.015625 0.007812
0 0.331055 0.749023 0.001953 0.001953
0 0.342773 0.747070 0.001953 0.001953
0 0.998047 0.742188 0.003906 0.003906
0 0.952148 0.739258 0.001953 0.001953
0 0.347656 0.741211 0.015625 0.005859
0 0.313477 0.737305 0.001953 0.001953
0 0.956055 0.723633 0.001953 0.001953
1 0.641602 0.723633 0.001953 0.001953
0 0.966797 0.722656 0.011719 0.007812
0 0.515625 0.717773 0.003906 0.001953
0 0.007812 0.735352 0.015625 0.041016
1 0.646484 0.713867 0.003906 0.001953
0 0.512695 0.713867 0.001953 0.001953
0 0.278320 0.711914 0.001953 0.001953
0 0.946289 0.733398 0.052734 0.048828
0 0.534180 0.716797 0.017578 0.015625
0 0.798828 0.763672 0.054688 0.113281
0 0.774414 0.708008 0.001953 0.001953
0 0.512695 0.707031 0.001953 0.003906
0 0.329102 0.706055 0.001953 0.001953
0 0.277344 0.706055 0.003906 0.001953
0 0.337891 0.726562 0.054688 0.046875
0 0.263672 0.708008 0.019531 0.013672
0 0.920898 0.701172 0.001953 0.003906
0 0.330078 0.700195 0.003906 0.005859
0 0.514648 0.694336 0.001953 0.001953
0 0.983398 0.714844 0.033203 0.050781
0 0.262695 0.690430 0.001953 0.001953
0 0.254883 0.690430 0.001953 0.001953
0 0.357422 0.694336 0.011719 0.013672
0 0.915039 0.675781 0.001953 0.003906
0 0.911133 0.672852 0.001953 0.001953
0 0.270508 0.737305 0.126953 0.134766
0 0.971680 0.668945 0.001953 0.001953
0 0.963867 0.668945 0.001953 0.001953
0 0.771484 0.668945 0.003906 0.001953
0 0.959961 0.666992 0.001953 0.001953
0 0.907227 0.666992 0.001953 0.001953
0 0.264648 0.670898 0.013672 0.009766
0 0.997070 0.663086 0.001953 0.001953
0 0.493164 0.663086 0.001953 0.001953
0 0.670898 0.830078 0.255859 0.339844
0 0.234375 0.663086 0.003906 0.005859
0 0.892578 0.658203 0.003906 0.003906
0 0.802734 0.658203 0.007812 0.007812
0 0.606445 0.655273 0.001953 0.001953
0 0.253906 0.656250 0.015625 0.011719
0 0.305664 0.657227 0.009766 0.017578
0 0.655273 0.647461 0.001953 0.001953
0 0.803711 0.645508 0.001953 0.001953
0 0.579102 0.703125 0.283203 0.121094
0 0.278320 0.645508 0.005859 0.005859
0 0.963867 0.653320 0.017578 0.025391
0 0.836914 0.640625 0.005859 0.003906
0 0.971680 0.638672 0.001953 0.003906
0 0.963867 0.634766 0.001953 0.003906
1 0.559570 0.633789 0.001953 0.001953
0 0.312500 0.633789 0.003906 0.001953
1 0.565430 0.632812 0.001953 0.003906
0 0.323242 0.624023 0.001953 0.001953
0 0.653320 0.620117 0.001953 0.001953
0 0.323242 0.620117 0.001953 0.001953
0 0.862305 0.618164 0.001953 0.001953
1 0.548828 0.624023 0.011719 0.017578
0 0.315430 0.622070 0.009766 0.013672
0 0.426758 0.614258 0.001953 0.001953
1 0.514648 0.619141 0.013672 0.015625
0 0.319336 0.612305 0.001953 0.001953
0 0.309570 0.612305 0.001953 0.001953
0 0.860352 0.610352 0.001953 0.001953
0 0.834961 0.610352 0.001953 0.001953
1 0.515625 0.608398 0.003906 0.001953
1 0.586914 0.618164 0.037109 0.033203
0 0.842773 0.603516 0.013672 0.007812
0 0.726562 0.603516 0.011719 0.007812
0 0.303711 0.598633 0.001953 0.001953
0 0.209961 0.635742 0.068359 0.076172
1 0.516602 0.598633 0.001953 0.005859
0 0.298828 0.597656 0.003906 0.003906
0 0.864258 0.594727 0.005859 0.005859
0 0.850586 0.594727 0.005859 0.005859
0 0.316406 0.590820 0.003906 0.005859
1 0.978516 0.578125 0.003906 0.003906
0 0.768555 0.569336 0.001953 0.001953
0 0.641602 0.571289 0.009766 0.009766
1 0.776367 0.565430 0.001953 0.001953
0 0.299805 0.563477 0.001953 0.001953
1 0.912109 0.578125 0.113281 0.046875
0 0.787109 0.601562 0.144531 0.093750
1 0.991211 0.572266 0.017578 0.039062
1 0.524414 0.553711 0.001953 0.001953
0 0.014648 0.553711 0.001953 0.001953
0 0.999023 0.553711 0.001953 0.005859
1 0.935547 0.550781 0.011719 0.003906
1 0.892578 0.553711 0.007812 0.009766
0 0.723633 0.547852 0.001953 0.001953
1 0.983398 0.545898 0.001953 0.001953
1 0.895508 0.543945 0.001953 0.001953
1 0.878906 0.541992 0.003906 0.001953
0 0.005859 0.546875 0.011719 0.011719
1 0.917969 0.539062 0.003906 0.003906
1 0.522461 0.538086 0.001953 0.001953
0 0.413086 0.538086 0.005859 0.001953
1 0.522461 0.534180 0.001953 0.001953
0 0.419922 0.535156 0.003906 0.003906
0 0.401367 0.534180 0.001953 0.001953
0 0.307617 0.535156 0.005859 0.003906
1 0.865234 0.538086 0.007812 0.013672
0 0.413086 0.533203 0.001953 0.003906
0 0.397461 0.532227 0.001953 0.001953
0 0.368164 0.532227 0.001953 0.001953
0 0.256836 0.532227 0.001953 0.001953
0 0.733398 0.530273 0.001953 0.001953
0 0.215820 0.528320 0.001953 0.001953
1 0.833008 0.530273 0.001953 0.013672
0 0.264648 0.523438 0.001953 0.003906
1 0.938477 0.520508 0.009766 0.009766
1 0.932617 0.516602 0.001953 0.001953
1 0.930664 0.530273 0.025391 0.033203
0 0.428711 0.514648 0.001953 0.001953
0 0.991211 0.527344 0.017578 0.031250
0 0.994141 0.510742 0.007812 0.005859
1 0.798828 0.511719 0.003906 0.007812
0 0.391602 0.510742 0.005859 0.005859
0 0.326172 0.509766 0.003906 0.003906
0 0.286133 0.512695 0.005859 0.009766
1 0.827148 0.509766 0.009766 0.007812
0 0.320312 0.508789 0.003906 0.005859
0 0.760742 0.504883 0.001953 0.001953
0 0.752930 0.504883 0.001953 0.001953
0 0.230469 0.509766 0.007812 0.015625
0 0.292969 0.502930 0.007812 0.009766
0 0.321289 0.499023 0.001953 0.005859
0 0.993164 0.495117 0.001953 0.001953
0 0.985352 0.493164 0.001953 0.001953
0 0.748047 0.495117 0.011719 0.013672
0 0.999023 0.487305 0.001953 0.001953
0 0.993164 0.487305 0.001953 0.001953
0 0.997070 0.483398 0.001953 0.001953
1 0.892578 0.505859 0.035156 0.050781
1 0.809570 0.479492 0.001953 0.001953
0 0.239258 0.486328 0.025391 0.015625
1 0.903320 0.480469 0.005859 0.007812
0 0.018555 0.481445 0.005859 0.009766
1 0.528320 0.473633 0.001953 0.001953
0 0.967773 0.472656 0.001953 0.003906
1 0.897461 0.472656 0.009766 0.003906
0 0.807617 0.473633 0.005859 0.005859
0 0.985352 0.477539 0.029297 0.025391
0 0.950195 0.463867 0.001953 0.001953
0 0.364258 0.459961 0.001953 0.001953
1 0.534180 0.492188 0.048828 0.078125
0 0.374023 0.548828 0.150391 0.191406
0 0.051758 0.473633 0.056641 0.052734
0 0.555664 0.446289 0.001953 0.001953
0 0.543945 0.452148 0.009766 0.013672
0 0.964844 0.453125 0.031250 0.023438
0 0.709961 0.437500 0.001953 0.003906
0 0.557617 0.436523 0.001953 0.001953
0 0.821289 0.434570 0.001953 0.001953
0 0.950195 0.432617 0.001953 0.001953
0 0.544922 0.435547 0.007812 0.007812
0 0.815430 0.432617 0.009766 0.009766
0 0.983398 0.426758 0.001953 0.001953
0 0.545898 0.426758 0.005859 0.001953
0 0.551758 0.424805 0.001953 0.001953
0 0.547852 0.422852 0.001953 0.001953
0 0.917969 0.431641 0.039062 0.046875
1 0.801758 0.407227 0.001953 0.001953
1 0.723633 0.406250 0.005859 0.007812
1 0.803711 0.402344 0.001953 0.003906
0 0.959961 0.392578 0.001953 0.003906
1 0.679688 0.387695 0.003906 0.001953
0 0.934570 0.383789 0.001953 0.001953
0 0.893555 0.383789 0.001953 0.001953
0 0.879883 0.383789 0.001953 0.001953
0 0.920898 0.392578 0.029297 0.031250
0 0.996094 0.376953 0.003906 0.003906
0 0.707031 0.375977 0.003906 0.001953
0 0.895508 0.372070 0.001953 0.001953
0 0.136719 0.386719 0.015625 0.031250
1 0.625977 0.370117 0.001953 0.001953
0 0.143555 0.370117 0.001953 0.001953
0 0.884766 0.373047 0.011719 0.015625
0 0.518555 0.366211 0.001953 0.001953
0 0.891602 0.360352 0.001953 0.001953
0 0.896484 0.360352 0.003906 0.005859
1 0.639648 0.354492 0.001953 0.001953
0 0.090820 0.352539 0.001953 0.001953
0 0.930664 0.350586 0.001953 0.001953
1 0.683594 0.362305 0.058594 0.025391
0 0.461914 0.350586 0.001953 0.001953
0 0.888672 0.348633 0.011719 0.009766
0 0.088867 0.346680 0.005859 0.005859
0 0.470703 0.343750 0.003906 0.003906
0 0.000977 0.344727 0.001953 0.005859
0 0.514648 0.340820 0.001953 0.001953
0 0.528320 0.349609 0.029297 0.023438
1 0.106445 0.338867 0.001953 0.001953
0 0.450195 0.335938 0.001953 0.003906
0 0.456055 0.336914 0.005859 0.013672
0 0.119141 0.349609 0.039062 0.039062
0 0.543945 0.329102 0.001953 0.001953
0 0.192383 0.328125 0.001953 0.003906
0 0.542969 0.325195 0.003906 0.001953
0 0.998047 0.324219 0.003906 0.007812
0 0.563477 0.337891 0.029297 0.035156
0 0.463867 0.324219 0.005859 0.007812
0 0.413086 0.321289 0.001953 0.001953
0 0.194336 0.319336 0.001953 0.001953
0 0.795898 0.317383 0.001953 0.001953
1 0.608398 0.315430 0.001953 0.001953
0 0.939453 0.314453 0.003906 0.003906
0 0.413086 0.313477 0.001953 0.001953
0 0.219727 0.311523 0.001953 0.001953
1 0.640625 0.332031 0.046875 0.046875
0 0.208008 0.308594 0.021484 0.015625
0 0.425781 0.307617 0.023438 0.017578
0 0.071289 0.293945 0.001953 0.001953
0 0.520508 0.290039 0.001953 0.001953
0 0.067383 0.286133 0.005859 0.001953
0 0.104492 0.298828 0.080078 0.039062
0 0.916992 0.272461 0.001953 0.001953
0 0.747070 0.270508 0.001953 0.001953
0 0.155273 0.271484 0.005859 0.003906
0 0.628906 0.262695 0.007812 0.005859
0 0.629883 0.254883 0.001953 0.001953
0 0.815430 0.308594 0.205078 0.121094
0 0.925781 0.247070 0.003906 0.005859
0 0.918945 0.243164 0.001953 0.001953
0 0.597656 0.280273 0.042969 0.076172
0 0.056641 0.244141 0.003906 0.007812
0 0.811523 0.239258 0.001953 0.001953
0 0.703125 0.248047 0.015625 0.019531
0 0.342773 0.238281 0.001953 0.003906
0 0.803711 0.239258 0.009766 0.009766
0 0.913086 0.230469 0.005859 0.003906
0 0.786133 0.223633 0.001953 0.005859
0 0.985352 0.219727 0.001953 0.001953
0 0.731445 0.208008 0.001953 0.001953
0 0.944336 0.224609 0.052734 0.039062
0 0.786133 0.206055 0.001953 0.001953
0 0.997070 0.205078 0.001953 0.003906
0 0.807617 0.204102 0.001953 0.001953
0 0.723633 0.204102 0.001953 0.001953
0 0.748047 0.205078 0.011719 0.007812
0 0.725586 0.198242 0.001953 0.001953
0 0.156250 0.210938 0.027344 0.027344
0 0.758789 0.189453 0.001953 0.003906
0 0.216797 0.190430 0.003906 0.005859
0 0.139648 0.188477 0.005859 0.001953
0 0.807617 0.186523 0.001953 0.001953
0 0.985352 0.184570 0.001953 0.001953
0 0.143555 0.184570 0.001953 0.001953
0 0.981445 0.182617 0.001953 0.001953
0 0.946289 0.184570 0.005859 0.005859
0 0.776367 0.181641 0.009766 0.007812
0 0.760742 0.178711 0.001953 0.001953
0 0.720703 0.183594 0.015625 0.011719
0 0.136719 0.181641 0.011719 0.007812
1 0.979492 0.177734 0.001953 0.003906
0 0.213867 0.180664 0.017578 0.013672
1 0.985352 0.172852 0.001953 0.001953
0 0.973633 0.175781 0.005859 0.007812
0 0.784180 0.172852 0.001953 0.001953
0 0.799805 0.170898 0.001953 0.001953
0 0.964844 0.169922 0.003906 0.003906
0 0.956055 0.169922 0.001953 0.003906
0 0.952148 0.168945 0.001953 0.001953
0 0.838867 0.169922 0.009766 0.003906
0 0.830078 0.168945 0.003906 0.001953
0 0.774414 0.195312 0.044922 0.054688
0 0.212891 0.168945 0.003906 0.001953
1 0.994141 0.168945 0.011719 0.009766
0 0.156250 0.165039 0.019531 0.009766
0 0.125977 0.161133 0.001953 0.001953
0 0.821289 0.153320 0.001953 0.001953
0 0.124023 0.154297 0.009766 0.003906
0 0.159180 0.151367 0.001953 0.001953
0 0.934570 0.143555 0.001953 0.001953
0 0.285156 0.153320 0.011719 0.021484
0 0.620117 0.176758 0.037109 0.080078
0 0.807617 0.135742 0.001953 0.001953
0 0.801758 0.133789 0.001953 0.001953
0 0.775391 0.156250 0.093750 0.046875
0 0.201172 0.134766 0.007812 0.003906
0 0.828125 0.133789 0.007812 0.005859
0 0.219727 0.139648 0.025391 0.017578
0 0.171875 0.138672 0.019531 0.015625
0 0.208984 0.126953 0.003906 0.003906
0 0.816406 0.128906 0.011719 0.015625
0 0.491211 0.102539 0.001953 0.001953
0 0.883789 0.083008 0.001953 0.001953
0 0.908203 0.136719 0.117188 0.109375
0 0.958984 0.080078 0.007812 0.007812
0 0.952148 0.078125 0.001953 0.003906
0 0.997070 0.075195 0.001953 0.001953
0 0.977539 0.075195 0.001953 0.001953
0 0.974609 0.084961 0.015625 0.025391
0 0.959961 0.073242 0.001953 0.001953
0 0.990234 0.068359 0.003906 0.003906
0 0.971680 0.067383 0.001953 0.001953
0 0.997070 0.066406 0.005859 0.003906
0 0.963867 0.065430 0.001953 0.001953
0 0.385742 0.073242 0.017578 0.017578
0 0.571289 0.063477 0.001953 0.001953
0 0.958008 0.059570 0.009766 0.009766
0 0.485352 0.131836 0.056641 0.154297
0 0.566406 0.054688 0.011719 0.015625
0 0.675781 0.037109 0.003906 0.003906
0 0.661133 0.009766 0.001953 0.003906
0 0.484375 0.017578 0.019531 0.019531
0 0.483398 0.002930 0.001953 0.001953
0 0.985352 0.019531 0.029297 0.039062
0 0.974609 0.002930 0.003906 0.005859
2 0.174805 0.999023 0.001953 0.001953
2 0.166992 0.996094 0.001953 0.003906
2 0.260742 0.991211 0.001953 0.001953
2 0.178711 0.991211 0.001953 0.001953
2 0.178711 0.986328 0.001953 0.003906
2 0.166992 0.983398 0.001953 0.001953
2 0.607422 0.976562 0.003906 0.003906
2 0.249023 0.975586 0.001953 0.001953
2 0.654297 0.895508 0.003906 0.001953
2 0.645508 0.885742 0.001953 0.001953
2 0.663086 0.881836 0.001953 0.001953
2 0.648438 0.879883 0.007812 0.005859
2 0.641602 0.872070 0.001953 0.001953
2 0.658203 0.873047 0.011719 0.011719
2 0.660156 0.866211 0.003906 0.001953
2 0.715820 0.862305 0.001953 0.001953
2 0.729492 0.829102 0.001953 0.001953
2 0.999023 0.825195 0.001953 0.001953
2 0.734375 0.825195 0.003906 0.009766
2 0.984375 0.719727 0.003906 0.001953
2 0.000977 0.547852 0.001953 0.001953
2 0.986328 0.480469 0.003906 0.003906
2 0.981445 0.473633 0.001953 0.001953
2 0.999023 0.014648 0.001953 0.001953
2 0.500000 0.500000 1.000000 1.000000