0 0.368164 0.999023 0.001953 0.001953
1 0.805664 0.998047 0.001953 0.003906
1 0.612305 0.994141 0.009766 0.011719
1 0.810547 0.988281 0.007812 0.011719
0 0.473633 0.981445 0.001953 0.001953
0 0.459961 0.975586 0.001953 0.001953
0 0.489258 0.986328 0.017578 0.027344
0 0.300781 0.977539 0.011719 0.009766
1 0.103516 0.984375 0.058594 0.023438
0 0.469727 0.973633 0.005859 0.005859
0 0.310547 0.972656 0.003906 0.003906
1 0.437500 0.984375 0.027344 0.031250
0 0.293945 0.970703 0.017578 0.011719
1 0.666016 0.970703 0.050781 0.042969
1 0.764648 0.950195 0.001953 0.005859
1 0.751953 0.941406 0.003906 0.007812
0 0.999023 0.936523 0.001953 0.001953
1 0.621094 0.945312 0.023438 0.023438
0 0.999023 0.918945 0.001953 0.001953
0 0.991211 0.916992 0.001953 0.001953
0 0.657227 0.923828 0.025391 0.027344
1 0.519531 0.910156 0.007812 0.007812
1 0.783203 0.936523 0.039062 0.080078
1 0.150391 0.894531 0.003906 0.003906
1 0.228516 0.916016 0.023438 0.066406
1 0.787109 0.877930 0.023438 0.013672
1 0.168945 0.875977 0.041016 0.017578
0 0.251953 0.865234 0.003906 0.003906
0 0.252930 0.860352 0.001953 0.001953
1 0.179688 0.859375 0.015625 0.011719
1 0.538086 0.851562 0.005859 0.007812
0 0.033203 0.838867 0.003906 0.005859
1 0.645508 0.835938 0.001953 0.003906
1 0.590820 0.833984 0.021484 0.015625
0 0.222656 0.826172 0.007812 0.007812
1 0.912109 0.827148 0.027344 0.013672
1 0.375977 0.816406 0.033203 0.046875
1 0.003906 0.806641 0.007812 0.035156
1 0.483398 0.798828 0.033203 0.023438
1 0.007812 0.784180 0.003906 0.001953
1 0.621094 0.784180 0.023438 0.009766
1 0.263672 0.781250 0.003906 0.003906
1 0.403320 0.770508 0.009766 0.009766
1 0.283203 0.767578 0.003906 0.003906
1 0.357422 0.769531 0.031250 0.039062
1 0.031250 0.759766 0.046875 0.023438
1 0.077148 0.751953 0.025391 0.015625
1 0.853516 0.753906 0.027344 0.031250
1 0.767578 0.742188 0.011719 0.007812
1 0.287109 0.734375 0.003906 0.007812
1 0.592773 0.713867 0.017578 0.021484
1 0.324219 0.726562 0.027344 0.046875
1 0.541992 0.699219 0.005859 0.007812
1 0.541016 0.691406 0.003906 0.003906
1 0.001953 0.697266 0.003906 0.015625
1 0.516602 0.687500 0.013672 0.011719
0 0.697266 0.675781 0.003906 0.003906
1 0.550781 0.675781 0.007812 0.007812
1 0.207031 0.684570 0.035156 0.025391
1 0.424805 0.703125 0.095703 0.066406
1 0.393555 0.675781 0.013672 0.011719
1 0.243164 0.670898 0.017578 0.005859
0 0.758789 0.669922 0.009766 0.007812
1 0.970703 0.677734 0.058594 0.035156
1 0.211914 0.663086 0.009766 0.005859
1 0.985352 0.663086 0.009766 0.009766
1 0.407227 0.651367 0.001953 0.001953
1 0.962891 0.648438 0.003906 0.003906
1 0.448242 0.647461 0.009766 0.009766
1 0.130859 0.642578 0.011719 0.015625
1 0.452148 0.633789 0.001953 0.001953
1 0.491211 0.622070 0.001953 0.001953
1 0.425781 0.618164 0.003906 0.009766
1 0.226562 0.620117 0.015625 0.021484
1 0.196289 0.613281 0.005859 0.007812
0 0.858398 0.608398 0.001953 0.005859
0 0.375977 0.608398 0.009766 0.013672
1 0.606445 0.600586 0.001953 0.005859
1 0.491211 0.599609 0.005859 0.003906
0 0.879883 0.595703 0.001953 0.003906
1 0.685547 0.587891 0.011719 0.007812
1 0.413086 0.581055 0.005859 0.005859
1 0.085938 0.585938 0.031250 0.015625
1 0.402344 0.595703 0.039062 0.039062
1 0.455078 0.586914 0.031250 0.025391
1 0.661133 0.578125 0.009766 0.019531
1 0.562500 0.614258 0.128906 0.091797
1 0.382812 0.570312 0.003906 0.007812
0 0.666016 0.567383 0.003906 0.005859
1 0.004883 0.570312 0.009766 0.019531
1 0.479492 0.565430 0.009766 0.017578
1 0.657227 0.558594 0.005859 0.007812
1 0.266602 0.567383 0.017578 0.025391
1 0.299805 0.556641 0.005859 0.007812
1 0.603516 0.543945 0.007812 0.005859
1 0.944336 0.595703 0.076172 0.113281
0 0.659180 0.544922 0.005859 0.011719
1 0.156250 0.558594 0.050781 0.039062
0 0.903320 0.546875 0.013672 0.019531
1 0.608398 0.564453 0.033203 0.054688
1 0.073242 0.554688 0.060547 0.039062
1 0.664062 0.613281 0.132812 0.160156
1 0.108398 0.534180 0.001953 0.001953
1 0.492188 0.539062 0.011719 0.015625
0 0.940430 0.530273 0.009766 0.009766
1 0.428711 0.528320 0.005859 0.009766
1 0.560547 0.532227 0.054688 0.033203
1 0.727539 0.519531 0.017578 0.015625
1 0.242188 0.512695 0.003906 0.001953
1 0.470703 0.507812 0.031250 0.019531
1 0.043945 0.503906 0.017578 0.011719
1 0.707031 0.504883 0.019531 0.025391
1 0.504883 0.496094 0.021484 0.015625
1 0.224609 0.490234 0.003906 0.007812
1 0.000977 0.490234 0.001953 0.011719
0 0.640625 0.491211 0.015625 0.017578
1 0.213867 0.487305 0.013672 0.009766
0 0.679688 0.486328 0.007812 0.015625
0 0.115234 0.479492 0.003906 0.001953
1 0.233398 0.478516 0.001953 0.003906
1 0.242188 0.477539 0.003906 0.005859
1 0.095703 0.476562 0.003906 0.003906
0 0.950195 0.478516 0.009766 0.015625
1 0.788086 0.480469 0.025391 0.019531
0 0.698242 0.478516 0.013672 0.015625
1 0.744141 0.473633 0.007812 0.009766
1 0.237305 0.471680 0.005859 0.005859
0 0.916992 0.472656 0.005859 0.011719
0 0.522461 0.457031 0.005859 0.003906
1 0.374023 0.556641 0.193359 0.203125
0 0.991211 0.458008 0.005859 0.009766
0 0.715820 0.461914 0.009766 0.017578
1 0.649414 0.452148 0.001953 0.001953
1 0.649414 0.448242 0.001953 0.001953
1 0.729492 0.457031 0.017578 0.027344
1 0.490234 0.460938 0.019531 0.039062
1 0.260742 0.455078 0.021484 0.035156
0 0.124023 0.447266 0.013672 0.019531
0 0.671875 0.436523 0.003906 0.001953
1 0.356445 0.465820 0.083984 0.068359
1 0.529297 0.443359 0.039062 0.031250
1 0.409180 0.438477 0.017578 0.025391
1 0.372070 0.432617 0.021484 0.013672
1 0.826172 0.426758 0.015625 0.005859
1 0.042969 0.424805 0.007812 0.005859
1 0.603516 0.421875 0.007812 0.003906
1 0.190430 0.443359 0.091797 0.070312
1 0.719727 0.414062 0.017578 0.019531
1 0.289062 0.408203 0.011719 0.007812
1 0.448242 0.407227 0.009766 0.013672
0 0.696289 0.413086 0.044922 0.048828
1 0.435547 0.395508 0.019531 0.013672
1 0.786133 0.402344 0.052734 0.039062
1 0.061523 0.397461 0.123047 0.029297
0 0.896484 0.382812 0.003906 0.003906
1 0.643555 0.372070 0.017578 0.009766
1 0.659180 0.366211 0.009766 0.005859
1 0.722656 0.376953 0.031250 0.035156
0 0.157227 0.360352 0.001953 0.001953
1 0.377930 0.362305 0.017578 0.009766
0 0.880859 0.363281 0.011719 0.015625
1 0.031250 0.354492 0.062500 0.025391
1 0.155273 0.345703 0.013672 0.023438
1 0.161133 0.331055 0.001953 0.001953
1 0.056641 0.336914 0.011719 0.013672
1 0.995117 0.340820 0.009766 0.025391
1 0.948242 0.329102 0.001953 0.001953
0 0.891602 0.330078 0.005859 0.003906
0 0.363281 0.333008 0.011719 0.013672
1 0.143555 0.333984 0.013672 0.027344
1 0.247070 0.317383 0.009766 0.009766
1 0.194336 0.317383 0.009766 0.021484
1 0.442383 0.312500 0.041016 0.019531
1 0.130859 0.298828 0.003906 0.003906
1 0.604492 0.317383 0.017578 0.052734
1 0.192383 0.295898 0.009766 0.017578
0 0.866211 0.286133 0.001953 0.001953
1 0.780273 0.289062 0.009766 0.007812
0 0.223633 0.287109 0.021484 0.007812
1 0.802734 0.284180 0.007812 0.005859
0 0.246094 0.276367 0.003906 0.005859
1 0.029297 0.279297 0.046875 0.019531
1 0.706055 0.284180 0.048828 0.033203
0 0.885742 0.284180 0.025391 0.041016
0 0.239258 0.264648 0.001953 0.001953
0 0.450195 0.265625 0.009766 0.011719
0 0.249023 0.259766 0.005859 0.003906
0 0.081055 0.255859 0.009766 0.007812
1 0.884766 0.239258 0.003906 0.005859
0 0.831055 0.243164 0.029297 0.017578
0 0.109375 0.233398 0.003906 0.001953
0 0.831055 0.227539 0.005859 0.005859
0 0.313477 0.221680 0.041016 0.017578
1 0.913086 0.210938 0.005859 0.007812
0 0.349609 0.209961 0.031250 0.005859
1 0.170898 0.208984 0.005859 0.003906
1 0.081055 0.208008 0.001953 0.001953
1 0.477539 0.208008 0.044922 0.017578
1 0.120117 0.212891 0.021484 0.027344
1 0.018555 0.221680 0.037109 0.044922
0 0.423828 0.205078 0.015625 0.019531
0 0.412109 0.198242 0.007812 0.005859
1 0.041016 0.202148 0.011719 0.017578
1 0.955078 0.195312 0.015625 0.011719
0 0.480469 0.192383 0.007812 0.005859
0 0.445312 0.192383 0.007812 0.005859
0 0.441406 0.183594 0.003906 0.003906
1 0.604492 0.181641 0.021484 0.015625
0 0.740234 0.174805 0.003906 0.005859
0 0.550781 0.168945 0.003906 0.001953
0 0.723633 0.173828 0.017578 0.015625
0 0.559570 0.166992 0.001953 0.001953
0 0.555664 0.166992 0.001953 0.001953
1 0.954102 0.171875 0.048828 0.015625
0 0.467773 0.164062 0.005859 0.015625
1 0.359375 0.158203 0.007812 0.003906
1 0.018555 0.156250 0.009766 0.011719
1 0.417969 0.156250 0.050781 0.015625
1 0.262695 0.150391 0.005859 0.003906
1 0.058594 0.155273 0.015625 0.013672
1 0.340820 0.151367 0.017578 0.013672
1 0.387695 0.141602 0.013672 0.009766
0 0.267578 0.140625 0.011719 0.007812
1 0.377930 0.131836 0.001953 0.001953
0 0.296875 0.147461 0.027344 0.033203
1 0.652344 0.158203 0.085938 0.058594
1 0.996094 0.130859 0.007812 0.015625
1 0.748047 0.126953 0.019531 0.023438
0 0.345703 0.116211 0.003906 0.001953
0 0.533203 0.115234 0.003906 0.003906
1 0.407227 0.115234 0.009766 0.007812
1 0.073242 0.112305 0.005859 0.005859
0 0.565430 0.111328 0.005859 0.007812
1 0.106445 0.108398 0.001953 0.001953
1 0.028320 0.122070 0.056641 0.041016
1 0.003906 0.102539 0.007812 0.017578
1 0.799805 0.112305 0.029297 0.044922
0 0.010742 0.089844 0.005859 0.003906
0 0.490234 0.083008 0.007812 0.005859
1 0.229492 0.105469 0.044922 0.050781
1 0.418945 0.086914 0.017578 0.029297
0 0.109375 0.075195 0.007812 0.005859
1 0.094727 0.090820 0.083984 0.037109
1 0.619141 0.080078 0.031250 0.019531
1 0.674805 0.069336 0.001953 0.001953
1 0.748047 0.098633 0.042969 0.068359
0 0.086914 0.069336 0.009766 0.009766
1 0.339844 0.066406 0.011719 0.007812
1 0.351562 0.083008 0.066406 0.048828
1 0.301758 0.059570 0.001953 0.001953
1 0.292969 0.058594 0.003906 0.003906
1 0.685547 0.071289 0.023438 0.037109
1 0.650391 0.060547 0.031250 0.015625
1 0.662109 0.050781 0.011719 0.007812
1 0.477539 0.052734 0.017578 0.015625
0 0.484375 0.043945 0.003906 0.001953
1 0.073242 0.047852 0.021484 0.009766
1 0.835938 0.069336 0.023438 0.056641
1 0.646484 0.043945 0.011719 0.005859
1 0.833008 0.040039 0.001953 0.001953
1 0.481445 0.039062 0.005859 0.003906
1 0.986328 0.059570 0.027344 0.048828
1 0.708008 0.047852 0.021484 0.025391
1 0.398438 0.054688 0.015625 0.046875
1 0.773438 0.045898 0.042969 0.033203
1 0.182617 0.070312 0.033203 0.082031
1 0.055664 0.033203 0.009766 0.011719
1 0.999023 0.023438 0.001953 0.007812
1 0.523438 0.022461 0.003906 0.005859
1 0.130859 0.052734 0.058594 0.066406
1 0.034180 0.016602 0.001953 0.001953
1 0.827148 0.024414 0.005859 0.021484
1 0.775391 0.014648 0.007812 0.009766
1 0.314453 0.031250 0.015625 0.042969
1 0.927734 0.013672 0.046875 0.023438
1 0.600586 0.046875 0.212891 0.089844
1 0.413086 0.007812 0.013672 0.011719
1 0.385742 0.006836 0.017578 0.009766
1 0.026367 0.011719 0.017578 0.019531
1 0.857422 0.021484 0.074219 0.042969
1 0.780273 0.000977 0.001953 0.001953
0 0.551758 0.006836 0.048828 0.013672
0 0.495117 0.005859 0.013672 0.011719
1 0.232422 0.002930 0.007812 0.005859
1 0.208984 0.002930 0.003906 0.005859
1 0.169922 0.003906 0.019531 0.007812
3 0.435547 0.999023 0.003906 0.001953
3 0.500000 0.500000 1.000000 1.000000