0 0.922852 0.999023 0.001953 0.001953
1 0.450195 0.999023 0.001953 0.001953
1 0.092773 0.999023 0.001953 0.001953
1 0.059570 0.999023 0.001953 0.001953
0 0.683594 0.996094 0.007812 0.007812
0 0.672852 0.991211 0.001953 0.001953
0 0.495117 0.991211 0.009766 0.005859
0 0.482422 0.994141 0.023438 0.011719
0 0.951172 0.991211 0.031250 0.017578
0 0.652344 0.990234 0.031250 0.019531
0 0.924805 0.974609 0.001953 0.003906
1 0.905273 0.974609 0.001953 0.003906
1 0.901367 0.973633 0.001953 0.001953
0 0.520508 0.985352 0.025391 0.029297
1 0.044922 0.971680 0.003906 0.001953
0 0.926758 0.969727 0.001953 0.001953
0 0.625977 0.970703 0.005859 0.003906
0 0.934570 0.967773 0.001953 0.001953
1 0.910156 0.968750 0.003906 0.003906
0 0.835938 0.983398 0.062500 0.033203
0 0.504883 0.967773 0.001953 0.001953
1 0.519531 0.964844 0.007812 0.007812
1 0.893555 0.968750 0.025391 0.023438
0 0.713867 0.958008 0.001953 0.001953
0 0.829102 0.957031 0.009766 0.003906
1 0.410156 0.956055 0.007812 0.005859
0 0.810547 0.958008 0.015625 0.013672
1 0.531250 0.956055 0.007812 0.009766
0 0.709961 0.950195 0.001953 0.001953
0 0.887695 0.950195 0.017578 0.009766
0 0.855469 0.947266 0.007812 0.007812
0 0.757812 0.945312 0.003906 0.007812
0 0.698242 0.962891 0.037109 0.046875
0 0.941406 0.957031 0.019531 0.039062
0 0.854492 0.938477 0.001953 0.001953
0 0.800781 0.948242 0.007812 0.021484
0 0.756836 0.938477 0.001953 0.001953
0 0.865234 0.939453 0.011719 0.007812
0 0.594727 0.967773 0.064453 0.064453
0 0.389648 0.945312 0.013672 0.019531
1 0.424805 0.934570 0.001953 0.001953
0 0.853516 0.932617 0.003906 0.001953
0 0.694336 0.933594 0.001953 0.003906
0 0.893555 0.936523 0.005859 0.013672
0 0.878906 0.931641 0.007812 0.003906
1 0.245117 0.930664 0.001953 0.001953
0 0.761719 0.931641 0.011719 0.011719
1 0.608398 0.926758 0.001953 0.001953
1 0.421875 0.927734 0.003906 0.003906
1 0.057617 0.926758 0.001953 0.001953
1 0.612305 0.923828 0.013672 0.011719
1 0.407227 0.916992 0.001953 0.001953
0 0.836914 0.915039 0.001953 0.001953
1 0.509766 0.921875 0.011719 0.015625
1 0.611328 0.913086 0.003906 0.005859
1 0.231445 0.911133 0.001953 0.001953
0 0.885742 0.909180 0.001953 0.001953
0 0.815430 0.930664 0.037109 0.044922
1 0.510742 0.909180 0.005859 0.001953
0 0.791992 0.952148 0.056641 0.095703
0 0.885742 0.904297 0.009766 0.007812
1 0.024414 0.901367 0.001953 0.001953
1 0.047852 0.949219 0.095703 0.101562
1 0.403320 0.905273 0.009766 0.017578
0 0.942383 0.912109 0.017578 0.035156
0 0.784180 0.891602 0.005859 0.001953
1 0.266602 0.877930 0.001953 0.001953
1 0.424805 0.874023 0.001953 0.001953
1 0.416992 0.864258 0.001953 0.001953
1 0.290039 0.894531 0.048828 0.062500
1 0.128906 0.863281 0.003906 0.003906
1 0.274414 0.864258 0.005859 0.009766
1 0.235352 0.850586 0.001953 0.001953
0 0.840820 0.887695 0.107422 0.080078
1 0.106445 0.847656 0.001953 0.003906
0 0.877930 0.844727 0.001953 0.001953
0 0.856445 0.845703 0.005859 0.003906
1 0.135742 0.844727 0.001953 0.001953
1 0.115234 0.854492 0.031250 0.021484
1 0.668945 0.842773 0.001953 0.001953
0 0.313477 0.842773 0.001953 0.001953
1 0.237305 0.912109 0.068359 0.140625
1 0.994141 0.837891 0.003906 0.003906
0 0.834961 0.840820 0.025391 0.013672
0 0.854492 0.831055 0.001953 0.001953
1 0.684570 0.830078 0.001953 0.003906
1 0.661133 0.829102 0.001953 0.001953
1 0.682617 0.822266 0.001953 0.003906
1 0.663086 0.823242 0.005859 0.005859
0 0.844727 0.825195 0.013672 0.013672
0 0.836914 0.819336 0.001953 0.001953
0 0.291992 0.833008 0.048828 0.048828
1 0.005859 0.819336 0.011719 0.021484
0 0.859375 0.816406 0.015625 0.019531
1 0.179688 0.813477 0.007812 0.013672
1 0.493164 0.805664 0.009766 0.005859
1 0.164062 0.835938 0.027344 0.070312
0 0.847656 0.802734 0.015625 0.011719
1 0.709961 0.800781 0.009766 0.007812
0 0.834961 0.795898 0.001953 0.001953
1 0.704102 0.795898 0.001953 0.001953
0 0.564453 0.810547 0.027344 0.035156
1 0.393555 0.786133 0.001953 0.001953
1 0.401367 0.785156 0.001953 0.003906
0 0.653320 0.768555 0.001953 0.001953
1 0.224609 0.767578 0.007812 0.011719
1 0.818359 0.758789 0.003906 0.001953
0 0.711914 0.756836 0.001953 0.001953
0 0.826172 0.754883 0.011719 0.005859
1 0.517578 0.760742 0.011719 0.017578
1 0.412109 0.753906 0.007812 0.007812
1 0.741211 0.749023 0.001953 0.001953
1 0.822266 0.747070 0.003906 0.005859
0 0.852539 0.748047 0.017578 0.011719
0 0.735352 0.738281 0.001953 0.003906
1 0.036133 0.737305 0.001953 0.001953
0 0.713867 0.727539 0.001953 0.001953
0 0.685547 0.757812 0.042969 0.062500
1 0.036133 0.729492 0.005859 0.009766
0 0.711914 0.723633 0.001953 0.001953
0 0.685547 0.724609 0.003906 0.003906
1 0.541016 0.725586 0.003906 0.005859
1 0.819336 0.721680 0.001953 0.001953
1 0.815430 0.719727 0.001953 0.001953
0 0.713867 0.719727 0.001953 0.001953
1 0.542969 0.719727 0.003906 0.001953
0 0.692383 0.718750 0.005859 0.003906
0 0.711914 0.713867 0.001953 0.001953
0 0.699219 0.713867 0.007812 0.001953
1 0.823242 0.711914 0.009766 0.009766
1 0.695312 0.708008 0.003906 0.001953
1 0.001953 0.708008 0.003906 0.005859
0 0.737305 0.726562 0.048828 0.046875
0 0.709961 0.707031 0.009766 0.007812
0 0.721680 0.698242 0.001953 0.001953
1 0.024414 0.694336 0.001953 0.001953
1 0.019531 0.694336 0.003906 0.001953
1 0.018555 0.689453 0.005859 0.003906
1 0.028320 0.682617 0.001953 0.001953
0 0.741211 0.690430 0.025391 0.021484
0 0.737305 0.674805 0.001953 0.001953
1 0.047852 0.664062 0.009766 0.003906
0 0.729492 0.664062 0.005859 0.007812
1 0.338867 0.657227 0.001953 0.001953
1 0.191406 0.668945 0.015625 0.029297
1 0.143555 0.646484 0.001953 0.003906
1 0.135742 0.642578 0.001953 0.003906
1 0.000977 0.643555 0.001953 0.005859
1 0.704102 0.637695 0.001953 0.001953
1 0.134766 0.637695 0.003906 0.001953
1 0.314453 0.636719 0.003906 0.003906
1 0.140625 0.638672 0.003906 0.007812
0 0.752930 0.641602 0.041016 0.017578
1 0.272461 0.634766 0.001953 0.003906
1 0.268555 0.633789 0.001953 0.001953
0 0.138672 0.631836 0.003906 0.001953
0 0.127930 0.631836 0.001953 0.001953
0 0.756836 0.623047 0.025391 0.011719
1 0.286133 0.616211 0.001953 0.001953
1 0.127930 0.608398 0.001953 0.001953
0 0.266602 0.606445 0.001953 0.001953
1 0.039062 0.607422 0.007812 0.007812
1 0.723633 0.605469 0.005859 0.007812
1 0.308594 0.599609 0.003906 0.003906
0 0.110352 0.635742 0.041016 0.076172
0 0.006836 0.618164 0.013672 0.041016
0 0.100586 0.594727 0.001953 0.001953
0 0.307617 0.586914 0.001953 0.001953
0 0.241211 0.604492 0.044922 0.041016
0 0.274414 0.575195 0.001953 0.001953
1 0.315430 0.571289 0.001953 0.001953
0 0.243164 0.580078 0.037109 0.023438
1 0.785156 0.567383 0.003906 0.001953
0 0.807617 0.560547 0.001953 0.003906
1 0.383789 0.560547 0.005859 0.007812
0 0.110352 0.573242 0.017578 0.033203
0 0.072266 0.556641 0.015625 0.011719
1 0.051758 0.553711 0.005859 0.009766
0 0.781250 0.541992 0.003906 0.005859
0 0.247070 0.552734 0.033203 0.027344
1 0.361328 0.541016 0.003906 0.007812
1 0.263672 0.527344 0.003906 0.003906
1 0.280273 0.512695 0.001953 0.001953
1 0.280273 0.508789 0.001953 0.001953
0 0.290039 0.561523 0.068359 0.111328
0 0.204102 0.504883 0.001953 0.001953
1 0.000977 0.495117 0.001953 0.001953
1 0.268555 0.493164 0.001953 0.001953
0 0.069336 0.517578 0.033203 0.054688
1 0.268555 0.475586 0.001953 0.001953
0 0.914062 0.491211 0.039062 0.041016
0 0.892578 0.473633 0.007812 0.005859
0 0.201172 0.485352 0.027344 0.033203
0 0.183594 0.506836 0.078125 0.083984
1 0.270508 0.462891 0.005859 0.003906
0 0.121094 0.472656 0.019531 0.023438
0 0.165039 0.467773 0.013672 0.017578
1 0.276367 0.458008 0.001953 0.001953
0 0.178711 0.458008 0.005859 0.001953
0 0.172852 0.458008 0.001953 0.001953
0 0.094727 0.458008 0.001953 0.001953
0 0.227539 0.457031 0.017578 0.007812
1 0.268555 0.453125 0.005859 0.003906
0 0.104492 0.456055 0.005859 0.009766
0 0.811523 0.506836 0.091797 0.123047
0 0.129883 0.444336 0.001953 0.001953
0 0.116211 0.447266 0.033203 0.015625
0 0.127930 0.433594 0.025391 0.011719
0 0.175781 0.434570 0.015625 0.021484
1 0.367188 0.429688 0.015625 0.019531
0 0.142578 0.422852 0.003906 0.005859
0 0.189453 0.419922 0.003906 0.011719
0 0.133789 0.416016 0.001953 0.003906
0 0.323242 0.411133 0.001953 0.001953
0 0.184570 0.411133 0.001953 0.001953
0 0.116211 0.422852 0.029297 0.029297
0 0.130859 0.407227 0.011719 0.009766
0 0.334961 0.399414 0.001953 0.001953
0 0.316406 0.399414 0.003906 0.005859
0 0.217773 0.391602 0.001953 0.001953
0 0.308594 0.390625 0.003906 0.003906
0 0.386719 0.388672 0.003906 0.003906
0 0.301758 0.407227 0.029297 0.041016
0 0.227539 0.410156 0.068359 0.058594
0 0.985352 0.388672 0.021484 0.027344
0 0.194336 0.392578 0.033203 0.039062
0 0.288086 0.366211 0.001953 0.001953
0 0.013672 0.374023 0.015625 0.017578
0 0.313477 0.374023 0.025391 0.044922
0 0.270508 0.364258 0.021484 0.025391
1 0.017578 0.352539 0.007812 0.005859
0 0.258789 0.338867 0.001953 0.001953
1 0.858398 0.331055 0.001953 0.001953
0 0.213867 0.352539 0.041016 0.056641
0 0.881836 0.326172 0.009766 0.007812
0 0.145508 0.339844 0.048828 0.035156
0 0.118164 0.319336 0.001953 0.001953
1 0.917969 0.318359 0.015625 0.007812
0 0.159180 0.316406 0.009766 0.003906
0 0.116211 0.315430 0.001953 0.001953
1 0.000977 0.315430 0.001953 0.001953
0 0.372070 0.361328 0.080078 0.097656
1 0.330078 0.307617 0.003906 0.001953
0 0.112305 0.309570 0.005859 0.005859
1 0.002930 0.309570 0.005859 0.005859
0 0.887695 0.307617 0.017578 0.017578
0 0.110352 0.299805 0.001953 0.009766
1 0.358398 0.295898 0.013672 0.009766
1 0.924805 0.291992 0.005859 0.009766
1 0.571289 0.286133 0.005859 0.001953
1 0.315430 0.297852 0.017578 0.025391
1 0.939453 0.287109 0.003906 0.007812
0 0.265625 0.280273 0.007812 0.001953
1 0.932617 0.281250 0.013672 0.011719
1 0.637695 0.274414 0.001953 0.001953
1 0.056641 0.283203 0.027344 0.019531
0 0.585938 0.278320 0.015625 0.013672
1 0.565430 0.277344 0.005859 0.011719
1 0.930664 0.270508 0.001953 0.001953
1 0.641602 0.266602 0.001953 0.001953
0 0.259766 0.313477 0.097656 0.099609
0 0.622070 0.262695 0.001953 0.001953
0 0.258789 0.267578 0.005859 0.011719
1 0.635742 0.258789 0.001953 0.001953
0 0.270508 0.260742 0.001953 0.005859
0 0.584961 0.252930 0.005859 0.001953
0 0.565430 0.258789 0.013672 0.013672
1 0.999023 0.247070 0.001953 0.001953
0 0.572266 0.247070 0.003906 0.001953
0 0.241211 0.247070 0.001953 0.005859
1 0.030273 0.247070 0.005859 0.005859
1 0.912109 0.262695 0.035156 0.041016
1 0.075195 0.243164 0.001953 0.001953
0 0.930664 0.239258 0.001953 0.001953
0 0.918945 0.242188 0.001953 0.007812
0 0.243164 0.239258 0.001953 0.001953
1 0.190430 0.239258 0.001953 0.001953
1 0.036133 0.239258 0.001953 0.001953
1 0.506836 0.242188 0.005859 0.011719
0 0.250000 0.238281 0.003906 0.003906
0 0.899414 0.241211 0.017578 0.013672
0 0.946289 0.228516 0.005859 0.003906
0 0.995117 0.229492 0.009766 0.017578
0 0.389648 0.217773 0.001953 0.001953
0 0.257812 0.225586 0.007812 0.017578
1 0.394531 0.219727 0.003906 0.009766
0 0.221680 0.214844 0.001953 0.003906
0 0.902344 0.216797 0.011719 0.015625
0 0.113281 0.209961 0.003906 0.001953
0 0.016602 0.209961 0.001953 0.001953
0 0.592773 0.234375 0.056641 0.062500
0 0.040039 0.202148 0.013672 0.009766
1 0.710938 0.192383 0.003906 0.001953
0 0.285156 0.224609 0.039062 0.070312
1 0.053711 0.190430 0.001953 0.001953
0 0.950195 0.200195 0.013672 0.025391
0 0.270508 0.190430 0.005859 0.005859
1 0.061523 0.188477 0.001953 0.001953
0 0.995117 0.198242 0.009766 0.025391
0 0.923828 0.211914 0.023438 0.052734
0 0.934570 0.191406 0.005859 0.015625
0 0.218750 0.185547 0.003906 0.003906
1 0.739258 0.174805 0.001953 0.001953
1 0.035156 0.177734 0.003906 0.007812
1 0.229492 0.168945 0.001953 0.001953
1 0.231445 0.165039 0.001953 0.001953
0 0.194336 0.165039 0.001953 0.001953
0 0.021484 0.183594 0.042969 0.042969
0 0.000977 0.163086 0.001953 0.001953
0 0.014648 0.159180 0.001953 0.001953
1 0.926758 0.149414 0.005859 0.005859
1 0.059570 0.141602 0.001953 0.001953
0 0.612305 0.134766 0.001953 0.003906
1 0.272461 0.133789 0.001953 0.001953
1 0.926758 0.138672 0.033203 0.015625
0 0.934570 0.129883 0.001953 0.001953
0 0.686523 0.129883 0.001953 0.001953
1 0.194336 0.135742 0.005859 0.013672
0 0.696289 0.125977 0.001953 0.001953
0 0.112305 0.125977 0.001953 0.001953
0 0.005859 0.131836 0.011719 0.013672
1 0.206055 0.129883 0.009766 0.013672
0 0.709961 0.120117 0.001953 0.001953
0 0.960938 0.128906 0.011719 0.023438
0 0.713867 0.116211 0.001953 0.001953
1 0.213867 0.114258 0.001953 0.001953
0 0.000977 0.115234 0.001953 0.003906
0 0.963867 0.113281 0.001953 0.003906
0 0.721680 0.151367 0.029297 0.080078
0 0.962891 0.107422 0.003906 0.003906
1 0.532227 0.111328 0.013672 0.011719
1 0.543945 0.110352 0.009766 0.013672
0 0.021484 0.114258 0.015625 0.021484
0 0.655273 0.098633 0.001953 0.001953
0 0.984375 0.129883 0.031250 0.072266
0 0.940430 0.111328 0.029297 0.035156
1 0.033203 0.094727 0.003906 0.005859
0 0.696289 0.105469 0.029297 0.035156
0 0.976562 0.103516 0.019531 0.039062
0 0.199219 0.091797 0.031250 0.023438
0 0.646484 0.124023 0.085938 0.095703
1 0.223633 0.078125 0.009766 0.007812
1 0.071289 0.072266 0.005859 0.003906
1 0.051758 0.071289 0.001953 0.001953
0 0.147461 0.063477 0.001953 0.001953
0 0.988281 0.057617 0.003906 0.005859
1 0.971680 0.053711 0.001953 0.001953
1 0.978516 0.057617 0.007812 0.013672
0 0.993164 0.068359 0.013672 0.039062
1 0.053711 0.050781 0.013672 0.011719
1 0.073242 0.045898 0.017578 0.005859
1 0.057617 0.043945 0.001953 0.001953
1 0.983398 0.043945 0.005859 0.009766
0 0.193359 0.053711 0.054688 0.029297
1 0.050781 0.040039 0.003906 0.001953
1 0.974609 0.041992 0.015625 0.013672
1 0.180664 0.175781 0.283203 0.285156
1 0.229492 0.033203 0.021484 0.011719
0 0.012695 0.045898 0.025391 0.041016
0 0.107422 0.028320 0.007812 0.009766
0 0.134766 0.025391 0.046875 0.023438
1 0.228516 0.012695 0.007812 0.005859
0 0.158203 0.010742 0.031250 0.009766
1 0.416992 0.002930 0.001953 0.001953
1 0.855469 0.009766 0.007812 0.019531
0 0.703125 0.033203 0.062500 0.066406
1 0.555664 0.001953 0.009766 0.003906
0 0.307617 0.013672 0.037109 0.027344
0 0.138672 0.002930 0.015625 0.005859
2 0.842773 0.996094 0.013672 0.007812
2 0.587891 0.993164 0.027344 0.013672
2 0.014648 0.985352 0.029297 0.005859
2 0.831055 0.979492 0.001953 0.001953
2 0.573242 0.982422 0.005859 0.007812
2 0.779297 0.957031 0.003906 0.003906
3 0.052734 0.973633 0.039062 0.052734
3 0.001953 0.936523 0.003906 0.009766
2 0.998047 0.195312 0.003906 0.011719
2 0.999023 0.145508 0.001953 0.001953
2 0.999023 0.136719 0.001953 0.007812
2 0.702148 0.028320 0.005859 0.005859
2 0.314453 0.001953 0.011719 0.003906
3 0.500000 0.500000 1.000000 1.000000