0 0.283203 0.999023 0.003906 0.001953
0 0.702148 0.998047 0.005859 0.003906
0 0.221680 0.997070 0.005859 0.005859
0 0.190430 0.995117 0.001953 0.001953
0 0.045898 0.995117 0.001953 0.001953
1 0.729492 0.993164 0.001953 0.001953
0 0.531250 0.996094 0.011719 0.007812
0 0.543945 0.994141 0.005859 0.007812
0 0.464844 0.992188 0.003906 0.003906
0 0.538086 0.989258 0.001953 0.001953
0 0.532227 0.990234 0.001953 0.003906
0 0.560547 0.983398 0.003906 0.001953
0 0.516602 0.983398 0.001953 0.001953
0 0.496094 0.983398 0.007812 0.005859
0 0.229492 0.979492 0.001953 0.001953
0 0.950195 0.977539 0.001953 0.001953
0 0.499023 0.977539 0.001953 0.001953
0 0.999023 0.969727 0.001953 0.001953
0 0.952148 0.973633 0.005859 0.013672
0 0.137695 0.965820 0.001953 0.001953
0 0.126953 0.968750 0.003906 0.007812
0 0.476562 0.964844 0.003906 0.003906
0 0.403320 0.959961 0.001953 0.001953
0 0.472656 0.958008 0.003906 0.001953
0 0.583984 0.975586 0.042969 0.041016
0 0.131836 0.952148 0.001953 0.001953
0 0.413086 0.946289 0.005859 0.001953
0 0.129883 0.949219 0.005859 0.007812
0 0.872070 0.940430 0.001953 0.001953
0 0.334961 0.969727 0.232422 0.060547
0 0.114258 0.940430 0.005859 0.005859
0 0.215820 0.939453 0.017578 0.019531
0 0.110352 0.930664 0.001953 0.001953
0 0.156250 0.958984 0.042969 0.062500
0 0.037109 0.953125 0.042969 0.050781
0 0.477539 0.926758 0.001953 0.001953
0 0.209961 0.924805 0.001953 0.001953
0 0.214844 0.922852 0.007812 0.005859
0 0.547852 0.918945 0.001953 0.001953
0 0.487305 0.952148 0.103516 0.068359
0 0.301758 0.916992 0.001953 0.001953
0 0.219727 0.916992 0.005859 0.001953
0 0.090820 0.916992 0.001953 0.001953
0 0.500977 0.913086 0.001953 0.001953
1 0.056641 0.915039 0.011719 0.005859
0 0.560547 0.920898 0.019531 0.021484
1 0.043945 0.911133 0.001953 0.001953
1 0.056641 0.909180 0.003906 0.001953
0 0.525391 0.909180 0.003906 0.005859
0 0.300781 0.908203 0.003906 0.003906
0 0.500977 0.907227 0.005859 0.005859
0 0.783203 0.910156 0.011719 0.015625
0 0.295898 0.901367 0.001953 0.001953
0 0.297852 0.895508 0.001953 0.001953
0 0.680664 0.905273 0.025391 0.025391
0 0.523438 0.896484 0.003906 0.007812
0 0.281250 0.912109 0.035156 0.039062
0 0.530273 0.891602 0.001953 0.001953
0 0.574219 0.890625 0.003906 0.003906
0 0.321289 0.888672 0.001953 0.003906
0 0.540039 0.889648 0.013672 0.013672
1 0.007812 0.892578 0.015625 0.019531
0 0.187500 0.882812 0.003906 0.003906
1 0.004883 0.881836 0.001953 0.001953
0 0.118164 0.905273 0.060547 0.052734
0 0.133789 0.872070 0.001953 0.001953
0 0.127930 0.870117 0.001953 0.001953
0 0.741211 0.866211 0.009766 0.005859
0 0.668945 0.862305 0.001953 0.001953
0 0.712891 0.865234 0.011719 0.011719
0 0.006836 0.860352 0.001953 0.001953
0 0.157227 0.852539 0.001953 0.001953
0 0.001953 0.854492 0.003906 0.005859
0 0.795898 0.851562 0.001953 0.003906
0 0.007812 0.852539 0.007812 0.005859
0 0.118164 0.844727 0.017578 0.005859
0 0.521484 0.842773 0.007812 0.005859
0 0.785156 0.838867 0.003906 0.001953
0 0.383789 0.854492 0.033203 0.033203
0 0.803711 0.833008 0.001953 0.001953
0 0.011719 0.832031 0.007812 0.003906
0 0.181641 0.852539 0.074219 0.048828
0 0.002930 0.832031 0.005859 0.007812
1 0.815430 0.827148 0.001953 0.001953
0 0.115234 0.831055 0.007812 0.009766
0 0.108398 0.827148 0.001953 0.001953
0 0.119141 0.826172 0.003906 0.003906
0 0.020508 0.825195 0.001953 0.001953
0 0.124023 0.823242 0.001953 0.001953
0 0.103516 0.825195 0.007812 0.005859
0 0.110352 0.821289 0.001953 0.001953
0 0.062500 0.865234 0.085938 0.089844
0 0.936523 0.817383 0.001953 0.001953
0 0.643555 0.814453 0.001953 0.003906
0 0.279297 0.841797 0.054688 0.062500
0 0.555664 0.810547 0.001953 0.003906
0 0.723633 0.805664 0.001953 0.001953
0 0.105469 0.807617 0.015625 0.005859
0 0.307617 0.800781 0.001953 0.003906
0 0.754883 0.807617 0.017578 0.021484
0 0.596680 0.797852 0.001953 0.005859
0 0.211914 0.806641 0.021484 0.023438
0 0.006836 0.802734 0.013672 0.015625
0 0.004883 0.795898 0.001953 0.001953
0 0.728516 0.798828 0.007812 0.011719
0 0.202148 0.793945 0.001953 0.001953
0 0.936523 0.790039 0.001953 0.001953
0 0.844727 0.791016 0.005859 0.007812
0 0.561523 0.788086 0.001953 0.001953
0 0.587891 0.796875 0.011719 0.031250
0 0.613281 0.791992 0.027344 0.025391
1 0.844727 0.778320 0.001953 0.001953
0 0.657227 0.781250 0.009766 0.011719
0 0.584961 0.776367 0.001953 0.001953
0 0.907227 0.774414 0.001953 0.001953
0 0.260742 0.768555 0.001953 0.001953
0 0.258789 0.774414 0.009766 0.013672
0 0.016602 0.771484 0.009766 0.007812
0 0.842773 0.764648 0.001953 0.001953
0 0.352539 0.769531 0.005859 0.011719
0 0.708008 0.772461 0.021484 0.021484
0 0.856445 0.765625 0.013672 0.015625
0 0.916016 0.757812 0.003906 0.003906
0 0.959961 0.753906 0.005859 0.007812
0 0.563477 0.767578 0.033203 0.035156
0 0.877930 0.749023 0.001953 0.001953
1 0.954102 0.733398 0.001953 0.001953
0 0.852539 0.729492 0.001953 0.001953
0 0.219727 0.747070 0.056641 0.037109
1 0.960938 0.728516 0.003906 0.003906
1 0.877930 0.727539 0.001953 0.001953
0 0.862305 0.727539 0.005859 0.001953
1 0.956055 0.726562 0.001953 0.003906
0 0.950195 0.725586 0.001953 0.001953
0 0.852539 0.725586 0.001953 0.001953
0 0.758789 0.723633 0.001953 0.001953
0 0.734375 0.722656 0.011719 0.003906
1 0.952148 0.720703 0.001953 0.003906
1 0.856445 0.717773 0.001953 0.001953
0 0.729492 0.717773 0.001953 0.001953
0 0.317383 0.715820 0.001953 0.001953
0 0.336914 0.728516 0.033203 0.046875
0 0.857422 0.704102 0.003906 0.001953
0 0.753906 0.710938 0.019531 0.015625
0 0.858398 0.700195 0.001953 0.001953
0 0.829102 0.698242 0.005859 0.005859
0 0.963867 0.700195 0.013672 0.013672
0 0.975586 0.692383 0.001953 0.001953
0 0.825195 0.844727 0.349609 0.310547
0 0.996094 0.687500 0.003906 0.003906
0 0.983398 0.686523 0.001953 0.001953
0 0.843750 0.702148 0.019531 0.033203
0 0.978516 0.684570 0.003906 0.001953
0 0.925781 0.682617 0.003906 0.005859
0 0.929688 0.676758 0.003906 0.001953
0 0.990234 0.677734 0.003906 0.007812
0 0.567383 0.674805 0.001953 0.001953
0 0.392578 0.674805 0.003906 0.005859
0 0.319336 0.672852 0.001953 0.001953
0 0.999023 0.670898 0.001953 0.001953
0 0.750000 0.679688 0.007812 0.019531
0 0.372070 0.670898 0.001953 0.001953
0 0.315430 0.670898 0.001953 0.001953
0 0.930664 0.668945 0.001953 0.001953
0 0.406250 0.672852 0.011719 0.009766
0 0.053711 0.669922 0.001953 0.003906
0 0.909180 0.666992 0.001953 0.001953
0 0.918945 0.667969 0.013672 0.011719
0 0.854492 0.663086 0.001953 0.001953
0 0.936523 0.661133 0.001953 0.001953
0 0.285156 0.664062 0.011719 0.007812
1 0.991211 0.654297 0.001953 0.003906
0 0.311523 0.654297 0.001953 0.003906
1 0.996094 0.657227 0.007812 0.013672
0 0.929688 0.653320 0.007812 0.009766
0 0.310547 0.646484 0.007812 0.007812
1 0.981445 0.647461 0.009766 0.013672
0 0.926758 0.635742 0.001953 0.001953
0 0.890625 0.635742 0.003906 0.001953
0 0.434570 0.635742 0.001953 0.001953
0 0.874023 0.653320 0.041016 0.041016
0 0.327148 0.633789 0.001953 0.001953
0 0.441406 0.640625 0.019531 0.019531
1 0.381836 0.632812 0.005859 0.003906
1 0.373047 0.632812 0.003906 0.003906
0 0.496094 0.625000 0.003906 0.003906
0 0.106445 0.627930 0.005859 0.009766
0 0.483398 0.622070 0.001953 0.001953
0 0.487305 0.620117 0.001953 0.001953
1 0.239258 0.621094 0.009766 0.007812
1 0.155273 0.616211 0.001953 0.001953
0 0.504883 0.614258 0.001953 0.001953
0 0.494141 0.615234 0.003906 0.003906
0 0.424805 0.610352 0.001953 0.001953
0 0.418945 0.613281 0.005859 0.007812
0 0.026367 0.610352 0.001953 0.001953
0 0.032227 0.613281 0.005859 0.011719
0 0.511719 0.608398 0.007812 0.005859
0 0.020508 0.604492 0.001953 0.001953
1 0.136719 0.600586 0.007812 0.005859
1 0.269531 0.601562 0.019531 0.015625
0 0.855469 0.591797 0.003906 0.003906
0 0.205078 0.593750 0.007812 0.007812
0 0.937500 0.618164 0.062500 0.060547
0 0.846680 0.593750 0.009766 0.011719
0 0.270508 0.589844 0.005859 0.003906
0 0.087891 0.588867 0.003906 0.001953
0 0.313477 0.584961 0.001953 0.001953
0 0.264648 0.583008 0.001953 0.001953
0 0.102539 0.583008 0.001953 0.001953
0 0.085938 0.580078 0.003906 0.003906
0 0.099609 0.577148 0.003906 0.001953
0 0.335938 0.576172 0.003906 0.003906
0 0.334961 0.571289 0.001953 0.001953
0 0.891602 0.567383 0.001953 0.001953
0 0.884766 0.564453 0.003906 0.003906
0 0.566406 0.567383 0.011719 0.013672
0 0.122070 0.563477 0.005859 0.005859
1 0.565430 0.559570 0.001953 0.001953
1 0.569336 0.558594 0.001953 0.003906
0 0.553711 0.559570 0.009766 0.009766
0 0.547852 0.551758 0.001953 0.001953
0 0.208008 0.570312 0.044922 0.039062
0 0.150391 0.553711 0.007812 0.005859
0 0.848633 0.567383 0.029297 0.037109
1 0.580078 0.549805 0.003906 0.001953
0 0.376953 0.609375 0.140625 0.121094
0 0.405273 0.549805 0.001953 0.001953
0 0.549805 0.545898 0.001953 0.005859
0 0.542969 0.544922 0.003906 0.003906
0 0.019531 0.545898 0.007812 0.005859
0 0.016602 0.540039 0.001953 0.001953
0 0.842773 0.536133 0.001953 0.001953
0 0.032227 0.533203 0.001953 0.003906
0 0.174805 0.530273 0.001953 0.001953
0 0.166016 0.530273 0.003906 0.001953
0 0.823242 0.528320 0.001953 0.001953
0 0.185547 0.529297 0.003906 0.003906
0 0.012695 0.529297 0.001953 0.003906
0 0.798828 0.538086 0.031250 0.025391
0 0.217773 0.527344 0.005859 0.007812
0 0.013672 0.523438 0.003906 0.003906
0 0.564453 0.532227 0.042969 0.029297
1 0.529297 0.518555 0.003906 0.001953
0 0.325195 0.523438 0.013672 0.011719
1 0.012695 0.518555 0.001953 0.001953
0 0.838867 0.516602 0.001953 0.001953
0 0.004883 0.527344 0.009766 0.023438
0 0.848633 0.525391 0.013672 0.023438
0 0.381836 0.518555 0.013672 0.013672
1 0.008789 0.512695 0.001953 0.001953
0 0.975586 0.510742 0.001953 0.001953
0 0.282227 0.511719 0.001953 0.003906
0 0.999023 0.508789 0.001953 0.001953
0 0.811523 0.506836 0.001953 0.001953
0 0.827148 0.516602 0.025391 0.025391
0 0.528320 0.504883 0.001953 0.001953
0 0.999023 0.503906 0.001953 0.003906
0 0.729492 0.524414 0.041016 0.044922
0 0.143555 0.506836 0.013672 0.009766
0 0.372070 0.497070 0.001953 0.001953
0 0.956055 0.496094 0.001953 0.003906
0 0.483398 0.495117 0.001953 0.001953
0 0.193359 0.505859 0.027344 0.023438
0 0.814453 0.495117 0.003906 0.005859
0 0.029297 0.492188 0.003906 0.003906
0 0.958984 0.488281 0.003906 0.003906
0 0.508789 0.485352 0.001953 0.001953
0 0.977539 0.495117 0.025391 0.025391
0 0.644531 0.483398 0.003906 0.001953
0 0.436523 0.483398 0.001953 0.001953
0 0.815430 0.481445 0.001953 0.001953
0 0.516602 0.481445 0.001953 0.001953
0 0.508789 0.481445 0.001953 0.001953
0 0.504883 0.481445 0.001953 0.001953
0 0.119141 0.477539 0.003906 0.001953
0 0.602539 0.480469 0.013672 0.011719
1 0.211914 0.475586 0.001953 0.001953
0 0.416992 0.469727 0.001953 0.001953
0 0.317383 0.469727 0.005859 0.005859
0 0.156250 0.470703 0.007812 0.007812
0 0.120117 0.465820 0.001953 0.001953
0 0.096680 0.465820 0.001953 0.001953
1 0.008789 0.465820 0.001953 0.001953
0 0.447266 0.473633 0.042969 0.025391
0 0.014648 0.488281 0.029297 0.054688
1 0.014648 0.463867 0.005859 0.005859
0 0.680664 0.458008 0.001953 0.001953
0 0.668945 0.458984 0.005859 0.003906
0 0.443359 0.458008 0.003906 0.001953
0 0.024414 0.458008 0.001953 0.001953
0 0.401367 0.456055 0.001953 0.001953
0 0.867188 0.456055 0.011719 0.005859
0 0.678711 0.448242 0.001953 0.001953
0 0.498047 0.451172 0.015625 0.011719
0 0.024414 0.450195 0.013672 0.009766
0 0.421875 0.499023 0.101562 0.111328
0 0.391602 0.442383 0.001953 0.001953
0 0.397461 0.438477 0.001953 0.001953
0 0.493164 0.436523 0.001953 0.001953
0 0.146484 0.461914 0.054688 0.052734
0 0.030273 0.434570 0.001953 0.001953
0 0.888672 0.448242 0.023438 0.033203
0 0.496094 0.433594 0.003906 0.003906
0 0.410156 0.430664 0.019531 0.017578
0 0.372070 0.426758 0.009766 0.009766
0 0.099609 0.427734 0.015625 0.011719
0 0.601562 0.428711 0.023438 0.017578
1 0.522461 0.419922 0.001953 0.003906
0 0.276367 0.416992 0.001953 0.001953
0 0.895508 0.420898 0.005859 0.013672
0 0.514648 0.439453 0.041016 0.054688
1 0.094727 0.415039 0.005859 0.009766
0 0.432617 0.411133 0.005859 0.005859
0 0.405273 0.409180 0.001953 0.001953
0 0.106445 0.416992 0.005859 0.017578
0 0.386719 0.407227 0.003906 0.001953
0 0.950195 0.408203 0.005859 0.007812
0 0.719727 0.405273 0.001953 0.001953
0 0.412109 0.406250 0.003906 0.003906
0 0.393555 0.405273 0.001953 0.001953
0 0.268555 0.405273 0.001953 0.001953
0 0.367188 0.400391 0.003906 0.003906
0 0.551758 0.397461 0.001953 0.001953
0 0.754883 0.401367 0.017578 0.013672
0 0.139648 0.395508 0.001953 0.001953
0 0.932617 0.391602 0.001953 0.001953
0 0.544922 0.397461 0.007812 0.013672
0 0.543945 0.387695 0.001953 0.001953
0 0.651367 0.383789 0.001953 0.001953
0 0.536133 0.383789 0.001953 0.001953
0 0.434570 0.383789 0.001953 0.001953
0 0.827148 0.381836 0.001953 0.001953
0 0.717773 0.390625 0.025391 0.019531
0 0.666992 0.379883 0.001953 0.001953
1 0.549805 0.381836 0.013672 0.009766
0 0.276367 0.381836 0.009766 0.009766
0 0.131836 0.377930 0.001953 0.001953
0 0.715820 0.370117 0.001953 0.001953
0 0.843750 0.371094 0.007812 0.007812
0 0.877930 0.380859 0.029297 0.039062
0 0.827148 0.363281 0.005859 0.007812
0 0.387695 0.382812 0.064453 0.054688
0 0.196289 0.356445 0.001953 0.001953
0 0.360352 0.354492 0.001953 0.001953
0 0.355469 0.354492 0.003906 0.001953
0 0.838867 0.460938 0.154297 0.222656
0 0.717773 0.350586 0.001953 0.001953
0 0.607422 0.355469 0.011719 0.011719
0 0.370117 0.353516 0.005859 0.007812
0 0.728516 0.361328 0.015625 0.035156
0 0.547852 0.342773 0.001953 0.001953
0 0.923828 0.342773 0.003906 0.005859
0 0.860352 0.342773 0.005859 0.009766
0 0.549805 0.336914 0.001953 0.001953
0 0.426758 0.337891 0.001953 0.003906
0 0.811523 0.334961 0.001953 0.001953
0 0.330078 0.342773 0.007812 0.017578
0 0.233398 0.334961 0.001953 0.001953
0 0.522461 0.333984 0.001953 0.003906
0 0.566406 0.349609 0.062500 0.039062
0 0.558594 0.331055 0.003906 0.001953
0 0.531250 0.333984 0.007812 0.007812
0 0.473633 0.333008 0.005859 0.005859
0 0.469727 0.329102 0.001953 0.001953
0 0.705078 0.321289 0.003906 0.001953
0 0.922852 0.317383 0.001953 0.001953
0 0.883789 0.315430 0.001953 0.001953
0 0.053711 0.315430 0.005859 0.001953
1 0.046875 0.316406 0.003906 0.003906
1 0.040039 0.313477 0.001953 0.001953
0 0.277344 0.316406 0.015625 0.011719
0 0.895508 0.332031 0.048828 0.050781
0 0.889648 0.307617 0.001953 0.001953
0 0.791016 0.308594 0.003906 0.003906
0 0.298828 0.305664 0.003906 0.005859
0 0.329102 0.303711 0.001953 0.005859
0 0.290039 0.307617 0.013672 0.013672
0 0.436523 0.301758 0.001953 0.005859
0 0.323242 0.303711 0.005859 0.009766
0 0.846680 0.297852 0.001953 0.001953
0 0.720703 0.295898 0.003906 0.001953
0 0.570312 0.296875 0.003906 0.003906
0 0.509766 0.301758 0.023438 0.017578
0 0.422852 0.291992 0.001953 0.001953
0 0.405273 0.309570 0.033203 0.041016
0 0.388672 0.291992 0.003906 0.005859
0 0.299805 0.291016 0.005859 0.007812
0 0.290039 0.288086 0.001953 0.001953
0 0.418945 0.284180 0.001953 0.001953
0 0.756836 0.292969 0.021484 0.027344
0 0.583008 0.285156 0.021484 0.011719
0 0.436523 0.280273 0.001953 0.001953
0 0.392578 0.285156 0.007812 0.011719
0 0.382812 0.278320 0.007812 0.005859
0 0.678711 0.328125 0.087891 0.109375
0 0.611328 0.276367 0.011719 0.005859
0 0.588867 0.275391 0.005859 0.003906
0 0.625977 0.272461 0.001953 0.001953
1 0.214844 0.277344 0.011719 0.011719
0 0.616211 0.271484 0.001953 0.003906
0 0.206055 0.270508 0.001953 0.001953
0 0.770508 0.271484 0.005859 0.007812
0 0.254883 0.268555 0.001953 0.001953
0 0.811523 0.272461 0.013672 0.013672
0 0.622070 0.267578 0.005859 0.003906
0 0.616211 0.266602 0.001953 0.001953
0 0.824219 0.265625 0.007812 0.003906
0 0.274414 0.265625 0.005859 0.003906
0 0.286133 0.265625 0.009766 0.007812
0 0.280273 0.262695 0.001953 0.001953
0 0.742188 0.264648 0.015625 0.013672
0 0.625000 0.260742 0.003906 0.005859
0 0.262695 0.258789 0.001953 0.001953
0 0.256836 0.259766 0.001953 0.003906
0 0.676758 0.257812 0.005859 0.003906
0 0.620117 0.250977 0.001953 0.001953
0 0.284180 0.250977 0.001953 0.001953
0 0.262695 0.251953 0.001953 0.003906
0 0.245117 0.253906 0.009766 0.007812
0 0.288086 0.247070 0.001953 0.001953
0 0.621094 0.246094 0.003906 0.003906
0 0.255859 0.240234 0.003906 0.007812
0 0.536133 0.233398 0.001953 0.001953
0 0.228516 0.240234 0.019531 0.019531
0 0.536133 0.229492 0.001953 0.001953
0 0.532227 0.227539 0.001953 0.001953
0 0.649414 0.227539 0.005859 0.005859
0 0.516602 0.225586 0.001953 0.001953
0 0.643555 0.223633 0.001953 0.001953
0 0.537109 0.224609 0.003906 0.003906
0 0.224609 0.223633 0.003906 0.001953
0 0.520508 0.225586 0.009766 0.013672
0 0.516602 0.220703 0.001953 0.003906
0 0.514648 0.215820 0.001953 0.001953
0 0.262695 0.215820 0.001953 0.001953
0 0.207031 0.220703 0.007812 0.011719
0 0.521484 0.214844 0.003906 0.003906
0 0.625977 0.233398 0.091797 0.048828
0 0.520508 0.209961 0.001953 0.001953
0 0.622070 0.204102 0.001953 0.001953
0 0.562500 0.206055 0.003906 0.005859
0 0.942383 0.198242 0.005859 0.005859
0 0.851562 0.201172 0.011719 0.011719
0 0.614258 0.196289 0.001953 0.001953
0 0.559570 0.196289 0.001953 0.001953
0 0.044922 0.200195 0.003906 0.009766
0 0.708008 0.213867 0.029297 0.048828
0 0.698242 0.190430 0.001953 0.001953
0 0.647461 0.182617 0.001953 0.001953
0 0.276367 0.182617 0.001953 0.001953
0 0.958984 0.178711 0.003906 0.001953
0 0.945312 0.184570 0.015625 0.013672
0 0.296875 0.214844 0.070312 0.074219
0 0.254883 0.178711 0.001953 0.001953
0 0.934570 0.177734 0.005859 0.003906
0 0.008789 0.176758 0.001953 0.001953
0 0.958008 0.174805 0.001953 0.001953
0 0.344727 0.176758 0.005859 0.005859
0 0.292969 0.175781 0.003906 0.003906
0 0.942383 0.172852 0.001953 0.001953
0 0.301758 0.174805 0.005859 0.005859
0 0.199219 0.173828 0.003906 0.003906
0 0.149414 0.172852 0.001953 0.001953
0 0.259766 0.169922 0.003906 0.003906
0 0.775391 0.166016 0.003906 0.003906
1 0.072266 0.163086 0.003906 0.005859
0 0.139648 0.159180 0.001953 0.001953
1 0.015625 0.162109 0.011719 0.019531
0 0.951172 0.153320 0.003906 0.009766
0 0.355469 0.153320 0.019531 0.009766
0 0.284180 0.150391 0.005859 0.003906
0 0.312500 0.156250 0.023438 0.023438
0 0.671875 0.180664 0.074219 0.083984
0 0.754883 0.140625 0.009766 0.007812
0 0.670898 0.135742 0.001953 0.001953
0 0.759766 0.133789 0.003906 0.001953
0 0.741211 0.131836 0.001953 0.001953
0 0.231445 0.131836 0.001953 0.001953
0 0.186523 0.129883 0.001953 0.001953
0 0.250000 0.150391 0.046875 0.050781
0 0.174805 0.125977 0.001953 0.001953
0 0.251953 0.123047 0.003906 0.003906
0 0.305664 0.118164 0.001953 0.001953
0 0.570312 0.121094 0.011719 0.011719
0 0.180664 0.119141 0.013672 0.011719
0 0.392578 0.114258 0.003906 0.005859
0 0.270508 0.108398 0.001953 0.001953
0 0.296875 0.109375 0.007812 0.007812
0 0.218750 0.103516 0.003906 0.003906
0 0.877930 0.161133 0.244141 0.123047
0 0.273438 0.098633 0.003906 0.001953
0 0.581055 0.092773 0.001953 0.001953
0 0.607422 0.134766 0.082031 0.109375
1 0.250000 0.080078 0.003906 0.007812
1 0.225586 0.077148 0.001953 0.001953
0 0.230469 0.094727 0.023438 0.037109
0 0.209961 0.077148 0.001953 0.001953
0 0.223633 0.073242 0.001953 0.001953
1 0.127930 0.073242 0.001953 0.001953
0 0.308594 0.061523 0.003906 0.001953
0 0.638672 0.064453 0.011719 0.011719
1 0.173828 0.081055 0.089844 0.044922
0 0.395508 0.057617 0.001953 0.001953
0 0.666992 0.045898 0.013672 0.005859
0 0.672852 0.039062 0.009766 0.007812
0 0.377930 0.037109 0.001953 0.003906
0 0.731445 0.039062 0.013672 0.011719
0 0.000977 0.028320 0.001953 0.001953
0 0.672852 0.014648 0.001953 0.001953
0 0.663086 0.014648 0.001953 0.001953
1 0.114258 0.014648 0.001953 0.001953
0 0.691406 0.012695 0.003906 0.001953
0 0.422852 0.012695 0.001953 0.001953
0 0.250977 0.012695 0.001953 0.001953
1 0.215820 0.032227 0.041016 0.056641
0 0.442383 0.030273 0.048828 0.056641
0 0.403320 0.002930 0.001953 0.001953
0 0.684570 0.000977 0.001953 0.001953
0 0.678711 0.000977 0.001953 0.001953
0 0.666016 0.002930 0.011719 0.005859
0 0.628906 0.007812 0.027344 0.015625
0 0.537109 0.004883 0.019531 0.009766
0 0.462891 0.001953 0.003906 0.003906
0 0.458008 0.000977 0.001953 0.001953
0 0.422852 0.004883 0.005859 0.009766
0 0.416992 0.000977 0.001953 0.001953
0 0.370117 0.002930 0.009766 0.005859
0 0.329102 0.001953 0.009766 0.003906
0 0.291992 0.033203 0.080078 0.066406
0 0.165039 0.329102 0.330078 0.658203
0 0.040039 0.000977 0.001953 0.001953
0 0.036133 0.000977 0.001953 0.001953
0 0.030273 0.000977 0.001953 0.001953
2 0.963867 0.999023 0.001953 0.001953
2 0.401367 0.999023 0.001953 0.001953
2 0.397461 0.999023 0.001953 0.001953
2 0.389648 0.999023 0.005859 0.001953
2 0.375000 0.997070 0.003906 0.001953
2 0.235352 0.997070 0.001953 0.001953
2 0.977539 0.997070 0.021484 0.005859
2 0.770508 0.997070 0.001953 0.005859
2 0.804688 0.994141 0.015625 0.011719
2 0.254883 0.984375 0.001953 0.003906
3 0.299805 0.989258 0.095703 0.021484
2 0.242188 0.989258 0.015625 0.021484
2 0.758789 0.981445 0.013672 0.009766
3 0.891602 0.975586 0.001953 0.001953
2 0.379883 0.969727 0.001953 0.001953
2 0.787109 0.968750 0.007812 0.007812
2 0.764648 0.965820 0.001953 0.001953
2 0.915039 0.963867 0.001953 0.001953
2 0.756836 0.963867 0.001953 0.001953
2 0.999023 0.961914 0.001953 0.001953
2 0.934570 0.952148 0.001953 0.001953
2 0.790039 0.952148 0.001953 0.001953
2 0.958008 0.973633 0.083984 0.052734
2 0.727539 0.972656 0.099609 0.054688
2 0.959961 0.944336 0.001953 0.001953
2 0.881836 0.966797 0.060547 0.066406
2 0.928711 0.939453 0.037109 0.019531
2 0.821289 0.922852 0.001953 0.001953
2 0.849609 0.916016 0.003906 0.007812
2 0.901367 0.909180 0.001953 0.001953
2 0.006836 0.899414 0.001953 0.001953
2 0.807617 0.902344 0.017578 0.019531
2 0.815430 0.886719 0.001953 0.007812
2 0.798828 0.879883 0.003906 0.005859
2 0.799805 0.870117 0.001953 0.001953
2 0.813477 0.854492 0.001953 0.001953
2 0.853516 0.832031 0.007812 0.007812
2 0.864258 0.827148 0.001953 0.001953
2 0.770508 0.821289 0.001953 0.001953
2 0.803711 0.819336 0.001953 0.001953
3 0.891602 0.836914 0.037109 0.041016
2 0.864258 0.805664 0.001953 0.001953
2 0.825195 0.797852 0.005859 0.005859
2 0.959961 0.790039 0.001953 0.001953
2 0.877930 0.786133 0.001953 0.001953
2 0.920898 0.772461 0.001953 0.001953
2 0.811523 0.767578 0.005859 0.007812
2 0.830078 0.768555 0.011719 0.013672
2 0.895508 0.760742 0.001953 0.001953
2 0.833008 0.760742 0.001953 0.001953
2 0.874023 0.758789 0.001953 0.001953
2 0.819336 0.758789 0.001953 0.001953
2 0.833008 0.756836 0.001953 0.001953
2 0.997070 0.745117 0.005859 0.017578
2 0.823242 0.731445 0.001953 0.001953
2 0.817383 0.727539 0.001953 0.001953
2 0.913086 0.709961 0.005859 0.009766
2 0.090820 0.534180 0.001953 0.001953
2 0.141602 0.532227 0.001953 0.001953
2 0.094727 0.531250 0.005859 0.003906
2 0.047852 0.458008 0.001953 0.001953
2 0.057617 0.428711 0.001953 0.001953
2 0.050781 0.429688 0.003906 0.003906
2 0.045898 0.422852 0.001953 0.001953
2 0.038086 0.409180 0.009766 0.005859
2 0.057617 0.411133 0.025391 0.017578
3 0.094727 0.397461 0.001953 0.001953
2 0.040039 0.397461 0.001953 0.001953
2 0.020508 0.395508 0.001953 0.001953
3 0.104492 0.393555 0.001953 0.001953
3 0.096680 0.393555 0.001953 0.001953
2 0.083008 0.391602 0.001953 0.001953
3 0.051758 0.358398 0.001953 0.001953
2 0.208008 0.338867 0.001953 0.001953
2 0.202148 0.333008 0.001953 0.001953
2 0.198242 0.333008 0.001953 0.001953
3 0.097656 0.339844 0.023438 0.019531
3 0.224609 0.325195 0.003906 0.001953
2 0.090820 0.326172 0.001953 0.003906
3 0.209961 0.323242 0.001953 0.001953
2 0.065430 0.317383 0.001953 0.001953
2 0.115234 0.313477 0.050781 0.029297
2 0.070312 0.292969 0.003906 0.003906
2 0.136719 0.255859 0.015625 0.015625
2 0.199219 0.241211 0.003906 0.001953
2 0.198242 0.237305 0.001953 0.001953
2 0.061523 0.229492 0.001953 0.001953
2 0.119141 0.233398 0.011719 0.013672
2 0.063477 0.221680 0.001953 0.001953
2 0.809570 0.202148 0.001953 0.001953
3 0.127930 0.196289 0.009766 0.033203
2 0.129883 0.120117 0.001953 0.001953
2 0.092773 0.073242 0.001953 0.001953
2 0.295898 0.049805 0.001953 0.001953
2 0.102539 0.043945 0.001953 0.001953
2 0.311523 0.038086 0.001953 0.001953
3 0.112305 0.029297 0.001953 0.003906
3 0.108398 0.026367 0.001953 0.005859
2 0.073242 0.024414 0.009766 0.013672
2 0.262695 0.014648 0.001953 0.001953
2 0.092773 0.020508 0.009766 0.013672
2 0.061523 0.014648 0.001953 0.001953
2 0.624023 0.004883 0.001953 0.001953
2 0.062500 0.007812 0.011719 0.007812
2 0.305664 0.002930 0.001953 0.001953
2 0.500000 0.500000 1.000000 1.000000
2 0.049805 0.165039 0.099609 0.330078