1 0.540039 0.952148 0.001953 0.001953
1 0.558594 0.946289 0.003906 0.001953
1 0.016602 0.442383 0.001953 0.001953
1 0.007812 0.086914 0.015625 0.009766
0 0.040039 0.071289 0.001953 0.001953
1 0.935547 0.066406 0.003906 0.011719
1 0.251953 0.055664 0.003906 0.001953
1 0.232422 0.041016 0.003906 0.003906
1 0.211914 0.025391 0.037109 0.031250
1 0.000977 0.009766 0.001953 0.003906
1 0.546875 0.007812 0.023438 0.015625
1 0.470703 0.017578 0.070312 0.035156
1 0.500000 0.500000 1.000000 1.000000
3 0.571289 0.998047 0.009766 0.003906
3 0.369141 0.998047 0.007812 0.003906
3 0.836914 0.997070 0.005859 0.005859
2 0.503906 0.996094 0.003906 0.003906
2 0.499023 0.995117 0.001953 0.001953
3 0.608398 0.996094 0.017578 0.007812
3 0.417969 0.994141 0.007812 0.003906
3 0.167969 0.995117 0.015625 0.009766
3 0.555664 0.989258 0.005859 0.001953
3 0.393555 0.988281 0.005859 0.003906
3 0.125977 0.992188 0.009766 0.015625
3 0.567383 0.977539 0.001953 0.001953
3 0.145508 0.979492 0.005859 0.005859
3 0.382812 0.975586 0.003906 0.005859
3 0.489258 0.981445 0.017578 0.021484
3 0.310547 0.985352 0.023438 0.029297
3 0.243164 0.974609 0.005859 0.007812
3 0.004883 0.976562 0.009766 0.011719
3 0.188477 0.977539 0.037109 0.017578
3 0.811523 0.970703 0.001953 0.007812
3 0.260742 0.966797 0.005859 0.007812
2 0.826172 0.973633 0.023438 0.025391
3 0.604492 0.971680 0.029297 0.021484
3 0.403320 0.961914 0.001953 0.001953
3 0.397461 0.960938 0.005859 0.003906
3 0.499023 0.960938 0.013672 0.011719
3 0.406250 0.954102 0.003906 0.001953
2 0.831055 0.952148 0.001953 0.001953
2 0.588867 0.949219 0.017578 0.011719
3 0.045898 0.947266 0.009766 0.007812
3 0.119141 0.950195 0.015625 0.017578
3 0.877930 0.939453 0.001953 0.003906
2 0.146484 0.941406 0.007812 0.007812
3 0.374023 0.944336 0.037109 0.025391
3 0.937500 0.949219 0.031250 0.054688
3 0.899414 0.927734 0.033203 0.011719
3 0.793945 0.950195 0.080078 0.056641
3 0.057617 0.931641 0.013672 0.027344
3 0.914062 0.913086 0.003906 0.001953
3 0.850586 0.925781 0.021484 0.031250
3 0.222656 0.916992 0.011719 0.013672
3 0.916992 0.909180 0.001953 0.001953
3 0.996094 0.916016 0.007812 0.019531
3 0.972656 0.907227 0.003906 0.001953
3 0.751953 0.909180 0.011719 0.013672
3 0.444336 0.938477 0.111328 0.083984
3 0.247070 0.895508 0.001953 0.001953
3 0.041016 0.899414 0.015625 0.009766
3 0.400391 0.897461 0.015625 0.009766
3 0.963867 0.909180 0.017578 0.037109
3 0.864258 0.894531 0.001953 0.007812
3 0.451172 0.892578 0.011719 0.007812
3 0.419922 0.889648 0.003906 0.005859
3 0.096680 0.881836 0.001953 0.001953
3 0.034180 0.881836 0.009766 0.005859
3 0.955078 0.878906 0.003906 0.003906
3 0.765625 0.888672 0.023438 0.023438
3 0.430664 0.886719 0.037109 0.019531
3 0.797852 0.874023 0.001953 0.001953
3 0.977539 0.872070 0.001953 0.001953
3 0.553711 0.935547 0.087891 0.128906
3 0.052734 0.876953 0.011719 0.011719
3 0.458008 0.872070 0.013672 0.005859
3 0.826172 0.870117 0.015625 0.009766
2 0.477539 0.871094 0.009766 0.011719
3 0.338867 0.879883 0.017578 0.029297
3 0.740234 0.864258 0.007812 0.009766
3 0.084961 0.865234 0.005859 0.011719
3 0.879883 0.857422 0.001953 0.003906
3 0.747070 0.859375 0.009766 0.007812
3 0.473633 0.856445 0.001953 0.001953
3 0.511719 0.854492 0.003906 0.005859
3 0.235352 0.854492 0.005859 0.005859
3 0.713867 0.860352 0.013672 0.025391
3 0.453125 0.851562 0.007812 0.007812
3 0.993164 0.871094 0.013672 0.050781
3 0.110352 0.849609 0.005859 0.015625
3 0.100586 0.846680 0.009766 0.009766
3 0.730469 0.846680 0.011719 0.013672
3 0.436523 0.843750 0.005859 0.007812
3 0.461914 0.842773 0.009766 0.009766
3 0.096680 0.836914 0.001953 0.001953
3 0.008789 0.844727 0.013672 0.017578
3 0.271484 0.836914 0.011719 0.005859
3 0.426758 0.835938 0.013672 0.007812
3 0.400391 0.835938 0.011719 0.007812
3 0.375977 0.837891 0.029297 0.011719
3 0.968750 0.834961 0.011719 0.009766
3 0.257812 0.828125 0.003906 0.003906
3 0.229492 0.827148 0.001953 0.001953
3 0.719727 0.828125 0.025391 0.011719
3 0.497070 0.838867 0.048828 0.037109
3 0.448242 0.825195 0.009766 0.009766
3 0.908203 0.820312 0.007812 0.007812
2 0.592773 0.817383 0.001953 0.001953
3 0.062500 0.819336 0.015625 0.009766
3 0.493164 0.813477 0.013672 0.009766
3 0.310547 0.875000 0.054688 0.132812
3 0.227539 0.812500 0.009766 0.007812
2 0.873047 0.808594 0.003906 0.003906
3 0.553711 0.808594 0.005859 0.003906
2 0.903320 0.806641 0.013672 0.007812
3 0.794922 0.806641 0.011719 0.007812
3 0.494141 0.804688 0.003906 0.003906
2 0.119141 0.802734 0.011719 0.007812
3 0.782227 0.796875 0.001953 0.003906
3 0.515625 0.799805 0.011719 0.009766
3 0.461914 0.796875 0.005859 0.003906
3 0.364258 0.800781 0.021484 0.011719
3 0.845703 0.798828 0.011719 0.011719
3 0.421875 0.798828 0.027344 0.011719
3 0.962891 0.795898 0.015625 0.009766
3 0.935547 0.792969 0.003906 0.003906
3 0.083984 0.804688 0.015625 0.027344
2 0.913086 0.790039 0.001953 0.001953
3 0.565430 0.793945 0.009766 0.009766
3 0.404297 0.789062 0.003906 0.003906
2 0.717773 0.786133 0.001953 0.001953
2 0.706055 0.786133 0.005859 0.001953
2 0.125977 0.784180 0.001953 0.001953
3 0.916992 0.782227 0.001953 0.001953
3 0.957031 0.780273 0.003906 0.005859
3 0.840820 0.782227 0.017578 0.009766
2 0.140625 0.780273 0.015625 0.005859
2 0.102539 0.779297 0.029297 0.007812
3 0.757812 0.779297 0.011719 0.011719
2 0.651367 0.770508 0.001953 0.001953
3 0.546875 0.772461 0.007812 0.005859
3 0.791016 0.774414 0.015625 0.013672
2 0.653320 0.766602 0.001953 0.001953
3 0.612305 0.765625 0.009766 0.003906
3 0.665039 0.792969 0.185547 0.058594
3 0.954102 0.763672 0.005859 0.003906
3 0.005859 0.768555 0.011719 0.013672
3 0.577148 0.760742 0.001953 0.001953
3 0.433594 0.770508 0.015625 0.021484
3 0.955078 0.758789 0.003906 0.001953
3 0.820312 0.763672 0.007812 0.011719
3 0.543945 0.761719 0.005859 0.007812
3 0.798828 0.757812 0.011719 0.007812
3 0.249023 0.770508 0.013672 0.033203
3 0.891602 0.750977 0.001953 0.001953
3 0.846680 0.749023 0.001953 0.001953
3 0.663086 0.751953 0.005859 0.007812
3 0.758789 0.748047 0.001953 0.003906
3 0.708008 0.745117 0.001953 0.001953
3 0.807617 0.746094 0.009766 0.007812
3 0.899414 0.742188 0.001953 0.003906
3 0.884766 0.743164 0.011719 0.005859
3 0.921875 0.741211 0.011719 0.009766
3 0.546875 0.745117 0.011719 0.017578
3 0.865234 0.737305 0.011719 0.005859
3 0.002930 0.744141 0.005859 0.019531
3 0.732422 0.734375 0.003906 0.007812
3 0.708008 0.733398 0.009766 0.005859
3 0.178711 0.731445 0.001953 0.001953
3 0.622070 0.729492 0.001953 0.001953
3 0.008789 0.730469 0.005859 0.003906
3 0.611328 0.730469 0.019531 0.007812
3 0.182617 0.727539 0.001953 0.001953
2 0.873047 0.725586 0.003906 0.001953
3 0.822266 0.727539 0.015625 0.005859
3 0.795898 0.731445 0.017578 0.013672
3 0.575195 0.732422 0.013672 0.019531
3 0.276367 0.741211 0.033203 0.041016
2 0.875977 0.720703 0.001953 0.003906
3 0.520508 0.734375 0.029297 0.031250
3 0.520508 0.718750 0.001953 0.003906
3 0.328125 0.718750 0.035156 0.015625
3 0.424805 0.731445 0.029297 0.048828
3 0.482422 0.710938 0.011719 0.011719
3 0.150391 0.707031 0.003906 0.003906
3 0.885742 0.709961 0.021484 0.017578
3 0.768555 0.703125 0.005859 0.003906
3 0.436523 0.699219 0.005859 0.003906
3 0.973633 0.714844 0.041016 0.039062
3 0.769531 0.717773 0.042969 0.044922
3 0.650391 0.703125 0.015625 0.015625
3 0.461914 0.704102 0.017578 0.021484
3 0.482422 0.697266 0.011719 0.011719
3 0.428711 0.692383 0.001953 0.001953
3 0.436523 0.690430 0.001953 0.001953
3 0.250977 0.690430 0.001953 0.001953
2 0.413086 0.696289 0.009766 0.017578
3 0.867188 0.690430 0.011719 0.009766
3 0.761719 0.686523 0.007812 0.005859
2 0.742188 0.686523 0.003906 0.009766
3 0.293945 0.688477 0.041016 0.013672
3 0.337891 0.692383 0.019531 0.025391
3 0.826172 0.701172 0.062500 0.046875
2 0.787109 0.679688 0.007812 0.007812
3 0.383789 0.681641 0.009766 0.011719
3 0.467773 0.670898 0.001953 0.001953
3 0.310547 0.672852 0.007812 0.005859
3 0.131836 0.670898 0.001953 0.001953
3 0.688477 0.692383 0.072266 0.048828
2 0.433594 0.669922 0.007812 0.003906
3 0.138672 0.669922 0.007812 0.003906
2 0.812500 0.674805 0.023438 0.017578
3 0.345703 0.667969 0.003906 0.003906
3 0.897461 0.680664 0.041016 0.033203
2 0.838867 0.668945 0.005859 0.009766
3 0.830078 0.665039 0.003906 0.001953
2 0.947266 0.661133 0.003906 0.005859
2 0.756836 0.664062 0.009766 0.011719
3 0.106445 0.666992 0.037109 0.017578
3 0.329102 0.657227 0.001953 0.001953
2 0.956055 0.655273 0.001953 0.001953
2 0.938477 0.656250 0.005859 0.007812
3 0.779297 0.662109 0.011719 0.019531
3 0.372070 0.662109 0.025391 0.023438
2 0.946289 0.649414 0.001953 0.001953
2 0.925781 0.652344 0.011719 0.007812
3 0.888672 0.654297 0.007812 0.011719
2 0.788086 0.652344 0.013672 0.011719
2 0.741211 0.651367 0.009766 0.009766
3 0.482422 0.658203 0.019531 0.023438
2 0.733398 0.648438 0.009766 0.007812
2 0.657227 0.637695 0.017578 0.009766
3 0.500000 0.638672 0.011719 0.011719
3 0.871094 0.647461 0.015625 0.033203
3 0.934570 0.634766 0.005859 0.011719
3 0.636719 0.627930 0.003906 0.001953
3 0.220703 0.640625 0.054688 0.027344
3 0.561523 0.627930 0.005859 0.005859
2 0.514648 0.628906 0.013672 0.007812
2 0.848633 0.624023 0.001953 0.001953
3 0.899414 0.628906 0.009766 0.015625
3 0.416992 0.625000 0.009766 0.007812
2 0.823242 0.621094 0.005859 0.003906
3 0.176758 0.629883 0.009766 0.021484
2 0.509766 0.620117 0.007812 0.005859
3 0.483398 0.618164 0.001953 0.001953
3 0.923828 0.623047 0.015625 0.015625
2 0.855469 0.617188 0.003906 0.003906
2 0.658203 0.620117 0.011719 0.009766
3 0.626953 0.617188 0.003906 0.003906
2 0.336914 0.622070 0.009766 0.013672
2 0.752930 0.625977 0.013672 0.025391
3 0.483398 0.612305 0.001953 0.001953
3 0.423828 0.615234 0.011719 0.007812
2 0.809570 0.610352 0.001953 0.001953
3 0.433594 0.611328 0.003906 0.003906
3 0.390625 0.644531 0.093750 0.070312
2 0.643555 0.608398 0.001953 0.001953
3 0.549805 0.615234 0.017578 0.015625
2 0.903320 0.608398 0.009766 0.009766
2 0.762695 0.604492 0.001953 0.001953
3 0.044922 0.615234 0.023438 0.023438
3 0.698242 0.625000 0.041016 0.046875
3 0.571289 0.605469 0.013672 0.007812
3 0.120117 0.602539 0.009766 0.005859
3 0.765625 0.600586 0.003906 0.005859
3 0.463867 0.604492 0.017578 0.013672
3 0.378906 0.602539 0.019531 0.009766
3 0.415039 0.597656 0.005859 0.003906
2 0.646484 0.597656 0.007812 0.007812
3 0.361328 0.595703 0.003906 0.003906
2 0.623047 0.592773 0.003906 0.001953
2 0.952148 0.595703 0.017578 0.011719
2 0.892578 0.594727 0.011719 0.013672
2 0.719727 0.591797 0.013672 0.007812
3 0.633789 0.589844 0.009766 0.003906
3 0.761719 0.588867 0.003906 0.005859
3 0.596680 0.589844 0.009766 0.007812
2 0.532227 0.584961 0.005859 0.001953
3 0.651367 0.580078 0.001953 0.003906
2 0.929688 0.583984 0.007812 0.015625
2 0.875977 0.592773 0.021484 0.033203
3 0.361328 0.574219 0.003906 0.007812
3 0.552734 0.594727 0.113281 0.052734
3 0.709961 0.565430 0.001953 0.001953
3 0.354492 0.563477 0.001953 0.001953
3 0.819336 0.561523 0.001953 0.001953
3 0.772461 0.569336 0.009766 0.025391
3 0.489258 0.558594 0.001953 0.003906
3 0.335938 0.567383 0.023438 0.021484
3 0.978516 0.599609 0.042969 0.089844
2 0.680664 0.566406 0.052734 0.023438
3 0.113281 0.576172 0.167969 0.042969
3 0.428711 0.571289 0.115234 0.037109
3 0.507812 0.551758 0.007812 0.001953
3 0.823242 0.552734 0.005859 0.007812
3 0.734375 0.555664 0.019531 0.013672
3 0.864258 0.567383 0.048828 0.041016
3 0.046875 0.544922 0.011719 0.011719
3 0.793945 0.534180 0.001953 0.001953
3 0.870117 0.537109 0.009766 0.011719
2 0.964844 0.534180 0.011719 0.013672
3 0.566406 0.540039 0.027344 0.025391
2 0.330078 0.533203 0.023438 0.011719
3 0.006836 0.530273 0.013672 0.009766
2 0.889648 0.526367 0.005859 0.009766
2 0.416016 0.536133 0.023438 0.033203
3 0.196289 0.524414 0.009766 0.009766
2 0.621094 0.520508 0.003906 0.005859
3 0.269531 0.529297 0.011719 0.023438
3 0.751953 0.519531 0.023438 0.015625
2 0.930664 0.502930 0.001953 0.001953
3 0.471680 0.502930 0.001953 0.001953
3 0.766602 0.501953 0.001953 0.003906
2 0.625977 0.505859 0.029297 0.023438
3 0.135742 0.495117 0.001953 0.001953
3 0.118164 0.491211 0.001953 0.001953
3 0.464844 0.493164 0.011719 0.009766
3 0.114258 0.491211 0.001953 0.005859
2 0.616211 0.487305 0.001953 0.001953
3 0.104492 0.493164 0.013672 0.013672
3 0.266602 0.494141 0.005859 0.019531
3 0.116211 0.485352 0.001953 0.001953
3 0.680664 0.492188 0.123047 0.019531
2 0.612305 0.482422 0.013672 0.003906
2 0.934570 0.531250 0.080078 0.105469
3 0.875000 0.492188 0.031250 0.027344
2 0.979492 0.491211 0.021484 0.029297
3 0.463867 0.481445 0.013672 0.009766
3 0.803711 0.475586 0.001953 0.001953
3 0.400391 0.499023 0.031250 0.048828
3 0.042969 0.485352 0.015625 0.021484
3 0.856445 0.474609 0.005859 0.003906
2 0.858398 0.469727 0.001953 0.001953
3 0.458984 0.467773 0.003906 0.001953
3 0.008789 0.495117 0.017578 0.056641
3 0.623047 0.466797 0.011719 0.011719
3 0.634766 0.457031 0.011719 0.015625
3 0.130859 0.455078 0.011719 0.011719
3 0.185547 0.453125 0.023438 0.023438
2 0.808594 0.444336 0.011719 0.009766
3 0.860352 0.457031 0.083984 0.039062
3 0.984375 0.437500 0.003906 0.007812
2 0.675781 0.448242 0.050781 0.029297
3 0.167969 0.437500 0.007812 0.007812
3 0.527344 0.436523 0.023438 0.021484
2 0.394531 0.427734 0.007812 0.007812
2 0.000977 0.424805 0.001953 0.001953
2 0.062500 0.436523 0.015625 0.029297
3 0.994141 0.429688 0.011719 0.031250
3 0.737305 0.424805 0.083984 0.033203
3 0.343750 0.414062 0.007812 0.011719
3 0.645508 0.416016 0.025391 0.023438
2 0.785156 0.395508 0.027344 0.009766
3 0.335938 0.398438 0.007812 0.015625
3 0.091797 0.431641 0.046875 0.082031
2 0.998047 0.389648 0.003906 0.001953
3 0.678711 0.401367 0.025391 0.029297
3 0.262695 0.423828 0.111328 0.078125
3 0.478516 0.391602 0.023438 0.017578
3 0.321289 0.383789 0.001953 0.001953
3 0.867188 0.395508 0.015625 0.029297
3 0.945312 0.386719 0.011719 0.015625
3 0.880859 0.388672 0.007812 0.019531
2 0.834961 0.379883 0.005859 0.005859
2 0.994141 0.378906 0.007812 0.007812
3 0.901367 0.375977 0.001953 0.001953
3 0.399414 0.381836 0.017578 0.013672
3 0.690430 0.385742 0.013672 0.025391
3 0.665039 0.376953 0.009766 0.007812
2 0.035156 0.422852 0.070312 0.099609
3 0.207031 0.381836 0.035156 0.025391
3 0.875977 0.371094 0.005859 0.007812
3 0.438477 0.395508 0.048828 0.056641
3 0.844727 0.374023 0.005859 0.017578
3 0.908203 0.366211 0.011719 0.013672
3 0.608398 0.357422 0.037109 0.015625
3 0.356445 0.456055 0.060547 0.212891
3 0.575195 0.347656 0.005859 0.003906
3 0.229492 0.352539 0.013672 0.013672
3 0.470703 0.335938 0.007812 0.003906
2 0.332031 0.334961 0.015625 0.009766
2 0.330078 0.314453 0.003906 0.003906
3 0.776367 0.345703 0.123047 0.070312
3 0.911133 0.310547 0.041016 0.011719
3 0.164062 0.317383 0.039062 0.025391
3 0.987305 0.304688 0.005859 0.011719
2 0.776367 0.301758 0.009766 0.009766
3 0.538086 0.295898 0.001953 0.001953
3 0.334961 0.298828 0.005859 0.007812
3 0.998047 0.294922 0.003906 0.003906
2 0.489258 0.291992 0.001953 0.001953
3 0.554688 0.297852 0.015625 0.021484
3 0.920898 0.284180 0.001953 0.001953
3 0.236328 0.290039 0.011719 0.013672
3 0.385742 0.316406 0.087891 0.070312
3 0.317383 0.289062 0.021484 0.015625
2 0.477539 0.294922 0.037109 0.035156
3 0.359375 0.279297 0.003906 0.003906
3 0.469727 0.276367 0.001953 0.001953
3 0.439453 0.280273 0.011719 0.009766
3 0.502930 0.271484 0.001953 0.003906
3 0.835938 0.271484 0.015625 0.007812
3 0.317383 0.268555 0.005859 0.005859
3 0.054688 0.266602 0.003906 0.001953
3 0.067383 0.264648 0.005859 0.001953
3 0.036133 0.262695 0.005859 0.001953
3 0.541992 0.263672 0.005859 0.007812
3 0.919922 0.259766 0.007812 0.007812
3 0.681641 0.294922 0.230469 0.078125
3 0.488281 0.259766 0.007812 0.007812
3 0.661133 0.262695 0.009766 0.017578
3 0.110352 0.270508 0.048828 0.041016
3 0.934570 0.259766 0.013672 0.023438
2 0.794922 0.255859 0.015625 0.019531
3 0.110352 0.246094 0.005859 0.003906
3 0.240234 0.248047 0.015625 0.015625
3 0.009766 0.247070 0.019531 0.013672
3 0.772461 0.238281 0.009766 0.007812
3 0.633789 0.235352 0.001953 0.001953
3 0.259766 0.242188 0.019531 0.015625
3 0.544922 0.242188 0.011719 0.019531
3 0.958008 0.232422 0.005859 0.007812
2 0.850586 0.229492 0.001953 0.001953
2 0.883789 0.229492 0.009766 0.005859
2 0.223633 0.227539 0.001953 0.001953
3 0.928711 0.225586 0.001953 0.001953
3 0.285156 0.237305 0.039062 0.025391
2 0.846680 0.223633 0.005859 0.005859
3 0.809570 0.221680 0.001953 0.001953
3 0.081055 0.231445 0.111328 0.041016
3 0.967773 0.209961 0.001953 0.001953
2 0.899414 0.208008 0.001953 0.001953
2 0.538086 0.210938 0.013672 0.007812
2 0.135742 0.206055 0.001953 0.001953
3 0.935547 0.209961 0.011719 0.013672
3 0.253906 0.214844 0.019531 0.023438
2 0.150391 0.207031 0.007812 0.007812
2 0.625000 0.204102 0.003906 0.005859
3 0.293945 0.203125 0.013672 0.007812
3 0.028320 0.211914 0.025391 0.025391
3 0.646484 0.213867 0.023438 0.033203
2 0.851562 0.197266 0.007812 0.003906
3 0.503906 0.222656 0.031250 0.054688
3 0.865234 0.195312 0.003906 0.003906
2 0.099609 0.194336 0.003906 0.001953
3 0.954102 0.192383 0.001953 0.001953
3 0.382812 0.203125 0.070312 0.027344
3 0.074219 0.206055 0.039062 0.033203
2 0.826172 0.191406 0.007812 0.007812
2 0.758789 0.190430 0.009766 0.005859
2 0.311523 0.191406 0.017578 0.015625
3 0.983398 0.182617 0.001953 0.001953
2 0.889648 0.188477 0.017578 0.013672
3 0.341797 0.184570 0.007812 0.005859
2 0.108398 0.184570 0.013672 0.013672
3 0.994141 0.183594 0.011719 0.015625
2 0.863281 0.182617 0.027344 0.013672
2 0.583984 0.184570 0.011719 0.017578
3 0.155273 0.183594 0.041016 0.015625
2 0.878906 0.175781 0.003906 0.003906
3 0.405273 0.174805 0.001953 0.001953
2 0.889648 0.170898 0.001953 0.001953
3 0.435547 0.169922 0.003906 0.003906
2 0.822266 0.168945 0.003906 0.005859
3 0.034180 0.167969 0.017578 0.007812
2 0.877930 0.159180 0.005859 0.001953
3 0.726562 0.209961 0.257812 0.103516
3 0.397461 0.166992 0.033203 0.017578
3 0.209961 0.153320 0.005859 0.005859
3 0.048828 0.154297 0.011719 0.007812
3 0.244141 0.151367 0.003906 0.005859
2 0.902344 0.155273 0.015625 0.025391
3 0.991211 0.154297 0.017578 0.031250
2 0.795898 0.140625 0.005859 0.003906
3 0.514648 0.145508 0.029297 0.013672
2 0.973633 0.136719 0.001953 0.003906
3 0.739258 0.146484 0.044922 0.023438
3 0.250977 0.175781 0.064453 0.089844
3 0.205078 0.135742 0.011719 0.009766
2 0.908203 0.134766 0.011719 0.011719
3 0.153320 0.140625 0.025391 0.023438
2 0.033203 0.135742 0.019531 0.017578
2 0.020508 0.127930 0.001953 0.001953
2 0.916992 0.125977 0.001953 0.001953
3 0.450195 0.129883 0.005859 0.009766
2 0.829102 0.131836 0.009766 0.017578
2 0.261719 0.125977 0.003906 0.005859
3 0.153320 0.124023 0.001953 0.001953
2 0.916992 0.122070 0.001953 0.001953
2 0.890625 0.129883 0.011719 0.017578
3 0.583984 0.125000 0.019531 0.011719
3 0.153320 0.120117 0.005859 0.001953
2 0.773438 0.137695 0.031250 0.041016
3 0.741211 0.120117 0.017578 0.009766
3 0.115234 0.137695 0.050781 0.048828
3 0.643555 0.119141 0.009766 0.015625
3 0.654297 0.105469 0.007812 0.003906
3 0.606445 0.111328 0.013672 0.015625
3 0.077148 0.110352 0.041016 0.013672
2 0.913086 0.110352 0.005859 0.017578
3 0.571289 0.106445 0.017578 0.009766
3 0.783203 0.106445 0.023438 0.013672
3 0.734375 0.100586 0.042969 0.013672
3 0.685547 0.099609 0.027344 0.011719
3 0.598633 0.094727 0.048828 0.013672
3 0.997070 0.093750 0.005859 0.019531
3 0.375000 0.127930 0.269531 0.099609
3 0.608398 0.079102 0.013672 0.005859
3 0.514648 0.075195 0.001953 0.001953
3 0.501953 0.077148 0.007812 0.009766
3 0.224609 0.077148 0.007812 0.009766
2 0.750000 0.073242 0.011719 0.005859
3 0.545898 0.087891 0.025391 0.035156
3 0.371094 0.071289 0.003906 0.001953
3 0.356445 0.073242 0.013672 0.009766
3 0.313477 0.070312 0.025391 0.007812
3 0.360352 0.062500 0.013672 0.003906
3 0.036133 0.085938 0.072266 0.050781
2 0.038086 0.060547 0.001953 0.003906
3 0.407227 0.056641 0.001953 0.003906
2 0.718750 0.058594 0.019531 0.015625
2 0.856445 0.050781 0.005859 0.003906
3 0.389648 0.054688 0.029297 0.011719
2 0.355469 0.050781 0.003906 0.003906
2 0.866211 0.051758 0.005859 0.009766
2 0.780273 0.074219 0.048828 0.062500
2 0.766602 0.049805 0.009766 0.013672
3 0.104492 0.048828 0.017578 0.011719
3 0.359375 0.041016 0.007812 0.003906
2 0.741211 0.039062 0.005859 0.003906
2 0.863281 0.066406 0.078125 0.062500
3 0.140625 0.041992 0.011719 0.013672
3 0.397461 0.035156 0.009766 0.011719
3 0.148438 0.032227 0.003906 0.005859
2 0.046875 0.036133 0.015625 0.013672
2 0.824219 0.031250 0.023438 0.011719
3 0.025391 0.025391 0.007812 0.003906
3 0.943359 0.021484 0.007812 0.007812
2 0.640625 0.022461 0.011719 0.009766
3 0.964844 0.018555 0.003906 0.005859
2 0.821289 0.075195 0.064453 0.123047
3 0.259766 0.014648 0.007812 0.001953
2 0.846680 0.014648 0.009766 0.013672
3 0.982422 0.017578 0.035156 0.035156
3 0.935547 0.085938 0.070312 0.171875
2 0.870117 0.018555 0.041016 0.037109
3 0.722656 0.018555 0.136719 0.037109
3 0.511719 0.038086 0.261719 0.076172
2 0.333008 0.030273 0.087891 0.060547
3 0.208008 0.041016 0.146484 0.082031
3 0.083008 0.000977 0.005859 0.001953
3 0.028320 0.021484 0.056641 0.042969