1 0.334961 0.998047 0.005859 0.003906
1 0.388672 0.997070 0.003906 0.005859
1 0.076172 0.996094 0.015625 0.007812
1 0.621094 0.995117 0.011719 0.009766
1 0.601562 0.995117 0.019531 0.009766
1 0.687500 0.991211 0.011719 0.013672
1 0.086914 0.983398 0.009766 0.009766
1 0.752930 0.988281 0.029297 0.023438
1 0.390625 0.977539 0.003906 0.005859
1 0.547852 0.985352 0.060547 0.029297
1 0.181641 0.985352 0.031250 0.029297
1 0.665039 0.973633 0.025391 0.013672
0 0.794922 0.966797 0.007812 0.003906
1 0.585938 0.957031 0.007812 0.003906
1 0.050781 0.975586 0.039062 0.048828
0 0.916992 0.944336 0.001953 0.001953
1 0.019531 0.948242 0.015625 0.013672
1 0.789062 0.948242 0.011719 0.021484
1 0.758789 0.956055 0.025391 0.037109
1 0.071289 0.944336 0.013672 0.013672
0 0.918945 0.937500 0.005859 0.007812
0 0.070312 0.929688 0.003906 0.003906
1 0.001953 0.934570 0.003906 0.013672
1 0.692383 0.927734 0.001953 0.003906
1 0.243164 0.928711 0.017578 0.009766
0 0.922852 0.924805 0.005859 0.009766
0 0.144531 0.920898 0.003906 0.001953
1 0.029297 0.924805 0.015625 0.009766
1 0.686523 0.913086 0.001953 0.001953
1 0.696289 0.916016 0.013672 0.011719
0 0.871094 0.953125 0.175781 0.093750
1 0.553711 0.912109 0.013672 0.011719
0 0.885742 0.903320 0.001953 0.001953
1 0.045898 0.901367 0.001953 0.001953
1 0.721680 0.923828 0.068359 0.050781
1 0.037109 0.899414 0.003906 0.001953
1 0.062500 0.906250 0.031250 0.023438
1 0.048828 0.893555 0.007812 0.009766
1 0.530273 0.887695 0.001953 0.001953
1 0.897461 0.884766 0.013672 0.015625
1 0.345703 0.901367 0.015625 0.048828
1 0.585938 0.891602 0.035156 0.037109
1 0.875000 0.878906 0.027344 0.015625
1 0.791992 0.895508 0.033203 0.052734
1 0.626953 0.881836 0.027344 0.025391
1 0.430664 0.876953 0.009766 0.027344
1 0.742188 0.877930 0.027344 0.033203
1 0.504883 0.877930 0.037109 0.033203
1 0.024414 0.862305 0.017578 0.013672
1 0.295898 0.881836 0.091797 0.060547
1 0.784180 0.856445 0.009766 0.013672
1 0.053711 0.848633 0.017578 0.009766
1 0.851562 0.843750 0.003906 0.003906
0 0.772461 0.844727 0.005859 0.005859
1 0.619141 0.854492 0.023438 0.025391
1 0.451172 0.843750 0.003906 0.003906
1 0.788086 0.841797 0.001953 0.003906
1 0.188477 0.839844 0.005859 0.003906
1 0.786133 0.836914 0.001953 0.001953
0 0.212891 0.840820 0.011719 0.009766
1 0.842773 0.837891 0.005859 0.007812
1 0.391602 0.838867 0.009766 0.009766
1 0.298828 0.856445 0.121094 0.048828
1 0.791992 0.819336 0.001953 0.001953
1 0.447266 0.821289 0.007812 0.005859
1 0.140625 0.821289 0.019531 0.013672
1 0.957031 0.812500 0.007812 0.003906
1 0.616211 0.809570 0.001953 0.001953
1 0.777344 0.809570 0.003906 0.005859
1 0.620117 0.807617 0.001953 0.001953
1 0.614258 0.806641 0.009766 0.011719
1 0.573242 0.830078 0.068359 0.070312
1 0.207031 0.804688 0.058594 0.027344
1 0.658203 0.787109 0.007812 0.011719
1 0.407227 0.783203 0.001953 0.003906
1 0.414062 0.801758 0.050781 0.044922
1 0.411133 0.778320 0.005859 0.005859
1 0.806641 0.773438 0.003906 0.003906
1 0.287109 0.776367 0.113281 0.021484
1 0.876953 0.764648 0.003906 0.001953
1 0.596680 0.764648 0.001953 0.001953
1 0.040039 0.762695 0.001953 0.001953
1 0.637695 0.797852 0.037109 0.083984
0 0.216797 0.759766 0.023438 0.015625
1 0.993164 0.749023 0.013672 0.009766
1 0.635742 0.737305 0.001953 0.001953
1 0.667969 0.736328 0.011719 0.007812
1 0.896484 0.865234 0.207031 0.269531
1 0.202148 0.731445 0.001953 0.001953
1 0.125977 0.769531 0.146484 0.078125
1 0.688477 0.723633 0.001953 0.001953
1 0.649414 0.733398 0.021484 0.021484
1 0.360352 0.729492 0.017578 0.013672
1 0.820312 0.744141 0.070312 0.046875
1 0.041016 0.729492 0.015625 0.017578
1 0.692383 0.720703 0.001953 0.003906
1 0.216797 0.725586 0.019531 0.013672
1 0.698242 0.719727 0.005859 0.009766
1 0.337891 0.715820 0.011719 0.005859
1 0.129883 0.727539 0.009766 0.033203
1 0.137695 0.693359 0.001953 0.003906
1 0.791992 0.690430 0.001953 0.001953
1 0.294922 0.703125 0.035156 0.046875
1 0.297852 0.678711 0.005859 0.009766
1 0.974609 0.697266 0.050781 0.058594
1 0.731445 0.668945 0.001953 0.001953
1 0.981445 0.665039 0.001953 0.001953
1 0.912109 0.694336 0.027344 0.064453
1 0.769531 0.663086 0.007812 0.005859
1 0.271484 0.665039 0.015625 0.013672
1 0.974609 0.656250 0.003906 0.007812
1 0.006836 0.665039 0.013672 0.025391
1 0.757812 0.654297 0.011719 0.007812
1 0.683594 0.655273 0.015625 0.013672
1 0.799805 0.672852 0.068359 0.060547
1 0.466797 0.646484 0.062500 0.023438
1 0.840820 0.633789 0.001953 0.001953
1 0.506836 0.638672 0.013672 0.011719
1 0.262695 0.644531 0.076172 0.023438
1 0.505859 0.624023 0.003906 0.001953
1 0.945312 0.629883 0.023438 0.017578
1 0.399414 0.625000 0.005859 0.007812
1 0.678711 0.603516 0.025391 0.011719
1 0.737305 0.596680 0.001953 0.001953
1 0.151367 0.614258 0.048828 0.041016
1 0.743164 0.592773 0.005859 0.001953
1 0.732422 0.593750 0.003906 0.003906
1 0.027344 0.585938 0.003906 0.003906
1 0.972656 0.617188 0.054688 0.074219
1 0.666992 0.569336 0.001953 0.001953
1 0.663086 0.569336 0.001953 0.001953
1 0.654297 0.570312 0.007812 0.003906
1 0.670898 0.567383 0.001953 0.001953
1 0.613281 0.616211 0.214844 0.111328
1 0.004883 0.561523 0.005859 0.005859
1 0.109375 0.576172 0.054688 0.042969
0 0.396484 0.545898 0.019531 0.005859
1 0.497070 0.542969 0.001953 0.003906
1 0.457031 0.547852 0.011719 0.013672
1 0.851562 0.585938 0.222656 0.093750
1 0.275391 0.543945 0.011719 0.009766
1 0.239258 0.540039 0.001953 0.001953
1 0.676758 0.536133 0.001953 0.001953
1 0.522461 0.553711 0.052734 0.037109
1 0.843750 0.539062 0.015625 0.015625
1 0.251953 0.579102 0.039062 0.095703
1 0.924805 0.533203 0.021484 0.011719
1 0.561523 0.528320 0.005859 0.005859
1 0.835938 0.524414 0.007812 0.013672
1 0.233398 0.520508 0.005859 0.013672
1 0.448242 0.519531 0.025391 0.019531
1 0.181641 0.511719 0.019531 0.015625
1 0.471680 0.504883 0.013672 0.005859
1 0.403320 0.497070 0.001953 0.001953
1 0.236328 0.498047 0.007812 0.003906
1 0.136719 0.500977 0.011719 0.009766
1 0.918945 0.495117 0.001953 0.001953
0 0.409180 0.493164 0.001953 0.001953
1 0.506836 0.494141 0.033203 0.019531
1 0.139648 0.483398 0.005859 0.001953
1 0.026367 0.473633 0.001953 0.001953
1 0.172852 0.478516 0.025391 0.015625
1 0.438477 0.467773 0.001953 0.001953
1 0.145508 0.470703 0.017578 0.007812
0 0.583008 0.465820 0.001953 0.001953
1 0.079102 0.469727 0.013672 0.009766
1 0.616211 0.470703 0.021484 0.015625
1 0.221680 0.463867 0.001953 0.001953
1 0.217773 0.459961 0.001953 0.001953
1 0.879883 0.512695 0.080078 0.123047
0 0.135742 0.455078 0.021484 0.011719
0 0.580078 0.454102 0.027344 0.013672
1 0.013672 0.459961 0.027344 0.029297
1 0.958008 0.468750 0.083984 0.050781
1 0.274414 0.444336 0.001953 0.001953
1 0.648438 0.446289 0.019531 0.009766
1 0.552734 0.449219 0.015625 0.015625
1 0.747070 0.444336 0.005859 0.009766
1 0.067383 0.444336 0.013672 0.009766
1 0.791992 0.438477 0.001953 0.001953
1 0.259766 0.438477 0.011719 0.009766
1 0.885742 0.435547 0.013672 0.007812
1 0.662109 0.467773 0.109375 0.076172
1 0.635742 0.434570 0.009766 0.009766
1 0.178711 0.446289 0.052734 0.037109
1 0.872070 0.429688 0.005859 0.007812
1 0.855469 0.424805 0.003906 0.005859
1 0.747070 0.422852 0.001953 0.001953
0 0.930664 0.420898 0.001953 0.001953
0 0.943359 0.420898 0.007812 0.005859
1 0.228516 0.425781 0.023438 0.015625
0 0.931641 0.416992 0.003906 0.001953
1 0.304688 0.428711 0.035156 0.025391
1 0.528320 0.417969 0.009766 0.007812
1 0.539062 0.411133 0.003906 0.001953
0 0.946289 0.411133 0.005859 0.005859
1 0.676758 0.412109 0.013672 0.007812
0 0.279297 0.410156 0.011719 0.007812
1 0.350586 0.420898 0.060547 0.033203
1 0.519531 0.406250 0.003906 0.007812
1 0.637695 0.410156 0.017578 0.019531
0 0.914062 0.401367 0.007812 0.005859
1 0.454102 0.399414 0.001953 0.001953
1 0.694336 0.396484 0.005859 0.003906
1 0.927734 0.396484 0.011719 0.007812
1 0.842773 0.407227 0.029297 0.029297
0 0.736328 0.395508 0.007812 0.009766
1 0.550781 0.391602 0.003906 0.001953
1 0.175781 0.405273 0.023438 0.029297
0 0.051758 0.394531 0.013672 0.011719
0 0.728516 0.389648 0.003906 0.005859
1 0.694336 0.385742 0.005859 0.005859
1 0.451172 0.455078 0.226562 0.144531
1 0.474609 0.385742 0.007812 0.005859
1 0.418945 0.381836 0.001953 0.001953
1 0.014648 0.385742 0.029297 0.017578
1 0.001953 0.376953 0.003906 0.007812
1 0.534180 0.370117 0.005859 0.005859
1 0.150391 0.374023 0.023438 0.013672
1 0.026367 0.368164 0.005859 0.005859
1 0.921875 0.373047 0.050781 0.019531
0 0.399414 0.370117 0.013672 0.013672
1 0.078125 0.375000 0.015625 0.035156
1 0.427734 0.352539 0.003906 0.005859
1 0.367188 0.354492 0.062500 0.021484
1 0.036133 0.348633 0.013672 0.009766
1 0.559570 0.371094 0.142578 0.066406
1 0.304688 0.337891 0.003906 0.003906
1 0.935547 0.336914 0.003906 0.005859
1 0.000977 0.336914 0.001953 0.005859
1 0.946289 0.332031 0.005859 0.007812
1 0.663086 0.348633 0.017578 0.041016
1 0.970703 0.339844 0.039062 0.027344
1 0.909180 0.327148 0.001953 0.001953
1 0.382812 0.324219 0.011719 0.007812
1 0.356445 0.315430 0.001953 0.001953
1 0.392578 0.314453 0.007812 0.007812
1 0.275391 0.328125 0.019531 0.035156
1 0.486328 0.311523 0.003906 0.005859
1 0.670898 0.311523 0.021484 0.017578
1 0.526367 0.307617 0.029297 0.013672
1 0.350586 0.303711 0.009766 0.005859
1 0.069336 0.305664 0.013672 0.009766
1 0.201172 0.302734 0.015625 0.007812
1 0.148438 0.300781 0.003906 0.007812
1 0.047852 0.294922 0.005859 0.003906
1 0.169922 0.295898 0.011719 0.009766
1 0.157227 0.290039 0.001953 0.001953
1 0.458008 0.286133 0.001953 0.001953
1 0.091797 0.292969 0.027344 0.015625
1 0.205078 0.288086 0.011719 0.009766
1 0.012695 0.293945 0.025391 0.021484
1 0.389648 0.281250 0.005859 0.003906
1 0.333984 0.274414 0.003906 0.001953
1 0.653320 0.273438 0.005859 0.003906
1 0.374023 0.272461 0.001953 0.001953
1 0.252930 0.272461 0.001953 0.001953
1 0.329102 0.270508 0.001953 0.001953
1 0.375977 0.268555 0.001953 0.001953
1 0.341797 0.269531 0.003906 0.003906
0 0.778320 0.266602 0.001953 0.001953
1 0.460938 0.271484 0.031250 0.019531
1 0.403320 0.262695 0.001953 0.001953
1 0.752930 0.260742 0.001953 0.001953
1 0.145508 0.263672 0.013672 0.007812
1 0.754883 0.256836 0.001953 0.001953
1 0.074219 0.271484 0.082031 0.031250
1 0.952148 0.252930 0.001953 0.001953
1 0.431641 0.273438 0.050781 0.042969
1 0.367188 0.260742 0.011719 0.017578
1 0.124023 0.255859 0.017578 0.015625
1 0.809570 0.245117 0.001953 0.001953
0 0.696289 0.248047 0.005859 0.007812
1 0.680664 0.249023 0.013672 0.009766
1 0.769531 0.259766 0.023438 0.035156
1 0.818359 0.243164 0.003906 0.005859
1 0.791016 0.240234 0.007812 0.003906
1 0.328125 0.246094 0.027344 0.019531
1 0.875977 0.235352 0.001953 0.001953
0 0.756836 0.233398 0.001953 0.001953
1 0.906250 0.270508 0.074219 0.083984
1 0.796875 0.235352 0.011719 0.013672
1 0.137695 0.228516 0.005859 0.003906
1 0.912109 0.226562 0.003906 0.003906
1 0.882812 0.222656 0.003906 0.003906
1 0.806641 0.223633 0.007812 0.005859
1 0.784180 0.221680 0.001953 0.001953
1 0.605469 0.233398 0.027344 0.025391
1 0.463867 0.223633 0.009766 0.005859
1 0.213867 0.221680 0.001953 0.001953
0 0.744141 0.222656 0.003906 0.007812
1 0.584961 0.219727 0.001953 0.001953
1 0.190430 0.224609 0.041016 0.011719
1 0.877930 0.217773 0.001953 0.001953
1 0.213867 0.217773 0.001953 0.001953
1 0.116211 0.234375 0.025391 0.039062
1 0.242188 0.219727 0.031250 0.017578
1 0.877930 0.208984 0.005859 0.003906
1 0.217773 0.206055 0.001953 0.001953
1 0.129883 0.204102 0.001953 0.001953
1 0.785156 0.198242 0.003906 0.005859
1 0.307617 0.248047 0.103516 0.105469
1 0.349609 0.209961 0.054688 0.033203
1 0.228516 0.195312 0.015625 0.023438
1 0.726562 0.187500 0.019531 0.015625
0 0.371094 0.181641 0.003906 0.003906
1 0.286133 0.184570 0.013672 0.009766
1 0.878906 0.184570 0.027344 0.017578
1 0.616211 0.180664 0.009766 0.009766
0 0.452148 0.174805 0.001953 0.001953
0 0.859375 0.174805 0.019531 0.005859
1 0.725586 0.174805 0.005859 0.005859
1 0.125000 0.174805 0.003906 0.005859
1 0.249023 0.179688 0.029297 0.023438
1 0.569336 0.169922 0.005859 0.007812
0 0.313477 0.170898 0.009766 0.009766
1 0.984375 0.165039 0.003906 0.005859
1 0.157227 0.166992 0.009766 0.009766
1 0.064453 0.163086 0.003906 0.001953
1 0.079102 0.215820 0.158203 0.107422
1 0.787109 0.165039 0.007812 0.009766
1 0.171875 0.158203 0.003906 0.003906
1 0.198242 0.161133 0.017578 0.013672
1 0.059570 0.153320 0.001953 0.001953
1 0.054688 0.152344 0.003906 0.003906
0 0.999023 0.149414 0.001953 0.001953
1 0.267578 0.157227 0.019531 0.017578
1 0.215820 0.149414 0.013672 0.009766
1 0.881836 0.144531 0.005859 0.003906
1 0.269531 0.142578 0.007812 0.003906
1 0.930664 0.149414 0.025391 0.021484
1 0.075195 0.141602 0.009766 0.005859
1 0.411133 0.135742 0.017578 0.013672
1 0.258789 0.131836 0.005859 0.013672
1 0.944336 0.127930 0.005859 0.009766
1 0.261719 0.120117 0.003906 0.009766
1 0.961914 0.119141 0.009766 0.011719
1 0.824219 0.125977 0.019531 0.025391
1 0.668945 0.128906 0.044922 0.035156
1 0.608398 0.119141 0.021484 0.015625
1 0.220703 0.112305 0.003906 0.005859
1 0.063477 0.115234 0.013672 0.011719
1 0.598633 0.108398 0.001953 0.001953
0 0.507812 0.110352 0.011719 0.005859
1 0.870117 0.118164 0.041016 0.033203
1 0.241211 0.119141 0.021484 0.035156
1 0.308594 0.106445 0.015625 0.013672
1 0.688477 0.095703 0.005859 0.003906
1 0.583008 0.097656 0.009766 0.007812
1 0.280273 0.095703 0.009766 0.007812
1 0.265625 0.093750 0.003906 0.003906
0 0.781250 0.095703 0.007812 0.011719
1 0.961914 0.093750 0.025391 0.011719
1 0.751953 0.131836 0.046875 0.087891
1 0.545898 0.161133 0.056641 0.146484
0 0.504883 0.087891 0.013672 0.003906
1 0.914062 0.091797 0.035156 0.019531
1 0.661133 0.088867 0.041016 0.017578
1 0.997070 0.081055 0.005859 0.009766
0 0.795898 0.081055 0.009766 0.009766
1 0.701172 0.076172 0.003906 0.003906
1 0.809570 0.071289 0.001953 0.001953
0 0.779297 0.071289 0.027344 0.013672
1 0.062500 0.069336 0.011719 0.009766
1 0.235352 0.074219 0.017578 0.023438
1 0.190430 0.071289 0.021484 0.017578
1 0.711914 0.064453 0.009766 0.011719
0 0.810547 0.053711 0.003906 0.005859
1 0.254883 0.055664 0.009766 0.009766
1 0.218750 0.050781 0.003906 0.003906
1 0.518555 0.045898 0.001953 0.001953
1 0.477539 0.038086 0.001953 0.001953
0 0.803711 0.034180 0.001953 0.001953
1 0.475586 0.034180 0.001953 0.001953
1 0.956055 0.036133 0.013672 0.013672
1 0.916016 0.041992 0.042969 0.029297
1 0.298828 0.045898 0.050781 0.048828
1 0.442383 0.021484 0.005859 0.003906
1 0.415039 0.039062 0.056641 0.042969
1 0.899414 0.021484 0.017578 0.015625
1 0.136719 0.015625 0.003906 0.003906
1 0.710938 0.014648 0.003906 0.005859
1 0.490234 0.018555 0.011719 0.013672
0 0.835938 0.010742 0.003906 0.001953
1 0.093750 0.035156 0.050781 0.050781
1 0.333984 0.009766 0.003906 0.003906
1 0.983398 0.004883 0.005859 0.009766
1 0.912109 0.001953 0.011719 0.003906
1 0.867188 0.029297 0.039062 0.058594
1 0.821289 0.019531 0.033203 0.039062
1 0.677734 0.002930 0.015625 0.005859
0 0.602539 0.013672 0.056641 0.027344
1 0.329102 0.007812 0.009766 0.015625
1 0.153320 0.006836 0.021484 0.013672
1 0.116211 0.001953 0.001953 0.003906
3 0.977539 0.999023 0.001953 0.001953
3 0.547852 0.992188 0.033203 0.015625
3 0.977539 0.983398 0.001953 0.001953
3 0.987305 0.990234 0.017578 0.019531
3 0.868164 0.989258 0.142578 0.021484
3 0.979492 0.962891 0.041016 0.042969
2 0.990234 0.951172 0.019531 0.023438
3 0.999023 0.924805 0.001953 0.001953
3 0.990234 0.927734 0.007812 0.015625
3 0.999023 0.918945 0.001953 0.005859
3 0.916992 0.897461 0.001953 0.001953
3 0.988281 0.870117 0.023438 0.033203
3 0.954102 0.880859 0.044922 0.097656
3 0.954102 0.817383 0.091797 0.091797
3 0.967773 0.768555 0.001953 0.001953
3 0.999023 0.704102 0.001953 0.001953
3 0.005859 0.294922 0.003906 0.003906
2 0.009766 0.255859 0.007812 0.003906
3 0.021484 0.252930 0.011719 0.005859
3 0.045898 0.245117 0.013672 0.009766
3 0.500000 0.500000 1.000000 1.000000