0 0.985352 0.999023 0.001953 0.001953
0 0.978516 0.999023 0.003906 0.001953
0 0.313477 0.999023 0.001953 0.001953
0 0.447266 0.998047 0.007812 0.003906
0 0.987305 0.995117 0.001953 0.001953
0 0.793945 0.995117 0.001953 0.001953
0 0.133789 0.997070 0.001953 0.005859
0 0.002930 0.997070 0.005859 0.005859
0 0.803711 0.996094 0.013672 0.007812
0 0.995117 0.993164 0.009766 0.005859
0 0.983398 0.991211 0.001953 0.001953
0 0.390625 0.992188 0.007812 0.003906
0 0.060547 0.994141 0.007812 0.007812
0 0.989258 0.987305 0.005859 0.001953
0 0.401367 0.987305 0.001953 0.001953
0 0.389648 0.987305 0.001953 0.001953
0 0.385742 0.987305 0.001953 0.001953
0 0.616211 0.992188 0.041016 0.015625
0 0.149414 0.992188 0.025391 0.015625
0 0.961914 0.991211 0.021484 0.017578
0 0.406250 0.983398 0.003906 0.001953
1 0.931641 0.982422 0.003906 0.003906
0 0.618164 0.981445 0.001953 0.001953
0 0.090820 0.981445 0.001953 0.001953
1 0.915039 0.977539 0.001953 0.001953
0 0.612305 0.975586 0.001953 0.001953
0 0.761719 0.974609 0.003906 0.003906
0 0.753906 0.974609 0.003906 0.003906
0 0.395508 0.974609 0.001953 0.003906
0 0.071289 0.973633 0.001953 0.001953
0 0.838867 0.971680 0.001953 0.001953
0 0.068359 0.979492 0.011719 0.017578
1 0.840820 0.967773 0.001953 0.001953
0 0.077148 0.968750 0.005859 0.007812
0 0.197266 0.967773 0.007812 0.009766
1 0.155273 0.962891 0.001953 0.003906
1 0.901367 0.958008 0.001953 0.001953
0 0.770508 0.960938 0.005859 0.007812
0 0.761719 0.958008 0.003906 0.001953
0 0.546875 0.959961 0.011719 0.009766
0 0.291016 0.964844 0.019531 0.019531
0 0.017578 0.971680 0.035156 0.033203
1 0.836914 0.954102 0.001953 0.001953
0 0.563477 0.975586 0.048828 0.048828
0 0.981445 0.948242 0.001953 0.001953
0 0.458008 0.948242 0.001953 0.001953
0 0.416016 0.960938 0.027344 0.027344
0 0.971680 0.947266 0.001953 0.003906
0 0.559570 0.947266 0.001953 0.003906
0 0.053711 0.946289 0.001953 0.001953
0 0.922852 0.940430 0.001953 0.001953
0 0.080078 0.943359 0.007812 0.007812
0 0.995117 0.944336 0.009766 0.013672
0 0.758789 0.938477 0.001953 0.001953
0 0.132812 0.938477 0.007812 0.005859
0 0.054688 0.937500 0.003906 0.003906
0 0.856445 0.934570 0.001953 0.001953
0 0.993164 0.932617 0.005859 0.001953
0 0.930664 0.934570 0.005859 0.005859
0 0.846680 0.965820 0.146484 0.068359
0 0.990234 0.927734 0.003906 0.003906
0 0.035156 0.932617 0.007812 0.013672
0 0.977539 0.924805 0.001953 0.001953
0 0.948242 0.920898 0.001953 0.001953
0 0.463867 0.920898 0.001953 0.001953
0 0.038086 0.921875 0.001953 0.003906
0 0.470703 0.918945 0.003906 0.005859
0 0.053711 0.915039 0.001953 0.001953
0 0.305664 0.914062 0.001953 0.003906
0 0.143555 0.923828 0.021484 0.027344
0 0.948242 0.913086 0.005859 0.009766
0 0.047852 0.907227 0.001953 0.001953
0 0.239258 0.903320 0.001953 0.001953
0 0.856445 0.903320 0.005859 0.005859
0 0.884766 0.903320 0.019531 0.013672
0 0.860352 0.897461 0.001953 0.001953
0 0.854492 0.895508 0.001953 0.001953
0 0.093750 0.915039 0.054688 0.048828
0 0.392578 0.885742 0.003906 0.001953
1 0.991211 0.899414 0.017578 0.037109
0 0.845703 0.885742 0.007812 0.009766
0 0.543945 0.884766 0.005859 0.007812
0 0.331055 0.879883 0.001953 0.001953
0 0.850586 0.875977 0.001953 0.001953
0 0.598633 0.872070 0.001953 0.001953
0 0.850586 0.870117 0.001953 0.001953
0 0.190430 0.870117 0.001953 0.001953
0 0.355469 0.872070 0.007812 0.009766
0 0.081055 0.868164 0.001953 0.001953
0 0.862305 0.862305 0.001953 0.001953
0 0.094727 0.858398 0.001953 0.001953
0 0.993164 0.863281 0.013672 0.015625
0 0.955078 0.916992 0.089844 0.123047
0 0.190430 0.856445 0.001953 0.001953
0 0.094727 0.854492 0.001953 0.001953
0 0.940430 0.852539 0.001953 0.001953
0 0.845703 0.857422 0.011719 0.011719
0 0.110352 0.855469 0.013672 0.015625
0 0.348633 0.846680 0.001953 0.001953
0 0.268555 0.851562 0.005859 0.011719
0 0.747070 0.845703 0.001953 0.003906
0 0.102539 0.844727 0.001953 0.001953
0 0.346680 0.843750 0.005859 0.003906
0 0.093750 0.841797 0.003906 0.003906
0 0.348633 0.838867 0.001953 0.001953
0 0.021484 0.872070 0.042969 0.068359
0 0.340820 0.839844 0.001953 0.007812
0 0.956055 0.834961 0.001953 0.001953
0 0.106445 0.837891 0.009766 0.007812
0 0.709961 0.834961 0.005859 0.005859
0 0.282227 0.833008 0.001953 0.001953
0 0.096680 0.831055 0.001953 0.001953
0 0.550781 0.829102 0.003906 0.001953
0 0.338867 0.829102 0.001953 0.001953
0 0.874023 0.829102 0.009766 0.005859
0 0.040039 0.827148 0.001953 0.001953
1 0.035156 0.828125 0.003906 0.003906
0 0.105469 0.829102 0.011719 0.009766
0 0.063477 0.844727 0.056641 0.044922
0 0.127930 0.822266 0.005859 0.007812
0 0.352539 0.809570 0.001953 0.001953
1 0.533203 0.808594 0.011719 0.011719
0 0.825195 0.795898 0.005859 0.001953
0 0.954102 0.790039 0.001953 0.001953
0 0.961914 0.789062 0.009766 0.011719
0 0.753906 0.824219 0.070312 0.085938
0 0.213867 0.782227 0.001953 0.001953
0 0.186523 0.782227 0.001953 0.001953
0 0.181641 0.783203 0.003906 0.007812
0 0.154297 0.778320 0.003906 0.001953
0 0.053711 0.796875 0.107422 0.050781
0 0.963867 0.774414 0.009766 0.009766
0 0.118164 0.769531 0.005859 0.003906
0 0.604492 0.764648 0.013672 0.009766
0 0.616211 0.752930 0.001953 0.001953
0 0.249023 0.743164 0.001953 0.001953
0 0.532227 0.734375 0.001953 0.003906
0 0.527344 0.735352 0.003906 0.005859
0 0.165039 0.750000 0.033203 0.035156
0 0.522461 0.731445 0.001953 0.001953
1 0.342773 0.729492 0.001953 0.001953
0 0.393555 0.727539 0.001953 0.001953
0 0.387695 0.727539 0.001953 0.001953
0 0.512695 0.723633 0.001953 0.001953
0 0.398438 0.720703 0.007812 0.007812
0 0.108398 0.719727 0.005859 0.009766
0 0.502930 0.710938 0.009766 0.007812
0 0.963867 0.702148 0.033203 0.021484
0 0.541992 0.690430 0.001953 0.001953
0 0.538086 0.688477 0.001953 0.001953
0 0.536133 0.684570 0.001953 0.001953
0 0.782227 0.683594 0.005859 0.003906
0 0.903320 0.683594 0.009766 0.007812
0 0.518555 0.680664 0.001953 0.001953
0 0.182617 0.682617 0.005859 0.005859
0 0.180664 0.676758 0.001953 0.001953
0 0.493164 0.674805 0.005859 0.001953
0 0.505859 0.684570 0.027344 0.025391
0 0.193359 0.672852 0.003906 0.001953
0 0.093750 0.675781 0.023438 0.011719
0 0.502930 0.668945 0.001953 0.001953
0 0.208008 0.668945 0.001953 0.001953
0 0.810547 0.704102 0.046875 0.076172
0 0.510742 0.666992 0.001953 0.001953
0 0.110352 0.666992 0.005859 0.001953
0 0.861328 0.666016 0.003906 0.003906
0 0.252930 0.663086 0.001953 0.001953
0 0.757812 0.661133 0.003906 0.001953
0 0.471680 0.659180 0.001953 0.001953
0 0.116211 0.659180 0.005859 0.005859
0 0.893555 0.649414 0.001953 0.001953
0 0.647461 0.646484 0.001953 0.007812
0 0.702148 0.644531 0.009766 0.007812
0 0.670898 0.641602 0.001953 0.001953
0 0.323242 0.641602 0.001953 0.001953
0 0.216797 0.647461 0.027344 0.013672
0 0.643555 0.634766 0.013672 0.007812
0 0.188477 0.629883 0.001953 0.001953
0 0.177734 0.635742 0.015625 0.021484
0 0.495117 0.625977 0.005859 0.005859
0 0.829102 0.622070 0.001953 0.001953
0 0.487305 0.620117 0.001953 0.001953
0 0.176758 0.620117 0.001953 0.001953
0 0.191406 0.621094 0.019531 0.015625
0 0.356445 0.623047 0.037109 0.031250
0 0.072266 0.617188 0.015625 0.019531
0 0.450195 0.604492 0.001953 0.001953
0 0.686523 0.598633 0.001953 0.001953
0 0.495117 0.598633 0.001953 0.001953
1 0.885742 0.596680 0.001953 0.001953
0 0.510742 0.596680 0.001953 0.001953
0 0.391602 0.591797 0.005859 0.003906
0 0.998047 0.591797 0.003906 0.007812
0 0.299805 0.586914 0.001953 0.001953
0 0.170898 0.586914 0.013672 0.005859
0 0.399414 0.581055 0.005859 0.001953
0 0.495117 0.579102 0.001953 0.001953
0 0.122070 0.579102 0.005859 0.005859
0 0.934570 0.573242 0.001953 0.001953
0 0.774414 0.573242 0.001953 0.001953
0 0.445312 0.573242 0.003906 0.001953
0 0.341797 0.575195 0.007812 0.005859
0 0.125000 0.575195 0.003906 0.005859
0 0.975586 0.587891 0.029297 0.035156
0 0.715820 0.621094 0.072266 0.101562
0 0.847656 0.625977 0.187500 0.115234
0 0.999023 0.567383 0.001953 0.001953
0 0.317383 0.779297 0.333984 0.425781
0 0.285156 0.573242 0.007812 0.013672
0 0.752930 0.567383 0.005859 0.005859
0 0.326172 0.567383 0.007812 0.005859
0 0.948242 0.563477 0.001953 0.001953
0 0.418945 0.561523 0.001953 0.001953
0 0.420898 0.558594 0.005859 0.007812
0 0.030273 0.556641 0.001953 0.003906
0 0.412109 0.555664 0.007812 0.009766
0 0.729492 0.547852 0.001953 0.001953
0 0.045898 0.547852 0.001953 0.001953
0 0.754883 0.545898 0.001953 0.001953
0 0.364258 0.545898 0.001953 0.001953
0 0.733398 0.543945 0.001953 0.001953
0 0.547852 0.543945 0.001953 0.001953
0 0.045898 0.543945 0.001953 0.001953
0 0.366211 0.541992 0.001953 0.001953
0 0.643555 0.547852 0.021484 0.017578
0 0.048828 0.541992 0.007812 0.009766
0 0.429688 0.583984 0.121094 0.097656
0 0.170898 0.537109 0.005859 0.003906
0 0.335938 0.546875 0.023438 0.031250
0 0.557617 0.712891 0.162109 0.367188
0 0.567383 0.530273 0.001953 0.001953
0 0.199219 0.532227 0.003906 0.005859
0 0.960938 0.545898 0.054688 0.037109
0 0.222656 0.530273 0.011719 0.005859
0 0.495117 0.526367 0.001953 0.001953
0 0.431641 0.537109 0.039062 0.023438
1 0.128906 0.529297 0.023438 0.011719
0 0.619141 0.524414 0.007812 0.005859
0 0.497070 0.522461 0.001953 0.001953
0 0.356445 0.524414 0.005859 0.005859
1 0.160156 0.525391 0.007812 0.007812
0 0.201172 0.521484 0.003906 0.003906
0 0.758789 0.520508 0.005859 0.005859
0 0.736328 0.532227 0.031250 0.029297
0 0.497070 0.518555 0.001953 0.001953
0 0.473633 0.518555 0.001953 0.001953
0 0.290039 0.519531 0.005859 0.003906
0 0.974609 0.518555 0.003906 0.005859
0 0.488281 0.520508 0.011719 0.009766
0 0.463867 0.517578 0.001953 0.003906
0 0.573242 0.519531 0.009766 0.011719
0 0.976562 0.512695 0.003906 0.001953
0 0.591797 0.519531 0.015625 0.015625
0 0.083008 0.512695 0.001953 0.001953
0 0.001953 0.512695 0.003906 0.001953
0 0.679688 0.527344 0.046875 0.035156
0 0.359375 0.508789 0.003906 0.001953
0 0.524414 0.524414 0.056641 0.037109
0 0.316406 0.508789 0.007812 0.005859
1 0.040039 0.510742 0.013672 0.009766
1 0.030273 0.506836 0.001953 0.001953
0 0.696289 0.504883 0.001953 0.001953
0 0.434570 0.510742 0.021484 0.013672
0 0.204102 0.506836 0.013672 0.009766
1 0.038086 0.502930 0.001953 0.001953
0 0.291992 0.506836 0.009766 0.013672
1 0.027344 0.500977 0.003906 0.001953
1 0.022461 0.500977 0.001953 0.001953
1 0.004883 0.503906 0.009766 0.007812
0 0.761719 0.502930 0.007812 0.009766
0 0.571289 0.500000 0.005859 0.003906
0 0.700195 0.497070 0.001953 0.001953
0 0.569336 0.495117 0.001953 0.001953
0 0.496094 0.500000 0.007812 0.011719
0 0.096680 0.496094 0.005859 0.003906
0 0.090820 0.495117 0.001953 0.001953
0 0.422852 0.493164 0.001953 0.001953
0 0.342773 0.501953 0.021484 0.019531
0 0.573242 0.491211 0.001953 0.001953
0 0.643555 0.489258 0.001953 0.001953
0 0.420898 0.489258 0.001953 0.001953
1 0.115234 0.502930 0.050781 0.029297
0 0.077148 0.489258 0.001953 0.001953
0 0.848633 0.487305 0.001953 0.001953
0 0.537109 0.497070 0.015625 0.021484
0 0.401367 0.487305 0.001953 0.001953
0 0.778320 0.485352 0.001953 0.001953
0 0.746094 0.487305 0.003906 0.005859
0 0.555664 0.488281 0.009766 0.007812
0 0.391602 0.485352 0.001953 0.001953
1 0.152344 0.486328 0.003906 0.003906
1 0.142578 0.487305 0.007812 0.009766
0 0.442383 0.481445 0.001953 0.001953
0 0.270508 0.482422 0.005859 0.003906
0 0.987305 0.493164 0.025391 0.033203
0 0.846680 0.477539 0.001953 0.001953
0 0.793945 0.491211 0.037109 0.033203
0 0.464844 0.476562 0.007812 0.003906
0 0.130859 0.476562 0.003906 0.003906
0 0.618164 0.499023 0.068359 0.056641
0 0.662109 0.476562 0.015625 0.015625
0 0.592773 0.469727 0.001953 0.001953
0 0.990234 0.465820 0.003906 0.001953
0 0.716797 0.464844 0.003906 0.003906
0 0.586914 0.465820 0.005859 0.005859
0 0.147461 0.463867 0.001953 0.001953
0 0.143555 0.463867 0.001953 0.001953
0 0.137695 0.462891 0.005859 0.003906
0 0.546875 0.472656 0.039062 0.027344
0 0.929688 0.470703 0.023438 0.027344
1 0.543945 0.458008 0.001953 0.001953
0 0.481445 0.457031 0.005859 0.003906
0 0.693359 0.458984 0.007812 0.011719
0 0.690430 0.454102 0.001953 0.001953
0 0.988281 0.457031 0.023438 0.011719
0 0.377930 0.452148 0.001953 0.001953
0 0.208008 0.463867 0.029297 0.025391
0 0.159180 0.456055 0.013672 0.009766
0 0.377930 0.448242 0.001953 0.001953
0 0.370117 0.448242 0.001953 0.001953
0 0.471680 0.444336 0.001953 0.001953
0 0.398438 0.462891 0.035156 0.039062
1 0.579102 0.442383 0.001953 0.001953
0 0.467773 0.442383 0.001953 0.001953
0 0.416016 0.442383 0.003906 0.001953
0 0.767578 0.440430 0.003906 0.001953
1 0.073242 0.454102 0.033203 0.029297
0 0.661133 0.440430 0.009766 0.005859
0 0.479492 0.434570 0.001953 0.001953
0 0.209961 0.432617 0.001953 0.001953
0 0.385742 0.431641 0.005859 0.003906
0 0.581055 0.428711 0.001953 0.001953
0 0.475586 0.429688 0.005859 0.003906
0 0.375000 0.428711 0.003906 0.001953
0 0.208008 0.428711 0.001953 0.001953
0 0.362305 0.432617 0.013672 0.013672
0 0.173828 0.426758 0.003906 0.001953
0 0.633789 0.424805 0.001953 0.001953
0 0.622070 0.424805 0.001953 0.001953
0 0.208008 0.423828 0.005859 0.003906
0 0.107422 0.424805 0.003906 0.005859
0 0.625000 0.420898 0.003906 0.001953
0 0.482422 0.419922 0.003906 0.003906
0 0.477539 0.419922 0.001953 0.003906
1 0.495117 0.415039 0.001953 0.001953
0 0.483398 0.415039 0.001953 0.001953
0 0.892578 0.411133 0.003906 0.001953
0 0.090820 0.418945 0.029297 0.021484
0 0.702148 0.415039 0.029297 0.017578
1 0.499023 0.407227 0.001953 0.001953
1 0.493164 0.407227 0.001953 0.001953
1 0.489258 0.407227 0.001953 0.001953
0 0.481445 0.409180 0.005859 0.005859
0 0.408203 0.410156 0.011719 0.007812
0 0.418945 0.405273 0.001953 0.001953
0 0.244141 0.430664 0.035156 0.052734
0 0.916016 0.405273 0.007812 0.005859
0 0.131836 0.403320 0.001953 0.001953
0 0.875000 0.412109 0.027344 0.027344
0 0.440430 0.399414 0.001953 0.001953
0 0.735352 0.406250 0.005859 0.019531
0 0.358398 0.400391 0.005859 0.007812
0 0.572266 0.394531 0.003906 0.003906
1 0.045898 0.406250 0.037109 0.027344
0 0.447266 0.392578 0.007812 0.003906
0 0.157227 0.403320 0.044922 0.025391
0 0.370117 0.395508 0.013672 0.013672
0 0.656250 0.409180 0.039062 0.044922
0 0.553711 0.395508 0.017578 0.025391
0 0.163086 0.381836 0.001953 0.001953
0 0.698242 0.377930 0.001953 0.001953
0 0.717773 0.375977 0.001953 0.001953
0 0.171875 0.378906 0.011719 0.007812
1 0.512695 0.374023 0.001953 0.001953
0 0.950195 0.376953 0.005859 0.011719
0 0.464844 0.381836 0.019531 0.021484
0 0.908203 0.375000 0.031250 0.015625
1 0.499023 0.376953 0.009766 0.027344
0 0.755859 0.397461 0.035156 0.072266
0 0.676758 0.358398 0.001953 0.001953
0 0.684570 0.356445 0.001953 0.001953
0 0.651367 0.354492 0.013672 0.005859
0 0.450195 0.342773 0.001953 0.001953
0 0.043945 0.373047 0.087891 0.070312
0 0.108398 0.333984 0.001953 0.003906
0 0.104492 0.333008 0.001953 0.001953
0 0.300781 0.334961 0.011719 0.009766
0 0.264648 0.330078 0.001953 0.003906
0 0.258789 0.329102 0.001953 0.001953
0 0.676758 0.326172 0.001953 0.003906
0 0.050781 0.325195 0.011719 0.005859
0 0.679688 0.323242 0.011719 0.009766
0 0.458008 0.330078 0.013672 0.031250
0 0.275391 0.316406 0.003906 0.003906
0 0.297852 0.310547 0.001953 0.003906
0 0.637695 0.305664 0.001953 0.001953
0 0.501953 0.323242 0.062500 0.041016
0 0.061523 0.304688 0.005859 0.003906
0 0.760742 0.299805 0.001953 0.001953
0 0.463867 0.304688 0.013672 0.015625
0 0.110352 0.295898 0.001953 0.001953
0 0.034180 0.299805 0.017578 0.009766
0 0.706055 0.291992 0.001953 0.001953
1 0.516602 0.288086 0.001953 0.001953
0 0.694336 0.284180 0.001953 0.001953
0 0.422852 0.284180 0.001953 0.001953
0 0.276367 0.282227 0.001953 0.001953
0 0.269531 0.290039 0.015625 0.017578
0 0.756836 0.287109 0.017578 0.019531
0 0.607422 0.277344 0.003906 0.003906
0 0.113281 0.271484 0.007812 0.003906
1 0.662109 0.268555 0.003906 0.001953
0 0.528320 0.267578 0.009766 0.003906
0 0.718750 0.275391 0.027344 0.023438
0 0.540039 0.264648 0.001953 0.001953
0 0.090820 0.264648 0.001953 0.001953
0 0.523438 0.262695 0.003906 0.005859
1 0.071289 0.262695 0.009766 0.005859
0 0.762695 0.258789 0.001953 0.001953
0 0.557617 0.259766 0.005859 0.007812
0 0.637695 0.254883 0.001953 0.001953
1 0.282227 0.254883 0.001953 0.001953
0 0.821289 0.252930 0.001953 0.001953
0 0.430664 0.252930 0.001953 0.001953
0 0.300781 0.250000 0.003906 0.003906
0 0.496094 0.250000 0.007812 0.007812
0 0.325195 0.245117 0.001953 0.001953
0 0.051758 0.245117 0.001953 0.001953
0 0.711914 0.243164 0.005859 0.001953
0 0.513672 0.250977 0.011719 0.017578
0 0.481445 0.244141 0.005859 0.003906
0 0.389648 0.241211 0.001953 0.001953
0 0.035156 0.260742 0.046875 0.041016
0 0.483398 0.239258 0.001953 0.001953
0 0.393555 0.240234 0.001953 0.003906
0 0.325195 0.239258 0.001953 0.001953
0 0.107422 0.253906 0.066406 0.031250
0 0.668945 0.244141 0.013672 0.015625
0 0.295898 0.241211 0.005859 0.009766
1 0.086914 0.237305 0.005859 0.001953
0 0.499023 0.234375 0.005859 0.003906
0 0.307617 0.238281 0.013672 0.011719
0 0.070312 0.233398 0.003906 0.001953
0 0.745117 0.229492 0.001953 0.001953
0 0.730469 0.235352 0.011719 0.013672
0 0.749023 0.228516 0.001953 0.003906
0 0.353516 0.245117 0.019531 0.041016
0 0.992188 0.227539 0.011719 0.013672
0 0.393555 0.221680 0.001953 0.001953
0 0.178711 0.221680 0.001953 0.001953
1 0.152344 0.224609 0.011719 0.015625
0 0.786133 0.222656 0.017578 0.015625
0 0.352539 0.218750 0.009766 0.007812
1 0.282227 0.228516 0.009766 0.027344
0 0.799805 0.213867 0.001953 0.001953
0 0.895508 0.217773 0.017578 0.013672
0 0.682617 0.292969 0.294922 0.164062
0 0.165039 0.211914 0.001953 0.001953
0 0.707031 0.210938 0.003906 0.003906
0 0.895508 0.208008 0.001953 0.001953
0 0.891602 0.206055 0.001953 0.001953
0 0.821289 0.206055 0.001953 0.001953
0 0.377930 0.208984 0.005859 0.007812
0 0.996094 0.210938 0.007812 0.015625
0 0.887695 0.204102 0.001953 0.001953
0 0.842773 0.204102 0.001953 0.001953
0 0.501953 0.227539 0.148438 0.052734
0 0.379883 0.202148 0.001953 0.001953
0 0.342773 0.203125 0.005859 0.003906
0 0.937500 0.200195 0.003906 0.001953
0 0.772461 0.200195 0.001953 0.001953
0 0.507812 0.199219 0.003906 0.003906
0 0.409180 0.198242 0.001953 0.001953
0 0.337891 0.198242 0.003906 0.001953
0 0.834961 0.196289 0.001953 0.001953
0 0.496094 0.198242 0.003906 0.005859
0 0.521484 0.196289 0.011719 0.005859
0 0.016602 0.194336 0.001953 0.001953
0 0.889648 0.197266 0.013672 0.011719
0 0.773438 0.194336 0.007812 0.005859
0 0.413086 0.192383 0.001953 0.001953
0 0.021484 0.193359 0.003906 0.003906
0 0.379883 0.188477 0.001953 0.001953
0 0.038086 0.188477 0.001953 0.001953
0 0.774414 0.187500 0.001953 0.003906
1 0.997070 0.183594 0.005859 0.003906
0 0.842773 0.184570 0.005859 0.005859
0 0.984375 0.183594 0.011719 0.007812
0 0.879883 0.180664 0.001953 0.001953
0 0.659180 0.183594 0.005859 0.007812
0 0.502930 0.180664 0.001953 0.001953
0 0.499023 0.181641 0.001953 0.003906
0 0.858398 0.178711 0.001953 0.001953
0 0.846680 0.179688 0.001953 0.003906
0 0.775391 0.179688 0.003906 0.003906
0 0.454102 0.178711 0.001953 0.001953
0 0.948242 0.176758 0.001953 0.001953
0 0.393555 0.182617 0.013672 0.013672
0 0.344727 0.176758 0.001953 0.001953
1 0.000977 0.176758 0.001953 0.005859
0 0.344727 0.172852 0.005859 0.001953
0 0.975586 0.170898 0.001953 0.001953
0 0.397461 0.170898 0.001953 0.001953
1 0.969727 0.169922 0.001953 0.003906
0 0.523438 0.170898 0.007812 0.005859
0 0.423828 0.169922 0.003906 0.003906
0 0.782227 0.166992 0.001953 0.001953
0 0.415039 0.166992 0.001953 0.001953
0 0.406250 0.173828 0.007812 0.015625
0 0.082031 0.166992 0.003906 0.001953
0 0.546875 0.177734 0.031250 0.027344
0 0.988281 0.171875 0.015625 0.019531
0 0.953125 0.166016 0.011719 0.011719
0 0.758789 0.166992 0.009766 0.013672
0 0.572266 0.162109 0.023438 0.007812
0 0.880859 0.166992 0.031250 0.021484
0 0.444336 0.157227 0.001953 0.001953
0 0.569336 0.155273 0.001953 0.001953
0 0.157227 0.155273 0.001953 0.001953
0 0.925781 0.165039 0.039062 0.033203
0 0.576172 0.151367 0.007812 0.005859
0 0.687500 0.140625 0.003906 0.003906
0 0.049805 0.137695 0.001953 0.001953
0 0.806641 0.158203 0.046875 0.046875
0 0.725586 0.133789 0.001953 0.001953
1 0.524414 0.137695 0.009766 0.009766
0 0.292969 0.133789 0.003906 0.001953
0 0.671875 0.145508 0.019531 0.029297
0 0.338867 0.131836 0.001953 0.001953
0 0.319336 0.131836 0.001953 0.001953
0 0.289062 0.130859 0.003906 0.003906
0 0.729492 0.128906 0.005859 0.003906
0 0.670898 0.129883 0.005859 0.005859
0 0.333984 0.127930 0.003906 0.001953
0 0.715820 0.137695 0.017578 0.025391
0 0.668945 0.125977 0.001953 0.001953
0 0.189453 0.127930 0.003906 0.005859
0 0.803711 0.124023 0.001953 0.001953
0 0.987305 0.122070 0.001953 0.001953
0 0.314453 0.125000 0.011719 0.007812
1 0.856445 0.134766 0.017578 0.031250
0 0.288086 0.121094 0.001953 0.003906
0 0.042969 0.122070 0.011719 0.005859
1 0.005859 0.118164 0.007812 0.001953
0 0.657227 0.123047 0.009766 0.015625
0 0.339844 0.116211 0.003906 0.001953
0 0.266602 0.115234 0.005859 0.007812
0 0.194336 0.112305 0.001953 0.001953
0 0.983398 0.111328 0.001953 0.003906
0 0.297852 0.111328 0.005859 0.003906
0 0.189453 0.109375 0.003906 0.003906
0 0.354492 0.106445 0.001953 0.001953
0 0.188477 0.104492 0.001953 0.001953
0 0.989258 0.104492 0.009766 0.013672
1 0.622070 0.096680 0.001953 0.001953
0 0.361328 0.100586 0.007812 0.013672
0 0.289062 0.105469 0.019531 0.023438
0 0.084961 0.092773 0.001953 0.001953
0 0.357422 0.090820 0.003906 0.001953
0 0.352539 0.088867 0.001953 0.001953
0 0.088867 0.089844 0.001953 0.003906
0 0.079102 0.088867 0.001953 0.001953
0 0.360352 0.086914 0.001953 0.001953
0 0.307617 0.086914 0.001953 0.001953
0 0.354492 0.084961 0.001953 0.001953
0 0.931641 0.120117 0.121094 0.076172
0 0.893555 0.083008 0.001953 0.001953
0 0.040039 0.083008 0.001953 0.001953
1 0.575195 0.081055 0.001953 0.001953
0 0.304688 0.083008 0.003906 0.005859
0 0.668945 0.079102 0.001953 0.001953
0 0.119141 0.080078 0.007812 0.003906
0 0.051758 0.080078 0.009766 0.003906
0 0.975586 0.083984 0.009766 0.015625
0 0.682617 0.080078 0.005859 0.007812
0 0.112305 0.077148 0.001953 0.001953
0 0.919922 0.079102 0.007812 0.013672
0 0.481445 0.073242 0.001953 0.001953
1 0.624023 0.095703 0.060547 0.050781
0 0.546875 0.071289 0.003906 0.001953
1 0.198242 0.070312 0.001953 0.003906
0 0.171875 0.083008 0.039062 0.029297
0 0.174805 0.069336 0.001953 0.001953
0 0.898438 0.068359 0.003906 0.003906
0 0.496094 0.069336 0.003906 0.005859
0 0.149414 0.067383 0.001953 0.001953
0 0.330078 0.092773 0.046875 0.056641
1 0.250000 0.066406 0.003906 0.003906
0 0.353516 0.065430 0.003906 0.005859
0 0.242188 0.215820 0.484375 0.306641
0 0.526367 0.085938 0.080078 0.050781
0 0.745117 0.091797 0.099609 0.066406
1 0.579102 0.059570 0.001953 0.001953
1 0.443359 0.056641 0.003906 0.003906
0 0.184570 0.055664 0.005859 0.005859
1 0.277344 0.055664 0.007812 0.009766
0 0.126953 0.064453 0.046875 0.031250
0 0.999023 0.047852 0.001953 0.001953
0 0.439453 0.047852 0.011719 0.009766
0 0.352539 0.046875 0.001953 0.007812
0 0.196289 0.043945 0.001953 0.001953
0 0.192383 0.041992 0.001953 0.001953
0 0.843750 0.041016 0.003906 0.003906
0 0.518555 0.041016 0.005859 0.003906
0 0.853516 0.040039 0.011719 0.005859
1 0.835938 0.040039 0.007812 0.005859
1 0.796875 0.043945 0.011719 0.013672
0 0.781250 0.038086 0.003906 0.001953
0 0.526367 0.039062 0.001953 0.003906
0 0.185547 0.039062 0.003906 0.003906
0 0.098633 0.038086 0.001953 0.001953
0 0.834961 0.034180 0.001953 0.001953
1 0.622070 0.035156 0.009766 0.007812
0 0.522461 0.032227 0.009766 0.001953
0 0.508789 0.036133 0.005859 0.009766
0 0.374023 0.032227 0.001953 0.001953
0 0.180664 0.032227 0.005859 0.005859
0 0.135742 0.035156 0.009766 0.011719
0 0.122070 0.033203 0.005859 0.007812
0 0.379883 0.030273 0.005859 0.005859
1 0.590820 0.026367 0.001953 0.001953
0 0.135742 0.025391 0.001953 0.003906
1 0.592773 0.022461 0.001953 0.001953
1 0.588867 0.022461 0.001953 0.001953
0 0.194336 0.020508 0.001953 0.001953
1 0.547852 0.018555 0.001953 0.001953
0 0.143555 0.018555 0.001953 0.001953
0 0.165039 0.016602 0.001953 0.001953
1 0.589844 0.016602 0.003906 0.005859
1 0.467773 0.014648 0.001953 0.001953
0 0.163086 0.012695 0.001953 0.001953
0 0.997070 0.010742 0.001953 0.001953
1 0.553711 0.011719 0.001953 0.003906
0 0.149414 0.020508 0.009766 0.021484
0 0.054688 0.041992 0.109375 0.064453
1 0.296875 0.028320 0.031250 0.041016
0 0.158203 0.010742 0.003906 0.005859
0 0.126953 0.014648 0.027344 0.025391
0 0.988281 0.007812 0.011719 0.015625
0 0.930664 0.002930 0.017578 0.005859
0 0.879883 0.031250 0.103516 0.062500
0 0.807617 0.000977 0.001953 0.001953
0 0.679688 0.000977 0.007812 0.001953
1 0.575195 0.000977 0.001953 0.001953
1 0.573242 0.016602 0.033203 0.033203
0 0.506836 0.022461 0.083984 0.044922
1 0.325195 0.000977 0.001953 0.001953
1 0.312500 0.000977 0.003906 0.001953
1 0.227539 0.034180 0.056641 0.068359
0 0.184570 0.010742 0.025391 0.021484
0 0.155273 0.000977 0.001953 0.001953
2 0.145508 0.997070 0.001953 0.001953
2 0.837891 0.996094 0.003906 0.003906
2 0.822266 0.995117 0.015625 0.009766
3 0.876953 0.986328 0.003906 0.003906
3 0.887695 0.977539 0.001953 0.001953
2 0.817383 0.979492 0.005859 0.005859
3 0.819336 0.971680 0.001953 0.001953
2 0.998047 0.970703 0.003906 0.003906
2 0.998047 0.961914 0.003906 0.005859
2 0.024414 0.959961 0.001953 0.001953
3 0.864258 0.952148 0.001953 0.001953
2 0.024414 0.901367 0.001953 0.001953
3 0.999023 0.887695 0.001953 0.001953
2 0.009766 0.879883 0.019531 0.021484
2 0.000977 0.866211 0.001953 0.001953
2 0.083984 0.796875 0.003906 0.003906
2 0.083008 0.791992 0.001953 0.001953
2 0.075195 0.783203 0.005859 0.003906
2 0.008789 0.401367 0.001953 0.001953
2 0.126953 0.333984 0.003906 0.003906
2 0.193359 0.287109 0.003906 0.003906
2 0.219727 0.268555 0.001953 0.001953
2 0.213867 0.263672 0.009766 0.007812
2 0.228516 0.205078 0.003906 0.003906
2 0.212891 0.206055 0.011719 0.005859
2 0.202148 0.204102 0.001953 0.001953
2 0.222656 0.202148 0.003906 0.001953
2 0.043945 0.202148 0.001953 0.001953
2 0.069336 0.194336 0.001953 0.001953
2 0.056641 0.197266 0.007812 0.007812
2 0.069336 0.190430 0.001953 0.001953
2 0.059570 0.181641 0.005859 0.003906
2 0.216797 0.164062 0.003906 0.003906
2 0.248047 0.158203 0.003906 0.003906
2 0.218750 0.158203 0.003906 0.003906
2 0.277344 0.151367 0.003906 0.001953
2 0.234375 0.154297 0.027344 0.019531
2 0.027344 0.170898 0.054688 0.056641
2 0.317383 0.139648 0.001953 0.001953
2 0.257812 0.137695 0.003906 0.005859
2 0.248047 0.123047 0.003906 0.003906
2 0.469727 0.094727 0.001953 0.001953
2 0.016602 0.049805 0.001953 0.001953
2 0.471680 0.034180 0.001953 0.001953
2 0.086914 0.034180 0.001953 0.001953
3 0.540039 0.008789 0.001953 0.001953
2 0.987305 0.002930 0.001953 0.001953
3 0.540039 0.002930 0.001953 0.001953
2 0.991211 0.001953 0.001953 0.003906
3 0.519531 0.000977 0.003906 0.001953
2 0.500000 0.500000 1.000000 1.000000