0 0.129883 0.999023 0.001953 0.001953
0 0.110352 0.999023 0.001953 0.001953
1 0.000977 0.983398 0.001953 0.001953
0 0.372070 0.967773 0.001953 0.001953
0 0.613281 0.962891 0.023438 0.015625
0 0.572266 0.935547 0.003906 0.003906
0 0.489258 0.940430 0.013672 0.017578
0 0.583008 0.930664 0.005859 0.005859
1 0.716797 0.925781 0.007812 0.011719
0 0.545898 0.918945 0.001953 0.001953
1 0.531250 0.928711 0.031250 0.029297
1 0.405273 0.910156 0.005859 0.003906
0 0.587891 0.911133 0.042969 0.025391
0 0.006836 0.906250 0.013672 0.019531
1 0.839844 0.894531 0.003906 0.003906
0 0.639648 0.899414 0.021484 0.013672
1 0.116211 0.899414 0.009766 0.013672
1 0.391602 0.899414 0.033203 0.025391
0 0.012695 0.887695 0.009766 0.009766
0 0.457031 0.884766 0.011719 0.011719
1 0.068359 0.889648 0.035156 0.021484
0 0.834961 0.882812 0.017578 0.015625
0 0.757812 0.876953 0.003906 0.003906
0 0.477539 0.875977 0.001953 0.001953
1 0.086914 0.875977 0.001953 0.001953
1 0.004883 0.875977 0.001953 0.001953
1 0.327148 0.874023 0.001953 0.001953
0 0.956055 0.877930 0.025391 0.029297
0 0.461914 0.868164 0.009766 0.013672
0 0.009766 0.871094 0.011719 0.019531
0 0.022461 0.871094 0.021484 0.027344
1 0.899414 0.856445 0.001953 0.001953
0 0.474609 0.859375 0.007812 0.007812
1 0.010742 0.858398 0.005859 0.005859
0 0.043945 0.868164 0.021484 0.029297
0 0.446289 0.861328 0.017578 0.023438
0 0.111328 0.843750 0.003906 0.003906
1 0.080078 0.839844 0.019531 0.015625
0 0.122070 0.829102 0.001953 0.001953
0 0.127930 0.832031 0.005859 0.011719
0 0.813477 0.830078 0.017578 0.015625
0 0.499023 0.821289 0.001953 0.001953
1 0.138672 0.821289 0.003906 0.001953
0 0.489258 0.820312 0.005859 0.007812
0 0.627930 0.808594 0.009766 0.011719
0 0.574219 0.801758 0.011719 0.009766
0 0.007812 0.798828 0.011719 0.007812
0 0.452148 0.802734 0.021484 0.019531
0 0.499023 0.791992 0.001953 0.001953
0 0.690430 0.791016 0.001953 0.003906
0 0.400391 0.791016 0.003906 0.003906
0 0.439453 0.791992 0.007812 0.009766
0 0.750000 0.787109 0.007812 0.003906
0 0.398438 0.785156 0.003906 0.003906
0 0.830078 0.793945 0.023438 0.029297
0 0.729492 0.787109 0.025391 0.023438
0 0.682617 0.777344 0.009766 0.019531
0 0.467773 0.781250 0.037109 0.027344
1 0.323242 0.766602 0.001953 0.001953
0 0.832031 0.768555 0.011719 0.009766
0 0.437500 0.766602 0.003906 0.005859
0 0.388672 0.763672 0.007812 0.011719
0 0.840820 0.758789 0.005859 0.005859
0 0.729492 0.757812 0.001953 0.003906
0 0.451172 0.750977 0.007812 0.009766
0 0.923828 0.751953 0.019531 0.015625
0 0.621094 0.750977 0.011719 0.013672
0 0.735352 0.741211 0.001953 0.001953
0 0.583984 0.750000 0.031250 0.023438
0 0.655273 0.743164 0.009766 0.013672
0 0.645508 0.731445 0.001953 0.001953
0 0.377930 0.743164 0.025391 0.029297
1 0.120117 0.727539 0.001953 0.001953
0 0.663086 0.726562 0.013672 0.011719
0 0.635742 0.736328 0.025391 0.031250
0 0.444336 0.717773 0.009766 0.005859
1 0.124023 0.714844 0.005859 0.003906
0 0.950195 0.706055 0.001953 0.001953
0 0.525391 0.722656 0.031250 0.035156
0 0.731445 0.708008 0.013672 0.013672
0 0.547852 0.708008 0.017578 0.017578
1 0.121094 0.705078 0.015625 0.011719
0 0.592773 0.705078 0.013672 0.015625
0 0.559570 0.729492 0.048828 0.064453
0 0.344727 0.696289 0.001953 0.001953
1 0.276367 0.695312 0.005859 0.003906
0 0.687500 0.692383 0.007812 0.005859
0 0.338867 0.691406 0.005859 0.003906
0 0.584961 0.686523 0.001953 0.001953
0 0.635742 0.682617 0.001953 0.001953
0 0.505859 0.683594 0.003906 0.003906
0 0.881836 0.674805 0.001953 0.001953
0 0.685547 0.675781 0.007812 0.003906
0 0.437500 0.684570 0.015625 0.033203
1 0.749023 0.666992 0.001953 0.001953
0 0.540039 0.666016 0.001953 0.003906
0 0.392578 0.668945 0.007812 0.009766
1 0.754883 0.665039 0.005859 0.005859
0 0.536133 0.663086 0.001953 0.001953
0 0.514648 0.663086 0.017578 0.017578
0 0.495117 0.658203 0.013672 0.019531
1 0.763672 0.650391 0.007812 0.011719
0 0.871094 0.658203 0.023438 0.031250
1 0.768555 0.640625 0.001953 0.003906
0 0.549805 0.646484 0.017578 0.015625
0 0.680664 0.633789 0.001953 0.001953
0 0.866211 0.633789 0.009766 0.009766
1 0.746094 0.629883 0.003906 0.005859
1 0.743164 0.627930 0.001953 0.001953
0 0.522461 0.625977 0.001953 0.001953
0 0.408203 0.623047 0.003906 0.003906
1 0.999023 0.620117 0.001953 0.001953
1 0.745117 0.621094 0.005859 0.003906
0 0.536133 0.625977 0.017578 0.013672
0 0.689453 0.655273 0.113281 0.076172
0 0.525391 0.620117 0.003906 0.005859
1 0.740234 0.617188 0.003906 0.003906
0 0.651367 0.616211 0.001953 0.001953
1 0.530273 0.613281 0.001953 0.003906
0 0.540039 0.612305 0.013672 0.009766
0 0.534180 0.606445 0.001953 0.001953
0 0.564453 0.645508 0.085938 0.087891
0 0.463867 0.598633 0.001953 0.001953
0 0.565430 0.604492 0.017578 0.025391
0 0.549805 0.584961 0.013672 0.013672
0 0.450195 0.590820 0.021484 0.029297
0 0.573242 0.581055 0.025391 0.025391
1 0.735352 0.571289 0.005859 0.009766
0 0.614258 0.568359 0.009766 0.003906
1 0.999023 0.563477 0.001953 0.001953
1 0.736328 0.562500 0.003906 0.003906
1 0.516602 0.551758 0.001953 0.001953
1 0.987305 0.552734 0.009766 0.007812
1 0.503906 0.546875 0.015625 0.003906
1 0.499023 0.541992 0.001953 0.001953
0 0.651367 0.575195 0.056641 0.072266
1 0.651367 0.541016 0.005859 0.007812
1 0.992188 0.546875 0.015625 0.027344
1 0.827148 0.535156 0.001953 0.003906
1 0.532227 0.540039 0.029297 0.021484
1 0.819336 0.534180 0.009766 0.013672
0 0.105469 0.535156 0.019531 0.031250
0 0.067383 0.526367 0.021484 0.021484
0 0.066406 0.505859 0.003906 0.003906
1 0.055664 0.497070 0.001953 0.001953
1 0.621094 0.497070 0.003906 0.005859
1 0.047852 0.500000 0.017578 0.019531
0 0.453125 0.497070 0.031250 0.017578
0 0.625000 0.489258 0.003906 0.005859
1 0.040039 0.487305 0.001953 0.001953
1 0.837891 0.489258 0.015625 0.013672
0 0.596680 0.486328 0.017578 0.015625
0 0.409180 0.473633 0.021484 0.025391
1 0.018555 0.475586 0.037109 0.037109
0 0.576172 0.454102 0.007812 0.005859
1 0.965820 0.456055 0.009766 0.013672
1 0.930664 0.456055 0.009766 0.013672
0 0.426758 0.447266 0.001953 0.003906
1 0.075195 0.444336 0.001953 0.001953
0 0.789062 0.433594 0.003906 0.003906
1 0.264648 0.420898 0.001953 0.001953
0 0.430664 0.426758 0.017578 0.017578
0 0.561523 0.408203 0.005859 0.003906
1 0.434570 0.405273 0.001953 0.001953
1 0.882812 0.404297 0.003906 0.003906
0 0.634766 0.397461 0.003906 0.001953
1 0.513672 0.392578 0.003906 0.003906
1 0.594727 0.387695 0.001953 0.001953
0 0.655273 0.395508 0.013672 0.025391
1 0.397461 0.383789 0.001953 0.005859
1 0.063477 0.381836 0.001953 0.001953
1 0.528320 0.380859 0.001953 0.003906
1 0.256836 0.375977 0.001953 0.001953
1 0.895508 0.370117 0.001953 0.001953
1 0.076172 0.379883 0.019531 0.033203
1 0.003906 0.360352 0.003906 0.001953
0 0.135742 0.358398 0.005859 0.001953
0 0.125977 0.358398 0.005859 0.005859
1 0.907227 0.365234 0.017578 0.023438
0 0.406250 0.346680 0.003906 0.005859
0 0.320312 0.345703 0.003906 0.003906
0 0.161133 0.350586 0.025391 0.025391
0 0.139648 0.338867 0.001953 0.001953
0 0.130859 0.341797 0.011719 0.007812
1 0.528320 0.362305 0.025391 0.064453
1 0.517578 0.331055 0.003906 0.001953
0 0.146484 0.333008 0.007812 0.009766
1 0.905273 0.332031 0.009766 0.011719
0 0.117188 0.330078 0.011719 0.007812
0 0.159180 0.328125 0.005859 0.007812
0 0.170898 0.323242 0.001953 0.001953
0 0.326172 0.327148 0.015625 0.013672
0 0.150391 0.323242 0.007812 0.005859
0 0.063477 0.319336 0.001953 0.001953
0 0.122070 0.317383 0.001953 0.001953
0 0.096680 0.318359 0.001953 0.003906
0 0.274414 0.321289 0.013672 0.017578
0 0.338867 0.310547 0.001953 0.003906
1 0.909180 0.306641 0.001953 0.003906
0 0.346680 0.314453 0.013672 0.019531
0 0.214844 0.308594 0.015625 0.011719
0 0.070312 0.325195 0.019531 0.044922
1 0.910156 0.301758 0.003906 0.001953
0 0.265625 0.307617 0.019531 0.017578
0 0.229492 0.299805 0.001953 0.001953
0 0.294922 0.297852 0.019531 0.013672
0 0.819336 0.293945 0.009766 0.013672
0 0.246094 0.296875 0.019531 0.023438
0 0.209961 0.283203 0.009766 0.007812
0 0.585938 0.270508 0.003906 0.001953
0 0.273438 0.274414 0.011719 0.009766
1 0.422852 0.262695 0.001953 0.001953
1 0.022461 0.261719 0.005859 0.003906
0 0.482422 0.260742 0.003906 0.005859
1 0.421875 0.279297 0.023438 0.042969
0 0.584961 0.260742 0.017578 0.013672
0 0.487305 0.255859 0.005859 0.003906
1 0.907227 0.253906 0.001953 0.003906
0 0.032227 0.253906 0.005859 0.003906
1 0.911133 0.247070 0.001953 0.001953
1 0.907227 0.245117 0.001953 0.005859
1 0.879883 0.241211 0.013672 0.009766
0 0.594727 0.225586 0.001953 0.001953
1 0.922852 0.225586 0.029297 0.013672
1 0.918945 0.220703 0.001953 0.003906
1 0.102539 0.213867 0.001953 0.001953
1 0.099609 0.209961 0.007812 0.005859
1 0.929688 0.202148 0.003906 0.001953
1 0.886719 0.206055 0.011719 0.013672
0 0.250000 0.198242 0.003906 0.001953
1 0.936523 0.196289 0.001953 0.001953
0 0.254883 0.196289 0.001953 0.001953
0 0.226562 0.192383 0.019531 0.013672
1 0.946289 0.174805 0.001953 0.001953
1 0.135742 0.170898 0.001953 0.001953
1 0.592773 0.159180 0.001953 0.001953
1 0.576172 0.158203 0.003906 0.003906
0 0.223633 0.152344 0.025391 0.011719
0 0.030273 0.156250 0.013672 0.019531
1 0.139648 0.145508 0.001953 0.001953
1 0.442383 0.141602 0.001953 0.001953
0 0.086914 0.140625 0.005859 0.003906
1 0.534180 0.135742 0.001953 0.001953
1 0.426758 0.135742 0.001953 0.001953
0 0.078125 0.134766 0.007812 0.007812
1 0.448242 0.125977 0.001953 0.001953
0 0.189453 0.137695 0.039062 0.041016
1 0.690430 0.118164 0.005859 0.005859
1 0.538086 0.123047 0.021484 0.015625
1 0.436523 0.126953 0.025391 0.023438
1 0.699219 0.119141 0.007812 0.011719
0 0.770508 0.118164 0.009766 0.013672
0 0.064453 0.115234 0.035156 0.035156
1 0.101562 0.102539 0.015625 0.013672
0 0.045898 0.086914 0.001953 0.001953
0 0.270508 0.084961 0.001953 0.001953
0 0.164062 0.084961 0.007812 0.005859
1 0.350586 0.081055 0.005859 0.001953
0 0.291016 0.107422 0.039062 0.054688
0 0.103516 0.080078 0.003906 0.003906
0 0.045898 0.080078 0.005859 0.007812
0 0.029297 0.087891 0.023438 0.023438
0 0.104492 0.075195 0.001953 0.001953
0 0.774414 0.076172 0.013672 0.015625
1 0.676758 0.069336 0.001953 0.001953
0 0.035156 0.072266 0.011719 0.007812
0 0.764648 0.062500 0.001953 0.003906
1 0.657227 0.066406 0.009766 0.011719
1 0.688477 0.059570 0.001953 0.001953
0 0.643555 0.057617 0.001953 0.001953
1 0.700195 0.055664 0.001953 0.001953
1 0.694336 0.055664 0.001953 0.001953
0 0.648438 0.056641 0.003906 0.003906
1 0.735352 0.053711 0.001953 0.001953
0 0.631836 0.054688 0.001953 0.003906
0 0.040039 0.053711 0.001953 0.001953
0 0.644531 0.052734 0.003906 0.003906
0 0.295898 0.062500 0.044922 0.023438
0 0.773438 0.053711 0.015625 0.009766
0 0.649414 0.049805 0.001953 0.001953
0 0.038086 0.049805 0.001953 0.001953
1 0.743164 0.048828 0.001953 0.003906
1 0.735352 0.048828 0.001953 0.003906
1 0.663086 0.045898 0.001953 0.001953
1 0.326172 0.046875 0.003906 0.003906
1 0.738281 0.041992 0.011719 0.005859
0 0.237305 0.059570 0.056641 0.041016
0 0.054688 0.041992 0.011719 0.009766
1 0.664062 0.037109 0.003906 0.003906
0 0.186523 0.045898 0.009766 0.021484
0 0.178711 0.036133 0.005859 0.005859
1 0.913086 0.028320 0.001953 0.001953
1 0.618164 0.029297 0.005859 0.003906
1 0.680664 0.041016 0.037109 0.031250
1 0.610352 0.026367 0.001953 0.001953
0 0.587891 0.027344 0.003906 0.003906
1 0.593750 0.027344 0.003906 0.007812
0 0.107422 0.031250 0.003906 0.015625
1 0.679688 0.022461 0.003906 0.001953
1 0.672852 0.022461 0.005859 0.001953
1 0.620117 0.022461 0.001953 0.001953
1 0.528320 0.020508 0.001953 0.001953
0 0.621094 0.039062 0.058594 0.042969
1 0.620117 0.017578 0.001953 0.003906
0 0.225586 0.023438 0.029297 0.015625
1 0.547852 0.004883 0.001953 0.001953
0 0.814453 0.007812 0.015625 0.015625
1 0.687500 0.007812 0.039062 0.015625
1 0.662109 0.003906 0.007812 0.007812
1 0.635742 0.001953 0.009766 0.003906
1 0.613281 0.000977 0.003906 0.001953
1 0.513672 0.009766 0.058594 0.019531
0 0.373047 0.001953 0.011719 0.003906
0 0.232422 0.024414 0.152344 0.048828
0 0.137695 0.021484 0.044922 0.042969
0 0.108398 0.001953 0.001953 0.003906
3 0.999023 0.553711 0.001953 0.001953
2 0.291016 0.005859 0.007812 0.011719
2 0.273438 0.002930 0.007812 0.005859
3 0.500000 0.500000 1.000000 1.000000