1 0.140625 0.998047 0.011719 0.003906
1 0.118164 0.997070 0.005859 0.005859
1 0.125000 0.989258 0.011719 0.009766
0 0.102539 0.295898 0.001953 0.001953
0 0.000977 0.175781 0.001953 0.003906
1 0.627930 0.000977 0.001953 0.001953
1 0.500000 0.500000 1.000000 1.000000
3 0.028320 0.997070 0.001953 0.001953
3 0.929688 0.996094 0.007812 0.007812
3 0.790039 0.996094 0.009766 0.007812
2 0.263672 0.995117 0.011719 0.009766
3 0.989258 0.993164 0.005859 0.009766
3 0.589844 0.990234 0.011719 0.007812
3 0.959961 0.989258 0.021484 0.013672
2 0.380859 0.983398 0.003906 0.005859
2 0.182617 0.981445 0.001953 0.001953
3 0.146484 0.985352 0.007812 0.009766
2 0.150391 0.975586 0.003906 0.001953
3 0.977539 0.975586 0.005859 0.005859
3 0.673828 0.975586 0.007812 0.005859
2 0.236328 0.977539 0.015625 0.013672
2 0.056641 0.968750 0.007812 0.003906
3 0.922852 0.971680 0.060547 0.013672
3 0.019531 0.968750 0.023438 0.007812
3 0.125000 0.980469 0.066406 0.039062
3 0.275391 0.967773 0.015625 0.017578
3 0.934570 0.959961 0.013672 0.009766
3 0.151367 0.963867 0.013672 0.017578
2 0.403320 0.958008 0.005859 0.009766
2 0.203125 0.965820 0.035156 0.025391
2 0.322266 0.954102 0.007812 0.005859
3 0.958984 0.951172 0.015625 0.007812
3 0.833008 0.944336 0.001953 0.001953
3 0.158203 0.945312 0.003906 0.003906
3 0.610352 0.944336 0.009766 0.005859
3 0.385742 0.942383 0.005859 0.005859
3 0.140625 0.947266 0.023438 0.015625
3 0.818359 0.938477 0.003906 0.001953
3 0.754883 0.940430 0.009766 0.009766
3 0.295898 0.938477 0.009766 0.013672
2 0.174805 0.939453 0.033203 0.019531
3 0.448242 0.931641 0.013672 0.011719
3 0.724609 0.929688 0.039062 0.011719
3 0.282227 0.916992 0.001953 0.001953
2 0.195312 0.914062 0.007812 0.007812
3 0.552734 0.909180 0.003906 0.005859
3 0.173828 0.913086 0.015625 0.013672
3 0.610352 0.911133 0.013672 0.013672
3 0.762695 0.904297 0.005859 0.003906
3 0.874023 0.901367 0.001953 0.001953
3 0.569336 0.904297 0.005859 0.007812
3 0.148438 0.901367 0.003906 0.001953
3 0.037109 0.918945 0.074219 0.041016
2 0.979492 0.913086 0.017578 0.033203
3 0.630859 0.912109 0.019531 0.039062
2 0.298828 0.895508 0.007812 0.009766
2 0.288086 0.905273 0.017578 0.029297
2 0.370117 0.881836 0.001953 0.001953
3 0.608398 0.881836 0.005859 0.009766
3 0.397461 0.878906 0.005859 0.003906
3 0.715820 0.875000 0.001953 0.003906
3 0.512695 0.878906 0.009766 0.011719
3 0.203125 0.876953 0.011719 0.011719
3 0.148438 0.876953 0.015625 0.011719
3 0.110352 0.875000 0.005859 0.007812
3 0.647461 0.866211 0.001953 0.001953
3 0.309570 0.874023 0.005859 0.017578
3 0.556641 0.866211 0.007812 0.005859
3 0.614258 0.874023 0.009766 0.025391
3 0.173828 0.866211 0.011719 0.009766
3 0.114258 0.858398 0.001953 0.001953
2 0.380859 0.864258 0.019531 0.029297
2 0.079102 0.840820 0.001953 0.001953
3 0.126953 0.838867 0.003906 0.001953
2 0.389648 0.827148 0.001953 0.001953
2 0.374023 0.824219 0.005859 0.007812
3 0.452148 0.817383 0.017578 0.009766
3 0.444336 0.812500 0.013672 0.011719
3 0.024414 0.807617 0.009766 0.009766
2 0.381836 0.793945 0.001953 0.001953
3 0.232422 0.805664 0.015625 0.025391
2 0.862305 0.790039 0.009766 0.005859
3 0.479492 0.793945 0.025391 0.017578
2 0.922852 0.788086 0.017578 0.013672
2 0.476562 0.781250 0.003906 0.003906
2 0.946289 0.778320 0.013672 0.009766
3 0.723633 0.774414 0.001953 0.001953
3 0.243164 0.782227 0.013672 0.017578
2 0.944336 0.766602 0.009766 0.005859
3 0.442383 0.766602 0.005859 0.005859
3 0.100586 0.765625 0.005859 0.003906
3 0.041992 0.766602 0.013672 0.005859
3 0.028320 0.766602 0.009766 0.005859
2 0.868164 0.762695 0.001953 0.001953
3 0.245117 0.763672 0.009766 0.007812
3 0.201172 0.762695 0.011719 0.005859
2 0.929688 0.764648 0.015625 0.013672
3 0.235352 0.756836 0.009766 0.005859
2 0.999023 0.750977 0.001953 0.001953
3 0.850586 0.756836 0.013672 0.013672
3 0.095703 0.777344 0.097656 0.054688
2 0.538086 0.750977 0.009766 0.009766
3 0.296875 0.750977 0.023438 0.017578
3 0.183594 0.756836 0.082031 0.029297
3 0.721680 0.744141 0.005859 0.007812
3 0.157227 0.741211 0.037109 0.013672
3 0.791992 0.734375 0.005859 0.003906
2 0.997070 0.738281 0.005859 0.019531
3 0.117188 0.733398 0.011719 0.009766
3 0.826172 0.736328 0.023438 0.019531
3 0.502930 0.730469 0.017578 0.007812
3 0.934570 0.724609 0.001953 0.003906
3 0.337891 0.748047 0.023438 0.054688
3 0.856445 0.722656 0.005859 0.011719
3 0.619141 0.717773 0.011719 0.009766
3 0.438477 0.712891 0.009766 0.007812
3 0.125000 0.716797 0.015625 0.015625
3 0.720703 0.713867 0.011719 0.013672
3 0.776367 0.709961 0.009766 0.009766
3 0.278320 0.725586 0.044922 0.041016
3 0.671875 0.710938 0.015625 0.015625
2 0.202148 0.704102 0.005859 0.005859
3 0.778320 0.697266 0.005859 0.003906
3 0.646484 0.703125 0.011719 0.015625
3 0.209961 0.714844 0.158203 0.042969
3 0.217773 0.692383 0.005859 0.005859
3 0.858398 0.696289 0.072266 0.017578
3 0.545898 0.706055 0.056641 0.037109
2 0.391602 0.685547 0.005859 0.007812
3 0.507812 0.682617 0.003906 0.005859
2 0.191406 0.678711 0.007812 0.005859
3 0.268555 0.689453 0.087891 0.042969
2 0.221680 0.675781 0.017578 0.015625
3 0.633789 0.674805 0.013672 0.021484
2 0.397461 0.666992 0.005859 0.005859
3 0.774414 0.662109 0.005859 0.003906
3 0.935547 0.658203 0.003906 0.003906
3 0.667969 0.661133 0.007812 0.009766
3 0.837891 0.665039 0.023438 0.021484
2 0.651367 0.655273 0.001953 0.001953
3 0.790039 0.657227 0.005859 0.009766
3 0.676758 0.653320 0.001953 0.001953
2 0.282227 0.653320 0.001953 0.001953
3 0.794922 0.652344 0.003906 0.003906
3 0.688477 0.661133 0.048828 0.025391
3 0.541992 0.665039 0.033203 0.033203
2 0.255859 0.652344 0.007812 0.007812
2 0.656250 0.651367 0.007812 0.009766
2 0.410156 0.643555 0.003906 0.001953
2 0.424805 0.642578 0.001953 0.003906
2 0.401367 0.641602 0.001953 0.001953
2 0.299805 0.646484 0.025391 0.011719
3 0.702148 0.641602 0.017578 0.009766
3 0.942383 0.632812 0.001953 0.003906
3 0.546875 0.638672 0.015625 0.015625
2 0.282227 0.631836 0.009766 0.005859
2 0.299805 0.625977 0.001953 0.001953
2 0.780273 0.625977 0.005859 0.005859
3 0.815430 0.633789 0.029297 0.025391
3 0.736328 0.627930 0.027344 0.017578
2 0.215820 0.620117 0.005859 0.005859
3 0.705078 0.618164 0.007812 0.005859
3 0.563477 0.621094 0.013672 0.011719
2 0.213867 0.616211 0.001953 0.001953
3 0.432617 0.612305 0.001953 0.001953
2 0.777344 0.614258 0.019531 0.009766
3 0.721680 0.611328 0.005859 0.011719
3 0.742188 0.611328 0.023438 0.015625
3 0.254883 0.612305 0.017578 0.017578
3 0.992188 0.606445 0.015625 0.009766
3 0.704102 0.605469 0.005859 0.007812
2 0.801758 0.598633 0.001953 0.001953
3 0.676758 0.611328 0.033203 0.031250
3 0.590820 0.658203 0.029297 0.125000
3 0.581055 0.598633 0.009766 0.009766
3 0.984375 0.586914 0.003906 0.001953
2 0.384766 0.590820 0.007812 0.009766
3 0.280273 0.592773 0.021484 0.017578
3 0.230469 0.591797 0.015625 0.015625
2 0.803711 0.587891 0.013672 0.015625
2 0.875977 0.577148 0.009766 0.005859
3 0.679688 0.578125 0.003906 0.007812
2 0.897461 0.575195 0.009766 0.005859
3 0.753906 0.577148 0.007812 0.009766
3 0.593750 0.574219 0.007812 0.011719
3 0.685547 0.568359 0.003906 0.003906
3 0.609375 0.567383 0.003906 0.005859
2 0.866211 0.564453 0.001953 0.003906
3 0.675781 0.566406 0.007812 0.007812
3 0.343750 0.639648 0.070312 0.177734
3 0.791016 0.552734 0.015625 0.007812
3 0.645508 0.548828 0.005859 0.003906
3 0.128906 0.568359 0.015625 0.046875
3 0.815430 0.542969 0.009766 0.007812
2 0.914062 0.542969 0.039062 0.019531
3 0.921875 0.531250 0.007812 0.007812
3 0.190430 0.532227 0.009766 0.009766
3 0.984375 0.532227 0.023438 0.017578
2 0.932617 0.524414 0.001953 0.001953
3 0.297852 0.533203 0.013672 0.019531
2 0.953125 0.526367 0.007812 0.009766
3 0.401367 0.522461 0.001953 0.001953
2 0.227539 0.527344 0.021484 0.011719
2 0.678711 0.541016 0.017578 0.042969
3 0.407227 0.519531 0.001953 0.003906
3 0.545898 0.557617 0.021484 0.087891
3 0.082031 0.524414 0.023438 0.021484
2 0.961914 0.512695 0.001953 0.001953
3 0.845703 0.513672 0.003906 0.007812
2 0.679688 0.509766 0.003906 0.003906
3 0.955078 0.509766 0.007812 0.007812
3 0.359375 0.508789 0.003906 0.005859
2 0.193359 0.504883 0.003906 0.001953
3 0.872070 0.502930 0.001953 0.001953
3 0.861328 0.507812 0.011719 0.011719
3 0.875977 0.500977 0.001953 0.001953
3 0.809570 0.501953 0.005859 0.003906
3 0.760742 0.499023 0.005859 0.005859
2 0.618164 0.497070 0.005859 0.005859
3 0.416992 0.495117 0.005859 0.001953
3 0.355469 0.492188 0.003906 0.003906
3 0.315430 0.501953 0.017578 0.031250
2 0.652344 0.482422 0.031250 0.027344
2 0.624023 0.472656 0.017578 0.011719
3 0.911133 0.476562 0.013672 0.023438
2 0.159180 0.475586 0.017578 0.021484
2 0.585938 0.468750 0.015625 0.023438
2 0.175781 0.454102 0.003906 0.001953
2 0.168945 0.454102 0.001953 0.001953
3 0.242188 0.449219 0.019531 0.007812
2 0.186523 0.445312 0.009766 0.003906
2 0.599609 0.453125 0.015625 0.031250
3 0.133789 0.436523 0.009766 0.005859
2 0.589844 0.434570 0.007812 0.005859
2 0.065430 0.432617 0.001953 0.001953
3 0.382812 0.431641 0.003906 0.003906
3 0.261719 0.428711 0.007812 0.009766
3 0.938477 0.420898 0.001953 0.001953
3 0.539062 0.421875 0.003906 0.003906
2 0.565430 0.416992 0.001953 0.001953
3 0.862305 0.416992 0.009766 0.009766
2 0.555664 0.403320 0.001953 0.001953
3 0.884766 0.404297 0.015625 0.011719
3 0.769531 0.398438 0.003906 0.003906
3 0.500977 0.398438 0.001953 0.003906
2 0.666992 0.399414 0.005859 0.013672
3 0.691406 0.388672 0.007812 0.003906
3 0.270508 0.389648 0.021484 0.009766
3 0.070312 0.382812 0.003906 0.003906
2 0.298828 0.377930 0.003906 0.001953
3 0.023438 0.380859 0.011719 0.007812
3 0.946289 0.386719 0.013672 0.023438
3 0.323242 0.372070 0.001953 0.001953
2 0.574219 0.395508 0.027344 0.052734
3 0.436523 0.370117 0.001953 0.001953
2 0.132812 0.372070 0.003906 0.005859
2 0.304688 0.362305 0.007812 0.001953
3 0.018555 0.366211 0.009766 0.009766
3 0.647461 0.365234 0.009766 0.015625
3 0.523438 0.358398 0.019531 0.013672
2 0.303711 0.350586 0.001953 0.001953
2 0.299805 0.350586 0.001953 0.001953
2 0.319336 0.350586 0.021484 0.013672
3 0.873047 0.344727 0.003906 0.005859
2 0.294922 0.343750 0.003906 0.003906
2 0.136719 0.347656 0.011719 0.011719
3 0.997070 0.343750 0.005859 0.007812
3 0.958984 0.340820 0.003906 0.005859
3 0.145508 0.338867 0.001953 0.001953
3 0.721680 0.338867 0.005859 0.005859
3 0.656250 0.336914 0.011719 0.005859
3 0.734375 0.335938 0.007812 0.007812
2 0.095703 0.346680 0.074219 0.033203
3 0.933594 0.331055 0.007812 0.005859
3 0.985352 0.369141 0.029297 0.085938
2 0.115234 0.325195 0.003906 0.001953
3 0.873047 0.318359 0.007812 0.011719
3 0.727539 0.311523 0.005859 0.001953
3 0.622070 0.315430 0.060547 0.017578
3 0.196289 0.316406 0.021484 0.019531
2 0.119141 0.314453 0.015625 0.015625
3 0.894531 0.305664 0.003906 0.001953
3 0.924805 0.307617 0.013672 0.009766
3 0.906250 0.301758 0.011719 0.005859
3 0.009766 0.304688 0.015625 0.011719
2 0.718750 0.302734 0.023438 0.015625
2 0.550781 0.291992 0.003906 0.001953
2 0.640625 0.291992 0.007812 0.005859
3 0.779297 0.292969 0.015625 0.011719
2 0.752930 0.296875 0.025391 0.019531
2 0.618164 0.287109 0.005859 0.003906
3 0.838867 0.283203 0.009766 0.007812
3 0.756836 0.283203 0.017578 0.011719
2 0.153320 0.278320 0.001953 0.001953
2 0.414062 0.284180 0.019531 0.017578
3 0.776367 0.272461 0.001953 0.001953
2 0.689453 0.275391 0.007812 0.007812
3 0.158203 0.292969 0.031250 0.042969
2 0.128906 0.272461 0.003906 0.001953
2 0.704102 0.273438 0.013672 0.011719
3 0.804688 0.273438 0.015625 0.015625
3 0.377930 0.267578 0.005859 0.003906
3 0.795898 0.257812 0.013672 0.011719
3 0.334961 0.256836 0.013672 0.009766
3 0.055664 0.283203 0.111328 0.066406
3 0.922852 0.251953 0.009766 0.007812
2 0.272461 0.253906 0.021484 0.011719
2 0.258789 0.260742 0.056641 0.025391
2 0.113281 0.251953 0.011719 0.011719
3 0.815430 0.248047 0.013672 0.015625
3 0.538086 0.247070 0.013672 0.013672
3 0.406250 0.242188 0.007812 0.007812
3 0.954102 0.265625 0.091797 0.058594
2 0.174805 0.241211 0.005859 0.009766
3 0.622070 0.234375 0.005859 0.003906
2 0.574219 0.237305 0.011719 0.009766
3 0.995117 0.225586 0.001953 0.001953
3 0.841797 0.231445 0.023438 0.025391
3 0.993164 0.216797 0.009766 0.007812
3 0.734375 0.214844 0.003906 0.003906
3 0.536133 0.215820 0.009766 0.005859
3 0.055664 0.210938 0.001953 0.003906
2 0.032227 0.214844 0.025391 0.015625
3 0.752930 0.207031 0.001953 0.003906
2 0.566406 0.212891 0.031250 0.015625
3 0.885742 0.206055 0.009766 0.005859
3 0.822266 0.209961 0.011719 0.013672
3 0.749023 0.204102 0.001953 0.001953
2 0.981445 0.202148 0.001953 0.001953
3 0.894531 0.198242 0.003906 0.001953
3 0.093750 0.201172 0.011719 0.007812
3 0.512695 0.196289 0.005859 0.005859
2 0.946289 0.197266 0.005859 0.011719
3 0.897461 0.192383 0.005859 0.005859
3 0.728516 0.193359 0.007812 0.011719
3 0.717773 0.194336 0.009766 0.013672
3 0.998047 0.188477 0.003906 0.005859
3 0.295898 0.177734 0.001953 0.003906
3 0.597656 0.182617 0.011719 0.021484
3 0.825195 0.165039 0.001953 0.001953
3 0.894531 0.163086 0.007812 0.009766
3 0.064453 0.166992 0.027344 0.021484
3 0.922852 0.157227 0.005859 0.005859
3 0.818359 0.155273 0.003906 0.005859
2 0.015625 0.166992 0.031250 0.033203
3 0.674805 0.145508 0.001953 0.001953
3 0.670898 0.145508 0.001953 0.001953
3 0.833008 0.166992 0.025391 0.048828
3 0.511719 0.143555 0.003906 0.005859
3 0.839844 0.140625 0.003906 0.003906
2 0.613281 0.145508 0.019531 0.017578
3 0.955078 0.160156 0.089844 0.050781
3 0.896484 0.139648 0.007812 0.009766
3 0.876953 0.132812 0.003906 0.007812
2 0.591797 0.141602 0.015625 0.025391
3 0.636719 0.129883 0.003906 0.005859
3 0.937500 0.125977 0.003906 0.005859
3 0.510742 0.128906 0.005859 0.011719
3 0.645508 0.124023 0.001953 0.005859
3 0.976562 0.123047 0.007812 0.007812
3 0.772461 0.148438 0.052734 0.058594
2 0.615234 0.123047 0.019531 0.011719
3 0.418945 0.121094 0.009766 0.007812
3 0.031250 0.122070 0.062500 0.025391
3 0.956055 0.106445 0.021484 0.005859
2 0.041992 0.105469 0.001953 0.003906
2 0.274414 0.104492 0.005859 0.005859
2 0.039062 0.100586 0.007812 0.005859
3 0.001953 0.092773 0.003906 0.005859
3 0.885742 0.104492 0.048828 0.056641
3 0.822266 0.078125 0.003906 0.003906
3 0.804688 0.077148 0.003906 0.005859
2 0.052734 0.073242 0.003906 0.005859
3 0.987305 0.075195 0.017578 0.013672
3 0.931641 0.076172 0.062500 0.015625
3 0.716797 0.072266 0.007812 0.007812
2 0.651367 0.080078 0.013672 0.039062
2 0.062500 0.063477 0.003906 0.005859
3 0.998047 0.060547 0.003906 0.003906
2 0.039062 0.065430 0.015625 0.013672
2 0.647461 0.057617 0.001953 0.001953
2 0.640625 0.056641 0.003906 0.003906
3 0.916992 0.059570 0.025391 0.013672
2 0.644531 0.051758 0.003906 0.001953
2 0.046875 0.052734 0.003906 0.007812
3 0.835938 0.051758 0.003906 0.013672
3 0.805664 0.049805 0.005859 0.009766
3 0.408203 0.048828 0.007812 0.007812
3 0.797852 0.042969 0.001953 0.003906
3 0.942383 0.038086 0.001953 0.001953
3 0.003906 0.039062 0.007812 0.007812
3 0.206055 0.030273 0.001953 0.001953
3 0.202148 0.029297 0.001953 0.003906
3 0.278320 0.032227 0.009766 0.013672
2 0.041992 0.028320 0.013672 0.005859
3 0.910156 0.041992 0.019531 0.037109
3 0.911133 0.025391 0.001953 0.003906
3 0.985352 0.032227 0.021484 0.025391
2 0.630859 0.024414 0.003906 0.009766
3 0.728516 0.027344 0.093750 0.019531
3 0.250977 0.021484 0.005859 0.007812
3 0.334961 0.023438 0.005859 0.015625
2 0.284180 0.016602 0.013672 0.009766
2 0.631836 0.010742 0.001953 0.001953
3 0.794922 0.012695 0.007812 0.009766
3 0.957031 0.013672 0.019531 0.023438
3 0.994141 0.002930 0.011719 0.005859
3 0.918945 0.010742 0.013672 0.021484
3 0.894531 0.039062 0.031250 0.078125
3 0.873047 0.012695 0.023438 0.025391
2 0.654297 0.024414 0.027344 0.048828
3 0.627930 0.003906 0.005859 0.007812
3 0.222656 0.002930 0.007812 0.005859
3 0.068359 0.035156 0.136719 0.070312