1 0.742188 0.999023 0.003906 0.001953
1 0.777344 0.996094 0.007812 0.003906
0 0.995117 0.996094 0.005859 0.007812
0 0.924805 0.993164 0.001953 0.001953
0 0.921875 0.996094 0.007812 0.007812
0 0.812500 0.996094 0.011719 0.007812
0 0.587891 0.996094 0.019531 0.007812
1 0.755859 0.995117 0.019531 0.009766
0 0.916992 0.989258 0.001953 0.001953
0 0.766602 0.987305 0.001953 0.001953
0 0.825195 0.987305 0.009766 0.005859
1 0.757812 0.985352 0.011719 0.005859
0 0.927734 0.980469 0.011719 0.007812
0 0.783203 0.974609 0.007812 0.003906
0 0.510742 0.981445 0.017578 0.017578
0 0.500000 0.968750 0.003906 0.003906
0 0.575195 0.965820 0.001953 0.001953
0 0.556641 0.966797 0.003906 0.003906
0 0.000977 0.952148 0.001953 0.001953
0 0.734375 0.953125 0.011719 0.007812
0 0.737305 0.944336 0.005859 0.005859
0 0.614258 0.942383 0.001953 0.001953
0 0.994141 0.954102 0.011719 0.029297
0 0.605469 0.940430 0.007812 0.005859
0 0.604492 0.932617 0.001953 0.001953
1 0.977539 0.925781 0.013672 0.011719
1 0.962891 0.917969 0.003906 0.003906
1 0.971680 0.908203 0.001953 0.003906
1 0.947266 0.908203 0.007812 0.007812
1 0.964844 0.905273 0.007812 0.009766
0 0.973633 0.885742 0.001953 0.001953
0 0.979492 0.883789 0.005859 0.005859
0 0.551758 0.877930 0.001953 0.001953
0 0.534180 0.874023 0.001953 0.001953
0 0.890625 0.876953 0.023438 0.027344
0 0.528320 0.864258 0.001953 0.001953
0 0.586914 0.862305 0.001953 0.001953
0 0.984375 0.873047 0.031250 0.031250
0 0.895508 0.858398 0.001953 0.001953
0 0.649414 0.859375 0.013672 0.011719
0 0.892578 0.851562 0.003906 0.003906
0 0.954102 0.850586 0.009766 0.005859
0 0.001953 0.850586 0.003906 0.013672
0 0.802734 0.845703 0.007812 0.007812
0 0.644531 0.840820 0.003906 0.001953
0 0.791992 0.838867 0.001953 0.001953
0 0.542969 0.900391 0.128906 0.140625
0 0.629883 0.822266 0.009766 0.007812
0 0.907227 0.817383 0.001953 0.001953
0 0.989258 0.815430 0.001953 0.001953
0 0.985352 0.811523 0.001953 0.001953
0 0.817383 0.811523 0.001953 0.001953
0 0.967773 0.799805 0.001953 0.001953
0 0.495117 0.818359 0.021484 0.046875
0 0.485352 0.785156 0.001953 0.003906
0 0.889648 0.791992 0.033203 0.021484
0 0.897461 0.764648 0.001953 0.001953
0 0.801758 0.763672 0.005859 0.003906
0 0.907227 0.760742 0.001953 0.001953
0 0.932617 0.754883 0.001953 0.001953
0 0.913086 0.757812 0.005859 0.007812
0 0.883789 0.766602 0.029297 0.029297
0 0.998047 0.750977 0.003906 0.001953
0 0.907227 0.752930 0.001953 0.005859
0 0.901367 0.751953 0.001953 0.003906
0 0.845703 0.747070 0.003906 0.001953
0 0.947266 0.746094 0.003906 0.003906
0 0.756836 0.754883 0.029297 0.025391
0 0.191406 0.728516 0.003906 0.003906
0 0.954102 0.772461 0.091797 0.095703
1 0.967773 0.725586 0.005859 0.001953
0 0.180664 0.727539 0.005859 0.005859
0 0.184570 0.721680 0.001953 0.001953
1 0.973633 0.719727 0.001953 0.001953
0 0.874023 0.719727 0.001953 0.001953
0 0.897461 0.715820 0.001953 0.001953
0 0.184570 0.716797 0.001953 0.003906
0 0.897461 0.711914 0.001953 0.001953
1 0.998047 0.708984 0.003906 0.015625
1 0.985352 0.702148 0.001953 0.001953
1 0.981445 0.700195 0.001953 0.001953
0 0.930664 0.700195 0.001953 0.001953
0 0.708008 0.700195 0.001953 0.001953
0 0.879883 0.719727 0.037109 0.048828
0 0.934570 0.688477 0.001953 0.001953
0 0.930664 0.689453 0.001953 0.007812
0 0.925781 0.688477 0.003906 0.005859
0 0.823242 0.687500 0.009766 0.007812
0 0.587891 0.643555 0.011719 0.009766
0 0.840820 0.622070 0.001953 0.001953
0 0.831055 0.610352 0.001953 0.001953
0 0.211914 0.607422 0.017578 0.007812
0 0.847656 0.605469 0.003906 0.007812
0 0.817383 0.606445 0.017578 0.013672
1 0.981445 0.599609 0.001953 0.007812
0 0.000977 0.594727 0.001953 0.001953
1 0.970703 0.596680 0.015625 0.017578
0 0.813477 0.586914 0.001953 0.001953
0 0.049805 0.587891 0.005859 0.003906
0 0.050781 0.583008 0.003906 0.001953
0 0.568359 0.589844 0.023438 0.019531
1 0.866211 0.575195 0.001953 0.001953
0 0.209961 0.573242 0.001953 0.001953
1 0.870117 0.571289 0.001953 0.001953
1 0.866211 0.571289 0.001953 0.001953
0 0.851562 0.574219 0.023438 0.019531
0 0.848633 0.557617 0.001953 0.001953
0 0.046875 0.566406 0.019531 0.019531
0 0.116211 0.555664 0.001953 0.001953
0 0.110352 0.553711 0.001953 0.001953
1 0.846680 0.551758 0.001953 0.001953
1 0.962891 0.557617 0.031250 0.017578
0 0.610352 0.547852 0.001953 0.001953
0 0.603516 0.544922 0.003906 0.003906
0 0.366211 0.552734 0.017578 0.019531
0 0.333984 0.544922 0.003906 0.003906
1 0.243164 0.545898 0.005859 0.005859
0 0.001953 0.541992 0.003906 0.005859
0 0.590820 0.540039 0.017578 0.013672
0 0.745117 0.534180 0.005859 0.005859
1 0.981445 0.601562 0.037109 0.144531
1 0.850586 0.536133 0.009766 0.013672
0 0.775391 0.530273 0.003906 0.001953
0 0.000977 0.528320 0.001953 0.001953
0 0.607422 0.533203 0.015625 0.019531
0 0.663086 0.523438 0.009766 0.007812
0 0.284180 0.520508 0.001953 0.001953
0 0.715820 0.517578 0.001953 0.003906
1 0.829102 0.512695 0.001953 0.001953
0 0.776367 0.516602 0.009766 0.009766
0 0.766602 0.512695 0.001953 0.001953
0 0.137695 0.512695 0.001953 0.001953
1 0.941406 0.511719 0.003906 0.003906
0 0.754883 0.511719 0.001953 0.003906
0 0.762695 0.508789 0.001953 0.001953
0 0.114258 0.530273 0.056641 0.044922
0 0.755859 0.505859 0.007812 0.003906
0 0.354492 0.507812 0.005859 0.011719
1 0.841797 0.504883 0.011719 0.009766
0 0.816406 0.500977 0.003906 0.005859
0 0.190430 0.519531 0.037109 0.046875
0 0.777344 0.562500 0.109375 0.136719
0 0.714844 0.500977 0.015625 0.013672
0 0.697266 0.495117 0.003906 0.001953
1 0.840820 0.491211 0.001953 0.001953
0 0.340820 0.489258 0.001953 0.001953
1 0.866211 0.494141 0.037109 0.015625
0 0.704102 0.487305 0.001953 0.001953
1 0.871094 0.483398 0.003906 0.001953
1 0.844727 0.483398 0.001953 0.001953
1 0.872070 0.478516 0.009766 0.003906
0 0.320312 0.489258 0.027344 0.025391
0 0.428711 0.475586 0.001953 0.001953
0 0.659180 0.467773 0.001953 0.001953
0 0.330078 0.468750 0.003906 0.003906
0 0.384766 0.466797 0.003906 0.003906
0 0.336914 0.465820 0.001953 0.001953
1 0.880859 0.469727 0.007812 0.013672
1 0.666016 0.465820 0.007812 0.005859
0 0.647461 0.461914 0.001953 0.001953
0 0.655273 0.461914 0.009766 0.005859
0 0.450195 0.459961 0.001953 0.001953
1 0.995117 0.460938 0.009766 0.007812
0 0.577148 0.458008 0.001953 0.001953
1 0.892578 0.458984 0.007812 0.007812
0 0.163086 0.456055 0.001953 0.001953
1 0.917969 0.504883 0.023438 0.107422
1 0.874023 0.455078 0.009766 0.007812
0 0.674805 0.457031 0.013672 0.019531
0 0.168945 0.448242 0.001953 0.001953
0 0.206055 0.446289 0.001953 0.001953
1 0.893555 0.444336 0.001953 0.001953
1 0.880859 0.447266 0.007812 0.007812
0 0.149414 0.444336 0.001953 0.001953
0 0.142578 0.460938 0.027344 0.035156
0 0.819336 0.442383 0.005859 0.005859
0 0.415039 0.458008 0.201172 0.041016
0 0.781250 0.440430 0.015625 0.009766
0 0.735352 0.436523 0.001953 0.001953
0 0.583008 0.453125 0.126953 0.039062
1 0.984375 0.440430 0.031250 0.025391
0 0.745117 0.432617 0.009766 0.009766
0 0.843750 0.459961 0.054688 0.072266
0 0.729492 0.422852 0.001953 0.001953
0 0.725586 0.422852 0.001953 0.001953
0 0.713867 0.420898 0.001953 0.001953
1 0.147461 0.417969 0.001953 0.003906
0 0.226562 0.411133 0.007812 0.005859
0 0.026367 0.421875 0.041016 0.027344
0 0.722656 0.416992 0.023438 0.025391
0 0.532227 0.416992 0.029297 0.025391
0 0.168945 0.393555 0.001953 0.001953
0 0.165039 0.405273 0.029297 0.025391
0 0.066406 0.454102 0.132812 0.142578
0 0.891602 0.377930 0.001953 0.001953
0 0.305664 0.372070 0.001953 0.001953
0 0.321289 0.371094 0.005859 0.003906
0 0.442383 0.355469 0.005859 0.007812
0 0.799805 0.351562 0.001953 0.003906
0 0.442383 0.348633 0.001953 0.001953
0 0.954102 0.334961 0.001953 0.001953
0 0.299805 0.352539 0.037109 0.037109
0 0.313477 0.331055 0.001953 0.001953
0 0.229492 0.328125 0.001953 0.003906
0 0.940430 0.323242 0.001953 0.001953
0 0.239258 0.329102 0.013672 0.013672
0 0.939453 0.316406 0.003906 0.003906
0 0.752930 0.315430 0.001953 0.001953
0 0.329102 0.311523 0.001953 0.001953
0 0.280273 0.309570 0.001953 0.001953
0 0.327148 0.307617 0.005859 0.005859
0 0.297852 0.305664 0.001953 0.001953
0 0.875977 0.296875 0.001953 0.003906
0 0.278320 0.291992 0.001953 0.001953
0 0.637695 0.290039 0.001953 0.001953
0 0.872070 0.290039 0.005859 0.005859
0 0.747070 0.288086 0.001953 0.001953
0 0.982422 0.284180 0.003906 0.001953
0 0.300781 0.291016 0.015625 0.019531
0 0.985352 0.280273 0.005859 0.001953
0 0.769531 0.297852 0.039062 0.037109
0 0.956055 0.268555 0.001953 0.001953
0 0.438477 0.268555 0.001953 0.001953
0 0.435547 0.264648 0.003906 0.001953
0 0.683594 0.262695 0.007812 0.005859
0 0.443359 0.262695 0.007812 0.005859
0 0.952148 0.290039 0.095703 0.072266
0 0.368164 0.250977 0.001953 0.001953
0 0.592773 0.250000 0.001953 0.003906
0 0.008789 0.248047 0.005859 0.003906
0 0.000977 0.248047 0.001953 0.003906
0 0.893555 0.247070 0.005859 0.005859
0 0.399414 0.243164 0.001953 0.001953
0 0.995117 0.241211 0.001953 0.001953
0 0.901367 0.249023 0.009766 0.017578
0 0.532227 0.241211 0.001953 0.001953
0 0.000977 0.240234 0.001953 0.003906
0 0.916992 0.244141 0.013672 0.015625
0 0.907227 0.237305 0.001953 0.001953
0 0.529297 0.248047 0.023438 0.027344
1 0.958008 0.233398 0.001953 0.001953
0 0.416016 0.243164 0.031250 0.025391
0 0.895508 0.328125 0.208984 0.199219
0 0.520508 0.229492 0.005859 0.005859
0 0.430664 0.227539 0.001953 0.001953
0 0.411133 0.225586 0.001953 0.001953
0 0.699219 0.226562 0.007812 0.007812
0 0.995117 0.224609 0.005859 0.007812
1 0.939453 0.222656 0.003906 0.003906
0 0.750977 0.222656 0.005859 0.003906
0 0.700195 0.219727 0.001953 0.001953
0 0.789062 0.217773 0.003906 0.005859
0 0.709961 0.223633 0.013672 0.017578
0 0.696289 0.215820 0.001953 0.001953
0 0.777344 0.218750 0.011719 0.011719
0 0.514648 0.213867 0.001953 0.001953
0 0.448242 0.216797 0.013672 0.007812
0 0.510742 0.211914 0.001953 0.001953
0 0.434570 0.208008 0.001953 0.001953
0 0.477539 0.209961 0.005859 0.009766
0 0.809570 0.206055 0.005859 0.005859
1 0.935547 0.211914 0.054688 0.029297
1 0.916992 0.194336 0.001953 0.001953
0 0.791992 0.193359 0.009766 0.003906
0 0.970703 0.226562 0.054688 0.085938
0 0.641602 0.191406 0.037109 0.019531
1 0.000977 0.182617 0.001953 0.001953
0 0.965820 0.180664 0.001953 0.001953
0 0.961914 0.180664 0.001953 0.001953
0 0.653320 0.181641 0.005859 0.003906
0 0.958008 0.176758 0.001953 0.001953
0 0.777344 0.178711 0.007812 0.005859
1 0.668945 0.174805 0.001953 0.001953
0 0.018555 0.161133 0.001953 0.001953
0 0.985352 0.159180 0.001953 0.001953
0 0.995117 0.158203 0.005859 0.007812
0 0.637695 0.162109 0.009766 0.015625
0 0.590820 0.154297 0.009766 0.003906
0 0.027344 0.147461 0.031250 0.017578
0 0.045898 0.136719 0.005859 0.003906
0 0.788086 0.131836 0.001953 0.001953
0 0.032227 0.131836 0.001953 0.001953
0 0.036133 0.129883 0.001953 0.001953
0 0.020508 0.135742 0.009766 0.013672
0 0.948242 0.128906 0.005859 0.003906
0 0.793945 0.125977 0.001953 0.001953
0 0.799805 0.118164 0.001953 0.001953
0 0.790039 0.118164 0.001953 0.001953
0 0.932617 0.116211 0.001953 0.001953
0 0.916992 0.135742 0.021484 0.041016
0 0.704102 0.116211 0.001953 0.001953
0 0.926758 0.115234 0.005859 0.003906
0 0.805664 0.114258 0.001953 0.001953
0 0.645508 0.110352 0.001953 0.001953
0 0.813477 0.126953 0.033203 0.039062
0 0.634766 0.110352 0.011719 0.005859
0 0.617188 0.104492 0.003906 0.001953
0 0.017578 0.112305 0.035156 0.021484
0 0.636719 0.099609 0.003906 0.003906
0 0.611328 0.100586 0.003906 0.005859
0 0.604492 0.098633 0.001953 0.001953
0 0.973633 0.096680 0.001953 0.001953
0 0.713867 0.104492 0.021484 0.021484
0 0.610352 0.094727 0.001953 0.001953
0 0.602539 0.094727 0.001953 0.001953
0 0.595703 0.095703 0.003906 0.003906
0 0.633789 0.093750 0.005859 0.003906
0 0.578125 0.094727 0.003906 0.005859
0 0.657227 0.096680 0.033203 0.021484
0 0.600586 0.079102 0.001953 0.001953
0 0.619141 0.083008 0.031250 0.017578
0 0.600586 0.075195 0.001953 0.001953
0 0.595703 0.076172 0.003906 0.003906
0 0.584961 0.085938 0.013672 0.023438
0 0.555664 0.063477 0.001953 0.001953
0 0.747070 0.077148 0.029297 0.033203
0 0.031250 0.051758 0.003906 0.001953
0 0.132812 0.048828 0.003906 0.003906
0 0.595703 0.045898 0.003906 0.005859
0 0.532227 0.041992 0.001953 0.001953
0 0.617188 0.041016 0.003906 0.003906
0 0.602539 0.040039 0.005859 0.005859
1 0.579102 0.032227 0.001953 0.001953
1 0.000977 0.028320 0.001953 0.001953
0 0.717773 0.026367 0.001953 0.001953
0 0.008789 0.026367 0.001953 0.001953
0 0.553711 0.048828 0.044922 0.050781
0 0.766602 0.022461 0.001953 0.001953
0 0.147461 0.029297 0.013672 0.019531
0 0.691406 0.036133 0.023438 0.037109
0 0.725586 0.017578 0.001953 0.003906
0 0.717773 0.010742 0.001953 0.001953
0 0.528320 0.020508 0.029297 0.025391
0 0.791992 0.000977 0.001953 0.001953
0 0.781250 0.011719 0.019531 0.023438
0 0.772461 0.000977 0.001953 0.001953
0 0.767578 0.003906 0.003906 0.007812
0 0.729492 0.006836 0.025391 0.013672
0 0.055664 0.002930 0.033203 0.005859
0 0.005859 0.010742 0.011719 0.021484
2 0.589844 0.999023 0.003906 0.001953
2 0.583008 0.997070 0.001953 0.001953
3 0.930664 0.797852 0.001953 0.001953
2 0.952148 0.771484 0.001953 0.003906
2 0.948242 0.766602 0.009766 0.005859
3 0.975586 0.752930 0.001953 0.001953
2 0.987305 0.761719 0.025391 0.027344
3 0.996094 0.738281 0.007812 0.011719
3 0.976562 0.657227 0.003906 0.001953
3 0.992188 0.644531 0.003906 0.003906
3 0.995117 0.608398 0.001953 0.001953
2 0.040039 0.500977 0.001953 0.001953
2 0.044922 0.500000 0.003906 0.003906
2 0.999023 0.392578 0.001953 0.003906
2 0.982422 0.387695 0.007812 0.001953
2 0.999023 0.385742 0.001953 0.001953
3 0.870117 0.383789 0.001953 0.001953
2 0.992188 0.379883 0.011719 0.001953
2 0.950195 0.379883 0.001953 0.001953
2 0.844727 0.377930 0.001953 0.001953
2 0.842773 0.368164 0.001953 0.001953
2 0.953125 0.371094 0.023438 0.019531
3 0.999023 0.348633 0.001953 0.001953
3 0.971680 0.348633 0.001953 0.001953
3 0.879883 0.348633 0.001953 0.001953
3 0.946289 0.342773 0.001953 0.001953
2 0.851562 0.334961 0.003906 0.005859
2 0.854492 0.329102 0.001953 0.001953
2 0.848633 0.329102 0.001953 0.001953
2 0.848633 0.325195 0.001953 0.001953
3 0.877930 0.313477 0.001953 0.001953
2 0.857422 0.315430 0.003906 0.005859
2 0.850586 0.305664 0.001953 0.001953
2 0.850586 0.301758 0.001953 0.001953
2 0.841797 0.299805 0.011719 0.021484
2 0.952148 0.280273 0.001953 0.001953
2 0.848633 0.278320 0.001953 0.001953
2 0.799805 0.276367 0.001953 0.001953
2 0.915039 0.270508 0.001953 0.001953
2 0.844727 0.246094 0.005859 0.003906
2 0.805664 0.235352 0.001953 0.001953
2 0.020508 0.112305 0.001953 0.001953
2 0.782227 0.016602 0.001953 0.001953
2 0.059570 0.000977 0.001953 0.001953
2 0.500000 0.500000 1.000000 1.000000