1 0.630859 0.999023 0.007812 0.001953
1 0.250977 0.997070 0.005859 0.005859
1 0.631836 0.994141 0.001953 0.003906
1 0.272461 0.994141 0.001953 0.003906
1 0.709961 0.991211 0.001953 0.001953
1 0.635742 0.991211 0.001953 0.001953
1 0.466797 0.988281 0.003906 0.003906
1 0.643555 0.985352 0.001953 0.001953
1 0.638672 0.982422 0.003906 0.003906
1 0.379883 0.979492 0.001953 0.001953
1 0.637695 0.977539 0.001953 0.001953
1 0.413086 0.967773 0.001953 0.001953
1 0.709961 0.966797 0.005859 0.003906
1 0.410156 0.962891 0.003906 0.003906
1 0.629883 0.956055 0.001953 0.001953
1 0.469727 0.950195 0.001953 0.001953
1 0.465820 0.950195 0.001953 0.001953
1 0.488281 0.952148 0.007812 0.009766
0 0.034180 0.948242 0.001953 0.001953
0 0.013672 0.949219 0.003906 0.003906
1 0.545898 0.944336 0.001953 0.001953
1 0.471680 0.944336 0.001953 0.001953
1 0.725586 0.942383 0.001953 0.001953
0 0.022461 0.941406 0.005859 0.003906
0 0.024414 0.934570 0.001953 0.001953
1 0.405273 0.935547 0.017578 0.011719
1 0.389648 0.922852 0.001953 0.001953
1 0.545898 0.912109 0.001953 0.003906
0 0.404297 0.903320 0.003906 0.001953
1 0.434570 0.918945 0.033203 0.037109
1 0.450195 0.875977 0.001953 0.001953
1 0.001953 0.838867 0.003906 0.013672
0 0.102539 0.749023 0.001953 0.001953
0 0.152344 0.729492 0.003906 0.001953
0 0.147461 0.729492 0.001953 0.001953
0 0.139648 0.723633 0.001953 0.001953
0 0.264648 0.719727 0.001953 0.001953
1 0.160156 0.701172 0.007812 0.007812
1 0.107422 0.698242 0.003906 0.005859
1 0.299805 0.680664 0.001953 0.001953
1 0.138672 0.673828 0.003906 0.003906
1 0.157227 0.663086 0.001953 0.001953
1 0.258789 0.661133 0.001953 0.005859
1 0.989258 0.652344 0.001953 0.003906
0 0.151367 0.649414 0.001953 0.001953
1 0.134766 0.658203 0.027344 0.019531
1 0.118164 0.645508 0.017578 0.013672
1 0.959961 0.618164 0.001953 0.001953
1 0.987305 0.610352 0.001953 0.001953
1 0.987305 0.606445 0.001953 0.001953
1 0.997070 0.604492 0.001953 0.001953
1 0.342773 0.605469 0.009766 0.007812
0 0.262695 0.581055 0.001953 0.001953
0 0.002930 0.582031 0.005859 0.019531
1 0.961914 0.559570 0.001953 0.001953
1 0.958008 0.557617 0.001953 0.001953
0 0.141602 0.553711 0.001953 0.001953
0 0.166016 0.552734 0.003906 0.003906
0 0.018555 0.558594 0.013672 0.015625
0 0.143555 0.549805 0.001953 0.001953
0 0.133789 0.549805 0.001953 0.001953
0 0.159180 0.549805 0.005859 0.005859
0 0.137695 0.548828 0.001953 0.003906
1 0.982422 0.548828 0.035156 0.039062
0 0.137695 0.538086 0.017578 0.017578
0 0.260742 0.528320 0.001953 0.001953
1 0.399414 0.523438 0.001953 0.003906
1 0.997070 0.518555 0.001953 0.001953
1 0.412109 0.526367 0.019531 0.021484
1 0.998047 0.501953 0.003906 0.003906
0 0.106445 0.500977 0.001953 0.001953
0 0.221680 0.499023 0.001953 0.001953
0 0.014648 0.493164 0.005859 0.001953
1 0.986328 0.494141 0.011719 0.007812
1 0.965820 0.494141 0.005859 0.007812
0 0.125977 0.491211 0.001953 0.001953
0 0.019531 0.522461 0.039062 0.064453
0 0.116211 0.495117 0.013672 0.017578
1 0.991211 0.484375 0.013672 0.007812
0 0.118164 0.480469 0.001953 0.003906
1 0.342773 0.477539 0.001953 0.001953
1 0.998047 0.473633 0.003906 0.001953
1 0.974609 0.474609 0.007812 0.003906
1 0.329102 0.474609 0.001953 0.003906
0 0.176758 0.470703 0.001953 0.003906
0 0.162109 0.468750 0.003906 0.003906
1 0.400391 0.466797 0.011719 0.011719
1 0.397461 0.458984 0.001953 0.003906
0 0.937500 0.459961 0.011719 0.009766
0 0.226562 0.480469 0.078125 0.050781
0 0.272461 0.446289 0.001953 0.001953
0 0.297852 0.444336 0.001953 0.001953
0 0.290039 0.444336 0.001953 0.001953
0 0.249023 0.442383 0.005859 0.005859
0 0.307617 0.438477 0.001953 0.001953
0 0.344727 0.436523 0.001953 0.001953
0 0.415039 0.434570 0.001953 0.001953
0 0.331055 0.453125 0.052734 0.039062
0 0.254883 0.434570 0.001953 0.001953
0 0.271484 0.432617 0.003906 0.001953
0 0.344727 0.430664 0.001953 0.001953
0 0.312500 0.434570 0.015625 0.009766
0 0.263672 0.430664 0.007812 0.005859
0 0.348633 0.426758 0.001953 0.001953
0 0.310547 0.423828 0.007812 0.007812
0 0.000977 0.420898 0.001953 0.001953
0 0.291992 0.418945 0.001953 0.001953
0 0.223633 0.418945 0.001953 0.001953
0 0.241211 0.416992 0.001953 0.001953
0 0.237305 0.416992 0.001953 0.001953
0 0.416992 0.426758 0.033203 0.037109
0 0.209961 0.409180 0.001953 0.001953
0 0.421875 0.402344 0.011719 0.007812
0 0.418945 0.395508 0.001953 0.001953
0 0.230469 0.393555 0.003906 0.001953
0 0.225586 0.405273 0.029297 0.025391
0 0.224609 0.390625 0.003906 0.003906
0 0.293945 0.387695 0.001953 0.001953
0 0.234375 0.385742 0.003906 0.005859
0 0.279297 0.383789 0.023438 0.017578
0 0.236328 0.376953 0.003906 0.003906
1 0.270508 0.368164 0.001953 0.001953
0 0.284180 0.354492 0.001953 0.001953
0 0.321289 0.362305 0.025391 0.021484
0 0.288086 0.350586 0.005859 0.005859
0 0.282227 0.348633 0.001953 0.001953
0 0.277344 0.343750 0.003906 0.003906
0 0.246094 0.356445 0.031250 0.033203
0 0.233398 0.334961 0.001953 0.001953
0 0.281250 0.331055 0.019531 0.013672
0 0.268555 0.325195 0.001953 0.001953
0 0.268555 0.319336 0.001953 0.001953
0 0.233398 0.323242 0.009766 0.017578
0 0.231445 0.305664 0.001953 0.001953
0 0.235352 0.303711 0.001953 0.001953
0 0.217773 0.309570 0.021484 0.013672
0 0.235352 0.299805 0.001953 0.001953
0 0.226562 0.299805 0.003906 0.001953
0 0.208008 0.299805 0.001953 0.001953
0 0.213867 0.284180 0.001953 0.001953
0 0.192383 0.278320 0.001953 0.001953
0 0.077148 0.276367 0.017578 0.017578
0 0.044922 0.272461 0.031250 0.013672
0 0.319336 0.252930 0.005859 0.001953
0 0.271484 0.250000 0.003906 0.003906
0 0.256836 0.249023 0.001953 0.001953
0 0.108398 0.248047 0.005859 0.003906
0 0.259766 0.245117 0.003906 0.001953
0 0.090820 0.245117 0.001953 0.001953
0 0.972656 0.236328 0.007812 0.007812
0 0.092773 0.235352 0.013672 0.013672
0 0.143555 0.223633 0.001953 0.001953
1 0.510742 0.217773 0.001953 0.001953
1 0.504883 0.217773 0.001953 0.001953
0 0.491211 0.211914 0.001953 0.001953
0 0.131836 0.211914 0.001953 0.001953
0 0.120117 0.211914 0.001953 0.001953
0 0.161133 0.182617 0.001953 0.001953
0 0.200195 0.180664 0.001953 0.001953
0 0.161133 0.178711 0.001953 0.001953
0 0.165039 0.172852 0.001953 0.001953
0 0.201172 0.171875 0.003906 0.003906
0 0.163086 0.166992 0.001953 0.001953
1 0.717773 0.153320 0.001953 0.001953
1 0.225586 0.153320 0.001953 0.001953
1 0.214844 0.152344 0.003906 0.003906
0 0.842773 0.145508 0.001953 0.001953
0 0.727539 0.141602 0.001953 0.001953
0 0.063477 0.139648 0.001953 0.001953
0 0.401367 0.135742 0.001953 0.001953
0 0.446289 0.129883 0.009766 0.001953
0 0.858398 0.116211 0.001953 0.001953
1 0.590820 0.112305 0.001953 0.001953
0 0.388672 0.123047 0.023438 0.027344
0 0.438477 0.106445 0.001953 0.001953
0 0.396484 0.108398 0.007812 0.005859
0 0.393555 0.104492 0.001953 0.001953
0 0.236328 0.104492 0.003906 0.001953
0 0.405273 0.100586 0.001953 0.001953
0 0.358398 0.100586 0.001953 0.001953
0 0.424805 0.098633 0.001953 0.001953
0 0.415039 0.090820 0.001953 0.001953
0 0.208008 0.090820 0.001953 0.001953
0 0.223633 0.093750 0.009766 0.011719
0 0.384766 0.087891 0.003906 0.003906
0 0.145508 0.073242 0.001953 0.001953
1 0.868164 0.069336 0.001953 0.001953
0 0.140625 0.070312 0.003906 0.003906
0 0.135742 0.079102 0.017578 0.021484
0 0.564453 0.068359 0.003906 0.003906
1 0.651367 0.065430 0.001953 0.001953
0 0.549805 0.059570 0.001953 0.001953
0 0.114258 0.053711 0.001953 0.001953
1 0.836914 0.069336 0.037109 0.037109
0 0.541992 0.051758 0.001953 0.001953
0 0.606445 0.043945 0.001953 0.001953
1 0.815430 0.036133 0.001953 0.001953
0 0.178711 0.036133 0.001953 0.001953
1 0.749023 0.032227 0.001953 0.001953
0 0.524414 0.032227 0.001953 0.001953
0 0.491211 0.032227 0.001953 0.001953
1 0.811523 0.030273 0.001953 0.001953
0 0.599609 0.028320 0.003906 0.001953
0 0.621094 0.024414 0.031250 0.025391
0 0.070312 0.012695 0.003906 0.001953
0 0.894531 0.001953 0.003906 0.003906
1 0.801758 0.017578 0.087891 0.035156
0 0.555664 0.024414 0.052734 0.048828
0 0.490234 0.003906 0.003906 0.007812
0 0.500000 0.500000 1.000000 1.000000
0 0.189453 0.082031 0.144531 0.164062
0 0.025391 0.041016 0.050781 0.082031
3 0.428711 0.999023 0.001953 0.001953
2 0.004883 0.999023 0.001953 0.001953
3 0.424805 0.997070 0.001953 0.005859
2 0.946289 0.990234 0.005859 0.007812
3 0.653320 0.987305 0.001953 0.001953
3 0.567383 0.987305 0.001953 0.001953
2 0.000977 0.987305 0.001953 0.001953
3 0.377930 0.985352 0.001953 0.001953
3 0.495117 0.983398 0.001953 0.001953
2 0.000977 0.981445 0.001953 0.001953
3 0.692383 0.980469 0.001953 0.003906
3 0.258789 0.977539 0.001953 0.001953
3 0.449219 0.974609 0.003906 0.007812
3 0.641602 0.967773 0.001953 0.001953
2 0.142578 0.968750 0.003906 0.003906
3 0.690430 0.965820 0.001953 0.001953
2 0.145508 0.963867 0.001953 0.001953
3 0.698242 0.959961 0.001953 0.001953
3 0.251953 0.978516 0.089844 0.042969
2 0.140625 0.958984 0.003906 0.003906
2 0.025391 0.959961 0.003906 0.005859
2 0.331055 0.952148 0.001953 0.001953
2 0.913086 0.950195 0.001953 0.001953
2 0.138672 0.951172 0.003906 0.003906
2 0.022461 0.952148 0.005859 0.005859
3 0.690430 0.946289 0.001953 0.001953
2 0.041992 0.948242 0.001953 0.005859
3 0.686523 0.945312 0.001953 0.003906
3 0.518555 0.944336 0.001953 0.001953
2 0.913086 0.943359 0.001953 0.003906
3 0.690430 0.942383 0.001953 0.001953
3 0.739258 0.940430 0.001953 0.001953
3 0.631836 0.969727 0.037109 0.060547
2 0.327148 0.942383 0.005859 0.005859
2 0.137695 0.941406 0.001953 0.007812
3 0.696289 0.936523 0.001953 0.001953
2 0.631836 0.936523 0.001953 0.001953
2 0.327148 0.936523 0.001953 0.001953
3 0.606445 0.934570 0.005859 0.001953
2 0.316406 0.934570 0.003906 0.001953
3 0.740234 0.934570 0.003906 0.005859
3 0.531250 0.940430 0.019531 0.017578
3 0.711914 0.964844 0.107422 0.070312
2 0.633789 0.930664 0.001953 0.001953
2 0.624023 0.930664 0.001953 0.005859
3 0.606445 0.928711 0.001953 0.001953
2 0.303711 0.931641 0.017578 0.011719
3 0.600586 0.925781 0.005859 0.003906
3 0.593750 0.927734 0.003906 0.007812
2 0.333008 0.924805 0.001953 0.001953
3 0.606445 0.922852 0.001953 0.001953
2 0.456055 0.922852 0.001953 0.001953
2 0.301758 0.922852 0.001953 0.001953
3 0.596680 0.920898 0.001953 0.001953
3 0.606445 0.917969 0.001953 0.003906
3 0.721680 0.915039 0.001953 0.001953
2 0.178711 0.913086 0.001953 0.001953
2 0.167969 0.914062 0.003906 0.003906
3 0.460938 0.913086 0.011719 0.005859
2 0.094727 0.909180 0.001953 0.001953
2 0.368164 0.907227 0.001953 0.001953
2 0.182617 0.903320 0.001953 0.001953
2 0.090820 0.904297 0.005859 0.003906
2 0.999023 0.901367 0.001953 0.001953
2 0.801758 0.899414 0.001953 0.001953
2 0.209961 0.900391 0.001953 0.003906
2 0.997070 0.896484 0.005859 0.003906
2 0.208008 0.895508 0.001953 0.001953
2 0.149414 0.896484 0.009766 0.003906
2 0.793945 0.893555 0.001953 0.001953
2 0.713867 0.891602 0.001953 0.001953
2 0.153320 0.891602 0.001953 0.001953
2 0.929688 0.896484 0.023438 0.015625
2 0.830078 0.921875 0.062500 0.066406
2 0.178711 0.894531 0.009766 0.011719
2 0.999023 0.890625 0.001953 0.007812
2 0.786133 0.887695 0.001953 0.001953
2 0.205078 0.916016 0.058594 0.058594
2 0.190430 0.887695 0.001953 0.001953
2 0.792969 0.887695 0.007812 0.005859
3 0.606445 0.885742 0.001953 0.001953
2 0.527344 0.890625 0.011719 0.015625
2 0.644531 0.882812 0.003906 0.003906
2 0.387695 0.884766 0.005859 0.007812
2 0.645508 0.877930 0.001953 0.001953
3 0.572266 0.938477 0.074219 0.123047
2 0.777344 0.877930 0.011719 0.005859
2 0.641602 0.875977 0.001953 0.001953
2 0.392578 0.876953 0.003906 0.003906
2 0.850586 0.872070 0.001953 0.001953
2 0.918945 0.866211 0.001953 0.001953
2 0.151367 0.880859 0.048828 0.031250
2 0.833008 0.864258 0.001953 0.001953
2 0.399414 0.866211 0.013672 0.005859
2 0.311523 0.864258 0.001953 0.001953
2 0.981445 0.862305 0.001953 0.001953
2 0.865234 0.863281 0.003906 0.003906
2 0.860352 0.862305 0.001953 0.001953
2 0.756836 0.862305 0.001953 0.001953
2 0.395508 0.860352 0.001953 0.001953
2 0.066406 0.860352 0.003906 0.001953
2 0.686523 0.899414 0.083984 0.083984
2 0.426758 0.858398 0.001953 0.001953
2 0.750000 0.857422 0.003906 0.003906
3 0.461914 0.856445 0.001953 0.001953
2 0.430664 0.856445 0.001953 0.001953
2 0.983398 0.854492 0.001953 0.001953
2 0.989258 0.873047 0.021484 0.042969
3 0.477539 0.846680 0.001953 0.001953
2 0.980469 0.847656 0.007812 0.007812
3 0.418945 0.921875 0.169922 0.156250
2 0.291992 0.842773 0.001953 0.001953
2 0.889648 0.861328 0.068359 0.042969
2 0.496094 0.839844 0.003906 0.003906
2 0.893555 0.836914 0.001953 0.001953
2 0.893555 0.833008 0.001953 0.001953
3 0.747070 0.842773 0.005859 0.021484
2 0.542969 0.835938 0.015625 0.007812
2 0.445312 0.844727 0.023438 0.029297
2 0.434570 0.831055 0.001953 0.001953
2 0.057617 0.831055 0.001953 0.001953
3 0.895508 0.829102 0.001953 0.001953
3 0.891602 0.829102 0.001953 0.001953
2 0.336914 0.829102 0.001953 0.001953
2 0.243164 0.829102 0.001953 0.001953
2 0.333984 0.825195 0.003906 0.001953
2 0.164062 0.839844 0.035156 0.031250
2 0.124023 0.830078 0.013672 0.015625
2 0.831055 0.821289 0.001953 0.001953
2 0.835938 0.822266 0.003906 0.007812
2 0.541992 0.821289 0.005859 0.009766
2 0.314453 0.819336 0.003906 0.005859
2 0.311523 0.813477 0.001953 0.001953
2 0.303711 0.813477 0.001953 0.001953
3 0.831055 0.809570 0.001953 0.001953
2 0.549805 0.808594 0.001953 0.003906
2 0.039062 0.882812 0.078125 0.152344
2 0.073242 0.803711 0.001953 0.001953
2 0.746094 0.804688 0.007812 0.007812
2 0.180664 0.801758 0.001953 0.001953
2 0.075195 0.799805 0.001953 0.001953
2 0.079102 0.802734 0.001953 0.011719
2 0.315430 0.801758 0.017578 0.013672
3 0.260742 0.795898 0.001953 0.001953
2 0.438477 0.791992 0.001953 0.001953
2 0.186523 0.791992 0.001953 0.001953
2 0.730469 0.791992 0.011719 0.005859
2 0.102539 0.788086 0.009766 0.005859
2 0.157227 0.780273 0.001953 0.001953
2 0.155273 0.776367 0.001953 0.001953
2 0.096680 0.776367 0.001953 0.001953
2 0.088867 0.776367 0.001953 0.001953
2 0.268555 0.774414 0.001953 0.001953
3 0.501953 0.772461 0.003906 0.001953
3 0.477539 0.770508 0.001953 0.001953
3 0.328125 0.764648 0.003906 0.001953
3 0.318359 0.764648 0.003906 0.001953
3 0.549805 0.787109 0.060547 0.050781
2 0.432617 0.758789 0.001953 0.001953
2 0.084961 0.774414 0.025391 0.037109
3 0.478516 0.760742 0.035156 0.017578
2 0.283203 0.815430 0.101562 0.126953
2 0.399414 0.749023 0.001953 0.001953
2 0.124023 0.751953 0.013672 0.007812
2 0.090820 0.741211 0.001953 0.001953
2 0.086914 0.741211 0.001953 0.001953
2 0.831055 0.804688 0.154297 0.136719
2 0.437500 0.736328 0.003906 0.003906
2 0.411133 0.735352 0.001953 0.001953
2 0.129883 0.735352 0.001953 0.001953
2 0.124023 0.735352 0.001953 0.001953
2 0.225586 0.733398 0.001953 0.001953
2 0.415039 0.731445 0.001953 0.001953
2 0.266602 0.731445 0.001953 0.001953
2 0.979492 0.729492 0.001953 0.001953
2 0.402344 0.730469 0.003906 0.003906
2 0.890625 0.732422 0.011719 0.011719
2 0.372070 0.727539 0.001953 0.005859
2 0.497070 0.735352 0.017578 0.025391
2 0.086914 0.723633 0.001953 0.001953
2 0.364258 0.721680 0.001953 0.001953
2 0.172852 0.721680 0.001953 0.001953
2 0.006836 0.729492 0.013672 0.017578
2 0.418945 0.722656 0.017578 0.011719
2 0.583008 0.715820 0.001953 0.001953
2 0.374023 0.715820 0.001953 0.001953
2 0.493164 0.710938 0.021484 0.011719
2 0.083008 0.706055 0.005859 0.001953
3 0.274414 0.706055 0.005859 0.005859
2 0.253906 0.704102 0.003906 0.001953
2 0.438477 0.701172 0.009766 0.011719
2 0.061523 0.695312 0.013672 0.007812
3 0.293945 0.688477 0.001953 0.001953
2 0.244141 0.693359 0.011719 0.011719
2 0.381836 0.759766 0.173828 0.152344
2 0.567383 0.682617 0.001953 0.001953
2 0.561523 0.682617 0.001953 0.001953
3 0.394531 0.682617 0.003906 0.001953
2 0.659180 0.688477 0.009766 0.017578
2 0.006836 0.682617 0.013672 0.005859
3 0.284180 0.678711 0.005859 0.001953
2 0.567383 0.677734 0.001953 0.003906
2 0.561523 0.676758 0.001953 0.001953
2 0.585938 0.712891 0.066406 0.078125
2 0.009766 0.671875 0.007812 0.007812
2 0.553711 0.667969 0.005859 0.007812
2 0.252930 0.665039 0.001953 0.001953
2 0.963867 0.649414 0.001953 0.001953
2 0.013672 0.656250 0.011719 0.015625
2 0.833008 0.639648 0.001953 0.001953
2 0.036133 0.639648 0.001953 0.001953
3 0.386719 0.659180 0.054688 0.044922
3 0.972656 0.636719 0.007812 0.003906
2 0.833008 0.635742 0.001953 0.001953
3 0.204102 0.660156 0.052734 0.050781
3 0.991211 0.661133 0.017578 0.060547
2 0.682617 0.631836 0.001953 0.001953
2 0.774414 0.629883 0.009766 0.009766
2 0.022461 0.620117 0.001953 0.001953
2 0.545898 0.619141 0.001953 0.003906
2 0.784180 0.619141 0.009766 0.007812
2 0.782227 0.614258 0.001953 0.001953
2 0.829102 0.618164 0.021484 0.021484
2 0.358398 0.606445 0.001953 0.001953
2 0.502930 0.600586 0.005859 0.001953
2 0.496094 0.600586 0.003906 0.001953
2 0.193359 0.596680 0.003906 0.005859
2 0.360352 0.592773 0.001953 0.001953
2 0.609375 0.594727 0.015625 0.009766
2 0.217773 0.590820 0.001953 0.001953
2 0.479492 0.602539 0.025391 0.029297
2 0.229492 0.588867 0.001953 0.001953
2 0.223633 0.588867 0.001953 0.001953
2 0.196289 0.589844 0.001953 0.003906
2 0.235352 0.584961 0.001953 0.001953
2 0.672852 0.583008 0.001953 0.001953
2 0.461914 0.583008 0.001953 0.001953
2 0.197266 0.583984 0.003906 0.003906
2 0.358398 0.579102 0.001953 0.001953
2 0.239258 0.579102 0.005859 0.005859
2 0.467773 0.577148 0.009766 0.013672
2 0.099609 0.570312 0.007812 0.003906
2 0.034180 0.567383 0.001953 0.001953
3 0.602539 0.566406 0.001953 0.003906
3 0.669922 0.570312 0.007812 0.015625
3 0.626953 0.569336 0.011719 0.013672
2 0.518555 0.561523 0.001953 0.001953
2 0.883789 0.559570 0.001953 0.001953
2 0.137695 0.559570 0.001953 0.001953
2 0.881836 0.555664 0.001953 0.001953
3 0.618164 0.555664 0.001953 0.001953
2 0.789062 0.564453 0.015625 0.027344
3 0.613281 0.550781 0.003906 0.003906
2 0.595703 0.549805 0.003906 0.001953
3 0.666016 0.552734 0.003906 0.015625
3 0.783203 0.543945 0.003906 0.001953
3 0.295898 0.543945 0.001953 0.001953
2 0.030273 0.541992 0.001953 0.001953
3 0.377930 0.530273 0.001953 0.001953
3 0.967773 0.520508 0.001953 0.001953
3 0.975586 0.514648 0.001953 0.001953
3 0.612305 0.513672 0.001953 0.003906
3 0.982422 0.512695 0.007812 0.005859
3 0.282227 0.508789 0.001953 0.001953
2 0.483398 0.497070 0.001953 0.001953
3 0.791992 0.520508 0.052734 0.064453
3 0.791992 0.485352 0.001953 0.001953
3 0.623047 0.521484 0.078125 0.078125
3 0.999023 0.463867 0.001953 0.001953
3 0.999023 0.459961 0.001953 0.001953
3 0.997070 0.455078 0.001953 0.003906
3 0.456055 0.454102 0.001953 0.001953
2 0.887695 0.450195 0.001953 0.001953
3 0.721680 0.444336 0.001953 0.001953
2 0.999023 0.432617 0.001953 0.001953
3 0.946289 0.529297 0.107422 0.218750
3 0.749023 0.420898 0.001953 0.001953
3 0.586914 0.420898 0.001953 0.001953
3 0.765625 0.417969 0.003906 0.003906
3 0.564453 0.430664 0.039062 0.033203
2 0.562500 0.416992 0.003906 0.005859
2 0.500000 0.416016 0.039062 0.015625
3 0.752930 0.385742 0.001953 0.001953
2 0.424805 0.383789 0.001953 0.005859
2 0.342773 0.381836 0.001953 0.001953
2 0.373047 0.376953 0.003906 0.003906
2 0.421875 0.368164 0.003906 0.001953
3 0.708984 0.366211 0.007812 0.005859
2 0.993164 0.363281 0.005859 0.003906
2 0.489258 0.360352 0.001953 0.001953
3 0.748047 0.423828 0.085938 0.136719
2 0.357422 0.360352 0.003906 0.009766
3 0.690430 0.380859 0.048828 0.054688
2 0.491211 0.355469 0.001953 0.003906
3 0.676758 0.350586 0.001953 0.001953
2 0.350586 0.350586 0.001953 0.001953
2 0.913086 0.348633 0.001953 0.001953
3 0.680664 0.346680 0.001953 0.001953
2 0.999023 0.344727 0.001953 0.001953
3 0.676758 0.345703 0.001953 0.003906
2 0.667969 0.347656 0.007812 0.007812
3 0.542969 0.380859 0.113281 0.074219
2 0.928711 0.340820 0.001953 0.001953
2 0.957031 0.372070 0.054688 0.068359
2 0.666992 0.334961 0.009766 0.005859
2 0.663086 0.328125 0.005859 0.003906
2 0.961914 0.323242 0.001953 0.001953
2 0.979492 0.325195 0.041016 0.029297
3 0.695312 0.331055 0.042969 0.041016
3 0.984375 0.303711 0.003906 0.001953
2 0.399414 0.303711 0.005859 0.009766
3 0.999023 0.297852 0.001953 0.001953
2 0.999023 0.290039 0.001953 0.001953
3 0.668945 0.291992 0.005859 0.005859
2 0.166992 0.282227 0.001953 0.001953
3 0.550781 0.309570 0.101562 0.064453
3 0.659180 0.298828 0.025391 0.046875
2 0.172852 0.276367 0.001953 0.001953
3 0.962891 0.291992 0.035156 0.037109
2 0.430664 0.266602 0.001953 0.001953
2 0.427734 0.309570 0.058594 0.087891
3 0.737305 0.274414 0.029297 0.021484
2 0.374023 0.262695 0.001953 0.001953
2 0.434570 0.262695 0.001953 0.005859
2 0.428711 0.260742 0.001953 0.001953
2 0.407227 0.250977 0.001953 0.001953
2 0.297852 0.250977 0.001953 0.001953
2 0.250977 0.250000 0.001953 0.003906
2 0.407227 0.247070 0.001953 0.001953
2 0.192383 0.249023 0.009766 0.005859
2 0.391602 0.244141 0.013672 0.007812
2 0.229492 0.241211 0.001953 0.001953
2 0.200195 0.241211 0.001953 0.001953
2 0.376953 0.235352 0.007812 0.001953
2 0.238281 0.235352 0.003906 0.001953
2 0.229492 0.236328 0.001953 0.003906
2 0.221680 0.235352 0.001953 0.001953
2 0.139648 0.233398 0.001953 0.001953
2 0.219727 0.238281 0.013672 0.015625
2 0.249023 0.232422 0.005859 0.007812
2 0.390625 0.227539 0.003906 0.001953
2 0.256836 0.227539 0.001953 0.001953
2 0.225586 0.225586 0.001953 0.001953
2 0.221680 0.226562 0.001953 0.003906
2 0.958008 0.246094 0.083984 0.050781
2 0.218750 0.223633 0.011719 0.009766
2 0.204102 0.219727 0.001953 0.001953
3 0.711914 0.217773 0.001953 0.001953
2 0.374023 0.212891 0.001953 0.003906
2 0.206055 0.208008 0.001953 0.001953
2 0.200195 0.204102 0.001953 0.001953
2 0.504883 0.202148 0.001953 0.001953
2 0.997070 0.208984 0.005859 0.019531
2 0.196289 0.200195 0.005859 0.005859
2 0.185547 0.200195 0.011719 0.005859
2 0.980469 0.206055 0.011719 0.025391
3 0.970703 0.194336 0.003906 0.001953
3 0.619141 0.217773 0.082031 0.048828
2 0.200195 0.192383 0.001953 0.001953
2 0.093750 0.192383 0.007812 0.001953
2 0.293945 0.190430 0.001953 0.001953
3 0.963867 0.188477 0.001953 0.001953
2 0.265625 0.184570 0.003906 0.001953
3 0.254883 0.185547 0.001953 0.003906
2 0.998047 0.183594 0.003906 0.007812
2 0.090820 0.168945 0.001953 0.001953
2 0.083984 0.165039 0.003906 0.001953
2 0.077148 0.163086 0.001953 0.005859
2 0.508789 0.159180 0.001953 0.001953
2 0.733398 0.155273 0.001953 0.001953
2 0.774414 0.153320 0.001953 0.001953
2 0.850586 0.151367 0.001953 0.001953
2 0.520508 0.154297 0.005859 0.011719
3 0.636719 0.147461 0.003906 0.005859
2 0.452148 0.145508 0.001953 0.001953
2 0.886719 0.139648 0.003906 0.001953
2 0.881836 0.139648 0.001953 0.001953
2 0.966797 0.133789 0.003906 0.001953
2 0.920898 0.133789 0.001953 0.001953
3 0.588867 0.129883 0.001953 0.001953
2 0.950195 0.124023 0.001953 0.001953
2 0.941406 0.157227 0.109375 0.068359
2 0.872070 0.130859 0.017578 0.015625
2 0.463867 0.124023 0.001953 0.001953
2 0.967773 0.122070 0.005859 0.001953
2 0.517578 0.125977 0.007812 0.009766
2 0.917969 0.125000 0.011719 0.011719
2 0.512695 0.118164 0.001953 0.001953
2 0.922852 0.116211 0.001953 0.001953
2 0.931641 0.116211 0.015625 0.013672
2 0.508789 0.112305 0.009766 0.009766
3 0.187500 0.107422 0.003906 0.003906
2 0.930664 0.104492 0.001953 0.005859
2 0.982422 0.096680 0.003906 0.001953
2 0.961914 0.086914 0.001953 0.001953
2 0.479492 0.086914 0.001953 0.001953
3 0.981445 0.083008 0.001953 0.001953
2 0.453125 0.083008 0.003906 0.001953
2 0.959961 0.081055 0.001953 0.001953
2 0.494141 0.081055 0.003906 0.005859
3 0.750977 0.077148 0.001953 0.001953
3 0.995117 0.070312 0.005859 0.003906
2 0.501953 0.066406 0.003906 0.007812
2 0.495117 0.053711 0.001953 0.001953
2 0.530273 0.051758 0.001953 0.001953
2 0.514648 0.047852 0.001953 0.001953
2 0.542969 0.044922 0.003906 0.003906
2 0.516602 0.041992 0.001953 0.001953
2 0.512695 0.041992 0.001953 0.001953
2 0.168945 0.038086 0.001953 0.001953
3 0.925781 0.033203 0.003906 0.007812
2 0.173828 0.029297 0.003906 0.003906
2 0.579102 0.022461 0.001953 0.001953
2 0.155273 0.008789 0.001953 0.001953
3 0.974609 0.043945 0.050781 0.087891
2 0.794922 0.002930 0.011719 0.005859
2 0.692383 0.110352 0.427734 0.220703
2 0.152344 0.002930 0.015625 0.005859
2 0.270508 0.397461 0.541016 0.794922
2 0.001953 0.005859 0.003906 0.011719