1 0.283203 0.999023 0.011719 0.001953
1 0.182617 0.999023 0.001953 0.001953
0 0.191406 0.998047 0.003906 0.003906
0 0.065430 0.998047 0.005859 0.003906
1 0.048828 0.996094 0.011719 0.003906
1 0.039062 0.996094 0.003906 0.003906
1 0.228516 0.996094 0.015625 0.007812
1 0.138672 0.996094 0.019531 0.007812
1 0.941406 0.995117 0.007812 0.009766
1 0.666016 0.994141 0.007812 0.011719
1 0.261719 0.992188 0.011719 0.011719
1 0.956055 0.989258 0.009766 0.009766
0 0.369141 0.988281 0.007812 0.007812
1 0.150391 0.987305 0.015625 0.009766
0 0.126953 0.987305 0.015625 0.009766
1 0.602539 0.985352 0.013672 0.009766
1 0.226562 0.982422 0.003906 0.003906
1 0.094727 0.985352 0.021484 0.017578
1 0.895508 0.984375 0.029297 0.019531
1 0.230469 0.979492 0.007812 0.009766
1 0.628906 0.973633 0.015625 0.005859
1 0.548828 0.985352 0.027344 0.029297
1 0.356445 0.985352 0.025391 0.029297
1 0.018555 0.982422 0.037109 0.027344
1 0.811523 0.981445 0.021484 0.029297
1 0.515625 0.982422 0.007812 0.035156
1 0.871094 0.981445 0.011719 0.037109
0 0.651367 0.961914 0.001953 0.001953
0 0.643555 0.961914 0.009766 0.005859
1 0.676758 0.956055 0.001953 0.001953
1 0.055664 0.969727 0.044922 0.037109
1 0.256836 0.950195 0.001953 0.001953
1 0.819336 0.958984 0.017578 0.023438
1 0.018555 0.948242 0.001953 0.001953
1 0.779297 0.950195 0.003906 0.009766
1 0.024414 0.947266 0.005859 0.003906
1 0.725586 0.940430 0.001953 0.001953
1 0.984375 0.944336 0.011719 0.013672
1 0.221680 0.958008 0.130859 0.041016
1 0.247070 0.936523 0.001953 0.001953
1 0.204102 0.936523 0.001953 0.001953
1 0.538086 0.936523 0.005859 0.005859
1 0.568359 0.954102 0.046875 0.052734
1 0.498047 0.956055 0.089844 0.056641
1 0.104492 0.935547 0.013672 0.015625
1 0.416992 0.926758 0.017578 0.009766
1 0.237305 0.927734 0.033203 0.011719
1 0.981445 0.927734 0.025391 0.015625
1 0.150391 0.928711 0.011719 0.017578
1 0.914062 0.919922 0.007812 0.011719
1 0.339844 0.950195 0.136719 0.072266
1 0.898438 0.917969 0.007812 0.011719
1 0.522461 0.917969 0.005859 0.011719
1 0.329102 0.913086 0.001953 0.001953
1 0.454102 0.916016 0.005859 0.011719
1 0.333008 0.911133 0.001953 0.001953
1 0.575195 0.914062 0.013672 0.011719
1 0.317383 0.912109 0.005859 0.007812
1 0.240234 0.909180 0.007812 0.001953
1 0.954102 0.910156 0.021484 0.011719
0 0.935547 0.905273 0.003906 0.001953
1 0.805664 0.913086 0.021484 0.017578
1 0.942383 0.901367 0.001953 0.001953
1 0.907227 0.905273 0.005859 0.013672
1 0.688477 0.897461 0.001953 0.001953
1 0.327148 0.897461 0.001953 0.001953
1 0.135742 0.912109 0.064453 0.035156
1 0.458984 0.898438 0.011719 0.011719
1 0.009766 0.892578 0.007812 0.007812
1 0.681641 0.889648 0.007812 0.013672
1 0.561523 0.888672 0.021484 0.011719
0 0.505859 0.887695 0.015625 0.025391
1 0.937500 0.875000 0.003906 0.003906
1 0.814453 0.879883 0.023438 0.013672
1 0.532227 0.884766 0.033203 0.023438
1 0.337891 0.879883 0.035156 0.013672
1 0.480469 0.886719 0.019531 0.035156
1 0.957031 0.873047 0.007812 0.011719
1 0.767578 0.873047 0.011719 0.011719
1 0.218750 0.878906 0.023438 0.023438
1 0.172852 0.870117 0.005859 0.009766
1 0.931641 0.865234 0.003906 0.003906
1 0.684570 0.870117 0.021484 0.013672
1 0.950195 0.862305 0.001953 0.001953
1 0.528320 0.865234 0.005859 0.007812
1 0.656250 0.863281 0.007812 0.011719
1 0.994141 0.861328 0.011719 0.015625
1 0.853516 0.855469 0.003906 0.003906
1 0.687500 0.918945 0.085938 0.130859
1 0.686523 0.855469 0.005859 0.007812
1 0.825195 0.859375 0.033203 0.019531
1 0.291992 0.885742 0.044922 0.072266
1 0.997070 0.848633 0.005859 0.005859
1 0.572266 0.850586 0.011719 0.017578
1 0.557617 0.841797 0.009766 0.007812
1 0.386719 0.870117 0.113281 0.064453
1 0.089844 0.895508 0.121094 0.115234
0 0.956055 0.835938 0.001953 0.003906
1 0.116211 0.836914 0.001953 0.005859
1 0.854492 0.834961 0.009766 0.005859
1 0.999023 0.834961 0.001953 0.009766
1 0.749023 0.835938 0.009766 0.011719
1 0.556641 0.830078 0.007812 0.003906
1 0.357422 0.833984 0.007812 0.011719
1 0.288086 0.831055 0.005859 0.009766
1 0.932617 0.823242 0.001953 0.001953
0 0.804688 0.826172 0.007812 0.007812
1 0.962891 0.818359 0.023438 0.007812
1 0.929688 0.821289 0.031250 0.017578
1 0.596680 0.820312 0.033203 0.015625
1 0.932617 0.812500 0.005859 0.003906
1 0.576172 0.812500 0.011719 0.011719
1 0.169922 0.820312 0.023438 0.027344
0 0.305664 0.803711 0.001953 0.001953
0 0.291016 0.805664 0.011719 0.005859
1 0.144531 0.804688 0.007812 0.003906
1 0.691406 0.807617 0.011719 0.013672
1 0.687500 0.801758 0.003906 0.001953
1 0.632812 0.873047 0.070312 0.148438
1 0.075195 0.802734 0.009766 0.011719
1 0.050781 0.794922 0.003906 0.003906
0 0.578125 0.793945 0.007812 0.005859
1 0.143555 0.792969 0.009766 0.003906
1 0.102539 0.805664 0.041016 0.029297
1 0.622070 0.789062 0.001953 0.003906
1 0.472656 0.790039 0.007812 0.021484
1 0.345703 0.781250 0.003906 0.003906
1 0.952148 0.784180 0.017578 0.017578
1 0.876953 0.828125 0.101562 0.105469
1 0.177734 0.772461 0.003906 0.001953
1 0.919922 0.770508 0.015625 0.005859
1 0.933594 0.766602 0.003906 0.001953
1 0.911133 0.766602 0.001953 0.001953
1 0.084961 0.780273 0.021484 0.029297
0 0.815430 0.764648 0.005859 0.001953
1 0.986328 0.786133 0.027344 0.048828
1 0.784180 0.765625 0.013672 0.011719
1 0.625977 0.760742 0.001953 0.001953
1 0.343750 0.769531 0.066406 0.027344
1 0.002930 0.754883 0.001953 0.001953
0 0.742188 0.753906 0.003906 0.003906
0 0.795898 0.750000 0.005859 0.003906
1 0.616211 0.747070 0.001953 0.001953
1 0.958008 0.754883 0.041016 0.021484
1 0.708984 0.765625 0.042969 0.042969
1 0.668945 0.776367 0.037109 0.068359
1 0.220703 0.746094 0.003906 0.007812
1 0.610352 0.740234 0.001953 0.003906
1 0.398438 0.738281 0.007812 0.011719
1 0.861328 0.750000 0.085938 0.039062
1 0.715820 0.734375 0.005859 0.011719
1 0.924805 0.729492 0.005859 0.005859
0 0.510742 0.727539 0.001953 0.001953
1 0.237305 0.757812 0.052734 0.062500
1 0.786133 0.723633 0.001953 0.001953
1 0.497070 0.721680 0.001953 0.001953
1 0.059570 0.731445 0.037109 0.021484
0 0.544922 0.726562 0.011719 0.015625
1 0.906250 0.716797 0.003906 0.003906
1 0.914062 0.720703 0.015625 0.015625
1 0.329102 0.719727 0.017578 0.013672
1 0.999023 0.712891 0.001953 0.003906
1 0.626953 0.713867 0.003906 0.005859
1 0.078125 0.719727 0.015625 0.017578
1 0.907227 0.709961 0.001953 0.001953
1 0.245117 0.716797 0.021484 0.015625
1 0.201172 0.713867 0.007812 0.009766
1 0.359375 0.709961 0.007812 0.005859
1 0.380859 0.724609 0.042969 0.042969
1 0.385742 0.708008 0.009766 0.009766
1 0.058594 0.702148 0.011719 0.009766
1 0.750000 0.697266 0.003906 0.003906
1 0.625977 0.700195 0.005859 0.009766
1 0.893555 0.699219 0.025391 0.011719
1 0.113281 0.703125 0.050781 0.023438
1 0.787109 0.696289 0.011719 0.013672
1 0.906250 0.689453 0.003906 0.003906
1 0.863281 0.692383 0.011719 0.009766
0 0.414062 0.685547 0.007812 0.003906
1 0.830078 0.683594 0.015625 0.007812
1 0.242188 0.686523 0.023438 0.013672
1 0.774414 0.679688 0.005859 0.007812
1 0.475586 0.684570 0.052734 0.017578
1 0.571289 0.678711 0.017578 0.009766
1 0.049805 0.674805 0.005859 0.005859
1 0.423828 0.671875 0.003906 0.003906
1 0.686523 0.677734 0.009766 0.019531
1 0.280273 0.671875 0.021484 0.011719
1 0.186523 0.672852 0.029297 0.017578
1 0.673828 0.662109 0.003906 0.003906
1 0.820312 0.657227 0.007812 0.009766
1 0.756836 0.651367 0.005859 0.009766
1 0.100586 0.663086 0.048828 0.037109
1 0.943359 0.649414 0.007812 0.013672
1 0.986328 0.644531 0.007812 0.007812
1 0.803711 0.654297 0.033203 0.031250
1 0.993164 0.637695 0.001953 0.001953
1 0.946289 0.637695 0.001953 0.001953
1 0.523438 0.639648 0.003906 0.005859
1 0.514648 0.654297 0.033203 0.039062
1 0.112305 0.636719 0.013672 0.003906
0 0.022461 0.635742 0.001953 0.001953
1 0.844727 0.643555 0.029297 0.021484
1 0.606445 0.634766 0.001953 0.003906
1 0.796875 0.634766 0.019531 0.007812
0 0.284180 0.640625 0.005859 0.019531
1 0.022461 0.690430 0.044922 0.119141
1 0.887695 0.632812 0.013672 0.007812
1 0.852539 0.629883 0.001953 0.001953
1 0.892578 0.625000 0.003906 0.003906
1 0.859375 0.625000 0.011719 0.007812
0 0.498047 0.621094 0.003906 0.003906
1 0.302734 0.678711 0.203125 0.119141
0 0.352539 0.620117 0.001953 0.001953
1 0.577148 0.619141 0.009766 0.007812
0 0.358398 0.616211 0.001953 0.001953
1 0.944336 0.677734 0.111328 0.128906
1 0.439453 0.615234 0.011719 0.003906
1 0.857422 0.615234 0.031250 0.007812
1 0.788086 0.614258 0.009766 0.009766
1 0.807617 0.613281 0.021484 0.011719
1 0.251953 0.607422 0.003906 0.003906
1 0.836914 0.606445 0.037109 0.017578
1 0.749023 0.600586 0.013672 0.009766
1 0.851562 0.594727 0.003906 0.001953
0 0.121094 0.604492 0.031250 0.021484
1 0.994141 0.598633 0.007812 0.013672
0 0.493164 0.594727 0.005859 0.005859
1 0.934570 0.591797 0.005859 0.003906
1 0.018555 0.605469 0.037109 0.042969
1 0.825195 0.585938 0.005859 0.007812
1 0.260742 0.616211 0.087891 0.068359
1 0.866211 0.581055 0.005859 0.005859
1 0.916992 0.577148 0.009766 0.009766
1 0.224609 0.577148 0.003906 0.009766
1 0.942383 0.570312 0.005859 0.007812
1 0.503906 0.578125 0.015625 0.027344
1 0.514648 0.564453 0.001953 0.003906
1 0.229492 0.556641 0.001953 0.003906
1 0.220703 0.559570 0.007812 0.009766
1 0.635742 0.557617 0.009766 0.025391
0 0.207031 0.550781 0.015625 0.023438
1 0.621094 0.541992 0.007812 0.009766
0 0.578125 0.539062 0.003906 0.003906
0 0.502930 0.536133 0.001953 0.001953
1 0.989258 0.556641 0.013672 0.046875
1 0.882812 0.549805 0.023438 0.033203
1 0.437500 0.564453 0.054688 0.066406
1 0.958984 0.547852 0.031250 0.044922
1 0.138672 0.532227 0.023438 0.013672
1 0.888672 0.525391 0.003906 0.003906
1 0.857422 0.526367 0.007812 0.009766
1 0.591797 0.531250 0.027344 0.027344
1 0.999023 0.515625 0.001953 0.003906
1 0.628906 0.521484 0.007812 0.023438
1 0.776367 0.508789 0.009766 0.005859
1 0.755859 0.507812 0.007812 0.003906
1 0.900391 0.513672 0.015625 0.019531
1 0.287109 0.516602 0.011719 0.025391
1 0.969727 0.502930 0.001953 0.001953
1 0.481445 0.503906 0.009766 0.003906
1 0.438477 0.505859 0.009766 0.011719
1 0.028320 0.514648 0.021484 0.029297
1 0.967773 0.499023 0.001953 0.001953
1 0.869141 0.501953 0.015625 0.007812
1 0.984375 0.503906 0.011719 0.015625
1 0.749023 0.499023 0.005859 0.005859
0 0.551758 0.495117 0.005859 0.005859
1 0.571289 0.489258 0.001953 0.001953
1 0.958008 0.490234 0.021484 0.011719
1 0.972656 0.486328 0.003906 0.007812
1 0.829102 0.492188 0.025391 0.023438
1 0.580078 0.497070 0.019531 0.037109
1 0.505859 0.491211 0.007812 0.025391
1 0.567383 0.478516 0.001953 0.003906
1 0.938477 0.471680 0.001953 0.001953
1 0.599609 0.472656 0.007812 0.007812
1 0.086914 0.472656 0.009766 0.007812
1 0.252930 0.470703 0.013672 0.007812
1 0.944336 0.465820 0.005859 0.009766
1 0.590820 0.461914 0.005859 0.005859
1 0.097656 0.461914 0.003906 0.005859
1 0.786133 0.461914 0.005859 0.009766
1 0.606445 0.458008 0.009766 0.005859
1 0.997070 0.459961 0.005859 0.013672
1 0.748047 0.456055 0.007812 0.005859
1 0.770508 0.452148 0.001953 0.001953
1 0.240234 0.500977 0.046875 0.103516
1 0.960938 0.449219 0.003906 0.003906
1 0.932617 0.456055 0.009766 0.025391
1 0.479492 0.449219 0.009766 0.015625
1 0.419922 0.447266 0.019531 0.015625
0 0.996094 0.435547 0.007812 0.003906
1 0.720703 0.432617 0.007812 0.009766
1 0.889648 0.428711 0.009766 0.005859
1 0.634766 0.445312 0.023438 0.039062
1 0.747070 0.435547 0.013672 0.023438
1 0.575195 0.445312 0.025391 0.042969
1 0.125000 0.438477 0.050781 0.029297
1 0.561523 0.430664 0.009766 0.021484
1 0.371094 0.417969 0.019531 0.011719
1 0.602539 0.412109 0.005859 0.007812
1 0.716797 0.412109 0.011719 0.011719
1 0.666016 0.409180 0.007812 0.005859
0 0.682617 0.405273 0.001953 0.001953
1 0.398438 0.406250 0.015625 0.007812
1 0.206055 0.403320 0.013672 0.009766
0 0.682617 0.398438 0.021484 0.007812
1 0.698242 0.415039 0.033203 0.044922
0 0.795898 0.395508 0.005859 0.009766
1 0.754883 0.396484 0.013672 0.011719
1 0.471680 0.389648 0.005859 0.009766
1 0.805664 0.419922 0.134766 0.074219
1 0.763672 0.384766 0.003906 0.003906
1 0.574219 0.394531 0.015625 0.023438
1 0.391602 0.387695 0.009766 0.013672
1 0.184570 0.382812 0.013672 0.011719
1 0.135742 0.538086 0.130859 0.322266
1 0.998047 0.377930 0.003906 0.005859
1 0.121094 0.380859 0.027344 0.011719
1 0.487305 0.379883 0.009766 0.013672
1 0.506836 0.370117 0.001953 0.001953
1 0.954102 0.366211 0.001953 0.001953
1 0.725586 0.366211 0.001953 0.001953
0 0.979492 0.375977 0.017578 0.025391
1 0.958984 0.362305 0.003906 0.001953
1 0.649414 0.364258 0.017578 0.009766
0 0.204102 0.363281 0.017578 0.007812
1 0.724609 0.360352 0.003906 0.005859
1 0.010742 0.359375 0.017578 0.007812
1 0.968750 0.356445 0.011719 0.009766
1 0.586914 0.356445 0.005859 0.009766
1 0.497070 0.363281 0.021484 0.023438
1 0.782227 0.353516 0.033203 0.007812
1 0.467773 0.350586 0.001953 0.001953
1 0.649414 0.349609 0.013672 0.015625
0 0.427734 0.340820 0.003906 0.001953
1 0.777344 0.338867 0.003906 0.005859
1 0.737305 0.353516 0.033203 0.035156
1 0.698242 0.336914 0.009766 0.005859
1 0.465820 0.335938 0.001953 0.007812
1 0.021484 0.343750 0.042969 0.027344
1 0.963867 0.329102 0.001953 0.001953
1 0.788086 0.328125 0.005859 0.003906
1 0.360352 0.332031 0.009766 0.011719
0 0.520508 0.326172 0.005859 0.003906
1 0.127930 0.328125 0.029297 0.011719
1 0.569336 0.325195 0.009766 0.009766
1 0.087891 0.331055 0.019531 0.021484
1 0.505859 0.324219 0.007812 0.011719
1 0.347656 0.328125 0.023438 0.019531
1 0.873047 0.320312 0.007812 0.007812
1 0.268555 0.321289 0.013672 0.009766
1 0.645508 0.313477 0.001953 0.001953
1 0.399414 0.327148 0.017578 0.033203
1 0.861328 0.308594 0.003906 0.003906
1 0.787109 0.307617 0.027344 0.009766
1 0.764648 0.309570 0.005859 0.013672
1 0.224609 0.345703 0.074219 0.093750
1 0.935547 0.324219 0.023438 0.054688
1 0.579102 0.301758 0.009766 0.009766
0 0.319336 0.300781 0.005859 0.007812
1 0.772461 0.293945 0.001953 0.001953
1 0.753906 0.297852 0.019531 0.013672
1 0.393555 0.291992 0.001953 0.001953
0 0.827148 0.305664 0.064453 0.033203
0 0.967773 0.295898 0.029297 0.017578
1 0.127930 0.289062 0.001953 0.003906
1 0.119141 0.297852 0.015625 0.021484
1 0.926758 0.286133 0.009766 0.005859
1 0.167969 0.290039 0.015625 0.013672
0 0.409180 0.283203 0.013672 0.007812
1 0.434570 0.293945 0.048828 0.037109
1 0.258789 0.272461 0.021484 0.009766
1 0.193359 0.272461 0.015625 0.009766
1 0.134766 0.270508 0.011719 0.013672
1 0.558594 0.264648 0.007812 0.005859
1 0.506836 0.304688 0.068359 0.089844
1 0.874023 0.262695 0.017578 0.009766
1 0.830078 0.271484 0.035156 0.027344
1 0.615234 0.261719 0.003906 0.007812
1 0.572266 0.264648 0.015625 0.013672
1 0.310547 0.272461 0.019531 0.029297
1 0.053711 0.266602 0.013672 0.021484
0 0.938477 0.256836 0.005859 0.005859
1 0.559570 0.250977 0.001953 0.001953
1 0.536133 0.252930 0.005859 0.005859
1 0.778320 0.253906 0.041016 0.011719
1 0.931641 0.248047 0.007812 0.003906
1 0.548828 0.249023 0.011719 0.005859
1 0.693359 0.248047 0.011719 0.007812
1 0.207031 0.246094 0.007812 0.003906
1 0.984375 0.243164 0.003906 0.001953
1 0.984375 0.260742 0.031250 0.041016
1 0.833008 0.246094 0.029297 0.011719
1 0.319336 0.246094 0.033203 0.015625
1 0.216797 0.268555 0.042969 0.060547
1 0.688477 0.238281 0.009766 0.007812
1 0.608398 0.235352 0.001953 0.001953
1 0.745117 0.229492 0.001953 0.001953
0 0.415039 0.229492 0.001953 0.001953
1 0.595703 0.240234 0.019531 0.027344
1 0.234375 0.231445 0.011719 0.009766
1 0.027344 0.247070 0.031250 0.041016
0 0.699219 0.225586 0.007812 0.009766
1 0.635742 0.249023 0.044922 0.060547
1 0.823242 0.222656 0.041016 0.015625
1 0.120117 0.221680 0.009766 0.013672
1 0.626953 0.223633 0.031250 0.021484
0 0.371094 0.217773 0.011719 0.009766
1 0.883789 0.210938 0.001953 0.003906
0 0.606445 0.209961 0.001953 0.001953
1 0.433594 0.240234 0.089844 0.062500
1 0.705078 0.210938 0.019531 0.011719
1 0.647461 0.206055 0.005859 0.001953
1 0.869141 0.208984 0.015625 0.015625
1 0.994141 0.224609 0.011719 0.050781
1 0.151367 0.204102 0.009766 0.009766
1 0.695312 0.198242 0.007812 0.005859
1 0.363281 0.201172 0.023438 0.011719
1 0.226562 0.198242 0.007812 0.005859
1 0.999023 0.194336 0.001953 0.001953
1 0.564453 0.195312 0.011719 0.007812
1 0.201172 0.200195 0.039062 0.017578
1 0.291992 0.205078 0.021484 0.031250
1 0.484375 0.191406 0.015625 0.019531
1 0.913086 0.180664 0.005859 0.005859
1 0.365234 0.183594 0.011719 0.011719
1 0.998047 0.183594 0.003906 0.015625
1 0.827148 0.185547 0.021484 0.019531
1 0.427734 0.191406 0.019531 0.031250
1 0.958008 0.177734 0.021484 0.011719
1 0.699219 0.181641 0.027344 0.019531
1 0.341797 0.175781 0.003906 0.007812
0 0.528320 0.170898 0.001953 0.001953
1 0.888672 0.167969 0.015625 0.007812
1 0.563477 0.167969 0.009766 0.007812
1 0.799805 0.163086 0.001953 0.001953
1 0.589844 0.169922 0.015625 0.015625
1 0.373047 0.159180 0.003906 0.001953
1 0.342773 0.163086 0.005859 0.009766
0 0.291016 0.160156 0.003906 0.003906
1 0.846680 0.162109 0.013672 0.011719
0 0.737305 0.155273 0.009766 0.009766
1 0.805664 0.154297 0.009766 0.019531
1 0.117188 0.147461 0.007812 0.005859
1 0.074219 0.149414 0.023438 0.009766
1 0.580078 0.149414 0.003906 0.013672
1 0.356445 0.151367 0.013672 0.021484
1 0.918945 0.139648 0.001953 0.001953
0 0.821289 0.139648 0.005859 0.001953
1 0.808594 0.140625 0.003906 0.003906
1 0.037109 0.150391 0.046875 0.023438
1 0.982422 0.144531 0.035156 0.015625
1 0.561523 0.139648 0.009766 0.005859
0 0.657227 0.136719 0.005859 0.003906
1 0.797852 0.138672 0.013672 0.011719
1 0.422852 0.128906 0.005859 0.007812
1 0.919922 0.127930 0.007812 0.013672
0 0.664062 0.122070 0.003906 0.001953
1 0.958008 0.124023 0.009766 0.013672
0 0.760742 0.125977 0.009766 0.017578
1 0.117188 0.176758 0.156250 0.119141
1 0.122070 0.123047 0.068359 0.019531
1 0.578125 0.120117 0.039062 0.017578
1 0.340820 0.126953 0.037109 0.031250
1 0.199219 0.113281 0.003906 0.003906
0 0.738281 0.115234 0.007812 0.011719
1 0.579102 0.105469 0.005859 0.003906
1 0.035156 0.105469 0.003906 0.003906
1 0.925781 0.109375 0.039062 0.019531
1 0.445312 0.104492 0.019531 0.013672
1 0.946289 0.096680 0.001953 0.001953
0 0.720703 0.097656 0.011719 0.015625
1 0.155273 0.091797 0.005859 0.007812
1 0.240234 0.096680 0.054688 0.029297
1 0.591797 0.081055 0.003906 0.001953
1 0.174805 0.086914 0.029297 0.013672
1 0.963867 0.088867 0.025391 0.025391
1 0.583008 0.077148 0.005859 0.001953
1 0.899414 0.075195 0.001953 0.001953
1 0.583008 0.073242 0.001953 0.001953
1 0.296875 0.076172 0.011719 0.007812
1 0.621094 0.086914 0.031250 0.037109
1 0.323242 0.074219 0.013672 0.011719
1 0.022461 0.083008 0.044922 0.029297
1 0.438477 0.111328 0.142578 0.089844
1 0.823242 0.068359 0.005859 0.007812
1 0.426758 0.090820 0.021484 0.052734
1 0.603516 0.060547 0.011719 0.007812
0 0.083008 0.056641 0.009766 0.007812
1 0.478516 0.047852 0.007812 0.013672
1 0.367188 0.039062 0.003906 0.003906
1 0.430664 0.049805 0.048828 0.037109
1 0.901367 0.063477 0.060547 0.068359
1 0.379883 0.031250 0.005859 0.003906
1 0.542969 0.064453 0.113281 0.078125
1 0.929688 0.021484 0.003906 0.007812
1 0.979492 0.022461 0.041016 0.029297
1 0.551758 0.004883 0.005859 0.001953
1 0.979492 0.003906 0.009766 0.007812
1 0.863281 0.003906 0.007812 0.007812
1 0.799805 0.081055 0.224609 0.162109
1 0.631836 0.065430 0.142578 0.130859
3 0.001953 0.979492 0.003906 0.001953
3 0.028320 0.685547 0.005859 0.007812
3 0.009766 0.705078 0.019531 0.054688
3 0.028320 0.663086 0.001953 0.001953
3 0.998047 0.235352 0.003906 0.017578
3 0.999023 0.214844 0.001953 0.011719
3 0.813477 0.036133 0.001953 0.001953
3 0.626953 0.030273 0.003906 0.001953
3 0.802734 0.027344 0.011719 0.007812
3 0.764648 0.024414 0.001953 0.001953
3 0.807617 0.019531 0.005859 0.003906
3 0.585938 0.026367 0.023438 0.021484
2 0.769531 0.010742 0.070312 0.021484
3 0.667969 0.007812 0.027344 0.015625
3 0.500000 0.500000 1.000000 1.000000