0 0.706055 0.999023 0.001953 0.001953
0 0.168945 0.999023 0.001953 0.001953
0 0.749023 0.997070 0.001953 0.001953
0 0.436523 0.997070 0.005859 0.005859
0 0.682617 0.992188 0.029297 0.015625
0 0.518555 0.992188 0.033203 0.015625
0 0.505859 0.983398 0.003906 0.001953
0 0.058594 0.991211 0.011719 0.017578
0 0.053711 0.978516 0.005859 0.007812
0 0.881836 0.985352 0.009766 0.029297
0 0.688477 0.961914 0.001953 0.001953
0 0.714844 0.979492 0.062500 0.041016
0 0.158203 0.976562 0.023438 0.035156
0 0.366211 0.958008 0.001953 0.001953
0 0.713867 0.954102 0.001953 0.001953
0 0.151367 0.960938 0.009766 0.015625
0 0.368164 0.958984 0.013672 0.015625
0 0.540039 0.970703 0.052734 0.046875
0 0.953125 0.948242 0.011719 0.009766
0 0.508789 0.955078 0.005859 0.023438
0 0.260742 0.940430 0.001953 0.001953
0 0.000977 0.936523 0.001953 0.001953
0 0.525391 0.940430 0.015625 0.021484
0 0.883789 0.939453 0.029297 0.027344
0 0.950195 0.926758 0.009766 0.009766
0 0.948242 0.918945 0.001953 0.001953
0 0.534180 0.917969 0.001953 0.003906
1 0.752930 0.913086 0.001953 0.001953
0 0.316406 0.923828 0.015625 0.023438
0 0.001953 0.920898 0.003906 0.021484
0 0.694336 0.927734 0.037109 0.039062
0 0.563477 0.920898 0.013672 0.029297
0 0.000977 0.907227 0.001953 0.001953
0 0.000977 0.903320 0.001953 0.001953
0 0.752930 0.903320 0.013672 0.013672
0 0.334961 0.897461 0.001953 0.001953
0 0.459961 0.897461 0.005859 0.005859
0 0.902344 0.942383 0.054688 0.103516
0 0.387695 0.921875 0.044922 0.070312
0 0.843750 0.885742 0.007812 0.009766
0 0.707031 0.906250 0.035156 0.054688
0 0.482422 0.895508 0.023438 0.033203
0 0.695312 0.876953 0.007812 0.007812
0 0.718750 0.873047 0.011719 0.011719
0 0.323242 0.874023 0.009766 0.013672
1 0.892578 0.864258 0.007812 0.001953
0 0.634766 0.861328 0.003906 0.007812
0 0.393555 0.875977 0.021484 0.041016
0 0.352539 0.873047 0.068359 0.039062
0 0.909180 0.837891 0.001953 0.003906
0 0.452148 0.841797 0.005859 0.011719
0 0.588867 0.834961 0.001953 0.001953
0 0.655273 0.832031 0.005859 0.007812
0 0.202148 0.833984 0.005859 0.011719
0 0.573242 0.827148 0.001953 0.001953
0 0.478516 0.858398 0.050781 0.072266
0 0.597656 0.907227 0.128906 0.185547
0 0.490234 0.818359 0.019531 0.007812
0 0.375000 0.811523 0.007812 0.009766
0 0.518555 0.805664 0.001953 0.001953
0 0.784180 0.806641 0.009766 0.011719
0 0.352539 0.812500 0.025391 0.023438
0 0.349609 0.800781 0.003906 0.003906
0 0.999023 0.782227 0.001953 0.001953
0 0.597656 0.772461 0.003906 0.001953
0 0.554688 0.772461 0.003906 0.001953
0 0.839844 0.776367 0.015625 0.017578
0 0.846680 0.764648 0.001953 0.001953
0 0.615234 0.770508 0.019531 0.013672
0 0.608398 0.765625 0.001953 0.003906
0 0.837891 0.763672 0.003906 0.003906
1 0.645508 0.759766 0.001953 0.003906
1 0.641602 0.758789 0.001953 0.001953
0 0.432617 0.758789 0.001953 0.001953
0 0.765625 0.750000 0.003906 0.003906
0 0.543945 0.741211 0.001953 0.001953
0 0.740234 0.765625 0.058594 0.054688
0 0.430664 0.739258 0.001953 0.001953
0 0.994141 0.739258 0.011719 0.013672
0 0.557617 0.731445 0.001953 0.001953
0 0.432617 0.729492 0.001953 0.001953
1 0.280273 0.721680 0.005859 0.005859
0 0.433594 0.718750 0.003906 0.003906
0 0.020508 0.723633 0.017578 0.017578
0 0.632812 0.732422 0.035156 0.039062
0 0.619141 0.714844 0.003906 0.003906
0 0.545898 0.723633 0.017578 0.021484
0 0.021484 0.708008 0.007812 0.005859
0 0.500977 0.765625 0.126953 0.125000
0 0.321289 0.702148 0.001953 0.001953
0 0.310547 0.718750 0.046875 0.035156
0 0.284180 0.702148 0.005859 0.001953
0 0.579102 0.762695 0.068359 0.126953
0 0.297852 0.692383 0.001953 0.001953
0 0.679688 0.690430 0.015625 0.005859
0 0.389648 0.686523 0.001953 0.001953
0 0.019531 0.686523 0.003906 0.001953
0 0.515625 0.699219 0.101562 0.062500
1 0.836914 0.665039 0.001953 0.001953
0 0.448242 0.676758 0.013672 0.025391
0 0.049805 0.663086 0.001953 0.001953
0 0.038086 0.670898 0.013672 0.017578
0 0.014648 0.671875 0.021484 0.019531
0 0.507812 0.663086 0.011719 0.005859
0 0.499023 0.662109 0.001953 0.003906
0 0.051758 0.659180 0.001953 0.001953
0 0.500977 0.657227 0.001953 0.001953
0 0.026367 0.657227 0.001953 0.001953
1 0.875977 0.655273 0.001953 0.001953
0 0.474609 0.659180 0.019531 0.009766
0 0.009766 0.657227 0.011719 0.017578
0 0.657227 0.645508 0.001953 0.001953
0 0.504883 0.645508 0.001953 0.001953
0 0.072266 0.645508 0.003906 0.001953
0 0.036133 0.650391 0.025391 0.015625
0 0.596680 0.652344 0.029297 0.023438
0 0.505859 0.641602 0.003906 0.001953
0 0.500977 0.639648 0.001953 0.001953
0 0.086914 0.641602 0.009766 0.005859
0 0.076172 0.635742 0.003906 0.001953
0 0.483398 0.643555 0.033203 0.021484
0 0.419922 0.647461 0.015625 0.041016
1 0.728516 0.626953 0.007812 0.007812
0 0.282227 0.624023 0.001953 0.001953
0 0.791016 0.617188 0.003906 0.003906
0 0.818359 0.616211 0.003906 0.005859
0 0.000977 0.611328 0.001953 0.003906
0 0.786133 0.608398 0.001953 0.001953
0 0.416016 0.633789 0.042969 0.052734
0 0.085938 0.625977 0.027344 0.037109
0 0.803711 0.610352 0.005859 0.013672
0 0.006836 0.610352 0.005859 0.013672
1 0.298828 0.603516 0.003906 0.003906
0 0.279297 0.617188 0.011719 0.031250
1 0.301758 0.600586 0.001953 0.001953
0 0.797852 0.601562 0.005859 0.007812
0 0.616211 0.622070 0.021484 0.052734
0 0.830078 0.607422 0.019531 0.031250
0 0.832031 0.587891 0.003906 0.003906
0 0.818359 0.586914 0.019531 0.021484
0 0.645508 0.609375 0.037109 0.066406
0 0.803711 0.565430 0.001953 0.001953
0 0.805664 0.561523 0.001953 0.001953
1 0.797852 0.559570 0.001953 0.005859
0 0.405273 0.565430 0.017578 0.021484
0 0.587891 0.554688 0.003906 0.003906
1 0.930664 0.545898 0.001953 0.001953
1 0.913086 0.545898 0.001953 0.001953
0 0.416992 0.552734 0.009766 0.015625
0 0.996094 0.551758 0.007812 0.025391
0 0.423828 0.572266 0.035156 0.066406
0 0.958984 0.554688 0.054688 0.042969
0 0.994141 0.532227 0.003906 0.005859
0 0.599609 0.530273 0.003906 0.005859
0 0.626953 0.532227 0.007812 0.013672
0 0.612305 0.539062 0.017578 0.031250
0 0.585938 0.532227 0.039062 0.033203
0 0.526367 0.583984 0.115234 0.136719
0 0.599609 0.513672 0.007812 0.007812
0 0.441406 0.517578 0.007812 0.019531
0 0.750977 0.500977 0.001953 0.001953
1 0.243164 0.501953 0.001953 0.003906
0 0.496094 0.507812 0.035156 0.019531
0 0.495117 0.494141 0.013672 0.011719
0 0.557617 0.477539 0.001953 0.001953
1 0.263672 0.478516 0.003906 0.003906
0 0.577148 0.473633 0.001953 0.001953
0 0.489258 0.474609 0.005859 0.007812
1 0.375977 0.471680 0.001953 0.001953
0 0.568359 0.473633 0.007812 0.009766
1 0.375977 0.467773 0.001953 0.001953
0 0.524414 0.465820 0.001953 0.001953
0 0.275391 0.466797 0.003906 0.003906
0 0.426758 0.500000 0.033203 0.074219
0 0.436523 0.459961 0.001953 0.001953
0 0.539062 0.458984 0.003906 0.003906
0 0.112305 0.452148 0.021484 0.009766
0 0.435547 0.451172 0.007812 0.011719
1 0.199219 0.446289 0.003906 0.005859
0 0.381836 0.441406 0.001953 0.007812
0 0.100586 0.441406 0.029297 0.019531
0 0.092773 0.423828 0.005859 0.003906
0 0.107422 0.422852 0.011719 0.005859
1 0.102539 0.410156 0.013672 0.007812
0 0.554688 0.432617 0.050781 0.095703
0 0.384766 0.402344 0.027344 0.039062
0 0.533203 0.375977 0.003906 0.005859
0 0.511719 0.425781 0.042969 0.113281
0 0.351562 0.388672 0.039062 0.046875
0 0.019531 0.388672 0.035156 0.050781
0 0.388672 0.373047 0.019531 0.031250
0 0.409180 0.333984 0.001953 0.003906
0 0.507812 0.341797 0.027344 0.042969
0 0.319336 0.332031 0.013672 0.035156
0 0.334961 0.314453 0.001953 0.003906
0 0.550781 0.312500 0.003906 0.003906
0 0.399414 0.314453 0.025391 0.027344
0 0.088867 0.301758 0.005859 0.005859
1 0.184570 0.291992 0.001953 0.001953
0 0.355469 0.338867 0.062500 0.111328
0 0.000977 0.284180 0.001953 0.005859
0 0.072266 0.287109 0.023438 0.023438
0 0.702148 0.274414 0.001953 0.001953
1 0.171875 0.294922 0.035156 0.050781
0 0.465820 0.284180 0.025391 0.037109
0 0.463867 0.270508 0.009766 0.009766
0 0.469727 0.262695 0.001953 0.001953
1 0.172852 0.267578 0.013672 0.015625
0 0.526367 0.288086 0.056641 0.080078
1 0.311523 0.250000 0.001953 0.003906
0 0.010742 0.237305 0.001953 0.001953
0 0.360352 0.245117 0.013672 0.021484
0 0.868164 0.223633 0.001953 0.001953
0 0.874023 0.218750 0.005859 0.003906
0 0.645508 0.241211 0.017578 0.048828
0 0.123047 0.228516 0.015625 0.023438
0 0.686523 0.246094 0.052734 0.066406
0 0.063477 0.208008 0.001953 0.001953
0 0.063477 0.204102 0.001953 0.001953
0 0.059570 0.202148 0.001953 0.001953
0 0.476562 0.207031 0.011719 0.015625
1 0.104492 0.201172 0.001953 0.007812
1 0.060547 0.197266 0.007812 0.003906
1 0.473633 0.192383 0.009766 0.005859
0 0.014648 0.186523 0.001953 0.001953
0 0.761719 0.184570 0.003906 0.001953
0 0.754883 0.185547 0.001953 0.003906
0 0.005859 0.182617 0.011719 0.017578
0 0.766602 0.176758 0.005859 0.009766
1 0.078125 0.190430 0.027344 0.037109
0 0.893555 0.192383 0.033203 0.052734
0 0.336914 0.163086 0.001953 0.001953
0 0.158203 0.209961 0.093750 0.095703
0 0.921875 0.177734 0.015625 0.035156
0 0.032227 0.194336 0.064453 0.068359
1 0.657227 0.159180 0.005859 0.009766
0 0.931641 0.152344 0.003906 0.003906
0 0.626953 0.161133 0.023438 0.033203
0 0.362305 0.144531 0.001953 0.003906
0 0.324219 0.168945 0.023438 0.052734
0 0.373047 0.182617 0.082031 0.083984
0 0.507812 0.132812 0.007812 0.007812
0 0.397461 0.127930 0.001953 0.001953
0 0.145508 0.130859 0.005859 0.007812
0 0.137695 0.124023 0.001953 0.001953
1 0.128906 0.127930 0.011719 0.009766
1 0.493164 0.122070 0.001953 0.001953
0 0.655273 0.125000 0.009766 0.011719
0 0.124023 0.120117 0.001953 0.001953
1 0.209961 0.122070 0.052734 0.013672
0 0.128906 0.114258 0.003906 0.001953
0 0.122070 0.107422 0.005859 0.007812
0 0.110352 0.107422 0.017578 0.015625
0 0.104492 0.099609 0.005859 0.003906
0 0.598633 0.090820 0.001953 0.001953
1 0.073242 0.118164 0.044922 0.056641
0 0.594727 0.080078 0.005859 0.011719
1 0.247070 0.071289 0.001953 0.001953
0 0.603516 0.071289 0.007812 0.013672
1 0.375977 0.061523 0.001953 0.001953
0 0.583008 0.066406 0.005859 0.015625
0 0.708008 0.066406 0.025391 0.023438
0 0.488281 0.056641 0.003906 0.003906
0 0.589844 0.058594 0.003906 0.011719
0 0.493164 0.051758 0.005859 0.001953
0 0.726562 0.046875 0.003906 0.003906
0 0.720703 0.057617 0.015625 0.025391
0 0.469727 0.052734 0.021484 0.023438
0 0.518555 0.038086 0.001953 0.001953
0 0.498047 0.042969 0.007812 0.015625
0 0.502930 0.034180 0.001953 0.001953
0 0.361328 0.096680 0.082031 0.126953
0 0.478516 0.041016 0.027344 0.019531
0 0.598633 0.044922 0.021484 0.031250
0 0.514648 0.032227 0.009766 0.005859
0 0.403320 0.028320 0.001953 0.001953
0 0.514648 0.026367 0.001953 0.001953
0 0.799805 0.027344 0.005859 0.007812
0 0.482422 0.029297 0.011719 0.015625
0 0.440430 0.035156 0.009766 0.031250
0 0.804688 0.020508 0.011719 0.005859
1 0.672852 0.010742 0.001953 0.001953
0 0.068359 0.008789 0.003906 0.001953
0 0.061523 0.008789 0.001953 0.001953
0 0.016602 0.011719 0.013672 0.011719
0 0.424805 0.004883 0.001953 0.001953
0 0.807617 0.004883 0.033203 0.009766
0 0.469727 0.006836 0.005859 0.013672
0 0.420898 0.000977 0.001953 0.001953
0 0.418945 0.025391 0.029297 0.050781
0 0.393555 0.007812 0.017578 0.015625
0 0.226562 0.007812 0.019531 0.015625
0 0.055664 0.001953 0.005859 0.003906
0 0.036133 0.005859 0.021484 0.011719
2 0.623047 0.997070 0.007812 0.005859
2 0.611328 0.986328 0.027344 0.019531
2 0.568359 0.961914 0.003906 0.009766
2 0.592773 0.952148 0.001953 0.005859
2 0.606445 0.936523 0.005859 0.005859
2 0.998047 0.549805 0.003906 0.005859
2 0.420898 0.041992 0.001953 0.001953
2 0.417969 0.030273 0.003906 0.005859
2 0.414062 0.013672 0.003906 0.015625
2 0.821289 0.000977 0.001953 0.001953
2 0.801758 0.000977 0.001953 0.001953
3 0.500000 0.500000 1.000000 1.000000