1 0.382812 0.998047 0.007812 0.003906
1 0.052734 0.998047 0.003906 0.003906
1 0.546875 0.996094 0.003906 0.007812
1 0.014648 0.991211 0.001953 0.001953
1 0.795898 0.994141 0.009766 0.011719
1 0.665039 0.991211 0.009766 0.005859
1 0.868164 0.991211 0.013672 0.009766
1 0.354492 0.990234 0.009766 0.007812
1 0.054688 0.989258 0.007812 0.005859
1 0.651367 0.983398 0.001953 0.001953
1 0.373047 0.991211 0.023438 0.017578
1 0.836914 0.981445 0.001953 0.001953
1 0.022461 0.983398 0.009766 0.009766
1 0.138672 0.982422 0.007812 0.011719
1 0.396484 0.984375 0.015625 0.019531
1 0.823242 0.973633 0.001953 0.001953
1 0.819336 0.973633 0.001953 0.001953
1 0.110352 0.976562 0.013672 0.007812
1 0.599609 0.985352 0.054688 0.029297
1 0.539062 0.966797 0.011719 0.023438
1 0.748047 0.955078 0.011719 0.007812
1 0.258789 0.957031 0.009766 0.011719
1 0.266602 0.946289 0.001953 0.001953
1 0.827148 0.954102 0.021484 0.021484
1 0.910156 0.958984 0.156250 0.046875
1 0.469727 0.936523 0.001953 0.001953
1 0.325195 0.940430 0.017578 0.009766
1 0.951172 0.925781 0.003906 0.003906
1 0.186523 0.922852 0.001953 0.001953
1 0.953125 0.921875 0.003906 0.003906
1 0.051758 0.921875 0.001953 0.003906
1 0.773438 0.928711 0.011719 0.025391
1 0.047852 0.916992 0.001953 0.001953
1 0.264648 0.917969 0.017578 0.015625
1 0.152344 0.913086 0.003906 0.005859
1 0.968750 0.914062 0.015625 0.011719
1 0.166992 0.909180 0.001953 0.001953
1 0.208008 0.910156 0.009766 0.007812
1 0.721680 0.909180 0.009766 0.013672
1 0.406250 0.924805 0.078125 0.048828
1 0.161133 0.904297 0.005859 0.007812
1 0.351562 0.901367 0.031250 0.021484
1 0.015625 0.934570 0.031250 0.091797
1 0.005859 0.888672 0.007812 0.007812
1 0.967773 0.883789 0.001953 0.001953
1 0.974609 0.879883 0.007812 0.005859
1 0.555664 0.878906 0.005859 0.003906
0 0.574219 0.876953 0.015625 0.023438
1 0.285156 0.875000 0.273438 0.027344
1 0.498047 0.860352 0.015625 0.013672
1 0.491211 0.852539 0.001953 0.001953
1 0.040039 0.857422 0.033203 0.019531
1 0.258789 0.848633 0.013672 0.009766
0 0.494141 0.837891 0.003906 0.003906
1 0.142578 0.842773 0.007812 0.013672
0 0.284180 0.835938 0.005859 0.007812
1 0.458008 0.853516 0.025391 0.046875
0 0.026367 0.837891 0.021484 0.019531
1 0.006836 0.845703 0.013672 0.035156
1 0.006836 0.825195 0.001953 0.001953
1 0.145508 0.822266 0.001953 0.003906
1 0.041992 0.824219 0.017578 0.011719
1 0.045898 0.815430 0.001953 0.001953
0 0.028320 0.815430 0.005859 0.005859
1 0.073242 0.822266 0.056641 0.039062
1 0.872070 0.798828 0.001953 0.003906
0 0.032227 0.793945 0.005859 0.001953
0 0.385742 0.791992 0.001953 0.001953
1 0.376953 0.795898 0.015625 0.009766
1 0.208984 0.797852 0.027344 0.013672
0 0.565430 0.832031 0.064453 0.097656
1 0.924805 0.782227 0.013672 0.013672
1 0.799805 0.771484 0.013672 0.011719
1 0.015625 0.775391 0.023438 0.019531
1 0.066406 0.778320 0.015625 0.033203
1 0.602539 0.756836 0.005859 0.005859
1 0.802734 0.751953 0.007812 0.007812
1 0.119141 0.771484 0.015625 0.046875
1 0.893555 0.745117 0.001953 0.001953
1 0.118164 0.745117 0.001953 0.001953
1 0.819336 0.740234 0.005859 0.003906
1 0.995117 0.735352 0.009766 0.005859
1 0.771484 0.723633 0.003906 0.001953
1 0.715820 0.727539 0.013672 0.009766
0 0.902344 0.728516 0.027344 0.023438
1 0.875000 0.718750 0.007812 0.003906
1 0.268555 0.723633 0.029297 0.013672
1 0.795898 0.720703 0.017578 0.011719
1 0.549805 0.718750 0.005859 0.007812
0 0.050781 0.729492 0.035156 0.029297
1 0.138672 0.824219 0.222656 0.222656
1 0.277344 0.710938 0.003906 0.003906
1 0.012695 0.710938 0.005859 0.007812
1 0.702148 0.709961 0.017578 0.009766
1 0.848633 0.704102 0.005859 0.005859
1 0.756836 0.694336 0.005859 0.001953
1 0.724609 0.695312 0.003906 0.003906
1 0.393555 0.696289 0.005859 0.005859
1 0.630859 0.688477 0.003906 0.001953
1 0.309570 0.694336 0.021484 0.013672
1 0.109375 0.712891 0.058594 0.050781
1 0.925781 0.692383 0.023438 0.021484
1 0.389648 0.683594 0.009766 0.007812
1 0.290039 0.680664 0.005859 0.001953
1 0.997070 0.684570 0.005859 0.013672
1 0.612305 0.684570 0.021484 0.013672
1 0.280273 0.679688 0.005859 0.003906
0 0.058594 0.679688 0.007812 0.003906
1 0.836914 0.676758 0.001953 0.001953
1 0.204102 0.679688 0.005859 0.007812
1 0.112305 0.670898 0.001953 0.001953
1 0.408203 0.666016 0.003906 0.003906
1 0.828125 0.664062 0.015625 0.023438
1 0.664062 0.656250 0.007812 0.007812
1 0.141602 0.655273 0.029297 0.009766
1 0.098633 0.664062 0.013672 0.027344
1 0.990234 0.661133 0.007812 0.025391
1 0.627930 0.650391 0.001953 0.003906
1 0.632812 0.648438 0.003906 0.003906
1 0.558594 0.661133 0.074219 0.037109
1 0.655273 0.642578 0.001953 0.003906
1 0.755859 0.661133 0.113281 0.052734
0 0.300781 0.638672 0.007812 0.007812
1 0.628906 0.633789 0.007812 0.005859
1 0.256836 0.647461 0.076172 0.041016
1 0.223633 0.620117 0.001953 0.001953
0 0.089844 0.634766 0.011719 0.031250
0 0.104492 0.623047 0.009766 0.011719
1 0.590820 0.635742 0.041016 0.041016
1 0.343750 0.614258 0.011719 0.005859
1 0.560547 0.618164 0.023438 0.025391
0 0.452148 0.606445 0.009766 0.005859
1 0.687500 0.607422 0.019531 0.015625
1 0.009766 0.610352 0.019531 0.021484
1 0.724609 0.598633 0.011719 0.005859
1 0.397461 0.597656 0.005859 0.003906
1 0.233398 0.598633 0.005859 0.005859
1 0.406250 0.593750 0.007812 0.007812
1 0.250977 0.599609 0.044922 0.019531
1 0.319336 0.588867 0.001953 0.001953
1 0.022461 0.596680 0.041016 0.017578
1 0.836914 0.621094 0.091797 0.070312
1 0.411133 0.586914 0.001953 0.001953
1 0.032227 0.588867 0.005859 0.005859
1 0.722656 0.587891 0.023438 0.011719
1 0.026367 0.583008 0.005859 0.001953
1 0.773438 0.599609 0.027344 0.046875
1 0.339844 0.579102 0.015625 0.005859
1 0.695312 0.577148 0.007812 0.005859
1 0.417969 0.577148 0.003906 0.005859
0 0.049805 0.579102 0.037109 0.009766
1 0.557617 0.578125 0.029297 0.011719
1 0.171875 0.625000 0.121094 0.105469
1 0.434570 0.577148 0.013672 0.013672
1 0.828125 0.577148 0.019531 0.017578
1 0.683594 0.579102 0.015625 0.021484
1 0.162109 0.575195 0.019531 0.013672
1 0.458984 0.566406 0.003906 0.003906
1 0.863281 0.581055 0.023438 0.041016
1 0.801758 0.568359 0.009766 0.015625
1 0.832031 0.564453 0.011719 0.011719
1 0.477539 0.560547 0.005859 0.007812
1 0.375977 0.557617 0.001953 0.001953
1 0.063477 0.563477 0.017578 0.017578
1 0.890625 0.551758 0.011719 0.013672
0 0.083984 0.547852 0.007812 0.005859
1 0.568359 0.552734 0.023438 0.027344
1 0.188477 0.547852 0.091797 0.017578
1 0.131836 0.532227 0.001953 0.001953
1 0.009766 0.529297 0.007812 0.007812
1 0.791992 0.520508 0.001953 0.001953
1 0.054688 0.537109 0.023438 0.039062
1 0.020508 0.531250 0.021484 0.035156
1 0.620117 0.543945 0.048828 0.064453
1 0.289062 0.585938 0.121094 0.152344
1 0.145508 0.513672 0.009766 0.023438
1 0.800781 0.500977 0.007812 0.005859
1 0.510742 0.499023 0.001953 0.001953
1 0.329102 0.499023 0.001953 0.001953
0 0.285156 0.499023 0.007812 0.009766
1 0.771484 0.491211 0.003906 0.005859
1 0.293945 0.487305 0.001953 0.001953
1 0.831055 0.491211 0.025391 0.013672
1 0.488281 0.563477 0.175781 0.158203
1 0.726562 0.485352 0.007812 0.005859
1 0.434570 0.499023 0.021484 0.033203
1 0.737305 0.518555 0.138672 0.076172
1 0.637695 0.500977 0.048828 0.048828
1 0.667969 0.474609 0.007812 0.007812
1 0.454102 0.473633 0.005859 0.005859
1 0.527344 0.476562 0.011719 0.015625
1 0.423828 0.461914 0.003906 0.001953
1 0.606445 0.465820 0.009766 0.013672
1 0.077148 0.579102 0.154297 0.240234
1 0.005859 0.479492 0.011719 0.041016
1 0.608398 0.458008 0.001953 0.001953
1 0.427734 0.454102 0.003906 0.013672
1 0.713867 0.456055 0.021484 0.021484
1 0.969727 0.449219 0.009766 0.011719
1 0.507812 0.457031 0.019531 0.027344
1 0.237305 0.432617 0.001953 0.001953
1 0.150391 0.442383 0.015625 0.021484
1 0.968750 0.431641 0.011719 0.011719
1 0.243164 0.427734 0.005859 0.007812
1 0.286133 0.420898 0.001953 0.001953
1 0.010742 0.418945 0.021484 0.009766
1 0.620117 0.413086 0.005859 0.005859
1 0.424805 0.428711 0.033203 0.041016
1 0.091797 0.410156 0.003906 0.003906
1 0.779297 0.417969 0.039062 0.031250
1 0.686523 0.409180 0.013672 0.013672
1 0.043945 0.401367 0.001953 0.001953
1 0.101562 0.404297 0.011719 0.011719
1 0.684570 0.397461 0.005859 0.001953
1 0.051758 0.395508 0.001953 0.001953
1 0.857422 0.395508 0.011719 0.005859
1 0.720703 0.395508 0.011719 0.009766
1 0.909180 0.398438 0.041016 0.019531
1 0.054688 0.390625 0.003906 0.003906
1 0.578125 0.385742 0.003906 0.001953
1 0.645508 0.421875 0.068359 0.078125
1 0.409180 0.388672 0.013672 0.011719
1 0.601562 0.383789 0.007812 0.005859
1 0.053711 0.408203 0.056641 0.054688
1 0.222656 0.420898 0.046875 0.083984
1 0.941406 0.380859 0.007812 0.007812
1 0.886719 0.379883 0.003906 0.005859
1 0.665039 0.379883 0.009766 0.009766
1 0.621094 0.386719 0.019531 0.027344
1 0.206055 0.374023 0.001953 0.001953
1 0.567383 0.422852 0.099609 0.103516
1 0.239258 0.374023 0.009766 0.005859
0 0.217773 0.375000 0.017578 0.007812
1 0.594727 0.369141 0.005859 0.007812
1 0.670898 0.369141 0.021484 0.011719
1 0.214844 0.366211 0.007812 0.005859
1 0.145508 0.365234 0.009766 0.007812
1 0.780273 0.362305 0.001953 0.005859
1 0.641602 0.361328 0.009766 0.003906
1 0.333984 0.494141 0.156250 0.273438
1 0.250000 0.442383 0.132812 0.169922
1 0.788086 0.358398 0.009766 0.005859
1 0.086914 0.367188 0.025391 0.023438
1 0.208008 0.361328 0.017578 0.019531
1 0.997070 0.361328 0.005859 0.023438
1 0.755859 0.369141 0.042969 0.042969
1 0.709961 0.366211 0.044922 0.037109
1 0.828125 0.348633 0.007812 0.009766
1 0.691406 0.348633 0.023438 0.009766
1 0.600586 0.347656 0.009766 0.007812
1 0.118164 0.348633 0.013672 0.009766
1 0.100586 0.344727 0.001953 0.001953
1 0.174805 0.349609 0.025391 0.019531
1 0.331055 0.340820 0.013672 0.017578
1 0.239258 0.350586 0.029297 0.037109
1 0.625977 0.352539 0.029297 0.048828
1 0.450195 0.332031 0.021484 0.007812
1 0.095703 0.332031 0.011719 0.007812
1 0.690430 0.327148 0.001953 0.001953
1 0.137695 0.331055 0.009766 0.009766
0 0.208984 0.326172 0.003906 0.003906
1 0.673828 0.330078 0.031250 0.019531
1 0.576172 0.325195 0.011719 0.009766
1 0.268555 0.323242 0.005859 0.005859
1 0.933594 0.324219 0.015625 0.023438
1 0.129883 0.316406 0.005859 0.007812
1 0.014648 0.313477 0.001953 0.001953
1 0.859375 0.325195 0.035156 0.029297
1 0.753906 0.319336 0.023438 0.017578
1 0.708984 0.318359 0.027344 0.015625
1 0.660156 0.313477 0.007812 0.009766
0 0.210938 0.308594 0.003906 0.003906
1 0.188477 0.314453 0.025391 0.019531
1 0.510742 0.307617 0.009766 0.013672
1 0.546875 0.302734 0.007812 0.007812
1 0.137695 0.301758 0.009766 0.005859
0 0.498047 0.301758 0.007812 0.017578
1 0.069336 0.304688 0.029297 0.023438
1 0.836914 0.291992 0.001953 0.001953
1 0.613281 0.295898 0.015625 0.009766
1 0.550781 0.294922 0.011719 0.011719
1 0.714844 0.288086 0.011719 0.009766
1 0.315430 0.284180 0.009766 0.005859
1 0.216797 0.285156 0.011719 0.007812
1 0.696289 0.283203 0.013672 0.011719
1 0.538086 0.272461 0.005859 0.009766
1 0.186523 0.271484 0.013672 0.007812
1 0.954102 0.266602 0.001953 0.001953
1 0.583008 0.271484 0.005859 0.023438
1 0.685547 0.261719 0.011719 0.007812
0 0.336914 0.256836 0.001953 0.001953
1 0.307617 0.257812 0.013672 0.007812
0 0.397461 0.255859 0.009766 0.007812
1 0.546875 0.252930 0.007812 0.005859
1 0.999023 0.249023 0.001953 0.005859
1 0.645508 0.253906 0.025391 0.015625
1 0.031250 0.265625 0.042969 0.039062
1 0.004883 0.250000 0.009766 0.007812
1 0.134766 0.247070 0.007812 0.009766
1 0.897461 0.242188 0.005859 0.003906
1 0.340820 0.248047 0.033203 0.015625
0 0.051758 0.243164 0.009766 0.005859
1 0.993164 0.235352 0.005859 0.009766
1 0.758789 0.233398 0.005859 0.005859
1 0.268555 0.252930 0.076172 0.044922
1 0.228516 0.233398 0.003906 0.005859
1 0.987305 0.227539 0.001953 0.001953
1 0.918945 0.230469 0.009766 0.007812
1 0.185547 0.231445 0.007812 0.009766
0 0.049805 0.229492 0.009766 0.005859
1 0.889648 0.227539 0.005859 0.009766
1 0.122070 0.240234 0.029297 0.035156
1 0.599609 0.221680 0.003906 0.005859
0 0.286133 0.220703 0.009766 0.003906
1 0.875977 0.261719 0.248047 0.097656
0 0.428711 0.215820 0.017578 0.009766
1 0.384766 0.214844 0.007812 0.007812
1 0.320312 0.208984 0.011719 0.007812
1 0.773438 0.206055 0.027344 0.009766
1 0.538086 0.204102 0.005859 0.005859
1 0.963867 0.218750 0.041016 0.039062
1 0.814453 0.206055 0.019531 0.013672
0 0.272461 0.206055 0.009766 0.013672
1 0.608398 0.203125 0.017578 0.015625
0 0.966797 0.195312 0.015625 0.003906
1 0.551758 0.196289 0.001953 0.005859
0 0.793945 0.192383 0.001953 0.001953
1 0.583008 0.192383 0.001953 0.001953
1 0.915039 0.197266 0.025391 0.015625
1 0.655273 0.187500 0.005859 0.007812
1 0.082031 0.175781 0.007812 0.003906
1 0.378906 0.181641 0.019531 0.019531
1 0.971680 0.173828 0.009766 0.007812
0 0.504883 0.176758 0.005859 0.013672
1 0.332031 0.173828 0.027344 0.011719
1 0.211914 0.169922 0.013672 0.007812
1 0.890625 0.180664 0.019531 0.037109
1 0.711914 0.162109 0.001953 0.003906
1 0.291016 0.164062 0.015625 0.007812
1 0.278320 0.157227 0.001953 0.001953
1 0.577148 0.170898 0.037109 0.033203
1 0.012695 0.166992 0.025391 0.029297
1 0.569336 0.151367 0.001953 0.001953
1 0.604492 0.151367 0.009766 0.005859
1 0.883789 0.147461 0.009766 0.005859
1 0.380859 0.152344 0.019531 0.019531
1 0.792969 0.141602 0.007812 0.005859
1 0.797852 0.137695 0.001953 0.001953
1 0.261719 0.142578 0.011719 0.011719
1 0.020508 0.140625 0.013672 0.007812
1 0.162109 0.170898 0.023438 0.080078
1 0.129883 0.130859 0.025391 0.007812
0 0.511719 0.128906 0.011719 0.007812
0 0.715820 0.125000 0.005859 0.003906
1 0.737305 0.189453 0.302734 0.144531
0 0.614258 0.122070 0.005859 0.009766
1 0.118164 0.118164 0.005859 0.005859
1 0.263672 0.113281 0.003906 0.003906
1 0.988281 0.149414 0.019531 0.080078
0 0.744141 0.112305 0.003906 0.005859
1 0.291992 0.114258 0.017578 0.009766
1 0.798828 0.110352 0.003906 0.009766
1 0.179688 0.111328 0.062500 0.011719
1 0.108398 0.101562 0.009766 0.007812
1 0.532227 0.096680 0.001953 0.001953
1 0.242188 0.098633 0.003906 0.005859
1 0.009766 0.105469 0.019531 0.019531
1 0.354492 0.098633 0.013672 0.009766
0 0.748047 0.093750 0.003906 0.003906
1 0.313477 0.094727 0.009766 0.009766
1 0.729492 0.125977 0.037109 0.076172
1 0.421875 0.123047 0.035156 0.070312
1 0.591797 0.088867 0.003906 0.005859
1 0.817383 0.083984 0.001953 0.003906
1 0.343750 0.088867 0.023438 0.013672
1 0.141602 0.091797 0.021484 0.019531
1 0.787109 0.093750 0.042969 0.031250
1 0.704102 0.081055 0.009766 0.005859
1 0.515625 0.085938 0.015625 0.015625
1 0.603516 0.086914 0.015625 0.029297
1 0.320312 0.069336 0.011719 0.009766
1 0.258789 0.068359 0.005859 0.007812
1 0.347656 0.068359 0.023438 0.015625
1 0.909180 0.082031 0.021484 0.046875
1 0.747070 0.064453 0.013672 0.011719
1 0.452148 0.076172 0.017578 0.035156
1 0.119141 0.070312 0.011719 0.023438
1 0.550781 0.066406 0.015625 0.019531
1 0.178711 0.065430 0.025391 0.021484
1 0.733398 0.056641 0.013672 0.011719
1 0.562500 0.053711 0.007812 0.005859
0 0.977539 0.069336 0.044922 0.060547
1 0.828125 0.056641 0.054688 0.035156
1 0.517578 0.041016 0.007812 0.003906
1 0.176758 0.046875 0.025391 0.015625
1 0.076172 0.042969 0.003906 0.007812
0 0.918945 0.040039 0.005859 0.005859
1 0.494141 0.237305 0.140625 0.404297
1 0.443359 0.045898 0.011719 0.021484
1 0.811523 0.032227 0.005859 0.001953
1 0.483398 0.024414 0.005859 0.005859
1 0.414062 0.022461 0.003906 0.001953
1 0.512695 0.016602 0.005859 0.009766
1 0.613281 0.010742 0.019531 0.009766
1 0.444336 0.011719 0.005859 0.011719
1 0.828125 0.015625 0.128906 0.031250
1 0.565430 0.012695 0.017578 0.025391
1 0.478516 0.000977 0.003906 0.001953
1 0.333984 0.012695 0.023438 0.025391
1 0.021484 0.011719 0.042969 0.023438
3 0.001953 0.966797 0.003906 0.003906
3 0.001953 0.848633 0.003906 0.013672
3 0.008789 0.615234 0.001953 0.003906
3 0.914062 0.287109 0.007812 0.003906
3 0.766602 0.266602 0.005859 0.013672
3 0.788086 0.254883 0.013672 0.005859
3 0.799805 0.264648 0.029297 0.033203
3 0.500000 0.500000 1.000000 1.000000
3 0.005859 0.001953 0.011719 0.003906