0 0.723633 0.999023 0.001953 0.001953
0 0.717773 0.997070 0.001953 0.001953
1 0.510742 0.989258 0.001953 0.001953
0 0.649414 0.987305 0.001953 0.001953
1 0.520508 0.987305 0.001953 0.001953
1 0.611328 0.988281 0.007812 0.007812
0 0.468750 0.987305 0.007812 0.005859
1 0.643555 0.989258 0.017578 0.017578
1 0.524414 0.981445 0.001953 0.001953
1 0.584961 0.971680 0.001953 0.001953
0 0.690430 0.971680 0.013672 0.005859
0 0.680664 0.965820 0.001953 0.001953
0 0.680664 0.961914 0.001953 0.001953
1 0.485352 0.956055 0.001953 0.001953
1 0.482422 0.967773 0.019531 0.025391
0 0.036133 0.944336 0.001953 0.001953
0 0.043945 0.940430 0.009766 0.009766
0 0.008789 0.937500 0.017578 0.042969
0 0.685547 0.917969 0.007812 0.007812
0 0.708984 0.912109 0.011719 0.019531
0 0.132812 0.904297 0.003906 0.003906
0 0.638672 0.900391 0.007812 0.007812
0 0.685547 0.901367 0.023438 0.013672
1 0.083984 0.901367 0.015625 0.013672
0 0.625977 0.892578 0.009766 0.007812
0 0.713867 0.887695 0.001953 0.001953
1 0.012695 0.887695 0.001953 0.001953
0 0.248047 0.886719 0.003906 0.003906
0 0.740234 0.885742 0.003906 0.005859
0 0.718750 0.886719 0.011719 0.007812
0 0.687500 0.884766 0.011719 0.011719
1 0.008789 0.874023 0.005859 0.001953
0 0.774414 0.892578 0.041016 0.042969
1 0.036133 0.872070 0.001953 0.001953
1 0.010742 0.868164 0.001953 0.001953
1 0.006836 0.868164 0.001953 0.001953
0 0.250000 0.872070 0.015625 0.013672
1 0.014648 0.864258 0.001953 0.001953
1 0.068359 0.871094 0.019531 0.019531
0 0.779297 0.860352 0.003906 0.001953
0 0.253906 0.859375 0.003906 0.003906
1 0.077148 0.856445 0.001953 0.001953
1 0.004883 0.856445 0.001953 0.001953
1 0.028320 0.851562 0.001953 0.003906
1 0.023438 0.863281 0.019531 0.027344
1 0.033203 0.842773 0.003906 0.001953
1 0.011719 0.843750 0.003906 0.003906
1 0.743164 0.845703 0.005859 0.011719
0 0.404297 0.843750 0.011719 0.007812
0 0.557617 0.839844 0.013672 0.019531
0 0.269531 0.847656 0.031250 0.035156
1 0.013672 0.833008 0.003906 0.005859
1 0.016602 0.829102 0.001953 0.001953
0 0.578125 0.821289 0.011719 0.009766
1 0.748047 0.815430 0.003906 0.001953
0 0.641602 0.819336 0.005859 0.009766
0 0.548828 0.817383 0.007812 0.005859
0 0.111328 0.814453 0.003906 0.003906
0 0.750977 0.811523 0.001953 0.001953
0 0.422852 0.813477 0.005859 0.005859
0 0.700195 0.814453 0.017578 0.019531
0 0.666992 0.817383 0.017578 0.025391
0 0.501953 0.808594 0.007812 0.007812
0 0.588867 0.808594 0.017578 0.015625
0 0.233398 0.803711 0.001953 0.005859
0 0.195312 0.831055 0.039062 0.060547
0 0.809570 0.799805 0.001953 0.001953
1 0.063477 0.799805 0.001953 0.001953
0 0.456055 0.797852 0.001953 0.001953
0 0.107422 0.796875 0.003906 0.003906
0 0.543945 0.791992 0.001953 0.001953
1 0.059570 0.791016 0.001953 0.003906
0 0.389648 0.786133 0.001953 0.001953
0 0.824219 0.785156 0.007812 0.003906
0 0.818359 0.778320 0.003906 0.005859
0 0.791016 0.786133 0.019531 0.021484
0 0.497070 0.774414 0.001953 0.001953
0 0.377930 0.781250 0.017578 0.015625
0 0.809570 0.772461 0.001953 0.001953
0 0.653320 0.772461 0.001953 0.001953
0 0.129883 0.772461 0.001953 0.001953
0 0.007812 0.782227 0.015625 0.021484
0 0.462891 0.785156 0.023438 0.031250
0 0.809570 0.768555 0.001953 0.001953
0 0.798828 0.768555 0.003906 0.001953
0 0.016602 0.768555 0.001953 0.001953
0 0.007812 0.767578 0.003906 0.003906
1 0.002930 0.764648 0.001953 0.001953
0 0.527344 0.780273 0.074219 0.037109
0 0.442383 0.764648 0.005859 0.005859
0 0.506836 0.760742 0.001953 0.001953
0 0.147461 0.769531 0.029297 0.023438
0 0.110352 0.777344 0.025391 0.039062
0 0.850586 0.752930 0.001953 0.001953
1 0.524414 0.752930 0.005859 0.001953
0 0.166016 0.753906 0.003906 0.003906
1 0.528320 0.749023 0.001953 0.001953
0 0.372070 0.745117 0.001953 0.001953
1 0.061523 0.748047 0.005859 0.007812
0 0.438477 0.751953 0.017578 0.019531
1 0.036133 0.739258 0.001953 0.001953
1 0.563477 0.742188 0.017578 0.011719
0 0.428711 0.737305 0.005859 0.005859
0 0.123047 0.735352 0.003906 0.001953
1 0.073242 0.735352 0.001953 0.001953
1 0.524414 0.733398 0.001953 0.001953
0 0.409180 0.731445 0.001953 0.001953
0 0.088867 0.735352 0.013672 0.013672
0 0.833008 0.732422 0.013672 0.011719
0 0.237305 0.738281 0.021484 0.023438
0 0.092773 0.723633 0.001953 0.001953
1 0.376953 0.727539 0.011719 0.013672
1 0.052734 0.722656 0.007812 0.007812
0 0.973633 0.708008 0.005859 0.005859
0 0.292969 0.705078 0.003906 0.003906
0 0.114258 0.699219 0.001953 0.003906
0 0.118164 0.695312 0.001953 0.003906
0 0.807617 0.670898 0.001953 0.001953
0 0.429688 0.706055 0.363281 0.072266
0 0.804688 0.667969 0.011719 0.007812
0 0.653320 0.661133 0.001953 0.001953
0 0.622070 0.665039 0.005859 0.013672
1 0.404297 0.658203 0.011719 0.007812
1 0.461914 0.651367 0.001953 0.001953
1 0.466797 0.649414 0.003906 0.001953
1 0.465820 0.645508 0.001953 0.001953
0 0.012695 0.645508 0.001953 0.001953
1 0.294922 0.650391 0.011719 0.015625
1 0.288086 0.638672 0.001953 0.003906
1 0.229492 0.635742 0.001953 0.001953
0 0.005859 0.639648 0.011719 0.009766
0 0.706055 0.639648 0.013672 0.013672
1 0.245117 0.631836 0.001953 0.001953
0 0.058594 0.633789 0.003906 0.005859
0 0.432617 0.629883 0.001953 0.001953
0 0.419922 0.630859 0.003906 0.003906
0 0.923828 0.628906 0.003906 0.003906
0 0.440430 0.627930 0.001953 0.001953
0 0.856445 0.625977 0.001953 0.001953
0 0.853516 0.636719 0.046875 0.023438
0 0.549805 0.625977 0.001953 0.001953
1 0.247070 0.626953 0.005859 0.003906
1 0.252930 0.624023 0.001953 0.001953
1 0.231445 0.625000 0.001953 0.003906
0 0.075195 0.623047 0.001953 0.003906
0 0.719727 0.620117 0.001953 0.001953
0 0.715820 0.620117 0.001953 0.001953
0 0.791016 0.622070 0.011719 0.017578
0 0.718750 0.614258 0.003906 0.005859
0 0.108398 0.608398 0.001953 0.001953
0 0.536133 0.604492 0.001953 0.001953
0 0.120117 0.604492 0.001953 0.001953
0 0.055664 0.604492 0.001953 0.001953
0 0.366211 0.603516 0.001953 0.003906
1 0.163086 0.602539 0.001953 0.001953
0 0.010742 0.612305 0.021484 0.021484
0 0.107422 0.597656 0.007812 0.003906
0 0.427734 0.607422 0.035156 0.031250
0 0.006836 0.590820 0.001953 0.001953
0 0.014648 0.588867 0.001953 0.001953
0 0.064453 0.599609 0.031250 0.031250
0 0.501953 0.587891 0.019531 0.011719
0 0.014648 0.575195 0.001953 0.001953
0 0.958984 0.575195 0.011719 0.017578
0 0.008789 0.576172 0.017578 0.027344
1 0.437500 0.562500 0.003906 0.003906
1 0.516602 0.563477 0.005859 0.009766
1 0.228516 0.560547 0.003906 0.003906
0 0.569336 0.553711 0.013672 0.005859
1 0.519531 0.550781 0.007812 0.003906
1 0.532227 0.561523 0.013672 0.029297
0 0.149414 0.673828 0.298828 0.253906
1 0.301758 0.545898 0.001953 0.001953
1 0.114258 0.562500 0.029297 0.042969
1 0.436523 0.540039 0.001953 0.001953
1 0.243164 0.541992 0.005859 0.005859
0 0.997070 0.539062 0.001953 0.003906
1 0.110352 0.536133 0.001953 0.001953
1 0.550781 0.536133 0.003906 0.005859
0 0.079102 0.535156 0.001953 0.003906
1 0.441406 0.533203 0.007812 0.003906
0 0.196289 0.548828 0.048828 0.054688
1 0.140625 0.535156 0.019531 0.027344
0 0.092773 0.529297 0.021484 0.015625
0 0.754883 0.520508 0.001953 0.001953
1 0.554688 0.521484 0.007812 0.003906
0 0.084961 0.514648 0.013672 0.005859
0 0.120117 0.510742 0.001953 0.001953
0 0.092773 0.508789 0.001953 0.001953
0 0.085938 0.507812 0.007812 0.003906
0 0.075195 0.504883 0.001953 0.001953
0 0.938477 0.500977 0.001953 0.001953
1 0.508789 0.495117 0.001953 0.001953
0 0.583008 0.513672 0.060547 0.042969
0 0.315430 0.493164 0.001953 0.001953
0 0.784180 0.491211 0.001953 0.001953
1 0.551758 0.489258 0.001953 0.001953
1 0.458008 0.519531 0.115234 0.062500
0 0.786133 0.487305 0.001953 0.001953
1 0.394531 0.488281 0.003906 0.003906
0 0.333008 0.498047 0.029297 0.023438
1 0.221680 0.487305 0.001953 0.001953
0 0.315430 0.486328 0.001953 0.003906
1 0.562500 0.485352 0.007812 0.005859
1 0.458984 0.485352 0.007812 0.005859
1 0.236328 0.493164 0.019531 0.021484
1 0.211914 0.481445 0.005859 0.001953
1 0.548828 0.480469 0.007812 0.003906
0 0.937500 0.487305 0.011719 0.021484
1 0.497070 0.477539 0.001953 0.001953
1 0.491211 0.479492 0.005859 0.005859
1 0.222656 0.478516 0.007812 0.003906
0 0.148438 0.486328 0.031250 0.027344
0 0.930664 0.472656 0.001953 0.003906
0 0.093750 0.485352 0.027344 0.029297
0 0.432617 0.469727 0.001953 0.001953
1 0.251953 0.476562 0.007812 0.015625
1 0.534180 0.467773 0.013672 0.005859
0 0.620117 0.463867 0.001953 0.001953
0 0.422852 0.463867 0.001953 0.001953
0 0.193359 0.464844 0.007812 0.007812
1 0.508789 0.474609 0.025391 0.031250
0 0.194336 0.458008 0.001953 0.001953
0 0.175781 0.456055 0.003906 0.001953
0 0.192383 0.454102 0.001953 0.001953
0 0.026367 0.472656 0.037109 0.042969
1 0.211914 0.463867 0.029297 0.029297
0 0.153320 0.454102 0.005859 0.009766
1 0.212891 0.446289 0.003906 0.001953
0 0.878906 0.448242 0.011719 0.009766
1 0.208008 0.442383 0.001953 0.001953
0 0.297852 0.441406 0.001953 0.003906
0 0.194336 0.444336 0.021484 0.009766
0 0.186523 0.434570 0.001953 0.001953
0 0.170898 0.434570 0.005859 0.001953
0 0.164062 0.440430 0.011719 0.017578
0 0.635742 0.430664 0.001953 0.001953
0 0.178711 0.429688 0.005859 0.003906
0 0.169922 0.429688 0.003906 0.003906
0 0.624023 0.426758 0.001953 0.001953
1 0.192383 0.426758 0.001953 0.001953
0 0.163086 0.426758 0.001953 0.001953
1 0.105469 0.426758 0.003906 0.001953
0 0.233398 0.426758 0.001953 0.005859
0 0.176758 0.424805 0.005859 0.001953
1 0.200195 0.422852 0.001953 0.001953
0 0.600586 0.421875 0.001953 0.003906
1 0.193359 0.420898 0.003906 0.005859
1 0.181641 0.419922 0.003906 0.003906
1 0.112305 0.421875 0.005859 0.011719
1 0.118164 0.415039 0.001953 0.005859
1 0.071289 0.424805 0.029297 0.029297
0 0.534180 0.408203 0.001953 0.003906
0 0.340820 0.405273 0.001953 0.001953
0 0.338867 0.411133 0.005859 0.013672
0 0.257812 0.408203 0.007812 0.011719
0 0.385742 0.395508 0.001953 0.001953
0 0.592773 0.393555 0.001953 0.001953
0 0.514648 0.422852 0.037109 0.060547
0 0.398438 0.398438 0.011719 0.015625
0 0.617188 0.408203 0.035156 0.039062
1 0.592773 0.389648 0.001953 0.001953
0 0.630859 0.394531 0.011719 0.015625
0 0.286133 0.387695 0.005859 0.001953
0 0.004883 0.387695 0.001953 0.001953
0 0.239258 0.385742 0.001953 0.001953
1 0.592773 0.383789 0.001953 0.001953
0 0.028320 0.387695 0.013672 0.009766
0 0.375977 0.375977 0.001953 0.001953
1 0.458984 0.386719 0.042969 0.039062
0 0.084961 0.366211 0.001953 0.001953
0 0.636719 0.365234 0.003906 0.003906
0 0.114258 0.364258 0.001953 0.001953
0 0.588867 0.362305 0.001953 0.001953
1 0.473633 0.362305 0.001953 0.001953
0 0.103516 0.363281 0.003906 0.003906
0 0.108398 0.360352 0.001953 0.001953
0 0.248047 0.361328 0.007812 0.007812
0 0.498047 0.366211 0.031250 0.025391
0 0.060547 0.357422 0.015625 0.011719
1 0.172852 0.350586 0.001953 0.001953
0 0.048828 0.350586 0.003906 0.001953
1 0.201172 0.351562 0.011719 0.007812
0 0.083008 0.363281 0.017578 0.031250
0 0.384766 0.367188 0.039062 0.046875
0 0.549805 0.340820 0.001953 0.001953
0 0.301758 0.338867 0.001953 0.001953
0 0.510742 0.334961 0.001953 0.001953
0 0.604492 0.330078 0.021484 0.015625
0 0.571289 0.354492 0.041016 0.064453
0 0.271484 0.322266 0.003906 0.003906
0 0.310547 0.324219 0.015625 0.015625
0 0.295898 0.317383 0.001953 0.001953
0 0.301758 0.315430 0.001953 0.001953
0 0.530273 0.313477 0.001953 0.001953
1 0.205078 0.314453 0.003906 0.003906
0 0.498047 0.314453 0.007812 0.007812
1 0.418945 0.311523 0.001953 0.001953
0 0.315430 0.313477 0.005859 0.005859
0 0.679688 0.318359 0.019531 0.019531
0 0.523438 0.323242 0.039062 0.029297
0 0.535156 0.306641 0.007812 0.003906
0 0.458008 0.330078 0.072266 0.050781
1 0.511719 0.302734 0.003906 0.007812
0 0.432617 0.299805 0.009766 0.009766
0 0.250977 0.295898 0.001953 0.001953
0 0.422852 0.296875 0.005859 0.007812
0 0.407227 0.293945 0.001953 0.001953
0 0.602539 0.292969 0.005859 0.003906
0 0.121094 0.297852 0.015625 0.013672
0 0.637695 0.292969 0.005859 0.011719
1 0.502930 0.287109 0.001953 0.003906
0 0.432617 0.286133 0.001953 0.001953
0 0.690430 0.280273 0.001953 0.001953
0 0.411133 0.285156 0.013672 0.011719
1 0.502930 0.279297 0.001953 0.003906
0 0.422852 0.272461 0.001953 0.001953
1 0.522461 0.270508 0.001953 0.001953
0 0.188477 0.270508 0.001953 0.001953
1 0.538086 0.268555 0.001953 0.001953
0 0.211914 0.283203 0.041016 0.031250
0 0.190430 0.266602 0.001953 0.001953
0 0.428711 0.270508 0.005859 0.013672
0 0.284180 0.264648 0.001953 0.001953
0 0.606445 0.266602 0.005859 0.009766
0 0.135742 0.262695 0.001953 0.001953
1 0.465820 0.270508 0.025391 0.029297
0 0.145508 0.256836 0.001953 0.001953
0 0.597656 0.270508 0.015625 0.037109
1 0.378906 0.257812 0.007812 0.015625
0 0.350586 0.258789 0.005859 0.017578
0 0.340820 0.250977 0.001953 0.001953
0 0.335938 0.249023 0.003906 0.001953
0 0.581055 0.243164 0.001953 0.001953
0 0.767578 0.243164 0.003906 0.005859
0 0.588867 0.241211 0.001953 0.001953
1 0.424805 0.244141 0.013672 0.007812
0 0.268555 0.242188 0.005859 0.003906
1 0.691406 0.239258 0.003906 0.001953
1 0.442383 0.239258 0.001953 0.001953
0 0.295898 0.239258 0.001953 0.001953
1 0.661133 0.253906 0.037109 0.035156
1 0.442383 0.235352 0.001953 0.001953
1 0.649414 0.233398 0.001953 0.001953
1 0.539062 0.250977 0.039062 0.037109
0 0.551758 0.231445 0.001953 0.001953
0 0.639648 0.228516 0.001953 0.003906
1 0.441406 0.227539 0.003906 0.001953
1 0.436523 0.227539 0.001953 0.001953
1 0.693359 0.224609 0.003906 0.003906
0 0.288086 0.223633 0.001953 0.001953
0 0.280273 0.225586 0.009766 0.005859
1 0.499023 0.242188 0.021484 0.042969
0 0.058594 0.222656 0.003906 0.003906
0 0.050781 0.222656 0.003906 0.003906
1 0.172852 0.220703 0.005859 0.003906
0 0.055664 0.219727 0.001953 0.001953
0 0.097656 0.228516 0.027344 0.031250
0 0.286133 0.213867 0.009766 0.005859
1 0.143555 0.213867 0.005859 0.009766
0 0.061523 0.209961 0.005859 0.001953
1 0.423828 0.218750 0.019531 0.023438
1 0.297852 0.208984 0.005859 0.003906
0 0.206055 0.208008 0.001953 0.001953
0 0.278320 0.206055 0.005859 0.005859
0 0.801758 0.208984 0.017578 0.015625
1 0.519531 0.203125 0.003906 0.007812
1 0.122070 0.200195 0.001953 0.001953
0 0.057617 0.201172 0.009766 0.007812
0 0.008789 0.201172 0.017578 0.011719
1 0.342773 0.230469 0.064453 0.074219
1 0.319336 0.195312 0.005859 0.007812
1 0.286133 0.193359 0.005859 0.003906
1 0.416992 0.192383 0.005859 0.005859
1 0.670898 0.189453 0.001953 0.003906
1 0.371094 0.188477 0.007812 0.005859
1 0.164062 0.187500 0.003906 0.003906
1 0.653320 0.186523 0.009766 0.005859
1 0.406250 0.184570 0.007812 0.005859
1 0.166992 0.182617 0.001953 0.001953
0 0.996094 0.183594 0.007812 0.023438
1 0.666992 0.172852 0.001953 0.001953
0 0.428711 0.172852 0.001953 0.001953
1 0.629883 0.170898 0.001953 0.001953
0 0.571289 0.168945 0.001953 0.001953
0 0.069336 0.172852 0.013672 0.009766
0 0.563477 0.166992 0.009766 0.005859
1 0.354492 0.178711 0.017578 0.029297
1 0.436523 0.163086 0.001953 0.001953
1 0.662109 0.164062 0.011719 0.011719
1 0.398438 0.159180 0.003906 0.001953
1 0.391602 0.158203 0.001953 0.003906
1 0.376953 0.159180 0.007812 0.005859
1 0.422852 0.164062 0.021484 0.023438
1 0.377930 0.151367 0.001953 0.001953
0 0.895508 0.149414 0.001953 0.001953
1 0.397461 0.149414 0.001953 0.001953
1 0.393555 0.149414 0.001953 0.001953
0 0.572266 0.148438 0.003906 0.003906
1 0.666992 0.143555 0.001953 0.001953
1 0.654297 0.144531 0.007812 0.007812
1 0.443359 0.150391 0.031250 0.019531
0 0.904297 0.146484 0.027344 0.015625
0 0.813477 0.139648 0.001953 0.001953
1 0.389648 0.139648 0.001953 0.001953
0 0.992188 0.139648 0.011719 0.009766
1 0.675781 0.134766 0.003906 0.003906
1 0.878906 0.129883 0.003906 0.001953
1 0.637695 0.132812 0.005859 0.011719
1 0.876953 0.125977 0.003906 0.001953
0 0.832031 0.131836 0.011719 0.013672
0 0.571289 0.125977 0.001953 0.001953
0 0.274414 0.124023 0.001953 0.001953
1 0.870117 0.124023 0.005859 0.005859
1 0.842773 0.120117 0.001953 0.001953
1 0.595703 0.143555 0.050781 0.052734
1 0.597656 0.112305 0.003906 0.001953
1 0.639648 0.116211 0.013672 0.017578
0 0.162109 0.117188 0.039062 0.019531
1 0.667969 0.117188 0.015625 0.023438
1 0.841797 0.108398 0.003906 0.009766
1 0.603516 0.108398 0.007812 0.009766
1 0.540039 0.104492 0.005859 0.001953
1 0.927734 0.103516 0.003906 0.003906
0 0.294922 0.107422 0.011719 0.011719
1 0.844727 0.100586 0.001953 0.001953
0 0.807617 0.098633 0.001953 0.001953
1 0.819336 0.106445 0.025391 0.021484
0 0.608398 0.096680 0.001953 0.001953
0 0.152344 0.097656 0.003906 0.003906
1 0.876953 0.095703 0.003906 0.003906
1 0.858398 0.103516 0.025391 0.019531
1 0.612305 0.092773 0.001953 0.001953
0 0.057617 0.086914 0.001953 0.001953
1 0.814453 0.085938 0.003906 0.003906
1 0.558594 0.093750 0.011719 0.019531
0 0.129883 0.085938 0.001953 0.003906
0 0.053711 0.083984 0.005859 0.007812
1 0.858398 0.079102 0.001953 0.001953
1 0.541016 0.079102 0.003906 0.001953
1 0.813477 0.073242 0.001953 0.001953
1 0.653320 0.080078 0.017578 0.015625
1 0.440430 0.073242 0.001953 0.001953
1 0.808594 0.076172 0.011719 0.011719
1 0.696289 0.071289 0.001953 0.001953
0 0.581055 0.067383 0.001953 0.001953
1 0.920898 0.066406 0.001953 0.003906
1 0.904297 0.072266 0.039062 0.039062
1 0.853516 0.054688 0.003906 0.003906
1 0.802734 0.054688 0.003906 0.003906
0 0.700195 0.055664 0.009766 0.005859
0 0.690430 0.053711 0.001953 0.001953
0 0.313477 0.062500 0.017578 0.019531
0 0.096680 0.057617 0.005859 0.009766
0 0.477539 0.051758 0.001953 0.001953
0 0.598633 0.055664 0.013672 0.013672
1 0.615234 0.049805 0.003906 0.005859
1 0.494141 0.048828 0.003906 0.003906
0 0.133789 0.049805 0.009766 0.005859
1 0.587891 0.048828 0.003906 0.007812
1 0.643555 0.047852 0.017578 0.009766
1 0.633789 0.043945 0.001953 0.001953
1 0.622070 0.043945 0.001953 0.001953
1 0.651367 0.041992 0.001953 0.001953
1 0.854492 0.042969 0.009766 0.007812
1 0.835938 0.060547 0.042969 0.042969
0 0.163086 0.042969 0.021484 0.011719
0 0.479492 0.041992 0.009766 0.013672
0 0.295898 0.037109 0.001953 0.003906
1 0.600586 0.034180 0.001953 0.001953
1 0.868164 0.034180 0.013672 0.009766
0 0.208008 0.035156 0.037109 0.015625
0 0.381836 0.024414 0.001953 0.001953
0 0.247070 0.024414 0.001953 0.001953
1 0.754883 0.022461 0.001953 0.001953
1 0.678711 0.038086 0.064453 0.033203
1 0.627930 0.022461 0.001953 0.001953
1 0.624023 0.022461 0.001953 0.001953
1 0.668945 0.018555 0.001953 0.001953
1 0.536133 0.017578 0.005859 0.003906
1 0.518555 0.017578 0.001953 0.003906
1 0.514648 0.016602 0.001953 0.001953
1 0.744141 0.022461 0.015625 0.021484
0 0.266602 0.018555 0.025391 0.013672
0 0.049805 0.025391 0.009766 0.035156
1 0.785156 0.005859 0.003906 0.003906
1 0.837891 0.003906 0.003906 0.003906
1 0.610352 0.021484 0.052734 0.039062
1 0.496094 0.003906 0.003906 0.003906
1 0.887695 0.017578 0.044922 0.035156
1 0.828125 0.001953 0.015625 0.003906
0 0.799805 0.000977 0.001953 0.001953
1 0.793945 0.000977 0.001953 0.001953
1 0.782227 0.000977 0.001953 0.001953
1 0.778320 0.000977 0.001953 0.001953
1 0.771484 0.000977 0.003906 0.001953
1 0.683594 0.013672 0.027344 0.027344
1 0.566406 0.014648 0.035156 0.029297
1 0.548828 0.001953 0.003906 0.003906
1 0.518555 0.000977 0.001953 0.001953
1 0.508789 0.001953 0.013672 0.003906
0 0.325195 0.146484 0.443359 0.292969
2 0.004883 0.956055 0.001953 0.001953
3 0.030273 0.789062 0.001953 0.003906
2 0.000977 0.788086 0.001953 0.001953
3 0.003906 0.737305 0.007812 0.009766
2 0.122070 0.721680 0.001953 0.001953
2 0.004883 0.717773 0.001953 0.001953
3 0.032227 0.704102 0.001953 0.001953
2 0.091797 0.663086 0.003906 0.001953
2 0.104492 0.653320 0.009766 0.009766
2 0.118164 0.645508 0.021484 0.025391
3 0.146484 0.631836 0.007812 0.005859
3 0.130859 0.620117 0.003906 0.001953
2 0.012695 0.616211 0.001953 0.001953
3 0.201172 0.614258 0.027344 0.009766
2 0.000977 0.611328 0.001953 0.003906
3 0.223633 0.606445 0.005859 0.005859
3 0.166992 0.583984 0.001953 0.003906
3 0.156250 0.172852 0.003906 0.001953
3 0.167969 0.171875 0.015625 0.003906
2 0.196289 0.149414 0.001953 0.001953
2 0.192383 0.141602 0.001953 0.001953
3 0.182617 0.136719 0.001953 0.003906
3 0.484375 0.115234 0.003906 0.003906
3 0.460938 0.113281 0.003906 0.003906
3 0.510742 0.110352 0.005859 0.001953
3 0.508789 0.106445 0.001953 0.001953
3 0.504883 0.106445 0.001953 0.001953
3 0.513672 0.103516 0.003906 0.003906
3 0.475586 0.110352 0.013672 0.017578
3 0.885742 0.008789 0.001953 0.001953
3 0.887695 0.004883 0.001953 0.001953
3 0.881836 0.002930 0.005859 0.005859
3 0.510742 0.000977 0.001953 0.001953
2 0.500000 0.500000 1.000000 1.000000