1 0.874023 0.999023 0.005859 0.001953
1 0.387695 0.999023 0.001953 0.001953
1 0.279297 0.998047 0.003906 0.003906
1 0.877930 0.995117 0.001953 0.001953
1 0.003906 0.996094 0.007812 0.003906
1 0.944336 0.993164 0.001953 0.001953
0 0.744141 0.993164 0.003906 0.001953
0 0.060547 0.996094 0.011719 0.007812
0 0.739258 0.991211 0.001953 0.001953
1 0.423828 0.995117 0.015625 0.009766
1 0.402344 0.995117 0.023438 0.009766
1 0.387695 0.991211 0.001953 0.001953
0 0.104492 0.995117 0.029297 0.009766
0 0.055664 0.991211 0.001953 0.001953
1 0.590820 0.989258 0.001953 0.001953
1 0.208984 0.994141 0.019531 0.011719
1 0.956055 0.988281 0.013672 0.011719
1 0.588867 0.984375 0.001953 0.003906
1 0.364258 0.980469 0.009766 0.007812
1 0.883789 0.980469 0.021484 0.011719
1 0.458008 0.981445 0.013672 0.013672
1 0.806641 0.975586 0.007812 0.009766
1 0.689453 0.985352 0.015625 0.029297
1 0.587891 0.971680 0.003906 0.005859
0 0.166992 0.976562 0.025391 0.015625
1 0.584961 0.963867 0.001953 0.001953
0 0.191406 0.963867 0.003906 0.001953
1 0.737305 0.961914 0.001953 0.001953
1 0.942383 0.959961 0.005859 0.009766
1 0.799805 0.956055 0.001953 0.001953
0 0.176758 0.960938 0.025391 0.015625
1 0.511719 0.963867 0.046875 0.025391
1 0.728516 0.951172 0.003906 0.003906
1 0.104492 0.948242 0.033203 0.017578
1 0.375000 0.944336 0.027344 0.013672
1 0.336914 0.933594 0.001953 0.003906
1 0.318359 0.933594 0.007812 0.007812
1 0.313477 0.926758 0.001953 0.001953
1 0.902344 0.927734 0.019531 0.007812
1 0.395508 0.924805 0.001953 0.001953
1 0.165039 0.927734 0.005859 0.007812
1 0.399414 0.922852 0.001953 0.001953
1 0.269531 0.923828 0.007812 0.003906
1 0.881836 0.923828 0.009766 0.007812
1 0.639648 0.926758 0.009766 0.013672
1 0.500000 0.921875 0.011719 0.007812
1 0.386719 0.920898 0.011719 0.009766
1 0.508789 0.913086 0.001953 0.001953
1 0.907227 0.912109 0.005859 0.003906
1 0.842773 0.929688 0.033203 0.039062
1 0.703125 0.911133 0.003906 0.005859
1 0.470703 0.911133 0.007812 0.005859
1 0.301758 0.909180 0.001953 0.001953
1 0.907227 0.907227 0.005859 0.001953
1 0.915039 0.902344 0.013672 0.003906
1 0.897461 0.904297 0.005859 0.007812
0 0.631836 0.906250 0.013672 0.011719
1 0.252930 0.894531 0.001953 0.003906
1 0.953125 0.890625 0.003906 0.003906
1 0.794922 0.885742 0.003906 0.001953
1 0.972656 0.882812 0.003906 0.003906
1 0.971680 0.875977 0.001953 0.001953
0 0.186523 0.881836 0.017578 0.021484
1 0.114258 0.895508 0.044922 0.052734
1 0.791992 0.875000 0.021484 0.019531
1 0.624023 0.870117 0.013672 0.017578
1 0.252930 0.876953 0.017578 0.039062
0 0.208984 0.868164 0.019531 0.021484
1 0.822266 0.875000 0.027344 0.039062
0 0.464844 0.865234 0.035156 0.019531
1 0.479492 0.852539 0.001953 0.001953
1 0.475586 0.851562 0.001953 0.003906
0 0.178711 0.854492 0.001953 0.009766
1 0.500977 0.841797 0.001953 0.003906
0 0.132812 0.844727 0.011719 0.009766
1 0.779297 0.841797 0.011719 0.011719
0 0.999023 0.837891 0.001953 0.007812
1 0.608398 0.838867 0.009766 0.009766
0 0.868164 0.831055 0.001953 0.001953
0 0.166992 0.848633 0.025391 0.037109
0 0.897461 0.829102 0.001953 0.001953
0 0.928711 0.825195 0.001953 0.001953
0 0.924805 0.825195 0.001953 0.001953
0 0.867188 0.826172 0.003906 0.003906
0 0.086914 0.831055 0.013672 0.013672
1 0.870117 0.821289 0.001953 0.001953
1 0.229492 0.825195 0.005859 0.009766
0 0.081055 0.821289 0.001953 0.001953
1 0.974609 0.820312 0.011719 0.007812
0 0.927734 0.818359 0.003906 0.007812
0 0.679688 0.833984 0.031250 0.039062
1 0.583984 0.819336 0.007812 0.009766
1 0.300781 0.816406 0.003906 0.003906
0 0.997070 0.820312 0.005859 0.015625
1 0.307617 0.813477 0.001953 0.001953
1 0.225586 0.813477 0.001953 0.001953
1 0.713867 0.811523 0.001953 0.001953
1 0.725586 0.809570 0.001953 0.001953
1 0.314453 0.808594 0.003906 0.003906
1 0.229492 0.809570 0.005859 0.005859
1 0.124023 0.808594 0.005859 0.003906
1 0.961914 0.806641 0.005859 0.003906
1 0.698242 0.796875 0.001953 0.003906
0 0.597656 0.794922 0.007812 0.003906
1 0.218750 0.792969 0.003906 0.003906
0 0.605469 0.791016 0.003906 0.003906
0 0.615234 0.791016 0.011719 0.007812
1 0.007812 0.790039 0.007812 0.005859
1 0.213867 0.784180 0.001953 0.001953
1 0.578125 0.786133 0.011719 0.009766
1 0.832031 0.776367 0.003906 0.001953
0 0.627930 0.780273 0.005859 0.009766
1 0.530273 0.778320 0.005859 0.005859
1 0.816406 0.798828 0.070312 0.050781
1 0.278320 0.775391 0.001953 0.003906
1 0.827148 0.773438 0.005859 0.007812
1 0.557617 0.764648 0.001953 0.001953
1 0.713867 0.822266 0.115234 0.136719
1 0.343750 0.760742 0.015625 0.013672
1 0.124023 0.749023 0.001953 0.001953
1 0.383789 0.745117 0.029297 0.013672
0 0.204102 0.745117 0.025391 0.021484
1 0.281250 0.735352 0.011719 0.005859
0 0.221680 0.736328 0.005859 0.007812
1 0.174805 0.723633 0.001953 0.001953
0 0.805664 0.721680 0.001953 0.001953
1 0.586914 0.721680 0.001953 0.001953
0 0.262695 0.726562 0.013672 0.011719
1 0.179688 0.722656 0.003906 0.007812
1 0.268555 0.717773 0.001953 0.001953
0 0.209961 0.717773 0.001953 0.001953
1 0.173828 0.717773 0.003906 0.005859
1 0.178711 0.714844 0.001953 0.003906
0 0.811523 0.711914 0.001953 0.001953
1 0.584961 0.711914 0.001953 0.001953
0 0.796875 0.707031 0.007812 0.007812
1 0.587891 0.696289 0.007812 0.005859
1 0.204102 0.705078 0.021484 0.023438
0 0.944336 0.692383 0.005859 0.005859
0 0.948242 0.688477 0.001953 0.001953
0 0.939453 0.703125 0.035156 0.035156
0 0.832031 0.687500 0.007812 0.007812
0 0.823242 0.685547 0.001953 0.003906
1 0.141602 0.685547 0.005859 0.003906
1 0.023438 0.687500 0.003906 0.011719
0 0.930664 0.680664 0.001953 0.001953
1 0.187500 0.683594 0.007812 0.007812
1 0.269531 0.678711 0.003906 0.001953
0 0.146484 0.679688 0.003906 0.003906
0 0.129883 0.676758 0.001953 0.001953
1 0.000977 0.674805 0.001953 0.001953
1 0.666016 0.676758 0.011719 0.009766
0 0.161133 0.672852 0.001953 0.001953
1 0.002930 0.668945 0.005859 0.005859
0 0.941406 0.669922 0.003906 0.011719
0 0.153320 0.667969 0.005859 0.007812
1 0.201172 0.665039 0.003906 0.005859
0 0.878906 0.663086 0.003906 0.005859
1 0.220703 0.682617 0.031250 0.044922
1 0.371094 0.666992 0.019531 0.017578
0 0.812500 0.655273 0.011719 0.025391
1 0.096680 0.637695 0.001953 0.001953
0 0.124023 0.655273 0.048828 0.041016
0 0.820312 0.636719 0.011719 0.011719
1 0.321289 0.630859 0.009766 0.007812
1 0.221680 0.620117 0.001953 0.001953
1 0.413086 0.619141 0.025391 0.011719
1 0.624023 0.599609 0.001953 0.003906
1 0.500977 0.597656 0.013672 0.007812
0 0.119141 0.595703 0.003906 0.003906
1 0.499023 0.592773 0.001953 0.001953
0 0.125977 0.592773 0.001953 0.001953
1 0.504883 0.586914 0.001953 0.001953
0 0.386719 0.594727 0.019531 0.017578
0 0.874023 0.595703 0.013672 0.023438
1 0.534180 0.582031 0.005859 0.011719
1 0.051758 0.575195 0.001953 0.001953
1 0.300781 0.575195 0.003906 0.005859
0 0.136719 0.582031 0.015625 0.019531
0 0.125977 0.573242 0.001953 0.001953
1 0.834961 0.572266 0.001953 0.003906
1 0.408203 0.573242 0.003906 0.005859
1 0.977539 0.569336 0.001953 0.001953
0 0.231445 0.567383 0.001953 0.001953
1 0.842773 0.565430 0.001953 0.001953
1 0.444336 0.566406 0.013672 0.007812
1 0.538086 0.561523 0.005859 0.001953
1 0.431641 0.561523 0.003906 0.001953
0 0.225586 0.561523 0.001953 0.001953
1 0.543945 0.559570 0.001953 0.001953
0 0.067383 0.559570 0.001953 0.001953
0 0.225586 0.557617 0.001953 0.001953
1 0.120117 0.555664 0.001953 0.001953
1 0.727539 0.553711 0.001953 0.001953
1 0.840820 0.549805 0.001953 0.001953
1 0.411133 0.553711 0.021484 0.013672
0 0.055664 0.551758 0.009766 0.009766
1 0.840820 0.545898 0.001953 0.001953
1 0.395508 0.544922 0.005859 0.003906
0 0.065430 0.548828 0.009766 0.015625
1 0.568359 0.541992 0.007812 0.009766
0 0.184570 0.542969 0.005859 0.019531
0 0.072266 0.533203 0.015625 0.023438
1 0.435547 0.523438 0.007812 0.007812
1 0.312500 0.521484 0.007812 0.007812
1 0.594727 0.512695 0.001953 0.001953
0 0.174805 0.508789 0.001953 0.001953
0 0.164062 0.503906 0.003906 0.003906
0 0.158203 0.514648 0.027344 0.029297
0 0.067383 0.505859 0.009766 0.023438
1 0.062500 0.498047 0.007812 0.007812
1 0.066406 0.490234 0.003906 0.003906
1 0.517578 0.484375 0.003906 0.003906
0 0.301758 0.483398 0.001953 0.001953
0 0.387695 0.485352 0.005859 0.009766
0 0.258789 0.485352 0.013672 0.009766
0 0.288086 0.473633 0.001953 0.001953
0 0.277344 0.480469 0.027344 0.015625
1 0.024414 0.477539 0.005859 0.009766
0 0.288086 0.469727 0.001953 0.001953
1 0.566406 0.468750 0.003906 0.003906
1 0.134766 0.474609 0.007812 0.015625
1 0.627930 0.465820 0.005859 0.005859
0 0.250977 0.466797 0.009766 0.011719
1 0.102539 0.461914 0.001953 0.001953
0 0.269531 0.465820 0.011719 0.013672
1 0.416992 0.462891 0.021484 0.011719
1 0.100586 0.458008 0.001953 0.001953
1 0.470703 0.457031 0.019531 0.015625
1 0.183594 0.457031 0.023438 0.019531
1 0.038086 0.451172 0.009766 0.007812
0 0.285156 0.453125 0.019531 0.015625
0 0.093750 0.437500 0.003906 0.003906
0 0.100586 0.443359 0.009766 0.023438
0 0.095703 0.430664 0.003906 0.005859
1 0.790039 0.426758 0.005859 0.005859
0 0.372070 0.425781 0.001953 0.003906
0 0.103516 0.419922 0.003906 0.003906
1 0.617188 0.418945 0.019531 0.013672
1 0.528320 0.403320 0.005859 0.005859
0 0.441406 0.406250 0.011719 0.011719
0 0.366211 0.409180 0.001953 0.017578
0 0.391602 0.399414 0.001953 0.001953
1 0.712891 0.409180 0.007812 0.029297
1 0.508789 0.397461 0.009766 0.005859
0 0.430664 0.393555 0.001953 0.001953
0 0.100586 0.393555 0.001953 0.001953
1 0.153320 0.398438 0.013672 0.015625
1 0.502930 0.389648 0.001953 0.001953
1 0.752930 0.429688 0.013672 0.085938
1 0.789062 0.385742 0.003906 0.001953
0 0.019531 0.385742 0.003906 0.001953
0 0.102539 0.385742 0.005859 0.005859
1 0.331055 0.382812 0.001953 0.003906
1 0.155273 0.380859 0.005859 0.003906
0 0.100586 0.375000 0.001953 0.003906
0 0.068359 0.385742 0.015625 0.025391
1 0.326172 0.385742 0.015625 0.037109
0 0.244141 0.411133 0.066406 0.095703
1 0.737305 0.374023 0.009766 0.025391
1 0.712891 0.366211 0.011719 0.033203
1 0.803711 0.355469 0.013672 0.015625
1 0.631836 0.346680 0.001953 0.001953
1 0.176758 0.346680 0.001953 0.001953
0 0.382812 0.349609 0.015625 0.011719
1 0.191406 0.352539 0.027344 0.017578
0 0.039062 0.340820 0.007812 0.005859
1 0.248047 0.328125 0.007812 0.003906
0 0.374023 0.372070 0.033203 0.095703
0 0.474609 0.328125 0.031250 0.015625
1 0.227539 0.319336 0.013672 0.009766
1 0.579102 0.342773 0.052734 0.060547
1 0.281250 0.317383 0.003906 0.009766
1 0.719727 0.323242 0.009766 0.033203
1 0.151367 0.316406 0.017578 0.023438
1 0.001953 0.304688 0.003906 0.003906
0 0.333984 0.318359 0.039062 0.035156
1 0.165039 0.301758 0.001953 0.001953
0 0.555664 0.297852 0.001953 0.001953
1 0.713867 0.297852 0.009766 0.005859
0 0.555664 0.293945 0.001953 0.001953
1 0.055664 0.296875 0.005859 0.011719
0 0.547852 0.291992 0.005859 0.005859
0 0.470703 0.290039 0.003906 0.005859
0 0.209961 0.288086 0.001953 0.001953
0 0.477539 0.285156 0.001953 0.003906
0 0.266602 0.286133 0.013672 0.021484
0 0.454102 0.284180 0.013672 0.021484
1 0.747070 0.274414 0.005859 0.005859
0 0.262695 0.272461 0.001953 0.001953
1 0.104492 0.268555 0.001953 0.001953
1 0.014648 0.273438 0.009766 0.011719
0 0.313477 0.266602 0.001953 0.001953
1 0.018555 0.266602 0.001953 0.001953
1 0.936523 0.268555 0.013672 0.013672
0 0.212891 0.272461 0.015625 0.025391
0 0.485352 0.255859 0.005859 0.003906
0 0.418945 0.258789 0.013672 0.009766
0 0.430664 0.254883 0.005859 0.005859
0 0.205078 0.253906 0.003906 0.003906
0 0.482422 0.250000 0.003906 0.003906
1 0.946289 0.249023 0.005859 0.005859
0 0.465820 0.243164 0.001953 0.001953
0 0.448242 0.246094 0.005859 0.007812
0 0.255859 0.249023 0.007812 0.013672
1 0.950195 0.241211 0.001953 0.001953
0 0.530273 0.244141 0.005859 0.007812
0 0.311523 0.231445 0.001953 0.001953
0 0.518555 0.232422 0.005859 0.011719
0 0.377930 0.227539 0.001953 0.001953
1 0.568359 0.220703 0.003906 0.003906
0 0.208008 0.219727 0.001953 0.001953
0 0.306641 0.240234 0.035156 0.046875
0 0.211914 0.217773 0.001953 0.001953
0 0.217773 0.214844 0.005859 0.003906
0 0.199219 0.218750 0.007812 0.011719
1 0.583984 0.213867 0.003906 0.005859
1 0.565430 0.211914 0.001953 0.001953
1 0.575195 0.208008 0.001953 0.001953
0 0.204102 0.208984 0.005859 0.007812
1 0.059570 0.204102 0.001953 0.001953
1 0.575195 0.200195 0.017578 0.013672
1 0.590820 0.189453 0.001953 0.003906
0 0.196289 0.188477 0.001953 0.001953
1 0.271484 0.185547 0.003906 0.003906
1 0.054688 0.187500 0.015625 0.011719
1 0.998047 0.186523 0.003906 0.017578
1 0.262695 0.179688 0.001953 0.003906
0 0.351562 0.205078 0.058594 0.058594
1 0.624023 0.176758 0.009766 0.005859
0 0.210938 0.190430 0.031250 0.037109
1 0.676758 0.170898 0.001953 0.001953
0 0.431641 0.200195 0.070312 0.072266
0 0.506836 0.153320 0.001953 0.001953
0 0.512695 0.151367 0.005859 0.005859
1 0.446289 0.149414 0.001953 0.001953
1 0.018555 0.149414 0.001953 0.001953
1 0.381836 0.154297 0.013672 0.015625
1 0.456055 0.145508 0.001953 0.001953
0 0.520508 0.143555 0.001953 0.001953
1 0.437500 0.148438 0.027344 0.019531
1 0.336914 0.140625 0.009766 0.007812
0 0.522461 0.133789 0.001953 0.001953
1 0.275391 0.135742 0.003906 0.005859
1 0.407227 0.129883 0.001953 0.001953
1 0.247070 0.123047 0.017578 0.007812
1 0.250977 0.116211 0.001953 0.001953
1 0.148438 0.124023 0.015625 0.021484
0 0.450195 0.108398 0.005859 0.005859
1 0.417969 0.099609 0.003906 0.003906
0 0.469727 0.095703 0.001953 0.003906
1 0.428711 0.094727 0.001953 0.001953
1 0.423828 0.094727 0.003906 0.001953
1 0.438477 0.085938 0.013672 0.007812
1 0.690430 0.081055 0.001953 0.001953
0 0.463867 0.082031 0.001953 0.003906
1 0.690430 0.075195 0.001953 0.001953
1 0.201172 0.075195 0.003906 0.001953
1 0.685547 0.079102 0.003906 0.013672
1 0.608398 0.108398 0.072266 0.076172
0 0.385742 0.087891 0.025391 0.035156
1 0.202148 0.071289 0.001953 0.001953
1 0.525391 0.074219 0.007812 0.011719
1 0.010742 0.074219 0.021484 0.011719
0 0.307617 0.063477 0.001953 0.001953
1 0.774414 0.064453 0.009766 0.007812
1 0.979492 0.068359 0.013672 0.019531
1 0.221680 0.068359 0.013672 0.019531
0 0.416992 0.059570 0.001953 0.005859
0 0.961914 0.055664 0.001953 0.001953
0 0.395508 0.056641 0.001953 0.003906
0 0.320312 0.082031 0.066406 0.054688
1 0.215820 0.055664 0.001953 0.001953
1 0.201172 0.059570 0.007812 0.009766
1 0.696289 0.055664 0.001953 0.005859
0 0.534180 0.056641 0.009766 0.007812
1 0.090820 0.068359 0.025391 0.035156
0 0.985352 0.047852 0.001953 0.001953
1 0.581055 0.048828 0.001953 0.003906
1 0.783203 0.046875 0.007812 0.007812
1 0.214844 0.041016 0.007812 0.007812
0 0.969727 0.041992 0.025391 0.013672
0 0.994141 0.040039 0.011719 0.013672
1 0.614258 0.033203 0.005859 0.007812
1 0.604492 0.031250 0.005859 0.007812
1 0.603516 0.022461 0.003906 0.001953
0 0.455078 0.021484 0.003906 0.003906
0 0.408203 0.036133 0.035156 0.033203
1 0.605469 0.016602 0.003906 0.005859
0 0.541992 0.022461 0.033203 0.037109
0 0.518555 0.004883 0.001953 0.001953
0 0.979492 0.015625 0.013672 0.031250
0 0.526367 0.000977 0.001953 0.001953
0 0.520508 0.000977 0.001953 0.001953
1 0.355469 0.002930 0.007812 0.005859
1 0.268555 0.033203 0.076172 0.066406
1 0.205078 0.017578 0.039062 0.035156
1 0.161133 0.010742 0.025391 0.021484
0 0.069336 0.000977 0.001953 0.001953
0 0.065430 0.000977 0.001953 0.001953
3 0.394531 0.999023 0.003906 0.001953
2 0.979492 0.022461 0.001953 0.001953
3 0.500000 0.500000 1.000000 1.000000