0 0.679688 0.989258 0.003906 0.001953
0 0.661133 0.994141 0.029297 0.011719
1 0.986328 0.986328 0.003906 0.003906
1 0.997070 0.985352 0.005859 0.005859
1 0.027344 0.975586 0.003906 0.005859
0 0.882812 0.977539 0.011719 0.013672
0 0.700195 0.983398 0.037109 0.033203
0 0.564453 0.978516 0.023438 0.023438
1 0.029297 0.965820 0.011719 0.009766
0 0.698242 0.964844 0.048828 0.046875
0 0.630859 0.963867 0.027344 0.048828
0 0.797852 0.946289 0.033203 0.017578
0 0.600586 0.938477 0.001953 0.001953
0 0.680664 0.922852 0.001953 0.005859
0 0.668945 0.920898 0.009766 0.013672
1 0.810547 0.906250 0.003906 0.003906
0 0.554688 0.912109 0.023438 0.019531
0 0.996094 0.903320 0.007812 0.009766
0 0.710938 0.924805 0.050781 0.052734
0 0.186523 0.899414 0.001953 0.001953
0 0.704102 0.891602 0.001953 0.001953
0 0.424805 0.890625 0.001953 0.003906
0 0.765625 0.888672 0.003906 0.003906
0 0.758789 0.891602 0.009766 0.017578
0 0.178711 0.890625 0.017578 0.015625
0 0.581055 0.881836 0.001953 0.001953
0 0.196289 0.885742 0.013672 0.009766
0 0.174805 0.881836 0.001953 0.001953
0 0.564453 0.887695 0.011719 0.017578
0 0.168945 0.879883 0.001953 0.001953
0 0.594727 0.875977 0.001953 0.001953
0 0.743164 0.875000 0.001953 0.003906
0 0.727539 0.901367 0.041016 0.056641
0 0.647461 0.925781 0.056641 0.105469
0 0.758789 0.872070 0.001953 0.001953
0 0.750977 0.868164 0.001953 0.001953
0 0.182617 0.872070 0.025391 0.017578
0 0.749023 0.862305 0.001953 0.001953
1 0.371094 0.871094 0.019531 0.019531
0 0.737305 0.863281 0.013672 0.007812
0 0.573242 0.854492 0.001953 0.001953
0 0.427734 0.868164 0.031250 0.033203
0 0.155273 0.852539 0.013672 0.009766
0 0.640625 0.857422 0.027344 0.023438
0 0.157227 0.846680 0.001953 0.001953
1 0.884766 0.846680 0.007812 0.005859
0 0.378906 0.849609 0.007812 0.011719
1 0.365234 0.845703 0.003906 0.003906
1 0.883789 0.840820 0.001953 0.001953
1 0.889648 0.838867 0.001953 0.001953
1 0.715820 0.838867 0.001953 0.001953
0 0.660156 0.840820 0.003906 0.005859
0 0.399414 0.836914 0.001953 0.001953
0 0.392578 0.834961 0.007812 0.005859
0 0.589844 0.826172 0.003906 0.003906
0 0.006836 0.827148 0.005859 0.005859
0 0.598633 0.815430 0.001953 0.001953
1 0.900391 0.806641 0.019531 0.011719
0 0.646484 0.805664 0.011719 0.013672
0 0.986328 0.797852 0.007812 0.009766
0 0.616211 0.830078 0.072266 0.085938
0 0.143555 0.796875 0.029297 0.023438
0 0.782227 0.784180 0.001953 0.001953
1 0.973633 0.785156 0.013672 0.011719
0 0.776367 0.782227 0.005859 0.005859
0 0.644531 0.782227 0.019531 0.013672
1 0.375977 0.774414 0.001953 0.001953
1 0.899414 0.764648 0.005859 0.001953
1 0.387695 0.764648 0.001953 0.001953
1 0.380859 0.765625 0.003906 0.003906
0 0.307617 0.774414 0.009766 0.021484
1 0.894531 0.780273 0.035156 0.037109
0 0.561523 0.775391 0.037109 0.027344
1 0.899414 0.760742 0.001953 0.001953
0 0.694336 0.772461 0.029297 0.033203
1 0.826172 0.745117 0.003906 0.001953
0 0.164062 0.744141 0.003906 0.007812
0 0.706055 0.743164 0.005859 0.009766
1 0.413086 0.737305 0.001953 0.001953
1 0.854492 0.735352 0.001953 0.001953
0 0.718750 0.734375 0.007812 0.015625
1 0.335938 0.722656 0.003906 0.003906
1 0.477539 0.719727 0.001953 0.001953
0 0.218750 0.724609 0.015625 0.011719
0 0.729492 0.720703 0.013672 0.007812
0 0.166016 0.718750 0.003906 0.003906
1 0.838867 0.715820 0.001953 0.001953
0 0.727539 0.713867 0.001953 0.001953
1 0.329102 0.713867 0.001953 0.001953
1 0.868164 0.733398 0.048828 0.044922
0 0.287109 0.731445 0.042969 0.041016
0 0.052734 0.723633 0.019531 0.029297
0 0.747070 0.710938 0.005859 0.007812
1 0.332031 0.708984 0.003906 0.003906
1 0.319336 0.708008 0.001953 0.001953
0 0.822266 0.708984 0.003906 0.007812
1 0.394531 0.717773 0.023438 0.025391
1 0.389648 0.704102 0.001953 0.001953
1 0.383789 0.705078 0.001953 0.003906
1 0.330078 0.704102 0.007812 0.001953
1 0.320312 0.704102 0.003906 0.001953
0 0.818359 0.702148 0.003906 0.001953
0 0.731445 0.708008 0.013672 0.013672
0 0.551758 0.700195 0.001953 0.001953
1 0.321289 0.700195 0.001953 0.001953
1 0.293945 0.703125 0.013672 0.011719
1 0.183594 0.700195 0.007812 0.005859
1 0.854492 0.694336 0.001953 0.001953
0 0.541992 0.692383 0.001953 0.001953
0 0.048828 0.696289 0.007812 0.009766
1 0.030273 0.699219 0.025391 0.019531
0 0.792969 0.695312 0.019531 0.015625
0 0.557617 0.691406 0.005859 0.007812
0 0.641602 0.679688 0.029297 0.015625
0 0.548828 0.673828 0.007812 0.007812
1 0.421875 0.668945 0.003906 0.001953
0 0.262695 0.686523 0.041016 0.037109
0 0.644531 0.663086 0.015625 0.009766
0 0.563477 0.666992 0.013672 0.021484
0 0.833008 0.654297 0.009766 0.007812
1 0.932617 0.647461 0.001953 0.001953
0 0.784180 0.663086 0.025391 0.037109
0 0.227539 0.645508 0.001953 0.001953
0 0.232422 0.646484 0.007812 0.007812
1 0.877930 0.635742 0.001953 0.001953
0 0.850586 0.637695 0.001953 0.005859
1 0.495117 0.627930 0.001953 0.001953
0 0.810547 0.645508 0.023438 0.048828
0 0.805664 0.620117 0.001953 0.001953
0 0.211914 0.628906 0.009766 0.023438
0 0.812500 0.614258 0.007812 0.009766
1 0.996094 0.610352 0.007812 0.005859
1 0.399414 0.617188 0.025391 0.019531
1 0.997070 0.604492 0.001953 0.001953
0 0.829102 0.605469 0.001953 0.003906
0 0.772461 0.602539 0.001953 0.001953
1 0.093750 0.606445 0.007812 0.009766
0 0.837891 0.620117 0.015625 0.044922
0 0.801758 0.598633 0.001953 0.001953
0 0.493164 0.601562 0.013672 0.011719
0 0.801758 0.594727 0.001953 0.001953
0 0.541992 0.592773 0.001953 0.001953
0 0.536133 0.593750 0.005859 0.007812
0 0.829102 0.587891 0.001953 0.003906
0 0.495117 0.590820 0.009766 0.009766
0 0.484375 0.583008 0.011719 0.009766
1 0.956055 0.577148 0.001953 0.001953
0 0.846680 0.577148 0.001953 0.001953
1 0.563477 0.575195 0.001953 0.001953
1 0.965820 0.591797 0.044922 0.039062
0 0.855469 0.575195 0.003906 0.005859
0 0.850586 0.574219 0.001953 0.003906
0 0.656250 0.573242 0.003906 0.001953
0 0.830078 0.575195 0.007812 0.013672
0 0.847656 0.567383 0.003906 0.005859
0 0.836914 0.565430 0.001953 0.001953
0 0.794922 0.586914 0.027344 0.048828
0 0.260742 0.565430 0.005859 0.005859
1 0.207031 0.581055 0.035156 0.037109
0 0.848633 0.561523 0.001953 0.001953
1 0.928711 0.559570 0.001953 0.001953
0 0.703125 0.561523 0.003906 0.005859
0 0.637695 0.559570 0.001953 0.001953
0 0.646484 0.559570 0.011719 0.009766
0 0.410156 0.554688 0.003906 0.003906
1 0.918945 0.552734 0.013672 0.007812
0 0.645508 0.548828 0.005859 0.003906
0 0.400391 0.558594 0.015625 0.023438
0 0.819336 0.560547 0.017578 0.031250
1 0.026367 0.545898 0.001953 0.001953
0 0.837891 0.541992 0.003906 0.005859
0 0.493164 0.540039 0.001953 0.001953
0 0.495117 0.536133 0.001953 0.001953
0 0.491211 0.536133 0.001953 0.001953
1 0.899414 0.534180 0.001953 0.001953
0 0.505859 0.534180 0.011719 0.017578
1 0.482422 0.528320 0.011719 0.013672
0 0.758789 0.520508 0.009766 0.013672
0 0.741211 0.516602 0.001953 0.005859
0 0.511719 0.516602 0.003906 0.005859
1 0.880859 0.519531 0.015625 0.019531
0 0.500000 0.503906 0.003906 0.003906
0 0.492188 0.507812 0.023438 0.023438
1 0.011719 0.498047 0.003906 0.003906
1 0.839844 0.497070 0.027344 0.009766
0 0.575195 0.587891 0.142578 0.191406
1 0.871094 0.493164 0.003906 0.005859
0 0.500977 0.489258 0.001953 0.001953
0 0.328125 0.486328 0.015625 0.007812
0 0.601562 0.475586 0.011719 0.009766
0 0.480469 0.468750 0.003906 0.007812
1 0.797852 0.461914 0.001953 0.001953
1 0.982422 0.459961 0.003906 0.001953
0 0.489258 0.477539 0.017578 0.037109
1 0.989258 0.470703 0.021484 0.031250
0 0.487305 0.456055 0.001953 0.001953
1 0.341797 0.467773 0.015625 0.025391
1 0.866211 0.479492 0.060547 0.052734
0 0.517578 0.457031 0.011719 0.007812
1 0.801758 0.445312 0.005859 0.011719
1 0.808594 0.439453 0.003906 0.003906
1 0.830078 0.439453 0.003906 0.007812
1 0.821289 0.441406 0.009766 0.011719
1 0.814453 0.438477 0.003906 0.005859
0 0.715820 0.434570 0.001953 0.001953
0 0.708984 0.430664 0.003906 0.005859
1 0.794922 0.431641 0.007812 0.011719
0 0.723633 0.428711 0.005859 0.005859
1 0.766602 0.414062 0.013672 0.011719
1 0.777344 0.410156 0.003906 0.007812
0 0.700195 0.400391 0.009766 0.007812
1 0.704102 0.385742 0.001953 0.001953
0 0.378906 0.387695 0.007812 0.005859
1 0.930664 0.383789 0.001953 0.001953
1 0.926758 0.383789 0.001953 0.001953
1 0.706055 0.381836 0.001953 0.001953
1 0.933594 0.379883 0.003906 0.001953
1 0.905273 0.393555 0.033203 0.041016
1 0.696289 0.378906 0.009766 0.011719
1 0.945312 0.376953 0.007812 0.011719
1 0.439453 0.373047 0.003906 0.007812
1 0.952148 0.368164 0.001953 0.001953
1 0.878906 0.362305 0.003906 0.005859
1 0.920898 0.358398 0.001953 0.001953
0 0.375977 0.371094 0.017578 0.027344
1 0.893555 0.354492 0.001953 0.001953
1 0.987305 0.352539 0.001953 0.001953
1 0.877930 0.354492 0.005859 0.005859
1 0.070312 0.353516 0.003906 0.003906
1 0.890625 0.348633 0.003906 0.001953
1 0.604492 0.346680 0.001953 0.001953
1 0.993164 0.344727 0.001953 0.001953
1 0.889648 0.344727 0.001953 0.001953
1 0.529297 0.343750 0.003906 0.003906
1 0.524414 0.343750 0.001953 0.003906
1 0.608398 0.341797 0.009766 0.011719
1 0.081055 0.333008 0.005859 0.005859
1 0.860352 0.321289 0.001953 0.001953
0 0.316406 0.316406 0.007812 0.007812
0 0.329102 0.310547 0.001953 0.003906
0 0.306641 0.296875 0.031250 0.019531
0 0.769531 0.280273 0.019531 0.021484
1 0.644531 0.270508 0.003906 0.001953
1 0.666016 0.279297 0.042969 0.023438
0 0.364258 0.264648 0.009766 0.013672
1 0.627930 0.243164 0.001953 0.001953
1 0.624023 0.243164 0.001953 0.001953
1 0.223633 0.240234 0.013672 0.011719
1 0.525391 0.208008 0.003906 0.001953
1 0.636719 0.209961 0.007812 0.013672
1 0.655273 0.188477 0.001953 0.001953
1 0.655273 0.184570 0.001953 0.001953
0 0.318359 0.195312 0.046875 0.089844
0 0.324219 0.155273 0.015625 0.017578
0 0.274414 0.171875 0.052734 0.082031
0 0.582031 0.137695 0.015625 0.021484
0 0.550781 0.119141 0.007812 0.011719
0 0.628906 0.117188 0.011719 0.015625
0 0.241211 0.114258 0.009766 0.009766
1 0.635742 0.108398 0.017578 0.013672
0 0.570312 0.110352 0.031250 0.044922
1 0.821289 0.081055 0.001953 0.001953
0 0.232422 0.087891 0.011719 0.027344
0 0.475586 0.073242 0.001953 0.001953
1 0.383789 0.070312 0.001953 0.003906
1 0.735352 0.070312 0.005859 0.007812
1 0.702148 0.069336 0.005859 0.005859
0 0.501953 0.081055 0.035156 0.033203
1 0.468750 0.068359 0.015625 0.007812
0 0.221680 0.056641 0.005859 0.003906
0 0.222656 0.051758 0.003906 0.001953
1 0.508789 0.049805 0.001953 0.001953
0 0.240234 0.060547 0.011719 0.031250
1 0.714844 0.044922 0.003906 0.003906
1 0.432617 0.045898 0.005859 0.005859
1 0.710938 0.041016 0.007812 0.007812
0 0.183594 0.043945 0.019531 0.017578
1 0.745117 0.035156 0.009766 0.007812
1 0.754883 0.028320 0.001953 0.001953
1 0.748047 0.026367 0.007812 0.005859
0 0.623047 0.020508 0.007812 0.005859
1 0.776367 0.016602 0.001953 0.001953
1 0.285156 0.012695 0.003906 0.001953
0 0.597656 0.013672 0.011719 0.007812
0 0.569336 0.004883 0.001953 0.001953
0 0.179688 0.008789 0.015625 0.009766
0 0.565430 0.000977 0.001953 0.001953
0 0.492188 0.000977 0.003906 0.001953
2 0.709961 0.999023 0.005859 0.001953
3 0.999023 0.985352 0.001953 0.001953
3 0.993164 0.461914 0.001953 0.001953
3 0.999023 0.459961 0.001953 0.001953
3 0.500000 0.500000 1.000000 1.000000