1 0.422852 0.998047 0.005859 0.003906
1 0.713867 0.993164 0.001953 0.001953
1 0.706055 0.995117 0.009766 0.009766
1 0.609375 0.993164 0.007812 0.005859
1 0.713867 0.989258 0.001953 0.001953
1 0.661133 0.985352 0.001953 0.001953
1 0.483398 0.985352 0.005859 0.001953
1 0.476562 0.985352 0.003906 0.001953
1 0.705078 0.983398 0.007812 0.005859
1 0.694336 0.981445 0.001953 0.001953
1 0.678711 0.987305 0.005859 0.013672
1 0.659180 0.990234 0.013672 0.019531
1 0.063477 0.981445 0.001953 0.001953
1 0.032227 0.979492 0.001953 0.001953
1 0.938477 0.979492 0.005859 0.005859
1 0.649414 0.977539 0.001953 0.001953
1 0.647461 0.981445 0.005859 0.009766
1 0.041992 0.988281 0.037109 0.023438
1 0.039062 0.973633 0.003906 0.001953
1 0.212891 0.972656 0.003906 0.003906
1 0.042969 0.976562 0.003906 0.011719
1 0.668945 0.978516 0.013672 0.019531
0 0.151367 0.969727 0.001953 0.001953
1 0.047852 0.969727 0.001953 0.001953
0 0.033203 0.967773 0.003906 0.001953
1 0.219727 0.959961 0.001953 0.001953
0 0.022461 0.959961 0.001953 0.001953
1 0.208984 0.958984 0.007812 0.007812
0 0.024414 0.956055 0.001953 0.001953
1 0.973633 0.954102 0.001953 0.001953
1 0.199219 0.955078 0.003906 0.003906
1 0.959961 0.972656 0.041016 0.054688
1 0.895508 0.946289 0.001953 0.001953
1 0.198242 0.946289 0.001953 0.001953
0 0.041016 0.958008 0.023438 0.025391
1 0.747070 0.942383 0.001953 0.001953
1 0.231445 0.940430 0.005859 0.001953
1 0.221680 0.941406 0.001953 0.003906
0 0.024414 0.938477 0.001953 0.001953
1 0.749023 0.937500 0.001953 0.003906
1 0.817383 0.934570 0.001953 0.001953
0 0.038086 0.933594 0.009766 0.003906
0 0.025391 0.932617 0.003906 0.001953
1 0.594727 0.930664 0.001953 0.001953
0 0.009766 0.948242 0.015625 0.037109
1 0.818359 0.929688 0.003906 0.003906
1 0.617188 0.938477 0.035156 0.021484
1 0.857422 0.929688 0.007812 0.007812
0 0.149414 0.926758 0.001953 0.001953
1 0.757812 0.926758 0.003906 0.005859
1 0.573242 0.924805 0.001953 0.001953
1 0.713867 0.924805 0.005859 0.005859
0 0.170898 0.922852 0.001953 0.001953
0 0.166992 0.922852 0.001953 0.001953
0 0.020508 0.923828 0.001953 0.003906
1 0.762695 0.920898 0.001953 0.001953
1 0.571289 0.920898 0.001953 0.001953
1 0.194336 0.918945 0.001953 0.001953
0 0.163086 0.918945 0.001953 0.001953
1 0.563477 0.916992 0.001953 0.001953
0 0.021484 0.915039 0.003906 0.005859
1 0.809570 0.907227 0.001953 0.001953
1 0.791992 0.907227 0.001953 0.001953
1 0.153320 0.907227 0.001953 0.001953
1 0.147461 0.907227 0.001953 0.001953
1 0.540039 0.915039 0.041016 0.021484
1 0.200195 0.905273 0.001953 0.001953
0 0.018555 0.903320 0.001953 0.001953
1 0.774414 0.897461 0.001953 0.001953
1 0.899414 0.897461 0.005859 0.005859
1 0.809570 0.896484 0.001953 0.003906
1 0.759766 0.943359 0.085938 0.097656
1 0.926758 0.893555 0.001953 0.001953
1 0.121094 0.883789 0.003906 0.001953
1 0.099609 0.898438 0.066406 0.031250
1 0.915039 0.888672 0.025391 0.015625
1 0.876953 0.881836 0.003906 0.001953
1 0.698242 0.882812 0.001953 0.003906
1 0.891602 0.877930 0.001953 0.001953
1 0.157227 0.877930 0.001953 0.001953
1 0.810547 0.877930 0.011719 0.009766
1 0.154297 0.872070 0.003906 0.001953
1 0.145508 0.877930 0.017578 0.017578
1 0.870117 0.868164 0.001953 0.001953
1 0.887695 0.866211 0.001953 0.001953
1 0.880859 0.872070 0.011719 0.013672
1 0.811523 0.868164 0.009766 0.005859
1 0.881836 0.862305 0.001953 0.001953
1 0.907227 0.860352 0.001953 0.001953
1 0.800781 0.860352 0.015625 0.009766
1 0.297852 0.848633 0.001953 0.001953
1 0.165039 0.856445 0.025391 0.017578
1 0.842773 0.846680 0.001953 0.001953
1 0.028320 0.847656 0.001953 0.003906
1 0.022461 0.848633 0.005859 0.005859
1 0.881836 0.842773 0.001953 0.001953
1 0.877930 0.842773 0.001953 0.001953
1 0.858398 0.842773 0.001953 0.001953
1 0.279297 0.844727 0.007812 0.005859
1 0.506836 0.840820 0.001953 0.001953
1 0.877930 0.838867 0.001953 0.001953
1 0.309570 0.849609 0.025391 0.023438
1 0.269531 0.837891 0.007812 0.007812
1 0.849609 0.837891 0.019531 0.011719
1 0.256836 0.834961 0.001953 0.005859
1 0.183594 0.839844 0.007812 0.015625
1 0.039062 0.830078 0.007812 0.003906
1 0.013672 0.829102 0.003906 0.001953
1 0.689453 0.831055 0.023438 0.013672
1 0.265625 0.826172 0.011719 0.007812
1 0.915039 0.822266 0.001953 0.003906
1 0.797852 0.823242 0.005859 0.005859
1 0.959961 0.820312 0.001953 0.003906
1 0.897461 0.822266 0.005859 0.007812
1 0.688477 0.818359 0.001953 0.003906
1 0.520508 0.817383 0.001953 0.001953
1 0.682617 0.815430 0.001953 0.001953
1 0.895508 0.814453 0.001953 0.003906
1 0.553711 0.811523 0.001953 0.001953
1 0.137695 0.813477 0.005859 0.005859
1 0.885742 0.805664 0.001953 0.001953
1 0.512695 0.801758 0.001953 0.001953
1 0.039062 0.801758 0.015625 0.005859
1 0.541992 0.817383 0.048828 0.041016
1 0.024414 0.812500 0.025391 0.031250
1 0.511719 0.796875 0.003906 0.003906
1 0.906250 0.802734 0.027344 0.027344
1 0.290039 0.786133 0.001953 0.001953
1 0.147461 0.787109 0.001953 0.003906
1 0.180664 0.780273 0.001953 0.001953
1 0.165039 0.778320 0.001953 0.001953
1 0.160156 0.784180 0.019531 0.013672
1 0.088867 0.778320 0.001953 0.001953
1 0.165039 0.774414 0.001953 0.001953
1 0.116211 0.779297 0.013672 0.019531
1 0.805664 0.771484 0.005859 0.007812
1 0.284180 0.764648 0.001953 0.001953
1 0.299805 0.762695 0.001953 0.001953
1 0.227539 0.760742 0.001953 0.001953
1 0.223633 0.764648 0.009766 0.013672
1 0.090820 0.759766 0.001953 0.003906
1 0.286133 0.752930 0.001953 0.001953
1 0.291992 0.750977 0.001953 0.001953
1 0.536133 0.747070 0.001953 0.001953
1 0.485352 0.747070 0.001953 0.001953
1 0.434570 0.747070 0.001953 0.001953
1 0.291992 0.747070 0.001953 0.001953
1 0.085938 0.751953 0.015625 0.015625
1 0.291992 0.743164 0.001953 0.001953
1 0.532227 0.744141 0.009766 0.007812
1 0.458008 0.742188 0.001953 0.003906
1 0.757812 0.743164 0.011719 0.009766
1 0.116211 0.743164 0.009766 0.009766
1 0.067383 0.743164 0.017578 0.021484
1 0.672852 0.729492 0.001953 0.001953
1 0.008789 0.737305 0.017578 0.017578
1 0.472656 0.738281 0.027344 0.023438
1 0.203125 0.725586 0.003906 0.001953
1 0.546875 0.722656 0.003906 0.003906
1 0.018555 0.724609 0.005859 0.007812
1 0.159180 0.731445 0.029297 0.025391
1 0.702148 0.715820 0.001953 0.001953
1 0.671875 0.720703 0.007812 0.011719
1 0.273438 0.712891 0.003906 0.003906
1 0.500000 0.706055 0.003906 0.001953
1 0.304688 0.706055 0.003906 0.001953
1 0.223633 0.849609 0.162109 0.300781
1 0.518555 0.696289 0.005859 0.005859
1 0.697266 0.699219 0.023438 0.027344
1 0.491211 0.686523 0.001953 0.001953
1 0.351562 0.685547 0.003906 0.003906
1 0.053711 0.682617 0.001953 0.001953
1 0.440430 0.680664 0.001953 0.001953
1 0.431641 0.678711 0.003906 0.001953
1 0.031250 0.679688 0.003906 0.003906
1 0.634766 0.675781 0.003906 0.003906
1 0.223633 0.674805 0.001953 0.001953
1 0.026367 0.673828 0.001953 0.003906
1 0.088867 0.670898 0.005859 0.001953
1 0.098633 0.664062 0.001953 0.003906
1 0.091797 0.665039 0.007812 0.005859
1 0.927734 0.657227 0.003906 0.001953
1 0.582031 0.666992 0.023438 0.021484
1 0.366211 0.667969 0.033203 0.023438
1 0.350586 0.655273 0.001953 0.001953
1 0.346680 0.655273 0.001953 0.001953
1 0.207031 0.669922 0.027344 0.031250
1 0.021484 0.657227 0.011719 0.009766
1 0.200195 0.651367 0.001953 0.001953
1 0.357422 0.651367 0.011719 0.005859
1 0.017578 0.648438 0.003906 0.003906
1 0.018555 0.643555 0.001953 0.001953
1 0.303711 0.640625 0.005859 0.003906
1 0.883789 0.637695 0.001953 0.001953
1 0.538086 0.633789 0.001953 0.001953
1 0.349609 0.632812 0.003906 0.003906
1 0.744141 0.630859 0.003906 0.003906
1 0.511719 0.668945 0.152344 0.080078
1 0.153320 0.630859 0.009766 0.007812
1 0.209961 0.625977 0.001953 0.001953
0 0.645508 0.624023 0.001953 0.001953
1 0.348633 0.625000 0.001953 0.003906
1 0.095703 0.642578 0.023438 0.039062
1 0.880859 0.625977 0.007812 0.009766
1 0.872070 0.620117 0.001953 0.001953
1 0.239258 0.625000 0.013672 0.011719
1 0.874023 0.616211 0.001953 0.001953
1 0.548828 0.610352 0.011719 0.001953
1 0.213867 0.611328 0.005859 0.003906
1 0.917969 0.630859 0.023438 0.046875
1 0.170898 0.610352 0.025391 0.013672
1 0.869141 0.608398 0.007812 0.013672
1 0.209961 0.602539 0.001953 0.001953
1 0.185547 0.600586 0.003906 0.001953
1 0.165039 0.600586 0.001953 0.001953
0 0.487305 0.598633 0.001953 0.001953
1 0.184570 0.596680 0.001953 0.001953
1 0.763672 0.595703 0.003906 0.003906
1 0.728516 0.590820 0.007812 0.005859
1 0.212891 0.597656 0.019531 0.019531
1 0.176758 0.589844 0.001953 0.003906
1 0.170898 0.593750 0.013672 0.015625
1 0.768555 0.586914 0.009766 0.009766
1 0.762695 0.581055 0.001953 0.001953
0 0.612305 0.579102 0.001953 0.001953
1 0.779297 0.606445 0.082031 0.060547
0 0.634766 0.580078 0.011719 0.007812
0 0.446289 0.577148 0.001953 0.001953
1 0.905273 0.571289 0.001953 0.001953
1 0.764648 0.561523 0.001953 0.001953
0 0.652344 0.562500 0.003906 0.007812
1 0.883789 0.555664 0.001953 0.001953
0 0.456055 0.562500 0.013672 0.015625
1 0.152344 0.557617 0.003906 0.005859
1 0.145508 0.558594 0.005859 0.007812
1 0.162109 0.552734 0.003906 0.003906
1 0.163086 0.547852 0.001953 0.001953
1 0.159180 0.547852 0.001953 0.001953
1 0.115234 0.560547 0.042969 0.027344
1 0.145508 0.547852 0.005859 0.005859
1 0.036133 0.545898 0.001953 0.001953
1 0.104492 0.543945 0.001953 0.001953
1 0.904297 0.547852 0.011719 0.013672
1 0.881836 0.541016 0.013672 0.003906
1 0.110352 0.541992 0.013672 0.005859
1 0.149414 0.543945 0.013672 0.017578
1 0.027344 0.540039 0.015625 0.013672
1 0.889648 0.530273 0.025391 0.013672
1 0.713867 0.527344 0.005859 0.007812
0 0.457031 0.525391 0.003906 0.003906
0 0.418945 0.524414 0.001953 0.001953
1 0.874023 0.522461 0.001953 0.001953
1 0.871094 0.529297 0.007812 0.015625
0 0.454102 0.522461 0.001953 0.001953
0 0.437500 0.533203 0.031250 0.023438
1 0.418945 0.518555 0.001953 0.001953
0 0.411133 0.521484 0.009766 0.007812
0 0.059570 0.516602 0.001953 0.001953
0 0.339844 0.517578 0.015625 0.015625
1 0.102539 0.519531 0.013672 0.019531
1 0.098633 0.508789 0.001953 0.001953
1 0.412109 0.510742 0.003906 0.009766
1 0.019531 0.506836 0.003906 0.001953
1 0.487305 0.504883 0.001953 0.001953
1 0.101562 0.504883 0.003906 0.001953
1 0.694336 0.500977 0.001953 0.001953
1 0.432617 0.501953 0.009766 0.007812
1 0.018555 0.500977 0.009766 0.005859
1 0.850586 0.497070 0.001953 0.001953
1 0.846680 0.497070 0.001953 0.001953
0 0.059570 0.507812 0.060547 0.031250
1 0.945312 0.492188 0.003906 0.003906
1 0.030273 0.492188 0.009766 0.003906
1 0.846680 0.487305 0.001953 0.001953
1 0.405273 0.487305 0.001953 0.001953
0 0.059570 0.488281 0.001953 0.003906
1 0.422852 0.490234 0.009766 0.011719
1 0.151367 0.513672 0.068359 0.058594
0 0.071289 0.485352 0.001953 0.001953
0 0.049805 0.485352 0.001953 0.001953
0 0.032227 0.486328 0.001953 0.003906
1 0.024414 0.486328 0.009766 0.003906
1 0.549805 0.508789 0.068359 0.052734
1 0.352539 0.483398 0.001953 0.001953
0 0.055664 0.483398 0.001953 0.001953
1 0.407227 0.481445 0.001953 0.001953
1 0.344727 0.494141 0.017578 0.027344
0 0.291992 0.481445 0.001953 0.001953
0 0.288086 0.481445 0.001953 0.001953
0 0.263672 0.486328 0.007812 0.011719
1 0.842773 0.483398 0.013672 0.009766
1 0.397461 0.486328 0.013672 0.015625
1 0.295898 0.479492 0.001953 0.001953
0 0.290039 0.477539 0.001953 0.001953
1 0.700195 0.471680 0.001953 0.001953
1 0.490234 0.488281 0.042969 0.035156
1 0.409180 0.471680 0.001953 0.001953
0 0.281250 0.473633 0.003906 0.005859
1 0.363281 0.476562 0.019531 0.015625
1 0.354492 0.470703 0.005859 0.007812
1 0.412109 0.466797 0.007812 0.003906
0 0.269531 0.465820 0.003906 0.001953
1 0.459961 0.463867 0.001953 0.001953
1 0.401367 0.470703 0.009766 0.015625
1 0.239258 0.463867 0.001953 0.001953
1 0.942383 0.461914 0.001953 0.001953
1 0.917969 0.462891 0.003906 0.003906
1 0.905273 0.461914 0.001953 0.001953
1 0.707031 0.467773 0.007812 0.013672
1 0.225586 0.461914 0.001953 0.001953
1 0.479492 0.459961 0.001953 0.001953
1 0.399414 0.458008 0.001953 0.001953
1 0.366211 0.458008 0.001953 0.001953
1 0.362305 0.458008 0.001953 0.001953
1 0.340820 0.458008 0.001953 0.001953
1 0.287109 0.456055 0.003906 0.001953
1 0.232422 0.458984 0.011719 0.007812
1 0.920898 0.454102 0.001953 0.001953
1 0.903320 0.456055 0.013672 0.005859
1 0.357422 0.452148 0.003906 0.005859
1 0.344727 0.452148 0.009766 0.005859
1 0.909180 0.448242 0.001953 0.001953
1 0.468750 0.454102 0.015625 0.013672
1 0.458008 0.447266 0.001953 0.003906
1 0.446289 0.446289 0.001953 0.001953
1 0.434570 0.445312 0.005859 0.003906
1 0.446289 0.442383 0.001953 0.001953
0 0.241211 0.440430 0.001953 0.001953
0 0.237305 0.440430 0.001953 0.001953
1 0.441406 0.441406 0.003906 0.007812
1 0.279297 0.450195 0.035156 0.025391
0 0.251953 0.446289 0.011719 0.017578
1 0.065430 0.440430 0.005859 0.009766
1 0.797852 0.434570 0.001953 0.001953
1 0.895508 0.440430 0.021484 0.021484
0 0.098633 0.430664 0.001953 0.001953
0 0.102539 0.428711 0.001953 0.001953
1 0.440430 0.427734 0.013672 0.003906
1 0.809570 0.432617 0.021484 0.021484
1 0.372070 0.437500 0.033203 0.031250
0 0.083008 0.461914 0.048828 0.080078
1 0.222656 0.429688 0.011719 0.019531
1 0.215820 0.416992 0.001953 0.001953
0 0.115234 0.417969 0.007812 0.007812
1 0.916992 0.409180 0.001953 0.001953
1 0.918945 0.402344 0.001953 0.003906
1 0.216797 0.401367 0.003906 0.001953
1 0.719727 0.394531 0.001953 0.003906
1 0.194336 0.393555 0.001953 0.001953
1 0.194336 0.389648 0.001953 0.001953
1 0.196289 0.383789 0.001953 0.001953
1 0.203125 0.378906 0.003906 0.003906
1 0.892578 0.391602 0.042969 0.037109
1 0.729492 0.369141 0.001953 0.003906
1 0.379883 0.364258 0.001953 0.001953
1 0.685547 0.362305 0.003906 0.001953
1 0.043945 0.364258 0.017578 0.005859
1 0.032227 0.362305 0.001953 0.001953
1 0.027344 0.366211 0.011719 0.009766
1 0.027344 0.358398 0.003906 0.001953
1 0.795898 0.357422 0.001953 0.003906
1 0.700195 0.354492 0.001953 0.001953
1 0.692383 0.354492 0.001953 0.001953
1 0.047852 0.356445 0.005859 0.005859
1 0.024414 0.354492 0.001953 0.001953
1 0.993164 0.352539 0.001953 0.001953
1 0.416992 0.355469 0.009766 0.007812
1 0.416016 0.343750 0.003906 0.003906
1 0.706055 0.340820 0.001953 0.001953
1 0.384766 0.341797 0.003906 0.003906
1 0.719727 0.336914 0.001953 0.001953
1 0.724609 0.357422 0.070312 0.046875
1 0.262695 0.338867 0.017578 0.021484
1 0.241211 0.329102 0.001953 0.001953
1 0.083008 0.341797 0.029297 0.027344
1 0.262695 0.327148 0.001953 0.001953
1 0.838867 0.325195 0.001953 0.001953
1 0.542969 0.333984 0.039062 0.019531
1 0.779297 0.324219 0.003906 0.003906
1 0.596680 0.321289 0.001953 0.001953
1 0.840820 0.320312 0.005859 0.003906
1 0.159180 0.317383 0.001953 0.001953
1 0.821289 0.348633 0.029297 0.068359
1 0.164062 0.316406 0.003906 0.007812
1 0.261719 0.309570 0.003906 0.001953
1 0.185547 0.309570 0.003906 0.001953
1 0.176758 0.309570 0.001953 0.001953
1 0.163086 0.309570 0.001953 0.001953
1 0.750000 0.305664 0.003906 0.001953
1 0.429688 0.319336 0.031250 0.029297
1 0.164062 0.304688 0.003906 0.003906
1 0.124023 0.303711 0.001953 0.001953
1 0.120117 0.303711 0.001953 0.001953
1 0.198242 0.305664 0.017578 0.009766
1 0.519531 0.309570 0.019531 0.021484
1 0.520508 0.298828 0.001953 0.003906
1 0.901367 0.295898 0.001953 0.001953
1 0.535156 0.297852 0.003906 0.005859
1 0.247070 0.293945 0.001953 0.001953
1 0.192383 0.294922 0.005859 0.003906
1 0.032227 0.293945 0.001953 0.001953
1 0.144531 0.304688 0.027344 0.027344
1 0.901367 0.291016 0.001953 0.003906
1 0.894531 0.292969 0.007812 0.007812
0 0.331055 0.291992 0.005859 0.005859
1 0.265625 0.291992 0.003906 0.005859
1 0.743164 0.288086 0.001953 0.001953
1 0.626953 0.290039 0.007812 0.005859
1 0.620117 0.286133 0.001953 0.001953
0 0.329102 0.286133 0.001953 0.001953
1 0.401367 0.285156 0.005859 0.003906
1 0.395508 0.284180 0.001953 0.001953
1 0.250000 0.290039 0.019531 0.013672
1 0.375977 0.282227 0.001953 0.001953
0 0.891602 0.284180 0.005859 0.009766
0 0.754883 0.280273 0.001953 0.001953
1 0.023438 0.281250 0.003906 0.003906
1 0.375977 0.278320 0.001953 0.001953
1 0.372070 0.278320 0.001953 0.001953
1 0.240234 0.279297 0.003906 0.003906
1 0.197266 0.278320 0.003906 0.001953
1 0.395508 0.276367 0.001953 0.001953
1 0.051758 0.276367 0.001953 0.001953
1 0.211914 0.276367 0.001953 0.005859
1 0.375977 0.272461 0.001953 0.001953
1 0.372070 0.272461 0.001953 0.001953
1 0.228516 0.275391 0.003906 0.007812
1 0.128906 0.274414 0.003906 0.009766
1 0.258789 0.266602 0.001953 0.001953
0 0.729492 0.264648 0.001953 0.001953
1 0.401367 0.267578 0.025391 0.019531
1 0.102539 0.256836 0.001953 0.001953
1 0.098633 0.254883 0.001953 0.001953
1 0.514648 0.252930 0.001953 0.001953
1 0.420898 0.251953 0.005859 0.003906
1 0.170898 0.249023 0.001953 0.001953
1 0.424805 0.247070 0.001953 0.001953
1 0.305664 0.245117 0.001953 0.001953
1 0.102539 0.248047 0.005859 0.007812
1 0.299805 0.243164 0.001953 0.001953
1 0.170898 0.243164 0.001953 0.001953
1 0.159180 0.247070 0.009766 0.009766
1 0.524414 0.239258 0.001953 0.001953
1 0.514648 0.237305 0.001953 0.001953
1 0.258789 0.235352 0.001953 0.001953
1 0.125977 0.244141 0.013672 0.023438
1 0.420898 0.230469 0.001953 0.003906
1 0.270508 0.251953 0.048828 0.046875
1 0.240234 0.225586 0.003906 0.001953
1 0.232422 0.227539 0.003906 0.005859
1 0.159180 0.228516 0.005859 0.007812
1 0.514648 0.223633 0.001953 0.001953
0 0.295898 0.223633 0.001953 0.001953
1 0.241211 0.221680 0.001953 0.001953
1 0.660156 0.220703 0.007812 0.007812
1 0.530273 0.215820 0.001953 0.001953
1 0.448242 0.215820 0.001953 0.001953
1 0.389648 0.231445 0.064453 0.033203
1 0.469727 0.223633 0.037109 0.021484
0 0.388672 0.212891 0.003906 0.003906
1 0.374023 0.214844 0.005859 0.007812
1 0.133789 0.209961 0.001953 0.001953
0 0.736328 0.208984 0.007812 0.003906
0 0.486328 0.208984 0.003906 0.003906
0 0.471680 0.206055 0.001953 0.001953
1 0.116211 0.222656 0.033203 0.035156
0 0.858398 0.204102 0.001953 0.001953
1 0.356445 0.200195 0.001953 0.001953
1 0.323242 0.198242 0.001953 0.001953
0 0.864258 0.196289 0.001953 0.001953
0 0.772461 0.244141 0.123047 0.101562
1 0.596680 0.192383 0.001953 0.001953
0 0.831055 0.190430 0.001953 0.001953
1 0.541016 0.213867 0.093750 0.048828
1 0.323242 0.190430 0.001953 0.001953
0 0.857422 0.194336 0.007812 0.017578
0 0.836914 0.189453 0.005859 0.007812
1 0.606445 0.188477 0.005859 0.005859
0 0.282227 0.195312 0.025391 0.019531
1 0.174805 0.186523 0.001953 0.001953
1 0.231445 0.188477 0.009766 0.009766
0 0.540039 0.182617 0.001953 0.001953
0 0.523438 0.184570 0.023438 0.005859
1 0.172852 0.182617 0.001953 0.001953
0 0.427734 0.197266 0.070312 0.039062
1 0.866211 0.179688 0.005859 0.007812
0 0.543945 0.176758 0.001953 0.001953
0 0.547852 0.175781 0.001953 0.003906
1 0.171875 0.174805 0.003906 0.001953
0 0.393555 0.170898 0.001953 0.001953
1 0.908203 0.167969 0.003906 0.003906
1 0.395508 0.166992 0.001953 0.001953
1 0.380859 0.173828 0.019531 0.015625
1 0.375977 0.166992 0.001953 0.001953
1 0.832031 0.163086 0.003906 0.005859
0 0.674805 0.161133 0.001953 0.001953
1 0.444336 0.159180 0.001953 0.001953
1 0.356445 0.159180 0.001953 0.001953
1 0.905273 0.155273 0.001953 0.001953
1 0.849609 0.168945 0.042969 0.029297
1 0.274414 0.155273 0.001953 0.001953
0 0.437500 0.155273 0.007812 0.005859
1 0.853516 0.153320 0.011719 0.005859
0 0.762695 0.151367 0.001953 0.001953
1 0.274414 0.151367 0.001953 0.001953
1 0.867188 0.151367 0.003906 0.005859
0 0.571289 0.155273 0.021484 0.013672
1 0.884766 0.144531 0.003906 0.003906
0 0.510742 0.143555 0.001953 0.001953
1 0.842773 0.143555 0.009766 0.005859
1 0.217773 0.141602 0.001953 0.001953
1 0.212891 0.141602 0.003906 0.005859
1 0.204102 0.153320 0.025391 0.029297
1 0.911133 0.148438 0.029297 0.023438
0 0.734375 0.166992 0.085938 0.060547
1 0.842773 0.135742 0.001953 0.001953
1 0.838867 0.134766 0.001953 0.007812
0 0.672852 0.131836 0.001953 0.001953
1 0.395508 0.131836 0.001953 0.001953
0 0.451172 0.129883 0.003906 0.001953
0 0.456055 0.127930 0.001953 0.001953
0 0.442383 0.129883 0.005859 0.005859
1 0.414062 0.152344 0.050781 0.050781
1 0.405273 0.128906 0.001953 0.003906
0 0.800781 0.126953 0.003906 0.003906
1 0.246094 0.126953 0.003906 0.003906
1 0.872070 0.118164 0.001953 0.001953
1 0.864258 0.118164 0.001953 0.001953
1 0.235352 0.118164 0.001953 0.001953
0 0.811523 0.114258 0.001953 0.001953
1 0.315430 0.112305 0.001953 0.001953
1 0.871094 0.111328 0.003906 0.003906
0 0.831055 0.114258 0.005859 0.009766
0 0.816406 0.118164 0.007812 0.017578
0 0.682617 0.110352 0.001953 0.001953
1 0.901367 0.108398 0.001953 0.001953
1 0.243164 0.114258 0.009766 0.013672
0 0.825195 0.106445 0.001953 0.001953
1 0.821289 0.107422 0.001953 0.003906
1 0.194336 0.107422 0.009766 0.003906
1 0.866211 0.107422 0.005859 0.007812
0 0.807617 0.104492 0.001953 0.001953
0 0.243164 0.104492 0.001953 0.001953
0 0.570312 0.107422 0.015625 0.011719
1 0.895508 0.099609 0.001953 0.003906
1 0.809570 0.097656 0.001953 0.003906
0 0.465820 0.096680 0.001953 0.001953
0 0.625977 0.094727 0.001953 0.001953
1 0.807617 0.092773 0.001953 0.001953
0 0.778320 0.101562 0.021484 0.019531
1 0.915039 0.086914 0.001953 0.001953
1 0.862305 0.096680 0.021484 0.021484
0 0.567383 0.087891 0.001953 0.003906
1 0.795898 0.087891 0.005859 0.007812
1 0.905273 0.083008 0.001953 0.001953
0 0.734375 0.083008 0.003906 0.001953
0 0.665039 0.083008 0.001953 0.001953
1 0.909180 0.081055 0.001953 0.001953
0 0.734375 0.079102 0.003906 0.001953
0 0.704102 0.098633 0.029297 0.041016
0 0.651367 0.077148 0.001953 0.001953
0 0.691406 0.073242 0.003906 0.001953
1 0.327148 0.072266 0.005859 0.007812
1 0.942383 0.067383 0.001953 0.001953
1 0.185547 0.068359 0.003906 0.003906
1 0.938477 0.067383 0.001953 0.005859
0 0.718750 0.071289 0.015625 0.017578
1 0.334961 0.066406 0.005859 0.007812
1 0.286133 0.063477 0.001953 0.001953
1 0.436523 0.061523 0.001953 0.001953
1 0.852539 0.057617 0.001953 0.001953
1 0.462891 0.057617 0.003906 0.001953
1 0.936523 0.055664 0.001953 0.001953
1 0.882812 0.056641 0.003906 0.003906
1 0.859375 0.057617 0.003906 0.005859
1 0.798828 0.056641 0.003906 0.003906
1 0.280273 0.058594 0.005859 0.007812
1 0.892578 0.053711 0.003906 0.001953
1 0.734375 0.054688 0.003906 0.003906
0 0.697266 0.061523 0.007812 0.017578
1 0.182617 0.053711 0.001953 0.001953
0 0.696289 0.051758 0.001953 0.001953
1 0.350586 0.058594 0.021484 0.015625
1 0.437500 0.053711 0.007812 0.009766
1 0.422852 0.049805 0.001953 0.001953
1 0.262695 0.058594 0.025391 0.023438
1 0.743164 0.045898 0.001953 0.001953
1 0.354492 0.045898 0.001953 0.001953
1 0.820312 0.044922 0.003906 0.003906
1 0.359375 0.043945 0.003906 0.001953
1 0.844727 0.041992 0.001953 0.001953
0 0.720703 0.042969 0.003906 0.003906
1 0.260742 0.042969 0.001953 0.003906
1 0.378906 0.041016 0.003906 0.003906
1 0.922852 0.038086 0.001953 0.001953
1 0.801758 0.044922 0.009766 0.015625
1 0.254883 0.040039 0.009766 0.005859
1 0.935547 0.044922 0.023438 0.019531
0 0.731445 0.041016 0.009766 0.011719
1 0.485352 0.036133 0.001953 0.001953
1 0.499023 0.034180 0.001953 0.001953
1 0.489258 0.032227 0.001953 0.001953
0 0.732422 0.031250 0.003906 0.003906
1 0.495117 0.030273 0.001953 0.001953
0 0.838867 0.026367 0.001953 0.001953
1 0.524414 0.024414 0.001953 0.001953
0 0.715820 0.023438 0.001953 0.003906
0 0.846680 0.022461 0.001953 0.005859
1 0.742188 0.026367 0.011719 0.013672
1 0.519531 0.016602 0.003906 0.001953
1 0.512695 0.016602 0.001953 0.001953
0 0.786133 0.015625 0.001953 0.007812
0 0.688477 0.010742 0.001953 0.001953
0 0.684570 0.010742 0.001953 0.001953
1 0.520508 0.010742 0.001953 0.005859
1 0.864258 0.002930 0.001953 0.001953
1 0.766602 0.014648 0.025391 0.025391
1 0.467773 0.002930 0.001953 0.001953
1 0.917969 0.004883 0.007812 0.009766
1 0.890625 0.031250 0.066406 0.062500
1 0.819336 0.045898 0.052734 0.091797
0 0.808594 0.001953 0.003906 0.003906
1 0.750000 0.001953 0.003906 0.003906
0 0.708008 0.008789 0.044922 0.017578
1 0.485352 0.114258 0.455078 0.228516
1 0.519531 0.000977 0.003906 0.001953
1 0.408203 0.025391 0.121094 0.050781
1 0.120117 0.000977 0.001953 0.001953
1 0.048828 0.000977 0.019531 0.001953
1 0.034180 0.000977 0.005859 0.001953
1 0.004883 0.001953 0.009766 0.003906
3 0.661133 0.995117 0.001953 0.001953
3 0.027344 0.990234 0.003906 0.003906
3 0.972656 0.960938 0.003906 0.003906
3 0.247070 0.753906 0.005859 0.003906
3 0.225586 0.752930 0.001953 0.001953
3 0.280273 0.747070 0.001953 0.001953
2 0.612305 0.170898 0.005859 0.001953
2 0.629883 0.135742 0.001953 0.001953
2 0.631836 0.129883 0.001953 0.001953
2 0.501953 0.130859 0.003906 0.003906
2 0.523438 0.119141 0.011719 0.011719
2 0.635742 0.117188 0.009766 0.011719
3 0.473633 0.109375 0.001953 0.003906
3 0.642578 0.105469 0.003906 0.003906
2 0.626953 0.104492 0.003906 0.001953
2 0.618164 0.100586 0.001953 0.001953
2 0.666992 0.096680 0.001953 0.001953
2 0.643555 0.094727 0.001953 0.001953
2 0.649414 0.086914 0.001953 0.001953
2 0.499023 0.087891 0.005859 0.007812
2 0.610352 0.083008 0.001953 0.001953
3 0.500000 0.067383 0.003906 0.001953
3 0.500977 0.063477 0.001953 0.001953
3 0.504883 0.063477 0.001953 0.005859
2 0.516602 0.074219 0.041016 0.035156
2 0.528320 0.055664 0.001953 0.001953
3 0.830078 0.049805 0.003906 0.001953
2 0.540039 0.058594 0.013672 0.019531
3 0.895508 0.043945 0.001953 0.001953
3 0.491211 0.043945 0.001953 0.001953
2 0.540039 0.040039 0.001953 0.001953
2 0.546875 0.039062 0.003906 0.003906
2 0.593750 0.041016 0.023438 0.011719
3 0.828125 0.035156 0.003906 0.003906
3 0.903320 0.032227 0.001953 0.001953
3 0.896484 0.036133 0.003906 0.009766
2 0.625977 0.030273 0.001953 0.001953
3 0.907227 0.028320 0.001953 0.001953
2 0.538086 0.030273 0.005859 0.005859
3 0.399414 0.028320 0.001953 0.001953
2 0.821289 0.026367 0.001953 0.001953
2 0.570312 0.034180 0.035156 0.021484
3 0.899414 0.015625 0.001953 0.003906
2 0.625977 0.027344 0.064453 0.031250
2 0.555664 0.016602 0.009766 0.009766
3 0.416992 0.013672 0.001953 0.003906
3 0.870117 0.009766 0.001953 0.003906
3 0.461914 0.008789 0.001953 0.001953
3 0.875000 0.002930 0.003906 0.001953
3 0.890625 0.001953 0.007812 0.003906
3 0.881836 0.000977 0.001953 0.001953
3 0.870117 0.000977 0.001953 0.001953
2 0.713867 0.002930 0.021484 0.005859
2 0.398438 0.001953 0.007812 0.003906
3 0.500000 0.500000 1.000000 1.000000