2 0.020508 0.983398 0.001953 0.001953
2 0.500000 0.500000 1.000000 1.000000
3 0.962891 0.999023 0.007812 0.001953
3 0.132812 0.986328 0.007812 0.003906
3 0.121094 0.982422 0.007812 0.011719
3 0.132812 0.973633 0.015625 0.013672
3 0.141602 0.965820 0.001953 0.001953
3 0.116211 0.965820 0.001953 0.001953
3 0.015625 0.981445 0.031250 0.037109
3 0.200195 0.954102 0.001953 0.001953
3 0.211914 0.958984 0.017578 0.015625
3 0.189453 0.953125 0.007812 0.003906
3 0.028320 0.952148 0.005859 0.001953
3 0.199219 0.946289 0.007812 0.001953
3 0.157227 0.956055 0.029297 0.025391
3 0.181641 0.928711 0.015625 0.009766
3 0.222656 0.923828 0.015625 0.011719
3 0.176758 0.920898 0.001953 0.005859
3 0.143555 0.941406 0.056641 0.050781
3 0.199219 0.915039 0.003906 0.005859
3 0.208008 0.905273 0.005859 0.005859
3 0.700195 0.869141 0.013672 0.019531
3 0.005859 0.802734 0.011719 0.039062
3 0.422852 0.653320 0.001953 0.001953
3 0.380859 0.655273 0.007812 0.013672
3 0.414062 0.643555 0.039062 0.033203
3 0.116211 0.616211 0.001953 0.001953
3 0.107422 0.618164 0.011719 0.017578
3 0.133789 0.588867 0.001953 0.001953
3 0.134766 0.582031 0.003906 0.003906
3 0.086914 0.563477 0.001953 0.001953
3 0.027344 0.642578 0.054688 0.179688
3 0.445312 0.553711 0.058594 0.068359
3 0.420898 0.520508 0.001953 0.001953
3 0.416992 0.520508 0.001953 0.001953
3 0.094727 0.520508 0.001953 0.001953
3 0.082031 0.520508 0.015625 0.013672
3 0.114258 0.512695 0.001953 0.001953
3 0.166992 0.508789 0.001953 0.001953
3 0.103516 0.513672 0.015625 0.015625
3 0.090820 0.471680 0.001953 0.001953
3 0.027344 0.480469 0.054688 0.058594
3 0.008789 0.450195 0.001953 0.001953
3 0.110352 0.448242 0.001953 0.001953
3 0.062500 0.455078 0.031250 0.015625
3 0.150391 0.460938 0.093750 0.097656
3 0.390625 0.419922 0.019531 0.019531
3 0.370117 0.401367 0.005859 0.013672
3 0.413086 0.408203 0.021484 0.031250
3 0.763672 0.370117 0.003906 0.005859
3 0.163086 0.315430 0.001953 0.001953
3 0.167969 0.313477 0.003906 0.001953
3 0.280273 0.311523 0.001953 0.001953
3 0.007812 0.298828 0.011719 0.007812
3 0.239258 0.289062 0.001953 0.007812
3 0.016602 0.264648 0.001953 0.001953
3 0.009766 0.271484 0.011719 0.015625
3 0.008789 0.260742 0.001953 0.001953
3 0.448242 0.258789 0.001953 0.001953
3 0.445312 0.254883 0.003906 0.001953
3 0.087891 0.255859 0.003906 0.003906
3 0.087891 0.265625 0.019531 0.023438
3 0.101562 0.253906 0.003906 0.003906
3 0.210938 0.244141 0.007812 0.007812
3 0.121094 0.239258 0.003906 0.001953
3 0.125977 0.233398 0.001953 0.001953
3 0.172852 0.273438 0.099609 0.085938
3 0.175781 0.227539 0.003906 0.005859
3 0.229492 0.223633 0.001953 0.001953
3 0.327148 0.300781 0.150391 0.160156
3 0.195312 0.222656 0.003906 0.007812
3 0.106445 0.204102 0.001953 0.001953
3 0.109375 0.200195 0.003906 0.005859
3 0.104492 0.198242 0.001953 0.001953
3 0.414062 0.196289 0.003906 0.005859
3 0.101562 0.189453 0.003906 0.011719
3 0.278320 0.183594 0.001953 0.003906
3 0.493164 0.180664 0.001953 0.001953
3 0.458984 0.220703 0.078125 0.085938
3 0.301758 0.175781 0.009766 0.007812
3 0.498047 0.168945 0.003906 0.005859
3 0.497070 0.160156 0.001953 0.003906
3 0.470703 0.166016 0.015625 0.015625
3 0.252930 0.159180 0.005859 0.005859
3 0.281250 0.155273 0.003906 0.005859
3 0.502930 0.159180 0.009766 0.017578
3 0.297852 0.159180 0.021484 0.021484
3 0.266602 0.134766 0.005859 0.003906
3 0.241211 0.134766 0.001953 0.007812
3 0.279297 0.138672 0.015625 0.019531
3 0.504883 0.122070 0.001953 0.001953
3 0.488281 0.134766 0.042969 0.046875
3 0.486328 0.105469 0.011719 0.011719
3 0.214844 0.101562 0.011719 0.011719
3 0.462891 0.083008 0.003906 0.001953
3 0.218750 0.085938 0.007812 0.007812
3 0.556641 0.080078 0.007812 0.003906
3 0.222656 0.080078 0.003906 0.007812
3 0.440430 0.069336 0.001953 0.001953
3 0.019531 0.049805 0.003906 0.001953
3 0.015625 0.044922 0.003906 0.003906
3 0.029297 0.062500 0.039062 0.046875
3 0.023438 0.028320 0.003906 0.001953
3 0.051758 0.029297 0.005859 0.007812
3 0.020508 0.035156 0.009766 0.019531
3 0.577148 0.001953 0.001953 0.003906
3 0.506836 0.039062 0.138672 0.078125
3 0.395508 0.004883 0.033203 0.009766
3 0.232422 0.041016 0.085938 0.082031
3 0.182617 0.000977 0.001953 0.001953