1 0.545898 0.999023 0.001953 0.001953
1 0.568359 0.998047 0.003906 0.003906
1 0.555664 0.998047 0.009766 0.003906
1 0.296875 0.998047 0.003906 0.003906
1 0.264648 0.997070 0.001953 0.001953
1 0.128906 0.997070 0.003906 0.001953
1 0.279297 0.996094 0.019531 0.003906
1 0.221680 0.995117 0.001953 0.001953
0 0.009766 0.997070 0.003906 0.005859
1 0.127930 0.993164 0.001953 0.001953
1 0.293945 0.992188 0.005859 0.003906
1 0.633789 0.986328 0.001953 0.003906
1 0.968750 0.983398 0.003906 0.005859
1 0.985352 0.979492 0.001953 0.001953
1 0.138672 0.977539 0.003906 0.001953
0 0.956055 0.980469 0.013672 0.011719
1 0.143555 0.975586 0.001953 0.001953
1 0.983398 0.985352 0.033203 0.029297
1 0.366211 0.971680 0.001953 0.001953
0 0.012695 0.969727 0.001953 0.001953
1 0.442383 0.967773 0.001953 0.001953
1 0.368164 0.965820 0.001953 0.001953
1 0.344727 0.982422 0.048828 0.035156
0 0.129883 0.963867 0.001953 0.001953
1 0.143555 0.966797 0.021484 0.011719
1 0.243164 0.961914 0.005859 0.005859
1 0.217773 0.960938 0.001953 0.003906
1 0.436523 0.962891 0.005859 0.011719
1 0.999023 0.956055 0.001953 0.001953
1 0.999023 0.952148 0.001953 0.001953
1 0.238281 0.954102 0.003906 0.005859
0 0.131836 0.952148 0.001953 0.001953
1 0.446289 0.950195 0.001953 0.001953
1 0.438477 0.948242 0.001953 0.001953
0 0.422852 0.948242 0.001953 0.001953
1 0.251953 0.950195 0.011719 0.005859
1 0.999023 0.947266 0.001953 0.003906
1 0.325195 0.950195 0.033203 0.009766
1 0.241211 0.940430 0.001953 0.001953
0 0.049805 0.940430 0.001953 0.001953
0 0.028320 0.940430 0.017578 0.009766
1 0.479492 0.924805 0.001953 0.001953
1 0.471680 0.924805 0.001953 0.001953
1 0.166016 0.924805 0.003906 0.001953
0 0.033203 0.917969 0.003906 0.003906
1 0.212891 0.916016 0.007812 0.007812
1 0.208008 0.913086 0.005859 0.005859
0 0.509766 0.909180 0.007812 0.005859
1 0.213867 0.905273 0.001953 0.001953
1 0.157227 0.905273 0.001953 0.001953
1 0.226562 0.895508 0.023438 0.017578
1 0.170898 0.888672 0.001953 0.003906
1 0.166992 0.887695 0.001953 0.001953
1 0.118164 0.883789 0.001953 0.001953
1 0.340820 0.881836 0.001953 0.001953
1 0.327148 0.887695 0.017578 0.013672
1 0.155273 0.881836 0.001953 0.001953
1 0.148438 0.881836 0.003906 0.005859
1 0.308594 0.879883 0.003906 0.005859
1 0.163086 0.878906 0.009766 0.007812
1 0.308594 0.874023 0.003906 0.001953
1 0.157227 0.874023 0.001953 0.001953
1 0.442383 0.872070 0.001953 0.001953
1 0.297852 0.877930 0.013672 0.017578
1 0.177734 0.871094 0.003906 0.003906
1 0.313477 0.862305 0.001953 0.001953
1 0.118164 0.863281 0.001953 0.003906
1 0.114258 0.862305 0.001953 0.001953
1 0.463867 0.870117 0.017578 0.029297
1 0.328125 0.861328 0.011719 0.011719
1 0.320312 0.859375 0.007812 0.011719
1 0.119141 0.854492 0.003906 0.005859
1 0.178711 0.850586 0.001953 0.001953
1 0.190430 0.848633 0.001953 0.001953
0 0.848633 0.846680 0.001953 0.001953
1 0.390625 0.844727 0.003906 0.001953
0 0.570312 0.821289 0.003906 0.001953
1 0.702148 0.820312 0.001953 0.003906
1 0.291016 0.817383 0.003906 0.001953
0 0.816406 0.826172 0.035156 0.023438
0 0.693359 0.819336 0.011719 0.013672
0 0.574219 0.813477 0.003906 0.001953
1 0.735352 0.807617 0.001953 0.001953
1 0.706055 0.810547 0.013672 0.011719
0 0.574219 0.806641 0.007812 0.003906
0 0.532227 0.806641 0.009766 0.007812
1 0.260742 0.803711 0.001953 0.001953
1 0.252930 0.803711 0.001953 0.001953
1 0.180664 0.803711 0.001953 0.001953
1 0.395508 0.802734 0.005859 0.007812
1 0.171875 0.801758 0.011719 0.005859
0 0.520508 0.800781 0.009766 0.007812
1 0.496094 0.796875 0.003906 0.003906
1 0.713867 0.794922 0.005859 0.007812
0 0.594727 0.791992 0.001953 0.001953
1 0.715820 0.790039 0.001953 0.001953
0 0.172852 0.791016 0.001953 0.003906
0 0.688477 0.786133 0.001953 0.001953
1 0.020508 0.793945 0.013672 0.017578
0 0.838867 0.784180 0.001953 0.001953
1 0.775391 0.779297 0.003906 0.003906
1 0.750977 0.781250 0.005859 0.007812
1 0.067383 0.778320 0.001953 0.001953
1 0.271484 0.792969 0.050781 0.035156
1 0.075195 0.779297 0.009766 0.007812
0 0.154297 0.775391 0.003906 0.003906
1 0.852539 0.772461 0.001953 0.001953
1 0.780273 0.794922 0.072266 0.050781
1 0.238281 0.777344 0.011719 0.015625
0 0.153320 0.770508 0.001953 0.001953
0 0.837891 0.779297 0.035156 0.035156
0 0.819336 0.762695 0.001953 0.001953
1 0.160156 0.766602 0.007812 0.009766
1 0.079102 0.762695 0.001953 0.001953
1 0.489258 0.758789 0.001953 0.001953
1 0.618164 0.756836 0.001953 0.001953
1 0.162109 0.757812 0.007812 0.003906
0 0.829102 0.754883 0.001953 0.001953
0 0.842773 0.752930 0.001953 0.001953
1 0.917969 0.752930 0.003906 0.005859
0 0.827148 0.750977 0.001953 0.001953
1 0.555664 0.751953 0.001953 0.003906
1 0.343750 0.752930 0.007812 0.005859
0 0.858398 0.750000 0.001953 0.003906
1 0.147461 0.749023 0.001953 0.001953
1 0.135742 0.750977 0.001953 0.005859
1 0.196289 0.748047 0.005859 0.003906
0 0.923828 0.747070 0.007812 0.005859
0 0.865234 0.746094 0.011719 0.003906
1 0.125000 0.872070 0.250000 0.255859
1 0.188477 0.742188 0.005859 0.003906
1 0.122070 0.742188 0.005859 0.003906
1 0.141602 0.742188 0.009766 0.007812
1 0.114258 0.739258 0.001953 0.001953
1 0.137695 0.738281 0.001953 0.003906
1 0.119141 0.738281 0.003906 0.003906
1 0.523438 0.735352 0.003906 0.005859
1 0.458008 0.733398 0.001953 0.001953
1 0.540039 0.729492 0.001953 0.001953
1 0.533203 0.729492 0.003906 0.001953
1 0.716797 0.727539 0.003906 0.001953
1 0.709961 0.733398 0.021484 0.013672
1 0.155273 0.736328 0.017578 0.019531
1 0.534180 0.725586 0.001953 0.001953
1 0.530273 0.725586 0.001953 0.001953
1 0.708008 0.719727 0.001953 0.001953
1 0.366211 0.717773 0.001953 0.001953
1 0.199219 0.720703 0.031250 0.011719
1 0.538086 0.717773 0.017578 0.009766
1 0.371094 0.715820 0.003906 0.005859
0 0.594727 0.711914 0.001953 0.001953
0 0.585938 0.726562 0.011719 0.031250
1 0.489258 0.709961 0.001953 0.001953
1 0.094727 0.708008 0.001953 0.001953
1 0.534180 0.705078 0.001953 0.003906
1 0.353516 0.712891 0.019531 0.019531
1 0.209961 0.705078 0.009766 0.007812
1 0.098633 0.702148 0.001953 0.001953
1 0.086914 0.702148 0.005859 0.001953
1 0.443359 0.702148 0.003906 0.005859
1 0.597656 0.698242 0.003906 0.001953
1 0.069336 0.696289 0.001953 0.001953
1 0.639648 0.694336 0.001953 0.001953
0 0.325195 0.692383 0.005859 0.001953
1 0.228516 0.691406 0.007812 0.003906
0 0.926758 0.689453 0.009766 0.007812
1 0.598633 0.682617 0.001953 0.001953
1 0.596680 0.677734 0.001953 0.003906
1 0.484375 0.674805 0.003906 0.001953
1 0.479492 0.673828 0.001953 0.003906
1 0.454102 0.758789 0.107422 0.173828
0 0.400391 0.672852 0.027344 0.013672
1 0.618164 0.706055 0.044922 0.087891
1 0.648438 0.660156 0.003906 0.003906
0 0.397461 0.653320 0.001953 0.001953
1 0.191406 0.654297 0.003906 0.003906
0 0.002930 0.657227 0.005859 0.009766
0 0.247070 0.649414 0.001953 0.001953
0 0.402344 0.645508 0.003906 0.005859
0 0.946289 0.647461 0.025391 0.017578
1 0.600586 0.637695 0.001953 0.001953
1 0.206055 0.637695 0.001953 0.001953
1 0.602539 0.633789 0.001953 0.001953
0 0.940430 0.631836 0.001953 0.001953
1 0.703125 0.814453 0.593750 0.371094
1 0.202148 0.627930 0.001953 0.001953
0 0.981445 0.638672 0.037109 0.031250
1 0.588867 0.628906 0.021484 0.019531
1 0.549805 0.618164 0.001953 0.001953
1 0.553711 0.616211 0.001953 0.001953
1 0.768555 0.614258 0.001953 0.001953
1 0.763672 0.614258 0.003906 0.001953
1 0.504883 0.614258 0.001953 0.001953
0 0.397461 0.614258 0.001953 0.001953
1 0.554688 0.611328 0.003906 0.003906
1 0.504883 0.610352 0.001953 0.001953
1 0.931641 0.611328 0.019531 0.007812
1 0.709961 0.607422 0.001953 0.003906
1 0.916992 0.604492 0.001953 0.001953
1 0.828125 0.626953 0.039062 0.046875
1 0.513672 0.610352 0.011719 0.013672
1 0.934570 0.604492 0.025391 0.005859
0 0.004883 0.609375 0.009766 0.015625
0 0.824219 0.598633 0.003906 0.005859
0 0.975586 0.602539 0.048828 0.021484
0 0.801758 0.592773 0.001953 0.001953
1 0.924805 0.590820 0.001953 0.001953
1 0.709961 0.588867 0.001953 0.001953
1 0.600586 0.595703 0.009766 0.015625
1 0.932617 0.586914 0.005859 0.001953
1 0.708008 0.584961 0.001953 0.001953
0 0.801758 0.583008 0.001953 0.001953
0 0.497070 0.583984 0.005859 0.007812
0 0.496094 0.577148 0.003906 0.001953
1 0.617188 0.575195 0.003906 0.001953
1 0.913086 0.573242 0.001953 0.001953
0 0.247070 0.571289 0.001953 0.001953
0 0.205078 0.630859 0.078125 0.121094
0 0.201172 0.571289 0.003906 0.001953
1 0.916992 0.571289 0.001953 0.005859
0 0.813477 0.567383 0.005859 0.005859
0 0.799805 0.553711 0.001953 0.001953
1 0.382812 0.599609 0.078125 0.093750
0 0.805664 0.547852 0.005859 0.005859
0 0.241211 0.556641 0.013672 0.023438
0 0.241211 0.545898 0.001953 0.001953
1 0.424805 0.545898 0.005859 0.005859
1 0.377930 0.543945 0.001953 0.001953
0 0.708008 0.541992 0.001953 0.001953
1 0.495117 0.544922 0.005859 0.007812
0 0.229492 0.542969 0.005859 0.003906
1 0.149414 0.541992 0.001953 0.001953
0 0.711914 0.540039 0.001953 0.001953
1 0.553711 0.538086 0.001953 0.001953
0 0.504883 0.538086 0.001953 0.001953
0 0.243164 0.538086 0.001953 0.001953
1 0.430664 0.536133 0.001953 0.001953
0 0.702148 0.534180 0.001953 0.001953
0 0.155273 0.534180 0.001953 0.001953
1 0.798828 0.535156 0.007812 0.007812
0 0.178711 0.532227 0.001953 0.001953
0 0.143555 0.537109 0.009766 0.011719
0 0.709961 0.530273 0.001953 0.001953
0 0.215820 0.530273 0.001953 0.001953
0 0.245117 0.531250 0.005859 0.007812
1 0.126953 0.649414 0.179688 0.244141
0 0.140625 0.529297 0.003906 0.003906
0 0.149414 0.526367 0.001953 0.001953
0 0.729492 0.524414 0.001953 0.001953
1 0.543945 0.540039 0.021484 0.033203
1 0.435547 0.525391 0.003906 0.003906
0 0.249023 0.521484 0.005859 0.007812
0 0.231445 0.516602 0.001953 0.001953
1 0.553711 0.515625 0.001953 0.003906
0 0.447266 0.521484 0.015625 0.019531
0 0.238281 0.513672 0.011719 0.007812
1 0.516602 0.518555 0.025391 0.021484
1 0.644531 0.515625 0.019531 0.019531
0 0.641602 0.502930 0.001953 0.001953
1 0.653320 0.500000 0.001953 0.003906
1 0.853516 0.498047 0.003906 0.003906
0 0.748047 0.511719 0.039062 0.035156
1 0.088867 0.494141 0.001953 0.003906
1 0.883789 0.491211 0.001953 0.001953
1 0.877930 0.489258 0.001953 0.001953
1 0.571289 0.505859 0.029297 0.035156
0 0.514648 0.490234 0.009766 0.007812
1 0.869141 0.496094 0.027344 0.023438
1 0.858398 0.485352 0.001953 0.001953
1 0.463867 0.486328 0.001953 0.003906
1 0.856445 0.481445 0.009766 0.001953
1 0.041016 0.535156 0.082031 0.113281
1 0.846680 0.475586 0.001953 0.001953
1 0.734375 0.469727 0.003906 0.001953
1 0.729492 0.469727 0.001953 0.001953
1 0.603516 0.469727 0.007812 0.005859
1 0.461914 0.467773 0.001953 0.001953
1 0.754883 0.463867 0.001953 0.001953
1 0.452148 0.463867 0.001953 0.001953
1 0.380859 0.465820 0.007812 0.005859
1 0.544922 0.480469 0.019531 0.039062
1 0.448242 0.458008 0.001953 0.001953
1 0.739258 0.451172 0.013672 0.011719
1 0.729492 0.446289 0.001953 0.001953
1 0.137695 0.465820 0.048828 0.041016
1 0.135742 0.446289 0.001953 0.001953
1 0.119141 0.446289 0.003906 0.001953
1 0.989258 0.442383 0.005859 0.005859
1 0.084961 0.440430 0.001953 0.001953
1 0.991211 0.436523 0.001953 0.001953
1 0.225586 0.430664 0.001953 0.001953
1 0.248047 0.429688 0.003906 0.003906
1 0.221680 0.428711 0.001953 0.001953
1 0.680664 0.458008 0.048828 0.064453
1 0.217773 0.426758 0.001953 0.001953
1 0.221680 0.424805 0.001953 0.001953
1 0.676758 0.422852 0.001953 0.001953
1 0.672852 0.422852 0.001953 0.001953
1 0.596680 0.424805 0.005859 0.005859
1 0.215820 0.422852 0.001953 0.001953
0 0.608398 0.413086 0.005859 0.005859
0 0.601562 0.415039 0.007812 0.009766
0 0.604492 0.407227 0.001953 0.001953
1 0.600586 0.407227 0.001953 0.001953
1 0.596680 0.407227 0.001953 0.001953
1 0.540039 0.402344 0.001953 0.003906
1 0.536133 0.401367 0.001953 0.001953
1 0.508789 0.396484 0.001953 0.003906
1 0.928711 0.383789 0.001953 0.001953
1 0.653320 0.383789 0.001953 0.001953
1 0.550781 0.385742 0.003906 0.005859
1 0.889648 0.381836 0.001953 0.001953
1 0.541992 0.381836 0.001953 0.001953
1 0.711914 0.379883 0.001953 0.001953
1 0.028320 0.379883 0.001953 0.001953
1 0.548828 0.416016 0.085938 0.085938
1 0.541016 0.375977 0.003906 0.005859
1 0.512695 0.375977 0.001953 0.005859
1 0.495117 0.375000 0.001953 0.003906
1 0.909180 0.392578 0.041016 0.046875
1 0.488281 0.422852 0.050781 0.107422
1 0.806641 0.431641 0.128906 0.128906
1 0.768555 0.368164 0.001953 0.001953
1 0.506836 0.366211 0.001953 0.001953
1 0.497070 0.365234 0.005859 0.007812
1 0.497070 0.355469 0.001953 0.003906
1 0.842773 0.348633 0.001953 0.001953
1 0.818359 0.355469 0.011719 0.015625
1 0.508789 0.352539 0.009766 0.013672
1 0.839844 0.342773 0.007812 0.005859
1 0.829102 0.343750 0.009766 0.007812
1 0.301758 0.340820 0.001953 0.001953
1 0.925781 0.337891 0.003906 0.003906
0 0.315430 0.333984 0.001953 0.003906
1 0.881836 0.331055 0.001953 0.001953
1 0.619141 0.365234 0.050781 0.070312
1 0.512695 0.327148 0.001953 0.001953
1 0.935547 0.328125 0.011719 0.015625
1 0.952148 0.319336 0.001953 0.001953
1 0.957031 0.318359 0.003906 0.003906
1 0.024414 0.315430 0.001953 0.001953
1 0.017578 0.315430 0.003906 0.001953
1 0.952148 0.313477 0.001953 0.001953
1 0.024414 0.309570 0.001953 0.001953
1 0.979492 0.308594 0.005859 0.003906
1 0.915039 0.307617 0.001953 0.001953
1 0.844727 0.305664 0.001953 0.001953
1 0.852539 0.324219 0.044922 0.039062
1 0.786133 0.325195 0.048828 0.041016
1 0.977539 0.303711 0.001953 0.001953
0 0.376953 0.298828 0.003906 0.003906
1 0.971680 0.295898 0.001953 0.001953
1 0.502930 0.291016 0.005859 0.003906
1 0.021484 0.300781 0.019531 0.023438
1 0.520508 0.286133 0.001953 0.001953
1 0.038086 0.286133 0.001953 0.001953
1 0.974609 0.284180 0.003906 0.005859
1 0.979492 0.278320 0.001953 0.001953
1 0.974609 0.277344 0.003906 0.003906
0 0.827148 0.288086 0.021484 0.025391
0 0.657227 0.273438 0.001953 0.003906
1 0.063477 0.272461 0.001953 0.001953
0 0.452148 0.277344 0.013672 0.015625
1 0.978516 0.270508 0.007812 0.005859
1 0.911133 0.289062 0.048828 0.042969
1 0.923828 0.255859 0.003906 0.003906
1 0.416992 0.252930 0.001953 0.001953
1 0.422852 0.250977 0.001953 0.001953
1 0.426758 0.249023 0.001953 0.001953
1 0.193359 0.251953 0.011719 0.007812
1 0.748047 0.279297 0.046875 0.070312
1 0.984375 0.245117 0.003906 0.009766
1 0.360352 0.231445 0.001953 0.001953
1 0.361328 0.225586 0.003906 0.005859
1 0.550781 0.220703 0.027344 0.019531
0 0.815430 0.209961 0.001953 0.001953
0 0.811523 0.209961 0.001953 0.001953
0 0.309570 0.204102 0.001953 0.001953
1 0.204102 0.204102 0.001953 0.001953
0 0.809570 0.204102 0.005859 0.005859
1 0.758789 0.202148 0.001953 0.005859
0 0.313477 0.201172 0.001953 0.003906
1 0.206055 0.200195 0.001953 0.001953
0 0.799805 0.194336 0.001953 0.001953
1 0.766602 0.198242 0.009766 0.009766
1 0.861328 0.175781 0.003906 0.003906
0 0.850586 0.159180 0.001953 0.001953
1 0.213867 0.157227 0.001953 0.001953
1 0.884766 0.155273 0.007812 0.005859
1 0.963867 0.149414 0.001953 0.001953
1 0.934570 0.149414 0.001953 0.001953
0 0.821289 0.149414 0.001953 0.001953
1 0.581055 0.149414 0.001953 0.001953
1 0.036133 0.147461 0.001953 0.001953
1 0.965820 0.143555 0.001953 0.001953
0 0.849609 0.128906 0.007812 0.003906
1 0.538086 0.125000 0.001953 0.003906
0 0.850586 0.120117 0.001953 0.001953
1 0.374023 0.118164 0.001953 0.001953
0 0.969727 0.116211 0.001953 0.001953
1 0.594727 0.108398 0.001953 0.001953
1 0.983398 0.106445 0.001953 0.001953
1 0.979492 0.106445 0.001953 0.001953
1 0.506836 0.130859 0.056641 0.050781
1 0.798828 0.108398 0.011719 0.009766
0 0.963867 0.103516 0.001953 0.003906
1 0.581055 0.096680 0.001953 0.001953
1 0.501953 0.096680 0.003906 0.005859
0 0.472656 0.101562 0.015625 0.015625
1 0.581055 0.092773 0.001953 0.001953
1 0.508789 0.095703 0.005859 0.007812
1 0.528320 0.088867 0.001953 0.001953
1 0.202148 0.088867 0.001953 0.001953
1 0.916016 0.091797 0.015625 0.011719
1 0.504883 0.084961 0.001953 0.001953
0 0.454102 0.089844 0.025391 0.011719
1 0.500977 0.083984 0.001953 0.003906
1 0.327148 0.083984 0.005859 0.003906
1 0.925781 0.082031 0.003906 0.003906
1 0.594727 0.085938 0.001953 0.011719
1 0.176758 0.073242 0.001953 0.001953
1 0.899414 0.071289 0.017578 0.009766
0 0.881836 0.069336 0.013672 0.005859
0 0.427734 0.065430 0.003906 0.005859
1 0.203125 0.064453 0.003906 0.003906
1 0.163086 0.065430 0.009766 0.005859
1 0.506836 0.067383 0.017578 0.017578
0 0.426758 0.059570 0.001953 0.001953
1 0.281250 0.061523 0.003906 0.005859
1 0.960938 0.055664 0.003906 0.001953
1 0.949219 0.056641 0.003906 0.003906
0 0.886719 0.061523 0.015625 0.013672
0 0.469727 0.053711 0.001953 0.001953
0 0.467773 0.049805 0.001953 0.001953
0 0.471680 0.046875 0.001953 0.003906
0 0.452148 0.045898 0.013672 0.001953
1 0.530273 0.043945 0.001953 0.001953
1 0.291992 0.043945 0.001953 0.001953
1 0.532227 0.036133 0.001953 0.001953
1 0.889648 0.143555 0.220703 0.220703
1 0.248047 0.034180 0.003906 0.001953
1 0.083984 0.037109 0.007812 0.007812
1 0.075195 0.035156 0.001953 0.003906
1 0.071289 0.034180 0.001953 0.001953
1 0.067383 0.034180 0.001953 0.001953
1 0.250977 0.030273 0.005859 0.001953
1 0.988281 0.029297 0.015625 0.007812
1 0.041992 0.026367 0.001953 0.001953
1 0.034180 0.026367 0.001953 0.001953
1 0.038086 0.022461 0.001953 0.001953
1 0.052734 0.016602 0.007812 0.001953
1 0.560547 0.070312 0.070312 0.113281
1 0.211914 0.012695 0.001953 0.001953
1 0.052734 0.012695 0.011719 0.001953
0 0.268555 0.002930 0.001953 0.001953
1 0.844727 0.019531 0.060547 0.039062
1 0.669922 0.071289 0.179688 0.142578
1 0.410156 0.039062 0.144531 0.078125
1 0.241211 0.015625 0.056641 0.031250
1 0.186523 0.221680 0.373047 0.443359
3 0.362305 0.999023 0.001953 0.001953
3 0.358398 0.999023 0.001953 0.001953
3 0.717773 0.995117 0.001953 0.001953
3 0.685547 0.997070 0.011719 0.005859
3 0.695312 0.995117 0.003906 0.005859
3 0.903320 0.995117 0.005859 0.009766
3 0.891602 0.995117 0.013672 0.009766
3 0.353516 0.994141 0.007812 0.011719
3 0.331055 0.989258 0.001953 0.001953
3 0.734375 0.983398 0.003906 0.001953
3 0.366211 0.983398 0.001953 0.001953
3 0.592773 0.979492 0.001953 0.001953
3 0.811523 0.977539 0.001953 0.001953
3 0.791992 0.988281 0.033203 0.023438
3 0.356445 0.975586 0.001953 0.001953
3 0.644531 0.983398 0.035156 0.033203
3 0.589844 0.967773 0.003906 0.005859
3 0.547852 0.978516 0.080078 0.042969
3 0.614258 0.955078 0.005859 0.003906
3 0.580078 0.954102 0.003906 0.001953
3 0.100586 0.954102 0.001953 0.001953
3 0.620117 0.953125 0.001953 0.003906
3 0.793945 0.947266 0.001953 0.003906
3 0.958984 0.969727 0.082031 0.060547
3 0.600586 0.944336 0.013672 0.009766
3 0.991211 0.938477 0.001953 0.001953
3 0.081055 0.937500 0.001953 0.003906
3 0.540039 0.934570 0.005859 0.005859
3 0.495117 0.931641 0.001953 0.003906
2 0.057617 0.928711 0.001953 0.001953
3 0.081055 0.924805 0.001953 0.001953
3 0.076172 0.922852 0.003906 0.001953
3 0.753906 0.959961 0.089844 0.080078
2 0.049805 0.921875 0.005859 0.003906
3 0.509766 0.932617 0.035156 0.033203
3 0.883789 0.913086 0.001953 0.001953
3 0.884766 0.923828 0.031250 0.027344
3 0.060547 0.915039 0.023438 0.017578
3 0.819336 0.908203 0.005859 0.011719
3 0.853516 0.916016 0.011719 0.031250
3 0.577148 0.899414 0.001953 0.001953
3 0.690430 0.897461 0.001953 0.001953
3 0.116211 0.897461 0.001953 0.001953
3 0.718750 0.904297 0.039062 0.023438
3 0.694336 0.893555 0.001953 0.001953
3 0.575195 0.893555 0.001953 0.001953
3 0.786133 0.891602 0.001953 0.001953
3 0.835938 0.889648 0.003906 0.001953
3 0.713867 0.890625 0.001953 0.003906
3 0.576172 0.889648 0.003906 0.001953
3 0.102539 0.889648 0.001953 0.001953
3 0.104492 0.885742 0.001953 0.001953
3 0.090820 0.935547 0.181641 0.128906
3 0.000977 0.870117 0.001953 0.005859
3 0.108398 0.852539 0.001953 0.001953
3 0.062500 0.852539 0.003906 0.005859
2 0.758789 0.852539 0.009766 0.009766
3 0.602539 0.875977 0.044922 0.056641
3 0.610352 0.844727 0.001953 0.001953
3 0.606445 0.844727 0.001953 0.001953
3 0.172852 0.840820 0.001953 0.001953
3 0.073242 0.840820 0.001953 0.001953
3 0.016602 0.838867 0.001953 0.001953
3 0.985352 0.836914 0.001953 0.001953
3 0.012695 0.836914 0.001953 0.001953
3 0.996094 0.834961 0.003906 0.005859
3 0.125977 0.833008 0.001953 0.001953
3 0.985352 0.832031 0.001953 0.003906
3 0.012695 0.831055 0.001953 0.001953
3 0.882812 0.822266 0.003906 0.003906
3 0.726562 0.826172 0.015625 0.011719
3 0.239258 0.815430 0.001953 0.001953
2 0.182617 0.809570 0.001953 0.001953
3 0.717773 0.803711 0.001953 0.001953
3 0.937500 0.866211 0.089844 0.130859
3 0.999023 0.795898 0.001953 0.001953
3 0.937500 0.800781 0.019531 0.011719
3 0.913086 0.795898 0.001953 0.001953
3 0.967773 0.783203 0.001953 0.003906
3 0.958008 0.781250 0.013672 0.011719
2 0.618164 0.776367 0.001953 0.001953
3 0.221680 0.768555 0.001953 0.001953
3 0.135742 0.760742 0.001953 0.001953
3 0.229492 0.749023 0.001953 0.001953
3 0.000977 0.579102 0.001953 0.001953
3 0.026367 0.538086 0.001953 0.001953
3 0.034180 0.543945 0.017578 0.021484
3 0.000977 0.510742 0.001953 0.001953
3 0.038086 0.428711 0.001953 0.001953
3 0.210938 0.405273 0.003906 0.001953
3 0.202148 0.405273 0.001953 0.001953
3 0.207031 0.403320 0.003906 0.005859
3 0.163086 0.393555 0.001953 0.001953
3 0.065430 0.331055 0.001953 0.001953
3 0.229492 0.321289 0.001953 0.001953
2 0.331055 0.313477 0.001953 0.001953
3 0.109375 0.312500 0.078125 0.082031
2 0.167969 0.261719 0.003906 0.003906
2 0.161133 0.258789 0.001953 0.001953
3 0.158203 0.247070 0.003906 0.001953
3 0.143555 0.247070 0.001953 0.001953
3 0.344727 0.243164 0.001953 0.001953
3 0.153320 0.239258 0.001953 0.001953
2 0.329102 0.233398 0.001953 0.001953
3 0.343750 0.229492 0.003906 0.001953
3 0.834961 0.223633 0.001953 0.001953
2 0.348633 0.224609 0.005859 0.003906
3 0.053711 0.225586 0.009766 0.005859
3 0.130859 0.251953 0.042969 0.062500
3 0.856445 0.216797 0.001953 0.003906
3 0.188477 0.213867 0.001953 0.001953
3 0.221680 0.208008 0.001953 0.001953
3 0.848633 0.206055 0.001953 0.001953
3 0.222656 0.204102 0.003906 0.001953
3 0.182617 0.204102 0.001953 0.001953
3 0.866211 0.198242 0.001953 0.001953
3 0.878906 0.197266 0.003906 0.003906
3 0.174805 0.190430 0.001953 0.001953
3 0.164062 0.198242 0.011719 0.017578
3 0.032227 0.190430 0.001953 0.001953
3 0.895508 0.186523 0.001953 0.001953
3 0.174805 0.186523 0.001953 0.001953
3 0.897461 0.193359 0.013672 0.023438
3 0.161133 0.182617 0.001953 0.001953
3 0.019531 0.183594 0.011719 0.007812
3 0.809570 0.179688 0.001953 0.003906
3 0.833008 0.176758 0.001953 0.001953
3 0.247070 0.176758 0.001953 0.001953
3 0.013672 0.173828 0.003906 0.003906
3 0.248047 0.170898 0.003906 0.001953
3 0.805664 0.166992 0.001953 0.001953
3 0.965820 0.165039 0.001953 0.001953
3 0.250977 0.157227 0.001953 0.001953
3 0.247070 0.155273 0.001953 0.001953
3 0.974609 0.155273 0.003906 0.005859
3 0.250977 0.153320 0.001953 0.001953
3 0.977539 0.147461 0.001953 0.001953
3 0.270508 0.147461 0.001953 0.001953
3 0.920898 0.145508 0.001953 0.001953
3 0.953125 0.143555 0.003906 0.001953
2 0.894531 0.133789 0.003906 0.005859
3 0.932617 0.123047 0.001953 0.003906
3 0.252930 0.122070 0.001953 0.001953
3 0.933594 0.115234 0.003906 0.003906
3 0.624023 0.112305 0.001953 0.001953
2 0.049805 0.110352 0.001953 0.001953
3 0.277344 0.102539 0.003906 0.001953
3 0.218750 0.102539 0.003906 0.001953
2 0.057617 0.102539 0.001953 0.001953
3 0.209961 0.100586 0.001953 0.001953
3 0.981445 0.098633 0.001953 0.001953
3 0.981445 0.094727 0.001953 0.001953
3 0.947266 0.133789 0.105469 0.091797
3 0.081055 0.088867 0.001953 0.001953
3 0.979492 0.086914 0.001953 0.001953
3 0.965820 0.086914 0.001953 0.001953
3 0.657227 0.077148 0.001953 0.001953
3 0.645508 0.075195 0.001953 0.001953
3 0.605469 0.071289 0.003906 0.001953
3 0.375000 0.065430 0.003906 0.001953
3 0.370117 0.065430 0.001953 0.001953
3 0.366211 0.065430 0.001953 0.001953
3 0.321289 0.059570 0.001953 0.001953
2 0.008789 0.081055 0.017578 0.048828
3 0.717773 0.036133 0.001953 0.001953
3 0.120117 0.034180 0.001953 0.001953
3 0.116211 0.032227 0.001953 0.001953
3 0.215820 0.024414 0.001953 0.001953
3 0.225586 0.016602 0.001953 0.001953
3 0.738281 0.013672 0.003906 0.003906
3 0.244141 0.007812 0.003906 0.003906
3 0.195312 0.004883 0.003906 0.001953
3 0.855469 0.002930 0.003906 0.005859
3 0.848633 0.000977 0.005859 0.001953
3 0.750977 0.000977 0.001953 0.001953
3 0.670898 0.000977 0.005859 0.001953
3 0.500000 0.500000 1.000000 1.000000