1 0.670898 0.993164 0.001953 0.001953
1 0.660156 0.996094 0.007812 0.007812
0 0.051758 0.979492 0.001953 0.001953
0 0.057617 0.971680 0.001953 0.001953
0 0.053711 0.971680 0.001953 0.001953
0 0.040039 0.981445 0.080078 0.037109
1 0.799805 0.954102 0.001953 0.001953
0 0.221680 0.954102 0.001953 0.001953
1 0.686523 0.959961 0.017578 0.017578
1 0.800781 0.949219 0.003906 0.003906
0 0.060547 0.954102 0.007812 0.013672
1 0.803711 0.945312 0.001953 0.003906
0 0.224609 0.945312 0.003906 0.003906
0 0.090820 0.953125 0.017578 0.019531
0 0.775391 0.948242 0.007812 0.013672
0 0.221680 0.942383 0.001953 0.001953
0 0.795898 0.934570 0.001953 0.001953
1 0.678711 0.938477 0.005859 0.009766
1 0.165039 0.930664 0.001953 0.001953
1 0.159180 0.930664 0.001953 0.001953
0 0.788086 0.937500 0.017578 0.023438
0 0.986328 0.934570 0.015625 0.025391
1 0.157227 0.920898 0.001953 0.001953
0 0.290039 0.918945 0.001953 0.001953
0 0.110352 0.918945 0.001953 0.001953
0 0.069336 0.921875 0.005859 0.011719
0 0.297852 0.913086 0.001953 0.001953
0 0.102539 0.914062 0.009766 0.007812
1 0.168945 0.907227 0.001953 0.001953
1 0.165039 0.909180 0.033203 0.021484
1 0.313477 0.887695 0.001953 0.001953
1 0.314453 0.880859 0.011719 0.007812
0 0.203125 0.887695 0.035156 0.029297
0 0.363281 0.877930 0.003906 0.013672
1 0.331055 0.869141 0.001953 0.003906
1 0.319336 0.867188 0.001953 0.003906
1 0.232422 0.875977 0.015625 0.021484
0 0.985352 0.864258 0.009766 0.009766
0 0.345703 0.869141 0.031250 0.031250
0 0.232422 0.859375 0.015625 0.011719
0 0.000977 0.838867 0.001953 0.001953
0 0.336914 0.834961 0.001953 0.001953
0 0.334961 0.828125 0.017578 0.007812
0 0.387695 0.794922 0.001953 0.003906
0 0.014648 0.793945 0.001953 0.001953
0 0.007812 0.812500 0.015625 0.039062
0 0.500977 0.788086 0.001953 0.001953
0 0.496094 0.810547 0.042969 0.050781
0 0.391602 0.794922 0.009766 0.023438
1 0.399414 0.779297 0.009766 0.003906
0 0.388672 0.779297 0.003906 0.003906
0 0.741211 0.777344 0.005859 0.007812
0 0.741211 0.769531 0.005859 0.003906
0 0.748047 0.760742 0.003906 0.001953
0 0.364258 0.752930 0.001953 0.001953
0 0.728516 0.752930 0.042969 0.021484
1 0.099609 0.743164 0.003906 0.001953
0 0.054688 0.746094 0.015625 0.015625
0 0.004883 0.737305 0.001953 0.001953
1 0.114258 0.729492 0.001953 0.001953
0 0.020508 0.738281 0.033203 0.027344
0 0.506836 0.723633 0.001953 0.001953
0 0.506836 0.717773 0.001953 0.001953
0 0.526367 0.713867 0.001953 0.001953
0 0.138672 0.715820 0.003906 0.005859
0 0.497070 0.714844 0.021484 0.011719
1 0.147461 0.708984 0.001953 0.003906
0 0.213867 0.706055 0.001953 0.001953
1 0.030273 0.702148 0.001953 0.001953
0 0.200195 0.714844 0.029297 0.039062
1 0.123047 0.715820 0.042969 0.041016
1 0.122070 0.696289 0.001953 0.001953
0 0.594727 0.686523 0.001953 0.001953
1 0.030273 0.684570 0.001953 0.001953
0 0.622070 0.682617 0.001953 0.001953
0 0.438477 0.685547 0.009766 0.007812
0 0.644531 0.679688 0.003906 0.003906
0 0.596680 0.680664 0.005859 0.005859
1 0.027344 0.680664 0.007812 0.005859
0 0.444336 0.676758 0.001953 0.001953
0 0.905273 0.676758 0.005859 0.005859
1 0.020508 0.673828 0.005859 0.003906
1 0.016602 0.668945 0.001953 0.001953
1 0.010742 0.668945 0.001953 0.001953
0 0.554688 0.690430 0.070312 0.048828
0 0.016602 0.665039 0.001953 0.001953
0 0.641602 0.663086 0.001953 0.001953
0 0.620117 0.669922 0.013672 0.019531
0 0.868164 0.657227 0.001953 0.001953
1 0.021484 0.659180 0.003906 0.005859
0 0.433594 0.657227 0.031250 0.017578
1 0.043945 0.649414 0.001953 0.001953
0 0.641602 0.652344 0.021484 0.023438
1 0.651367 0.639648 0.001953 0.001953
0 0.631836 0.637695 0.001953 0.001953
0 0.582031 0.629883 0.003906 0.005859
0 0.907227 0.625977 0.001953 0.001953
1 0.881836 0.625977 0.001953 0.005859
0 0.811523 0.625000 0.005859 0.003906
0 0.893555 0.647461 0.044922 0.052734
1 0.727539 0.621094 0.001953 0.003906
1 0.723633 0.618164 0.001953 0.001953
1 0.741211 0.616211 0.001953 0.001953
0 0.583984 0.617188 0.003906 0.003906
0 0.886719 0.615234 0.007812 0.003906
0 0.787109 0.610352 0.003906 0.005859
0 0.786133 0.604492 0.001953 0.001953
0 0.586914 0.602539 0.001953 0.001953
1 0.029297 0.630859 0.046875 0.062500
1 0.022461 0.588867 0.001953 0.001953
1 0.765625 0.620117 0.050781 0.068359
1 0.748047 0.581055 0.003906 0.005859
0 0.463867 0.579102 0.001953 0.001953
1 0.417969 0.582031 0.007812 0.011719
0 0.438477 0.563477 0.001953 0.001953
1 0.012695 0.574219 0.025391 0.035156
0 0.767578 0.563477 0.023438 0.017578
0 0.674805 0.551758 0.001953 0.001953
0 0.689453 0.562500 0.054688 0.031250
0 0.790039 0.542969 0.017578 0.011719
0 0.646484 0.557617 0.042969 0.052734
1 0.440430 0.516602 0.001953 0.001953
1 0.480469 0.518555 0.007812 0.009766
0 0.181641 0.526367 0.039062 0.025391
1 0.016602 0.516602 0.005859 0.005859
0 0.613281 0.515625 0.042969 0.027344
1 0.413086 0.502930 0.001953 0.001953
0 0.439453 0.532227 0.039062 0.068359
1 0.757812 0.492188 0.003906 0.003906
0 0.611328 0.489258 0.003906 0.001953
0 0.606445 0.489258 0.001953 0.001953
1 0.754883 0.487305 0.001953 0.001953
0 0.749023 0.517578 0.041016 0.062500
1 0.817383 0.485352 0.001953 0.001953
0 0.627930 0.483398 0.001953 0.001953
1 0.394531 0.484375 0.003906 0.003906
1 0.902344 0.478516 0.003906 0.003906
0 0.741211 0.475586 0.001953 0.001953
1 0.645508 0.470703 0.001953 0.003906
0 0.603516 0.473633 0.003906 0.009766
1 0.226562 0.473633 0.023438 0.013672
0 0.629883 0.463867 0.001953 0.001953
0 0.615234 0.477539 0.023438 0.029297
1 0.106445 0.463867 0.001953 0.001953
1 0.417969 0.462891 0.003906 0.003906
1 0.083984 0.464844 0.035156 0.011719
0 0.752930 0.458008 0.001953 0.001953
1 0.103516 0.455078 0.007812 0.007812
0 0.126953 0.477539 0.031250 0.056641
1 0.046875 0.455078 0.003906 0.011719
0 0.860352 0.461914 0.033203 0.029297
0 0.561523 0.440430 0.001953 0.001953
0 0.484375 0.449219 0.011719 0.019531
0 0.563477 0.463867 0.052734 0.056641
1 0.545898 0.442383 0.013672 0.013672
1 0.682617 0.451172 0.083984 0.042969
1 0.619141 0.430664 0.011719 0.009766
0 0.758789 0.440430 0.044922 0.037109
0 0.432617 0.424805 0.005859 0.005859
1 0.856445 0.416992 0.001953 0.001953
1 0.653320 0.413086 0.001953 0.001953
0 0.818359 0.410156 0.003906 0.003906
1 0.053711 0.409180 0.001953 0.001953
1 0.048828 0.408203 0.003906 0.003906
0 0.686523 0.405273 0.001953 0.001953
0 0.057617 0.403320 0.001953 0.001953
0 0.717773 0.399414 0.001953 0.001953
1 0.441406 0.400391 0.007812 0.003906
1 0.272461 0.411133 0.025391 0.025391
1 0.182617 0.407227 0.021484 0.017578
0 0.701172 0.404297 0.023438 0.015625
1 0.432617 0.399414 0.005859 0.005859
1 0.867188 0.405273 0.015625 0.025391
0 0.713867 0.395508 0.005859 0.005859
1 0.039062 0.394531 0.003906 0.007812
0 0.729492 0.387695 0.001953 0.001953
1 0.043945 0.387695 0.001953 0.001953
0 0.008789 0.381836 0.001953 0.001953
1 0.024414 0.417969 0.048828 0.074219
0 0.004883 0.379883 0.001953 0.001953
0 0.614258 0.374023 0.001953 0.001953
0 0.801758 0.372070 0.001953 0.001953
1 0.155273 0.383789 0.033203 0.044922
1 0.461914 0.356445 0.001953 0.001953
1 0.854492 0.370117 0.025391 0.041016
0 0.567383 0.350586 0.001953 0.001953
1 0.024414 0.352539 0.001953 0.005859
1 0.041016 0.355469 0.023438 0.015625
0 0.561523 0.344727 0.001953 0.001953
0 0.811523 0.338867 0.001953 0.001953
1 0.010742 0.336914 0.001953 0.001953
0 0.802734 0.343750 0.015625 0.019531
0 0.521484 0.335938 0.003906 0.003906
0 0.516602 0.331055 0.001953 0.001953
1 0.003906 0.324219 0.007812 0.003906
1 0.059570 0.321289 0.001953 0.001953
1 0.066406 0.321289 0.007812 0.005859
1 0.004883 0.319336 0.001953 0.001953
0 0.506836 0.317383 0.001953 0.001953
1 0.078125 0.318359 0.007812 0.003906
1 0.368164 0.311523 0.001953 0.001953
1 0.323242 0.291992 0.001953 0.001953
0 0.782227 0.290039 0.001953 0.001953
0 0.798828 0.284180 0.023438 0.013672
1 0.227539 0.276367 0.001953 0.001953
1 0.227539 0.271484 0.005859 0.003906
0 0.883789 0.264648 0.001953 0.001953
1 0.229492 0.264648 0.001953 0.001953
1 0.215820 0.266602 0.009766 0.005859
0 0.336914 0.258789 0.001953 0.001953
1 0.142578 0.252930 0.003906 0.001953
1 0.125977 0.250977 0.001953 0.001953
0 0.211914 0.241211 0.001953 0.001953
0 0.594727 0.237305 0.001953 0.001953
0 0.297852 0.235352 0.001953 0.001953
0 0.688477 0.222656 0.001953 0.003906
0 0.625977 0.220703 0.001953 0.003906
1 0.309570 0.215820 0.001953 0.001953
1 0.073242 0.208008 0.001953 0.001953
0 0.361328 0.205078 0.003906 0.003906
1 0.259766 0.205078 0.003906 0.003906
0 0.351562 0.200195 0.003906 0.001953
0 0.376953 0.199219 0.003906 0.003906
0 0.367188 0.199219 0.011719 0.003906
0 0.602539 0.196289 0.001953 0.001953
1 0.278320 0.197266 0.013672 0.007812
0 0.765625 0.194336 0.011719 0.009766
0 0.676758 0.194336 0.017578 0.017578
0 0.672852 0.186523 0.001953 0.001953
0 0.346680 0.190430 0.013672 0.013672
0 0.620117 0.188477 0.017578 0.013672
0 0.662109 0.181641 0.003906 0.007812
0 0.644531 0.174805 0.003906 0.001953
0 0.237305 0.170898 0.001953 0.005859
1 0.166016 0.170898 0.003906 0.009766
0 0.666016 0.167969 0.007812 0.011719
0 0.084961 0.159180 0.001953 0.001953
1 0.561523 0.160156 0.009766 0.007812
1 0.545898 0.153320 0.001953 0.001953
0 0.584961 0.147461 0.001953 0.001953
0 0.534180 0.145508 0.001953 0.001953
1 0.785156 0.144531 0.003906 0.003906
1 0.543945 0.143555 0.001953 0.005859
0 0.686523 0.139648 0.001953 0.001953
0 0.597656 0.140625 0.003906 0.003906
1 0.549805 0.141602 0.005859 0.009766
0 0.530273 0.137695 0.001953 0.001953
0 0.398438 0.141602 0.011719 0.009766
0 0.719727 0.139648 0.009766 0.009766
0 0.066406 0.133789 0.003906 0.001953
0 0.384766 0.129883 0.007812 0.001953
0 0.065430 0.129883 0.001953 0.001953
0 0.588867 0.137695 0.009766 0.021484
0 0.366211 0.125977 0.001953 0.001953
0 0.827148 0.125000 0.001953 0.003906
1 0.522461 0.125000 0.001953 0.003906
0 0.344727 0.124023 0.001953 0.001953
1 0.539062 0.124023 0.003906 0.005859
1 0.534180 0.130859 0.017578 0.019531
0 0.129883 0.125977 0.005859 0.009766
0 0.344727 0.119141 0.001953 0.003906
0 0.798828 0.112305 0.003906 0.001953
0 0.415039 0.113281 0.001953 0.003906
1 0.411133 0.112305 0.001953 0.001953
0 0.844727 0.110352 0.001953 0.001953
0 0.864258 0.122070 0.025391 0.029297
0 0.687500 0.112305 0.003906 0.009766
1 0.544922 0.111328 0.011719 0.007812
0 0.807617 0.104492 0.001953 0.001953
0 0.565430 0.110352 0.009766 0.013672
1 0.708984 0.103516 0.007812 0.003906
0 0.844727 0.100586 0.001953 0.001953
0 0.801758 0.104492 0.009766 0.009766
0 0.809570 0.096680 0.001953 0.001953
1 0.386719 0.096680 0.003906 0.001953
0 0.729492 0.094727 0.001953 0.001953
0 0.714844 0.096680 0.007812 0.005859
0 0.805664 0.092773 0.001953 0.001953
0 0.606445 0.092773 0.001953 0.001953
0 0.278320 0.093750 0.001953 0.003906
0 0.793945 0.090820 0.005859 0.001953
0 0.610352 0.090820 0.001953 0.001953
0 0.778320 0.089844 0.013672 0.003906
0 0.391602 0.088867 0.001953 0.001953
0 0.374023 0.088867 0.001953 0.001953
0 0.864258 0.086914 0.001953 0.001953
1 0.213867 0.084961 0.001953 0.001953
1 0.314453 0.083008 0.003906 0.005859
1 0.032227 0.084961 0.001953 0.009766
1 0.334961 0.079102 0.001953 0.001953
1 0.106445 0.086914 0.017578 0.017578
0 0.821289 0.078125 0.005859 0.003906
0 0.393555 0.077148 0.001953 0.001953
0 0.907227 0.089844 0.029297 0.031250
0 0.770508 0.125000 0.080078 0.101562
0 0.337891 0.245117 0.675781 0.341797
0 0.838867 0.078125 0.005859 0.011719
1 0.791992 0.079102 0.021484 0.013672
0 0.700195 0.083008 0.029297 0.021484
0 0.398438 0.075195 0.003906 0.005859
0 0.583008 0.071289 0.001953 0.001953
1 0.343750 0.097656 0.062500 0.054688
0 0.252930 0.071289 0.001953 0.001953
0 0.854492 0.083008 0.029297 0.029297
0 0.867188 0.065430 0.003906 0.001953
1 0.704102 0.065430 0.001953 0.001953
1 0.696289 0.065430 0.001953 0.001953
0 0.670898 0.063477 0.001953 0.001953
0 0.666992 0.063477 0.001953 0.001953
1 0.022461 0.062500 0.001953 0.003906
1 0.800781 0.059570 0.003906 0.001953
1 0.715820 0.059570 0.001953 0.001953
0 0.368164 0.057617 0.001953 0.001953
0 0.251953 0.061523 0.019531 0.013672
1 0.695312 0.050781 0.003906 0.003906
1 0.678711 0.049805 0.001953 0.001953
0 0.670898 0.049805 0.001953 0.001953
1 0.800781 0.044922 0.003906 0.003906
1 0.043945 0.054688 0.021484 0.023438
0 0.026367 0.043945 0.001953 0.001953
0 0.801758 0.040039 0.001953 0.001953
0 0.347656 0.045898 0.015625 0.013672
1 0.040039 0.040039 0.001953 0.001953
1 0.689453 0.034180 0.003906 0.001953
0 0.649414 0.034180 0.001953 0.001953
0 0.034180 0.034180 0.001953 0.001953
1 0.761719 0.033203 0.003906 0.003906
1 0.713867 0.030273 0.001953 0.001953
1 0.206055 0.030273 0.001953 0.001953
1 0.253906 0.032227 0.003906 0.009766
1 0.787109 0.040039 0.046875 0.029297
0 0.014648 0.041992 0.029297 0.033203
1 0.700195 0.026367 0.005859 0.005859
1 0.678711 0.024414 0.001953 0.001953
0 0.220703 0.043945 0.050781 0.044922
0 0.030273 0.022461 0.001953 0.001953
1 0.845703 0.010742 0.003906 0.001953
1 0.769531 0.011719 0.007812 0.003906
0 0.831055 0.010742 0.013672 0.013672
0 0.654297 0.072266 0.097656 0.136719
0 0.624023 0.004883 0.001953 0.001953
0 0.905273 0.002930 0.001953 0.001953
0 0.883789 0.007812 0.041016 0.015625
1 0.856445 0.000977 0.001953 0.001953
1 0.732422 0.032227 0.054688 0.064453
0 0.449219 0.048828 0.066406 0.097656
0 0.339844 0.003906 0.007812 0.007812
0 0.278320 0.021484 0.044922 0.042969
1 0.245117 0.000977 0.017578 0.001953
0 0.053711 0.001953 0.009766 0.003906
2 0.069336 0.997070 0.001953 0.001953
2 0.065430 0.997070 0.001953 0.001953
2 0.015625 0.996094 0.011719 0.007812
2 0.003906 0.994141 0.007812 0.011719
3 0.021484 0.434570 0.011719 0.013672
3 0.008789 0.414062 0.005859 0.003906
3 0.000977 0.409180 0.001953 0.001953
2 0.000977 0.391602 0.001953 0.001953
2 0.000977 0.387695 0.001953 0.001953
2 0.621094 0.379883 0.003906 0.001953
2 0.533203 0.357422 0.003906 0.003906
3 0.486328 0.327148 0.003906 0.001953
3 0.088867 0.322266 0.005859 0.003906
2 0.565430 0.302734 0.009766 0.007812
3 0.129883 0.291992 0.001953 0.001953
2 0.493164 0.280273 0.001953 0.001953
2 0.001953 0.280273 0.003906 0.005859
2 0.004883 0.272461 0.001953 0.001953
2 0.475586 0.270508 0.001953 0.001953
2 0.023438 0.271484 0.027344 0.015625
2 0.018555 0.265625 0.005859 0.003906
2 0.016602 0.254883 0.001953 0.001953
2 0.012695 0.254883 0.001953 0.001953
2 0.250977 0.250977 0.001953 0.001953
3 0.024414 0.251953 0.001953 0.003906
3 0.018555 0.250977 0.001953 0.001953
3 0.194336 0.241211 0.001953 0.001953
3 0.139648 0.227539 0.001953 0.001953
3 0.009766 0.236328 0.019531 0.023438
2 0.181641 0.229492 0.042969 0.037109
3 0.040039 0.200195 0.001953 0.001953
3 0.102539 0.190430 0.001953 0.001953
3 0.104492 0.182617 0.009766 0.009766
3 0.083008 0.179688 0.001953 0.003906
3 0.072266 0.187500 0.015625 0.023438
3 0.083008 0.172852 0.001953 0.001953
2 0.223633 0.166992 0.001953 0.001953
3 0.153320 0.151367 0.001953 0.001953
3 0.149414 0.147461 0.009766 0.001953
2 0.014648 0.135742 0.001953 0.001953
2 0.190430 0.128906 0.001953 0.003906
2 0.010742 0.127930 0.021484 0.017578
2 0.023438 0.114258 0.003906 0.001953
3 0.229492 0.102539 0.001953 0.001953
3 0.155273 0.102539 0.001953 0.001953
3 0.232422 0.098633 0.003906 0.001953
3 0.040039 0.097656 0.001953 0.003906
3 0.236328 0.092773 0.003906 0.001953
3 0.756836 0.053711 0.001953 0.001953
3 0.743164 0.051758 0.001953 0.001953
3 0.743164 0.023438 0.001953 0.003906
2 0.258789 0.014648 0.001953 0.001953
3 0.713867 0.010742 0.001953 0.001953
2 0.258789 0.008789 0.001953 0.001953
2 0.500000 0.500000 1.000000 1.000000