0 0.833008 0.999023 0.001953 0.001953
0 0.856445 0.998047 0.005859 0.003906
0 0.569336 0.998047 0.029297 0.003906
1 0.494141 0.998047 0.011719 0.003906
1 0.319336 0.997070 0.001953 0.001953
1 0.348633 0.995117 0.001953 0.001953
1 0.341797 0.995117 0.007812 0.001953
1 0.306641 0.997070 0.015625 0.005859
1 0.400391 0.993164 0.003906 0.001953
1 0.362305 0.996094 0.013672 0.007812
0 0.600586 0.987305 0.001953 0.001953
1 0.519531 0.987305 0.003906 0.001953
1 0.659180 0.983398 0.001953 0.001953
1 0.653320 0.983398 0.005859 0.005859
1 0.390625 0.990234 0.027344 0.019531
1 0.514648 0.977539 0.001953 0.001953
0 0.906250 0.987305 0.019531 0.025391
0 0.586914 0.978516 0.009766 0.011719
1 0.477539 0.973633 0.001953 0.001953
1 0.515625 0.972656 0.003906 0.003906
1 0.126953 0.971680 0.007812 0.005859
1 0.570312 0.971680 0.011719 0.013672
1 0.182617 0.965820 0.001953 0.001953
1 0.464844 0.971680 0.039062 0.021484
0 0.896484 0.963867 0.003906 0.009766
1 0.590820 0.960938 0.001953 0.003906
1 0.057617 0.959961 0.001953 0.001953
1 0.544922 0.957031 0.003906 0.003906
0 0.255859 0.962891 0.011719 0.015625
1 0.247070 0.954102 0.001953 0.001953
1 0.258789 0.952148 0.001953 0.001953
1 0.061523 0.954102 0.005859 0.005859
1 0.754883 0.974609 0.123047 0.050781
0 0.317383 0.949219 0.001953 0.003906
1 0.093750 0.956055 0.027344 0.017578
0 0.269531 0.948242 0.003906 0.005859
0 0.899414 0.944336 0.001953 0.001953
1 0.766602 0.946289 0.001953 0.005859
0 0.844727 0.942383 0.001953 0.001953
0 0.832031 0.965820 0.027344 0.048828
1 0.618164 0.949219 0.029297 0.015625
1 0.269531 0.938477 0.003906 0.005859
0 0.889648 0.934570 0.001953 0.001953
1 0.758789 0.932617 0.001953 0.001953
1 0.622070 0.932617 0.001953 0.001953
1 0.616211 0.932617 0.005859 0.001953
0 0.895508 0.937500 0.013672 0.015625
1 0.213867 0.939453 0.013672 0.019531
1 0.605469 0.930664 0.003906 0.005859
1 0.604492 0.924805 0.001953 0.001953
0 0.705078 0.929688 0.015625 0.015625
1 0.527344 0.926758 0.011719 0.009766
1 0.611328 0.922852 0.011719 0.005859
1 0.590820 0.921875 0.005859 0.007812
1 0.526367 0.918945 0.001953 0.001953
0 0.458008 0.918945 0.001953 0.001953
1 0.003906 0.926758 0.007812 0.017578
0 0.708008 0.916992 0.001953 0.001953
0 0.329102 0.913086 0.001953 0.001953
1 0.031250 0.956055 0.062500 0.087891
1 0.772461 0.910156 0.001953 0.003906
1 0.571289 0.909180 0.001953 0.001953
1 0.541016 0.912109 0.007812 0.007812
0 0.370117 0.916016 0.009766 0.015625
1 0.608398 0.909180 0.009766 0.005859
1 0.565430 0.908203 0.005859 0.003906
1 0.954102 0.901367 0.001953 0.001953
0 0.700195 0.906250 0.009766 0.015625
0 0.391602 0.897461 0.001953 0.001953
0 0.999023 0.898438 0.001953 0.007812
1 0.245117 0.901367 0.009766 0.013672
1 0.500977 0.891602 0.001953 0.001953
0 0.381836 0.893555 0.005859 0.005859
0 0.424805 0.919922 0.064453 0.062500
0 0.383789 0.887695 0.001953 0.001953
1 0.294922 0.888672 0.007812 0.011719
1 0.577148 0.889648 0.021484 0.021484
0 0.845703 0.875000 0.003906 0.003906
1 0.656250 0.881836 0.015625 0.021484
1 0.137695 0.873047 0.009766 0.007812
0 0.400391 0.875000 0.019531 0.015625
1 0.456055 0.876953 0.017578 0.023438
1 0.221680 0.866211 0.005859 0.005859
1 0.141602 0.897461 0.130859 0.072266
1 0.019531 0.862305 0.007812 0.009766
1 0.833008 0.856445 0.001953 0.001953
1 0.807617 0.896484 0.080078 0.082031
0 0.736328 0.865234 0.015625 0.031250
0 0.727539 0.847656 0.001953 0.003906
1 0.999023 0.846680 0.001953 0.005859
1 0.416992 0.842773 0.001953 0.001953
1 0.199219 0.848633 0.011719 0.013672
1 0.250977 0.853516 0.013672 0.031250
1 0.669922 0.841797 0.011719 0.011719
0 0.315430 0.900391 0.087891 0.132812
1 0.620117 0.833984 0.001953 0.003906
0 0.379883 0.833008 0.001953 0.001953
0 0.999023 0.831055 0.001953 0.001953
1 0.991211 0.831055 0.001953 0.001953
1 0.064453 0.842773 0.011719 0.025391
0 0.711914 0.861328 0.029297 0.066406
1 0.618164 0.829102 0.001953 0.001953
1 0.623047 0.838867 0.011719 0.025391
0 0.993164 0.823242 0.001953 0.001953
0 0.856445 0.838867 0.033203 0.033203
1 0.998047 0.824219 0.003906 0.007812
0 0.715820 0.821289 0.001953 0.001953
0 0.517578 0.836914 0.042969 0.044922
0 0.283203 0.816406 0.003906 0.003906
1 0.166992 0.816406 0.001953 0.003906
1 0.157227 0.817383 0.005859 0.005859
1 0.121094 0.818359 0.003906 0.007812
0 0.848633 0.817383 0.017578 0.017578
1 0.442383 0.809570 0.001953 0.001953
0 0.383789 0.819336 0.017578 0.021484
1 0.309570 0.813477 0.005859 0.009766
0 0.383789 0.805664 0.001953 0.001953
1 0.142578 0.811523 0.015625 0.013672
1 0.106445 0.818359 0.017578 0.027344
1 0.788086 0.808594 0.005859 0.011719
0 0.404297 0.808594 0.007812 0.011719
0 0.389648 0.803711 0.001953 0.001953
0 0.760742 0.803711 0.005859 0.005859
0 0.990234 0.801758 0.007812 0.009766
0 0.272461 0.808594 0.037109 0.027344
0 0.999023 0.793945 0.001953 0.001953
1 0.014648 0.797852 0.005859 0.009766
1 0.421875 0.791016 0.007812 0.003906
1 0.406250 0.790039 0.003906 0.001953
1 0.887695 0.799805 0.025391 0.029297
1 0.336914 0.792969 0.017578 0.015625
1 0.155273 0.784180 0.001953 0.001953
0 0.943359 0.785156 0.019531 0.011719
0 0.921875 0.889648 0.156250 0.220703
0 0.974609 0.781250 0.007812 0.007812
0 0.548828 0.792969 0.039062 0.031250
1 0.324219 0.781250 0.003906 0.007812
0 0.727539 0.775391 0.009766 0.007812
0 0.966797 0.768555 0.003906 0.001953
1 0.479492 0.769531 0.005859 0.003906
0 0.971680 0.766602 0.001953 0.001953
1 0.423828 0.772461 0.031250 0.013672
0 0.928711 0.766602 0.001953 0.005859
0 0.869141 0.775391 0.023438 0.023438
0 0.727539 0.764648 0.001953 0.001953
1 0.549805 0.766602 0.013672 0.005859
1 0.264648 0.769531 0.009766 0.011719
1 0.142578 0.763672 0.011719 0.011719
1 0.155273 0.757812 0.005859 0.003906
1 0.651367 0.776367 0.041016 0.048828
1 0.654297 0.752930 0.003906 0.001953
1 0.993164 0.755859 0.013672 0.011719
0 0.752930 0.770508 0.037109 0.041016
0 0.931641 0.754883 0.007812 0.013672
0 0.807617 0.758789 0.021484 0.021484
0 0.978516 0.745117 0.003906 0.005859
0 0.806641 0.745117 0.003906 0.005859
0 0.961914 0.746094 0.013672 0.011719
0 0.559570 0.742188 0.001953 0.003906
1 0.524414 0.741211 0.001953 0.001953
0 0.045898 0.749023 0.009766 0.017578
0 0.652344 0.741211 0.039062 0.005859
1 0.185547 0.743164 0.011719 0.009766
1 0.862305 0.739258 0.001953 0.005859
1 0.416992 0.740234 0.005859 0.007812
1 0.179688 0.738281 0.003906 0.003906
1 0.168945 0.740234 0.005859 0.007812
0 0.974609 0.737305 0.003906 0.009766
1 0.804688 0.734375 0.003906 0.003906
1 0.226562 0.750000 0.023438 0.035156
0 0.059570 0.735352 0.005859 0.005859
1 0.826172 0.736328 0.011719 0.015625
1 0.445312 0.730469 0.003906 0.003906
0 0.614258 0.725586 0.001953 0.001953
0 0.998047 0.726562 0.003906 0.007812
0 0.648438 0.724609 0.011719 0.003906
1 0.137695 0.725586 0.005859 0.005859
1 0.239258 0.721680 0.001953 0.001953
1 0.477539 0.719727 0.001953 0.001953
1 0.442383 0.717773 0.001953 0.001953
1 0.381836 0.733398 0.033203 0.033203
1 0.754883 0.731445 0.068359 0.044922
1 0.420898 0.720703 0.017578 0.023438
1 0.345703 0.710938 0.003906 0.003906
1 0.392578 0.709961 0.003906 0.005859
0 0.934570 0.707031 0.001953 0.003906
0 0.274414 0.720703 0.013672 0.031250
1 0.813477 0.711914 0.013672 0.021484
1 0.285156 0.704102 0.003906 0.005859
1 0.220703 0.708008 0.007812 0.013672
1 0.783203 0.702148 0.011719 0.009766
1 0.449219 0.702148 0.011719 0.017578
0 0.995117 0.702148 0.009766 0.021484
0 0.659180 0.705078 0.017578 0.027344
1 0.893555 0.690430 0.001953 0.001953
0 0.643555 0.691406 0.009766 0.003906
1 0.557617 0.690430 0.001953 0.001953
1 0.481445 0.688477 0.001953 0.001953
1 0.553711 0.686523 0.001953 0.001953
0 0.902344 0.720703 0.042969 0.074219
1 0.475586 0.684570 0.001953 0.001953
0 0.602539 0.717773 0.064453 0.072266
1 0.491211 0.683594 0.001953 0.003906
1 0.458008 0.682617 0.001953 0.001953
1 0.842773 0.690430 0.021484 0.021484
1 0.711914 0.680664 0.005859 0.005859
0 0.635742 0.678711 0.001953 0.001953
0 0.508789 0.678711 0.001953 0.001953
1 0.163086 0.698242 0.037109 0.041016
1 0.841797 0.676758 0.003906 0.001953
1 0.351562 0.688477 0.015625 0.025391
1 0.137695 0.675781 0.001953 0.003906
1 0.128906 0.681641 0.007812 0.019531
0 0.951172 0.702148 0.019531 0.064453
0 0.280273 0.680664 0.009766 0.021484
1 0.875977 0.668945 0.001953 0.001953
0 0.663086 0.671875 0.025391 0.015625
1 0.698242 0.668945 0.013672 0.013672
1 0.349609 0.663086 0.003906 0.005859
0 0.523438 0.669922 0.035156 0.023438
0 0.041016 0.713867 0.078125 0.111328
0 0.969727 0.657227 0.001953 0.001953
1 0.879883 0.661133 0.005859 0.009766
0 0.924805 0.667969 0.013672 0.027344
0 0.299805 0.664062 0.021484 0.019531
1 0.848633 0.651367 0.001953 0.001953
1 0.588867 0.664062 0.025391 0.027344
0 0.507812 0.651367 0.003906 0.001953
1 0.086914 0.653320 0.001953 0.005859
1 0.747070 0.657227 0.025391 0.021484
0 0.015625 0.649414 0.007812 0.005859
1 0.668945 0.645508 0.001953 0.001953
0 0.499023 0.643555 0.001953 0.001953
1 0.319336 0.644531 0.005859 0.003906
1 0.861328 0.649414 0.015625 0.017578
0 0.533203 0.639648 0.003906 0.001953
0 0.698242 0.647461 0.017578 0.021484
1 0.874023 0.633789 0.001953 0.001953
0 0.524414 0.634766 0.001953 0.003906
0 0.951172 0.631836 0.003906 0.001953
0 0.720703 0.643555 0.031250 0.025391
1 0.694336 0.632812 0.001953 0.003906
1 0.605469 0.638672 0.019531 0.015625
1 0.519531 0.688477 0.101562 0.115234
1 0.936523 0.629883 0.001953 0.001953
0 0.272461 0.632812 0.001953 0.011719
1 0.691406 0.626953 0.003906 0.003906
1 0.361328 0.622070 0.003906 0.005859
0 0.241211 0.633789 0.029297 0.029297
1 0.946289 0.618164 0.001953 0.001953
1 0.454102 0.618164 0.001953 0.001953
1 0.465820 0.651367 0.064453 0.068359
1 0.385742 0.616211 0.001953 0.001953
0 0.964844 0.620117 0.011719 0.013672
1 0.853516 0.630859 0.035156 0.035156
1 0.457031 0.615234 0.003906 0.003906
1 0.412109 0.621094 0.011719 0.015625
1 0.365234 0.616211 0.007812 0.005859
1 0.937500 0.612305 0.003906 0.005859
0 0.274414 0.610352 0.001953 0.001953
1 0.793945 0.650391 0.044922 0.089844
1 0.938477 0.604492 0.001953 0.001953
0 0.745117 0.613281 0.013672 0.019531
1 0.476562 0.608398 0.007812 0.009766
0 0.317383 0.607422 0.009766 0.011719
1 0.588867 0.598633 0.001953 0.001953
0 0.291016 0.604492 0.007812 0.013672
1 0.873047 0.599609 0.011719 0.011719
1 0.760742 0.594727 0.001953 0.001953
0 0.541992 0.611328 0.017578 0.035156
1 0.413086 0.594727 0.001953 0.001953
0 0.039062 0.620117 0.058594 0.052734
1 0.685547 0.595703 0.007812 0.007812
0 0.270508 0.592773 0.001953 0.001953
0 0.252930 0.599609 0.017578 0.019531
0 0.089844 0.619141 0.042969 0.066406
1 0.883789 0.587891 0.013672 0.007812
0 0.121094 0.612305 0.023438 0.056641
0 0.006836 0.588867 0.009766 0.009766
1 0.243164 0.583008 0.001953 0.001953
1 0.557617 0.583008 0.017578 0.005859
0 0.995117 0.584961 0.009766 0.013672
1 0.680664 0.579102 0.005859 0.005859
1 0.606445 0.590820 0.013672 0.033203
0 0.375977 0.582031 0.009766 0.015625
1 0.164062 0.578125 0.003906 0.007812
1 0.684570 0.573242 0.001953 0.001953
0 0.139648 0.582031 0.009766 0.019531
1 0.473633 0.583984 0.017578 0.027344
0 0.147461 0.571289 0.001953 0.001953
0 0.902344 0.604492 0.050781 0.076172
1 0.334961 0.563477 0.001953 0.001953
0 0.077148 0.571289 0.025391 0.017578
0 0.702148 0.551758 0.001953 0.001953
1 0.449219 0.565430 0.023438 0.029297
1 0.897461 0.549805 0.005859 0.005859
0 0.715820 0.553711 0.013672 0.013672
0 0.704102 0.547852 0.001953 0.001953
0 0.256836 0.560547 0.013672 0.027344
0 0.011719 0.558594 0.023438 0.023438
1 0.708008 0.545898 0.001953 0.001953
1 0.418945 0.546875 0.001953 0.003906
0 0.793945 0.578125 0.044922 0.070312
1 0.697266 0.542969 0.003906 0.003906
1 0.576172 0.550781 0.011719 0.019531
1 0.193359 0.545898 0.007812 0.009766
1 0.168945 0.545898 0.013672 0.009766
0 0.991211 0.553711 0.017578 0.029297
1 0.707031 0.539062 0.003906 0.007812
1 0.784180 0.535156 0.001953 0.003906
1 0.719727 0.536133 0.005859 0.005859
1 0.510742 0.534180 0.001953 0.001953
1 0.456055 0.537109 0.005859 0.007812
1 0.452148 0.534180 0.001953 0.001953
1 0.712891 0.532227 0.003906 0.001953
1 0.706055 0.532227 0.001953 0.001953
1 0.392578 0.545898 0.031250 0.029297
0 0.196289 0.526367 0.001953 0.001953
0 0.831055 0.538086 0.029297 0.029297
1 0.004883 0.530273 0.009766 0.013672
1 0.403320 0.522461 0.001953 0.001953
1 0.122070 0.546875 0.044922 0.050781
1 0.517578 0.524414 0.007812 0.013672
1 0.442383 0.518555 0.001953 0.001953
1 0.641602 0.516602 0.001953 0.001953
1 0.626953 0.528320 0.023438 0.025391
1 0.122070 0.518555 0.013672 0.013672
1 0.770508 0.518555 0.021484 0.017578
1 0.118164 0.510742 0.001953 0.001953
1 0.617188 0.511719 0.007812 0.007812
1 0.582031 0.523438 0.007812 0.031250
1 0.643555 0.508789 0.005859 0.005859
1 0.458984 0.511719 0.007812 0.011719
0 0.303711 0.504883 0.001953 0.001953
0 0.296875 0.546875 0.058594 0.085938
1 0.525391 0.503906 0.003906 0.003906
1 0.526367 0.499023 0.001953 0.001953
0 0.479492 0.499023 0.001953 0.001953
0 0.917969 0.521484 0.027344 0.050781
0 0.357422 0.528320 0.042969 0.072266
0 0.484375 0.493164 0.003906 0.005859
0 0.214844 0.512695 0.027344 0.048828
1 0.860352 0.485352 0.001953 0.001953
1 0.098633 0.483398 0.001953 0.001953
1 0.717773 0.479492 0.001953 0.001953
0 0.256836 0.502930 0.041016 0.048828
1 0.030273 0.496094 0.009766 0.035156
0 0.683594 0.486328 0.015625 0.019531
0 0.820312 0.500977 0.035156 0.056641
1 0.111328 0.473633 0.003906 0.005859
1 0.095703 0.472656 0.003906 0.003906
1 0.887695 0.488281 0.017578 0.039062
0 0.245117 0.467773 0.001953 0.001953
1 0.494141 0.500977 0.054688 0.072266
1 0.667969 0.471680 0.015625 0.017578
0 0.309570 0.481445 0.029297 0.037109
1 0.417969 0.482422 0.019531 0.042969
0 0.972656 0.471680 0.019531 0.025391
1 0.604492 0.456055 0.001953 0.001953
1 0.026367 0.461914 0.005859 0.013672
1 0.339844 0.460938 0.011719 0.015625
0 0.248047 0.458008 0.003906 0.009766
1 0.613281 0.457031 0.007812 0.015625
0 0.459961 0.470703 0.029297 0.042969
1 0.858398 0.450195 0.001953 0.005859
0 0.475586 0.452148 0.009766 0.009766
0 0.820312 0.458984 0.042969 0.027344
1 0.283203 0.449219 0.019531 0.015625
1 0.253906 0.443359 0.003906 0.003906
0 0.157227 0.442383 0.005859 0.001953
1 0.315430 0.442383 0.017578 0.005859
0 0.983398 0.442383 0.033203 0.013672
0 0.819336 0.436523 0.001953 0.001953
1 0.254883 0.437500 0.001953 0.003906
1 0.066406 0.465820 0.023438 0.068359
1 0.008789 0.435547 0.001953 0.007812
0 0.831055 0.433594 0.005859 0.007812
1 0.364258 0.430664 0.001953 0.001953
1 0.290039 0.430664 0.005859 0.001953
1 0.930664 0.427734 0.001953 0.003906
1 0.608398 0.434570 0.009766 0.017578
0 0.538086 0.427734 0.009766 0.003906
0 0.062500 0.426758 0.003906 0.001953
1 0.250977 0.422852 0.001953 0.001953
0 0.146484 0.424805 0.003906 0.005859
1 0.307617 0.420898 0.001953 0.001953
1 0.301758 0.420898 0.001953 0.001953
1 0.946289 0.418945 0.001953 0.001953
1 0.942383 0.418945 0.001953 0.001953
0 0.592773 0.420898 0.009766 0.009766
1 0.386719 0.442383 0.042969 0.052734
1 0.345703 0.421875 0.019531 0.011719
0 0.165039 0.422852 0.017578 0.013672
1 0.700195 0.430664 0.017578 0.033203
1 0.875000 0.414062 0.003906 0.003906
0 0.444336 0.416992 0.013672 0.009766
1 0.962891 0.412109 0.003906 0.003906
1 0.955078 0.412109 0.007812 0.007812
1 0.355469 0.408203 0.011719 0.007812
1 0.998047 0.404297 0.003906 0.003906
0 0.544922 0.408203 0.015625 0.019531
0 0.486328 0.418945 0.089844 0.044922
0 0.218750 0.409180 0.031250 0.029297
1 0.103516 0.396484 0.003906 0.003906
1 0.146484 0.400391 0.011719 0.015625
0 0.055664 0.406250 0.017578 0.027344
1 0.241211 0.391602 0.001953 0.001953
1 0.200195 0.391602 0.001953 0.001953
1 0.186523 0.392578 0.001953 0.003906
1 0.738281 0.405273 0.015625 0.033203
0 0.294922 0.398438 0.023438 0.023438
0 0.620117 0.383789 0.001953 0.001953
1 0.652344 0.412109 0.066406 0.062500
0 0.602539 0.389648 0.013672 0.017578
1 0.104492 0.379883 0.001953 0.001953
1 0.723633 0.381836 0.013672 0.013672
1 0.066406 0.376953 0.003906 0.003906
1 0.192383 0.372070 0.001953 0.001953
1 0.925781 0.380859 0.015625 0.031250
1 0.932617 0.362305 0.001953 0.001953
1 0.223633 0.368164 0.013672 0.013672
1 0.237305 0.364258 0.009766 0.013672
1 0.866211 0.356445 0.001953 0.001953
1 0.711914 0.356445 0.001953 0.001953
1 0.146484 0.352539 0.007812 0.005859
1 0.713867 0.348633 0.001953 0.001953
0 0.613281 0.360352 0.023438 0.025391
1 0.192383 0.348633 0.005859 0.005859
1 0.208984 0.345703 0.003906 0.007812
0 0.099609 0.354492 0.035156 0.029297
0 0.066406 0.343750 0.011719 0.023438
1 0.969727 0.333008 0.017578 0.013672
0 0.054688 0.345703 0.015625 0.042969
0 0.128906 0.327148 0.011719 0.013672
1 0.613281 0.322266 0.007812 0.007812
1 0.594727 0.321289 0.009766 0.009766
1 0.941406 0.318359 0.007812 0.015625
0 0.077148 0.316406 0.005859 0.011719
0 0.818359 0.307617 0.003906 0.005859
1 0.721680 0.305664 0.001953 0.001953
1 0.694336 0.320312 0.017578 0.035156
1 0.420898 0.309570 0.013672 0.013672
0 0.366211 0.313477 0.021484 0.021484
0 0.249023 0.307617 0.001953 0.009766
0 0.844727 0.320312 0.037109 0.042969
0 0.318359 0.312500 0.015625 0.027344
0 0.827148 0.382812 0.111328 0.175781
0 0.198242 0.297852 0.001953 0.005859
0 0.818359 0.294922 0.007812 0.003906
1 0.386719 0.294922 0.007812 0.007812
1 0.168945 0.298828 0.005859 0.015625
0 0.119141 0.308594 0.031250 0.046875
1 0.014648 0.323242 0.029297 0.080078
1 0.654297 0.288086 0.015625 0.013672
1 0.062500 0.298828 0.027344 0.035156
1 0.426758 0.280273 0.001953 0.001953
1 0.083008 0.281250 0.001953 0.003906
1 0.675781 0.281250 0.007812 0.011719
0 0.104492 0.276367 0.001953 0.001953
0 0.815430 0.276367 0.013672 0.005859
0 0.978516 0.272461 0.003906 0.001953
0 0.836914 0.272461 0.001953 0.001953
0 0.446289 0.282227 0.013672 0.021484
1 0.424805 0.270508 0.001953 0.001953
1 0.067383 0.272461 0.009766 0.005859
1 0.479492 0.268555 0.001953 0.001953
1 0.089844 0.286133 0.019531 0.037109
1 0.752930 0.266602 0.001953 0.001953
0 0.286133 0.287109 0.029297 0.042969
0 0.202148 0.267578 0.001953 0.003906
1 0.015625 0.272461 0.007812 0.013672
0 0.978516 0.265625 0.003906 0.003906
1 0.426758 0.265625 0.001953 0.003906
1 0.376953 0.268555 0.003906 0.009766
0 0.822266 0.264648 0.011719 0.005859
1 0.749023 0.262695 0.001953 0.001953
0 0.435547 0.263672 0.003906 0.003906
1 0.426758 0.260742 0.001953 0.001953
1 0.747070 0.258789 0.001953 0.001953
0 0.286133 0.259766 0.001953 0.003906
0 0.282227 0.259766 0.001953 0.003906
0 0.434570 0.256836 0.001953 0.001953
1 0.963867 0.256836 0.005859 0.013672
1 0.492188 0.250977 0.003906 0.001953
1 0.922852 0.250000 0.005859 0.003906
0 0.428711 0.252930 0.005859 0.009766
1 0.719727 0.247070 0.001953 0.001953
1 0.499023 0.248047 0.001953 0.003906
0 0.398438 0.252930 0.003906 0.013672
1 0.731445 0.245117 0.001953 0.001953
0 0.273438 0.248047 0.003906 0.007812
0 0.393555 0.243164 0.001953 0.001953
1 0.893555 0.242188 0.005859 0.007812
1 0.913086 0.239258 0.005859 0.005859
0 0.112305 0.239258 0.005859 0.005859
0 0.384766 0.248047 0.011719 0.027344
0 0.296875 0.250977 0.042969 0.033203
0 0.012695 0.250977 0.025391 0.033203
1 0.891602 0.233398 0.001953 0.001953
0 0.640625 0.250000 0.023438 0.035156
1 0.785156 0.235352 0.007812 0.009766
1 0.522461 0.234375 0.013672 0.007812
1 0.732422 0.298828 0.035156 0.140625
1 0.541016 0.231445 0.007812 0.005859
0 0.261719 0.231445 0.003906 0.005859
1 0.916016 0.231445 0.015625 0.009766
1 0.976562 0.232422 0.011719 0.015625
1 0.745117 0.221680 0.001953 0.001953
0 0.636719 0.222656 0.007812 0.003906
1 0.531250 0.222656 0.003906 0.003906
1 0.538086 0.221680 0.005859 0.005859
1 0.526367 0.219727 0.001953 0.001953
0 0.279297 0.221680 0.015625 0.005859
1 0.747070 0.217773 0.001953 0.001953
1 0.067383 0.228516 0.013672 0.023438
1 0.336914 0.217773 0.005859 0.005859
1 0.870117 0.216797 0.009766 0.007812
1 0.548828 0.213867 0.003906 0.001953
1 0.416016 0.227539 0.023438 0.029297
0 0.670898 0.219727 0.017578 0.017578
0 0.225586 0.267578 0.048828 0.121094
0 0.137695 0.206055 0.001953 0.001953
1 0.353516 0.209961 0.011719 0.013672
0 0.265625 0.208008 0.015625 0.009766
1 0.471680 0.204102 0.009766 0.005859
0 0.209961 0.202148 0.001953 0.001953
0 0.925781 0.208984 0.023438 0.019531
1 0.426758 0.201172 0.001953 0.003906
1 0.754883 0.198242 0.001953 0.001953
0 0.847656 0.222656 0.046875 0.054688
1 0.448242 0.200195 0.009766 0.009766
0 0.140625 0.247070 0.058594 0.103516
1 0.998047 0.196289 0.003906 0.005859
1 0.752930 0.194336 0.001953 0.001953
1 0.346680 0.194336 0.001953 0.001953
0 0.911133 0.192383 0.001953 0.001953
1 0.350586 0.192383 0.001953 0.001953
1 0.754883 0.190430 0.001953 0.001953
1 0.486328 0.191406 0.003906 0.003906
1 0.913086 0.188477 0.001953 0.001953
0 0.071289 0.193359 0.005859 0.011719
1 0.749023 0.186523 0.001953 0.001953
1 0.810547 0.192383 0.011719 0.017578
1 0.646484 0.184570 0.007812 0.009766
1 0.525391 0.183594 0.007812 0.007812
1 0.988281 0.179688 0.003906 0.007812
1 0.469727 0.185547 0.029297 0.019531
0 0.260742 0.176758 0.001953 0.001953
0 0.935547 0.180664 0.007812 0.017578
1 0.622070 0.170898 0.001953 0.001953
1 0.447266 0.174805 0.019531 0.009766
1 0.194336 0.171875 0.001953 0.003906
1 0.453125 0.169922 0.003906 0.003906
1 0.653320 0.166992 0.001953 0.001953
1 0.532227 0.167969 0.001953 0.003906
1 0.476562 0.170898 0.007812 0.009766
1 0.426758 0.177734 0.009766 0.023438
1 0.194336 0.166992 0.001953 0.001953
0 0.903320 0.165039 0.001953 0.001953
1 0.363281 0.171875 0.011719 0.015625
1 0.647461 0.164062 0.009766 0.011719
0 0.875977 0.173828 0.052734 0.042969
1 0.668945 0.151367 0.001953 0.001953
1 0.494141 0.152344 0.003906 0.003906
0 0.224609 0.176758 0.019531 0.052734
1 0.513672 0.269531 0.156250 0.246094
0 0.921875 0.155273 0.019531 0.021484
0 0.881836 0.144531 0.005859 0.003906
0 0.896484 0.146484 0.011719 0.011719
1 0.966797 0.152344 0.015625 0.027344
1 0.657227 0.144531 0.009766 0.011719
0 0.013672 0.183594 0.027344 0.089844
0 0.847656 0.154297 0.031250 0.039062
0 0.424805 0.147461 0.013672 0.029297
0 0.887695 0.133789 0.005859 0.005859
1 0.489258 0.131836 0.001953 0.001953
1 0.454102 0.133789 0.021484 0.009766
1 0.499023 0.125977 0.001953 0.001953
1 0.202148 0.127930 0.001953 0.005859
0 0.845703 0.127930 0.007812 0.009766
1 0.510742 0.146484 0.052734 0.054688
1 0.404297 0.120117 0.003906 0.005859
1 0.903320 0.115234 0.005859 0.007812
1 0.813477 0.110352 0.013672 0.005859
1 0.759766 0.113281 0.007812 0.015625
1 0.210938 0.106445 0.003906 0.001953
0 0.691406 0.128906 0.027344 0.054688
0 0.666016 0.107422 0.011719 0.011719
0 0.579102 0.118164 0.017578 0.033203
1 0.510742 0.102539 0.001953 0.001953
0 0.281250 0.107422 0.007812 0.011719
0 0.872070 0.116211 0.041016 0.037109
0 0.602539 0.119141 0.021484 0.042969
0 0.043945 0.098633 0.001953 0.001953
0 0.333984 0.095703 0.003906 0.003906
1 0.371094 0.115234 0.015625 0.046875
0 0.289062 0.157227 0.101562 0.130859
1 0.834961 0.090820 0.001953 0.001953
1 0.813477 0.093750 0.013672 0.007812
0 0.045898 0.091797 0.001953 0.003906
0 0.090820 0.139648 0.021484 0.107422
1 0.755859 0.083984 0.003906 0.003906
1 0.520508 0.083008 0.005859 0.009766
0 0.449219 0.102539 0.031250 0.048828
0 0.013672 0.105469 0.027344 0.054688
1 0.209961 0.085938 0.013672 0.019531
1 0.940430 0.077148 0.009766 0.005859
1 0.416016 0.079102 0.015625 0.009766
1 0.932617 0.073242 0.001953 0.001953
1 0.577148 0.067383 0.001953 0.001953
1 0.488281 0.070312 0.007812 0.007812
1 0.483398 0.067383 0.001953 0.001953
1 0.477539 0.067383 0.001953 0.001953
1 0.825195 0.071289 0.041016 0.013672
1 0.544922 0.072266 0.015625 0.019531
1 0.630859 0.072266 0.023438 0.023438
1 0.575195 0.062500 0.001953 0.003906
1 0.502930 0.059570 0.001953 0.001953
0 0.324219 0.064453 0.015625 0.015625
0 0.023438 0.071289 0.011719 0.029297
1 0.924805 0.062500 0.029297 0.015625
1 0.805664 0.055664 0.001953 0.001953
0 0.402344 0.054688 0.007812 0.007812
0 0.763672 0.050781 0.007812 0.007812
1 0.966797 0.047852 0.007812 0.005859
0 0.392578 0.059570 0.023438 0.029297
0 0.099609 0.058594 0.019531 0.027344
1 0.596680 0.043945 0.001953 0.001953
1 0.894531 0.046875 0.027344 0.015625
0 0.006836 0.040039 0.001953 0.001953
1 0.581055 0.044922 0.013672 0.015625
0 0.739258 0.046875 0.025391 0.027344
1 0.957031 0.035156 0.015625 0.015625
0 0.266602 0.046875 0.033203 0.039062
1 0.222656 0.033203 0.003906 0.011719
0 0.177734 0.032227 0.007812 0.009766
0 0.057617 0.028320 0.001953 0.001953
0 0.037109 0.029297 0.015625 0.031250
1 0.924805 0.012695 0.001953 0.001953
0 0.153320 0.116211 0.095703 0.212891
1 0.831055 0.008789 0.001953 0.001953
1 0.814453 0.008789 0.003906 0.005859
1 0.499023 0.004883 0.005859 0.005859
0 0.895508 0.001953 0.009766 0.003906
1 0.839844 0.009766 0.027344 0.019531
1 0.832031 0.002930 0.015625 0.005859
1 0.808594 0.015625 0.011719 0.031250
0 0.745117 0.006836 0.013672 0.013672
0 0.713867 0.021484 0.048828 0.042969
1 0.548828 0.030273 0.023438 0.060547
0 0.387695 0.016602 0.029297 0.033203
0 0.271484 0.003906 0.007812 0.007812
1 0.223633 0.005859 0.013672 0.011719
0 0.174805 0.008789 0.021484 0.017578
0 0.122070 0.000977 0.001953 0.001953
0 0.099609 0.022461 0.019531 0.044922
0 0.004883 0.005859 0.005859 0.011719
3 0.791992 0.988281 0.013672 0.015625
3 0.776367 0.981445 0.001953 0.001953
2 0.942383 0.979492 0.001953 0.001953
2 0.947266 0.974609 0.003906 0.003906
2 0.961914 0.984375 0.025391 0.031250
2 0.026367 0.965820 0.001953 0.001953
2 0.950195 0.946289 0.001953 0.001953
2 0.956055 0.944336 0.001953 0.001953
3 0.997070 0.945312 0.005859 0.015625
2 0.911133 0.954102 0.056641 0.091797
2 0.946289 0.890625 0.001953 0.003906
3 0.964844 0.908203 0.070312 0.062500
2 0.891602 0.858398 0.001953 0.001953
2 0.885742 0.858398 0.001953 0.001953
2 0.889648 0.853516 0.001953 0.003906
2 0.970703 0.814453 0.003906 0.003906
2 0.947266 0.824219 0.042969 0.046875
3 0.020508 0.344727 0.001953 0.001953
2 0.007812 0.204102 0.015625 0.013672
2 0.012695 0.189453 0.005859 0.003906
3 0.500000 0.500000 1.000000 1.000000