2 0.769531 0.847656 0.003906 0.003906
2 0.770508 0.815430 0.001953 0.001953
2 0.051758 0.518555 0.001953 0.001953
2 0.856445 0.415039 0.001953 0.001953
2 0.967773 0.333008 0.001953 0.001953
2 0.978516 0.329102 0.003906 0.001953
2 0.057617 0.323242 0.001953 0.001953
2 0.948242 0.299805 0.001953 0.001953
2 0.500000 0.500000 1.000000 1.000000
3 0.102539 0.989258 0.001953 0.001953
3 0.176758 0.956055 0.001953 0.001953
3 0.220703 0.916992 0.003906 0.005859
3 0.471680 0.860352 0.005859 0.005859
3 0.489258 0.858398 0.025391 0.017578
3 0.109375 0.912109 0.218750 0.156250
3 0.594727 0.819336 0.001953 0.001953
3 0.600586 0.816406 0.005859 0.003906
3 0.214844 0.812500 0.003906 0.003906
3 0.835938 0.902344 0.195312 0.195312
3 0.450195 0.790039 0.001953 0.001953
3 0.446289 0.788086 0.001953 0.001953
3 0.462891 0.786133 0.003906 0.001953
3 0.458008 0.784180 0.001953 0.001953
3 0.454102 0.736328 0.005859 0.003906
3 0.051758 0.757812 0.052734 0.058594
3 0.282227 0.623047 0.017578 0.019531
3 0.360352 0.610352 0.001953 0.001953
3 0.350586 0.598633 0.001953 0.001953
3 0.838867 0.577148 0.001953 0.001953
3 0.837891 0.563477 0.003906 0.001953
3 0.832031 0.563477 0.003906 0.001953
3 0.842773 0.561523 0.001953 0.001953
3 0.059570 0.545898 0.001953 0.001953
3 0.004883 0.543945 0.001953 0.001953
3 0.448242 0.541992 0.001953 0.001953
3 0.057617 0.539062 0.001953 0.003906
3 0.452148 0.532227 0.001953 0.001953
3 0.049805 0.510742 0.001953 0.001953
3 0.039062 0.527344 0.078125 0.039062
3 0.575195 0.487305 0.001953 0.001953
3 0.426758 0.499023 0.068359 0.064453
3 0.959961 0.480469 0.044922 0.039062
3 0.621094 0.456055 0.003906 0.001953
3 0.721680 0.430664 0.001953 0.001953
3 0.102539 0.424805 0.001953 0.001953
3 0.213867 0.422852 0.001953 0.001953
3 0.207031 0.403320 0.007812 0.005859
3 0.015625 0.437500 0.031250 0.078125
3 0.618164 0.397461 0.001953 0.001953
3 0.002930 0.395508 0.001953 0.001953
3 0.584961 0.389648 0.001953 0.005859
3 0.003906 0.389648 0.007812 0.005859
3 0.587891 0.383789 0.003906 0.001953
3 0.598633 0.413086 0.052734 0.068359
3 0.354492 0.372070 0.001953 0.001953
3 0.030273 0.356445 0.001953 0.001953
3 0.614258 0.355469 0.001953 0.003906
3 0.090820 0.351562 0.001953 0.003906
3 0.469727 0.433594 0.212891 0.175781
3 0.975586 0.317383 0.001953 0.001953
3 0.972656 0.307617 0.003906 0.001953
3 0.310547 0.308594 0.003906 0.003906
3 0.230469 0.432617 0.273438 0.267578
3 0.916992 0.291992 0.001953 0.001953
3 0.938477 0.290039 0.001953 0.001953
3 0.564453 0.535156 0.605469 0.500000
3 0.926758 0.369141 0.146484 0.171875
3 0.852539 0.287109 0.009766 0.011719
3 0.382812 0.298828 0.054688 0.050781
3 0.827148 0.270508 0.001953 0.001953
3 0.687500 0.270508 0.003906 0.001953
3 0.035156 0.312500 0.070312 0.085938
3 0.256836 0.268555 0.001953 0.001953
3 0.254883 0.264648 0.001953 0.001953
3 0.682617 0.260742 0.001953 0.001953
3 0.648438 0.258789 0.003906 0.005859
3 0.641602 0.256836 0.001953 0.001953
3 0.280273 0.305664 0.099609 0.103516
3 0.649414 0.233398 0.001953 0.001953
3 0.666992 0.243164 0.044922 0.037109
3 0.844727 0.247070 0.056641 0.087891
3 0.993164 0.208984 0.013672 0.042969
3 0.999023 0.183594 0.001953 0.003906
3 0.411133 0.135742 0.001953 0.001953
3 0.510742 0.110352 0.005859 0.009766
3 0.499023 0.102539 0.001953 0.001953
3 0.471680 0.096680 0.001953 0.001953
3 0.502930 0.094727 0.001953 0.001953
3 0.476562 0.093750 0.003906 0.003906
3 0.491211 0.092773 0.017578 0.017578
3 0.411133 0.069336 0.001953 0.001953
3 0.393555 0.102539 0.064453 0.072266
3 0.331055 0.048828 0.068359 0.058594