0 0.869141 0.998047 0.007812 0.003906
0 0.401367 0.993164 0.013672 0.013672
1 0.972656 0.990234 0.027344 0.019531
0 0.471680 0.988281 0.009766 0.015625
0 0.871094 0.982422 0.007812 0.007812
1 0.954102 0.977539 0.001953 0.005859
0 0.466797 0.973633 0.003906 0.001953
0 0.505859 0.971680 0.003906 0.001953
0 0.490234 0.977539 0.023438 0.013672
1 0.920898 0.971680 0.001953 0.005859
0 0.162109 0.974609 0.023438 0.023438
1 0.685547 0.962891 0.007812 0.003906
0 0.064453 0.956055 0.003906 0.001953
1 0.586914 0.936523 0.001953 0.001953
1 0.364258 0.943359 0.021484 0.015625
0 0.252930 0.940430 0.013672 0.013672
1 0.552734 0.933594 0.007812 0.007812
0 0.194336 0.922852 0.001953 0.001953
0 0.254883 0.923828 0.005859 0.007812
0 0.215820 0.925781 0.009766 0.015625
0 0.202148 0.916992 0.001953 0.001953
1 0.033203 0.914062 0.003906 0.003906
0 0.264648 0.912109 0.009766 0.007812
0 0.234375 0.911133 0.011719 0.005859
1 0.605469 0.920898 0.023438 0.029297
0 0.561523 0.913086 0.009766 0.017578
0 0.184570 0.882812 0.005859 0.003906
1 0.420898 0.877930 0.001953 0.001953
1 0.397461 0.875977 0.001953 0.001953
1 0.410156 0.872070 0.003906 0.001953
1 0.381836 0.877930 0.005859 0.013672
1 0.417969 0.867188 0.003906 0.003906
1 0.407227 0.865234 0.005859 0.007812
1 0.616211 0.858398 0.001953 0.001953
1 0.409180 0.858398 0.001953 0.001953
1 0.323242 0.856445 0.001953 0.001953
1 0.296875 0.875000 0.050781 0.039062
1 0.805664 0.848633 0.001953 0.001953
1 0.577148 0.846680 0.001953 0.001953
1 0.403320 0.849609 0.005859 0.007812
1 0.592773 0.851562 0.025391 0.015625
1 0.583008 0.840820 0.001953 0.001953
0 0.241211 0.868164 0.064453 0.064453
0 0.186523 0.837891 0.001953 0.003906
0 0.239258 0.833008 0.001953 0.001953
0 0.219727 0.829102 0.001953 0.001953
1 0.788086 0.833984 0.017578 0.019531
0 0.220703 0.832031 0.031250 0.023438
0 0.679688 0.835938 0.011719 0.039062
0 0.664062 0.819336 0.003906 0.005859
0 0.671875 0.811523 0.003906 0.001953
0 0.702148 0.828125 0.033203 0.050781
1 0.777344 0.803711 0.011719 0.009766
1 0.772461 0.793945 0.001953 0.001953
0 0.516602 0.789062 0.029297 0.019531
0 0.296875 0.774414 0.015625 0.009766
1 0.130859 0.781250 0.027344 0.031250
1 0.145508 0.762695 0.001953 0.001953
1 0.159180 0.757812 0.005859 0.003906
0 0.273438 0.752930 0.003906 0.001953
1 0.777344 0.752930 0.003906 0.005859
0 0.278320 0.750977 0.001953 0.001953
0 0.300781 0.749023 0.003906 0.001953
0 0.282227 0.756836 0.013672 0.017578
0 0.168945 0.735352 0.001953 0.001953
0 0.165039 0.736328 0.001953 0.003906
0 0.159180 0.736328 0.005859 0.003906
0 0.441406 0.732422 0.003906 0.003906
0 0.922852 0.729492 0.001953 0.001953
0 0.909180 0.729492 0.001953 0.001953
0 0.930664 0.721680 0.001953 0.001953
0 0.921875 0.719727 0.003906 0.001953
0 0.915039 0.717773 0.001953 0.001953
0 0.441406 0.718750 0.003906 0.003906
0 0.290039 0.713867 0.001953 0.001953
0 0.900391 0.711914 0.003906 0.001953
0 0.420898 0.724609 0.009766 0.027344
0 0.154297 0.719727 0.023438 0.021484
0 0.434570 0.706055 0.001953 0.001953
1 0.678711 0.701172 0.005859 0.003906
0 0.320312 0.716797 0.031250 0.035156
0 0.439453 0.687500 0.003906 0.003906
1 0.686523 0.683594 0.001953 0.003906
0 0.481445 0.682617 0.072266 0.044922
0 0.319336 0.657227 0.009766 0.005859
0 0.307617 0.645508 0.001953 0.001953
0 0.680664 0.643555 0.001953 0.001953
1 0.686523 0.643555 0.001953 0.005859
0 0.676758 0.642578 0.001953 0.007812
0 0.321289 0.640625 0.005859 0.007812
0 0.475586 0.614258 0.005859 0.005859
0 0.327148 0.614258 0.009766 0.005859
0 0.687500 0.619141 0.023438 0.035156
1 0.545898 0.598633 0.001953 0.001953
1 0.547852 0.594727 0.005859 0.001953
0 0.278320 0.594727 0.001953 0.001953
1 0.900391 0.595703 0.003906 0.007812
0 0.321289 0.587891 0.001953 0.003906
0 0.364258 0.581055 0.001953 0.001953
0 0.010742 0.591797 0.021484 0.023438
0 0.356445 0.575195 0.001953 0.001953
0 0.437500 0.589844 0.023438 0.035156
0 0.298828 0.576172 0.003906 0.007812
0 0.705078 0.573242 0.007812 0.005859
1 0.958008 0.573242 0.013672 0.017578
0 0.327148 0.574219 0.017578 0.019531
1 0.684570 0.563477 0.001953 0.001953
0 0.114258 0.569336 0.009766 0.013672
1 0.909180 0.561523 0.001953 0.001953
1 0.656250 0.562500 0.003906 0.003906
1 0.909180 0.557617 0.001953 0.001953
0 0.499023 0.609375 0.083984 0.105469
0 0.402344 0.560547 0.011719 0.011719
1 0.255859 0.557617 0.003906 0.005859
0 0.250977 0.555664 0.001953 0.001953
0 0.125977 0.560547 0.009766 0.011719
0 0.433594 0.559570 0.019531 0.013672
1 0.239258 0.553711 0.001953 0.001953
0 0.691406 0.552734 0.003906 0.003906
0 0.176758 0.560547 0.017578 0.019531
0 0.533203 0.571289 0.039062 0.044922
0 0.752930 0.562500 0.017578 0.031250
0 0.508789 0.551758 0.005859 0.009766
0 0.282227 0.547852 0.001953 0.001953
0 0.452148 0.548828 0.013672 0.007812
0 0.691406 0.544922 0.003906 0.007812
0 0.194336 0.551758 0.025391 0.021484
0 0.239258 0.546875 0.021484 0.019531
0 0.692383 0.537109 0.001953 0.003906
0 0.218750 0.544922 0.015625 0.019531
1 0.658203 0.539062 0.011719 0.011719
0 0.252930 0.539062 0.021484 0.011719
1 0.052734 0.535156 0.007812 0.003906
1 0.633789 0.534180 0.013672 0.009766
0 0.694336 0.530273 0.005859 0.005859
0 0.522461 0.528320 0.013672 0.009766
0 0.354492 0.526367 0.041016 0.017578
0 0.575195 0.516602 0.001953 0.001953
0 0.573242 0.513672 0.005859 0.003906
0 0.384766 0.511719 0.003906 0.007812
0 0.709961 0.533203 0.017578 0.054688
1 0.067383 0.506836 0.025391 0.017578
1 0.963867 0.500977 0.009766 0.009766
0 0.424805 0.498047 0.017578 0.015625
0 0.898438 0.491211 0.011719 0.013672
0 0.000977 0.477539 0.001953 0.001953
0 0.500977 0.473633 0.001953 0.005859
0 0.789062 0.473633 0.015625 0.017578
0 0.001953 0.469727 0.003906 0.009766
0 0.750977 0.497070 0.033203 0.068359
0 0.573242 0.465820 0.009766 0.005859
0 0.577148 0.459961 0.001953 0.001953
0 0.614258 0.458008 0.001953 0.001953
0 0.614258 0.454102 0.001953 0.001953
1 0.092773 0.451172 0.005859 0.003906
0 0.075195 0.455078 0.001953 0.011719
1 0.090820 0.446289 0.001953 0.001953
0 0.605469 0.448242 0.011719 0.009766
0 0.583008 0.448242 0.009766 0.009766
1 0.223633 0.456055 0.029297 0.029297
0 0.751953 0.446289 0.015625 0.013672
0 0.436523 0.433594 0.005859 0.003906
0 0.636719 0.437500 0.015625 0.019531
1 0.764648 0.426758 0.001953 0.001953
1 0.469727 0.420898 0.001953 0.001953
1 0.481445 0.418945 0.001953 0.001953
1 0.483398 0.415039 0.001953 0.001953
1 0.495117 0.413086 0.001953 0.001953
1 0.500977 0.411133 0.001953 0.001953
1 0.751953 0.416992 0.023438 0.017578
1 0.506836 0.407227 0.001953 0.001953
1 0.492188 0.409180 0.011719 0.005859
1 0.567383 0.407227 0.001953 0.005859
1 0.502930 0.401367 0.001953 0.001953
1 0.303711 0.401367 0.001953 0.001953
1 0.508789 0.398438 0.001953 0.003906
1 0.309570 0.399414 0.009766 0.013672
1 0.823242 0.389648 0.001953 0.001953
0 0.581055 0.391602 0.009766 0.005859
0 0.092773 0.389648 0.001953 0.001953
1 0.834961 0.409180 0.060547 0.044922
1 0.831055 0.383789 0.001953 0.001953
1 0.448242 0.383789 0.001953 0.001953
1 0.330078 0.385742 0.003906 0.005859
0 0.225586 0.378906 0.001953 0.003906
1 0.409180 0.364258 0.001953 0.001953
0 0.579102 0.362305 0.001953 0.001953
0 0.583008 0.371094 0.009766 0.023438
0 0.573242 0.358398 0.005859 0.005859
1 0.513672 0.350586 0.003906 0.005859
1 0.498047 0.346680 0.023438 0.009766
0 0.123047 0.354492 0.035156 0.025391
1 0.497070 0.340820 0.001953 0.001953
1 0.553711 0.338867 0.001953 0.001953
0 0.627930 0.335938 0.001953 0.003906
0 0.620117 0.333984 0.005859 0.007812
1 0.422852 0.327148 0.001953 0.001953
0 0.867188 0.332031 0.027344 0.019531
0 0.915039 0.324219 0.009766 0.011719
1 0.534180 0.334961 0.041016 0.033203
1 0.441406 0.320312 0.003906 0.003906
0 0.651367 0.317383 0.001953 0.001953
1 0.421875 0.343750 0.031250 0.054688
0 0.666016 0.318359 0.011719 0.007812
0 0.641602 0.315430 0.001953 0.001953
1 0.425781 0.319336 0.015625 0.009766
0 0.881836 0.320312 0.009766 0.015625
1 0.690430 0.312500 0.001953 0.003906
0 0.649414 0.309570 0.001953 0.001953
0 0.926758 0.312500 0.013672 0.011719
0 0.898438 0.325195 0.015625 0.037109
1 0.689453 0.307617 0.003906 0.001953
1 0.676758 0.307617 0.021484 0.013672
1 0.695312 0.293945 0.007812 0.001953
0 0.899414 0.288086 0.001953 0.001953
0 0.961914 0.291016 0.005859 0.011719
0 0.901367 0.284180 0.001953 0.001953
0 0.038086 0.291016 0.021484 0.019531
1 0.899414 0.276367 0.001953 0.001953
0 0.948242 0.274414 0.005859 0.017578
1 0.228516 0.267578 0.003906 0.003906
0 0.924805 0.266602 0.025391 0.025391
0 0.448242 0.252930 0.001953 0.001953
1 0.772461 0.249023 0.001953 0.001953
1 0.415039 0.258789 0.025391 0.021484
0 0.943359 0.252930 0.011719 0.021484
1 0.741211 0.241211 0.001953 0.001953
1 0.821289 0.236328 0.005859 0.011719
0 0.477539 0.242188 0.021484 0.023438
1 0.614258 0.229492 0.001953 0.001953
0 0.210938 0.240234 0.015625 0.023438
0 0.433594 0.237305 0.023438 0.041016
0 0.959961 0.226562 0.009766 0.023438
1 0.548828 0.214844 0.007812 0.003906
0 0.456055 0.208984 0.005859 0.003906
1 0.601562 0.206055 0.003906 0.001953
1 0.590820 0.206055 0.001953 0.001953
0 0.495117 0.204102 0.001953 0.001953
0 0.493164 0.200195 0.001953 0.001953
1 0.583008 0.198242 0.001953 0.001953
1 0.542969 0.203125 0.007812 0.011719
0 0.442383 0.202148 0.017578 0.009766
1 0.589844 0.201172 0.015625 0.011719
1 0.557617 0.188477 0.001953 0.001953
1 0.587891 0.186523 0.003906 0.001953
1 0.588867 0.182617 0.001953 0.001953
0 0.458008 0.191406 0.013672 0.019531
1 0.567383 0.192383 0.029297 0.029297
0 0.437500 0.182617 0.007812 0.009766
1 0.541992 0.177734 0.001953 0.003906
0 0.176758 0.201172 0.041016 0.050781
0 0.774414 0.175781 0.001953 0.003906
1 0.485352 0.174805 0.001953 0.001953
1 0.577148 0.173828 0.001953 0.003906
1 0.479492 0.174805 0.005859 0.013672
0 0.431641 0.171875 0.007812 0.007812
0 0.880859 0.167969 0.003906 0.003906
0 0.019531 0.176758 0.023438 0.021484
0 0.013672 0.165039 0.007812 0.005859
0 0.008789 0.151367 0.001953 0.001953
0 0.002930 0.157227 0.005859 0.013672
1 0.507812 0.141602 0.003906 0.001953
1 0.521484 0.166992 0.070312 0.052734
1 0.586914 0.139648 0.001953 0.001953
1 0.418945 0.135742 0.001953 0.001953
0 0.770508 0.133789 0.009766 0.009766
0 0.590820 0.130859 0.037109 0.023438
0 0.360352 0.132812 0.052734 0.046875
0 0.352539 0.108398 0.001953 0.001953
1 0.907227 0.102539 0.001953 0.001953
0 0.663086 0.105469 0.013672 0.019531
1 0.459961 0.096680 0.001953 0.001953
0 0.458008 0.090820 0.001953 0.001953
0 0.712891 0.087891 0.003906 0.003906
1 0.538086 0.086914 0.001953 0.001953
0 0.517578 0.093750 0.023438 0.019531
0 0.709961 0.083008 0.001953 0.001953
0 0.681641 0.091797 0.027344 0.019531
1 0.541992 0.083008 0.001953 0.005859
1 0.221680 0.081055 0.001953 0.001953
0 0.549805 0.077148 0.017578 0.017578
0 0.573242 0.071289 0.025391 0.009766
0 0.731445 0.086914 0.029297 0.044922
1 0.975586 0.061523 0.001953 0.001953
0 0.481445 0.055664 0.005859 0.005859
0 0.027344 0.057617 0.023438 0.017578
0 0.860352 0.057617 0.021484 0.033203
1 0.073242 0.041992 0.001953 0.001953
0 0.614258 0.046875 0.017578 0.023438
1 0.659180 0.028320 0.001953 0.001953
0 0.067383 0.033203 0.013672 0.011719
1 0.941406 0.030273 0.011719 0.013672
0 0.039062 0.021484 0.011719 0.003906
0 0.537109 0.035156 0.039062 0.046875
0 0.305664 0.026367 0.017578 0.033203
0 0.598633 0.001953 0.009766 0.003906
0 0.503906 0.003906 0.015625 0.007812
0 0.483398 0.021484 0.021484 0.042969
0 0.442383 0.006836 0.005859 0.013672
3 0.500000 0.500000 1.000000 1.000000