1 0.970703 0.999023 0.003906 0.001953
1 0.946289 0.999023 0.001953 0.001953
0 0.813477 0.999023 0.001953 0.001953
1 0.689453 0.999023 0.007812 0.001953
1 0.367188 0.999023 0.007812 0.001953
0 0.850586 0.998047 0.005859 0.003906
1 0.702148 0.998047 0.005859 0.003906
0 0.288086 0.997070 0.013672 0.005859
0 0.061523 0.995117 0.009766 0.005859
0 0.813477 0.991211 0.001953 0.001953
0 0.880859 0.989258 0.003906 0.001953
1 0.759766 0.991211 0.019531 0.017578
0 0.248047 0.991211 0.019531 0.017578
0 0.994141 0.983398 0.003906 0.005859
0 0.860352 0.982422 0.005859 0.007812
0 0.999023 0.977539 0.001953 0.001953
0 0.029297 0.988281 0.058594 0.023438
0 0.790039 0.984375 0.033203 0.023438
1 0.689453 0.976562 0.015625 0.011719
1 0.411133 0.981445 0.025391 0.021484
1 0.387695 0.971680 0.001953 0.001953
1 0.346680 0.972656 0.001953 0.003906
0 0.124023 0.985352 0.056641 0.029297
1 0.947266 0.975586 0.011719 0.013672
0 0.570312 0.984375 0.171875 0.031250
1 0.178711 0.975586 0.009766 0.013672
0 0.053711 0.972656 0.013672 0.007812
1 0.237305 0.965820 0.001953 0.001953
1 0.963867 0.963867 0.001953 0.001953
0 0.823242 0.975586 0.025391 0.025391
1 0.247070 0.966797 0.013672 0.007812
0 0.948242 0.961914 0.001953 0.001953
0 0.944336 0.961914 0.001953 0.001953
0 0.888672 0.974609 0.027344 0.027344
0 0.041992 0.960938 0.005859 0.003906
1 0.993164 0.965820 0.013672 0.017578
0 0.299805 0.970703 0.029297 0.031250
0 0.006836 0.966797 0.013672 0.023438
1 0.350586 0.956055 0.001953 0.005859
1 0.716797 0.955078 0.011719 0.007812
1 0.263672 0.952148 0.007812 0.005859
1 0.572266 0.946289 0.003906 0.005859
0 0.485352 0.958008 0.029297 0.029297
1 0.461914 0.951172 0.013672 0.015625
1 0.963867 0.942383 0.001953 0.001953
0 0.316406 0.955078 0.019531 0.027344
1 0.263672 0.943359 0.003906 0.003906
0 0.062500 0.946289 0.003906 0.009766
0 0.961914 0.949219 0.021484 0.019531
1 0.245117 0.943359 0.009766 0.007812
0 0.089844 0.958008 0.035156 0.037109
0 0.921875 0.957031 0.027344 0.039062
1 0.691406 0.944336 0.011719 0.013672
1 0.174805 0.940430 0.005859 0.005859
0 0.288086 0.936523 0.005859 0.005859
1 0.114258 0.934570 0.001953 0.001953
1 0.839844 0.937500 0.019531 0.011719
1 0.702148 0.938477 0.013672 0.013672
1 0.120117 0.938477 0.009766 0.013672
1 0.878906 0.936523 0.019531 0.013672
0 0.759766 0.935547 0.011719 0.015625
0 0.409180 0.937500 0.009766 0.019531
0 0.258789 0.929688 0.009766 0.003906
0 0.143555 0.942383 0.017578 0.029297
0 0.951172 0.929688 0.007812 0.007812
0 0.423828 0.931641 0.019531 0.015625
0 0.131836 0.928711 0.005859 0.009766
0 0.756836 0.920898 0.001953 0.001953
0 0.031250 0.921875 0.003906 0.003906
1 0.986328 0.924805 0.007812 0.013672
1 0.999023 0.916992 0.001953 0.001953
0 0.150391 0.919922 0.003906 0.007812
0 0.775391 0.916992 0.007812 0.005859
1 0.186523 0.915039 0.001953 0.001953
1 0.663086 0.918945 0.017578 0.013672
0 0.283203 0.918945 0.027344 0.013672
0 0.063477 0.913086 0.001953 0.001953
0 0.375977 0.942383 0.044922 0.068359
0 0.065430 0.909180 0.001953 0.001953
0 0.783203 0.908203 0.007812 0.003906
0 0.774414 0.909180 0.009766 0.005859
0 0.750977 0.909180 0.005859 0.005859
1 0.445312 0.908203 0.011719 0.007812
1 0.912109 0.907227 0.015625 0.009766
1 0.532227 0.903320 0.001953 0.001953
1 0.332031 0.910156 0.011719 0.019531
1 0.204102 0.900391 0.005859 0.003906
0 0.142578 0.908203 0.019531 0.019531
0 0.540039 0.898438 0.005859 0.003906
0 0.179688 0.905273 0.027344 0.017578
0 0.059570 0.901367 0.013672 0.009766
0 0.291016 0.904297 0.042969 0.019531
0 0.023438 0.902344 0.019531 0.023438
0 0.767578 0.893555 0.015625 0.013672
1 0.999023 0.886719 0.001953 0.003906
1 0.893555 0.890625 0.033203 0.019531
0 0.792969 0.884766 0.019531 0.007812
0 0.031250 0.886719 0.011719 0.011719
1 0.812500 0.880859 0.003906 0.003906
0 0.543945 0.884766 0.025391 0.011719
1 0.299805 0.879883 0.001953 0.001953
1 0.766602 0.877930 0.001953 0.001953
1 0.698242 0.879883 0.005859 0.005859
1 0.324219 0.878906 0.007812 0.007812
1 0.927734 0.875977 0.003906 0.005859
1 0.875000 0.874023 0.003906 0.001953
1 0.291992 0.876953 0.009766 0.007812
0 0.065430 0.882812 0.021484 0.019531
1 0.347656 0.876953 0.007812 0.011719
1 0.877930 0.870117 0.001953 0.001953
1 0.561523 0.920898 0.197266 0.103516
1 0.372070 0.871094 0.001953 0.003906
1 0.304688 0.874023 0.019531 0.009766
1 0.729492 0.871094 0.009766 0.007812
1 0.295898 0.868164 0.001953 0.001953
1 0.491211 0.867188 0.017578 0.007812
1 0.874023 0.864258 0.005859 0.005859
1 0.327148 0.866211 0.013672 0.009766
1 0.214844 0.863281 0.003906 0.003906
0 0.049805 0.863281 0.001953 0.003906
1 0.342773 0.858398 0.001953 0.001953
0 0.901367 0.858398 0.009766 0.005859
0 0.814453 0.857422 0.007812 0.003906
1 0.357422 0.861328 0.007812 0.011719
1 0.953125 0.860352 0.019531 0.013672
0 0.140625 0.854492 0.003906 0.001953
0 0.504883 0.858398 0.017578 0.013672
0 0.829102 0.850586 0.001953 0.001953
0 0.510742 0.850586 0.001953 0.001953
1 0.230469 0.850586 0.011719 0.005859
0 0.147461 0.851562 0.005859 0.007812
1 0.940430 0.849609 0.009766 0.007812
1 0.723633 0.850586 0.005859 0.013672
0 0.077148 0.860352 0.021484 0.033203
0 0.670898 0.855469 0.025391 0.027344
1 0.977539 0.845703 0.013672 0.011719
0 0.440430 0.840820 0.001953 0.001953
0 0.796875 0.851562 0.027344 0.027344
0 0.459961 0.836914 0.001953 0.001953
1 0.706055 0.834961 0.001953 0.001953
0 0.123047 0.855469 0.031250 0.042969
0 0.084961 0.833008 0.001953 0.001953
0 0.895508 0.832031 0.005859 0.003906
0 0.805664 0.831055 0.001953 0.001953
0 0.441406 0.854492 0.132812 0.048828
1 0.851562 0.837891 0.015625 0.019531
1 0.854492 0.829102 0.001953 0.001953
0 0.801758 0.829102 0.001953 0.001953
1 0.919922 0.840820 0.027344 0.029297
0 0.821289 0.834961 0.017578 0.017578
1 0.598633 0.827148 0.001953 0.001953
0 0.818359 0.823242 0.003906 0.001953
0 0.811523 0.823242 0.001953 0.001953
0 0.875977 0.835938 0.021484 0.031250
0 0.535156 0.840820 0.050781 0.041016
0 0.084961 0.821289 0.001953 0.001953
1 0.625000 0.820312 0.011719 0.007812
0 0.564453 0.826172 0.031250 0.019531
0 0.760742 0.839844 0.056641 0.050781
1 0.643555 0.820312 0.013672 0.015625
0 0.844727 0.811523 0.001953 0.001953
0 0.795898 0.815430 0.013672 0.009766
0 0.778320 0.811523 0.001953 0.001953
0 0.926758 0.810547 0.005859 0.003906
0 0.731445 0.816406 0.009766 0.019531
1 0.680664 0.811523 0.009766 0.009766
0 0.465820 0.806641 0.009766 0.007812
0 0.096680 0.803711 0.001953 0.001953
0 0.405273 0.813477 0.033203 0.025391
0 0.848633 0.803711 0.005859 0.009766
1 0.624023 0.801758 0.005859 0.005859
0 0.451172 0.801758 0.007812 0.005859
1 0.185547 0.807617 0.015625 0.017578
0 0.040039 0.842773 0.080078 0.087891
0 0.872070 0.797852 0.001953 0.001953
1 0.629883 0.793945 0.001953 0.001953
0 0.029297 0.800781 0.035156 0.015625
0 0.439453 0.803711 0.023438 0.025391
0 0.954102 0.806641 0.037109 0.035156
0 0.867188 0.801758 0.011719 0.025391
1 0.989258 0.788086 0.001953 0.001953
0 0.808594 0.795898 0.023438 0.017578
1 0.754883 0.786133 0.001953 0.001953
1 0.685547 0.787109 0.003906 0.003906
1 0.653320 0.788086 0.005859 0.005859
1 0.169922 0.787109 0.007812 0.007812
0 0.040039 0.784180 0.005859 0.001953
1 0.756836 0.782227 0.001953 0.001953
1 0.647461 0.782227 0.001953 0.001953
1 0.641602 0.792969 0.017578 0.023438
1 0.609375 0.784180 0.003906 0.005859
1 0.315430 0.782227 0.001953 0.001953
1 0.975586 0.781250 0.021484 0.011719
1 0.630859 0.783203 0.011719 0.015625
1 0.591797 0.774414 0.003906 0.001953
0 0.418945 0.773438 0.009766 0.003906
1 0.154297 0.779297 0.015625 0.015625
1 0.609375 0.771484 0.003906 0.003906
0 0.114258 0.770508 0.001953 0.001953
1 0.060547 0.777344 0.011719 0.015625
1 0.993164 0.770508 0.013672 0.009766
1 0.522461 0.769531 0.009766 0.007812
0 0.132812 0.767578 0.003906 0.003906
0 0.722656 0.777344 0.015625 0.027344
1 0.405273 0.768555 0.009766 0.009766
1 0.379883 0.770508 0.005859 0.013672
0 0.016602 0.782227 0.033203 0.037109
1 0.595703 0.764648 0.011719 0.005859
1 0.339844 0.763672 0.003906 0.003906
0 0.696289 0.760742 0.001953 0.001953
1 0.581055 0.759766 0.001953 0.003906
1 0.326172 0.797852 0.089844 0.083984
1 0.309570 0.756836 0.001953 0.001953
0 0.673828 0.752930 0.003906 0.005859
0 0.445312 0.762695 0.039062 0.029297
0 0.719727 0.750000 0.005859 0.007812
1 0.573242 0.745117 0.005859 0.001953
1 0.257812 0.747070 0.007812 0.005859
1 0.579102 0.742188 0.001953 0.003906
1 0.585938 0.738281 0.003906 0.003906
1 0.320312 0.746094 0.015625 0.019531
1 0.183594 0.748047 0.015625 0.023438
1 0.762695 0.736328 0.005859 0.003906
0 0.667969 0.738281 0.007812 0.007812
1 0.548828 0.745117 0.023438 0.021484
0 0.122070 0.778320 0.060547 0.087891
1 0.736328 0.741211 0.019531 0.017578
1 0.712891 0.734375 0.003906 0.003906
1 0.586914 0.733398 0.001953 0.001953
1 0.583008 0.731445 0.001953 0.001953
1 0.402344 0.733398 0.003906 0.005859
1 0.381836 0.731445 0.001953 0.001953
0 0.958008 0.729492 0.005859 0.001953
0 0.018555 0.750977 0.037109 0.044922
0 0.997070 0.727539 0.001953 0.001953
1 0.691406 0.727539 0.003906 0.001953
0 0.649414 0.742188 0.021484 0.031250
1 0.316406 0.729492 0.003906 0.005859
1 0.448242 0.725586 0.001953 0.001953
1 0.264648 0.723633 0.001953 0.001953
0 0.000977 0.724609 0.001953 0.003906
0 0.918945 0.776367 0.083984 0.111328
1 0.456055 0.722656 0.001953 0.003906
1 0.229492 0.721680 0.001953 0.001953
1 0.164062 0.746094 0.015625 0.050781
1 0.286133 0.724609 0.005859 0.011719
1 0.458008 0.717773 0.001953 0.001953
0 0.962891 0.716797 0.003906 0.003906
0 0.875977 0.718750 0.005859 0.007812
0 0.827148 0.748047 0.060547 0.066406
1 0.684570 0.715820 0.001953 0.001953
1 0.322266 0.720703 0.007812 0.011719
1 0.093750 0.716797 0.003906 0.007812
0 0.955078 0.710938 0.007812 0.003906
1 0.630859 0.709961 0.003906 0.001953
1 0.365234 0.716797 0.011719 0.015625
0 0.258789 0.710938 0.005859 0.003906
1 0.215820 0.709961 0.001953 0.001953
1 0.758789 0.708984 0.001953 0.003906
1 0.099609 0.708984 0.003906 0.003906
0 0.902344 0.709961 0.007812 0.009766
0 0.272461 0.710938 0.005859 0.011719
1 0.405273 0.705078 0.001953 0.003906
1 0.158203 0.709961 0.011719 0.013672
0 0.028320 0.724609 0.037109 0.042969
0 0.959961 0.702148 0.001953 0.001953
0 0.282227 0.708008 0.009766 0.013672
0 0.860352 0.700195 0.001953 0.001953
0 0.887695 0.697266 0.001953 0.003906
0 0.862305 0.696289 0.001953 0.001953
1 0.422852 0.702148 0.009766 0.013672
0 0.259766 0.701172 0.011719 0.011719
1 0.110352 0.696289 0.001953 0.001953
1 0.718750 0.700195 0.015625 0.013672
1 0.360352 0.697266 0.017578 0.015625
0 0.282227 0.695312 0.013672 0.011719
1 0.113281 0.691406 0.003906 0.003906
1 0.098633 0.690430 0.001953 0.001953
0 0.992188 0.701172 0.015625 0.027344
0 0.885742 0.690430 0.001953 0.005859
0 0.291992 0.688477 0.001953 0.001953
1 0.108398 0.688477 0.001953 0.001953
1 0.813477 0.688477 0.005859 0.005859
1 0.555664 0.690430 0.017578 0.009766
1 0.299805 0.686523 0.001953 0.001953
1 0.278320 0.686523 0.001953 0.001953
1 0.308594 0.685547 0.003906 0.003906
1 0.266602 0.684570 0.001953 0.001953
1 0.666992 0.714844 0.048828 0.066406
1 0.730469 0.684570 0.011719 0.009766
1 0.502930 0.684570 0.009766 0.009766
0 0.493164 0.680664 0.001953 0.001953
1 0.227539 0.761719 0.080078 0.164062
1 0.308594 0.678711 0.003906 0.001953
0 0.989258 0.676758 0.001953 0.001953
1 0.747070 0.681641 0.005859 0.011719
0 0.618164 0.675781 0.001953 0.003906
1 0.302734 0.676758 0.003906 0.005859
1 0.668945 0.676758 0.005859 0.009766
1 0.217773 0.673828 0.005859 0.003906
0 0.006836 0.681641 0.013672 0.019531
0 0.998047 0.671875 0.003906 0.003906
0 0.867188 0.682617 0.015625 0.025391
0 0.489258 0.675781 0.009766 0.011719
1 0.964844 0.669922 0.003906 0.003906
1 0.778320 0.668945 0.001953 0.001953
0 0.635742 0.668945 0.001953 0.001953
1 0.514648 0.668945 0.001953 0.001953
1 0.745117 0.668945 0.005859 0.005859
1 0.431641 0.675781 0.015625 0.019531
1 0.776367 0.665039 0.001953 0.001953
1 0.206055 0.665039 0.001953 0.001953
1 0.532227 0.671875 0.025391 0.019531
1 0.102539 0.664062 0.009766 0.007812
1 0.291016 0.660156 0.003906 0.003906
0 0.878906 0.660156 0.011719 0.007812
0 0.543945 0.657227 0.001953 0.001953
1 0.213867 0.660156 0.021484 0.007812
1 0.151367 0.657227 0.001953 0.001953
1 0.457031 0.658203 0.015625 0.007812
1 0.345703 0.656250 0.003906 0.003906
1 0.770508 0.657227 0.005859 0.009766
1 0.158203 0.654297 0.003906 0.003906
1 0.740234 0.651367 0.003906 0.001953
1 0.721680 0.659180 0.029297 0.021484
1 0.817383 0.647461 0.001953 0.001953
1 0.792969 0.650391 0.007812 0.007812
1 0.399414 0.649414 0.001953 0.005859
1 0.115234 0.651367 0.011719 0.009766
1 0.964844 0.646484 0.003906 0.003906
0 0.926758 0.646484 0.005859 0.003906
1 0.300781 0.650391 0.011719 0.011719
1 0.840820 0.643555 0.005859 0.001953
0 0.536133 0.643555 0.001953 0.001953
1 0.319336 0.643555 0.001953 0.001953
1 0.759766 0.641602 0.003906 0.001953
0 0.515625 0.645508 0.035156 0.009766
0 0.484375 0.645508 0.003906 0.009766
1 0.666016 0.659180 0.042969 0.041016
1 0.406250 0.640625 0.003906 0.003906
1 0.314453 0.639648 0.003906 0.001953
1 0.144531 0.645508 0.011719 0.017578
0 0.889648 0.645508 0.013672 0.021484
1 0.374023 0.641602 0.021484 0.013672
1 0.000977 0.635742 0.001953 0.001953
0 0.523438 0.628906 0.003906 0.003906
1 0.263672 0.648438 0.019531 0.046875
1 0.099609 0.626953 0.003906 0.003906
1 0.041992 0.630859 0.013672 0.011719
0 0.922852 0.630859 0.017578 0.015625
0 0.842773 0.624023 0.001953 0.001953
1 0.592773 0.646484 0.087891 0.050781
1 0.083984 0.626953 0.011719 0.015625
0 0.507812 0.621094 0.015625 0.007812
1 0.560547 0.614258 0.003906 0.001953
1 0.092773 0.614258 0.001953 0.001953
1 0.792969 0.615234 0.011719 0.007812
1 0.017578 0.617188 0.011719 0.011719
0 0.823242 0.616211 0.017578 0.013672
1 0.756836 0.610352 0.001953 0.001953
1 0.745117 0.606445 0.001953 0.001953
0 0.536133 0.612305 0.021484 0.017578
1 0.321289 0.605469 0.005859 0.003906
0 0.550781 0.606445 0.007812 0.009766
1 0.330078 0.603516 0.003906 0.003906
1 0.003906 0.605469 0.007812 0.007812
1 0.811523 0.601562 0.001953 0.003906
1 0.775391 0.604492 0.015625 0.009766
1 0.599609 0.601562 0.003906 0.003906
1 0.248047 0.596680 0.003906 0.001953
0 0.681641 0.598633 0.019531 0.017578
1 0.262695 0.598633 0.021484 0.017578
1 0.051758 0.596680 0.009766 0.013672
0 0.735352 0.590820 0.017578 0.013672
1 0.424805 0.584961 0.001953 0.001953
1 0.601562 0.583984 0.003906 0.003906
1 0.555664 0.583008 0.001953 0.001953
0 0.482422 0.593750 0.023438 0.023438
1 0.374023 0.582031 0.009766 0.007812
0 0.940430 0.574219 0.005859 0.007812
0 0.500000 0.581055 0.011719 0.021484
1 0.834961 0.569336 0.001953 0.001953
0 0.487305 0.570312 0.021484 0.011719
1 0.430664 0.566406 0.001953 0.003906
0 0.702148 0.569336 0.013672 0.013672
1 0.128906 0.581055 0.019531 0.041016
0 0.516602 0.569336 0.009766 0.021484
1 0.772461 0.563477 0.009766 0.013672
1 0.413086 0.557617 0.001953 0.001953
0 0.536133 0.572266 0.013672 0.035156
1 0.083008 0.561523 0.013672 0.013672
1 0.068359 0.559570 0.007812 0.009766
1 0.541992 0.553711 0.001953 0.001953
1 0.095703 0.560547 0.011719 0.015625
0 0.002930 0.559570 0.005859 0.013672
0 0.022461 0.562500 0.029297 0.023438
0 0.950195 0.549805 0.001953 0.001953
1 0.757812 0.549805 0.003906 0.001953
1 0.320312 0.551758 0.007812 0.005859
0 0.913086 0.581055 0.056641 0.068359
1 0.398438 0.549805 0.015625 0.013672
1 0.282227 0.546875 0.009766 0.007812
0 0.061523 0.543945 0.013672 0.005859
0 0.719727 0.541992 0.001953 0.005859
1 0.247070 0.541016 0.001953 0.003906
0 0.478516 0.539062 0.003906 0.003906
1 0.081055 0.539062 0.005859 0.003906
0 0.870117 0.536133 0.001953 0.001953
0 0.805664 0.534180 0.001953 0.001953
0 0.500977 0.543945 0.025391 0.021484
0 0.482422 0.539062 0.007812 0.011719
1 0.296875 0.541016 0.019531 0.015625
0 0.918945 0.530273 0.001953 0.001953
1 0.520508 0.530273 0.001953 0.001953
1 0.831055 0.528320 0.001953 0.001953
0 0.815430 0.535156 0.009766 0.015625
1 0.305664 0.528320 0.001953 0.001953
1 0.238281 0.538086 0.019531 0.021484
0 0.025391 0.531250 0.015625 0.007812
1 0.197266 0.528320 0.007812 0.005859
1 0.130859 0.530273 0.023438 0.009766
0 0.893555 0.530273 0.017578 0.017578
1 0.711914 0.521484 0.001953 0.003906
0 0.914062 0.519531 0.003906 0.007812
1 0.426758 0.525391 0.005859 0.019531
1 0.012695 0.516602 0.001953 0.001953
1 0.979492 0.514648 0.001953 0.001953
0 0.891602 0.514648 0.001953 0.001953
0 0.588867 0.522461 0.029297 0.021484
1 0.961914 0.508789 0.001953 0.001953
0 0.930664 0.509766 0.005859 0.003906
0 0.864258 0.520508 0.025391 0.025391
0 0.147461 0.508789 0.001953 0.001953
1 0.958008 0.506836 0.001953 0.001953
1 0.079102 0.514648 0.021484 0.017578
1 0.010742 0.507812 0.001953 0.003906
1 0.065430 0.504883 0.001953 0.001953
1 0.005859 0.509766 0.011719 0.011719
0 0.888672 0.505859 0.011719 0.007812
1 0.315430 0.500977 0.001953 0.001953
1 0.031250 0.505859 0.015625 0.011719
0 0.794922 0.512695 0.035156 0.029297
1 0.567383 0.505859 0.013672 0.015625
0 0.899414 0.499023 0.005859 0.005859
0 0.154297 0.500977 0.011719 0.017578
1 0.750977 0.494141 0.005859 0.007812
1 0.315430 0.494141 0.005859 0.007812
1 0.278320 0.496094 0.017578 0.011719
0 0.867188 0.489258 0.003906 0.001953
1 0.418945 0.492188 0.005859 0.007812
1 0.999023 0.486328 0.001953 0.003906
0 0.881836 0.490234 0.021484 0.011719
0 0.594727 0.484375 0.001953 0.003906
0 0.174805 0.479492 0.001953 0.001953
0 0.928711 0.476562 0.001953 0.003906
0 0.909180 0.479492 0.013672 0.009766
1 0.658203 0.476562 0.003906 0.007812
1 0.341797 0.474609 0.003906 0.003906
1 0.944336 0.476562 0.021484 0.011719
1 0.288086 0.469727 0.001953 0.001953
0 0.203125 0.474609 0.011719 0.011719
0 0.120117 0.482422 0.017578 0.027344
0 0.118164 0.469727 0.001953 0.001953
0 0.578125 0.472656 0.023438 0.011719
1 0.230469 0.471680 0.011719 0.009766
1 0.252930 0.467773 0.005859 0.005859
0 0.114258 0.468750 0.005859 0.007812
1 0.942383 0.463867 0.001953 0.001953
1 0.651367 0.463867 0.001953 0.001953
0 0.469727 0.495117 0.033203 0.064453
1 0.971680 0.459961 0.001953 0.001953
0 0.127930 0.459961 0.001953 0.001953
0 0.078125 0.466797 0.011719 0.015625
0 0.343750 0.463867 0.011719 0.013672
0 0.850586 0.456055 0.001953 0.001953
0 0.844727 0.456055 0.001953 0.001953
1 0.901367 0.456055 0.001953 0.005859
0 0.866211 0.460938 0.021484 0.019531
1 0.973633 0.450195 0.001953 0.001953
1 0.355469 0.452148 0.007812 0.009766
1 0.063477 0.446289 0.001953 0.001953
0 0.833984 0.458984 0.027344 0.031250
0 0.787109 0.466797 0.039062 0.046875
1 0.370117 0.442383 0.001953 0.001953
1 0.297852 0.443359 0.005859 0.003906
1 0.687500 0.439453 0.007812 0.003906
1 0.225586 0.438477 0.001953 0.001953
1 0.761719 0.440430 0.007812 0.009766
1 0.506836 0.442383 0.021484 0.013672
1 0.455078 0.436523 0.003906 0.001953
0 0.848633 0.442383 0.033203 0.017578
1 0.680664 0.434570 0.001953 0.001953
1 0.625977 0.515625 0.146484 0.164062
0 0.570312 0.446289 0.011719 0.025391
0 0.476562 0.445312 0.027344 0.023438
1 0.259766 0.445312 0.027344 0.023438
1 0.131836 0.435547 0.001953 0.003906
1 0.714844 0.458008 0.042969 0.052734
1 0.526367 0.442383 0.013672 0.021484
1 0.493164 0.432617 0.001953 0.001953
1 0.450195 0.432617 0.001953 0.001953
1 0.820312 0.431641 0.003906 0.003906
1 0.354492 0.431641 0.005859 0.003906
1 0.329102 0.433594 0.009766 0.007812
1 0.276367 0.434570 0.013672 0.009766
1 0.381836 0.440430 0.025391 0.025391
1 0.227539 0.429688 0.001953 0.003906
0 0.088867 0.431641 0.005859 0.007812
0 0.194336 0.445312 0.029297 0.039062
1 0.297852 0.429688 0.021484 0.011719
1 0.512695 0.422852 0.001953 0.001953
1 0.250000 0.427734 0.011719 0.011719
1 0.368164 0.418945 0.001953 0.001953
1 0.865234 0.420898 0.011719 0.009766
1 0.814453 0.422852 0.015625 0.013672
0 0.849609 0.416992 0.007812 0.005859
1 0.731445 0.415039 0.001953 0.001953
0 0.120117 0.418945 0.013672 0.009766
0 0.094727 0.415039 0.001953 0.001953
0 0.471680 0.413086 0.001953 0.001953
1 0.661133 0.411133 0.001953 0.001953
1 0.545898 0.417969 0.025391 0.015625
1 0.918945 0.410156 0.001953 0.003906
1 0.567383 0.412109 0.001953 0.007812
1 0.561523 0.409180 0.001953 0.001953
0 0.855469 0.408203 0.007812 0.007812
0 0.059570 0.423828 0.013672 0.039062
1 0.678711 0.410156 0.013672 0.015625
0 0.125977 0.403320 0.001953 0.001953
1 0.561523 0.403320 0.001953 0.005859
0 0.475586 0.399414 0.001953 0.001953
1 0.381836 0.403320 0.013672 0.013672
1 0.346680 0.398438 0.001953 0.003906
1 0.762695 0.395508 0.001953 0.001953
0 0.817383 0.401367 0.029297 0.017578
1 0.489258 0.409180 0.029297 0.033203
0 0.254883 0.394531 0.005859 0.003906
1 0.233398 0.398438 0.009766 0.011719
1 0.229492 0.393555 0.001953 0.001953
0 0.023438 0.397461 0.007812 0.009766
0 0.014648 0.416992 0.017578 0.048828
1 0.529297 0.402344 0.031250 0.031250
1 0.334961 0.388672 0.001953 0.003906
1 0.202148 0.387695 0.001953 0.001953
0 0.014648 0.385742 0.001953 0.001953
1 0.954102 0.383789 0.001953 0.001953
1 0.874023 0.387695 0.013672 0.009766
0 0.021484 0.384766 0.007812 0.003906
0 0.839844 0.389648 0.011719 0.017578
0 0.830078 0.383789 0.003906 0.005859
1 0.945312 0.383789 0.011719 0.009766
0 0.854492 0.379883 0.001953 0.001953
1 0.707031 0.384766 0.007812 0.011719
0 0.291992 0.390625 0.056641 0.035156
1 0.557617 0.371094 0.001953 0.003906
1 0.416016 0.377930 0.019531 0.017578
1 0.424805 0.365234 0.005859 0.003906
0 0.833008 0.368164 0.009766 0.013672
1 0.409180 0.367188 0.009766 0.015625
0 0.324219 0.364258 0.015625 0.009766
1 0.287109 0.361328 0.003906 0.003906
0 0.833008 0.358398 0.001953 0.001953
1 0.732422 0.360352 0.007812 0.005859
0 0.634766 0.372070 0.027344 0.029297
0 0.224609 0.374023 0.050781 0.033203
0 0.009766 0.368164 0.019531 0.021484
1 0.887695 0.356445 0.001953 0.001953
0 0.846680 0.355469 0.005859 0.003906
0 0.486328 0.369141 0.011719 0.031250
1 0.862305 0.352539 0.001953 0.001953
0 0.146484 0.390625 0.046875 0.078125
0 0.685547 0.354492 0.019531 0.009766
1 0.530273 0.359375 0.013672 0.019531
0 0.279297 0.351562 0.003906 0.003906
0 0.147461 0.350586 0.001953 0.001953
1 0.346680 0.352539 0.005859 0.009766
0 0.227539 0.350586 0.017578 0.009766
0 0.464844 0.367188 0.019531 0.046875
0 0.777344 0.353516 0.011719 0.023438
0 0.265625 0.356445 0.042969 0.033203
0 0.680664 0.342773 0.013672 0.009766
1 0.893555 0.336914 0.001953 0.001953
1 0.316406 0.337891 0.003906 0.003906
1 0.607422 0.336914 0.011719 0.009766
1 0.374023 0.333008 0.001953 0.001953
0 0.002930 0.334961 0.005859 0.005859
0 0.666016 0.333984 0.011719 0.011719
0 0.244141 0.330078 0.003906 0.003906
0 0.678711 0.323242 0.001953 0.001953
0 0.298828 0.333984 0.039062 0.023438
0 0.071289 0.367188 0.095703 0.089844
0 0.403320 0.330078 0.029297 0.019531
1 0.192383 0.321289 0.001953 0.001953
0 0.672852 0.319336 0.001953 0.001953
0 0.781250 0.319336 0.003906 0.005859
1 0.329102 0.315430 0.001953 0.001953
1 0.572266 0.316406 0.011719 0.011719
1 0.370117 0.309570 0.001953 0.001953
1 0.325195 0.309570 0.001953 0.001953
1 0.291992 0.309570 0.001953 0.001953
1 0.869141 0.317383 0.015625 0.021484
1 0.296875 0.313477 0.011719 0.013672
0 0.347656 0.307617 0.003906 0.005859
0 0.286133 0.305664 0.001953 0.001953
0 0.013672 0.315430 0.027344 0.021484
0 0.647461 0.312500 0.021484 0.023438
1 0.294922 0.303711 0.007812 0.005859
0 0.286133 0.301758 0.001953 0.001953
0 0.233398 0.322266 0.080078 0.046875
0 0.009766 0.300781 0.003906 0.003906
1 0.695312 0.295898 0.003906 0.001953
0 0.133789 0.321289 0.064453 0.052734
1 0.851562 0.294922 0.003906 0.003906
0 0.366211 0.293945 0.001953 0.001953
0 0.204102 0.298828 0.005859 0.011719
1 0.790039 0.299805 0.009766 0.021484
1 0.761719 0.292969 0.015625 0.007812
1 0.121094 0.290039 0.003906 0.001953
0 0.424805 0.298828 0.021484 0.023438
0 0.381836 0.288086 0.001953 0.001953
1 0.417969 0.288086 0.007812 0.005859
1 0.437500 0.284180 0.003906 0.001953
0 0.553711 0.286133 0.013672 0.009766
1 0.386719 0.284180 0.003906 0.005859
1 0.677734 0.275391 0.011719 0.007812
1 0.658203 0.273438 0.007812 0.007812
1 0.877930 0.268555 0.001953 0.001953
1 0.856445 0.270508 0.005859 0.005859
0 0.366211 0.273438 0.017578 0.011719
0 0.340820 0.285156 0.025391 0.035156
1 0.884766 0.268555 0.007812 0.005859
0 0.053711 0.287109 0.056641 0.046875
1 0.852539 0.263672 0.001953 0.003906
0 0.379883 0.260742 0.001953 0.001953
0 0.199219 0.269531 0.011719 0.019531
0 0.359375 0.257812 0.003906 0.007812
1 0.862305 0.256836 0.009766 0.009766
0 0.827148 0.254883 0.013672 0.009766
1 0.678711 0.253906 0.013672 0.007812
0 0.628906 0.257812 0.011719 0.015625
0 0.104492 0.269531 0.041016 0.039062
0 0.054688 0.255859 0.011719 0.011719
0 0.806641 0.251953 0.011719 0.007812
1 0.874023 0.247070 0.001953 0.001953
0 0.100586 0.247070 0.001953 0.001953
0 0.010742 0.247070 0.001953 0.001953
1 0.165039 0.258789 0.025391 0.029297
1 0.875977 0.243164 0.001953 0.001953
0 0.372070 0.241211 0.001953 0.001953
0 0.073242 0.242188 0.005859 0.003906
1 0.002930 0.246094 0.005859 0.011719
0 0.760742 0.240234 0.005859 0.003906
1 0.116211 0.239258 0.001953 0.001953
1 0.109375 0.238281 0.007812 0.003906
1 0.649414 0.240234 0.017578 0.011719
1 0.873047 0.235352 0.007812 0.009766
1 0.820312 0.230469 0.003906 0.003906
0 0.526367 0.252930 0.029297 0.048828
1 0.091797 0.232422 0.011719 0.007812
1 0.723633 0.230469 0.005859 0.007812
0 0.601562 0.236328 0.019531 0.023438
0 0.252930 0.264648 0.076172 0.080078
0 0.779297 0.225586 0.007812 0.005859
1 0.480469 0.222656 0.003906 0.003906
0 0.227539 0.222656 0.017578 0.007812
0 0.916016 0.241211 0.031250 0.048828
0 0.387695 0.231445 0.025391 0.029297
0 0.771484 0.214844 0.003906 0.003906
0 0.746094 0.224609 0.015625 0.023438
1 0.040039 0.234375 0.044922 0.042969
0 0.754883 0.209961 0.001953 0.001953
0 0.569336 0.213867 0.009766 0.009766
1 0.131836 0.210938 0.001953 0.003906
1 0.109375 0.209961 0.003906 0.001953
0 0.937500 0.212891 0.011719 0.015625
1 0.738281 0.210938 0.007812 0.015625
1 0.076172 0.204102 0.003906 0.001953
0 0.783203 0.204102 0.011719 0.009766
0 0.626953 0.219727 0.023438 0.041016
1 0.741211 0.198242 0.005859 0.005859
1 0.884766 0.197266 0.007812 0.011719
1 0.068359 0.193359 0.003906 0.003906
0 0.944336 0.196289 0.017578 0.013672
0 0.616211 0.195312 0.009766 0.015625
1 0.059570 0.188477 0.001953 0.001953
0 0.644531 0.188477 0.007812 0.005859
0 0.426758 0.198242 0.021484 0.025391
1 0.712891 0.197266 0.035156 0.031250
1 0.494141 0.186523 0.003906 0.009766
1 0.262695 0.189453 0.017578 0.019531
1 0.946289 0.178711 0.001953 0.001953
1 0.700195 0.176758 0.001953 0.001953
1 0.416992 0.178711 0.005859 0.005859
0 0.365234 0.175781 0.003906 0.003906
1 0.961914 0.172852 0.001953 0.001953
1 0.903320 0.172852 0.001953 0.001953
1 0.293945 0.172852 0.001953 0.001953
0 0.773438 0.182617 0.023438 0.025391
1 0.700195 0.170898 0.001953 0.001953
0 0.399414 0.173828 0.017578 0.015625
1 0.909180 0.176758 0.013672 0.025391
1 0.722656 0.166016 0.003906 0.003906
1 0.916992 0.163086 0.001953 0.001953
0 0.687500 0.166992 0.015625 0.009766
0 0.562500 0.182617 0.031250 0.041016
1 0.305664 0.163086 0.001953 0.001953
1 0.301758 0.163086 0.001953 0.001953
1 0.709961 0.170898 0.013672 0.021484
0 0.337891 0.212891 0.089844 0.109375
1 0.802734 0.160156 0.007812 0.007812
0 0.460938 0.186523 0.042969 0.060547
1 0.346680 0.160156 0.009766 0.007812
0 0.421875 0.162109 0.011719 0.015625
1 0.377930 0.153320 0.005859 0.001953
0 0.708984 0.153320 0.007812 0.009766
1 0.909180 0.147461 0.001953 0.001953
0 0.462891 0.149414 0.007812 0.005859
1 0.317383 0.143555 0.001953 0.001953
0 0.684570 0.150391 0.009766 0.019531
0 0.439453 0.143555 0.007812 0.005859
0 0.814453 0.131836 0.003906 0.005859
1 0.175781 0.131836 0.003906 0.005859
1 0.205078 0.139648 0.007812 0.025391
0 0.718750 0.127930 0.011719 0.005859
0 0.606445 0.149414 0.033203 0.048828
1 0.940430 0.124023 0.001953 0.001953
0 0.556641 0.152344 0.046875 0.058594
1 0.956055 0.122070 0.001953 0.001953
1 0.508789 0.132812 0.025391 0.023438
0 0.295898 0.134766 0.033203 0.027344
0 0.697266 0.123047 0.007812 0.007812
1 0.974609 0.119141 0.007812 0.003906
1 0.963867 0.120117 0.005859 0.005859
1 0.937500 0.119141 0.003906 0.003906
0 0.846680 0.162109 0.056641 0.089844
1 0.943359 0.117188 0.003906 0.003906
0 0.725586 0.116211 0.001953 0.001953
0 0.833008 0.114258 0.001953 0.001953
0 0.559570 0.114258 0.001953 0.001953
1 0.256836 0.112305 0.001953 0.001953
1 0.928711 0.113281 0.009766 0.007812
0 0.873047 0.111328 0.003906 0.003906
1 0.801758 0.111328 0.009766 0.011719
0 0.570312 0.114258 0.015625 0.017578
0 0.334961 0.117188 0.017578 0.023438
0 0.810547 0.101562 0.003906 0.003906
0 0.643555 0.102539 0.009766 0.009766
1 0.496094 0.095703 0.007812 0.003906
1 0.747070 0.092773 0.005859 0.001953
1 0.569336 0.092773 0.001953 0.001953
0 0.291016 0.095703 0.007812 0.011719
0 0.248047 0.093750 0.011719 0.011719
0 0.116211 0.088867 0.001953 0.001953
1 0.962891 0.088867 0.007812 0.005859
0 0.184570 0.086914 0.001953 0.001953
1 0.572266 0.088867 0.007812 0.009766
1 0.929688 0.084961 0.007812 0.005859
0 0.892578 0.089844 0.015625 0.015625
0 0.650391 0.083984 0.003906 0.003906
1 0.401367 0.082031 0.001953 0.003906
1 0.915039 0.080078 0.005859 0.003906
0 0.628906 0.079102 0.007812 0.001953
1 0.458008 0.081055 0.005859 0.009766
0 0.246094 0.074219 0.003906 0.003906
1 0.664062 0.069336 0.003906 0.001953
1 0.655273 0.069336 0.001953 0.001953
0 0.273438 0.091797 0.023438 0.046875
0 0.742188 0.075195 0.011719 0.017578
1 0.646484 0.068359 0.003906 0.003906
0 0.308594 0.069336 0.003906 0.009766
0 0.245117 0.065430 0.001953 0.001953
0 0.814453 0.075195 0.027344 0.025391
1 0.652344 0.065430 0.007812 0.005859
1 0.467773 0.066406 0.005859 0.007812
0 0.491211 0.065430 0.005859 0.009766
1 0.903320 0.063477 0.017578 0.009766
0 0.688477 0.110352 0.087891 0.107422
1 0.915039 0.055664 0.001953 0.001953
0 0.759766 0.066406 0.015625 0.023438
0 0.365234 0.077148 0.042969 0.044922
0 0.282227 0.053711 0.001953 0.001953
0 0.645508 0.054688 0.013672 0.007812
1 0.928711 0.055664 0.005859 0.013672
0 0.620117 0.053711 0.017578 0.009766
0 0.426758 0.054688 0.009766 0.011719
1 0.948242 0.056641 0.017578 0.027344
1 0.532227 0.043945 0.001953 0.001953
0 0.166992 0.059570 0.025391 0.033203
0 0.269531 0.057617 0.027344 0.041016
1 0.785156 0.036133 0.003906 0.005859
0 0.511719 0.040039 0.011719 0.013672
1 0.673828 0.039062 0.027344 0.015625
0 0.329102 0.081055 0.056641 0.099609
1 0.748047 0.030273 0.003906 0.001953
1 0.686523 0.030273 0.001953 0.001953
0 0.164062 0.032227 0.007812 0.005859
0 0.833008 0.034180 0.017578 0.017578
1 0.704102 0.030273 0.017578 0.009766
1 0.032227 0.026367 0.001953 0.001953
1 0.895508 0.030273 0.009766 0.013672
0 0.178711 0.043945 0.021484 0.041016
1 0.881836 0.022461 0.001953 0.001953
0 0.212891 0.029297 0.007812 0.015625
1 0.782227 0.018555 0.001953 0.001953
0 0.350586 0.033203 0.060547 0.031250
1 0.715820 0.016602 0.001953 0.001953
1 0.731445 0.018555 0.017578 0.009766
0 0.204102 0.015625 0.001953 0.003906
1 0.882812 0.014648 0.003906 0.005859
0 0.630859 0.018555 0.011719 0.013672
1 0.866211 0.021484 0.009766 0.023438
0 0.836914 0.016602 0.021484 0.013672
0 0.605469 0.019531 0.027344 0.023438
1 0.791992 0.006836 0.005859 0.001953
0 0.784180 0.006836 0.005859 0.001953
0 0.233398 0.032227 0.021484 0.052734
0 0.765625 0.004883 0.007812 0.009766
0 0.639648 0.001953 0.021484 0.003906
0 0.502930 0.019531 0.025391 0.039062
0 0.462891 0.013672 0.023438 0.027344
0 0.429688 0.013672 0.035156 0.027344
0 0.410156 0.018555 0.042969 0.037109
0 0.333984 0.001953 0.003906 0.003906
0 0.315430 0.005859 0.017578 0.011719
0 0.282227 0.006836 0.025391 0.013672
0 0.253906 0.015625 0.027344 0.031250
0 0.152344 0.001953 0.003906 0.003906
0 0.085938 0.000977 0.007812 0.001953
1 0.093750 0.117188 0.187500 0.234375
2 0.113281 0.999023 0.003906 0.001953
2 0.512695 0.993164 0.001953 0.001953
2 0.582031 0.994141 0.019531 0.011719
2 0.007812 0.993164 0.015625 0.013672
2 0.000977 0.831055 0.001953 0.001953
3 0.018555 0.788086 0.001953 0.001953
3 0.012695 0.788086 0.001953 0.001953
2 0.110352 0.190430 0.001953 0.001953
3 0.098633 0.188477 0.001953 0.001953
2 0.102539 0.185547 0.009766 0.011719
3 0.014648 0.155273 0.001953 0.001953
3 0.024414 0.153320 0.013672 0.017578
3 0.025391 0.139648 0.003906 0.005859
3 0.038086 0.125977 0.052734 0.021484
2 0.028320 0.106445 0.041016 0.017578
2 0.129883 0.043945 0.009766 0.021484
2 0.128906 0.021484 0.003906 0.003906
2 0.108398 0.016602 0.029297 0.005859
2 0.073242 0.005859 0.001953 0.003906
2 0.069336 0.004883 0.001953 0.001953
3 0.035156 0.030273 0.070312 0.056641
2 0.426758 0.003906 0.017578 0.007812
3 0.500000 0.500000 1.000000 1.000000
2 0.125977 0.004883 0.009766 0.009766
2 0.092773 0.011719 0.041016 0.023438