0 0.110352 0.999023 0.001953 0.001953
0 0.122070 0.998047 0.013672 0.003906
0 0.873047 0.996094 0.003906 0.007812
1 0.625977 0.993164 0.001953 0.001953
0 0.059570 0.995117 0.013672 0.009766
1 0.517578 0.990234 0.003906 0.003906
1 0.955078 0.991211 0.011719 0.017578
0 0.825195 0.990234 0.017578 0.019531
1 0.719727 0.981445 0.001953 0.001953
1 0.076172 0.982422 0.003906 0.003906
0 0.846680 0.988281 0.017578 0.023438
0 0.831055 0.966797 0.001953 0.007812
0 0.219727 0.958984 0.009766 0.007812
0 0.994141 0.969727 0.011719 0.037109
0 0.538086 0.968750 0.017578 0.042969
0 0.534180 0.945312 0.001953 0.003906
1 0.525391 0.926758 0.003906 0.001953
0 0.905273 0.924805 0.005859 0.005859
1 0.767578 0.926758 0.003906 0.009766
1 0.295898 0.924805 0.005859 0.005859
1 0.711914 0.924805 0.005859 0.009766
0 0.595703 0.945312 0.015625 0.058594
0 0.038086 0.916992 0.001953 0.001953
1 0.711914 0.914062 0.001953 0.003906
0 0.992188 0.909180 0.003906 0.005859
0 0.933594 0.941406 0.035156 0.074219
1 0.885742 0.905273 0.001953 0.001953
0 0.359375 0.900391 0.003906 0.003906
0 0.995117 0.895508 0.009766 0.017578
1 0.147461 0.885742 0.001953 0.001953
0 0.008789 0.886719 0.001953 0.003906
0 0.370117 0.902344 0.029297 0.042969
0 0.360352 0.879883 0.001953 0.001953
0 0.001953 0.880859 0.003906 0.003906
0 0.873047 0.879883 0.011719 0.005859
0 0.034180 0.888672 0.009766 0.023438
1 0.842773 0.875977 0.001953 0.001953
0 0.996094 0.875977 0.007812 0.013672
0 0.921875 0.873047 0.027344 0.023438
0 0.487305 0.869141 0.009766 0.015625
0 0.851562 0.852539 0.011719 0.009766
1 0.664062 0.852539 0.007812 0.013672
1 0.401367 0.868164 0.017578 0.044922
0 0.910156 0.845703 0.011719 0.023438
0 0.458008 0.850586 0.029297 0.037109
1 0.327148 0.834961 0.005859 0.009766
0 0.502930 0.833008 0.013672 0.013672
0 0.737305 0.837891 0.013672 0.027344
0 0.729492 0.825195 0.001953 0.001953
0 0.918945 0.819336 0.001953 0.001953
0 0.472656 0.829102 0.011719 0.021484
0 0.719727 0.818359 0.005859 0.007812
1 0.608398 0.826172 0.013672 0.023438
0 0.361328 0.822266 0.019531 0.023438
0 0.321289 0.818359 0.009766 0.015625
0 0.723633 0.807617 0.001953 0.001953
1 0.983398 0.809570 0.001953 0.009766
0 0.747070 0.808594 0.005859 0.019531
0 0.735352 0.792969 0.009766 0.015625
0 0.508789 0.803711 0.033203 0.037109
0 0.100586 0.773438 0.005859 0.007812
0 0.864258 0.769531 0.001953 0.003906
1 0.979492 0.766602 0.009766 0.005859
0 0.881836 0.799805 0.068359 0.076172
0 0.444336 0.792969 0.021484 0.062500
0 0.059570 0.773438 0.013672 0.031250
0 0.213867 0.756836 0.013672 0.005859
0 0.373047 0.765625 0.015625 0.031250
1 0.325195 0.753906 0.005859 0.019531
0 0.159180 0.748047 0.009766 0.011719
1 0.761719 0.760742 0.011719 0.041016
0 0.378906 0.745117 0.019531 0.009766
0 0.081055 0.731445 0.001953 0.001953
0 0.451172 0.747070 0.027344 0.037109
0 0.331055 0.733398 0.013672 0.009766
1 0.966797 0.728516 0.007812 0.011719
0 0.068359 0.728516 0.015625 0.015625
1 0.101562 0.726562 0.035156 0.015625
0 0.229492 0.730469 0.021484 0.039062
1 0.996094 0.718750 0.007812 0.023438
1 0.913086 0.708008 0.001953 0.001953
0 0.841797 0.712891 0.003906 0.011719
0 0.800781 0.707031 0.003906 0.003906
0 0.337891 0.715820 0.019531 0.021484
0 0.791016 0.705078 0.003906 0.003906
0 0.641602 0.706055 0.009766 0.009766
1 0.997070 0.702148 0.005859 0.005859
1 0.413086 0.708984 0.009766 0.019531
0 0.209961 0.701172 0.001953 0.003906
0 0.857422 0.701172 0.007812 0.007812
0 0.204102 0.698242 0.001953 0.001953
0 0.877930 0.722656 0.037109 0.054688
0 0.557617 0.704102 0.017578 0.017578
0 0.852539 0.694336 0.001953 0.001953
1 0.999023 0.692383 0.001953 0.001953
0 0.866211 0.693359 0.005859 0.003906
0 0.778320 0.701172 0.017578 0.019531
0 0.070312 0.696289 0.011719 0.009766
0 0.164062 0.692383 0.015625 0.009766
0 0.682617 0.690430 0.017578 0.009766
0 0.066406 0.685547 0.003906 0.003906
1 0.623047 0.690430 0.007812 0.017578
1 0.541016 0.685547 0.003906 0.007812
1 0.096680 0.678711 0.001953 0.001953
0 0.208008 0.686523 0.021484 0.021484
0 0.148438 0.677734 0.015625 0.007812
1 0.529297 0.674805 0.003906 0.005859
0 0.225586 0.671875 0.005859 0.003906
0 0.200195 0.671875 0.005859 0.003906
0 0.176758 0.667969 0.005859 0.007812
0 0.066406 0.672852 0.019531 0.017578
0 0.683594 0.658203 0.003906 0.003906
1 0.589844 0.659180 0.015625 0.009766
0 0.131836 0.657227 0.009766 0.009766
0 0.958008 0.652344 0.001953 0.003906
0 0.892578 0.658203 0.015625 0.019531
0 0.868164 0.657227 0.025391 0.021484
0 0.342773 0.679688 0.048828 0.066406
1 0.115234 0.649414 0.007812 0.005859
0 0.840820 0.645508 0.001953 0.001953
1 0.414062 0.650391 0.007812 0.015625
0 0.846680 0.639648 0.001953 0.001953
0 0.294922 0.658203 0.011719 0.039062
0 0.981445 0.637695 0.001953 0.001953
0 0.977539 0.665039 0.037109 0.056641
0 0.208008 0.635742 0.001953 0.001953
0 0.922852 0.631836 0.001953 0.001953
0 0.444336 0.645508 0.017578 0.029297
1 0.743164 0.637695 0.009766 0.017578
0 0.650391 0.640625 0.019531 0.023438
0 0.969727 0.626953 0.005859 0.007812
0 0.937500 0.625000 0.011719 0.015625
0 0.857422 0.626953 0.011719 0.019531
0 0.845703 0.625000 0.011719 0.015625
1 0.256836 0.625977 0.013672 0.017578
1 0.526367 0.624023 0.021484 0.021484
0 0.151367 0.615234 0.001953 0.003906
1 0.560547 0.597656 0.007812 0.007812
0 0.860352 0.594727 0.005859 0.005859
0 0.549805 0.598633 0.013672 0.029297
0 0.108398 0.589844 0.009766 0.011719
0 0.934570 0.594727 0.013672 0.025391
1 0.824219 0.584961 0.003906 0.005859
1 0.991211 0.590820 0.017578 0.029297
0 0.277344 0.587891 0.015625 0.031250
1 0.788086 0.574219 0.013672 0.007812
1 0.208008 0.572266 0.001953 0.003906
0 0.112305 0.573242 0.005859 0.005859
1 0.967773 0.566406 0.001953 0.003906
0 0.955078 0.569336 0.015625 0.017578
0 0.898438 0.572266 0.027344 0.023438
0 0.273438 0.564453 0.007812 0.007812
1 0.460938 0.569336 0.015625 0.025391
0 0.327148 0.598633 0.048828 0.083984
0 0.097656 0.575195 0.019531 0.037109
1 0.959961 0.555664 0.001953 0.001953
0 0.048828 0.564453 0.007812 0.019531
1 0.965820 0.553711 0.001953 0.001953
0 0.210938 0.548828 0.003906 0.003906
0 0.206055 0.540039 0.001953 0.001953
1 0.015625 0.536133 0.007812 0.005859
1 0.989258 0.530273 0.001953 0.001953
0 0.214844 0.533203 0.007812 0.007812
0 0.140625 0.536133 0.019531 0.017578
1 0.916016 0.522461 0.015625 0.013672
0 0.192383 0.527344 0.029297 0.027344
0 0.930664 0.510742 0.001953 0.001953
1 0.760742 0.510742 0.001953 0.001953
0 0.826172 0.509766 0.003906 0.003906
0 0.821289 0.506836 0.001953 0.001953
0 0.963867 0.523438 0.044922 0.042969
0 0.002930 0.502930 0.001953 0.001953
0 0.177734 0.500000 0.003906 0.003906
0 0.018555 0.499023 0.009766 0.025391
0 0.973633 0.488281 0.029297 0.023438
0 0.486328 0.476562 0.003906 0.003906
0 0.893555 0.473633 0.001953 0.001953
0 0.877930 0.517578 0.119141 0.093750
0 0.780273 0.471680 0.001953 0.001953
1 0.146484 0.478516 0.011719 0.015625
0 0.492188 0.467773 0.003906 0.001953
0 0.486328 0.468750 0.003906 0.003906
0 0.031250 0.490234 0.015625 0.046875
0 0.911133 0.466797 0.017578 0.007812
0 0.775391 0.464844 0.003906 0.003906
1 0.714844 0.470703 0.031250 0.015625
1 0.743164 0.496094 0.044922 0.070312
0 0.864258 0.453125 0.013672 0.007812
0 0.953125 0.447266 0.007812 0.007812
0 0.183594 0.461914 0.023438 0.037109
0 0.919922 0.445312 0.007812 0.007812
1 0.454102 0.443359 0.001953 0.003906
1 0.790039 0.440430 0.001953 0.001953
0 0.915039 0.438477 0.001953 0.001953
0 0.490234 0.445312 0.027344 0.015625
0 0.454102 0.437500 0.001953 0.003906
1 0.139648 0.438477 0.005859 0.005859
0 0.906250 0.441406 0.011719 0.015625
0 0.864258 0.434570 0.005859 0.001953
0 0.442383 0.435547 0.001953 0.003906
0 0.803711 0.456055 0.068359 0.052734
0 0.023438 0.434570 0.011719 0.013672
1 0.321289 0.430664 0.013672 0.013672
1 0.574219 0.432617 0.015625 0.021484
1 0.649414 0.430664 0.037109 0.029297
0 0.939453 0.419922 0.015625 0.019531
0 0.043945 0.409180 0.009766 0.009766
0 0.034180 0.405273 0.001953 0.001953
1 0.741211 0.404297 0.021484 0.011719
0 0.485352 0.409180 0.017578 0.033203
0 0.466797 0.401367 0.015625 0.021484
0 0.023438 0.404297 0.023438 0.031250
1 0.326172 0.391602 0.011719 0.017578
1 0.780273 0.381836 0.001953 0.001953
1 0.643555 0.381836 0.001953 0.001953
1 0.800781 0.387695 0.019531 0.021484
1 0.750977 0.377930 0.001953 0.001953
1 0.755859 0.374023 0.003906 0.001953
0 0.906250 0.373047 0.031250 0.031250
0 0.390625 0.380859 0.035156 0.046875
0 0.910156 0.355469 0.003906 0.003906
0 0.841797 0.358398 0.015625 0.009766
0 0.442383 0.383789 0.037109 0.064453
0 0.850586 0.350586 0.001953 0.001953
0 0.761719 0.355469 0.007812 0.011719
0 0.870117 0.346680 0.001953 0.001953
0 0.782227 0.362305 0.025391 0.033203
1 0.286133 0.354492 0.009766 0.017578
0 0.362305 0.344727 0.001953 0.001953
0 0.868164 0.342773 0.001953 0.001953
0 0.823242 0.336914 0.001953 0.001953
0 0.709961 0.334961 0.001953 0.001953
0 0.805664 0.336914 0.009766 0.009766
1 0.187500 0.342773 0.027344 0.021484
1 0.835938 0.339844 0.023438 0.019531
0 0.715820 0.333008 0.005859 0.005859
0 0.174805 0.331055 0.001953 0.001953
0 0.804688 0.329102 0.003906 0.001953
1 0.625977 0.337891 0.013672 0.019531
1 0.118164 0.329102 0.001953 0.001953
0 0.028320 0.335938 0.021484 0.015625
1 0.139648 0.327148 0.001953 0.001953
0 0.591797 0.370117 0.054688 0.095703
0 0.686523 0.320312 0.001953 0.003906
0 0.715820 0.317383 0.001953 0.001953
1 0.124023 0.321289 0.025391 0.009766
1 0.964844 0.315430 0.015625 0.009766
0 0.719727 0.316406 0.009766 0.011719
0 0.709961 0.315430 0.005859 0.009766
0 0.285156 0.291016 0.003906 0.003906
1 0.926758 0.290039 0.005859 0.005859
1 0.507812 0.288086 0.003906 0.001953
0 0.317383 0.314453 0.056641 0.062500
1 0.104492 0.297852 0.056641 0.033203
0 0.690430 0.272461 0.001953 0.001953
1 0.107422 0.274414 0.007812 0.005859
1 0.871094 0.305664 0.054688 0.072266
0 0.694336 0.270508 0.001953 0.001953
0 0.001953 0.285156 0.003906 0.031250
0 0.832031 0.270508 0.003906 0.005859
0 0.790039 0.304688 0.095703 0.082031
0 0.914062 0.269531 0.027344 0.015625
1 0.749023 0.269531 0.009766 0.015625
0 0.688477 0.262695 0.001953 0.001953
0 0.608398 0.269531 0.021484 0.019531
0 0.536133 0.271484 0.013672 0.023438
0 0.723633 0.258789 0.001953 0.001953
0 0.596680 0.258789 0.001953 0.001953
0 0.419922 0.265625 0.015625 0.015625
0 0.290039 0.261719 0.017578 0.011719
0 0.481445 0.254883 0.001953 0.001953
1 0.300781 0.258789 0.007812 0.009766
0 0.433594 0.253906 0.003906 0.003906
0 0.176758 0.265625 0.037109 0.027344
0 0.560547 0.270508 0.035156 0.041016
1 0.198242 0.254883 0.009766 0.009766
0 0.366211 0.297852 0.037109 0.099609
1 0.834961 0.247070 0.001953 0.001953
0 0.600586 0.251953 0.009766 0.011719
1 0.824219 0.250000 0.027344 0.011719
1 0.792969 0.246094 0.003906 0.003906
0 0.727539 0.245117 0.001953 0.001953
0 0.565430 0.245117 0.009766 0.005859
0 0.398438 0.253906 0.019531 0.023438
0 0.582031 0.252930 0.023438 0.025391
0 0.420898 0.235352 0.001953 0.001953
0 0.459961 0.243164 0.025391 0.025391
0 0.692383 0.311523 0.072266 0.173828
1 0.658203 0.261719 0.031250 0.074219
0 0.405273 0.223633 0.001953 0.001953
1 0.306641 0.216797 0.003906 0.003906
1 0.878906 0.232422 0.031250 0.039062
1 0.382812 0.215820 0.003906 0.005859
0 0.118164 0.222656 0.021484 0.019531
1 0.079102 0.213867 0.005859 0.005859
1 0.073242 0.211914 0.001953 0.001953
1 0.821289 0.213867 0.005859 0.009766
0 0.962891 0.238281 0.074219 0.070312
1 0.339844 0.207031 0.003906 0.015625
0 0.995117 0.196289 0.009766 0.009766
0 0.484375 0.193359 0.019531 0.031250
0 0.433594 0.191406 0.019531 0.031250
0 0.987305 0.168945 0.001953 0.001953
1 0.728516 0.198242 0.054688 0.060547
1 0.612305 0.168945 0.001953 0.001953
0 0.022461 0.176758 0.025391 0.021484
0 0.018555 0.165039 0.001953 0.001953
1 0.291992 0.159180 0.005859 0.009766
1 0.618164 0.153320 0.001953 0.001953
1 0.311523 0.186523 0.037109 0.068359
0 0.107422 0.170898 0.019531 0.041016
0 0.455078 0.161133 0.019531 0.025391
0 0.364258 0.165039 0.017578 0.033203
1 0.669922 0.150391 0.007812 0.007812
1 0.091797 0.150391 0.011719 0.007812
0 0.514648 0.178711 0.052734 0.072266
1 0.055664 0.140625 0.009766 0.007812
0 0.762695 0.157227 0.037109 0.044922
0 0.471680 0.136719 0.001953 0.003906
0 0.610352 0.147461 0.013672 0.029297
1 0.769531 0.130859 0.003906 0.003906
0 0.917969 0.127930 0.003906 0.001953
0 0.914062 0.175781 0.121094 0.101562
0 0.606445 0.125977 0.001953 0.001953
0 0.993164 0.136719 0.013672 0.027344
0 0.445312 0.135742 0.023438 0.033203
0 0.564453 0.174805 0.054688 0.115234
0 0.372070 0.123047 0.009766 0.019531
0 0.994141 0.115234 0.011719 0.007812
0 0.522461 0.129883 0.021484 0.037109
0 0.972656 0.111328 0.027344 0.015625
1 0.737305 0.105469 0.001953 0.003906
0 0.655273 0.120117 0.021484 0.037109
0 0.470703 0.113281 0.011719 0.023438
1 0.709961 0.102539 0.005859 0.005859
0 0.996094 0.102539 0.007812 0.009766
0 0.812500 0.100586 0.003906 0.005859
0 0.627930 0.108398 0.025391 0.021484
1 0.372070 0.100586 0.009766 0.005859
0 0.631836 0.092773 0.001953 0.001953
0 0.893555 0.090820 0.001953 0.001953
0 0.878906 0.102539 0.031250 0.029297
0 0.567383 0.098633 0.021484 0.025391
1 0.204102 0.089844 0.005859 0.007812
1 0.170898 0.119141 0.083984 0.066406
0 0.659180 0.087891 0.005859 0.007812
0 0.551758 0.083984 0.005859 0.007812
1 0.734375 0.081055 0.007812 0.005859
0 0.619141 0.081055 0.023438 0.013672
1 0.178711 0.073242 0.001953 0.001953
0 0.025391 0.082031 0.011719 0.019531
0 0.661133 0.074219 0.009766 0.007812
0 0.953125 0.095703 0.093750 0.058594
0 0.822266 0.074219 0.023438 0.015625
1 0.412109 0.074219 0.011719 0.015625
0 0.795898 0.067383 0.005859 0.005859
0 0.077148 0.061523 0.001953 0.001953
0 0.841797 0.103516 0.039062 0.093750
1 0.361328 0.058594 0.003906 0.003906
0 0.476562 0.061523 0.015625 0.013672
0 0.683594 0.070312 0.046875 0.035156
0 0.829102 0.051758 0.001953 0.001953
0 0.752930 0.053711 0.005859 0.009766
0 0.093750 0.069336 0.054688 0.044922
0 0.922852 0.062500 0.083984 0.039062
0 0.245117 0.046875 0.013672 0.011719
1 0.972656 0.045898 0.031250 0.013672
0 0.681641 0.044922 0.015625 0.011719
0 0.862305 0.049805 0.041016 0.025391
1 0.356445 0.041992 0.013672 0.017578
0 0.459961 0.037109 0.009766 0.011719
0 0.824219 0.036133 0.031250 0.017578
0 0.803711 0.028320 0.001953 0.001953
0 0.797852 0.043945 0.056641 0.037109
0 0.621094 0.026367 0.003906 0.001953
1 0.418945 0.022461 0.001953 0.001953
1 0.390625 0.021484 0.003906 0.003906
0 0.088867 0.026367 0.013672 0.017578
0 0.729492 0.028320 0.025391 0.025391
1 0.425781 0.022461 0.015625 0.013672
1 0.463867 0.015625 0.001953 0.003906
1 0.006836 0.014648 0.001953 0.001953
0 0.127930 0.012695 0.001953 0.001953
0 0.088867 0.010742 0.001953 0.001953
0 0.091797 0.005859 0.019531 0.007812
0 0.871094 0.011719 0.042969 0.023438
0 0.588867 0.007812 0.017578 0.015625
0 0.571289 0.008789 0.013672 0.017578
1 0.404297 0.006836 0.011719 0.013672
1 0.392578 0.004883 0.007812 0.009766
1 0.344727 0.017578 0.091797 0.035156
0 0.237305 0.024414 0.041016 0.048828
0 0.160156 0.013672 0.039062 0.027344
2 0.999023 0.967773 0.001953 0.005859
2 0.999023 0.268555 0.001953 0.001953
2 0.983398 0.242188 0.033203 0.027344
2 0.966797 0.231445 0.027344 0.013672
2 0.326172 0.001953 0.011719 0.003906
3 0.500000 0.500000 1.000000 1.000000