1 0.658203 0.998047 0.007812 0.003906
1 0.033203 0.998047 0.007812 0.003906
1 0.427734 0.997070 0.007812 0.005859
1 0.042969 0.996094 0.007812 0.007812
0 0.432617 0.991211 0.001953 0.001953
1 0.288086 0.993164 0.029297 0.013672
1 0.660156 0.989258 0.007812 0.009766
0 0.655273 0.985352 0.001953 0.001953
1 0.921875 0.991211 0.015625 0.017578
0 0.876953 0.990234 0.015625 0.015625
1 0.026367 0.987305 0.009766 0.013672
1 0.555664 0.984375 0.009766 0.015625
0 0.505859 0.987305 0.023438 0.025391
0 0.490234 0.977539 0.003906 0.005859
1 0.577148 0.986328 0.029297 0.027344
1 0.366211 0.973633 0.001953 0.001953
0 0.709961 0.985352 0.025391 0.029297
1 0.454102 0.971680 0.001953 0.001953
0 0.710938 0.966797 0.003906 0.003906
1 0.333008 0.981445 0.041016 0.037109
0 0.173828 0.962891 0.007812 0.007812
1 0.666992 0.958008 0.001953 0.001953
0 0.182617 0.958008 0.001953 0.001953
1 0.342773 0.958008 0.005859 0.005859
1 0.271484 0.958008 0.003906 0.005859
0 0.155273 0.954102 0.001953 0.001953
1 0.364258 0.950195 0.001953 0.001953
1 0.644531 0.973633 0.042969 0.052734
0 0.479492 0.948242 0.001953 0.001953
0 0.178711 0.948242 0.001953 0.001953
1 0.364258 0.946289 0.001953 0.001953
1 0.284180 0.962891 0.033203 0.035156
0 0.176758 0.943359 0.005859 0.003906
1 0.030273 0.947266 0.009766 0.011719
1 0.965820 0.963867 0.017578 0.048828
0 0.838867 0.968750 0.060547 0.062500
1 0.947266 0.939453 0.011719 0.007812
1 0.385742 0.951172 0.044922 0.031250
1 0.341797 0.943359 0.019531 0.015625
0 0.198242 0.936523 0.001953 0.001953
1 0.041992 0.937500 0.001953 0.003906
0 0.866211 0.934570 0.001953 0.001953
0 0.811523 0.934570 0.001953 0.001953
1 0.391602 0.932617 0.001953 0.001953
0 0.112305 0.930664 0.001953 0.001953
0 0.228516 0.927734 0.003906 0.003906
1 0.241211 0.924805 0.001953 0.001953
1 0.399414 0.925781 0.005859 0.007812
0 0.211914 0.922852 0.001953 0.001953
1 0.394531 0.922852 0.003906 0.005859
1 0.289062 0.933594 0.011719 0.027344
1 0.417969 0.927734 0.015625 0.019531
1 0.216797 0.919922 0.003906 0.003906
1 0.241211 0.915039 0.001953 0.001953
0 0.235352 0.915039 0.001953 0.001953
0 0.151367 0.916016 0.001953 0.003906
0 0.752930 0.913086 0.001953 0.001953
1 0.472656 0.942383 0.054688 0.064453
0 0.098633 0.912109 0.001953 0.003906
0 0.380859 0.918945 0.015625 0.021484
1 0.927734 0.916992 0.011719 0.021484
1 0.774414 0.907227 0.001953 0.001953
0 0.231445 0.911133 0.009766 0.009766
1 0.091797 0.905273 0.003906 0.001953
0 0.397461 0.907227 0.009766 0.013672
0 0.090820 0.901367 0.001953 0.001953
0 0.813477 0.897461 0.001953 0.001953
0 0.116211 0.910156 0.041016 0.039062
1 0.367188 0.893555 0.011719 0.009766
1 0.059570 0.888672 0.001953 0.003906
1 0.416992 0.892578 0.013672 0.015625
1 0.459961 0.893555 0.013672 0.021484
1 0.061523 0.883789 0.001953 0.001953
1 0.590820 0.881836 0.001953 0.001953
1 0.439453 0.882812 0.003906 0.003906
1 0.055664 0.882812 0.001953 0.003906
1 0.551758 0.879883 0.001953 0.001953
1 0.264648 0.877930 0.001953 0.005859
1 0.278320 0.874023 0.001953 0.001953
1 0.430664 0.872070 0.005859 0.005859
0 0.388672 0.875977 0.011719 0.013672
1 0.481445 0.869141 0.001953 0.003906
1 0.685547 0.877930 0.011719 0.025391
1 0.475586 0.873047 0.037109 0.015625
0 0.180664 0.866211 0.001953 0.001953
1 0.645508 0.864258 0.001953 0.001953
1 0.409180 0.872070 0.017578 0.021484
1 0.551758 0.869141 0.025391 0.019531
0 0.407227 0.860352 0.001953 0.001953
0 0.395508 0.861328 0.005859 0.003906
0 0.685547 0.858398 0.003906 0.001953
1 0.647461 0.858398 0.001953 0.005859
1 0.561523 0.856445 0.001953 0.001953
0 0.993164 0.852539 0.001953 0.001953
0 0.684570 0.853516 0.005859 0.003906
1 0.300781 0.873047 0.027344 0.042969
1 0.338867 0.868164 0.025391 0.037109
1 0.032227 0.854492 0.021484 0.009766
0 0.838867 0.848633 0.001953 0.001953
1 0.788086 0.848633 0.001953 0.001953
1 0.261719 0.849609 0.003906 0.003906
1 0.656250 0.847656 0.003906 0.003906
1 0.512695 0.852539 0.033203 0.013672
1 0.524414 0.844727 0.001953 0.001953
0 0.981445 0.889648 0.037109 0.095703
1 0.410156 0.849609 0.019531 0.015625
1 0.041016 0.842773 0.003906 0.005859
1 0.295898 0.838867 0.001953 0.001953
1 0.272461 0.838867 0.001953 0.001953
1 0.034180 0.839844 0.001953 0.003906
1 0.578125 0.893555 0.074219 0.115234
1 0.290039 0.836914 0.005859 0.009766
1 0.284180 0.833008 0.001953 0.001953
1 0.801758 0.833984 0.009766 0.007812
1 0.793945 0.833984 0.005859 0.007812
1 0.619141 0.834961 0.015625 0.009766
1 0.515625 0.836914 0.019531 0.013672
0 0.387695 0.843750 0.017578 0.027344
1 0.361328 0.832031 0.003906 0.003906
1 0.263672 0.837891 0.023438 0.019531
0 0.797852 0.827148 0.001953 0.001953
1 0.789062 0.827148 0.003906 0.001953
0 0.124023 0.857422 0.048828 0.062500
1 0.994141 0.829102 0.011719 0.009766
1 0.680664 0.833984 0.017578 0.019531
0 0.385742 0.826172 0.001953 0.003906
1 0.268555 0.823242 0.001953 0.001953
1 0.784180 0.815430 0.001953 0.001953
0 0.477539 0.815430 0.001953 0.001953
0 0.413086 0.816406 0.001953 0.003906
1 0.788086 0.813477 0.001953 0.001953
1 0.488281 0.813477 0.003906 0.001953
0 0.209961 0.818359 0.009766 0.011719
1 0.157227 0.811523 0.001953 0.001953
1 0.995117 0.815430 0.009766 0.013672
0 0.201172 0.904297 0.097656 0.191406
1 0.768555 0.807617 0.001953 0.001953
0 0.764648 0.807617 0.001953 0.001953
0 0.486328 0.808594 0.003906 0.003906
1 0.261719 0.808594 0.003906 0.003906
1 0.055664 0.831055 0.017578 0.048828
1 0.015625 0.832031 0.031250 0.054688
1 0.756836 0.801758 0.001953 0.001953
0 0.735352 0.881836 0.091797 0.166016
0 0.456055 0.799805 0.001953 0.001953
1 0.338867 0.797852 0.001953 0.001953
0 0.733398 0.793945 0.001953 0.001953
0 0.512695 0.793945 0.001953 0.001953
1 0.349609 0.796875 0.011719 0.007812
1 0.338867 0.793945 0.001953 0.001953
1 0.110352 0.793945 0.001953 0.001953
1 0.067383 0.793945 0.001953 0.001953
0 0.059570 0.796875 0.009766 0.007812
1 0.885742 0.791016 0.005859 0.003906
1 0.881836 0.786133 0.001953 0.001953
0 0.381836 0.811523 0.056641 0.052734
1 0.580078 0.791992 0.019531 0.017578
0 0.301758 0.789062 0.009766 0.011719
0 0.437500 0.804688 0.050781 0.046875
0 0.432617 0.782227 0.001953 0.001953
1 0.526367 0.794922 0.021484 0.031250
0 0.905273 0.778320 0.001953 0.001953
1 0.836914 0.776367 0.001953 0.001953
0 0.395508 0.776367 0.001953 0.001953
0 0.313477 0.776367 0.001953 0.001953
1 0.891602 0.779297 0.021484 0.011719
0 0.315430 0.772461 0.001953 0.001953
1 0.131836 0.775391 0.013672 0.007812
0 0.857422 0.857422 0.113281 0.175781
0 0.958008 0.791016 0.025391 0.050781
0 0.365234 0.766602 0.003906 0.001953
1 0.233398 0.767578 0.001953 0.003906
1 0.151367 0.766602 0.001953 0.001953
0 0.754883 0.764648 0.001953 0.001953
0 0.397461 0.764648 0.001953 0.001953
1 0.910156 0.764648 0.003906 0.005859
0 0.406250 0.777344 0.042969 0.031250
1 0.258789 0.764648 0.009766 0.005859
0 0.394531 0.759766 0.003906 0.003906
0 0.305664 0.776367 0.033203 0.037109
0 0.416992 0.758789 0.005859 0.005859
1 0.270508 0.759766 0.005859 0.007812
0 0.458984 0.755859 0.003906 0.003906
0 0.393555 0.754883 0.001953 0.001953
1 0.613281 0.773438 0.062500 0.042969
0 0.410156 0.753906 0.003906 0.003906
1 0.358398 0.757812 0.009766 0.011719
1 0.932617 0.749023 0.001953 0.001953
0 0.083008 0.762695 0.025391 0.033203
1 0.049805 0.747070 0.001953 0.001953
0 0.470703 0.750000 0.019531 0.011719
1 0.247070 0.745117 0.001953 0.001953
0 0.976562 0.744141 0.003906 0.003906
0 0.772461 0.751953 0.017578 0.019531
1 0.242188 0.750000 0.007812 0.015625
0 0.449219 0.741211 0.003906 0.005859
0 0.981445 0.737305 0.001953 0.001953
1 0.848633 0.737305 0.001953 0.001953
1 0.867188 0.752930 0.027344 0.037109
1 0.832031 0.735352 0.003906 0.001953
0 0.395508 0.735352 0.001953 0.001953
1 0.791992 0.780273 0.130859 0.095703
0 0.490234 0.770508 0.074219 0.076172
1 0.065430 0.739258 0.005859 0.013672
1 0.004883 0.744141 0.009766 0.023438
0 0.501953 0.734375 0.011719 0.007812
0 0.778320 0.731445 0.005859 0.005859
0 0.065430 0.729492 0.001953 0.001953
1 0.366211 0.738281 0.021484 0.027344
1 0.108398 0.728516 0.009766 0.011719
1 0.825195 0.726562 0.029297 0.011719
1 0.691406 0.720703 0.003906 0.003906
1 0.273438 0.737305 0.042969 0.041016
0 0.419922 0.733398 0.050781 0.044922
0 0.508789 0.708008 0.001953 0.001953
1 0.891602 0.702148 0.001953 0.001953
1 0.756836 0.704102 0.013672 0.005859
0 0.410156 0.702148 0.003906 0.001953
1 0.893555 0.698242 0.001953 0.001953
1 0.883789 0.699219 0.005859 0.003906
1 0.807617 0.698242 0.001953 0.001953
0 0.213867 0.711914 0.025391 0.033203
1 0.333008 0.700195 0.017578 0.013672
1 0.058594 0.716797 0.066406 0.050781
0 0.526367 0.690430 0.001953 0.001953
1 0.121094 0.692383 0.007812 0.009766
0 0.524414 0.686523 0.001953 0.001953
0 0.518555 0.686523 0.001953 0.001953
0 0.499023 0.686523 0.001953 0.001953
0 0.609375 0.681641 0.003906 0.003906
0 0.615234 0.709961 0.062500 0.064453
1 0.711914 0.680664 0.005859 0.009766
1 0.610352 0.676758 0.001953 0.001953
1 0.437500 0.675781 0.003906 0.003906
0 0.968750 0.672852 0.003906 0.001953
0 0.949219 0.668945 0.003906 0.001953
1 0.598633 0.666992 0.005859 0.005859
1 0.316406 0.676758 0.027344 0.025391
1 0.298828 0.668945 0.011719 0.009766
0 0.717773 0.661133 0.001953 0.001953
0 0.713867 0.662109 0.001953 0.003906
1 0.305664 0.661133 0.001953 0.001953
0 0.713867 0.657227 0.001953 0.001953
1 0.307617 0.657227 0.001953 0.001953
0 0.971680 0.698242 0.056641 0.091797
0 0.399414 0.677734 0.041016 0.050781
1 0.067383 0.660156 0.013672 0.015625
1 0.524414 0.651367 0.001953 0.001953
1 0.301758 0.651367 0.001953 0.001953
1 0.225586 0.651367 0.001953 0.001953
1 0.897461 0.649414 0.001953 0.001953
1 0.893555 0.649414 0.001953 0.001953
0 0.554688 0.651367 0.007812 0.005859
1 0.861328 0.684570 0.117188 0.076172
0 0.239258 0.645508 0.001953 0.001953
0 0.977539 0.644531 0.005859 0.003906
1 0.624023 0.643555 0.001953 0.001953
0 0.243164 0.668945 0.029297 0.052734
0 0.045898 0.641602 0.001953 0.001953
0 0.973633 0.639648 0.001953 0.001953
0 0.990234 0.643555 0.019531 0.013672
0 0.644531 0.646484 0.015625 0.019531
0 0.969727 0.635742 0.001953 0.001953
1 0.348633 0.645508 0.021484 0.021484
1 0.282227 0.653320 0.033203 0.041016
1 0.993164 0.631836 0.001953 0.001953
1 0.932617 0.651367 0.048828 0.041016
1 0.971680 0.627930 0.001953 0.001953
1 0.346680 0.628906 0.001953 0.003906
1 0.342773 0.627930 0.001953 0.001953
0 0.527344 0.675781 0.117188 0.101562
1 0.225586 0.636719 0.005859 0.023438
1 0.753906 0.625000 0.003906 0.003906
1 0.980469 0.625000 0.011719 0.007812
1 0.875977 0.623047 0.001953 0.003906
1 0.066406 0.625000 0.011719 0.007812
1 0.376953 0.617188 0.003906 0.003906
1 0.985352 0.616211 0.009766 0.005859
1 0.737305 0.614258 0.001953 0.001953
1 0.035156 0.645508 0.054688 0.064453
1 0.437500 0.629883 0.078125 0.041016
1 0.131836 0.610352 0.001953 0.001953
1 0.999023 0.608398 0.001953 0.001953
1 0.869141 0.615234 0.015625 0.015625
1 0.134766 0.613281 0.015625 0.011719
1 0.141602 0.607422 0.001953 0.003906
1 0.706055 0.600586 0.001953 0.001953
1 0.545898 0.606445 0.033203 0.037109
1 0.104492 0.629883 0.056641 0.083984
1 0.179688 0.587891 0.003906 0.003906
1 0.043945 0.586914 0.001953 0.001953
1 0.091797 0.584961 0.003906 0.001953
1 0.167969 0.583008 0.003906 0.005859
1 0.790039 0.579102 0.001953 0.001953
1 0.786133 0.579102 0.001953 0.001953
0 0.632812 0.607422 0.035156 0.062500
1 0.454102 0.578125 0.005859 0.003906
1 0.148438 0.589844 0.042969 0.027344
1 0.182617 0.573242 0.001953 0.001953
1 0.442383 0.571289 0.001953 0.001953
1 0.367188 0.572266 0.011719 0.003906
1 0.187500 0.571289 0.003906 0.001953
1 0.801758 0.576172 0.017578 0.015625
1 0.192383 0.569336 0.001953 0.001953
1 0.190430 0.565430 0.001953 0.001953
1 0.046875 0.573242 0.019531 0.021484
1 0.812500 0.563477 0.019531 0.009766
1 0.760742 0.560547 0.001953 0.003906
1 0.596680 0.557617 0.001953 0.001953
1 0.666992 0.574219 0.017578 0.039062
1 0.596680 0.553711 0.001953 0.001953
1 0.377930 0.553711 0.001953 0.001953
0 0.599609 0.579102 0.019531 0.056641
1 0.493164 0.551758 0.001953 0.001953
0 0.280273 0.549805 0.001953 0.001953
1 0.610352 0.547852 0.001953 0.001953
0 0.606445 0.547852 0.001953 0.001953
1 0.369141 0.593750 0.121094 0.093750
1 0.411133 0.545898 0.001953 0.001953
1 0.486328 0.548828 0.019531 0.011719
1 0.764648 0.538086 0.001953 0.001953
1 0.713867 0.542969 0.005859 0.011719
1 0.491211 0.539062 0.001953 0.003906
1 0.496094 0.536133 0.003906 0.001953
1 0.500977 0.534180 0.001953 0.001953
1 0.493164 0.532227 0.001953 0.001953
1 0.451172 0.533203 0.003906 0.003906
1 0.348633 0.532227 0.001953 0.001953
0 0.731445 0.530273 0.001953 0.001953
1 0.464844 0.539062 0.023438 0.019531
1 0.994141 0.533203 0.011719 0.011719
1 0.781250 0.602539 0.152344 0.150391
1 0.448242 0.528320 0.001953 0.001953
1 0.363281 0.529297 0.019531 0.011719
1 0.358398 0.524414 0.001953 0.001953
1 0.451172 0.524414 0.003906 0.005859
1 0.446289 0.523438 0.001953 0.003906
1 0.342773 0.522461 0.001953 0.001953
1 0.163086 0.523438 0.009766 0.003906
1 0.142578 0.523438 0.003906 0.003906
1 0.607422 0.532227 0.019531 0.025391
1 0.555664 0.520508 0.001953 0.001953
1 0.457031 0.521484 0.003906 0.003906
0 0.259766 0.548828 0.058594 0.058594
1 0.548828 0.523438 0.007812 0.015625
0 0.342773 0.514648 0.001953 0.001953
1 0.602539 0.512695 0.001953 0.001953
1 0.545898 0.512695 0.001953 0.001953
1 0.210938 0.514648 0.003906 0.005859
1 0.219727 0.510742 0.001953 0.001953
1 0.436523 0.508789 0.001953 0.001953
1 0.073242 0.508789 0.001953 0.001953
1 0.672852 0.514648 0.017578 0.021484
1 0.625977 0.504883 0.001953 0.001953
1 0.670898 0.502930 0.001953 0.001953
1 0.429688 0.510742 0.015625 0.017578
0 0.260742 0.514648 0.021484 0.025391
1 0.250000 0.501953 0.003906 0.007812
0 0.129883 0.499023 0.001953 0.001953
1 0.508789 0.516602 0.056641 0.041016
1 0.329102 0.527344 0.029297 0.062500
1 0.516602 0.495117 0.001953 0.001953
1 0.014648 0.495117 0.001953 0.001953
1 0.596680 0.488281 0.005859 0.003906
1 0.303711 0.483398 0.001953 0.001953
1 0.253906 0.487305 0.007812 0.009766
1 0.995117 0.483398 0.009766 0.009766
1 0.808594 0.511719 0.054688 0.066406
0 0.444336 0.477539 0.001953 0.001953
1 0.254883 0.479492 0.005859 0.005859
1 0.953125 0.478516 0.003906 0.007812
1 0.301758 0.475586 0.001953 0.001953
0 0.463867 0.474609 0.005859 0.003906
0 0.458008 0.473633 0.001953 0.001953
0 0.351562 0.474609 0.003906 0.003906
1 0.088867 0.506836 0.068359 0.068359
1 0.664062 0.476562 0.007812 0.015625
0 0.436523 0.470703 0.005859 0.003906
1 0.713867 0.465820 0.001953 0.001953
0 0.455078 0.469727 0.015625 0.009766
1 0.017578 0.481445 0.035156 0.033203
1 0.955078 0.468750 0.007812 0.011719
0 0.153320 0.489258 0.056641 0.052734
1 0.022461 0.463867 0.001953 0.001953
1 0.795898 0.461914 0.001953 0.001953
0 0.182617 0.462891 0.001953 0.003906
0 0.565430 0.461914 0.005859 0.005859
1 0.540039 0.485352 0.041016 0.056641
0 0.398438 0.460938 0.011719 0.007812
0 0.475586 0.456055 0.001953 0.001953
0 0.419922 0.458008 0.015625 0.009766
1 0.541016 0.452148 0.003906 0.005859
0 0.487305 0.450195 0.001953 0.001953
0 0.431641 0.449219 0.003906 0.003906
1 0.192383 0.444336 0.001953 0.001953
0 0.199219 0.445312 0.007812 0.011719
1 0.182617 0.448242 0.013672 0.017578
1 0.595703 0.497070 0.062500 0.119141
1 0.795898 0.448242 0.021484 0.025391
0 0.483398 0.464844 0.037109 0.058594
0 0.597656 0.439453 0.011719 0.011719
1 0.296875 0.433594 0.007812 0.003906
0 0.614258 0.430664 0.001953 0.001953
0 0.586914 0.431641 0.001953 0.003906
0 0.590820 0.426758 0.001953 0.001953
0 0.422852 0.426758 0.001953 0.005859
1 0.190430 0.430664 0.005859 0.013672
1 0.581055 0.429688 0.009766 0.015625
1 0.336914 0.422852 0.001953 0.001953
1 0.940430 0.440430 0.025391 0.041016
0 0.727539 0.459961 0.033203 0.087891
1 0.999023 0.416016 0.001953 0.003906
1 0.938477 0.415039 0.001953 0.001953
1 0.234375 0.415039 0.007812 0.005859
0 0.127930 0.413086 0.001953 0.001953
1 0.000977 0.415039 0.001953 0.005859
1 0.256836 0.411133 0.001953 0.001953
1 0.920898 0.502930 0.138672 0.193359
1 0.000977 0.407227 0.001953 0.001953
1 0.191406 0.406250 0.003906 0.003906
1 0.183594 0.411133 0.011719 0.017578
1 0.969727 0.401367 0.001953 0.001953
1 0.958008 0.414062 0.021484 0.031250
1 0.719727 0.399414 0.001953 0.001953
1 0.223633 0.400391 0.001953 0.003906
0 0.609375 0.398438 0.003906 0.003906
1 0.973633 0.395508 0.001953 0.001953
1 0.956055 0.395508 0.001953 0.001953
0 0.392578 0.394531 0.003906 0.003906
1 0.366211 0.394531 0.001953 0.003906
1 0.125000 0.405273 0.019531 0.037109
1 0.040039 0.401367 0.025391 0.029297
0 0.600586 0.383789 0.001953 0.001953
0 0.595703 0.409180 0.031250 0.052734
1 0.377930 0.383789 0.001953 0.001953
1 0.141602 0.384766 0.001953 0.003906
1 0.135742 0.384766 0.005859 0.003906
1 0.845703 0.385742 0.003906 0.013672
1 0.573242 0.379883 0.001953 0.001953
1 0.289062 0.381836 0.003906 0.005859
1 0.146484 0.381836 0.003906 0.005859
1 0.306641 0.377930 0.007812 0.001953
1 0.608398 0.375977 0.005859 0.009766
0 0.150391 0.374023 0.003906 0.005859
1 0.332031 0.371094 0.003906 0.003906
1 0.293945 0.371094 0.001953 0.003906
0 0.203125 0.395508 0.035156 0.060547
1 0.721680 0.364258 0.001953 0.001953
1 0.666992 0.362305 0.001953 0.001953
1 0.348633 0.367188 0.013672 0.011719
0 0.143555 0.368164 0.013672 0.013672
1 0.565430 0.367188 0.005859 0.015625
1 0.302734 0.363281 0.003906 0.007812
1 0.351562 0.358398 0.003906 0.005859
1 0.342773 0.360352 0.005859 0.009766
1 0.313477 0.354492 0.001953 0.001953
1 0.889648 0.352539 0.001953 0.001953
1 0.666016 0.353516 0.003906 0.003906
0 0.583008 0.368164 0.013672 0.033203
1 0.978516 0.372070 0.039062 0.044922
0 0.534180 0.352539 0.001953 0.005859
0 0.530273 0.352539 0.001953 0.005859
1 0.036133 0.350586 0.001953 0.001953
1 0.031250 0.350586 0.003906 0.001953
0 0.583008 0.348633 0.001953 0.001953
1 0.049805 0.356445 0.013672 0.017578
1 0.914062 0.346680 0.003906 0.001953
1 0.913086 0.381836 0.056641 0.072266
1 0.711914 0.346680 0.001953 0.001953
1 0.040039 0.347656 0.001953 0.003906
1 0.905273 0.344727 0.001953 0.001953
1 0.708008 0.344727 0.001953 0.001953
1 0.568359 0.348633 0.007812 0.009766
1 0.913086 0.342773 0.001953 0.001953
1 0.598633 0.351562 0.017578 0.019531
1 0.408203 0.338867 0.007812 0.009766
1 0.301758 0.333984 0.001953 0.003906
0 0.250977 0.333008 0.001953 0.001953
1 0.081055 0.338867 0.017578 0.013672
1 0.040039 0.336914 0.013672 0.013672
0 0.228516 0.364258 0.039062 0.072266
1 0.088867 0.329102 0.001953 0.001953
1 0.817383 0.327148 0.001953 0.001953
1 0.085938 0.326172 0.003906 0.003906
1 0.728516 0.373047 0.042969 0.101562
1 0.966797 0.326172 0.015625 0.015625
1 0.877930 0.315430 0.001953 0.001953
1 0.027344 0.318359 0.007812 0.007812
0 0.431641 0.314453 0.003906 0.003906
0 0.243164 0.313477 0.001953 0.001953
1 0.162109 0.333984 0.039062 0.046875
1 0.810547 0.316406 0.007812 0.015625
1 0.579102 0.312500 0.005859 0.007812
0 0.536133 0.309570 0.001953 0.001953
1 0.965820 0.307617 0.009766 0.009766
0 0.635742 0.301758 0.001953 0.001953
0 0.520508 0.302734 0.005859 0.003906
0 0.527344 0.300781 0.003906 0.003906
1 0.012695 0.332031 0.025391 0.070312
0 0.640625 0.335938 0.039062 0.082031
1 0.973633 0.297852 0.005859 0.009766
0 0.629883 0.291992 0.001953 0.001953
1 0.263672 0.311523 0.039062 0.041016
1 0.081055 0.298828 0.017578 0.015625
1 0.219727 0.304688 0.025391 0.031250
0 0.627930 0.288086 0.005859 0.005859
1 0.590820 0.285156 0.001953 0.003906
1 0.591797 0.277344 0.003906 0.003906
0 0.004883 0.284180 0.009766 0.017578
1 0.000977 0.267578 0.001953 0.003906
0 0.833008 0.256836 0.001953 0.001953
1 0.784180 0.287109 0.029297 0.062500
0 0.272461 0.252930 0.001953 0.001953
0 0.030273 0.264648 0.037109 0.025391
0 0.272461 0.247070 0.001953 0.001953
0 0.194336 0.247070 0.001953 0.001953
1 0.065430 0.247070 0.001953 0.001953
1 0.601562 0.250000 0.007812 0.011719
0 0.428711 0.241211 0.001953 0.001953
1 0.600586 0.240234 0.001953 0.003906
0 0.552734 0.238281 0.003906 0.003906
1 0.905273 0.235352 0.001953 0.001953
1 0.557617 0.235352 0.001953 0.001953
1 0.561523 0.233398 0.001953 0.001953
1 0.902344 0.223633 0.003906 0.001953
1 0.987305 0.223633 0.005859 0.005859
1 0.930664 0.226562 0.009766 0.011719
1 0.926758 0.221680 0.001953 0.001953
1 0.917969 0.228516 0.015625 0.015625
1 0.565430 0.220703 0.001953 0.003906
0 0.526367 0.221680 0.005859 0.005859
1 0.905273 0.218750 0.005859 0.003906
1 0.555664 0.219727 0.005859 0.005859
1 0.299805 0.215820 0.001953 0.001953
0 0.233398 0.215820 0.001953 0.001953
1 0.069336 0.238281 0.068359 0.046875
1 0.898438 0.213867 0.003906 0.001953
0 0.259766 0.211914 0.003906 0.001953
0 0.616211 0.241211 0.021484 0.064453
1 0.295898 0.209961 0.001953 0.001953
1 0.858398 0.276367 0.068359 0.146484
0 0.468750 0.195312 0.003906 0.003906
0 0.426758 0.194336 0.001953 0.001953
0 0.419922 0.198242 0.007812 0.009766
0 0.249023 0.199219 0.009766 0.011719
1 0.075195 0.190430 0.001953 0.001953
1 0.712891 0.191406 0.003906 0.007812
0 0.528320 0.195312 0.017578 0.019531
0 0.166016 0.219727 0.035156 0.068359
1 0.657227 0.205078 0.017578 0.042969
0 0.295898 0.182617 0.001953 0.001953
1 0.007812 0.193359 0.015625 0.031250
0 0.497070 0.172852 0.001953 0.001953
1 0.908203 0.194336 0.066406 0.048828
0 0.304688 0.170898 0.003906 0.001953
0 0.239258 0.170898 0.001953 0.001953
0 0.401367 0.337891 0.302734 0.339844
0 0.253906 0.173828 0.019531 0.011719
0 0.887695 0.166992 0.001953 0.001953
0 0.537109 0.165039 0.003906 0.001953
1 0.272461 0.225586 0.134766 0.123047
0 0.414062 0.165039 0.007812 0.005859
0 0.907227 0.162109 0.001953 0.003906
1 0.370117 0.257812 0.134766 0.195312
1 0.236328 0.163086 0.003906 0.005859
1 0.816406 0.162109 0.007812 0.007812
1 0.111328 0.159180 0.003906 0.001953
1 0.141602 0.157227 0.001953 0.001953
0 0.898438 0.159180 0.011719 0.009766
0 0.877930 0.162109 0.013672 0.015625
0 0.553711 0.168945 0.033203 0.029297
0 0.776367 0.156250 0.005859 0.007812
0 0.249023 0.162109 0.013672 0.019531
0 0.868164 0.145508 0.001953 0.001953
1 0.451172 0.144531 0.003906 0.003906
0 0.280273 0.153320 0.021484 0.021484
0 0.766602 0.142578 0.001953 0.003906
0 0.424805 0.141602 0.001953 0.001953
0 0.507812 0.157227 0.039062 0.041016
1 0.358398 0.140625 0.017578 0.011719
0 0.791992 0.129883 0.001953 0.001953
0 0.750977 0.178711 0.083984 0.099609
0 0.295898 0.129883 0.001953 0.005859
1 0.232422 0.126953 0.003906 0.003906
0 0.909180 0.124023 0.001953 0.001953
0 0.308594 0.136719 0.031250 0.031250
1 0.272461 0.122070 0.001953 0.001953
1 0.233398 0.122070 0.001953 0.001953
1 0.278320 0.119141 0.001953 0.003906
1 0.565430 0.118164 0.005859 0.005859
0 0.738281 0.115234 0.003906 0.003906
1 0.342773 0.123047 0.044922 0.027344
0 0.476562 0.109375 0.007812 0.003906
0 0.260742 0.108398 0.005859 0.005859
1 0.233398 0.106445 0.001953 0.001953
0 0.101562 0.108398 0.003906 0.005859
0 0.088867 0.107422 0.001953 0.003906
0 0.887695 0.130859 0.064453 0.054688
0 0.858398 0.104492 0.001953 0.001953
0 0.247070 0.108398 0.021484 0.009766
0 0.435547 0.134766 0.035156 0.070312
0 0.915039 0.101562 0.009766 0.007812
0 0.470703 0.099609 0.003906 0.003906
0 0.734375 0.104492 0.011719 0.017578
1 0.692383 0.096680 0.001953 0.001953
1 0.320312 0.101562 0.015625 0.011719
1 0.116211 0.096680 0.001953 0.001953
1 0.122070 0.094727 0.001953 0.001953
0 0.003906 0.102539 0.007812 0.017578
0 0.916016 0.093750 0.003906 0.003906
1 0.722656 0.093750 0.003906 0.003906
0 0.921875 0.091797 0.003906 0.003906
0 0.733398 0.092773 0.005859 0.005859
0 0.862305 0.086914 0.001953 0.001953
0 0.488281 0.095703 0.023438 0.019531
0 0.469727 0.088867 0.009766 0.005859
1 0.912109 0.083984 0.003906 0.003906
0 0.504883 0.082031 0.001953 0.003906
0 0.453125 0.084961 0.015625 0.013672
0 0.729492 0.077148 0.001953 0.001953
1 0.577148 0.077148 0.001953 0.001953
1 0.173828 0.093750 0.019531 0.042969
0 0.923828 0.082031 0.015625 0.023438
0 0.489258 0.071289 0.001953 0.001953
0 0.757812 0.099609 0.050781 0.062500
1 0.547852 0.098633 0.041016 0.060547
0 0.758789 0.067383 0.001953 0.001953
1 0.109375 0.084961 0.027344 0.037109
0 0.073242 0.067383 0.001953 0.001953
1 0.530273 0.065430 0.001953 0.001953
1 0.573242 0.061523 0.001953 0.001953
1 0.532227 0.061523 0.001953 0.001953
1 0.887695 0.059570 0.001953 0.001953
0 0.485352 0.059570 0.001953 0.001953
1 0.883789 0.057617 0.001953 0.001953
0 0.874023 0.061523 0.009766 0.009766
1 0.632812 0.056641 0.007812 0.003906
1 0.291992 0.086914 0.060547 0.064453
1 0.657227 0.054688 0.005859 0.003906
0 0.518555 0.051758 0.001953 0.001953
0 0.503906 0.067383 0.031250 0.033203
0 0.744141 0.057617 0.015625 0.017578
1 0.328125 0.055664 0.011719 0.013672
1 0.608398 0.047852 0.001953 0.001953
1 0.633789 0.048828 0.005859 0.007812
0 0.481445 0.051758 0.005859 0.013672
1 0.333008 0.045898 0.001953 0.001953
1 0.618164 0.043945 0.001953 0.001953
1 0.601562 0.045898 0.003906 0.005859
1 0.309570 0.043945 0.001953 0.001953
0 0.747070 0.045898 0.009766 0.009766
1 0.643555 0.038086 0.001953 0.001953
0 0.752930 0.036133 0.001953 0.001953
1 0.616211 0.036133 0.001953 0.001953
0 0.950195 0.034180 0.001953 0.001953
0 0.758789 0.031250 0.005859 0.003906
0 0.721680 0.028320 0.001953 0.001953
0 0.758789 0.026367 0.001953 0.001953
1 0.531250 0.041992 0.023438 0.033203
0 0.494141 0.027344 0.003906 0.003906
0 0.936523 0.026367 0.005859 0.005859
0 0.489258 0.024414 0.001953 0.001953
1 0.756836 0.022461 0.001953 0.001953
0 0.764648 0.021484 0.005859 0.003906
0 0.946289 0.022461 0.005859 0.009766
1 0.608398 0.018555 0.001953 0.001953
0 0.095703 0.021484 0.003906 0.007812
0 0.819336 0.016602 0.001953 0.001953
0 0.789062 0.085938 0.058594 0.140625
1 0.081055 0.114258 0.162109 0.197266
0 0.932617 0.012695 0.001953 0.001953
1 0.495117 0.012695 0.001953 0.001953
1 0.453125 0.012695 0.007812 0.005859
0 0.237305 0.010742 0.001953 0.001953
1 0.286133 0.008789 0.001953 0.001953
0 0.817383 0.006836 0.001953 0.001953
1 0.277344 0.008789 0.011719 0.005859
0 0.808594 0.007812 0.015625 0.007812
0 0.967773 0.042969 0.064453 0.085938
0 0.949219 0.007812 0.015625 0.015625
0 0.921875 0.000977 0.003906 0.001953
0 0.900391 0.009766 0.027344 0.019531
0 0.856445 0.041992 0.068359 0.083984
0 0.825195 0.000977 0.001953 0.001953
0 0.793945 0.000977 0.001953 0.001953
0 0.788086 0.000977 0.001953 0.001953
0 0.772461 0.000977 0.001953 0.001953
0 0.766602 0.001953 0.005859 0.003906
1 0.724609 0.025391 0.058594 0.050781
1 0.635742 0.076172 0.134766 0.152344
1 0.574219 0.005859 0.019531 0.011719
1 0.476562 0.012695 0.019531 0.025391
1 0.391602 0.012695 0.005859 0.025391
1 0.374023 0.014648 0.037109 0.029297
1 0.303711 0.001953 0.005859 0.003906
0 0.226562 0.049805 0.054688 0.099609
0 0.154297 0.026367 0.031250 0.052734
1 0.020508 0.003906 0.017578 0.007812
3 0.583008 0.999023 0.001953 0.001953
2 0.321289 0.999023 0.001953 0.001953
3 0.043945 0.999023 0.001953 0.001953
3 0.290039 0.998047 0.001953 0.003906
2 0.222656 0.998047 0.003906 0.003906
2 0.208984 0.997070 0.007812 0.005859
2 0.819336 0.995117 0.001953 0.005859
3 0.335938 0.992188 0.011719 0.011719
2 0.211914 0.981445 0.005859 0.009766
2 0.659180 0.975586 0.001953 0.001953
3 0.654297 0.970703 0.007812 0.003906
2 0.208984 0.965820 0.003906 0.005859
2 0.190430 0.944336 0.001953 0.001953
2 0.234375 0.945312 0.003906 0.007812
3 0.187500 0.940430 0.003906 0.005859
2 0.977539 0.915039 0.001953 0.001953
2 0.984375 0.887695 0.003906 0.005859
3 0.969727 0.875977 0.001953 0.001953
2 0.998047 0.662109 0.003906 0.003906
3 0.004883 0.346680 0.009766 0.013672
3 0.005859 0.326172 0.011719 0.019531
2 0.010742 0.315430 0.001953 0.001953
2 0.004883 0.313477 0.001953 0.001953
3 0.059570 0.178711 0.001953 0.001953
2 0.094727 0.168945 0.001953 0.001953
3 0.088867 0.166992 0.005859 0.005859
2 0.077148 0.145508 0.001953 0.001953
3 0.063477 0.145508 0.001953 0.001953
3 0.070312 0.141602 0.003906 0.001953
2 0.084961 0.141602 0.017578 0.021484
2 0.071289 0.123047 0.001953 0.003906
3 0.060547 0.131836 0.019531 0.025391
2 0.067383 0.110352 0.001953 0.001953
3 0.221680 0.092773 0.001953 0.001953
2 0.223633 0.069336 0.001953 0.001953
2 0.975586 0.066406 0.005859 0.003906
2 0.997070 0.065430 0.005859 0.009766
2 0.998047 0.054688 0.003906 0.003906
2 0.843750 0.053711 0.003906 0.001953
2 0.232422 0.049805 0.003906 0.005859
2 0.225586 0.047852 0.001953 0.001953
2 0.008789 0.049805 0.005859 0.005859
2 0.074219 0.045898 0.003906 0.001953
2 0.042969 0.046875 0.003906 0.003906
2 0.231445 0.043945 0.001953 0.001953
2 0.020508 0.043945 0.005859 0.001953
2 0.999023 0.040039 0.001953 0.001953
2 0.221680 0.039062 0.005859 0.003906
2 0.974609 0.034180 0.003906 0.001953
2 0.226562 0.034180 0.003906 0.001953
2 0.075195 0.034180 0.001953 0.001953
2 0.999023 0.029297 0.001953 0.003906
2 0.860352 0.030273 0.005859 0.005859
2 0.229492 0.028320 0.009766 0.013672
2 0.709961 0.020508 0.001953 0.001953
3 0.620117 0.020508 0.001953 0.001953
2 0.871094 0.023438 0.011719 0.011719
3 0.741211 0.018555 0.005859 0.009766
2 0.219727 0.013672 0.017578 0.007812
3 0.728516 0.011719 0.011719 0.007812
3 0.375977 0.008789 0.001953 0.001953
3 0.711914 0.006836 0.001953 0.001953
3 0.674805 0.006836 0.001953 0.001953
2 0.999023 0.004883 0.001953 0.001953
2 0.993164 0.000977 0.001953 0.001953
2 0.853516 0.002930 0.011719 0.005859
3 0.739258 0.001953 0.009766 0.003906
2 0.715820 0.002930 0.009766 0.005859
3 0.646484 0.000977 0.003906 0.001953
2 0.208984 0.001953 0.007812 0.003906
3 0.500000 0.500000 1.000000 1.000000