0 0.379883 0.993164 0.001953 0.001953
0 0.383789 0.991211 0.001953 0.001953
0 0.454102 0.989258 0.001953 0.001953
0 0.002930 0.994141 0.005859 0.011719
0 0.775391 0.987305 0.003906 0.001953
0 0.044922 0.989258 0.031250 0.021484
0 0.411133 0.977539 0.001953 0.001953
0 0.135742 0.975586 0.001953 0.001953
0 0.147461 0.973633 0.001953 0.001953
0 0.407227 0.971680 0.001953 0.001953
0 0.393555 0.969727 0.001953 0.001953
0 0.388672 0.970703 0.003906 0.003906
0 0.153320 0.969727 0.001953 0.001953
0 0.149414 0.969727 0.001953 0.001953
0 0.135742 0.969727 0.001953 0.001953
0 0.005859 0.976562 0.011719 0.015625
1 0.493164 0.967773 0.001953 0.001953
0 0.010742 0.965820 0.001953 0.001953
0 0.409180 0.963867 0.001953 0.001953
0 0.393555 0.961914 0.001953 0.001953
0 0.412109 0.959961 0.003906 0.005859
0 0.071289 0.954102 0.001953 0.001953
0 0.020508 0.953125 0.001953 0.003906
0 0.013672 0.953125 0.007812 0.003906
0 0.026367 0.946289 0.001953 0.001953
0 0.423828 0.936523 0.003906 0.001953
0 0.426758 0.932617 0.001953 0.001953
1 0.451172 0.930664 0.003906 0.001953
0 0.458008 0.922852 0.001953 0.001953
0 0.088867 0.911133 0.001953 0.001953
0 0.226562 0.908203 0.003906 0.007812
0 0.090820 0.905273 0.001953 0.001953
0 0.168945 0.901367 0.001953 0.001953
0 0.225586 0.895508 0.001953 0.001953
0 0.019531 0.871094 0.003906 0.003906
0 0.016602 0.873047 0.005859 0.007812
0 0.041992 0.868164 0.005859 0.005859
0 0.045898 0.865234 0.005859 0.003906
0 0.048828 0.860352 0.003906 0.001953
0 0.122070 0.858398 0.001953 0.001953
0 0.365234 0.830078 0.003906 0.003906
0 0.133789 0.815430 0.001953 0.001953
0 0.338867 0.790039 0.001953 0.001953
0 0.395508 0.780273 0.001953 0.001953
0 0.391602 0.780273 0.001953 0.001953
0 0.270508 0.780273 0.001953 0.001953
0 0.416992 0.772461 0.001953 0.001953
0 0.415039 0.768555 0.001953 0.001953
0 0.421875 0.768555 0.003906 0.005859
0 0.147461 0.766602 0.005859 0.005859
0 0.422852 0.762695 0.001953 0.001953
0 0.344727 0.763672 0.001953 0.003906
0 0.272461 0.762695 0.001953 0.001953
0 0.379883 0.760742 0.001953 0.005859
0 0.287109 0.756836 0.003906 0.005859
0 0.346680 0.752930 0.001953 0.001953
0 0.348633 0.749023 0.001953 0.001953
1 0.995117 0.746094 0.001953 0.003906
1 0.990234 0.745117 0.003906 0.001953
1 0.999023 0.743164 0.001953 0.001953
0 0.413086 0.743164 0.001953 0.001953
0 0.347656 0.744141 0.003906 0.003906
1 0.995117 0.741211 0.001953 0.001953
1 0.993164 0.736328 0.001953 0.003906
0 0.315430 0.725586 0.009766 0.001953
0 0.322266 0.683594 0.003906 0.003906
0 0.723633 0.668945 0.001953 0.005859
0 0.393555 0.661133 0.001953 0.001953
0 0.772461 0.657227 0.001953 0.001953
0 0.676758 0.644531 0.001953 0.003906
0 0.677734 0.639648 0.003906 0.001953
0 0.683594 0.638672 0.003906 0.007812
0 0.725586 0.632812 0.001953 0.003906
0 0.821289 0.630859 0.001953 0.003906
0 0.665039 0.629883 0.001953 0.001953
0 0.661133 0.629883 0.001953 0.001953
0 0.656250 0.631836 0.003906 0.005859
0 0.694336 0.625977 0.001953 0.001953
0 0.819336 0.610352 0.001953 0.001953
0 0.828125 0.608398 0.003906 0.001953
0 0.823242 0.608398 0.001953 0.001953
0 0.811523 0.620117 0.017578 0.025391
0 0.883789 0.606445 0.001953 0.001953
0 0.878906 0.607422 0.003906 0.003906
0 0.815430 0.590820 0.001953 0.001953
1 0.022461 0.588867 0.001953 0.001953
0 0.821289 0.583008 0.001953 0.001953
0 0.813477 0.583984 0.001953 0.003906
0 0.837891 0.586914 0.039062 0.033203
0 0.815430 0.572266 0.009766 0.011719
1 0.003906 0.565430 0.007812 0.021484
1 0.819336 0.538086 0.001953 0.001953
0 0.836914 0.545898 0.017578 0.021484
0 0.838867 0.528320 0.001953 0.001953
0 0.790039 0.529297 0.005859 0.007812
0 0.817383 0.528320 0.009766 0.009766
0 0.837891 0.519531 0.003906 0.007812
0 0.849609 0.524414 0.015625 0.021484
0 0.803711 0.518555 0.005859 0.009766
0 0.969727 0.500977 0.001953 0.001953
1 0.051758 0.500000 0.001953 0.003906
0 0.313477 0.495117 0.001953 0.001953
0 0.301758 0.495117 0.001953 0.001953
0 0.819336 0.491211 0.001953 0.001953
0 0.336914 0.481445 0.001953 0.001953
0 0.817383 0.485352 0.017578 0.013672
0 0.826172 0.475586 0.003906 0.001953
0 0.819336 0.475586 0.001953 0.001953
0 0.006836 0.483398 0.013672 0.017578
0 0.000977 0.475586 0.001953 0.001953
1 0.345703 0.467773 0.003906 0.005859
0 0.985352 0.458008 0.001953 0.001953
0 0.977539 0.457031 0.001953 0.003906
0 0.355469 0.455078 0.007812 0.007812
0 0.764648 0.450195 0.001953 0.001953
1 0.001953 0.436523 0.003906 0.005859
1 0.063477 0.421875 0.001953 0.003906
0 0.990234 0.434570 0.019531 0.033203
1 0.043945 0.415039 0.001953 0.001953
1 0.234375 0.413086 0.003906 0.001953
1 0.245117 0.407227 0.001953 0.001953
0 0.997070 0.405273 0.001953 0.001953
1 0.264648 0.405273 0.001953 0.001953
1 0.239258 0.406250 0.005859 0.003906
1 0.229492 0.405273 0.001953 0.001953
1 0.254883 0.403320 0.001953 0.001953
0 0.996094 0.400391 0.003906 0.003906
1 0.297852 0.397461 0.001953 0.001953
1 0.014648 0.397461 0.013672 0.009766
1 0.284180 0.391602 0.001953 0.001953
1 0.040039 0.391602 0.001953 0.001953
1 0.067383 0.390625 0.005859 0.003906
1 0.046875 0.390625 0.007812 0.003906
0 0.791992 0.389648 0.013672 0.009766
1 0.202148 0.375977 0.001953 0.001953
1 0.230469 0.371094 0.007812 0.003906
1 0.233398 0.368164 0.001953 0.001953
0 0.672852 0.369141 0.005859 0.007812
1 0.213867 0.372070 0.021484 0.013672
1 0.108398 0.367188 0.001953 0.003906
0 0.903320 0.352539 0.001953 0.001953
1 0.058594 0.349609 0.003906 0.003906
0 0.134766 0.342773 0.023438 0.009766
0 0.672852 0.335938 0.001953 0.003906
0 0.963867 0.334961 0.001953 0.005859
0 0.280273 0.332031 0.005859 0.003906
0 0.852539 0.328125 0.001953 0.003906
0 0.063477 0.323242 0.001953 0.001953
0 0.682617 0.319336 0.001953 0.001953
0 0.708008 0.316406 0.005859 0.003906
0 0.712891 0.314453 0.003906 0.003906
1 0.231445 0.311523 0.001953 0.001953
0 0.855469 0.311523 0.003906 0.005859
0 0.059570 0.307617 0.001953 0.001953
0 0.854492 0.305664 0.001953 0.001953
0 0.059570 0.303711 0.001953 0.001953
1 0.895508 0.295898 0.001953 0.001953
1 0.895508 0.282227 0.001953 0.001953
0 0.211914 0.282227 0.001953 0.001953
0 0.805664 0.280273 0.001953 0.001953
0 0.131836 0.280273 0.001953 0.001953
0 0.805664 0.276367 0.001953 0.001953
0 0.791992 0.283203 0.017578 0.015625
1 0.103516 0.275391 0.003906 0.007812
1 0.149414 0.252930 0.001953 0.001953
0 0.864258 0.249023 0.001953 0.005859
0 0.860352 0.248047 0.001953 0.003906
0 0.946289 0.245117 0.001953 0.001953
1 0.151367 0.243164 0.001953 0.001953
1 0.102539 0.245117 0.005859 0.005859
1 0.184570 0.237305 0.001953 0.001953
1 0.112305 0.236328 0.009766 0.007812
0 0.673828 0.229492 0.003906 0.001953
1 0.108398 0.229492 0.001953 0.001953
1 0.176758 0.237305 0.025391 0.021484
1 0.108398 0.225586 0.001953 0.001953
1 0.159180 0.223633 0.001953 0.001953
0 0.189453 0.217773 0.003906 0.001953
1 0.123047 0.215820 0.003906 0.001953
0 0.178711 0.215820 0.009766 0.005859
0 0.682617 0.212891 0.001953 0.003906
0 0.186523 0.211914 0.001953 0.001953
1 0.131836 0.212891 0.001953 0.003906
1 0.127930 0.209961 0.001953 0.001953
0 0.707031 0.208984 0.003906 0.007812
1 0.105469 0.201172 0.003906 0.003906
1 0.069336 0.198242 0.001953 0.001953
1 0.016602 0.226562 0.033203 0.070312
1 0.071289 0.190430 0.001953 0.001953
1 0.079102 0.182617 0.001953 0.001953
1 0.071289 0.182617 0.005859 0.009766
0 0.891602 0.174805 0.001953 0.001953
0 0.706055 0.174805 0.001953 0.001953
1 0.067383 0.174805 0.001953 0.001953
0 0.961914 0.170898 0.001953 0.001953
0 0.719727 0.157227 0.001953 0.001953
0 0.254883 0.153320 0.001953 0.001953
0 0.010742 0.145508 0.001953 0.001953
0 0.883789 0.145508 0.005859 0.005859
0 0.081055 0.143555 0.001953 0.001953
1 0.004883 0.143555 0.001953 0.001953
1 0.000977 0.143555 0.001953 0.001953
0 0.225586 0.135742 0.001953 0.001953
0 0.219727 0.135742 0.001953 0.001953
0 0.010742 0.135742 0.001953 0.001953
0 0.237305 0.131836 0.001953 0.001953
0 0.012695 0.131836 0.001953 0.001953
0 0.123047 0.128906 0.003906 0.003906
0 0.853516 0.127930 0.007812 0.005859
0 0.846680 0.125977 0.001953 0.001953
0 0.656250 0.126953 0.003906 0.003906
0 0.266602 0.122070 0.001953 0.001953
0 0.253906 0.122070 0.003906 0.001953
0 0.893555 0.124023 0.013672 0.009766
0 0.291016 0.120117 0.003906 0.001953
0 0.854492 0.118164 0.001953 0.001953
1 0.112305 0.118164 0.001953 0.001953
0 0.253906 0.110352 0.003906 0.005859
0 0.641602 0.102539 0.001953 0.001953
0 0.666992 0.099609 0.005859 0.003906
0 0.657227 0.098633 0.005859 0.005859
1 0.100586 0.108398 0.021484 0.025391
1 0.090820 0.096680 0.001953 0.001953
1 0.062500 0.101562 0.007812 0.011719
1 0.041016 0.140625 0.082031 0.097656
0 0.023438 0.094727 0.011719 0.013672
0 0.003906 0.088867 0.007812 0.001953
1 0.019531 0.086914 0.003906 0.001953
0 0.245117 0.084961 0.001953 0.001953
1 0.038086 0.085938 0.013672 0.003906
1 0.141602 0.083008 0.001953 0.001953
0 0.013672 0.083984 0.003906 0.007812
0 0.235352 0.082031 0.005859 0.007812
0 0.020508 0.079102 0.001953 0.001953
0 0.655273 0.085938 0.017578 0.019531
1 0.153320 0.075195 0.001953 0.001953
0 0.002930 0.075195 0.001953 0.001953
0 0.203125 0.069336 0.003906 0.001953
1 0.035156 0.076172 0.019531 0.015625
0 0.252930 0.078125 0.029297 0.023438
1 0.032227 0.067383 0.001953 0.001953
0 0.223633 0.064453 0.001953 0.003906
0 0.036133 0.063477 0.001953 0.001953
0 0.288086 0.061523 0.001953 0.005859
1 0.012695 0.055664 0.001953 0.001953
1 0.016602 0.047852 0.017578 0.009766
0 0.678711 0.042969 0.005859 0.011719
0 0.708008 0.035156 0.005859 0.003906
1 0.025391 0.033203 0.003906 0.003906
0 0.661133 0.030273 0.001953 0.001953
0 0.657227 0.030273 0.001953 0.001953
1 0.030273 0.030273 0.001953 0.001953
1 0.010742 0.034180 0.021484 0.009766
1 0.528320 0.028320 0.001953 0.001953
1 0.954102 0.016602 0.001953 0.001953
0 0.708984 0.024414 0.007812 0.017578
0 0.663086 0.014648 0.001953 0.001953
0 0.604492 0.016602 0.001953 0.005859
1 0.743164 0.012695 0.001953 0.001953
0 0.732422 0.029297 0.035156 0.035156
0 0.709961 0.012695 0.001953 0.001953
0 0.604492 0.010742 0.001953 0.001953
0 0.933594 0.201172 0.132812 0.402344
0 0.891602 0.000977 0.001953 0.001953
0 0.856445 0.000977 0.001953 0.001953
0 0.709961 0.003906 0.009766 0.007812
1 0.528320 0.014648 0.017578 0.029297
0 0.176758 0.033203 0.134766 0.066406
0 0.500000 0.500000 1.000000 1.000000
3 0.274414 0.998047 0.001953 0.003906
2 0.084961 0.998047 0.005859 0.003906
2 0.418945 0.993164 0.001953 0.001953
2 0.411133 0.994141 0.009766 0.003906
2 0.746094 0.991211 0.003906 0.001953
2 0.362305 0.977539 0.001953 0.001953
3 0.511719 0.975586 0.003906 0.001953
2 0.007812 0.974609 0.003906 0.003906
2 0.001953 0.972656 0.003906 0.003906
2 0.357422 0.969727 0.003906 0.001953
2 0.778320 0.980469 0.044922 0.039062
2 0.381836 0.961914 0.001953 0.001953
2 0.708984 0.962891 0.027344 0.011719
2 0.600586 0.962891 0.005859 0.011719
2 0.598633 0.954102 0.001953 0.001953
3 0.504883 0.944336 0.001953 0.001953
3 0.499023 0.944336 0.001953 0.001953
2 0.982422 0.945312 0.023438 0.007812
2 0.278320 0.941406 0.001953 0.003906
2 0.866211 0.935547 0.005859 0.003906
2 0.070312 0.924805 0.003906 0.005859
3 0.920898 0.920898 0.001953 0.001953
2 0.441406 0.957031 0.179688 0.085938
2 0.159180 0.915039 0.001953 0.001953
2 0.147461 0.915039 0.001953 0.001953
2 0.557617 0.914062 0.001953 0.003906
2 0.165039 0.914062 0.005859 0.003906
2 0.790039 0.911133 0.001953 0.001953
2 0.541016 0.911133 0.003906 0.001953
2 0.924805 0.937500 0.041016 0.058594
2 0.713867 0.910156 0.001953 0.003906
2 0.551758 0.910156 0.005859 0.003906
2 0.447266 0.909180 0.003906 0.001953
2 0.169922 0.911133 0.003906 0.009766
2 0.791016 0.905273 0.003906 0.001953
2 0.710938 0.906250 0.003906 0.003906
2 0.565430 0.905273 0.005859 0.001953
2 0.832031 0.901367 0.003906 0.001953
2 0.446289 0.903320 0.005859 0.005859
2 0.350586 0.907227 0.021484 0.017578
2 0.831055 0.897461 0.001953 0.001953
2 0.969727 0.891602 0.001953 0.001953
2 0.657227 0.891602 0.001953 0.001953
2 0.462891 0.891602 0.003906 0.001953
2 0.962891 0.894531 0.015625 0.011719
2 0.657227 0.887695 0.001953 0.001953
2 0.575195 0.888672 0.001953 0.003906
2 0.979492 0.888672 0.009766 0.007812
2 0.956055 0.885742 0.001953 0.001953
2 0.912109 0.891602 0.011719 0.013672
2 0.426758 0.881836 0.001953 0.001953
2 0.440430 0.896484 0.025391 0.035156
2 0.069336 0.879883 0.001953 0.001953
2 0.489258 0.879883 0.013672 0.009766
2 0.491211 0.870117 0.001953 0.001953
2 0.919922 0.874023 0.007812 0.013672
2 0.665039 0.912109 0.052734 0.089844
2 0.188477 0.868164 0.001953 0.001953
2 0.926758 0.866211 0.001953 0.001953
2 0.291992 0.866211 0.001953 0.001953
2 0.723633 0.864258 0.001953 0.001953
2 0.708008 0.860352 0.001953 0.001953
2 0.778320 0.858398 0.001953 0.001953
2 0.760742 0.858398 0.001953 0.001953
2 0.694336 0.856445 0.001953 0.001953
2 0.701172 0.855469 0.007812 0.003906
2 0.555664 0.852539 0.001953 0.001953
2 0.039062 0.869141 0.078125 0.050781
3 0.061523 0.834961 0.001953 0.001953
3 0.056641 0.828125 0.003906 0.003906
2 0.077148 0.832031 0.025391 0.015625
2 0.861328 0.822266 0.003906 0.003906
3 0.063477 0.821289 0.001953 0.001953
3 0.056641 0.821289 0.003906 0.001953
2 0.086914 0.821289 0.001953 0.005859
3 0.072266 0.819336 0.011719 0.005859
2 0.103516 0.818359 0.003906 0.007812
2 0.086914 0.815430 0.001953 0.001953
2 0.118164 0.813477 0.001953 0.001953
2 0.111328 0.815430 0.007812 0.009766
2 0.084961 0.809570 0.005859 0.005859
2 0.909180 0.803711 0.001953 0.001953
2 0.114258 0.803711 0.001953 0.001953
2 0.698242 0.788086 0.001953 0.001953
2 0.831055 0.780273 0.005859 0.009766
3 0.786133 0.772461 0.001953 0.001953
2 0.177734 0.773438 0.003906 0.003906
2 0.826172 0.768555 0.003906 0.005859
2 0.550781 0.767578 0.003906 0.003906
2 0.556641 0.762695 0.003906 0.001953
2 0.572266 0.762695 0.007812 0.009766
2 0.549805 0.758789 0.001953 0.001953
2 0.827148 0.756836 0.001953 0.001953
2 0.557617 0.756836 0.001953 0.001953
2 0.742188 0.823242 0.082031 0.138672
2 0.575195 0.754883 0.001953 0.001953
2 0.534180 0.754883 0.001953 0.001953
2 0.188477 0.754883 0.001953 0.001953
3 0.799805 0.752930 0.001953 0.001953
2 0.692383 0.757812 0.025391 0.011719
2 0.538086 0.752930 0.001953 0.001953
2 0.184570 0.750977 0.001953 0.001953
2 0.094727 0.875000 0.189453 0.250000
2 0.145508 0.750000 0.005859 0.003906
3 0.776367 0.747070 0.001953 0.001953
2 0.682617 0.747070 0.001953 0.001953
2 0.430664 0.747070 0.001953 0.001953
2 0.190430 0.747070 0.001953 0.001953
2 0.186523 0.747070 0.001953 0.001953
3 0.782227 0.745117 0.001953 0.001953
3 0.790039 0.746094 0.005859 0.007812
2 0.430664 0.743164 0.001953 0.001953
2 0.188477 0.743164 0.001953 0.001953
2 0.584961 0.739258 0.001953 0.001953
2 0.578125 0.745117 0.015625 0.013672
2 0.932617 0.733398 0.001953 0.001953
2 0.181641 0.733398 0.003906 0.001953
3 0.991211 0.741211 0.017578 0.021484
2 0.583008 0.731445 0.001953 0.001953
2 0.189453 0.733398 0.003906 0.005859
2 0.166016 0.734375 0.007812 0.007812
2 0.942383 0.728516 0.001953 0.003906
2 0.175781 0.728516 0.007812 0.011719
3 0.080078 0.723633 0.003906 0.001953
2 0.568359 0.719727 0.003906 0.001953
2 0.529297 0.722656 0.003906 0.007812
2 0.186523 0.722656 0.009766 0.011719
3 0.182617 0.715820 0.001953 0.001953
2 0.763672 0.714844 0.007812 0.003906
2 0.561523 0.709961 0.001953 0.001953
2 0.690430 0.708008 0.001953 0.001953
2 0.684570 0.708008 0.001953 0.001953
2 0.570312 0.711914 0.007812 0.009766
2 0.767578 0.707031 0.003906 0.003906
2 0.589844 0.715820 0.023438 0.025391
2 0.084961 0.706055 0.005859 0.005859
2 0.854492 0.702148 0.001953 0.001953
2 0.776367 0.700195 0.001953 0.001953
2 0.852539 0.698242 0.005859 0.005859
2 0.849609 0.687500 0.007812 0.007812
2 0.631836 0.684570 0.001953 0.001953
2 0.616211 0.684570 0.001953 0.001953
2 0.463867 0.684570 0.001953 0.001953
3 0.993164 0.683594 0.013672 0.007812
2 0.605469 0.686523 0.007812 0.013672
2 0.881836 0.678711 0.001953 0.001953
2 0.873047 0.682617 0.003906 0.009766
2 0.899414 0.672852 0.001953 0.001953
2 0.860352 0.687500 0.017578 0.031250
2 0.216797 0.697266 0.046875 0.050781
3 0.215820 0.672852 0.001953 0.001953
2 0.129883 0.672852 0.001953 0.001953
3 0.074219 0.669922 0.007812 0.003906
2 0.909180 0.666992 0.001953 0.001953
2 0.215820 0.663086 0.001953 0.001953
2 0.862305 0.782227 0.162109 0.244141
2 0.903320 0.662109 0.001953 0.003906
2 0.936523 0.657227 0.001953 0.001953
2 0.967773 0.653320 0.001953 0.001953
2 0.951172 0.657227 0.023438 0.009766
3 0.104492 0.653320 0.001953 0.001953
3 0.100586 0.653320 0.001953 0.001953
2 0.323242 0.643555 0.001953 0.001953
2 0.629883 0.642578 0.001953 0.003906
2 0.381836 0.639648 0.001953 0.001953
2 0.026367 0.638672 0.001953 0.003906
3 0.021484 0.638672 0.003906 0.003906
2 0.015625 0.639648 0.003906 0.005859
2 0.970703 0.639648 0.003906 0.009766
3 0.854492 0.635742 0.001953 0.001953
2 0.389648 0.638672 0.009766 0.007812
3 0.029297 0.642578 0.011719 0.015625
2 0.364258 0.627930 0.001953 0.001953
2 0.561523 0.620117 0.001953 0.001953
3 0.166992 0.620117 0.001953 0.001953
2 0.898438 0.644531 0.078125 0.058594
3 0.104492 0.640625 0.072266 0.050781
2 0.388672 0.614258 0.003906 0.001953
2 0.597656 0.613281 0.003906 0.003906
3 0.166016 0.612305 0.003906 0.001953
3 0.148438 0.623047 0.027344 0.023438
2 0.557617 0.600586 0.001953 0.001953
2 0.923828 0.597656 0.003906 0.003906
2 0.577148 0.596680 0.001953 0.001953
2 0.966797 0.606445 0.062500 0.048828
3 0.145508 0.569336 0.001953 0.001953
3 0.012695 0.563477 0.001953 0.001953
2 0.147461 0.561523 0.001953 0.001953
3 0.139648 0.557617 0.001953 0.001953
2 0.015625 0.557617 0.003906 0.001953
3 0.092773 0.548828 0.001953 0.003906
2 0.494141 0.541992 0.003906 0.001953
3 0.474609 0.542969 0.003906 0.003906
3 0.015625 0.569336 0.031250 0.056641
3 0.587891 0.537109 0.003906 0.003906
3 0.077148 0.536133 0.001953 0.001953
2 0.514648 0.530273 0.001953 0.001953
2 0.522461 0.524414 0.001953 0.001953
3 0.493164 0.530273 0.021484 0.013672
3 0.485352 0.524414 0.001953 0.001953
2 0.491211 0.519531 0.005859 0.003906
2 0.649414 0.513672 0.013672 0.011719
2 0.260742 0.508789 0.001953 0.001953
2 0.131836 0.502930 0.001953 0.001953
2 0.118164 0.502930 0.001953 0.001953
2 0.204102 0.500977 0.001953 0.001953
2 0.114258 0.535156 0.052734 0.074219
3 0.477539 0.504883 0.033203 0.025391
2 0.333008 0.489258 0.001953 0.001953
2 0.297852 0.487305 0.001953 0.001953
3 0.465820 0.483398 0.001953 0.001953
3 0.542969 0.485352 0.007812 0.009766
3 0.485352 0.480469 0.005859 0.003906
2 0.131836 0.475586 0.001953 0.001953
2 0.526367 0.482422 0.013672 0.019531
2 0.111328 0.482422 0.007812 0.023438
2 0.672852 0.471680 0.005859 0.009766
3 0.540039 0.473633 0.013672 0.017578
2 0.126953 0.474609 0.015625 0.019531
2 0.104492 0.465820 0.001953 0.001953
3 0.540039 0.461914 0.001953 0.001953
2 0.201172 0.521484 0.156250 0.121094
3 0.536133 0.459961 0.001953 0.001953
2 0.286133 0.459961 0.001953 0.001953
2 0.161133 0.459961 0.001953 0.001953
2 0.654297 0.454102 0.003906 0.001953
3 0.567383 0.457031 0.005859 0.007812
3 0.542969 0.457031 0.003906 0.007812
2 0.229492 0.454102 0.001953 0.001953
2 0.229492 0.450195 0.001953 0.001953
2 0.994141 0.445312 0.003906 0.003906
2 0.355469 0.721680 0.503906 0.556641
3 0.445312 0.442383 0.003906 0.001953
2 0.991211 0.440430 0.005859 0.001953
2 0.140625 0.448242 0.007812 0.017578
3 0.541992 0.436523 0.001953 0.001953
3 0.546875 0.445312 0.031250 0.050781
3 0.227539 0.415039 0.001953 0.001953
2 0.470703 0.422852 0.011719 0.021484
3 0.081055 0.409180 0.001953 0.001953
2 0.657227 0.399414 0.001953 0.001953
3 0.200195 0.395508 0.001953 0.001953
3 0.196289 0.395508 0.001953 0.001953
3 0.377930 0.391602 0.001953 0.001953
3 0.374023 0.391602 0.001953 0.001953
2 0.602539 0.383789 0.001953 0.001953
3 0.364258 0.386719 0.005859 0.007812
3 0.120117 0.382812 0.005859 0.003906
3 0.081055 0.381836 0.001953 0.001953
2 0.999023 0.379883 0.001953 0.001953
2 0.977539 0.377930 0.001953 0.001953
3 0.364258 0.376953 0.001953 0.003906
3 0.356445 0.375977 0.001953 0.001953
2 0.127930 0.417969 0.068359 0.085938
3 0.367188 0.368164 0.007812 0.001953
3 0.182617 0.368164 0.001953 0.001953
3 0.176758 0.369141 0.005859 0.003906
3 0.073242 0.368164 0.001953 0.001953
2 0.999023 0.369141 0.001953 0.011719
3 0.063477 0.364258 0.001953 0.001953
3 0.057617 0.364258 0.001953 0.001953
3 0.071289 0.363281 0.005859 0.003906
3 0.183594 0.361328 0.003906 0.003906
3 0.250000 0.359375 0.007812 0.003906
2 0.331055 0.356445 0.001953 0.001953
2 0.339844 0.355469 0.003906 0.003906
2 0.316406 0.353516 0.003906 0.003906
2 0.296875 0.351562 0.007812 0.003906
2 0.997070 0.354492 0.005859 0.013672
2 0.338867 0.349609 0.001953 0.003906
2 0.999023 0.344727 0.001953 0.001953
2 0.325195 0.351562 0.021484 0.015625
2 0.088867 0.344727 0.001953 0.001953
3 0.555664 0.362305 0.021484 0.041016
2 0.348633 0.342773 0.001953 0.001953
2 0.327148 0.340820 0.001953 0.001953
3 0.551758 0.345703 0.013672 0.019531
3 0.999023 0.333008 0.001953 0.001953
3 0.924805 0.321289 0.001953 0.001953
2 0.335938 0.321289 0.011719 0.001953
2 0.416992 0.319336 0.009766 0.001953
2 0.106445 0.319336 0.001953 0.001953
3 0.916992 0.317383 0.001953 0.001953
2 0.315430 0.317383 0.001953 0.001953
3 0.009766 0.318359 0.003906 0.003906
3 0.997070 0.318359 0.005859 0.007812
2 0.436523 0.319336 0.009766 0.013672
3 0.032227 0.313477 0.001953 0.001953
2 0.690430 0.312500 0.001953 0.003906
2 0.425781 0.316406 0.003906 0.011719
2 0.329102 0.309570 0.001953 0.001953
2 0.083008 0.309570 0.005859 0.005859
3 0.034180 0.307617 0.001953 0.001953
2 0.706055 0.305664 0.001953 0.001953
2 0.194336 0.305664 0.001953 0.001953
2 0.186523 0.306641 0.009766 0.007812
3 0.000977 0.297852 0.001953 0.001953
2 0.366211 0.293945 0.001953 0.001953
2 0.704102 0.292969 0.005859 0.003906
3 0.526367 0.286133 0.005859 0.001953
2 0.993164 0.285156 0.001953 0.003906
2 0.366211 0.284180 0.001953 0.001953
2 0.338867 0.294922 0.017578 0.027344
2 0.986328 0.280273 0.003906 0.001953
3 0.011719 0.281250 0.003906 0.003906
2 0.718750 0.278320 0.003906 0.001953
2 0.481445 0.278320 0.001953 0.001953
2 0.476562 0.278320 0.003906 0.001953
2 0.358398 0.283203 0.009766 0.011719
2 0.958008 0.279297 0.005859 0.007812
2 0.953125 0.280273 0.003906 0.009766
2 0.368164 0.276367 0.001953 0.001953
2 0.473633 0.274414 0.001953 0.001953
3 0.303711 0.272461 0.001953 0.001953
2 0.483398 0.270508 0.001953 0.001953
2 0.478516 0.270508 0.003906 0.001953
2 0.366211 0.270508 0.001953 0.001953
2 0.356445 0.271484 0.001953 0.003906
2 0.014648 0.270508 0.001953 0.001953
2 0.458984 0.270508 0.007812 0.005859
2 0.478516 0.266602 0.003906 0.001953
2 0.473633 0.266602 0.001953 0.001953
2 0.469727 0.268555 0.001953 0.005859
2 0.354492 0.266602 0.001953 0.001953
2 0.654297 0.265625 0.003906 0.003906
2 0.645508 0.265625 0.001953 0.003906
2 0.465820 0.266602 0.001953 0.005859
3 0.170898 0.264648 0.001953 0.001953
2 0.651367 0.262695 0.001953 0.001953
2 0.473633 0.262695 0.001953 0.001953
3 0.151367 0.262695 0.001953 0.001953
2 0.487305 0.260742 0.001953 0.001953
2 0.483398 0.260742 0.001953 0.001953
2 0.477539 0.260742 0.001953 0.001953
2 0.655273 0.258789 0.001953 0.001953
3 0.231445 0.256836 0.001953 0.001953
3 0.008789 0.256836 0.001953 0.001953
3 0.163086 0.256836 0.005859 0.005859
2 0.751953 0.253906 0.003906 0.003906
2 0.438477 0.253906 0.001953 0.003906
2 0.386719 0.307617 0.078125 0.115234
3 0.165039 0.250977 0.001953 0.001953
3 0.014648 0.250977 0.001953 0.001953
2 0.457031 0.256836 0.011719 0.017578
2 0.278320 0.249023 0.001953 0.001953
2 0.411133 0.248047 0.001953 0.003906
2 0.404297 0.245117 0.003906 0.001953
2 0.284180 0.243164 0.001953 0.001953
2 0.442383 0.245117 0.021484 0.013672
2 0.989258 0.237305 0.001953 0.001953
2 0.940430 0.237305 0.001953 0.001953
2 0.934570 0.235352 0.001953 0.001953
2 0.715820 0.237305 0.009766 0.005859
2 0.517578 0.236328 0.007812 0.007812
2 0.728516 0.235352 0.011719 0.009766
2 0.734375 0.225586 0.003906 0.001953
2 0.492188 0.240234 0.023438 0.039062
2 0.512695 0.219727 0.001953 0.001953
2 0.497070 0.217773 0.001953 0.001953
2 0.564453 0.212891 0.003906 0.003906
2 0.487305 0.211914 0.001953 0.001953
3 0.388672 0.224609 0.019531 0.027344
3 0.000977 0.209961 0.001953 0.001953
3 0.016602 0.208008 0.001953 0.001953
2 0.486328 0.208008 0.007812 0.005859
2 0.485352 0.202148 0.001953 0.001953
2 0.259766 0.201172 0.003906 0.003906
2 0.944336 0.199219 0.001953 0.003906
2 0.369141 0.203125 0.011719 0.011719
3 0.307617 0.198242 0.001953 0.001953
2 0.745117 0.196289 0.001953 0.001953
2 0.416016 0.197266 0.003906 0.007812
2 0.266602 0.208008 0.033203 0.029297
2 0.280273 0.184570 0.001953 0.001953
2 0.455078 0.183594 0.003906 0.003906
3 0.307617 0.182617 0.001953 0.001953
2 0.405273 0.178711 0.001953 0.001953
2 0.307617 0.178711 0.001953 0.001953
2 0.315430 0.174805 0.001953 0.001953
2 0.453125 0.174805 0.003906 0.005859
2 0.346680 0.172852 0.001953 0.001953
3 0.004883 0.172852 0.001953 0.001953
2 0.318359 0.220703 0.070312 0.101562
2 0.221680 0.170898 0.001953 0.001953
2 0.272461 0.168945 0.001953 0.001953
2 0.897461 0.166992 0.001953 0.001953
2 0.994141 0.167969 0.011719 0.007812
2 0.344727 0.166992 0.005859 0.005859
2 0.336914 0.165039 0.005859 0.005859
2 0.000977 0.164062 0.001953 0.003906
2 0.460938 0.162109 0.003906 0.003906
2 0.893555 0.161133 0.005859 0.005859
2 0.340820 0.159180 0.013672 0.005859
2 0.991211 0.154297 0.001953 0.003906
3 0.576172 0.187500 0.082031 0.070312
3 0.054688 0.153320 0.003906 0.001953
3 0.049805 0.153320 0.001953 0.001953
2 0.704102 0.151367 0.001953 0.001953
2 0.694336 0.151367 0.001953 0.001953
2 0.179688 0.145508 0.003906 0.001953
2 0.311523 0.144531 0.001953 0.003906
2 0.312500 0.147461 0.015625 0.017578
2 0.969727 0.206055 0.060547 0.142578
2 0.913086 0.135742 0.001953 0.005859
2 0.333008 0.129883 0.001953 0.001953
2 0.009766 0.139648 0.019531 0.021484
2 0.324219 0.126953 0.007812 0.007812
2 0.966797 0.125977 0.003906 0.009766
2 0.319336 0.121094 0.001953 0.003906
2 0.315430 0.120117 0.001953 0.001953
2 0.645508 0.118164 0.001953 0.001953
3 0.157227 0.106445 0.001953 0.001953
2 0.811523 0.098633 0.001953 0.001953
2 0.320312 0.094727 0.003906 0.001953
2 0.379883 0.090820 0.001953 0.001953
2 0.182617 0.109375 0.041016 0.039062
3 0.133789 0.090820 0.001953 0.001953
2 0.870117 0.083984 0.001953 0.003906
3 0.584961 0.083984 0.001953 0.003906
3 0.592773 0.107422 0.037109 0.054688
2 0.855469 0.079102 0.003906 0.001953
3 0.584961 0.077148 0.001953 0.001953
2 0.868164 0.078125 0.005859 0.007812
2 0.834961 0.069336 0.001953 0.001953
2 0.315430 0.069336 0.001953 0.001953
2 0.872070 0.069336 0.005859 0.005859
2 0.856445 0.067383 0.001953 0.001953
2 0.320312 0.068359 0.003906 0.003906
3 0.871094 0.063477 0.003906 0.001953
2 0.915039 0.057617 0.001953 0.001953
2 0.867188 0.063477 0.015625 0.017578
2 0.520508 0.053711 0.001953 0.001953
3 0.549805 0.048828 0.001953 0.003906
2 0.400391 0.049805 0.007812 0.005859
3 0.538086 0.045898 0.001953 0.001953
3 0.548828 0.042969 0.011719 0.003906
2 0.223633 0.040039 0.001953 0.001953
3 0.565430 0.038086 0.001953 0.001953
2 0.097656 0.037109 0.003906 0.003906
2 0.844727 0.045898 0.025391 0.025391
2 0.419922 0.100586 0.187500 0.154297
2 0.148438 0.018555 0.003906 0.005859
2 0.864258 0.015625 0.001953 0.003906
2 0.890625 0.014648 0.007812 0.005859
2 0.852539 0.012695 0.001953 0.001953
2 0.149414 0.012695 0.001953 0.001953
2 0.820312 0.369141 0.359375 0.738281
2 0.863281 0.005859 0.031250 0.011719
2 0.699219 0.128906 0.210938 0.257812
3 0.476562 0.031250 0.167969 0.062500
2 0.162109 0.007812 0.023438 0.015625
2 0.205078 0.105469 0.265625 0.210938
2 0.196289 0.255859 0.392578 0.511719