2 0.471680 0.999023 0.001953 0.001953
2 0.428711 0.999023 0.005859 0.001953
2 0.305664 0.999023 0.001953 0.001953
2 0.301758 0.999023 0.001953 0.001953
2 0.285156 0.998047 0.011719 0.003906
2 0.065430 0.998047 0.001953 0.003906
2 0.262695 0.993164 0.001953 0.001953
2 0.453125 0.994141 0.031250 0.011719
2 0.339844 0.988281 0.007812 0.007812
2 0.114258 0.989258 0.033203 0.021484
2 0.196289 0.975586 0.001953 0.001953
2 0.191406 0.971680 0.007812 0.005859
2 0.199219 0.970703 0.003906 0.007812
2 0.001953 0.962891 0.003906 0.003906
2 0.748047 0.973633 0.125000 0.052734
2 0.149414 0.942383 0.001953 0.001953
2 0.919922 0.941406 0.003906 0.003906
2 0.006836 0.941406 0.001953 0.003906
2 0.996094 0.954102 0.007812 0.037109
2 0.237305 0.955078 0.083984 0.042969
2 0.032227 0.932617 0.001953 0.001953
2 0.032227 0.928711 0.001953 0.001953
2 0.685547 0.929688 0.007812 0.007812
2 0.825195 0.918945 0.005859 0.005859
2 0.823242 0.910156 0.001953 0.003906
2 0.812500 0.910156 0.003906 0.003906
2 0.813477 0.904297 0.001953 0.003906
2 0.031250 0.913086 0.007812 0.021484
2 0.018555 0.906250 0.001953 0.007812
2 0.838867 0.908203 0.005859 0.015625
2 0.618164 0.920898 0.033203 0.048828
2 0.144531 0.888672 0.003906 0.003906
2 0.622070 0.886719 0.009766 0.003906
2 0.005859 0.886719 0.003906 0.003906
2 0.000977 0.885742 0.001953 0.001953
2 0.690430 0.886719 0.009766 0.007812
2 0.024414 0.886719 0.005859 0.007812
2 0.034180 0.868164 0.001953 0.001953
2 0.031250 0.865234 0.003906 0.003906
2 0.907227 0.930664 0.150391 0.138672
2 0.056641 0.928711 0.054688 0.142578
2 0.183594 0.921875 0.152344 0.156250
2 0.366211 0.831055 0.001953 0.001953
2 0.514648 0.815430 0.001953 0.001953
2 0.626953 0.853516 0.214844 0.082031
2 0.444336 0.903320 0.193359 0.185547
2 0.144531 0.792969 0.074219 0.035156
2 0.450195 0.774414 0.001953 0.001953
2 0.446289 0.774414 0.001953 0.001953
2 0.759766 0.764648 0.058594 0.029297
2 0.680664 0.743164 0.001953 0.001953
2 0.348633 0.796875 0.138672 0.113281
2 0.520508 0.733398 0.001953 0.001953
2 0.516602 0.733398 0.001953 0.001953
2 0.675781 0.734375 0.003906 0.011719
2 0.088867 0.727539 0.001953 0.001953
2 0.680664 0.725586 0.001953 0.001953
2 0.457031 0.750977 0.050781 0.052734
2 0.317383 0.723633 0.001953 0.001953
2 0.099609 0.723633 0.007812 0.001953
2 0.475586 0.721680 0.001953 0.001953
2 0.142578 0.733398 0.058594 0.033203
2 0.579102 0.719727 0.005859 0.009766
2 0.936523 0.713867 0.001953 0.001953
2 0.475586 0.713867 0.001953 0.001953
2 0.331055 0.711914 0.001953 0.001953
2 0.305664 0.712891 0.005859 0.007812
2 0.082031 0.714844 0.027344 0.019531
2 0.708984 0.767578 0.078125 0.128906
2 0.485352 0.700195 0.001953 0.001953
2 0.305664 0.700195 0.001953 0.001953
2 0.292969 0.698242 0.003906 0.001953
2 0.491211 0.696289 0.001953 0.001953
2 0.485352 0.696289 0.001953 0.001953
2 0.083008 0.697266 0.013672 0.007812
2 0.001953 0.698242 0.003906 0.009766
2 0.157227 0.674805 0.001953 0.001953
2 0.032227 0.672852 0.001953 0.001953
2 0.040039 0.670898 0.001953 0.001953
2 0.028320 0.670898 0.001953 0.001953
2 0.753906 0.670898 0.011719 0.005859
2 0.760742 0.665039 0.001953 0.001953
2 0.314453 0.683594 0.039062 0.042969
2 0.147461 0.666016 0.009766 0.007812
2 0.340820 0.662109 0.001953 0.007812
2 0.529297 0.699219 0.101562 0.085938
2 0.752930 0.658203 0.017578 0.007812
2 0.357422 0.657227 0.023438 0.021484
2 0.389648 0.659180 0.025391 0.029297
2 0.378906 0.645508 0.007812 0.005859
2 0.563477 0.645508 0.009766 0.009766
2 0.138672 0.643555 0.003906 0.005859
2 0.422852 0.631836 0.001953 0.001953
2 0.021484 0.658203 0.042969 0.062500
2 0.833008 0.612305 0.001953 0.001953
2 0.073242 0.610352 0.001953 0.001953
2 0.823242 0.606445 0.001953 0.001953
2 0.748047 0.608398 0.015625 0.017578
2 0.514648 0.598633 0.001953 0.001953
2 0.416992 0.596680 0.001953 0.001953
2 0.408203 0.597656 0.003906 0.003906
2 0.124023 0.596680 0.001953 0.001953
2 0.184570 0.643555 0.216797 0.099609
2 0.443359 0.672852 0.058594 0.169922
2 0.311523 0.588867 0.001953 0.001953
2 0.403320 0.573242 0.001953 0.001953
2 0.475586 0.571289 0.001953 0.001953
2 0.516602 0.568359 0.001953 0.003906
2 0.653320 0.565430 0.001953 0.001953
2 0.111328 0.557617 0.007812 0.001953
2 0.442383 0.555664 0.001953 0.001953
2 0.102539 0.555664 0.001953 0.001953
2 0.106445 0.553711 0.001953 0.001953
2 0.933594 0.636719 0.132812 0.199219
2 0.168945 0.530273 0.001953 0.001953
2 0.502930 0.528320 0.001953 0.001953
2 0.998047 0.527344 0.003906 0.003906
2 0.135742 0.526367 0.001953 0.001953
2 0.809570 0.569336 0.091797 0.091797
2 0.471680 0.528320 0.005859 0.009766
2 0.500977 0.522461 0.001953 0.001953
2 0.232422 0.544922 0.046875 0.046875
2 0.175781 0.522461 0.003906 0.001953
2 0.512695 0.514648 0.001953 0.001953
2 0.190430 0.504883 0.001953 0.001953
2 0.902344 0.505859 0.019531 0.023438
2 0.001953 0.489258 0.003906 0.001953
2 0.464844 0.485352 0.003906 0.001953
2 0.381836 0.485352 0.001953 0.001953
2 0.374023 0.566406 0.185547 0.183594
2 0.582031 0.558594 0.210938 0.171875
2 0.517578 0.469727 0.007812 0.005859
2 0.300781 0.470703 0.015625 0.011719
2 0.504883 0.463867 0.001953 0.001953
2 0.341797 0.460938 0.003906 0.003906
2 0.499023 0.450195 0.001953 0.001953
2 0.487305 0.450195 0.001953 0.001953
2 0.702148 0.500000 0.115234 0.121094
2 0.000977 0.436523 0.001953 0.001953
2 0.222656 0.439453 0.019531 0.011719
2 0.001953 0.431641 0.003906 0.003906
2 0.251953 0.433594 0.015625 0.027344
2 0.208008 0.418945 0.001953 0.001953
2 0.977539 0.416992 0.001953 0.001953
2 0.243164 0.417969 0.005859 0.007812
2 0.980469 0.411133 0.007812 0.005859
2 0.954102 0.468750 0.091797 0.125000
2 0.909180 0.403320 0.001953 0.001953
2 0.889648 0.404297 0.009766 0.007812
2 0.151367 0.399414 0.005859 0.001953
2 0.672852 0.395508 0.001953 0.001953
2 0.323242 0.409180 0.041016 0.041016
2 0.469727 0.379883 0.001953 0.001953
2 0.100586 0.469727 0.201172 0.189453
2 0.236328 0.385742 0.011719 0.029297
2 0.421875 0.392578 0.070312 0.046875
2 0.533203 0.362305 0.003906 0.001953
2 0.149414 0.358398 0.001953 0.001953
2 0.985352 0.374023 0.029297 0.048828
2 0.909180 0.336914 0.001953 0.001953
2 0.915039 0.334961 0.001953 0.001953
2 0.897461 0.334961 0.001953 0.001953
2 0.180664 0.334961 0.001953 0.001953
2 0.907227 0.333008 0.001953 0.001953
2 0.178711 0.331055 0.001953 0.001953
2 0.995117 0.321289 0.001953 0.001953
2 0.158203 0.336914 0.039062 0.044922
2 0.898438 0.311523 0.007812 0.005859
2 0.807617 0.287109 0.001953 0.003906
2 0.944336 0.282227 0.001953 0.001953
2 0.807617 0.282227 0.001953 0.001953
2 0.805664 0.278320 0.001953 0.001953
2 0.424805 0.268555 0.001953 0.001953
2 0.521484 0.265625 0.003906 0.003906
2 0.169922 0.277344 0.039062 0.046875
2 0.043945 0.252930 0.001953 0.001953
2 0.662109 0.302734 0.066406 0.109375
2 0.514648 0.250000 0.001953 0.003906
2 0.040039 0.245117 0.001953 0.001953
2 0.516602 0.244141 0.005859 0.003906
2 0.043945 0.243164 0.001953 0.001953
2 0.524414 0.233398 0.001953 0.001953
2 0.801758 0.255859 0.044922 0.085938
2 0.618164 0.213867 0.005859 0.001953
2 0.905273 0.221680 0.044922 0.025391
2 0.263672 0.235352 0.035156 0.060547
2 0.927734 0.207031 0.015625 0.007812
2 0.523438 0.217773 0.027344 0.033203
2 0.929688 0.199219 0.003906 0.003906
2 0.967773 0.197266 0.001953 0.003906
2 0.346680 0.188477 0.001953 0.001953
2 0.929688 0.289062 0.140625 0.218750
2 0.081055 0.229492 0.095703 0.107422
2 0.973633 0.168945 0.001953 0.001953
2 0.562500 0.169922 0.003906 0.003906
2 0.982422 0.183594 0.035156 0.039062
2 0.143555 0.165039 0.001953 0.001953
2 0.417969 0.143555 0.003906 0.005859
2 0.427734 0.140625 0.003906 0.003906
2 0.430664 0.119141 0.005859 0.003906
2 0.110352 0.084961 0.001953 0.001953
2 0.147461 0.081055 0.001953 0.001953
2 0.160156 0.121094 0.171875 0.085938
2 0.477539 0.077148 0.001953 0.001953
2 0.206055 0.077148 0.001953 0.001953
2 0.193359 0.076172 0.003906 0.003906
2 0.794922 0.063477 0.019531 0.009766
2 0.667969 0.066406 0.027344 0.019531
2 0.987305 0.046875 0.001953 0.003906
2 0.796875 0.050781 0.007812 0.011719
2 0.890625 0.004883 0.031250 0.009766
2 0.697266 0.029297 0.062500 0.058594
2 0.653320 0.214844 0.666016 0.429688
2 0.432617 0.005859 0.041016 0.011719
2 0.250977 0.000977 0.001953 0.001953
2 0.056641 0.026367 0.046875 0.052734
3 0.127930 0.900391 0.001953 0.003906
3 0.958008 0.663086 0.005859 0.005859
3 0.980469 0.663086 0.039062 0.052734
3 0.014648 0.633789 0.001953 0.001953
3 0.954102 0.625977 0.001953 0.001953
3 0.958008 0.615234 0.025391 0.031250
3 0.999023 0.596680 0.001953 0.001953
3 0.985352 0.577148 0.001953 0.001953
3 0.996094 0.580078 0.007812 0.011719
3 0.998047 0.491211 0.003906 0.005859
3 0.036133 0.489258 0.001953 0.001953
3 0.122070 0.474609 0.001953 0.003906
3 0.941406 0.354492 0.003906 0.001953
3 0.390625 0.348633 0.003906 0.001953
3 0.482422 0.338867 0.003906 0.005859
3 0.547852 0.319336 0.005859 0.005859
3 0.966797 0.315430 0.003906 0.005859
3 0.942383 0.291992 0.001953 0.001953
3 0.381836 0.281250 0.029297 0.023438
3 0.956055 0.277344 0.087891 0.046875
3 0.354492 0.241211 0.001953 0.001953
3 0.999023 0.188477 0.001953 0.005859
3 0.758789 0.135742 0.001953 0.001953
3 0.592773 0.133789 0.001953 0.001953
3 0.531250 0.089844 0.003906 0.003906
3 0.772461 0.079102 0.001953 0.001953
3 0.883789 0.071289 0.001953 0.001953
3 0.071289 0.025391 0.001953 0.007812
3 0.075195 0.021484 0.001953 0.003906
3 0.670898 0.010742 0.001953 0.001953
3 0.672852 0.000977 0.001953 0.001953
3 0.500000 0.500000 1.000000 1.000000