0 0.580078 0.994141 0.015625 0.007812
1 0.352539 0.988281 0.013672 0.007812
1 0.572266 0.980469 0.003906 0.003906
1 0.289062 0.983398 0.035156 0.013672
1 0.983398 0.973633 0.001953 0.001953
1 0.254883 0.973633 0.005859 0.001953
1 0.152344 0.986328 0.035156 0.027344
1 0.901367 0.984375 0.025391 0.031250
1 0.049805 0.968750 0.001953 0.003906
1 0.967773 0.961914 0.001953 0.001953
1 0.581055 0.962891 0.005859 0.003906
1 0.108398 0.963867 0.009766 0.009766
1 0.985352 0.966797 0.029297 0.031250
1 0.600586 0.951172 0.005859 0.003906
1 0.640625 0.949219 0.003906 0.003906
1 0.251953 0.957031 0.042969 0.019531
1 0.854492 0.971680 0.072266 0.056641
1 0.411133 0.945312 0.009766 0.007812
1 0.378906 0.956055 0.042969 0.044922
1 0.060547 0.937500 0.015625 0.007812
1 0.727539 0.938477 0.044922 0.021484
1 0.530273 0.929688 0.001953 0.003906
1 0.768555 0.928711 0.009766 0.005859
0 0.743164 0.924805 0.001953 0.001953
1 0.206055 0.941406 0.091797 0.035156
1 0.093750 0.930664 0.023438 0.013672
1 0.736328 0.923828 0.003906 0.003906
1 0.722656 0.922852 0.011719 0.009766
0 0.501953 0.918945 0.007812 0.005859
1 0.473633 0.919922 0.029297 0.011719
1 0.627930 0.917969 0.013672 0.011719
1 0.534180 0.918945 0.005859 0.013672
1 0.125977 0.916992 0.009766 0.013672
1 0.520508 0.912109 0.017578 0.007812
1 0.445312 0.915039 0.019531 0.017578
1 0.462891 0.904297 0.011719 0.011719
1 0.722656 0.897461 0.007812 0.009766
0 0.557617 0.897461 0.001953 0.009766
1 0.474609 0.894531 0.011719 0.011719
1 0.599609 0.890625 0.007812 0.007812
1 0.208984 0.898438 0.035156 0.031250
1 0.449219 0.883789 0.007812 0.013672
1 0.053711 0.897461 0.048828 0.041016
1 0.696289 0.880859 0.005859 0.011719
0 0.549805 0.876953 0.005859 0.003906
1 0.075195 0.880859 0.009766 0.011719
1 0.237305 0.874023 0.013672 0.009766
1 0.818359 0.871094 0.011719 0.007812
1 0.388672 0.870117 0.007812 0.005859
1 0.182617 0.886719 0.076172 0.039062
0 0.042969 0.864258 0.007812 0.009766
1 0.867188 0.859375 0.007812 0.003906
1 0.710938 0.874023 0.019531 0.033203
1 0.309570 0.884766 0.064453 0.054688
0 0.437500 0.860352 0.007812 0.009766
1 0.445312 0.852539 0.003906 0.005859
1 0.406250 0.868164 0.023438 0.041016
1 0.082031 0.854492 0.007812 0.013672
1 0.247070 0.853516 0.044922 0.015625
1 0.672852 0.850586 0.009766 0.013672
1 0.935547 0.857422 0.128906 0.035156
1 0.592773 0.851562 0.013672 0.031250
0 0.530273 0.834961 0.001953 0.001953
0 0.524414 0.840820 0.005859 0.017578
1 0.114258 0.837891 0.013672 0.011719
1 0.610352 0.831055 0.001953 0.001953
1 0.514648 0.855469 0.025391 0.050781
1 0.175781 0.834961 0.007812 0.009766
1 0.196289 0.830078 0.017578 0.011719
1 0.474609 0.823242 0.019531 0.009766
1 0.709961 0.809570 0.001953 0.001953
1 0.104492 0.810547 0.005859 0.003906
0 0.516602 0.817383 0.044922 0.021484
0 0.168945 0.808594 0.017578 0.011719
1 0.108398 0.803711 0.001953 0.001953
1 0.127930 0.804688 0.005859 0.011719
1 0.251953 0.799805 0.003906 0.005859
1 0.854492 0.840820 0.267578 0.095703
1 0.167969 0.794922 0.011719 0.003906
1 0.926758 0.789062 0.001953 0.003906
1 0.197266 0.788086 0.003906 0.001953
1 0.891602 0.784180 0.005859 0.005859
1 0.851562 0.784180 0.007812 0.005859
0 0.248047 0.783203 0.007812 0.011719
1 0.210938 0.784180 0.015625 0.013672
1 0.327148 0.781250 0.005859 0.011719
1 0.649414 0.778320 0.013672 0.009766
1 0.443359 0.776367 0.007812 0.005859
1 0.356445 0.775391 0.009766 0.003906
1 0.278320 0.783203 0.021484 0.019531
1 0.462891 0.771484 0.011719 0.011719
1 0.125000 0.771484 0.011719 0.015625
0 0.477539 0.762695 0.001953 0.005859
1 0.313477 0.764648 0.013672 0.013672
1 0.950195 0.756836 0.001953 0.001953
1 0.775391 0.759766 0.007812 0.011719
1 0.941406 0.757812 0.019531 0.011719
1 0.694336 0.748047 0.017578 0.007812
1 0.486328 0.750977 0.015625 0.013672
1 0.001953 0.744141 0.003906 0.011719
1 0.670898 0.742188 0.017578 0.011719
1 0.985352 0.738281 0.009766 0.007812
1 0.672852 0.733398 0.001953 0.001953
1 0.015625 0.740234 0.011719 0.015625
1 0.934570 0.737305 0.009766 0.013672
1 0.671875 0.728516 0.003906 0.003906
1 0.132812 0.728516 0.003906 0.003906
0 0.122070 0.726562 0.009766 0.007812
1 0.040039 0.713867 0.001953 0.001953
1 0.200195 0.732422 0.037109 0.042969
0 0.353516 0.709961 0.003906 0.005859
1 0.041016 0.708984 0.003906 0.003906
1 0.034180 0.711914 0.005859 0.009766
1 0.023438 0.722656 0.031250 0.031250
0 0.926758 0.707031 0.013672 0.007812
1 0.669922 0.708984 0.011719 0.011719
1 0.184570 0.702148 0.001953 0.001953
1 0.488281 0.702148 0.011719 0.009766
1 0.319336 0.710938 0.033203 0.027344
1 0.231445 0.698242 0.001953 0.001953
1 0.149414 0.713867 0.025391 0.033203
1 0.171875 0.695312 0.003906 0.003906
1 0.528320 0.694336 0.017578 0.013672
1 0.196289 0.692383 0.021484 0.013672
1 0.619141 0.683594 0.007812 0.011719
1 0.027344 0.684570 0.011719 0.013672
1 0.147461 0.677734 0.001953 0.003906
0 0.139648 0.676758 0.001953 0.001953
0 0.135742 0.674805 0.001953 0.001953
1 0.103516 0.674805 0.003906 0.001953
1 0.287109 0.682617 0.039062 0.021484
1 0.981445 0.681641 0.017578 0.023438
1 0.810547 0.676758 0.023438 0.013672
1 0.452148 0.672852 0.009766 0.009766
1 0.095703 0.667969 0.003906 0.003906
1 0.820312 0.663086 0.003906 0.005859
1 0.706055 0.664062 0.021484 0.007812
1 0.660156 0.664062 0.007812 0.011719
1 0.567383 0.655273 0.001953 0.001953
1 0.490234 0.658203 0.007812 0.007812
1 0.176758 0.658203 0.009766 0.007812
1 0.732422 0.642578 0.003906 0.007812
1 0.612305 0.638672 0.001953 0.003906
1 0.932617 0.633789 0.005859 0.009766
1 0.884766 0.631836 0.003906 0.005859
1 0.077148 0.632812 0.009766 0.007812
1 0.007812 0.639648 0.015625 0.025391
1 0.901367 0.625977 0.001953 0.001953
1 0.750000 0.625000 0.011719 0.011719
1 0.336914 0.623047 0.009766 0.011719
1 0.288086 0.621094 0.021484 0.019531
1 0.034180 0.616211 0.017578 0.009766
1 0.787109 0.614258 0.007812 0.009766
1 0.053711 0.612305 0.017578 0.009766
1 0.396484 0.611328 0.011719 0.015625
1 0.217773 0.600586 0.001953 0.001953
1 0.228516 0.598633 0.007812 0.005859
0 0.926758 0.599609 0.009766 0.011719
1 0.610352 0.595703 0.005859 0.003906
1 0.037109 0.600586 0.015625 0.017578
1 0.819336 0.587891 0.001953 0.003906
0 0.496094 0.589844 0.015625 0.007812
1 0.112305 0.589844 0.009766 0.007812
1 0.389648 0.585938 0.001953 0.003906
1 0.216797 0.588867 0.007812 0.009766
1 0.732422 0.590820 0.007812 0.017578
1 0.604492 0.587891 0.017578 0.011719
1 0.391602 0.581055 0.001953 0.001953
1 0.390625 0.577148 0.003906 0.001953
1 0.314453 0.586914 0.023438 0.021484
1 0.068359 0.585938 0.031250 0.019531
1 0.375000 0.659180 0.023438 0.169922
1 0.860352 0.575195 0.017578 0.013672
1 0.743164 0.570312 0.009766 0.007812
1 0.132812 0.611328 0.031250 0.089844
1 0.048828 0.570312 0.003906 0.007812
1 0.723633 0.567383 0.013672 0.009766
1 0.005859 0.571289 0.011719 0.017578
1 0.343750 0.564453 0.011719 0.007812
0 0.887695 0.559570 0.005859 0.005859
1 0.209961 0.557617 0.001953 0.001953
0 0.572266 0.556641 0.003906 0.003906
1 0.387695 0.547852 0.001953 0.001953
1 0.734375 0.548828 0.027344 0.011719
1 0.555664 0.548828 0.005859 0.011719
1 0.466797 0.563477 0.035156 0.041016
1 0.362305 0.548828 0.021484 0.019531
1 0.333008 0.541016 0.009766 0.003906
1 0.319336 0.540039 0.005859 0.001953
1 0.697266 0.539062 0.015625 0.007812
1 0.583008 0.534180 0.001953 0.001953
1 0.942383 0.531250 0.005859 0.003906
1 0.907227 0.528320 0.009766 0.005859
0 0.330078 0.528320 0.011719 0.009766
1 0.947266 0.522461 0.011719 0.005859
1 0.791016 0.517578 0.003906 0.003906
0 0.555664 0.516602 0.001953 0.001953
1 0.369141 0.522461 0.019531 0.013672
0 0.778320 0.513672 0.009766 0.003906
1 0.344727 0.521484 0.013672 0.023438
1 0.559570 0.530273 0.033203 0.044922
0 0.195312 0.510742 0.007812 0.005859
1 0.204102 0.536133 0.064453 0.056641
0 0.850586 0.506836 0.001953 0.001953
1 0.344727 0.506836 0.001953 0.001953
1 0.983398 0.509766 0.021484 0.023438
1 0.475586 0.509766 0.021484 0.027344
1 0.549805 0.500000 0.025391 0.019531
1 0.844727 0.494141 0.009766 0.011719
1 0.819336 0.523438 0.130859 0.070312
1 0.114258 0.530273 0.115234 0.083984
1 0.585938 0.492188 0.027344 0.011719
1 0.393555 0.483398 0.001953 0.001953
1 0.481445 0.483398 0.005859 0.009766
1 0.337891 0.487305 0.011719 0.017578
1 0.036133 0.479492 0.001953 0.001953
1 0.906250 0.483398 0.011719 0.013672
1 0.790039 0.479492 0.005859 0.005859
0 0.826172 0.478516 0.011719 0.007812
1 0.666992 0.481445 0.009766 0.013672
1 0.693359 0.484375 0.015625 0.023438
1 0.602539 0.471680 0.001953 0.001953
1 0.334961 0.470703 0.001953 0.003906
1 0.267578 0.482422 0.019531 0.027344
1 0.319336 0.467773 0.001953 0.001953
1 0.998047 0.466797 0.003906 0.003906
1 0.898438 0.466797 0.007812 0.003906
0 0.484375 0.469727 0.015625 0.009766
1 0.626953 0.470703 0.027344 0.015625
1 0.974609 0.462891 0.015625 0.011719
1 0.044922 0.476562 0.031250 0.042969
1 0.369141 0.454102 0.007812 0.005859
0 0.469727 0.454102 0.013672 0.009766
1 0.399414 0.457031 0.013672 0.019531
1 0.079102 0.466797 0.025391 0.039062
1 0.952148 0.453125 0.009766 0.019531
1 0.518555 0.454102 0.033203 0.021484
1 0.315430 0.444336 0.001953 0.001953
1 0.014648 0.446289 0.005859 0.005859
1 0.980469 0.451172 0.039062 0.023438
1 0.313477 0.440430 0.001953 0.001953
0 0.290039 0.448242 0.029297 0.017578
1 0.001953 0.441406 0.003906 0.011719
1 0.389648 0.429688 0.001953 0.003906
1 0.306641 0.431641 0.003906 0.007812
1 0.637695 0.427734 0.009766 0.007812
1 0.037109 0.430664 0.015625 0.013672
0 0.850586 0.416992 0.001953 0.001953
1 0.381836 0.420898 0.009766 0.009766
1 0.132812 0.425781 0.054688 0.019531
1 0.750977 0.412109 0.013672 0.003906
1 0.226562 0.414062 0.011719 0.007812
0 0.124023 0.405273 0.001953 0.001953
1 0.752930 0.403320 0.005859 0.001953
0 0.699219 0.403320 0.007812 0.005859
1 0.855469 0.407227 0.023438 0.017578
1 0.538086 0.389648 0.001953 0.001953
0 0.776367 0.389648 0.009766 0.009766
1 0.538086 0.385742 0.001953 0.001953
1 0.153320 0.440430 0.091797 0.111328
0 0.065430 0.409180 0.068359 0.048828
1 0.584961 0.383789 0.005859 0.001953
1 0.467773 0.387695 0.009766 0.009766
1 0.392578 0.387695 0.011719 0.009766
1 0.590820 0.394531 0.095703 0.027344
1 0.521484 0.382812 0.007812 0.003906
0 0.032227 0.393555 0.005859 0.025391
1 0.493164 0.380859 0.021484 0.007812
1 0.737305 0.383789 0.037109 0.021484
1 0.207031 0.377930 0.007812 0.009766
1 0.534180 0.375977 0.021484 0.013672
1 0.259766 0.411133 0.101562 0.083984
0 0.118164 0.371094 0.001953 0.003906
1 0.060547 0.371094 0.011719 0.007812
0 0.750000 0.366211 0.003906 0.001953
1 0.168945 0.369141 0.009766 0.007812
1 0.760742 0.364258 0.005859 0.001953
0 0.754883 0.365234 0.001953 0.003906
0 0.117188 0.364258 0.003906 0.005859
1 0.767578 0.362305 0.003906 0.005859
1 0.842773 0.361328 0.005859 0.007812
0 0.516602 0.364258 0.017578 0.013672
1 0.028320 0.363281 0.021484 0.011719
1 0.875000 0.356445 0.011719 0.009766
1 0.856445 0.355469 0.021484 0.007812
0 0.597656 0.351562 0.003906 0.003906
1 0.252930 0.354492 0.013672 0.009766
0 0.961914 0.351562 0.009766 0.007812
1 0.792969 0.351562 0.011719 0.007812
1 0.044922 0.354492 0.011719 0.013672
1 0.962891 0.388672 0.074219 0.085938
1 0.920898 0.349609 0.005859 0.007812
1 0.272461 0.346680 0.001953 0.001953
1 0.136719 0.354492 0.015625 0.017578
1 0.387695 0.346680 0.025391 0.013672
1 0.713867 0.342773 0.013672 0.009766
1 0.051758 0.340820 0.005859 0.005859
1 0.284180 0.334961 0.017578 0.025391
0 0.606445 0.321289 0.001953 0.005859
1 0.089844 0.321289 0.011719 0.009766
1 0.931641 0.319336 0.027344 0.013672
1 0.247070 0.314453 0.001953 0.003906
1 0.715820 0.313477 0.005859 0.005859
0 0.423828 0.319336 0.031250 0.017578
0 0.377930 0.311523 0.001953 0.001953
1 0.899414 0.322266 0.033203 0.031250
1 0.210938 0.312500 0.011719 0.011719
1 0.666016 0.311523 0.011719 0.013672
1 0.995117 0.304688 0.001953 0.003906
1 0.697266 0.316406 0.015625 0.027344
0 0.379883 0.298828 0.009766 0.007812
1 0.791016 0.296875 0.011719 0.007812
1 0.364258 0.293945 0.021484 0.009766
1 0.812500 0.291016 0.007812 0.007812
1 0.573242 0.291016 0.005859 0.007812
1 0.315430 0.299805 0.048828 0.029297
1 0.747070 0.285156 0.005859 0.003906
1 0.544922 0.287109 0.007812 0.007812
1 0.268555 0.282227 0.001953 0.001953
1 0.258789 0.284180 0.013672 0.009766
1 0.268555 0.278320 0.001953 0.001953
1 0.616211 0.272461 0.001953 0.001953
1 0.000977 0.270508 0.001953 0.001953
1 0.823242 0.274414 0.013672 0.013672
1 0.512695 0.270508 0.041016 0.013672
1 0.418945 0.268555 0.033203 0.013672
1 0.617188 0.284180 0.023438 0.052734
1 0.003906 0.261719 0.007812 0.011719
0 0.328125 0.256836 0.015625 0.009766
0 0.370117 0.267578 0.017578 0.039062
0 0.167969 0.250977 0.007812 0.005859
1 0.782227 0.241211 0.001953 0.001953
1 0.471680 0.239258 0.001953 0.001953
1 0.489258 0.240234 0.005859 0.007812
1 0.233398 0.238281 0.005859 0.003906
0 0.314453 0.238281 0.003906 0.007812
1 0.059570 0.243164 0.009766 0.017578
1 0.708008 0.241211 0.021484 0.017578
1 0.794922 0.237305 0.019531 0.013672
1 0.163086 0.239258 0.021484 0.017578
1 0.822266 0.229492 0.011719 0.009766
1 0.736328 0.231445 0.019531 0.013672
0 0.362305 0.234375 0.013672 0.019531
1 0.065430 0.226562 0.001953 0.003906
1 0.700195 0.225586 0.009766 0.009766
1 0.408203 0.222656 0.011719 0.007812
1 0.282227 0.224609 0.009766 0.011719
1 0.107422 0.220703 0.003906 0.003906
1 0.135742 0.217773 0.001953 0.001953
1 0.081055 0.216797 0.033203 0.007812
1 0.403320 0.212891 0.013672 0.011719
1 0.389648 0.208984 0.005859 0.007812
1 0.972656 0.208984 0.011719 0.011719
1 0.781250 0.212891 0.027344 0.023438
0 0.465820 0.202148 0.001953 0.001953
1 0.459961 0.205078 0.009766 0.007812
0 0.469727 0.200195 0.001953 0.001953
1 0.350586 0.201172 0.009766 0.007812
1 0.842773 0.208984 0.064453 0.027344
1 0.613281 0.211914 0.128906 0.060547
1 0.345703 0.189453 0.019531 0.015625
1 0.270508 0.183594 0.009766 0.007812
1 0.116211 0.183594 0.005859 0.007812
1 0.436523 0.180664 0.025391 0.013672
1 0.001953 0.171875 0.003906 0.003906
1 0.170898 0.183594 0.033203 0.035156
0 0.980469 0.166016 0.003906 0.003906
0 0.351562 0.166016 0.015625 0.007812
1 0.031250 0.197266 0.062500 0.070312
1 0.642578 0.176758 0.074219 0.033203
1 0.044922 0.165039 0.011719 0.013672
0 0.976562 0.157227 0.003906 0.005859
1 0.473633 0.160156 0.013672 0.011719
1 0.943359 0.154297 0.003906 0.003906
1 0.807617 0.156250 0.005859 0.007812
1 0.120117 0.153320 0.001953 0.001953
1 0.717773 0.153320 0.005859 0.009766
0 0.647461 0.152344 0.005859 0.007812
1 0.464844 0.150391 0.007812 0.003906
1 0.097656 0.177734 0.039062 0.058594
1 0.097656 0.151367 0.015625 0.009766
1 0.035156 0.155273 0.015625 0.017578
1 0.760742 0.147461 0.009766 0.005859
1 0.749023 0.147461 0.009766 0.005859
1 0.022461 0.149414 0.013672 0.009766
1 0.311523 0.158203 0.013672 0.031250
1 0.336914 0.147461 0.033203 0.021484
0 0.967773 0.140625 0.013672 0.011719
1 0.030273 0.135742 0.001953 0.001953
1 0.300781 0.135742 0.003906 0.005859
1 0.203125 0.136719 0.011719 0.007812
0 0.792969 0.136719 0.011719 0.011719
0 0.952148 0.126953 0.001953 0.003906
0 0.939453 0.125000 0.003906 0.003906
1 0.119141 0.131836 0.027344 0.017578
1 0.848633 0.128906 0.009766 0.015625
1 0.732422 0.126953 0.007812 0.011719
1 0.094727 0.125977 0.013672 0.009766
1 0.959961 0.121094 0.001953 0.003906
1 0.766602 0.126953 0.029297 0.015625
1 0.784180 0.116211 0.001953 0.001953
1 0.253906 0.133789 0.089844 0.048828
1 0.139648 0.115234 0.017578 0.011719
0 0.944336 0.115234 0.013672 0.019531
1 0.007812 0.106445 0.015625 0.013672
1 0.420898 0.133789 0.189453 0.072266
1 0.957031 0.097656 0.007812 0.007812
1 0.063477 0.099609 0.013672 0.011719
1 0.019531 0.097656 0.003906 0.007812
1 0.974609 0.096680 0.007812 0.013672
1 0.385742 0.095703 0.017578 0.019531
1 0.242188 0.088867 0.003906 0.005859
1 0.041992 0.083008 0.001953 0.001953
1 0.831055 0.085938 0.017578 0.015625
1 0.325195 0.081055 0.013672 0.009766
1 0.968750 0.081055 0.019531 0.013672
1 0.208008 0.079102 0.005859 0.009766
1 0.921875 0.080078 0.015625 0.019531
1 0.719727 0.071289 0.001953 0.001953
1 0.416992 0.072266 0.033203 0.015625
1 0.038086 0.071289 0.029297 0.013672
1 0.246094 0.070312 0.027344 0.019531
1 0.077148 0.063477 0.021484 0.013672
0 0.950195 0.060547 0.013672 0.011719
1 0.190430 0.062500 0.017578 0.015625
1 0.103516 0.055664 0.011719 0.005859
0 0.811523 0.049805 0.001953 0.001953
1 0.984375 0.054688 0.011719 0.019531
1 0.537109 0.043945 0.007812 0.009766
1 0.654297 0.048828 0.042969 0.027344
1 0.132812 0.035156 0.003906 0.007812
1 0.284180 0.030273 0.009766 0.001953
1 0.830078 0.031250 0.007812 0.007812
0 0.458008 0.028320 0.001953 0.001953
1 0.029297 0.029297 0.003906 0.003906
1 0.139648 0.026367 0.001953 0.001953
1 0.430664 0.036133 0.044922 0.029297
1 0.144531 0.022461 0.003906 0.001953
1 0.131836 0.025391 0.009766 0.007812
1 0.028320 0.022461 0.001953 0.001953
1 0.003906 0.025391 0.007812 0.011719
1 0.106445 0.018555 0.001953 0.001953
0 0.178711 0.024414 0.005859 0.017578
1 0.135742 0.016602 0.001953 0.001953
1 0.499023 0.027344 0.017578 0.027344
1 0.091797 0.015625 0.007812 0.003906
1 0.668945 0.014648 0.005859 0.005859
1 0.563477 0.015625 0.005859 0.007812
1 0.313477 0.012695 0.001953 0.001953
1 0.068359 0.015625 0.023438 0.011719
1 0.354492 0.015625 0.017578 0.019531
1 0.144531 0.009766 0.007812 0.007812
1 0.034180 0.006836 0.005859 0.001953
1 0.585938 0.003906 0.011719 0.003906
1 0.574219 0.004883 0.007812 0.005859
1 0.041992 0.004883 0.005859 0.005859
1 0.986328 0.004883 0.027344 0.009766
1 0.811523 0.012695 0.029297 0.025391
1 0.685547 0.083008 0.246094 0.166016
1 0.687500 0.003906 0.011719 0.007812
1 0.590820 0.087891 0.162109 0.175781
1 0.480469 0.008789 0.011719 0.017578
1 0.389648 0.008789 0.037109 0.017578
1 0.302734 0.042969 0.152344 0.085938
1 0.273438 0.005859 0.011719 0.011719
1 0.246094 0.001953 0.003906 0.003906
1 0.236328 0.003906 0.003906 0.007812
1 0.166016 0.002930 0.007812 0.005859
3 0.997070 0.971680 0.001953 0.001953
3 0.860352 0.967773 0.001953 0.001953
3 0.659180 0.108398 0.021484 0.021484
3 0.672852 0.096680 0.001953 0.001953
3 0.696289 0.075195 0.005859 0.005859
3 0.715820 0.063477 0.001953 0.001953
3 0.715820 0.056641 0.005859 0.003906
3 0.807617 0.010742 0.001953 0.001953
3 0.665039 0.001953 0.001953 0.003906
3 0.394531 0.003906 0.007812 0.007812
3 0.500000 0.500000 1.000000 1.000000