2 0.219727 0.999023 0.001953 0.001953
2 0.767578 0.998047 0.007812 0.003906
2 0.918945 0.996094 0.017578 0.007812
2 0.796875 0.996094 0.007812 0.007812
2 0.766602 0.993164 0.001953 0.001953
2 0.646484 0.990234 0.097656 0.019531
2 0.311523 0.967773 0.001953 0.001953
2 0.159180 0.974609 0.060547 0.019531
2 0.014648 0.963867 0.001953 0.001953
2 0.833984 0.962891 0.003906 0.003906
2 0.301758 0.964844 0.013672 0.011719
2 0.836914 0.958008 0.001953 0.001953
2 0.767578 0.960938 0.015625 0.007812
2 0.819336 0.963867 0.017578 0.017578
2 0.211914 0.956055 0.001953 0.001953
2 0.207031 0.956055 0.003906 0.001953
2 0.734375 0.961914 0.035156 0.017578
2 0.611328 0.954102 0.011719 0.009766
2 0.463867 0.944336 0.001953 0.001953
2 0.039062 0.942383 0.015625 0.009766
2 0.961914 0.936523 0.001953 0.001953
2 0.000977 0.936523 0.001953 0.001953
2 0.000977 0.917969 0.001953 0.007812
2 0.999023 0.909180 0.001953 0.001953
2 0.998047 0.905273 0.003906 0.001953
2 0.997070 0.901367 0.001953 0.001953
2 0.003906 0.900391 0.007812 0.019531
2 0.995117 0.887695 0.009766 0.009766
2 0.278320 0.862305 0.001953 0.001953
2 0.836914 0.848633 0.013672 0.013672
2 0.551758 0.829102 0.005859 0.001953
2 0.597656 0.818359 0.003906 0.003906
2 0.366211 0.820312 0.005859 0.015625
2 0.373047 0.797852 0.003906 0.009766
2 0.983398 0.778320 0.001953 0.001953
2 0.718750 0.801758 0.085938 0.056641
2 0.895508 0.869141 0.091797 0.210938
2 0.889648 0.764648 0.001953 0.001953
2 0.788086 0.764648 0.001953 0.001953
2 0.797852 0.752930 0.001953 0.001953
2 0.504883 0.750977 0.001953 0.001953
2 0.906250 0.746094 0.035156 0.027344
2 0.873047 0.735352 0.011719 0.009766
2 0.663086 0.731445 0.021484 0.029297
2 0.141602 0.706055 0.001953 0.001953
2 0.672852 0.702148 0.017578 0.013672
2 0.854492 0.694336 0.013672 0.013672
2 0.020508 0.686523 0.001953 0.001953
2 0.644531 0.680664 0.007812 0.005859
2 0.633789 0.677734 0.005859 0.007812
2 0.620117 0.665039 0.009766 0.005859
2 0.980469 0.674805 0.039062 0.044922
2 0.409180 0.660156 0.005859 0.015625
2 0.000977 0.648438 0.001953 0.003906
2 0.595703 0.630859 0.003906 0.003906
2 0.840820 0.604492 0.001953 0.001953
2 0.596680 0.606445 0.009766 0.013672
2 0.612305 0.608398 0.013672 0.021484
2 0.548828 0.599609 0.003906 0.011719
2 0.008789 0.596680 0.013672 0.013672
2 0.639648 0.591797 0.025391 0.011719
2 0.188477 0.586914 0.001953 0.001953
2 0.774414 0.677734 0.150391 0.187500
2 0.852539 0.569336 0.005859 0.001953
2 0.879883 0.577148 0.029297 0.029297
2 0.258789 0.563477 0.009766 0.005859
2 0.249023 0.561523 0.001953 0.001953
2 0.245117 0.559570 0.001953 0.001953
2 0.888672 0.557617 0.003906 0.001953
2 0.270508 0.557617 0.001953 0.001953
2 0.590820 0.551758 0.009766 0.005859
2 0.600586 0.547852 0.001953 0.001953
2 0.291016 0.562500 0.039062 0.031250
2 0.640625 0.535156 0.003906 0.003906
2 0.723633 0.570312 0.091797 0.082031
2 0.662109 0.527344 0.007812 0.007812
2 0.229492 0.537109 0.025391 0.031250
2 0.218750 0.515625 0.003906 0.003906
2 0.916992 0.480469 0.001953 0.003906
2 0.201172 0.739258 0.398438 0.521484
2 0.535156 0.728516 0.257812 0.523438
2 0.713867 0.460938 0.048828 0.039062
2 0.501953 0.454102 0.027344 0.025391
2 0.666016 0.431641 0.039062 0.027344
2 0.256836 0.407227 0.001953 0.001953
2 0.713867 0.397461 0.005859 0.009766
2 0.946289 0.389648 0.009766 0.009766
2 0.125000 0.433594 0.089844 0.101562
2 0.310547 0.380859 0.003906 0.003906
2 0.599609 0.389648 0.019531 0.041016
2 0.287109 0.379883 0.019531 0.021484
2 0.305664 0.366211 0.001953 0.005859
2 0.033203 0.374023 0.042969 0.029297
2 0.477539 0.357422 0.021484 0.015625
2 0.910156 0.348633 0.003906 0.001953
2 0.413086 0.346680 0.009766 0.005859
2 0.159180 0.369141 0.232422 0.074219
2 0.887695 0.329102 0.009766 0.017578
2 0.696289 0.323242 0.017578 0.017578
2 0.527344 0.309570 0.003906 0.001953
2 0.248047 0.320312 0.027344 0.042969
2 0.550781 0.309570 0.027344 0.033203
2 0.663086 0.267578 0.013672 0.011719
2 0.195312 0.261719 0.015625 0.015625
2 0.022461 0.293945 0.044922 0.083984
2 0.716797 0.241211 0.003906 0.005859
2 0.614258 0.231445 0.017578 0.009766
2 0.687500 0.228516 0.015625 0.015625
2 0.493164 0.227539 0.017578 0.017578
2 0.144531 0.223633 0.007812 0.009766
2 0.865234 0.223633 0.027344 0.033203
2 0.016602 0.202148 0.001953 0.001953
2 0.170898 0.200195 0.001953 0.001953
2 0.008789 0.192383 0.017578 0.037109
2 0.690430 0.175781 0.017578 0.015625
2 0.019531 0.171875 0.011719 0.011719
2 0.522461 0.163086 0.001953 0.001953
2 0.872070 0.169922 0.021484 0.019531
2 0.590820 0.171875 0.025391 0.027344
2 0.614258 0.159180 0.017578 0.009766
2 0.686523 0.139648 0.001953 0.001953
2 0.677734 0.131836 0.003906 0.005859
2 0.113281 0.150391 0.031250 0.042969
2 0.686523 0.129883 0.009766 0.009766
2 0.565430 0.125977 0.013672 0.009766
2 0.747070 0.118164 0.001953 0.001953
2 0.878906 0.119141 0.007812 0.007812
2 0.869141 0.313477 0.261719 0.416016
2 0.170898 0.104492 0.001953 0.001953
2 0.053711 0.083008 0.001953 0.001953
2 0.729492 0.094727 0.041016 0.041016
2 0.166016 0.072266 0.003906 0.007812
2 0.227539 0.071289 0.021484 0.013672
2 0.487305 0.061523 0.001953 0.001953
2 0.208984 0.059570 0.015625 0.013672
2 0.994141 0.063477 0.011719 0.025391
2 0.049805 0.063477 0.017578 0.025391
2 0.972656 0.043945 0.023438 0.029297
2 0.735352 0.032227 0.001953 0.005859
2 0.746094 0.029297 0.003906 0.003906
2 0.958008 0.026367 0.001953 0.001953
2 0.839844 0.053711 0.160156 0.056641
2 0.829102 0.009766 0.005859 0.003906
2 0.022461 0.011719 0.005859 0.007812
2 0.900391 0.000977 0.019531 0.001953
2 0.842773 0.003906 0.009766 0.007812
2 0.828125 0.002930 0.007812 0.005859
2 0.699219 0.033203 0.058594 0.066406
2 0.360352 0.170898 0.400391 0.341797
3 0.606445 0.994141 0.001953 0.003906
3 0.133789 0.713867 0.001953 0.001953
3 0.072266 0.682617 0.007812 0.005859
3 0.047852 0.653320 0.001953 0.001953
3 0.021484 0.648438 0.003906 0.003906
3 0.770508 0.346680 0.001953 0.001953
3 0.776367 0.251953 0.001953 0.003906
3 0.354492 0.241211 0.001953 0.001953
3 0.995117 0.065430 0.001953 0.001953
3 0.342773 0.057617 0.001953 0.001953
3 0.478516 0.049805 0.003906 0.001953
3 0.303711 0.034180 0.001953 0.001953
3 0.488281 0.013672 0.003906 0.003906
3 0.345703 0.109375 0.144531 0.210938
3 0.704102 0.000977 0.001953 0.001953
3 0.473633 0.007812 0.033203 0.015625
3 0.500000 0.500000 1.000000 1.000000