0 0.791016 0.995117 0.003906 0.005859
1 0.327148 0.996094 0.013672 0.007812
1 0.369141 0.993164 0.007812 0.005859
1 0.201172 0.984375 0.003906 0.003906
1 0.564453 0.984375 0.003906 0.007812
1 0.703125 0.978516 0.003906 0.003906
0 0.139648 0.979492 0.001953 0.005859
0 0.129883 0.977539 0.001953 0.001953
0 0.001953 0.981445 0.003906 0.013672
0 0.797852 0.973633 0.001953 0.001953
1 0.509766 0.984375 0.015625 0.023438
0 0.127930 0.973633 0.001953 0.001953
0 0.790039 0.971680 0.009766 0.009766
1 0.624023 0.969727 0.009766 0.009766
1 0.948242 0.959961 0.001953 0.001953
0 0.163086 0.959961 0.001953 0.001953
1 0.720703 0.958008 0.003906 0.001953
1 0.528320 0.958008 0.001953 0.001953
0 0.145508 0.966797 0.013672 0.019531
0 0.163086 0.956055 0.001953 0.001953
1 0.574219 0.953125 0.007812 0.007812
0 0.147461 0.950195 0.001953 0.001953
0 0.131836 0.958984 0.009766 0.019531
0 0.252930 0.949219 0.001953 0.003906
0 0.005859 0.956055 0.011719 0.021484
1 0.731445 0.950195 0.013672 0.013672
1 0.395508 0.944336 0.001953 0.001953
0 0.247070 0.944336 0.001953 0.001953
0 0.250977 0.938477 0.001953 0.001953
0 0.236328 0.945312 0.011719 0.019531
1 0.385742 0.935547 0.001953 0.003906
0 0.129883 0.937500 0.009766 0.011719
0 0.383789 0.928711 0.001953 0.001953
1 0.522461 0.937500 0.029297 0.023438
0 0.379883 0.926758 0.001953 0.005859
0 0.374023 0.918945 0.001953 0.001953
0 0.846680 0.918945 0.005859 0.005859
0 0.266602 0.916992 0.001953 0.001953
1 0.430664 0.911133 0.001953 0.001953
0 0.858398 0.909180 0.009766 0.009766
0 0.250977 0.903320 0.001953 0.001953
1 0.371094 0.909180 0.011719 0.017578
0 0.259766 0.907227 0.011719 0.013672
0 0.897461 0.911133 0.013672 0.025391
0 0.861328 0.932617 0.054688 0.072266
0 0.283203 0.905273 0.023438 0.017578
1 0.808594 0.947266 0.035156 0.105469
0 0.897461 0.891602 0.001953 0.001953
1 0.433594 0.893555 0.011719 0.021484
1 0.507812 0.885742 0.007812 0.013672
0 0.996094 0.875977 0.003906 0.001953
1 0.501953 0.875000 0.003906 0.003906
0 0.613281 0.874023 0.007812 0.005859
0 0.728516 0.874023 0.019531 0.021484
1 0.114258 0.868164 0.009766 0.013672
1 0.104492 0.863281 0.001953 0.003906
0 0.031250 0.863281 0.003906 0.003906
0 0.875000 0.857422 0.003906 0.003906
1 0.172852 0.856445 0.001953 0.001953
0 0.926758 0.852539 0.001953 0.001953
1 0.631836 0.857422 0.009766 0.011719
0 0.026367 0.853516 0.001953 0.003906
0 0.939453 0.861328 0.023438 0.023438
0 0.881836 0.850586 0.001953 0.001953
0 0.020508 0.851562 0.001953 0.003906
0 0.938477 0.846680 0.001953 0.001953
0 0.898438 0.851562 0.011719 0.011719
0 0.884766 0.845703 0.003906 0.003906
0 0.970703 0.845703 0.007812 0.007812
0 0.024414 0.842773 0.001953 0.005859
0 0.926758 0.836914 0.001953 0.001953
0 0.723633 0.848633 0.009766 0.025391
1 0.113281 0.844727 0.011719 0.017578
0 0.906250 0.833984 0.003906 0.007812
1 0.782227 0.849609 0.017578 0.039062
0 0.901367 0.829102 0.001953 0.001953
0 0.444336 0.835938 0.009766 0.015625
1 0.227539 0.829102 0.001953 0.001953
0 0.002930 0.832031 0.005859 0.015625
1 0.193359 0.826172 0.003906 0.007812
0 0.906250 0.824219 0.007812 0.007812
0 0.916992 0.819336 0.001953 0.001953
0 0.028320 0.822266 0.013672 0.015625
0 0.977539 0.829102 0.017578 0.033203
0 0.963867 0.814453 0.001953 0.003906
1 0.553711 0.817383 0.009766 0.013672
1 0.182617 0.812500 0.001953 0.003906
0 0.947266 0.810547 0.003906 0.003906
0 0.941406 0.809570 0.003906 0.001953
0 0.747070 0.810547 0.009766 0.007812
0 0.749023 0.805664 0.001953 0.001953
1 0.190430 0.803711 0.001953 0.001953
0 0.743164 0.800781 0.001953 0.003906
0 0.084961 0.800781 0.001953 0.003906
1 0.223633 0.800781 0.005859 0.011719
0 0.081055 0.791992 0.001953 0.005859
1 0.221680 0.789062 0.001953 0.003906
0 0.076172 0.788086 0.003906 0.001953
1 0.290039 0.786133 0.001953 0.001953
1 0.286133 0.784180 0.001953 0.001953
1 0.891602 0.782227 0.001953 0.001953
0 0.775391 0.785156 0.019531 0.023438
1 0.222656 0.782227 0.011719 0.021484
1 0.182617 0.784180 0.013672 0.025391
1 0.578125 0.768555 0.003906 0.001953
1 0.495117 0.767578 0.001953 0.003906
1 0.048828 0.751953 0.003906 0.007812
0 0.958008 0.781250 0.083984 0.070312
1 0.305664 0.747070 0.001953 0.001953
1 0.233398 0.747070 0.001953 0.001953
1 0.239258 0.746094 0.005859 0.015625
1 0.002930 0.740234 0.005859 0.007812
0 0.471680 0.731445 0.001953 0.001953
1 0.728516 0.731445 0.003906 0.005859
0 0.588867 0.736328 0.013672 0.015625
1 0.365234 0.734375 0.011719 0.011719
0 0.590820 0.725586 0.001953 0.001953
1 0.293945 0.731445 0.009766 0.013672
1 0.731445 0.724609 0.001953 0.003906
1 0.166016 0.726562 0.007812 0.007812
0 0.997070 0.726562 0.005859 0.011719
1 0.719727 0.727539 0.009766 0.013672
0 0.463867 0.717773 0.001953 0.001953
1 0.083008 0.717773 0.001953 0.001953
0 0.994141 0.718750 0.007812 0.007812
0 0.433594 0.735352 0.023438 0.041016
1 0.073242 0.715820 0.001953 0.001953
1 0.079102 0.713867 0.001953 0.001953
1 0.057617 0.706055 0.001953 0.001953
1 0.064453 0.702148 0.003906 0.001953
1 0.059570 0.702148 0.001953 0.001953
1 0.364258 0.699219 0.001953 0.003906
0 0.484375 0.713867 0.031250 0.041016
1 0.570312 0.692383 0.003906 0.001953
1 0.364258 0.692383 0.001953 0.001953
1 0.352539 0.694336 0.001953 0.005859
0 0.442383 0.694336 0.013672 0.009766
1 0.153320 0.698242 0.009766 0.017578
0 0.512695 0.688477 0.001953 0.001953
1 0.782227 0.684570 0.001953 0.001953
0 0.967773 0.691406 0.017578 0.019531
0 0.350586 0.682617 0.001953 0.001953
1 0.786133 0.676758 0.001953 0.001953
0 0.979492 0.674805 0.001953 0.001953
1 0.047852 0.678711 0.005859 0.009766
1 0.754883 0.672852 0.001953 0.001953
0 0.439453 0.672852 0.003906 0.001953
1 0.794922 0.670898 0.003906 0.001953
1 0.758789 0.670898 0.001953 0.001953
0 0.354492 0.676758 0.009766 0.013672
0 0.539062 0.668945 0.003906 0.005859
0 0.184570 0.666992 0.001953 0.001953
0 0.985352 0.665039 0.001953 0.001953
1 0.208008 0.665039 0.001953 0.001953
1 0.315430 0.661133 0.001953 0.001953
1 0.179688 0.666016 0.003906 0.011719
0 0.987305 0.659180 0.001953 0.001953
0 0.993164 0.660156 0.005859 0.007812
0 0.482422 0.674805 0.046875 0.037109
0 0.979492 0.658203 0.005859 0.007812
1 0.315430 0.655273 0.001953 0.001953
0 0.762695 0.653320 0.001953 0.001953
0 0.989258 0.652344 0.001953 0.003906
0 0.214844 0.660156 0.011719 0.019531
1 0.036133 0.651367 0.001953 0.001953
1 0.317383 0.652344 0.009766 0.007812
0 0.768555 0.647461 0.001953 0.001953
0 0.766602 0.643555 0.001953 0.001953
1 0.214844 0.646484 0.007812 0.007812
1 0.281250 0.646484 0.011719 0.023438
0 0.478516 0.623047 0.003906 0.003906
0 0.983398 0.633789 0.029297 0.033203
0 0.067383 0.616211 0.001953 0.001953
0 0.997070 0.614258 0.001953 0.001953
0 0.480469 0.616211 0.003906 0.005859
1 0.920898 0.608398 0.001953 0.001953
1 0.625000 0.615234 0.011719 0.015625
0 0.465820 0.616211 0.017578 0.017578
0 0.067383 0.608398 0.001953 0.001953
0 0.596680 0.606445 0.001953 0.001953
0 0.233398 0.596680 0.001953 0.001953
0 0.541992 0.594727 0.001953 0.001953
0 0.538086 0.597656 0.009766 0.007812
0 0.364258 0.612305 0.033203 0.041016
1 0.730469 0.592773 0.007812 0.009766
1 0.829102 0.586914 0.001953 0.001953
1 0.875977 0.593750 0.087891 0.031250
1 0.663086 0.579102 0.001953 0.001953
1 0.908203 0.576172 0.003906 0.003906
1 0.903320 0.575195 0.001953 0.001953
1 0.627930 0.570312 0.001953 0.003906
0 0.239258 0.581055 0.021484 0.025391
0 0.817383 0.566406 0.001953 0.003906
0 0.426758 0.559570 0.001953 0.001953
0 0.420898 0.559570 0.001953 0.001953
1 0.899414 0.551758 0.001953 0.001953
1 0.424805 0.552734 0.001953 0.003906
0 0.850586 0.550781 0.001953 0.003906
0 0.013672 0.554688 0.007812 0.011719
0 0.500977 0.545898 0.001953 0.001953
0 0.044922 0.547852 0.003906 0.005859
0 0.584961 0.543945 0.001953 0.001953
0 0.504883 0.543945 0.001953 0.001953
0 0.490234 0.552734 0.007812 0.019531
0 0.329102 0.543945 0.001953 0.001953
0 0.849609 0.538086 0.007812 0.005859
0 0.864258 0.531250 0.001953 0.003906
0 0.500977 0.528320 0.001953 0.001953
0 0.374023 0.553711 0.013672 0.052734
0 0.500977 0.524414 0.001953 0.001953
0 0.592773 0.518555 0.001953 0.001953
1 0.507812 0.519531 0.007812 0.003906
0 0.317383 0.522461 0.009766 0.013672
1 0.883789 0.536133 0.025391 0.052734
1 0.214844 0.521484 0.011719 0.027344
0 0.941406 0.516602 0.023438 0.021484
1 0.103516 0.504883 0.019531 0.013672
1 0.974609 0.509766 0.050781 0.027344
1 0.795898 0.487305 0.001953 0.001953
0 0.627930 0.489258 0.009766 0.009766
0 0.004883 0.500000 0.009766 0.031250
1 0.450195 0.479492 0.001953 0.001953
0 0.336914 0.518555 0.052734 0.083984
1 0.450195 0.475586 0.001953 0.001953
0 0.398438 0.472656 0.003906 0.003906
0 0.403320 0.498047 0.033203 0.054688
1 0.448242 0.469727 0.001953 0.001953
0 0.573242 0.468750 0.005859 0.003906
0 0.526367 0.467773 0.001953 0.001953
0 0.601562 0.492188 0.050781 0.054688
1 0.898438 0.465820 0.007812 0.005859
0 0.528320 0.462891 0.005859 0.003906
0 0.036133 0.464844 0.005859 0.007812
0 0.047852 0.479492 0.044922 0.041016
1 0.848633 0.459961 0.013672 0.005859
1 0.527344 0.457031 0.003906 0.003906
1 0.145508 0.456055 0.001953 0.001953
1 0.682617 0.463867 0.021484 0.029297
1 0.102539 0.446289 0.005859 0.009766
0 0.292969 0.441406 0.011719 0.007812
1 0.628906 0.437500 0.003906 0.003906
1 0.623047 0.437500 0.003906 0.003906
1 0.198242 0.437500 0.005859 0.003906
1 0.380859 0.435547 0.007812 0.007812
1 0.199219 0.432617 0.003906 0.001953
1 0.193359 0.424805 0.003906 0.005859
1 0.973633 0.420898 0.001953 0.001953
1 0.200195 0.421875 0.001953 0.003906
0 0.928711 0.422852 0.009766 0.009766
1 0.592773 0.424805 0.013672 0.013672
0 0.320312 0.417969 0.003906 0.003906
0 0.326172 0.418945 0.003906 0.009766
0 0.069336 0.413086 0.001953 0.001953
1 0.146484 0.411133 0.003906 0.001953
0 0.270508 0.411133 0.017578 0.013672
1 0.971680 0.401367 0.001953 0.001953
1 0.129883 0.401367 0.001953 0.001953
0 0.063477 0.406250 0.013672 0.011719
0 0.036133 0.403320 0.001953 0.005859
1 0.865234 0.432617 0.117188 0.068359
1 0.543945 0.400391 0.021484 0.011719
1 0.800781 0.393555 0.007812 0.005859
0 0.311523 0.386719 0.001953 0.003906
1 0.968750 0.390625 0.019531 0.015625
1 0.921875 0.386719 0.003906 0.007812
1 0.870117 0.384766 0.009766 0.015625
1 0.954102 0.380859 0.013672 0.011719
1 0.149414 0.380859 0.013672 0.011719
1 0.870117 0.374023 0.001953 0.001953
1 0.672852 0.368164 0.001953 0.001953
0 0.421875 0.366211 0.003906 0.001953
0 0.431641 0.367188 0.007812 0.007812
1 0.050781 0.366211 0.007812 0.009766
0 0.801758 0.360352 0.001953 0.001953
0 0.796875 0.362305 0.003906 0.005859
1 0.657227 0.368164 0.029297 0.017578
0 0.430664 0.360352 0.001953 0.001953
1 0.942383 0.356445 0.001953 0.001953
1 0.685547 0.358398 0.003906 0.005859
1 0.938477 0.354492 0.001953 0.001953
1 0.942383 0.352539 0.001953 0.001953
0 0.243164 0.352539 0.001953 0.001953
0 0.094727 0.348633 0.001953 0.001953
0 0.810547 0.349609 0.007812 0.007812
0 0.327148 0.346680 0.001953 0.001953
0 0.321289 0.342773 0.001953 0.001953
0 0.328125 0.340820 0.003906 0.001953
0 0.831055 0.344727 0.009766 0.013672
0 0.360352 0.339844 0.001953 0.003906
0 0.323242 0.338867 0.001953 0.001953
0 0.836914 0.336914 0.001953 0.001953
0 0.243164 0.336914 0.009766 0.013672
1 0.590820 0.334961 0.013672 0.017578
0 0.901367 0.325195 0.001953 0.001953
0 0.815430 0.325195 0.001953 0.001953
0 0.647461 0.324219 0.001953 0.003906
0 0.823242 0.321289 0.001953 0.001953
0 0.415039 0.321289 0.001953 0.001953
0 0.317383 0.321289 0.001953 0.001953
0 0.889648 0.328125 0.021484 0.019531
0 0.831055 0.319336 0.001953 0.001953
1 0.978516 0.318359 0.007812 0.007812
0 0.413086 0.315430 0.001953 0.001953
0 0.430664 0.316406 0.009766 0.011719
0 0.424805 0.311523 0.001953 0.001953
0 0.808594 0.327148 0.062500 0.037109
1 0.438477 0.309570 0.001953 0.001953
0 0.415039 0.305664 0.001953 0.001953
0 0.425781 0.304688 0.003906 0.007812
1 0.725586 0.302734 0.009766 0.007812
0 0.629883 0.315430 0.021484 0.041016
1 0.721680 0.294922 0.001953 0.003906
1 0.093750 0.290039 0.003906 0.001953
0 0.373047 0.286133 0.007812 0.005859
1 0.225586 0.283203 0.001953 0.003906
0 0.336914 0.292969 0.013672 0.027344
0 0.834961 0.285156 0.013672 0.023438
1 0.741211 0.272461 0.001953 0.001953
0 0.356445 0.284180 0.025391 0.029297
1 0.030273 0.270508 0.001953 0.001953
0 0.511719 0.279297 0.023438 0.023438
1 0.749023 0.262695 0.001953 0.001953
0 0.041992 0.261719 0.005859 0.003906
0 0.561523 0.258789 0.001953 0.001953
1 0.757812 0.257812 0.007812 0.007812
1 0.149414 0.249023 0.001953 0.001953
1 0.665039 0.250977 0.009766 0.009766
0 0.346680 0.247070 0.005859 0.001953
0 0.346680 0.241211 0.001953 0.001953
0 0.295898 0.242188 0.005859 0.003906
0 0.289062 0.240234 0.003906 0.003906
0 0.404297 0.238281 0.003906 0.003906
0 0.439453 0.243164 0.015625 0.017578
0 0.586914 0.233398 0.001953 0.001953
0 0.578125 0.247070 0.015625 0.029297
0 0.384766 0.229492 0.003906 0.005859
1 0.235352 0.227539 0.001953 0.001953
1 0.841797 0.223633 0.011719 0.005859
0 0.379883 0.219727 0.001953 0.005859
0 0.658203 0.214844 0.015625 0.011719
0 0.089844 0.212891 0.015625 0.007812
0 0.398438 0.217773 0.019531 0.021484
0 0.657227 0.206055 0.001953 0.001953
1 0.234375 0.213867 0.007812 0.021484
1 0.841797 0.202148 0.007812 0.005859
0 0.089844 0.203125 0.015625 0.007812
0 0.363281 0.199219 0.003906 0.003906
1 0.043945 0.198242 0.001953 0.001953
0 0.715820 0.190430 0.001953 0.001953
0 0.319336 0.188477 0.001953 0.001953
0 0.324219 0.187500 0.003906 0.003906
0 0.684570 0.192383 0.013672 0.017578
0 0.433594 0.180664 0.011719 0.001953
0 0.424805 0.180664 0.001953 0.001953
0 0.000977 0.181641 0.001953 0.003906
0 0.316406 0.181641 0.011719 0.007812
1 0.051758 0.178711 0.001953 0.001953
1 0.045898 0.176758 0.001953 0.001953
0 0.416992 0.165039 0.001953 0.001953
0 0.705078 0.172852 0.039062 0.025391
0 0.418945 0.161133 0.001953 0.001953
1 0.069336 0.162109 0.001953 0.003906
1 0.064453 0.161133 0.003906 0.001953
0 0.518555 0.159180 0.013672 0.005859
1 0.886719 0.157227 0.015625 0.005859
1 0.874023 0.152344 0.005859 0.003906
0 0.383789 0.153320 0.001953 0.005859
0 0.221680 0.153320 0.009766 0.009766
0 0.493164 0.145508 0.001953 0.001953
1 0.485352 0.146484 0.009766 0.003906
1 0.103516 0.153320 0.035156 0.017578
0 0.377930 0.147461 0.005859 0.009766
1 0.150391 0.144531 0.007812 0.003906
0 0.601562 0.144531 0.011719 0.011719
1 0.853516 0.141602 0.007812 0.009766
0 0.422852 0.144531 0.013672 0.015625
1 0.193359 0.140625 0.015625 0.007812
0 0.001953 0.134766 0.003906 0.003906
1 0.555664 0.143555 0.013672 0.025391
0 0.437500 0.131836 0.003906 0.005859
0 0.229492 0.125000 0.001953 0.003906
0 0.439453 0.121094 0.003906 0.003906
1 0.311523 0.121094 0.009766 0.011719
1 0.662109 0.117188 0.003906 0.007812
0 0.543945 0.114258 0.001953 0.001953
0 0.540039 0.115234 0.001953 0.003906
1 0.529297 0.115234 0.003906 0.003906
0 0.235352 0.114258 0.013672 0.017578
1 0.865234 0.101562 0.007812 0.007812
0 0.246094 0.096680 0.007812 0.005859
0 0.740234 0.093750 0.003906 0.003906
0 0.448242 0.090820 0.001953 0.001953
0 0.439453 0.090820 0.007812 0.001953
1 0.833984 0.090820 0.015625 0.009766
1 0.193359 0.086914 0.007812 0.005859
0 0.473633 0.084961 0.005859 0.009766
0 0.565430 0.094727 0.025391 0.033203
0 0.613281 0.083008 0.015625 0.013672
0 0.437500 0.073242 0.007812 0.009766
0 0.722656 0.083008 0.027344 0.033203
0 0.757812 0.072266 0.007812 0.019531
1 0.323242 0.063477 0.001953 0.001953
1 0.618164 0.059570 0.001953 0.001953
0 0.465820 0.057617 0.001953 0.001953
0 0.728516 0.058594 0.007812 0.007812
0 0.005859 0.056641 0.011719 0.019531
0 0.301758 0.045898 0.001953 0.001953
0 0.297852 0.045898 0.001953 0.001953
0 0.715820 0.041992 0.001953 0.001953
0 0.541992 0.041992 0.001953 0.001953
0 0.306641 0.040039 0.003906 0.001953
0 0.547852 0.038086 0.001953 0.001953
1 0.858398 0.041016 0.017578 0.011719
1 0.850586 0.032227 0.001953 0.001953
1 0.840820 0.037109 0.009766 0.011719
0 0.627930 0.027344 0.005859 0.003906
1 0.821289 0.024414 0.001953 0.001953
0 0.720703 0.042969 0.031250 0.042969
0 0.631836 0.022461 0.001953 0.001953
0 0.619141 0.024414 0.003906 0.005859
0 0.626953 0.016602 0.003906 0.001953
0 0.625000 0.012695 0.007812 0.005859
0 0.631836 0.004883 0.001953 0.001953
0 0.635742 0.000977 0.005859 0.001953
0 0.359375 0.001953 0.007812 0.003906
0 0.313477 0.003906 0.005859 0.007812
0 0.273438 0.050781 0.097656 0.101562
2 0.005859 0.954102 0.003906 0.001953
2 0.000977 0.951172 0.001953 0.003906
2 0.995117 0.791016 0.009766 0.015625
2 0.982422 0.791992 0.007812 0.021484
2 0.999023 0.772461 0.001953 0.001953
3 0.500000 0.500000 1.000000 1.000000