1 0.059570 0.405273 0.009766 0.009766
0 0.996094 0.089844 0.007812 0.019531
0 0.973633 0.064453 0.001953 0.003906
0 0.993164 0.001953 0.013672 0.003906
1 0.500000 0.500000 1.000000 1.000000
2 0.303711 0.999023 0.001953 0.001953
2 0.298828 0.999023 0.003906 0.001953
2 0.309570 0.998047 0.005859 0.003906
3 0.052734 0.998047 0.007812 0.003906
3 0.991211 0.991211 0.017578 0.017578
3 0.213867 0.981445 0.021484 0.013672
2 0.290039 0.965820 0.001953 0.001953
2 0.345703 0.967773 0.019531 0.017578
3 0.791016 0.967773 0.039062 0.021484
3 0.617188 0.970703 0.046875 0.031250
3 0.726562 0.971680 0.042969 0.041016
2 0.271484 0.960938 0.023438 0.023438
3 0.091797 0.954102 0.011719 0.009766
2 0.028320 0.957031 0.017578 0.015625
2 0.317383 0.950195 0.009766 0.009766
3 0.474609 0.957031 0.023438 0.027344
2 0.317383 0.941406 0.005859 0.003906
2 0.308594 0.942383 0.003906 0.005859
2 0.312500 0.937500 0.003906 0.003906
2 0.261719 0.940430 0.007812 0.009766
2 0.915039 0.935547 0.001953 0.003906
3 0.405273 0.935547 0.009766 0.011719
3 0.715820 0.918945 0.001953 0.001953
3 0.121094 0.927734 0.054688 0.019531
2 0.039062 0.936523 0.019531 0.037109
2 0.497070 0.916016 0.005859 0.007812
2 0.901367 0.909180 0.001953 0.001953
2 0.416016 0.907227 0.003906 0.001953
3 0.775391 0.920898 0.027344 0.033203
3 0.050781 0.901367 0.003906 0.005859
3 0.203125 0.897461 0.015625 0.013672
2 0.450195 0.883789 0.001953 0.001953
3 0.101562 0.886719 0.007812 0.007812
3 0.360352 0.940430 0.052734 0.119141
2 0.178711 0.879883 0.001953 0.001953
2 0.254883 0.881836 0.013672 0.009766
2 0.537109 0.882812 0.023438 0.015625
3 0.633789 0.874023 0.001953 0.001953
3 0.127930 0.872070 0.001953 0.001953
3 0.443359 0.865234 0.003906 0.003906
3 0.290039 0.862305 0.001953 0.001953
2 0.268555 0.866211 0.009766 0.009766
3 0.811523 0.872070 0.037109 0.029297
3 0.964844 0.915039 0.039062 0.119141
3 0.286133 0.856445 0.005859 0.001953
3 0.280273 0.856445 0.001953 0.001953
2 0.257812 0.856445 0.003906 0.001953
3 0.344727 0.862305 0.017578 0.017578
2 0.250000 0.855469 0.003906 0.003906
2 0.975586 0.854492 0.001953 0.005859
3 0.750000 0.872070 0.039062 0.044922
2 0.235352 0.855469 0.017578 0.011719
3 0.143555 0.880859 0.072266 0.062500
2 0.768555 0.846680 0.001953 0.001953
2 0.235352 0.844727 0.001953 0.001953
2 0.747070 0.842773 0.001953 0.001953
2 0.148438 0.844727 0.007812 0.005859
2 0.432617 0.881836 0.037109 0.091797
2 0.736328 0.835938 0.003906 0.007812
3 0.080078 0.833984 0.003906 0.003906
2 0.997070 0.833984 0.005859 0.007812
3 0.660156 0.829102 0.003906 0.001953
2 0.264648 0.829102 0.001953 0.005859
2 0.793945 0.828125 0.013672 0.011719
2 0.065430 0.824219 0.009766 0.007812
2 0.983398 0.835938 0.017578 0.035156
3 0.754883 0.828125 0.029297 0.023438
3 0.957031 0.817383 0.011719 0.009766
2 0.230469 0.817383 0.007812 0.013672
2 0.271484 0.827148 0.019531 0.044922
3 0.000977 0.804688 0.001953 0.003906
2 0.650391 0.812500 0.023438 0.027344
2 0.255859 0.799805 0.011719 0.005859
2 0.789062 0.802734 0.011719 0.015625
2 0.608398 0.795898 0.001953 0.001953
2 0.135742 0.798828 0.005859 0.007812
2 0.648438 0.790039 0.003906 0.001953
3 0.850586 0.790039 0.009766 0.009766
2 0.668945 0.786133 0.001953 0.001953
2 0.255859 0.779297 0.007812 0.007812
2 0.152344 0.793945 0.027344 0.037109
3 0.579102 0.847656 0.048828 0.156250
2 0.099609 0.773438 0.011719 0.015625
3 0.651367 0.768555 0.013672 0.009766
3 0.003906 0.769531 0.007812 0.011719
3 0.342773 0.766602 0.009766 0.009766
3 0.990234 0.767578 0.019531 0.019531
3 0.888672 0.769531 0.039062 0.031250
3 0.954102 0.764648 0.029297 0.029297
3 0.453125 0.774414 0.066406 0.048828
2 0.429688 0.747070 0.003906 0.001953
3 0.500977 0.754883 0.025391 0.025391
3 0.746094 0.746094 0.015625 0.019531
2 0.441406 0.741211 0.015625 0.013672
3 0.758789 0.734375 0.005859 0.003906
3 0.836914 0.752930 0.130859 0.044922
2 0.150391 0.751953 0.031250 0.042969
2 0.403320 0.727539 0.001953 0.001953
3 0.029297 0.727539 0.003906 0.001953
3 0.024414 0.727539 0.001953 0.001953
3 0.546875 0.726562 0.003906 0.003906
2 0.399414 0.725586 0.001953 0.001953
2 0.370117 0.742188 0.017578 0.035156
3 0.655273 0.727539 0.005859 0.013672
3 0.006836 0.730469 0.013672 0.023438
2 0.414062 0.715820 0.011719 0.013672
2 0.298828 0.708984 0.007812 0.003906
2 0.424805 0.707031 0.005859 0.003906
3 0.861328 0.713867 0.015625 0.021484
3 0.525391 0.803711 0.132812 0.201172
2 0.418945 0.704102 0.001953 0.001953
3 0.750977 0.706055 0.005859 0.009766
2 0.134766 0.706055 0.007812 0.009766
2 0.001953 0.701172 0.003906 0.003906
3 0.473633 0.711914 0.033203 0.029297
2 0.395508 0.702148 0.005859 0.009766
3 0.563477 0.708984 0.021484 0.031250
3 0.618164 0.699219 0.048828 0.023438
2 0.317383 0.694336 0.009766 0.013672
2 0.378906 0.690430 0.011719 0.009766
3 0.646484 0.685547 0.003906 0.003906
2 0.405273 0.689453 0.029297 0.015625
2 0.379883 0.682617 0.001953 0.001953
3 0.707031 0.681641 0.015625 0.015625
2 0.405273 0.674805 0.001953 0.001953
2 0.400391 0.675781 0.003906 0.003906
2 0.389648 0.677734 0.005859 0.007812
3 0.027344 0.678711 0.003906 0.009766
2 0.395508 0.672852 0.001953 0.001953
2 0.319336 0.668945 0.001953 0.001953
2 0.382812 0.668945 0.007812 0.021484
2 0.778320 0.657227 0.001953 0.001953
3 0.935547 0.656250 0.003906 0.003906
3 0.466797 0.660156 0.023438 0.015625
2 0.018555 0.659180 0.029297 0.013672
2 0.765625 0.653320 0.015625 0.009766
3 0.116211 0.647461 0.001953 0.001953
2 0.367188 0.662109 0.023438 0.039062
3 0.604492 0.651367 0.021484 0.029297
3 0.538086 0.637695 0.001953 0.001953
3 0.491211 0.639648 0.009766 0.009766
2 0.319336 0.635742 0.009766 0.009766
3 0.107422 0.640625 0.023438 0.031250
2 0.983398 0.620117 0.001953 0.001953
3 0.478516 0.623047 0.007812 0.011719
2 0.022461 0.618164 0.001953 0.001953
2 0.018555 0.618164 0.001953 0.001953
2 0.991211 0.616211 0.001953 0.001953
2 0.781250 0.617188 0.003906 0.007812
3 0.198242 0.611328 0.005859 0.007812
2 0.794922 0.614258 0.019531 0.029297
2 0.008789 0.607422 0.017578 0.015625
3 0.165039 0.610352 0.013672 0.025391
3 0.855469 0.597656 0.007812 0.003906
3 0.462891 0.605469 0.019531 0.023438
2 0.376953 0.604492 0.062500 0.021484
2 0.808594 0.588867 0.003906 0.001953
2 0.997070 0.584961 0.001953 0.001953
3 0.192383 0.590820 0.021484 0.013672
3 0.126953 0.590820 0.023438 0.013672
2 0.643555 0.583008 0.001953 0.001953
2 0.801758 0.582031 0.025391 0.011719
2 0.784180 0.577148 0.001953 0.001953
2 0.164062 0.577148 0.003906 0.001953
2 0.414062 0.581055 0.039062 0.013672
3 0.967773 0.649414 0.064453 0.154297
3 0.214844 0.579102 0.023438 0.013672
3 0.063477 0.574219 0.001953 0.003906
3 0.559570 0.583984 0.025391 0.027344
3 0.186523 0.569336 0.001953 0.001953
2 0.128906 0.568359 0.003906 0.003906
2 0.905273 0.566406 0.005859 0.003906
2 0.377930 0.580078 0.017578 0.031250
2 0.107422 0.565430 0.003906 0.001953
2 0.355469 0.570312 0.015625 0.015625
3 0.514648 0.558594 0.009766 0.007812
2 0.418945 0.559570 0.044922 0.017578
2 0.330078 0.551758 0.003906 0.001953
2 0.944336 0.556641 0.013672 0.015625
3 0.579102 0.546875 0.005859 0.003906
3 0.749023 0.560547 0.033203 0.035156
2 0.896484 0.541992 0.003906 0.001953
3 0.634766 0.547852 0.011719 0.017578
3 0.004883 0.541016 0.001953 0.003906
2 0.196289 0.540039 0.005859 0.005859
2 0.962891 0.539062 0.011719 0.011719
3 0.283203 0.539062 0.011719 0.015625
2 0.196289 0.533203 0.001953 0.003906
2 0.198242 0.526367 0.005859 0.005859
2 0.945312 0.522461 0.003906 0.005859
2 0.977539 0.519531 0.001953 0.003906
2 0.916992 0.522461 0.009766 0.009766
2 0.911133 0.539062 0.025391 0.042969
2 0.945312 0.516602 0.003906 0.001953
2 0.220703 0.519531 0.003906 0.007812
3 0.734375 0.516602 0.023438 0.009766
2 0.946289 0.510742 0.001953 0.001953
2 0.184570 0.510742 0.001953 0.001953
2 0.155273 0.542969 0.083984 0.066406
3 0.785156 0.521484 0.097656 0.027344
3 0.327148 0.522461 0.017578 0.033203
2 0.218750 0.508789 0.003906 0.009766
3 0.747070 0.501953 0.005859 0.003906
3 0.597656 0.515625 0.019531 0.035156
2 0.223633 0.499023 0.001953 0.001953
2 0.960938 0.514648 0.031250 0.037109
3 0.560547 0.500000 0.011719 0.011719
2 0.615234 0.500000 0.011719 0.015625
2 0.180664 0.493164 0.001953 0.001953
3 0.509766 0.512695 0.042969 0.044922
2 0.204102 0.489258 0.001953 0.001953
3 0.699219 0.489258 0.007812 0.005859
2 0.394531 0.487305 0.011719 0.005859
2 0.215820 0.490234 0.041016 0.015625
3 0.477539 0.482422 0.009766 0.007812
3 0.716797 0.474609 0.015625 0.019531
2 0.190430 0.467773 0.009766 0.009766
3 0.000977 0.444336 0.001953 0.001953
3 0.708984 0.438477 0.003906 0.001953
2 0.541992 0.438477 0.013672 0.009766
3 0.640625 0.435547 0.007812 0.007812
2 0.973633 0.430664 0.005859 0.005859
3 0.912109 0.427734 0.011719 0.011719
3 0.646484 0.421875 0.015625 0.007812
3 0.716797 0.425781 0.011719 0.019531
2 0.037109 0.413086 0.003906 0.001953
3 0.016602 0.413086 0.005859 0.005859
3 0.724609 0.406250 0.003906 0.003906
3 0.337891 0.408203 0.007812 0.007812
2 0.029297 0.406250 0.003906 0.003906
3 0.021484 0.401367 0.007812 0.009766
2 0.975586 0.395508 0.001953 0.001953
3 0.847656 0.397461 0.003906 0.005859
3 0.740234 0.403320 0.015625 0.021484
3 0.169922 0.395508 0.003906 0.005859
3 0.164062 0.395508 0.003906 0.005859
3 0.912109 0.391602 0.007812 0.005859
3 0.103516 0.546875 0.191406 0.320312
3 0.405273 0.391602 0.017578 0.013672
2 0.576172 0.380859 0.003906 0.003906
3 0.895508 0.374023 0.005859 0.005859
3 0.615234 0.375977 0.027344 0.009766
3 0.145508 0.358398 0.009766 0.009766
2 0.995117 0.359375 0.009766 0.015625
3 0.565430 0.352539 0.001953 0.001953
3 0.772461 0.348633 0.005859 0.005859
2 0.577148 0.346680 0.001953 0.001953
3 0.722656 0.387695 0.078125 0.091797
2 0.325195 0.340820 0.001953 0.001953
2 0.321289 0.338867 0.001953 0.001953
3 0.476562 0.444336 0.378906 0.228516
2 0.320312 0.332031 0.003906 0.003906
3 0.193359 0.382812 0.085938 0.105469
2 0.333008 0.326172 0.009766 0.007812
3 0.275391 0.311523 0.011719 0.005859
3 0.567383 0.306641 0.009766 0.007812
2 0.317383 0.300781 0.001953 0.003906
3 0.062500 0.300781 0.007812 0.007812
3 0.044922 0.421875 0.089844 0.253906
2 0.178711 0.297852 0.005859 0.009766
3 0.629883 0.308594 0.060547 0.039062
3 0.725586 0.283203 0.005859 0.007812
2 0.305664 0.281250 0.013672 0.023438
3 0.706055 0.271484 0.009766 0.007812
3 0.370117 0.267578 0.009766 0.007812
3 0.538086 0.263672 0.001953 0.003906
3 0.673828 0.260742 0.007812 0.005859
3 0.643555 0.263672 0.021484 0.011719
3 0.739258 0.259766 0.017578 0.007812
3 0.170898 0.252930 0.001953 0.001953
3 0.435547 0.264648 0.015625 0.029297
3 0.159180 0.257812 0.017578 0.019531
3 0.554688 0.250000 0.011719 0.007812
3 0.518555 0.248047 0.001953 0.003906
2 0.320312 0.250977 0.027344 0.009766
3 0.534180 0.248047 0.021484 0.007812
3 0.697266 0.247070 0.011719 0.009766
3 0.807617 0.243164 0.009766 0.005859
3 0.414062 0.244141 0.007812 0.007812
3 0.876953 0.263672 0.050781 0.054688
2 0.346680 0.246094 0.017578 0.019531
3 0.141602 0.237305 0.001953 0.001953
2 0.323242 0.237305 0.009766 0.013672
2 0.166016 0.231445 0.003906 0.005859
2 0.145508 0.227539 0.001953 0.001953
3 0.957031 0.230469 0.015625 0.019531
3 0.821289 0.220703 0.009766 0.007812
2 0.963867 0.210938 0.001953 0.003906
3 0.773438 0.213867 0.023438 0.017578
3 0.810547 0.208984 0.015625 0.011719
3 0.058594 0.215820 0.042969 0.025391
3 0.046875 0.205078 0.019531 0.011719
3 0.201172 0.221680 0.066406 0.052734
2 0.370117 0.188477 0.001953 0.001953
2 0.951172 0.186523 0.003906 0.005859
2 0.942383 0.185547 0.005859 0.003906
2 0.357422 0.195312 0.062500 0.035156
3 0.252930 0.179688 0.001953 0.003906
2 0.964844 0.185547 0.031250 0.031250
2 0.389648 0.169922 0.005859 0.007812
2 0.963867 0.163086 0.001953 0.001953
3 0.907227 0.158203 0.009766 0.007812
2 0.388672 0.156250 0.003906 0.003906
3 0.156250 0.154297 0.011719 0.015625
2 0.384766 0.147461 0.003906 0.005859
2 0.333984 0.147461 0.027344 0.009766
2 0.942383 0.141602 0.001953 0.001953
2 0.985352 0.143555 0.005859 0.009766
2 0.937500 0.139648 0.003906 0.005859
2 0.400391 0.140625 0.011719 0.011719
3 0.895508 0.143555 0.013672 0.021484
3 0.635742 0.137695 0.017578 0.013672
2 0.919922 0.138672 0.015625 0.019531
2 0.415039 0.125977 0.001953 0.001953
3 0.194336 0.129883 0.005859 0.009766
3 0.275391 0.131836 0.027344 0.017578
2 0.946289 0.124023 0.005859 0.005859
2 0.972656 0.137695 0.019531 0.037109
3 0.473633 0.260742 0.162109 0.302734
2 0.438477 0.108398 0.001953 0.001953
3 0.625000 0.098633 0.011719 0.009766
3 0.267578 0.096680 0.011719 0.005859
3 0.095703 0.099609 0.007812 0.011719
2 0.489258 0.081055 0.001953 0.005859
2 0.303711 0.078125 0.037109 0.019531
2 0.489258 0.070312 0.005859 0.011719
3 0.264648 0.068359 0.013672 0.011719
3 0.805664 0.064453 0.005859 0.007812
3 0.364258 0.089844 0.033203 0.062500
3 0.208008 0.083008 0.150391 0.064453
2 0.700195 0.050781 0.001953 0.003906
2 0.646484 0.053711 0.015625 0.009766
2 0.967773 0.047852 0.001953 0.001953
2 0.441406 0.057617 0.019531 0.021484
2 0.627930 0.049805 0.009766 0.009766
2 0.968750 0.081055 0.062500 0.080078
2 0.956055 0.041992 0.001953 0.001953
2 0.952148 0.041992 0.001953 0.001953
3 0.769531 0.043945 0.015625 0.013672
3 0.554688 0.058594 0.023438 0.042969
2 0.683594 0.041992 0.015625 0.013672
2 0.778320 0.034180 0.001953 0.001953
2 0.731445 0.034180 0.005859 0.005859
2 0.317383 0.037109 0.013672 0.011719
3 0.440430 0.028320 0.001953 0.005859
3 0.111328 0.021484 0.003906 0.003906
2 0.540039 0.018555 0.001953 0.001953
3 0.444336 0.019531 0.001953 0.003906
3 0.977539 0.016602 0.001953 0.001953
3 0.114258 0.016602 0.001953 0.001953
3 0.754883 0.015625 0.009766 0.007812
3 0.468750 0.039062 0.023438 0.054688
3 0.108398 0.011719 0.001953 0.003906
3 0.835938 0.012695 0.015625 0.009766
3 0.259766 0.025391 0.039062 0.046875
3 0.971680 0.011719 0.056641 0.023438
2 0.924805 0.000977 0.001953 0.001953
3 0.882812 0.002930 0.011719 0.005859
2 0.718750 0.035156 0.031250 0.070312
2 0.616211 0.004883 0.013672 0.009766
2 0.597656 0.008789 0.015625 0.017578
2 0.583984 0.002930 0.003906 0.005859
2 0.550781 0.002930 0.015625 0.005859
2 0.515625 0.016602 0.035156 0.033203
3 0.093750 0.003906 0.011719 0.007812
2 0.030273 0.008789 0.041016 0.017578