2 0.376953 0.999023 0.007812 0.001953
2 0.368164 0.999023 0.005859 0.001953
2 0.333984 0.998047 0.011719 0.003906
2 0.719727 0.994141 0.091797 0.011719
2 0.832031 0.991211 0.054688 0.017578
2 0.073242 0.961914 0.001953 0.001953
2 0.581055 0.978516 0.025391 0.042969
2 0.984375 0.977539 0.031250 0.044922
2 0.273438 0.977539 0.062500 0.044922
2 0.066406 0.957031 0.003906 0.003906
2 0.592773 0.951172 0.001953 0.003906
2 0.432617 0.947266 0.001953 0.003906
2 0.036133 0.930664 0.001953 0.001953
2 0.801758 0.945312 0.033203 0.035156
2 0.109375 0.961914 0.218750 0.076172
2 0.310547 0.931641 0.046875 0.031250
2 0.670898 0.915039 0.001953 0.001953
2 0.676758 0.911133 0.001953 0.001953
2 0.047852 0.885742 0.001953 0.001953
2 0.306641 0.859375 0.042969 0.039062
2 0.144531 0.835938 0.007812 0.003906
2 0.355469 0.840820 0.046875 0.041016
2 0.366211 0.817383 0.001953 0.001953
2 0.358398 0.799805 0.001953 0.005859
2 0.143555 0.786133 0.001953 0.001953
2 0.139648 0.786133 0.001953 0.001953
2 0.971680 0.785156 0.005859 0.003906
2 0.378906 0.767578 0.003906 0.007812
2 0.069336 0.764648 0.001953 0.001953
2 0.379883 0.759766 0.001953 0.003906
2 0.072266 0.776367 0.023438 0.037109
2 0.086914 0.746094 0.005859 0.003906
2 0.077148 0.741211 0.001953 0.005859
2 0.088867 0.731445 0.001953 0.001953
2 0.768555 0.729492 0.005859 0.005859
2 0.746094 0.730469 0.027344 0.015625
2 0.335938 0.722656 0.003906 0.003906
2 0.348633 0.713867 0.001953 0.001953
2 0.856445 0.721680 0.041016 0.029297
2 0.110352 0.704102 0.001953 0.001953
2 0.101562 0.702148 0.011719 0.013672
2 0.049805 0.688477 0.001953 0.001953
2 0.746094 0.824219 0.507812 0.277344
2 0.051758 0.684570 0.001953 0.001953
2 0.977539 0.682617 0.013672 0.005859
2 0.960938 0.677734 0.007812 0.003906
2 0.940430 0.674805 0.009766 0.005859
2 0.370117 0.673828 0.001953 0.003906
2 0.379883 0.668945 0.001953 0.001953
2 0.756836 0.673828 0.029297 0.027344
2 0.382812 0.659180 0.007812 0.001953
2 0.291992 0.653320 0.001953 0.001953
2 0.217773 0.666992 0.037109 0.029297
2 0.423828 0.653320 0.003906 0.005859
2 0.322266 0.671875 0.054688 0.042969
2 0.892578 0.642578 0.003906 0.003906
2 0.839844 0.638672 0.003906 0.003906
2 0.072266 0.770508 0.144531 0.271484
2 0.843750 0.629883 0.007812 0.005859
2 0.040039 0.633789 0.017578 0.017578
2 0.368164 0.630859 0.025391 0.035156
2 0.003906 0.622070 0.007812 0.021484
2 0.059570 0.617188 0.013672 0.015625
2 0.949219 0.634766 0.089844 0.070312
2 0.265625 0.574219 0.003906 0.003906
2 0.276367 0.571289 0.001953 0.001953
2 0.276367 0.565430 0.001953 0.001953
2 0.372070 0.566406 0.005859 0.007812
2 0.267578 0.566406 0.003906 0.007812
2 0.749023 0.518555 0.001953 0.001953
2 0.357422 0.519531 0.007812 0.003906
2 0.361328 0.507812 0.003906 0.003906
2 0.364258 0.500000 0.005859 0.003906
2 0.176758 0.497070 0.001953 0.001953
2 0.363281 0.481445 0.003906 0.001953
2 0.610352 0.500977 0.029297 0.044922
2 0.368164 0.479492 0.001953 0.001953
2 0.090820 0.523438 0.083984 0.109375
2 0.404297 0.468750 0.007812 0.003906
2 0.885742 0.458008 0.001953 0.001953
2 0.767578 0.463867 0.007812 0.013672
2 0.489258 0.443359 0.005859 0.003906
2 0.137695 0.438477 0.001953 0.001953
2 0.321289 0.462891 0.123047 0.054688
2 0.627930 0.436523 0.005859 0.005859
2 0.625977 0.430664 0.001953 0.001953
2 0.782227 0.429688 0.001953 0.003906
2 0.955078 0.431641 0.011719 0.011719
2 0.951172 0.418945 0.015625 0.009766
2 0.616211 0.414062 0.005859 0.003906
2 0.612305 0.399414 0.001953 0.001953
2 0.540039 0.401367 0.017578 0.005859
2 0.554688 0.387695 0.031250 0.013672
2 0.995117 0.395508 0.009766 0.052734
2 0.898438 0.390625 0.035156 0.046875
2 0.548828 0.367188 0.003906 0.003906
2 0.509766 0.372070 0.019531 0.017578
2 0.095703 0.371094 0.007812 0.015625
2 0.453125 0.360352 0.003906 0.005859
2 0.461914 0.359375 0.005859 0.007812
2 0.460938 0.351562 0.003906 0.003906
2 0.931641 0.334961 0.007812 0.005859
2 0.397461 0.327148 0.001953 0.001953
2 0.390625 0.319336 0.003906 0.005859
2 0.396484 0.317383 0.003906 0.005859
2 0.497070 0.313477 0.001953 0.001953
2 0.236328 0.313477 0.003906 0.001953
2 0.241211 0.307617 0.001953 0.005859
2 0.234375 0.300781 0.003906 0.003906
2 0.095703 0.311523 0.019531 0.025391
2 0.235352 0.294922 0.001953 0.003906
2 0.060547 0.299805 0.011719 0.017578
2 0.070312 0.291992 0.019531 0.025391
2 0.968750 0.300781 0.062500 0.050781
2 0.272461 0.270508 0.001953 0.001953
2 0.277344 0.269531 0.003906 0.003906
2 0.541016 0.266602 0.003906 0.005859
2 0.277344 0.264648 0.003906 0.001953
2 0.041992 0.400391 0.083984 0.285156
2 0.544922 0.258789 0.003906 0.005859
2 0.904297 0.258789 0.015625 0.009766
2 0.287109 0.256836 0.007812 0.009766
2 0.145508 0.252930 0.001953 0.001953
2 0.145508 0.249023 0.001953 0.001953
2 0.215820 0.347656 0.177734 0.207031
2 0.890625 0.244141 0.011719 0.011719
2 0.374023 0.236328 0.001953 0.003906
2 0.294922 0.230469 0.003906 0.003906
2 0.191406 0.229492 0.003906 0.001953
2 0.953125 0.226562 0.003906 0.003906
2 0.090820 0.230469 0.056641 0.023438
2 0.196289 0.217773 0.001953 0.001953
2 0.654297 0.202148 0.003906 0.001953
2 0.050781 0.194336 0.011719 0.009766
2 0.372070 0.188477 0.001953 0.001953
2 0.376953 0.187500 0.003906 0.007812
2 0.625977 0.182617 0.001953 0.001953
2 0.492188 0.178711 0.003906 0.001953
2 0.253906 0.185547 0.023438 0.015625
2 0.165039 0.190430 0.029297 0.025391
2 0.461914 0.175781 0.009766 0.003906
2 0.379883 0.176758 0.005859 0.005859
2 0.498047 0.170898 0.003906 0.005859
2 0.147461 0.166992 0.001953 0.001953
2 0.673828 0.165039 0.003906 0.001953
2 0.485352 0.165039 0.001953 0.001953
2 0.630859 0.164062 0.011719 0.007812
2 0.008789 0.161133 0.001953 0.001953
2 0.084961 0.160156 0.001953 0.003906
2 0.026367 0.159180 0.001953 0.005859
2 0.017578 0.161133 0.011719 0.017578
2 0.859375 0.152344 0.003906 0.003906
2 0.516602 0.154297 0.005859 0.007812
2 0.840820 0.149414 0.001953 0.001953
2 0.454102 0.166992 0.060547 0.041016
2 0.883789 0.137695 0.001953 0.001953
2 0.931641 0.167969 0.136719 0.074219
2 0.896484 0.132812 0.015625 0.007812
2 0.901367 0.125977 0.001953 0.001953
2 0.332031 0.200195 0.105469 0.154297
2 0.044922 0.118164 0.003906 0.001953
2 0.377930 0.110352 0.013672 0.017578
2 0.377930 0.097656 0.005859 0.003906
2 0.385742 0.092773 0.005859 0.005859
2 0.333008 0.093750 0.005859 0.007812
2 0.125000 0.137695 0.101562 0.095703
2 0.563477 0.090820 0.009766 0.009766
2 0.326172 0.087891 0.011719 0.007812
2 0.913086 0.076172 0.009766 0.007812
2 0.067383 0.073242 0.001953 0.001953
2 0.960938 0.083008 0.019531 0.029297
2 0.557617 0.071289 0.009766 0.025391
2 0.545898 0.057617 0.001953 0.001953
2 0.547852 0.053711 0.001953 0.001953
2 0.025391 0.085938 0.050781 0.066406
2 0.132812 0.052734 0.019531 0.015625
2 0.540039 0.044922 0.001953 0.003906
2 0.918945 0.050781 0.017578 0.019531
2 0.310547 0.053711 0.027344 0.025391
2 0.156250 0.044922 0.023438 0.011719
2 0.673828 0.410156 0.652344 0.769531
2 0.528320 0.024414 0.001953 0.001953
2 0.893555 0.016602 0.005859 0.009766
2 0.993164 0.015625 0.013672 0.027344
2 0.833984 0.022461 0.085938 0.044922
2 0.564453 0.013672 0.035156 0.027344
2 0.402344 0.030273 0.253906 0.060547
2 0.249023 0.003906 0.025391 0.007812
3 0.573242 0.999023 0.001953 0.001953
3 0.275391 0.999023 0.003906 0.001953
3 0.583008 0.965820 0.001953 0.001953
3 0.059570 0.954102 0.001953 0.001953
3 0.061523 0.948242 0.001953 0.001953
3 0.074219 0.946289 0.003906 0.001953
3 0.080078 0.970703 0.160156 0.058594
3 0.575195 0.938477 0.005859 0.001953
3 0.554688 0.938477 0.003906 0.001953
3 0.572266 0.931641 0.007812 0.007812
3 0.541992 0.924805 0.005859 0.005859
3 0.506836 0.913086 0.001953 0.001953
3 0.557617 0.911133 0.001953 0.001953
3 0.549805 0.909180 0.001953 0.001953
3 0.079102 0.893555 0.001953 0.001953
3 0.792969 0.880859 0.003906 0.003906
3 0.374023 0.737305 0.001953 0.001953
3 0.381836 0.717773 0.001953 0.001953
3 0.939453 0.716797 0.011719 0.007812
3 0.950195 0.711914 0.001953 0.001953
3 0.942383 0.709961 0.001953 0.001953
3 0.356445 0.698242 0.009766 0.009766
3 0.993164 0.693359 0.001953 0.003906
3 0.913086 0.692383 0.001953 0.001953
3 0.459961 0.688477 0.001953 0.001953
3 0.856445 0.624023 0.001953 0.001953
3 0.813477 0.562500 0.001953 0.003906
3 0.808594 0.538086 0.007812 0.005859
3 0.806641 0.517578 0.003906 0.007812
3 0.649414 0.481445 0.009766 0.009766
3 0.011719 0.452148 0.003906 0.001953
3 0.616211 0.389648 0.001953 0.001953
3 0.058594 0.387695 0.003906 0.005859
3 0.010742 0.414062 0.021484 0.074219
3 0.991211 0.319336 0.001953 0.001953
3 0.971680 0.313477 0.001953 0.001953
3 0.627930 0.276367 0.001953 0.001953
3 0.938477 0.170898 0.001953 0.005859
3 0.854492 0.133789 0.009766 0.005859
3 0.715820 0.061523 0.001953 0.001953
3 0.504883 0.014648 0.001953 0.001953
3 0.994141 0.009766 0.003906 0.003906
3 0.416016 0.022461 0.199219 0.044922
3 0.500000 0.500000 1.000000 1.000000