1 0.991211 0.999023 0.001953 0.001953
1 0.684570 0.999023 0.001953 0.001953
1 0.233398 0.999023 0.001953 0.001953
1 0.435547 0.997070 0.011719 0.005859
0 0.318359 0.997070 0.007812 0.005859
1 0.040039 0.997070 0.009766 0.005859
0 0.541016 0.994141 0.007812 0.011719
1 0.065430 0.992188 0.005859 0.007812
0 0.001953 0.990234 0.003906 0.003906
0 0.317383 0.989258 0.005859 0.005859
1 0.887695 0.985352 0.001953 0.001953
0 0.509766 0.983398 0.003906 0.001953
1 0.326172 0.989258 0.007812 0.013672
0 0.560547 0.988281 0.015625 0.015625
0 0.422852 0.985352 0.013672 0.013672
1 0.208984 0.980469 0.003906 0.003906
0 0.016602 0.977539 0.001953 0.001953
0 0.328125 0.960938 0.003906 0.003906
1 0.834961 0.958008 0.001953 0.001953
0 0.037109 0.958008 0.003906 0.005859
1 0.605469 0.957031 0.007812 0.007812
1 0.338867 0.960938 0.013672 0.019531
1 0.723633 0.951172 0.005859 0.003906
0 0.627930 0.950195 0.001953 0.001953
0 0.042969 0.953125 0.003906 0.007812
0 0.329102 0.948242 0.001953 0.001953
0 0.263672 0.949219 0.003906 0.003906
0 0.032227 0.948242 0.001953 0.001953
0 0.563477 0.946289 0.001953 0.001953
0 0.634766 0.947266 0.015625 0.007812
0 0.414062 0.949219 0.015625 0.011719
0 0.641602 0.942383 0.001953 0.001953
0 0.294922 0.951172 0.023438 0.019531
0 0.969727 0.941406 0.001953 0.003906
1 0.674805 0.943359 0.009766 0.007812
0 0.653320 0.942383 0.017578 0.009766
0 0.043945 0.938477 0.001953 0.001953
0 0.428711 0.939453 0.005859 0.007812
0 0.417969 0.937500 0.003906 0.003906
0 0.409180 0.936523 0.001953 0.001953
0 0.583008 0.934570 0.001953 0.001953
0 0.432617 0.940430 0.009766 0.013672
0 0.416992 0.932617 0.005859 0.001953
0 0.350586 0.935547 0.009766 0.007812
0 0.483398 0.929688 0.001953 0.003906
0 0.385742 0.928711 0.005859 0.005859
0 0.298828 0.926758 0.003906 0.001953
0 0.505859 0.955078 0.125000 0.066406
1 0.233398 0.922852 0.001953 0.001953
0 0.588867 0.918945 0.001953 0.001953
0 0.263672 0.919922 0.007812 0.003906
0 0.483398 0.907227 0.001953 0.001953
0 0.998047 0.907227 0.003906 0.005859
0 0.405273 0.905273 0.005859 0.001953
0 0.973633 0.923828 0.052734 0.046875
0 0.582031 0.902344 0.007812 0.003906
0 0.528320 0.901367 0.001953 0.001953
0 0.358398 0.901367 0.001953 0.001953
0 0.281250 0.912109 0.042969 0.023438
0 0.999023 0.899414 0.001953 0.001953
0 0.402344 0.901367 0.007812 0.005859
0 0.999023 0.893555 0.001953 0.001953
0 0.596680 0.893555 0.001953 0.001953
1 0.492188 0.894531 0.003906 0.007812
0 0.459961 0.901367 0.021484 0.021484
0 0.969727 0.889648 0.001953 0.001953
0 0.549805 0.896484 0.037109 0.015625
0 0.985352 0.894531 0.013672 0.015625
0 0.999023 0.885742 0.001953 0.001953
0 0.995117 0.883789 0.001953 0.001953
0 0.612305 0.879883 0.001953 0.001953
0 0.657227 0.877930 0.001953 0.001953
1 0.332031 0.880859 0.019531 0.011719
0 0.991211 0.874023 0.009766 0.001953
0 0.979492 0.875977 0.005859 0.005859
0 0.945312 0.870117 0.011719 0.009766
0 0.574219 0.865234 0.007812 0.007812
1 0.519531 0.865234 0.007812 0.007812
1 0.371094 0.880859 0.054688 0.042969
1 0.946289 0.857422 0.005859 0.007812
0 0.539062 0.858398 0.007812 0.009766
1 0.418945 0.852539 0.001953 0.001953
1 0.948242 0.850586 0.001953 0.001953
1 0.415039 0.850586 0.001953 0.001953
1 0.402344 0.851562 0.003906 0.007812
0 0.919922 0.846680 0.003906 0.001953
0 0.856445 0.836914 0.001953 0.001953
1 0.244141 0.840820 0.011719 0.009766
1 0.666016 0.839844 0.015625 0.011719
1 0.420898 0.842773 0.013672 0.017578
1 0.539062 0.833008 0.003906 0.001953
0 0.907227 0.832031 0.001953 0.003906
0 0.837891 0.835938 0.011719 0.015625
1 0.497070 0.829102 0.001953 0.001953
1 0.243164 0.831055 0.013672 0.009766
1 0.525391 0.830078 0.015625 0.015625
0 0.903320 0.819336 0.009766 0.005859
1 0.494141 0.821289 0.007812 0.009766
1 0.073242 0.815430 0.001953 0.001953
1 0.365234 0.814453 0.003906 0.003906
0 0.653320 0.810547 0.005859 0.003906
1 0.090820 0.807617 0.001953 0.001953
1 0.957031 0.835938 0.085938 0.062500
1 0.175781 0.802734 0.003906 0.003906
1 0.058594 0.898438 0.117188 0.203125
0 0.655273 0.803711 0.013672 0.017578
1 0.143555 0.795898 0.001953 0.001953
0 0.595703 0.795898 0.007812 0.005859
1 0.006836 0.793945 0.001953 0.001953
1 0.683594 0.796875 0.011719 0.011719
1 0.056641 0.798828 0.007812 0.019531
0 0.934570 0.788086 0.001953 0.001953
0 0.598633 0.789062 0.005859 0.003906
1 0.002930 0.791016 0.001953 0.007812
0 0.995117 0.786133 0.001953 0.001953
0 0.935547 0.784180 0.003906 0.001953
1 0.118164 0.782227 0.001953 0.001953
1 0.114258 0.783203 0.001953 0.003906
1 0.081055 0.791016 0.017578 0.019531
0 0.933594 0.780273 0.003906 0.001953
1 0.323242 0.776367 0.001953 0.001953
0 0.966797 0.780273 0.007812 0.013672
0 0.938477 0.772461 0.001953 0.001953
0 0.911133 0.773438 0.005859 0.003906
0 0.886719 0.773438 0.003906 0.003906
1 0.384766 0.770508 0.003906 0.001953
0 0.955078 0.766602 0.007812 0.009766
1 0.182617 0.765625 0.001953 0.007812
1 0.172852 0.760742 0.001953 0.001953
0 0.947266 0.761719 0.007812 0.011719
1 0.696289 0.750977 0.001953 0.001953
0 0.497070 0.750977 0.001953 0.001953
1 0.074219 0.756836 0.011719 0.013672
1 0.002930 0.752930 0.005859 0.009766
1 0.696289 0.745117 0.001953 0.001953
0 0.951172 0.744141 0.003906 0.003906
0 0.916992 0.743164 0.001953 0.001953
0 0.908203 0.756836 0.058594 0.029297
0 0.864258 0.758789 0.013672 0.033203
0 0.455078 0.741211 0.011719 0.005859
0 0.673828 0.741211 0.011719 0.009766
0 0.601562 0.743164 0.011719 0.013672
0 0.048828 0.743164 0.007812 0.013672
1 0.017578 0.746094 0.019531 0.023438
0 0.661133 0.731445 0.001953 0.001953
0 0.627930 0.731445 0.001953 0.001953
0 0.666016 0.730469 0.003906 0.003906
1 0.413086 0.728516 0.001953 0.003906
1 0.190430 0.737305 0.013672 0.021484
0 0.666992 0.725586 0.001953 0.001953
0 0.672852 0.725586 0.005859 0.005859
0 0.482422 0.739258 0.023438 0.033203
1 0.186523 0.723633 0.001953 0.001953
0 0.636719 0.727539 0.019531 0.025391
1 0.225586 0.715820 0.001953 0.001953
1 0.086914 0.722656 0.009766 0.015625
1 0.731445 0.713867 0.001953 0.001953
0 0.050781 0.715820 0.003906 0.005859
1 0.009766 0.715820 0.003906 0.005859
1 0.743164 0.708008 0.001953 0.001953
1 0.176758 0.707031 0.021484 0.003906
1 0.152344 0.758789 0.042969 0.107422
1 0.083984 0.709961 0.003906 0.009766
1 0.173828 0.701172 0.007812 0.003906
1 0.735352 0.697266 0.001953 0.003906
0 0.439453 0.698242 0.007812 0.005859
1 0.740234 0.695312 0.003906 0.003906
1 0.525391 0.693359 0.011719 0.011719
0 0.465820 0.686523 0.001953 0.001953
1 0.291992 0.682617 0.001953 0.001953
0 0.512695 0.684570 0.005859 0.009766
1 0.719727 0.682617 0.009766 0.009766
0 0.519531 0.679688 0.003906 0.003906
0 0.509766 0.680664 0.003906 0.005859
1 0.293945 0.678711 0.001953 0.001953
1 0.096680 0.678711 0.001953 0.001953
1 0.879883 0.676758 0.001953 0.001953
1 0.668945 0.676758 0.001953 0.001953
1 0.320312 0.680664 0.019531 0.009766
1 0.883789 0.674805 0.001953 0.001953
1 0.722656 0.674805 0.007812 0.001953
1 0.003906 0.679688 0.007812 0.011719
1 0.350586 0.672852 0.001953 0.001953
0 0.570312 0.670898 0.003906 0.001953
0 0.525391 0.673828 0.007812 0.007812
1 0.141602 0.668945 0.001953 0.001953
1 0.711914 0.666992 0.001953 0.001953
1 0.291992 0.666992 0.001953 0.001953
1 0.135742 0.669922 0.005859 0.007812
1 0.127930 0.667969 0.001953 0.003906
1 0.029297 0.664062 0.007812 0.007812
0 0.558594 0.662109 0.007812 0.007812
1 0.454102 0.659180 0.001953 0.001953
1 0.031250 0.657227 0.003906 0.001953
1 0.225586 0.654297 0.001953 0.003906
1 0.801758 0.649414 0.001953 0.001953
1 0.064453 0.650391 0.007812 0.003906
1 0.067383 0.644531 0.005859 0.007812
1 0.497070 0.638672 0.001953 0.003906
1 0.737305 0.627930 0.001953 0.001953
1 0.631836 0.627930 0.001953 0.001953
1 0.004883 0.627930 0.001953 0.001953
1 0.724609 0.647461 0.035156 0.044922
1 0.627930 0.626953 0.001953 0.003906
1 0.782227 0.627930 0.005859 0.009766
1 0.479492 0.640625 0.025391 0.035156
1 0.156250 0.621094 0.003906 0.003906
1 0.749023 0.618164 0.001953 0.001953
1 0.262695 0.620117 0.001953 0.005859
1 0.935547 0.618164 0.003906 0.009766
1 0.413086 0.614258 0.001953 0.001953
1 0.286133 0.637695 0.037109 0.048828
1 0.699219 0.614258 0.003906 0.005859
0 0.609375 0.615234 0.003906 0.007812
0 0.602539 0.613281 0.005859 0.003906
1 0.233398 0.612305 0.001953 0.001953
1 0.577148 0.611328 0.001953 0.003906
1 0.238281 0.630859 0.046875 0.042969
1 0.639648 0.616211 0.017578 0.017578
1 0.598633 0.608398 0.001953 0.001953
1 0.697266 0.607422 0.003906 0.003906
1 0.687500 0.606445 0.011719 0.005859
1 0.698242 0.602539 0.001953 0.001953
1 0.293945 0.604492 0.005859 0.005859
1 0.930664 0.598633 0.001953 0.001953
1 0.019531 0.595703 0.003906 0.003906
1 0.899414 0.592773 0.001953 0.001953
1 0.608398 0.592773 0.001953 0.001953
1 0.098633 0.605469 0.021484 0.027344
0 0.020508 0.590820 0.001953 0.001953
1 0.731445 0.604492 0.037109 0.033203
1 0.260742 0.584961 0.001953 0.001953
1 0.728516 0.584961 0.003906 0.005859
1 0.914062 0.581055 0.003906 0.001953
1 0.595703 0.598633 0.027344 0.037109
1 0.598633 0.581055 0.001953 0.001953
1 0.911133 0.575195 0.001953 0.001953
1 0.378906 0.574219 0.007812 0.007812
1 0.270508 0.573242 0.005859 0.005859
1 0.158203 0.572266 0.003906 0.003906
1 0.606445 0.567383 0.001953 0.001953
1 0.696289 0.562500 0.001953 0.003906
1 0.595703 0.564453 0.015625 0.007812
1 0.250977 0.562500 0.001953 0.003906
1 0.578125 0.778320 0.843750 0.443359
1 0.098633 0.557617 0.001953 0.001953
1 0.118164 0.564453 0.017578 0.019531
1 0.989258 0.553711 0.001953 0.001953
1 0.443359 0.561523 0.011719 0.017578
1 0.258789 0.559570 0.017578 0.017578
0 0.997070 0.552734 0.005859 0.007812
0 0.706055 0.554688 0.013672 0.027344
1 0.897461 0.550781 0.017578 0.023438
0 0.747070 0.540039 0.001953 0.001953
1 0.250977 0.544922 0.021484 0.011719
1 0.096680 0.536133 0.005859 0.005859
1 0.005859 0.538086 0.011719 0.009766
1 0.493164 0.525391 0.001953 0.003906
1 0.411133 0.536133 0.033203 0.029297
1 0.072266 0.537109 0.023438 0.035156
1 0.496094 0.518555 0.003906 0.005859
0 0.720703 0.514648 0.003906 0.005859
1 0.489258 0.512695 0.001953 0.001953
1 0.261719 0.514648 0.007812 0.005859
1 0.493164 0.510742 0.001953 0.001953
0 0.703125 0.509766 0.011719 0.011719
1 0.633789 0.500977 0.001953 0.001953
0 0.693359 0.498047 0.003906 0.003906
1 0.883789 0.496094 0.001953 0.003906
1 0.851562 0.495117 0.003906 0.001953
1 0.627930 0.495117 0.001953 0.001953
1 0.862305 0.501953 0.013672 0.019531
1 0.875977 0.494141 0.009766 0.011719
1 0.842773 0.487305 0.001953 0.001953
1 0.926758 0.485352 0.001953 0.001953
0 0.732422 0.486328 0.003906 0.003906
1 0.622070 0.485352 0.001953 0.001953
0 0.738281 0.483398 0.007812 0.009766
1 0.874023 0.479492 0.009766 0.005859
1 0.406250 0.479492 0.003906 0.005859
1 0.006836 0.479492 0.005859 0.005859
0 0.981445 0.478516 0.005859 0.007812
0 0.968750 0.477539 0.003906 0.005859
1 0.276367 0.475586 0.001953 0.001953
1 0.180664 0.473633 0.001953 0.001953
1 0.833984 0.480469 0.015625 0.019531
1 0.525391 0.472656 0.007812 0.003906
1 0.882812 0.475586 0.011719 0.013672
1 0.180664 0.469727 0.001953 0.001953
1 0.678711 0.463867 0.001953 0.001953
1 0.261719 0.465820 0.007812 0.005859
1 0.702148 0.463867 0.001953 0.005859
1 0.212891 0.472656 0.007812 0.023438
1 0.043945 0.461914 0.001953 0.001953
1 0.027344 0.466797 0.007812 0.011719
1 0.264648 0.459961 0.001953 0.001953
1 0.260742 0.459961 0.001953 0.001953
1 0.033203 0.461914 0.003906 0.005859
1 0.022461 0.459961 0.001953 0.001953
0 0.964844 0.458984 0.003906 0.003906
1 0.045898 0.458008 0.001953 0.001953
1 0.257812 0.457031 0.003906 0.003906
1 0.183594 0.458008 0.003906 0.005859
1 0.023438 0.455078 0.003906 0.003906
0 0.991211 0.458008 0.017578 0.017578
1 0.263672 0.449219 0.003906 0.003906
1 0.850586 0.446289 0.001953 0.001953
1 0.540039 0.443359 0.005859 0.003906
1 0.885742 0.451172 0.013672 0.027344
1 0.848633 0.438477 0.001953 0.001953
1 0.809570 0.438477 0.001953 0.001953
0 0.971680 0.443359 0.009766 0.019531
1 0.854492 0.434570 0.001953 0.001953
1 0.315430 0.438477 0.005859 0.009766
0 0.986328 0.435547 0.003906 0.007812
1 0.812500 0.432617 0.007812 0.005859
1 0.736328 0.441406 0.019531 0.023438
1 0.489258 0.431641 0.005859 0.015625
1 0.657227 0.421875 0.005859 0.003906
1 0.266602 0.420898 0.001953 0.001953
1 0.362305 0.418945 0.001953 0.001953
1 0.344727 0.428711 0.009766 0.021484
1 0.657227 0.416992 0.001953 0.001953
1 0.034180 0.416992 0.001953 0.001953
1 0.217773 0.415039 0.001953 0.001953
1 0.362305 0.414062 0.001953 0.003906
1 0.041016 0.415039 0.007812 0.009766
1 0.029297 0.411133 0.003906 0.001953
1 0.216797 0.410156 0.003906 0.003906
1 0.747070 0.407227 0.001953 0.001953
1 0.682617 0.406250 0.013672 0.011719
1 0.618164 0.401367 0.001953 0.001953
1 0.388672 0.403320 0.003906 0.005859
1 0.843750 0.403320 0.011719 0.013672
1 0.202148 0.407227 0.021484 0.025391
1 0.851562 0.394531 0.007812 0.007812
1 0.375000 0.395508 0.007812 0.009766
1 0.929688 0.390625 0.003906 0.003906
1 0.379883 0.389648 0.001953 0.001953
1 0.315430 0.390625 0.001953 0.003906
1 0.029297 0.389648 0.003906 0.005859
1 0.850586 0.385742 0.001953 0.001953
1 0.448242 0.383789 0.001953 0.001953
1 0.776367 0.381836 0.001953 0.001953
1 0.611328 0.391602 0.023438 0.021484
1 0.329102 0.380859 0.001953 0.003906
0 0.996094 0.381836 0.007812 0.009766
1 0.702148 0.376953 0.001953 0.003906
1 0.430664 0.375977 0.001953 0.001953
1 0.212891 0.379883 0.007812 0.009766
1 0.580078 0.375977 0.003906 0.005859
1 0.889648 0.375000 0.009766 0.007812
1 0.622070 0.372070 0.001953 0.001953
1 0.204102 0.372070 0.001953 0.001953
1 0.765625 0.371094 0.003906 0.003906
1 0.237305 0.371094 0.001953 0.003906
1 0.760742 0.371094 0.001953 0.007812
0 0.706055 0.372070 0.005859 0.009766
1 0.771484 0.366211 0.019531 0.009766
1 0.767578 0.407227 0.093750 0.091797
1 0.425781 0.362305 0.003906 0.001953
1 0.653320 0.362305 0.009766 0.009766
1 0.307617 0.366211 0.009766 0.017578
1 0.227539 0.367188 0.013672 0.019531
1 0.198242 0.354492 0.001953 0.001953
1 0.105469 0.354492 0.007812 0.005859
1 0.024414 0.352539 0.001953 0.001953
1 0.977539 0.350586 0.001953 0.001953
1 0.032227 0.353516 0.005859 0.007812
1 0.219727 0.345703 0.005859 0.003906
1 0.050781 0.363281 0.023438 0.039062
1 0.192383 0.340820 0.001953 0.001953
1 0.977539 0.338867 0.001953 0.001953
1 0.928711 0.338867 0.001953 0.001953
1 0.397461 0.338867 0.001953 0.001953
0 0.935547 0.429688 0.082031 0.187500
1 0.958984 0.334961 0.003906 0.001953
1 0.803711 0.334961 0.001953 0.001953
1 0.209961 0.334961 0.001953 0.001953
1 0.991211 0.333008 0.001953 0.001953
1 0.865234 0.335938 0.003906 0.007812
1 0.938477 0.331055 0.001953 0.001953
1 0.573242 0.332031 0.001953 0.003906
1 0.065430 0.329102 0.001953 0.001953
1 0.916992 0.329102 0.005859 0.013672
1 0.530273 0.311523 0.001953 0.001953
1 0.919922 0.312500 0.003906 0.007812
1 0.048828 0.305664 0.003906 0.001953
1 0.047852 0.314453 0.013672 0.019531
1 0.139648 0.303711 0.001953 0.001953
1 0.739258 0.308594 0.005859 0.015625
1 0.661133 0.301758 0.001953 0.001953
1 0.166016 0.301758 0.003906 0.001953
1 0.124023 0.301758 0.001953 0.001953
1 0.870117 0.299805 0.001953 0.001953
1 0.657227 0.299805 0.001953 0.001953
1 0.596680 0.299805 0.001953 0.001953
1 0.060547 0.303711 0.011719 0.009766
1 0.724609 0.306641 0.019531 0.019531
1 0.505859 0.298828 0.003906 0.003906
1 0.159180 0.297852 0.001953 0.001953
1 0.596680 0.293945 0.001953 0.001953
1 0.037109 0.292969 0.003906 0.003906
1 0.980469 0.313477 0.039062 0.048828
1 0.922852 0.290039 0.001953 0.001953
1 0.729492 0.288086 0.001953 0.001953
1 0.211914 0.286133 0.001953 0.001953
1 0.107422 0.297852 0.039062 0.025391
1 0.717773 0.287109 0.009766 0.007812
1 0.208008 0.284180 0.001953 0.001953
1 0.042969 0.286133 0.003906 0.005859
1 0.666992 0.291992 0.013672 0.021484
1 0.211914 0.282227 0.001953 0.001953
1 0.023438 0.305664 0.031250 0.048828
1 0.274414 0.280273 0.005859 0.005859
0 0.604492 0.281250 0.009766 0.011719
1 0.663086 0.274414 0.005859 0.001953
0 0.069336 0.277344 0.013672 0.007812
1 0.145508 0.271484 0.009766 0.003906
1 0.967773 0.270508 0.001953 0.005859
0 0.610352 0.268555 0.001953 0.001953
1 0.438477 0.264648 0.001953 0.001953
1 0.460938 0.263672 0.003906 0.007812
0 0.999023 0.256836 0.001953 0.001953
1 0.452148 0.256836 0.001953 0.001953
0 0.190430 0.256836 0.001953 0.001953
0 0.104492 0.256836 0.001953 0.001953
1 0.926758 0.254883 0.001953 0.001953
0 0.985352 0.252930 0.001953 0.001953
0 0.114258 0.252930 0.001953 0.001953
0 0.114258 0.257812 0.013672 0.011719
0 0.071289 0.261719 0.013672 0.019531
0 0.999023 0.249023 0.001953 0.001953
1 0.682617 0.251953 0.013672 0.007812
0 0.603516 0.249023 0.003906 0.001953
0 0.598633 0.249023 0.001953 0.001953
0 0.080078 0.248047 0.003906 0.003906
0 0.041992 0.254883 0.013672 0.017578
1 0.911133 0.250000 0.017578 0.015625
1 0.679688 0.244141 0.007812 0.003906
0 0.036133 0.243164 0.001953 0.001953
1 0.452148 0.250000 0.009766 0.019531
0 0.991211 0.239258 0.001953 0.001953
1 0.600586 0.239258 0.001953 0.001953
0 0.082031 0.244141 0.011719 0.011719
1 0.595703 0.238281 0.003906 0.003906
0 0.028320 0.237305 0.001953 0.001953
1 0.266602 0.235352 0.001953 0.001953
0 0.004883 0.237305 0.009766 0.009766
0 0.609375 0.235352 0.015625 0.013672
1 0.520508 0.235352 0.005859 0.013672
1 0.596680 0.228516 0.005859 0.003906
0 0.995117 0.228516 0.009766 0.007812
1 0.278320 0.231445 0.013672 0.017578
1 0.303711 0.217773 0.005859 0.005859
0 0.082031 0.212891 0.003906 0.003906
1 0.592773 0.209961 0.001953 0.001953
1 0.585938 0.221680 0.019531 0.025391
0 0.075195 0.208008 0.001953 0.001953
0 0.134766 0.203125 0.003906 0.003906
0 0.036133 0.214844 0.033203 0.027344
1 0.520508 0.196289 0.001953 0.001953
1 0.956055 0.196289 0.009766 0.009766
1 0.950195 0.192383 0.001953 0.001953
1 0.175781 0.196289 0.019531 0.009766
1 0.879883 0.188477 0.001953 0.001953
0 0.202148 0.184570 0.001953 0.001953
0 0.131836 0.184570 0.001953 0.001953
0 0.129883 0.186523 0.005859 0.005859
1 0.948242 0.187500 0.005859 0.011719
1 0.328125 0.188477 0.023438 0.013672
1 0.804688 0.183594 0.003906 0.011719
1 0.959961 0.176758 0.005859 0.005859
0 0.197266 0.175781 0.003906 0.003906
1 0.950195 0.172852 0.001953 0.001953
1 0.868164 0.172852 0.001953 0.001953
1 0.941406 0.171875 0.003906 0.003906
1 0.979492 0.166992 0.001953 0.001953
1 0.960938 0.168945 0.003906 0.005859
1 0.508789 0.163086 0.001953 0.001953
1 0.471680 0.163086 0.001953 0.001953
1 0.389648 0.163086 0.001953 0.001953
0 0.212891 0.174805 0.023438 0.025391
1 0.984375 0.161133 0.003906 0.001953
1 0.235352 0.166016 0.017578 0.011719
0 0.216797 0.159180 0.003906 0.001953
1 0.991211 0.157227 0.005859 0.001953
0 0.036133 0.165039 0.017578 0.017578
1 0.468750 0.157227 0.011719 0.005859
0 0.154297 0.158203 0.003906 0.007812
0 0.022461 0.189453 0.044922 0.074219
1 0.999023 0.152344 0.001953 0.003906
1 0.460938 0.151367 0.003906 0.001953
0 0.209961 0.151367 0.001953 0.001953
1 0.842773 0.149414 0.005859 0.001953
1 0.813477 0.147461 0.001953 0.001953
1 0.102539 0.155273 0.025391 0.021484
1 0.848633 0.141602 0.001953 0.001953
1 0.512695 0.148438 0.029297 0.027344
1 0.942383 0.133789 0.001953 0.001953
1 0.898438 0.133789 0.003906 0.001953
1 0.543945 0.145508 0.025391 0.033203
1 0.732422 0.126953 0.003906 0.003906
0 0.051758 0.125977 0.001953 0.001953
1 0.502930 0.124023 0.001953 0.001953
1 0.829102 0.125000 0.001953 0.007812
1 0.737305 0.120117 0.001953 0.001953
1 0.365234 0.121094 0.007812 0.003906
1 0.147461 0.120117 0.001953 0.001953
1 0.533203 0.119141 0.007812 0.003906
0 0.465820 0.117188 0.001953 0.003906
1 0.148438 0.115234 0.003906 0.003906
1 0.733398 0.112305 0.001953 0.001953
1 0.418945 0.106445 0.001953 0.001953
1 0.719727 0.115234 0.013672 0.023438
1 0.510742 0.104492 0.001953 0.001953
0 0.426758 0.104492 0.001953 0.001953
1 0.349609 0.112305 0.027344 0.021484
1 0.396484 0.096680 0.015625 0.001953
1 0.022461 0.107422 0.037109 0.031250
1 0.135742 0.090820 0.001953 0.001953
1 0.295898 0.088867 0.001953 0.001953
1 0.811523 0.090820 0.005859 0.009766
0 0.472656 0.096680 0.015625 0.021484
1 0.504883 0.083008 0.001953 0.001953
1 0.670898 0.081055 0.001953 0.001953
0 0.443359 0.082031 0.003906 0.003906
0 0.389648 0.079102 0.001953 0.001953
1 0.618164 0.076172 0.001953 0.003906
1 0.280273 0.079102 0.009766 0.009766
1 0.555664 0.071289 0.001953 0.001953
1 0.119141 0.075195 0.011719 0.009766
1 0.419922 0.071289 0.003906 0.005859
1 0.311523 0.069336 0.005859 0.001953
0 0.388672 0.071289 0.011719 0.009766
0 0.190430 0.067383 0.001953 0.001953
1 0.372070 0.073242 0.017578 0.017578
1 0.343750 0.065430 0.003906 0.001953
1 0.311523 0.065430 0.001953 0.001953
1 0.557617 0.063477 0.001953 0.001953
1 0.315430 0.061523 0.001953 0.001953
1 0.262695 0.083984 0.025391 0.046875
1 0.507812 0.081055 0.035156 0.044922
0 0.489258 0.059570 0.001953 0.001953
0 0.381836 0.059570 0.001953 0.001953
1 0.171875 0.065430 0.011719 0.013672
1 0.342773 0.059570 0.005859 0.005859
1 0.168945 0.055664 0.001953 0.001953
1 0.660156 0.059570 0.011719 0.013672
1 0.318359 0.046875 0.007812 0.007812
1 0.112305 0.043945 0.001953 0.001953
1 0.108398 0.041992 0.001953 0.001953
1 0.686523 0.032227 0.001953 0.001953
1 0.538086 0.033203 0.001953 0.003906
0 0.369141 0.038086 0.011719 0.013672
1 0.179688 0.026367 0.003906 0.001953
1 0.566406 0.025391 0.003906 0.003906
1 0.561523 0.024414 0.001953 0.001953
1 0.547852 0.024414 0.001953 0.001953
1 0.420898 0.024414 0.001953 0.001953
1 0.609375 0.024414 0.007812 0.005859
1 0.409180 0.029297 0.009766 0.015625
1 0.982422 0.035156 0.011719 0.031250
1 0.548828 0.045898 0.042969 0.052734
1 0.428711 0.022461 0.009766 0.009766
1 0.413086 0.018555 0.001953 0.001953
0 0.618164 0.016602 0.001953 0.001953
1 0.979492 0.014648 0.001953 0.001953
0 0.476562 0.033203 0.019531 0.039062
1 0.424805 0.014648 0.001953 0.001953
0 0.618164 0.012695 0.001953 0.001953
1 0.416016 0.013672 0.003906 0.003906
1 0.262695 0.016602 0.005859 0.009766
1 0.674805 0.011719 0.005859 0.003906
1 0.419922 0.007812 0.003906 0.003906
1 0.672852 0.004883 0.001953 0.001953
1 0.329102 0.004883 0.001953 0.001953
1 0.668945 0.000977 0.001953 0.001953
1 0.514648 0.001953 0.005859 0.003906
1 0.476562 0.001953 0.003906 0.003906
1 0.432617 0.004883 0.013672 0.009766
1 0.420898 0.000977 0.001953 0.001953
1 0.278320 0.004883 0.037109 0.009766
1 0.241211 0.009766 0.021484 0.019531
1 0.114258 0.019531 0.072266 0.039062
3 0.925781 0.992188 0.003906 0.003906
3 0.676758 0.994141 0.025391 0.011719
3 0.629883 0.969727 0.001953 0.001953
3 0.819336 0.960938 0.001953 0.003906
3 0.899414 0.952148 0.001953 0.001953
3 0.854492 0.946289 0.001953 0.001953
3 0.731445 0.969727 0.048828 0.060547
3 0.870117 0.968750 0.103516 0.062500
3 0.676758 0.921875 0.001953 0.003906
2 0.631836 0.916992 0.001953 0.001953
2 0.623047 0.914062 0.003906 0.003906
2 0.628906 0.912109 0.003906 0.003906
2 0.655273 0.907227 0.001953 0.001953
3 0.676758 0.904297 0.005859 0.003906
3 0.674805 0.893555 0.001953 0.001953
3 0.037109 0.945312 0.074219 0.109375
3 0.651367 0.870117 0.001953 0.001953
2 0.647461 0.868164 0.001953 0.001953
2 0.898438 0.852539 0.007812 0.005859
3 0.957031 0.837891 0.007812 0.003906
3 0.638672 0.836914 0.003906 0.001953
3 0.688477 0.831055 0.001953 0.001953
3 0.614258 0.823242 0.001953 0.001953
3 0.618164 0.816406 0.001953 0.003906
3 0.398438 0.772461 0.003906 0.001953
2 0.981445 0.758789 0.001953 0.001953
3 0.993164 0.754883 0.001953 0.001953
3 0.992188 0.749023 0.003906 0.005859
3 0.405273 0.745117 0.001953 0.001953
3 0.994141 0.742188 0.003906 0.003906
2 0.951172 0.728516 0.003906 0.003906
2 0.944336 0.727539 0.001953 0.001953
3 0.945312 0.722656 0.003906 0.003906
3 0.988281 0.727539 0.023438 0.017578
3 0.981445 0.718750 0.001953 0.003906
3 0.331055 0.711914 0.001953 0.001953
2 0.866211 0.710938 0.005859 0.003906
3 0.323242 0.702148 0.001953 0.001953
3 0.874023 0.702148 0.001953 0.005859
3 0.905273 0.692383 0.001953 0.001953
3 0.900391 0.690430 0.003906 0.005859
3 0.971680 0.686523 0.001953 0.001953
3 0.284180 0.686523 0.001953 0.001953
2 0.831055 0.719727 0.056641 0.076172
3 0.278320 0.682617 0.001953 0.001953
3 0.967773 0.680664 0.001953 0.001953
3 0.864258 0.680664 0.001953 0.001953
3 0.992188 0.674805 0.003906 0.001953
3 0.996094 0.665039 0.007812 0.025391
3 0.993164 0.649414 0.001953 0.001953
3 0.870117 0.818359 0.259766 0.363281
3 0.999023 0.621094 0.001953 0.007812
3 0.938477 0.604492 0.001953 0.001953
3 0.883789 0.598633 0.001953 0.001953
3 0.874023 0.579102 0.001953 0.001953
3 0.997070 0.310547 0.005859 0.007812
3 0.987305 0.307617 0.001953 0.001953
2 0.014648 0.203125 0.029297 0.019531
2 0.021484 0.186523 0.011719 0.009766
2 0.018555 0.159180 0.001953 0.001953
2 0.092773 0.024414 0.001953 0.001953
3 0.143555 0.008789 0.005859 0.005859
3 0.110352 0.002930 0.001953 0.001953
3 0.500000 0.500000 1.000000 1.000000