1 0.114258 0.999023 0.001953 0.001953
1 0.834961 0.997070 0.005859 0.005859
1 0.389648 0.994141 0.005859 0.003906
1 0.699219 0.994141 0.007812 0.007812
1 0.666992 0.991211 0.001953 0.001953
1 0.595703 0.994141 0.015625 0.011719
1 0.124023 0.989258 0.001953 0.001953
1 0.018555 0.994141 0.013672 0.011719
1 0.360352 0.989258 0.001953 0.005859
1 0.014648 0.985352 0.001953 0.001953
1 0.493164 0.974609 0.001953 0.003906
0 0.018555 0.981445 0.009766 0.017578
1 0.491211 0.968750 0.005859 0.003906
1 0.619141 0.971680 0.011719 0.013672
1 0.547852 0.965820 0.001953 0.001953
1 0.599609 0.964844 0.003906 0.003906
0 0.004883 0.968750 0.009766 0.011719
1 0.895508 0.959961 0.001953 0.001953
1 0.439453 0.967773 0.015625 0.017578
1 0.091797 0.956055 0.003906 0.001953
1 0.084961 0.976562 0.080078 0.046875
1 0.549805 0.956055 0.009766 0.013672
1 0.504883 0.950195 0.001953 0.001953
1 0.095703 0.949219 0.007812 0.007812
1 0.063477 0.944336 0.001953 0.001953
1 0.387695 0.942383 0.001953 0.001953
1 0.052734 0.940430 0.003906 0.005859
1 0.435547 0.937500 0.003906 0.003906
1 0.440430 0.934570 0.005859 0.001953
1 0.137695 0.924805 0.001953 0.001953
1 0.492188 0.920898 0.003906 0.005859
1 0.156250 0.922852 0.031250 0.013672
1 0.419922 0.914062 0.003906 0.003906
1 0.172852 0.913086 0.001953 0.001953
1 0.374023 0.905273 0.001953 0.001953
1 0.170898 0.905273 0.001953 0.001953
1 0.981445 0.903320 0.001953 0.001953
1 0.883789 0.904297 0.001953 0.003906
1 0.875977 0.950195 0.068359 0.099609
1 0.430664 0.909180 0.017578 0.017578
1 0.170898 0.901367 0.001953 0.001953
1 0.975586 0.915039 0.048828 0.041016
1 0.889648 0.895508 0.001953 0.001953
1 0.905273 0.895508 0.005859 0.005859
1 0.885742 0.893555 0.001953 0.001953
0 0.857422 0.893555 0.003906 0.001953
1 0.493164 0.893555 0.009766 0.005859
1 0.159180 0.881836 0.001953 0.001953
1 0.666992 0.875977 0.001953 0.001953
1 0.208008 0.875000 0.001953 0.003906
1 0.918945 0.872070 0.001953 0.001953
1 0.442383 0.863281 0.005859 0.007812
1 0.669922 0.866211 0.031250 0.021484
1 0.461914 0.856445 0.001953 0.001953
1 0.112305 0.853516 0.001953 0.003906
1 0.721680 0.848633 0.001953 0.001953
0 0.708984 0.851562 0.003906 0.007812
1 0.622070 0.848633 0.001953 0.001953
1 0.460938 0.850586 0.003906 0.005859
1 0.688477 0.850586 0.005859 0.009766
1 0.887695 0.844727 0.001953 0.001953
1 0.657227 0.843750 0.001953 0.003906
1 0.730469 0.841797 0.007812 0.003906
1 0.678711 0.834961 0.001953 0.001953
1 0.710938 0.836914 0.011719 0.009766
1 0.673828 0.831055 0.003906 0.001953
1 0.503906 0.828125 0.003906 0.003906
1 0.267578 0.833984 0.015625 0.015625
1 0.900391 0.850586 0.046875 0.052734
1 0.661133 0.828125 0.005859 0.007812
1 0.696289 0.825195 0.001953 0.005859
1 0.659180 0.823242 0.001953 0.001953
1 0.373047 0.827148 0.007812 0.009766
1 0.274414 0.823242 0.001953 0.001953
1 0.731445 0.827148 0.005859 0.013672
1 0.048828 0.823242 0.007812 0.005859
1 0.988281 0.815430 0.003906 0.001953
1 0.983398 0.815430 0.001953 0.001953
1 0.983398 0.811523 0.001953 0.001953
1 0.356445 0.811523 0.001953 0.001953
1 0.706055 0.808594 0.001953 0.003906
1 0.545898 0.808594 0.005859 0.003906
1 0.040039 0.807617 0.001953 0.001953
1 0.730469 0.810547 0.015625 0.011719
1 0.597656 0.807617 0.007812 0.005859
1 0.371094 0.808594 0.003906 0.007812
1 0.060547 0.809570 0.007812 0.009766
1 0.368164 0.803711 0.001953 0.001953
1 0.543945 0.800781 0.001953 0.003906
1 0.743164 0.795898 0.001953 0.001953
1 0.547852 0.795898 0.001953 0.001953
1 0.372070 0.793945 0.001953 0.001953
1 0.346680 0.794922 0.001953 0.003906
1 0.356445 0.796875 0.017578 0.015625
0 0.122070 0.796875 0.005859 0.015625
1 0.346680 0.789062 0.001953 0.003906
0 0.566406 0.794922 0.019531 0.019531
0 0.561523 0.786133 0.001953 0.001953
1 0.551758 0.786133 0.001953 0.001953
0 0.127930 0.784180 0.001953 0.001953
1 0.344727 0.782227 0.001953 0.001953
1 0.000977 0.782227 0.001953 0.001953
1 0.938477 0.782227 0.009766 0.005859
1 0.262695 0.782227 0.005859 0.005859
1 0.984375 0.779297 0.007812 0.003906
1 0.699219 0.784180 0.019531 0.013672
1 0.016602 0.778320 0.009766 0.005859
1 0.528320 0.775391 0.005859 0.003906
1 0.982422 0.770508 0.003906 0.001953
1 0.730469 0.772461 0.007812 0.005859
0 0.602539 0.771484 0.001953 0.003906
1 0.668945 0.768555 0.001953 0.001953
1 0.887695 0.773438 0.013672 0.015625
1 0.481445 0.766602 0.001953 0.001953
1 0.428711 0.764648 0.001953 0.001953
1 0.486328 0.764648 0.003906 0.005859
1 0.480469 0.762695 0.003906 0.001953
1 0.435547 0.762695 0.003906 0.005859
1 0.297852 0.759766 0.001953 0.003906
1 0.999023 0.752930 0.001953 0.001953
0 0.444336 0.752930 0.001953 0.001953
0 0.437500 0.755859 0.003906 0.007812
1 0.301758 0.749023 0.001953 0.001953
1 0.909180 0.753906 0.009766 0.015625
1 0.999023 0.747070 0.001953 0.005859
1 0.280273 0.746094 0.001953 0.003906
0 0.531250 0.756836 0.023438 0.029297
1 0.622070 0.741211 0.001953 0.001953
0 0.450195 0.743164 0.005859 0.005859
1 0.411133 0.771484 0.048828 0.062500
1 0.996094 0.742188 0.003906 0.007812
1 0.612305 0.739258 0.001953 0.001953
1 0.573242 0.739258 0.001953 0.001953
1 0.485352 0.739258 0.001953 0.001953
1 0.391602 0.741211 0.005859 0.005859
0 0.525391 0.739258 0.003906 0.005859
1 0.506836 0.738281 0.001953 0.003906
0 0.530273 0.735352 0.001953 0.001953
1 0.107422 0.736328 0.003906 0.003906
0 0.293945 0.733398 0.001953 0.001953
1 0.872070 0.727539 0.009766 0.009766
1 0.643555 0.723633 0.001953 0.001953
1 0.638672 0.723633 0.003906 0.001953
0 0.513672 0.725586 0.015625 0.009766
1 0.462891 0.721680 0.003906 0.001953
1 0.903320 0.717773 0.001953 0.001953
1 0.899414 0.717773 0.001953 0.001953
1 0.685547 0.718750 0.003906 0.003906
1 0.404297 0.721680 0.007812 0.009766
1 0.401367 0.717773 0.001953 0.001953
0 0.495117 0.725586 0.025391 0.021484
0 0.517578 0.715820 0.003906 0.005859
1 0.301758 0.714844 0.005859 0.003906
1 0.676758 0.714844 0.005859 0.007812
0 0.485352 0.708008 0.001953 0.001953
0 0.114258 0.708008 0.001953 0.001953
1 0.864258 0.709961 0.013672 0.009766
1 0.303711 0.706055 0.001953 0.001953
1 0.983398 0.702148 0.001953 0.001953
1 0.959961 0.702148 0.001953 0.001953
1 0.956055 0.702148 0.001953 0.001953
0 0.540039 0.700195 0.001953 0.001953
1 0.898438 0.706055 0.015625 0.017578
1 0.979492 0.697266 0.001953 0.003906
1 0.598633 0.694336 0.001953 0.001953
1 0.594727 0.692383 0.001953 0.001953
0 0.116211 0.694336 0.001953 0.005859
1 0.969727 0.691406 0.013672 0.007812
1 0.594727 0.727539 0.076172 0.083984
1 0.981445 0.684570 0.001953 0.001953
1 0.975586 0.684570 0.001953 0.001953
1 0.458008 0.682617 0.001953 0.001953
0 0.499023 0.680664 0.001953 0.001953
0 0.495117 0.680664 0.001953 0.001953
0 0.117188 0.680664 0.003906 0.001953
1 0.045898 0.676758 0.001953 0.001953
1 0.034180 0.676758 0.001953 0.001953
0 0.485352 0.679688 0.013672 0.011719
0 0.090820 0.674805 0.001953 0.001953
1 0.056641 0.708984 0.113281 0.070312
1 0.030273 0.674805 0.001953 0.001953
0 0.973633 0.676758 0.021484 0.009766
0 0.967773 0.668945 0.005859 0.005859
1 0.508789 0.666992 0.005859 0.001953
1 0.163086 0.667969 0.001953 0.003906
1 0.532227 0.681641 0.056641 0.035156
1 0.478516 0.666992 0.011719 0.009766
0 0.084961 0.669922 0.017578 0.015625
1 0.489258 0.659180 0.001953 0.001953
0 0.100586 0.659180 0.001953 0.001953
1 0.521484 0.657227 0.003906 0.001953
0 0.282227 0.657227 0.001953 0.001953
1 0.242188 0.657227 0.003906 0.001953
0 0.083008 0.657227 0.001953 0.001953
1 0.756836 0.656250 0.001953 0.003906
1 0.211914 0.649414 0.001953 0.001953
1 0.608398 0.647461 0.001953 0.001953
1 0.186523 0.647461 0.001953 0.001953
1 0.153320 0.801758 0.306641 0.310547
0 0.951172 0.645508 0.003906 0.001953
1 0.896484 0.660156 0.039062 0.031250
1 0.602539 0.645508 0.001953 0.001953
0 0.958008 0.643555 0.001953 0.001953
1 0.532227 0.646484 0.009766 0.007812
1 0.223633 0.643555 0.001953 0.001953
1 0.192383 0.643555 0.001953 0.001953
0 0.985352 0.643555 0.009766 0.005859
0 0.987305 0.637695 0.001953 0.001953
1 0.704102 0.637695 0.001953 0.001953
1 0.655273 0.637695 0.001953 0.001953
0 0.289062 0.638672 0.003906 0.003906
0 0.284180 0.637695 0.001953 0.001953
0 0.295898 0.635742 0.005859 0.005859
0 0.288086 0.631836 0.001953 0.001953
0 0.282227 0.630859 0.001953 0.003906
1 0.176758 0.636719 0.021484 0.015625
1 0.170898 0.629883 0.001953 0.001953
1 0.166992 0.629883 0.001953 0.001953
1 0.654297 0.629883 0.003906 0.005859
1 0.108398 0.627930 0.001953 0.001953
1 0.217773 0.625000 0.001953 0.003906
1 0.171875 0.625000 0.007812 0.003906
1 0.565430 0.620117 0.001953 0.001953
1 0.608398 0.612305 0.001953 0.001953
1 0.603516 0.612305 0.007812 0.013672
1 0.676758 0.602539 0.001953 0.001953
0 0.532227 0.610352 0.033203 0.017578
1 0.906250 0.597656 0.003906 0.003906
1 0.888672 0.600586 0.007812 0.009766
1 0.902344 0.592773 0.003906 0.005859
1 0.661133 0.605469 0.029297 0.039062
1 0.651367 0.586914 0.001953 0.001953
1 0.505859 0.589844 0.007812 0.007812
1 0.908203 0.586914 0.003906 0.005859
1 0.989258 0.581055 0.009766 0.005859
1 0.504883 0.580078 0.005859 0.003906
1 0.736328 0.591797 0.039062 0.035156
1 0.507812 0.574219 0.011719 0.007812
1 0.017578 0.574219 0.007812 0.007812
1 0.245117 0.569336 0.005859 0.001953
1 0.640625 0.569336 0.015625 0.009766
1 0.964844 0.559570 0.003906 0.001953
1 0.958984 0.559570 0.003906 0.005859
0 0.926758 0.560547 0.005859 0.007812
1 0.677734 0.557617 0.003906 0.001953
1 0.029297 0.558594 0.011719 0.007812
1 0.645508 0.551758 0.001953 0.001953
1 0.039062 0.548828 0.003906 0.003906
1 0.034180 0.547852 0.001953 0.001953
0 0.899414 0.552734 0.017578 0.019531
1 0.319336 0.544922 0.001953 0.003906
1 0.026367 0.543945 0.001953 0.001953
1 0.181641 0.541992 0.007812 0.005859
1 0.884766 0.535156 0.003906 0.003906
1 0.710938 0.538086 0.007812 0.009766
1 0.052734 0.536133 0.007812 0.005859
1 0.735352 0.532227 0.001953 0.001953
1 0.190430 0.533203 0.005859 0.003906
1 0.847656 0.533203 0.011719 0.007812
1 0.336914 0.530273 0.005859 0.005859
1 0.885742 0.526367 0.001953 0.001953
1 0.881836 0.526367 0.001953 0.001953
1 0.176758 0.528320 0.005859 0.005859
1 0.170898 0.525391 0.001953 0.003906
1 0.842773 0.522461 0.001953 0.001953
1 0.286133 0.542969 0.025391 0.042969
1 0.067383 0.522461 0.005859 0.005859
1 0.846680 0.519531 0.001953 0.003906
1 0.267578 0.517578 0.003906 0.003906
1 0.170898 0.516602 0.001953 0.001953
1 0.061523 0.516602 0.001953 0.001953
1 0.695312 0.523438 0.015625 0.019531
1 0.178711 0.514648 0.001953 0.001953
1 0.628906 0.514648 0.003906 0.005859
1 0.256836 0.512695 0.005859 0.005859
1 0.250977 0.510742 0.001953 0.001953
1 0.166992 0.510742 0.001953 0.001953
1 0.053711 0.513672 0.005859 0.007812
1 0.622070 0.507812 0.001953 0.003906
1 0.263672 0.507812 0.003906 0.003906
1 0.629883 0.504883 0.001953 0.001953
1 0.100586 0.502930 0.001953 0.001953
1 0.326172 0.501953 0.003906 0.003906
1 0.063477 0.495117 0.001953 0.001953
1 0.747070 0.491211 0.001953 0.001953
1 0.216797 0.515625 0.066406 0.050781
1 0.716797 0.489258 0.003906 0.001953
1 0.737305 0.492188 0.013672 0.011719
1 0.220703 0.487305 0.003906 0.001953
1 0.712891 0.484375 0.003906 0.003906
1 0.559570 0.483398 0.001953 0.001953
1 0.577148 0.497070 0.029297 0.033203
1 0.752930 0.485352 0.009766 0.013672
1 0.221680 0.479492 0.001953 0.001953
1 0.717773 0.479492 0.005859 0.005859
1 0.724609 0.477539 0.003906 0.005859
1 0.643555 0.476562 0.001953 0.003906
1 0.022461 0.476562 0.001953 0.003906
1 0.932617 0.474609 0.005859 0.003906
1 0.586914 0.473633 0.001953 0.001953
1 0.288086 0.473633 0.001953 0.001953
1 0.056641 0.473633 0.003906 0.001953
1 0.770508 0.471680 0.001953 0.001953
1 0.216797 0.471680 0.007812 0.005859
1 0.057617 0.469727 0.001953 0.001953
1 0.709961 0.468750 0.001953 0.003906
1 0.930664 0.466797 0.001953 0.003906
1 0.569336 0.465820 0.001953 0.001953
1 0.709961 0.463867 0.001953 0.001953
1 0.935547 0.462891 0.003906 0.003906
1 0.761719 0.461914 0.003906 0.001953
1 0.749023 0.467773 0.021484 0.017578
1 0.321289 0.460938 0.001953 0.003906
1 0.323242 0.456055 0.001953 0.001953
1 0.063477 0.472656 0.017578 0.035156
1 0.439453 0.450195 0.003906 0.005859
1 0.948242 0.447266 0.001953 0.003906
1 0.083984 0.473633 0.031250 0.060547
1 0.048828 0.448242 0.007812 0.009766
1 0.833008 0.442383 0.001953 0.001953
1 0.753906 0.444336 0.007812 0.005859
1 0.445312 0.442383 0.003906 0.001953
1 0.127930 0.442383 0.001953 0.001953
1 0.094727 0.442383 0.001953 0.001953
1 0.757812 0.441406 0.003906 0.003906
0 0.497070 0.438477 0.001953 0.001953
0 0.483398 0.438477 0.001953 0.001953
0 0.495117 0.434570 0.001953 0.001953
0 0.487305 0.435547 0.001953 0.003906
1 0.760742 0.432617 0.005859 0.005859
1 0.590820 0.430664 0.001953 0.001953
0 0.921875 0.429688 0.007812 0.003906
1 0.118164 0.428711 0.001953 0.001953
1 0.790039 0.428711 0.005859 0.005859
1 0.008789 0.426758 0.001953 0.001953
1 0.127930 0.424805 0.001953 0.001953
1 0.122070 0.426758 0.001953 0.005859
1 0.024414 0.459961 0.048828 0.072266
1 0.700195 0.423828 0.009766 0.007812
0 0.646484 0.421875 0.003906 0.003906
1 0.746094 0.422852 0.011719 0.013672
0 0.651367 0.416992 0.001953 0.001953
1 0.611328 0.447266 0.078125 0.062500
0 0.507812 0.417969 0.003906 0.003906
1 0.313477 0.416992 0.001953 0.001953
1 0.126953 0.418945 0.003906 0.005859
0 0.621094 0.415039 0.003906 0.001953
1 0.269531 0.412109 0.003906 0.007812
1 0.128906 0.411133 0.003906 0.005859
1 0.145508 0.408203 0.005859 0.003906
1 0.454102 0.405273 0.001953 0.001953
1 0.420898 0.407227 0.001953 0.005859
1 0.616211 0.404297 0.001953 0.003906
0 0.000977 0.403320 0.001953 0.001953
1 0.759766 0.407227 0.007812 0.021484
1 0.864258 0.395508 0.001953 0.001953
1 0.374023 0.395508 0.001953 0.001953
1 0.360352 0.395508 0.001953 0.001953
1 0.406250 0.391602 0.003906 0.001953
1 0.033203 0.392578 0.003906 0.003906
1 0.202148 0.385742 0.001953 0.001953
1 0.733398 0.381836 0.001953 0.001953
0 0.635742 0.380859 0.001953 0.003906
1 0.465820 0.415039 0.037109 0.072266
1 0.168945 0.379883 0.001953 0.001953
1 0.373047 0.378906 0.003906 0.003906
1 0.130859 0.378906 0.015625 0.007812
1 0.095703 0.406250 0.054688 0.066406
1 0.327148 0.372070 0.009766 0.001953
1 0.133789 0.372070 0.001953 0.001953
1 0.129883 0.370117 0.001953 0.001953
1 0.079102 0.370117 0.001953 0.001953
0 0.614258 0.368164 0.005859 0.001953
1 0.135742 0.368164 0.001953 0.001953
1 0.062500 0.372070 0.007812 0.009766
1 0.325195 0.364258 0.001953 0.001953
1 0.125000 0.364258 0.011719 0.005859
1 0.103516 0.362305 0.003906 0.001953
0 0.522461 0.369141 0.013672 0.023438
1 0.332031 0.359375 0.003906 0.003906
1 0.124023 0.358398 0.001953 0.001953
1 0.117188 0.358398 0.003906 0.001953
1 0.020508 0.362305 0.005859 0.009766
1 0.101562 0.357422 0.007812 0.003906
0 0.504883 0.357422 0.009766 0.015625
1 0.305664 0.353516 0.005859 0.007812
0 0.613281 0.350586 0.003906 0.005859
1 0.500977 0.348633 0.001953 0.001953
1 0.442383 0.348633 0.001953 0.001953
1 0.320312 0.348633 0.003906 0.001953
0 0.616211 0.346680 0.001953 0.001953
1 0.333008 0.346680 0.001953 0.001953
1 0.336914 0.342773 0.001953 0.001953
1 0.330078 0.342773 0.003906 0.001953
1 0.288086 0.340820 0.001953 0.001953
1 0.049805 0.350586 0.041016 0.025391
1 0.620117 0.335938 0.005859 0.007812
0 0.932617 0.349609 0.025391 0.039062
0 0.637695 0.329102 0.001953 0.001953
0 0.553711 0.330078 0.001953 0.003906
1 0.346680 0.329102 0.001953 0.001953
1 0.392578 0.330078 0.007812 0.007812
1 0.380859 0.328125 0.003906 0.003906
1 0.959961 0.325195 0.001953 0.001953
0 0.935547 0.325195 0.003906 0.005859
1 0.438477 0.323242 0.001953 0.001953
1 0.331055 0.323242 0.001953 0.001953
0 0.643555 0.321289 0.001953 0.001953
1 0.452148 0.347656 0.037109 0.054688
0 0.915039 0.319336 0.001953 0.001953
0 0.540039 0.319336 0.001953 0.001953
0 0.934570 0.317383 0.001953 0.001953
0 0.518555 0.317383 0.001953 0.001953
0 0.528320 0.318359 0.017578 0.007812
1 0.400391 0.317383 0.011719 0.005859
0 0.528320 0.313477 0.001953 0.001953
1 0.198242 0.311523 0.001953 0.001953
0 0.545898 0.309570 0.001953 0.001953
0 0.540039 0.309570 0.001953 0.001953
1 0.325195 0.314453 0.013672 0.011719
1 0.401367 0.307617 0.001953 0.001953
0 0.540039 0.305664 0.001953 0.001953
1 0.354492 0.305664 0.001953 0.001953
1 0.321289 0.305664 0.001953 0.001953
0 0.540039 0.301758 0.001953 0.001953
1 0.359375 0.303711 0.003906 0.005859
1 0.355469 0.301758 0.003906 0.001953
1 0.327148 0.302734 0.005859 0.007812
1 0.344727 0.312500 0.025391 0.031250
0 0.141602 0.290039 0.001953 0.001953
1 0.116211 0.290039 0.001953 0.001953
1 0.031250 0.307617 0.023438 0.037109
1 0.115234 0.286133 0.003906 0.001953
1 0.013672 0.280273 0.003906 0.001953
1 0.221680 0.278320 0.001953 0.001953
1 0.509766 0.317383 0.066406 0.083984
1 0.412109 0.291992 0.031250 0.033203
1 0.009766 0.276367 0.003906 0.001953
0 0.949219 0.275391 0.007812 0.003906
0 0.918945 0.276367 0.005859 0.005859
0 0.148438 0.280273 0.011719 0.017578
1 0.966797 0.300781 0.066406 0.062500
1 0.235352 0.270508 0.001953 0.001953
1 0.172852 0.271484 0.001953 0.003906
1 0.970703 0.268555 0.003906 0.001953
0 0.926758 0.268555 0.001953 0.001953
0 0.870117 0.268555 0.001953 0.001953
0 0.866211 0.268555 0.001953 0.001953
0 0.857422 0.268555 0.003906 0.001953
0 0.843750 0.269531 0.011719 0.003906
0 0.532227 0.268555 0.001953 0.001953
1 0.266602 0.269531 0.005859 0.003906
1 0.246094 0.268555 0.003906 0.001953
0 0.879883 0.266602 0.001953 0.001953
0 0.875000 0.266602 0.003906 0.001953
1 0.428711 0.266602 0.005859 0.001953
0 0.145508 0.266602 0.001953 0.001953
0 0.967773 0.264648 0.001953 0.001953
0 0.963867 0.264648 0.001953 0.001953
0 0.534180 0.264648 0.001953 0.001953
1 0.172852 0.264648 0.001953 0.001953
0 0.864258 0.262695 0.001953 0.001953
0 0.935547 0.262695 0.011719 0.005859
0 0.534180 0.260742 0.001953 0.001953
1 0.188477 0.267578 0.013672 0.015625
0 0.137695 0.266602 0.009766 0.013672
0 0.913086 0.261719 0.009766 0.011719
1 0.208984 0.272461 0.011719 0.033203
1 0.386719 0.258789 0.007812 0.009766
0 0.863281 0.255859 0.007812 0.007812
1 0.425781 0.251953 0.003906 0.003906
1 0.248047 0.377930 0.210938 0.255859
0 0.974609 0.258789 0.027344 0.021484
1 0.023438 0.261719 0.046875 0.027344
1 0.424805 0.247070 0.001953 0.001953
1 0.329102 0.252930 0.009766 0.013672
0 0.999023 0.247070 0.001953 0.005859
1 0.477539 0.245117 0.001953 0.001953
1 0.423828 0.243164 0.003906 0.001953
0 0.103516 0.249023 0.011719 0.013672
1 0.036133 0.241211 0.001953 0.001953
1 0.286133 0.239258 0.001953 0.001953
1 0.284180 0.235352 0.001953 0.001953
1 0.178711 0.242188 0.017578 0.015625
1 0.412109 0.239258 0.015625 0.013672
1 0.354492 0.234375 0.005859 0.003906
1 0.333008 0.233398 0.001953 0.001953
1 0.250977 0.233398 0.001953 0.001953
1 0.018555 0.234375 0.001953 0.003906
1 0.510742 0.231445 0.001953 0.001953
1 0.489258 0.231445 0.001953 0.001953
1 0.415039 0.229492 0.001953 0.001953
1 0.340820 0.231445 0.009766 0.005859
1 0.269531 0.234375 0.007812 0.011719
1 0.204102 0.232422 0.005859 0.007812
1 0.416992 0.225586 0.001953 0.001953
1 0.362305 0.227539 0.013672 0.005859
0 0.137695 0.232422 0.025391 0.015625
0 0.938477 0.224609 0.005859 0.003906
1 0.287109 0.225586 0.003906 0.005859
1 0.248047 0.223633 0.003906 0.001953
1 0.217773 0.226562 0.001953 0.007812
1 0.416016 0.221680 0.003906 0.001953
1 0.324219 0.222656 0.003906 0.003906
1 0.006836 0.221680 0.001953 0.001953
1 0.000977 0.221680 0.001953 0.001953
1 0.008789 0.213867 0.001953 0.001953
1 0.357422 0.210938 0.007812 0.003906
1 0.127930 0.208008 0.001953 0.001953
1 0.405273 0.207031 0.001953 0.003906
1 0.138672 0.208984 0.007812 0.007812
1 0.517578 0.204102 0.003906 0.001953
1 0.143555 0.205078 0.001953 0.003906
0 0.415039 0.205078 0.005859 0.007812
0 0.433594 0.200195 0.003906 0.005859
1 0.358398 0.200195 0.005859 0.005859
1 0.413086 0.197266 0.005859 0.003906
1 0.469727 0.194336 0.001953 0.001953
1 0.962891 0.192383 0.003906 0.001953
1 0.510742 0.192383 0.001953 0.001953
1 0.405273 0.196289 0.005859 0.009766
1 0.465820 0.190430 0.001953 0.001953
0 0.113281 0.201172 0.019531 0.023438
1 0.420898 0.192383 0.013672 0.009766
1 0.114258 0.282227 0.158203 0.189453
1 0.267578 0.203125 0.070312 0.035156
1 0.004883 0.186523 0.001953 0.001953
1 0.413086 0.184570 0.001953 0.001953
1 0.985352 0.182617 0.001953 0.001953
1 0.970703 0.183594 0.003906 0.003906
1 0.964844 0.184570 0.003906 0.005859
1 0.439453 0.182617 0.003906 0.001953
1 0.189453 0.204102 0.062500 0.044922
1 0.499023 0.180664 0.001953 0.001953
1 0.491211 0.182617 0.005859 0.005859
1 0.071289 0.180664 0.001953 0.001953
1 0.041992 0.180664 0.009766 0.009766
1 0.964844 0.174805 0.003906 0.005859
1 0.285156 0.179688 0.007812 0.015625
1 0.280273 0.172852 0.001953 0.001953
1 0.452148 0.171875 0.005859 0.003906
1 0.002930 0.177734 0.005859 0.019531
1 0.437500 0.174805 0.015625 0.017578
1 0.152344 0.177734 0.015625 0.023438
1 0.079102 0.165039 0.001953 0.001953
1 0.500977 0.163086 0.001953 0.001953
0 0.475586 0.159180 0.001953 0.001953
1 0.415039 0.159180 0.001953 0.001953
1 0.320312 0.160156 0.011719 0.007812
1 0.051758 0.159180 0.013672 0.009766
1 0.041992 0.155273 0.001953 0.001953
0 0.477539 0.155273 0.005859 0.005859
1 0.422852 0.153320 0.001953 0.001953
1 0.319336 0.153320 0.001953 0.001953
1 0.040039 0.151367 0.001953 0.001953
1 0.034180 0.146484 0.005859 0.003906
0 0.904297 0.141602 0.003906 0.001953
1 0.455078 0.145508 0.003906 0.009766
1 0.443359 0.146484 0.003906 0.011719
0 0.918945 0.141602 0.005859 0.005859
0 0.904297 0.135742 0.003906 0.005859
1 0.314453 0.137695 0.011719 0.009766
1 0.024414 0.127930 0.001953 0.001953
0 0.909180 0.125977 0.001953 0.001953
1 0.291992 0.124023 0.001953 0.001953
0 0.922852 0.123047 0.001953 0.003906
1 0.393555 0.121094 0.001953 0.003906
1 0.025391 0.122070 0.003906 0.005859
1 0.387695 0.114258 0.001953 0.001953
1 0.005859 0.112305 0.007812 0.009766
1 0.414062 0.130859 0.054688 0.050781
0 0.858398 0.105469 0.005859 0.003906
1 0.363281 0.105469 0.003906 0.007812
0 0.425781 0.103516 0.007812 0.007812
1 0.370117 0.099609 0.001953 0.003906
0 0.979492 0.094727 0.005859 0.001953
0 0.870117 0.097656 0.009766 0.007812
0 0.875977 0.090820 0.005859 0.001953
1 0.370117 0.091797 0.001953 0.003906
1 0.206055 0.091797 0.005859 0.003906
1 0.366211 0.088867 0.001953 0.001953
1 0.199219 0.089844 0.003906 0.003906
1 0.362305 0.085938 0.001953 0.003906
1 0.357422 0.084961 0.003906 0.001953
1 0.196289 0.084961 0.001953 0.001953
0 0.000977 0.084961 0.001953 0.001953
0 0.918945 0.081055 0.001953 0.001953
1 0.428711 0.081055 0.001953 0.001953
1 0.426758 0.073242 0.001953 0.001953
1 0.422852 0.073242 0.001953 0.001953
1 0.027344 0.070312 0.003906 0.003906
0 0.932617 0.068359 0.001953 0.003906
1 0.183594 0.071289 0.003906 0.009766
1 0.009766 0.073242 0.019531 0.013672
1 0.090820 0.066406 0.009766 0.003906
1 0.504883 0.063477 0.001953 0.001953
1 0.098633 0.061523 0.005859 0.001953
1 0.359375 0.059570 0.003906 0.001953
1 0.164062 0.087891 0.082031 0.062500
1 0.244141 0.058594 0.007812 0.007812
1 0.282227 0.053711 0.001953 0.001953
1 0.174805 0.051758 0.001953 0.001953
1 0.358398 0.048828 0.005859 0.003906
1 0.350586 0.048828 0.001953 0.003906
1 0.356445 0.043945 0.001953 0.001953
1 0.138672 0.043945 0.003906 0.005859
1 0.467773 0.040039 0.001953 0.001953
1 0.141602 0.040039 0.001953 0.001953
1 0.353516 0.039062 0.003906 0.003906
1 0.203125 0.050781 0.042969 0.027344
1 0.165039 0.038086 0.001953 0.001953
1 0.489258 0.035156 0.001953 0.003906
1 0.482422 0.035156 0.007812 0.003906
1 0.068359 0.083984 0.105469 0.101562
1 0.800781 0.033203 0.003906 0.003906
1 0.150391 0.032227 0.003906 0.001953
1 0.393555 0.030273 0.001953 0.001953
1 0.159180 0.034180 0.009766 0.009766
1 0.344727 0.029297 0.005859 0.003906
1 0.784180 0.027344 0.001953 0.003906
0 0.685547 0.027344 0.003906 0.003906
1 0.479492 0.027344 0.005859 0.003906
1 0.161133 0.022461 0.001953 0.001953
1 0.147461 0.023438 0.001953 0.003906
1 0.301758 0.018555 0.009766 0.001953
1 0.083008 0.018555 0.001953 0.001953
1 0.048828 0.020508 0.003906 0.005859
1 0.176758 0.021484 0.017578 0.011719
1 0.799805 0.022461 0.009766 0.017578
0 0.191406 0.016602 0.007812 0.005859
1 0.075195 0.014648 0.009766 0.005859
1 0.407227 0.010742 0.001953 0.001953
1 0.693359 0.006836 0.003906 0.001953
1 0.694336 0.002930 0.001953 0.001953
1 0.550781 0.002930 0.003906 0.001953
0 0.712891 0.001953 0.003906 0.003906
1 0.541992 0.000977 0.001953 0.001953
1 0.461914 0.001953 0.001953 0.003906
1 0.348633 0.001953 0.001953 0.003906
1 0.500000 0.410156 1.000000 0.820312
1 0.278320 0.000977 0.001953 0.001953
1 0.219727 0.005859 0.025391 0.011719
1 0.120117 0.029297 0.083984 0.058594
2 0.102539 0.999023 0.001953 0.001953
3 0.868164 0.998047 0.001953 0.003906
3 0.112305 0.994141 0.013672 0.011719
3 0.889648 0.965820 0.001953 0.001953
2 0.018555 0.923828 0.001953 0.003906
3 0.086914 0.877930 0.009766 0.009766
2 0.004883 0.866211 0.001953 0.001953
3 0.205078 0.840820 0.003906 0.001953
3 0.102539 0.836914 0.001953 0.001953
3 0.198242 0.831055 0.005859 0.005859
3 0.014648 0.797852 0.001953 0.001953
3 0.010742 0.797852 0.001953 0.001953
3 0.301758 0.784180 0.001953 0.001953
3 0.189453 0.769531 0.007812 0.003906
3 0.196289 0.744141 0.013672 0.011719
3 0.002930 0.735352 0.005859 0.001953
3 0.004883 0.731445 0.001953 0.001953
3 0.243164 0.729492 0.001953 0.001953
3 0.426758 0.706055 0.001953 0.001953
3 0.420898 0.700195 0.001953 0.001953
3 0.191406 0.708008 0.019531 0.017578
2 0.125000 0.689453 0.003906 0.003906
3 0.183594 0.687500 0.003906 0.003906
3 0.442383 0.680664 0.001953 0.001953
3 0.124023 0.678711 0.001953 0.001953
2 0.364258 0.670898 0.001953 0.001953
3 0.311523 0.659180 0.001953 0.001953
2 0.350586 0.645508 0.001953 0.001953
3 0.048828 0.646484 0.003906 0.003906
2 0.274414 0.629883 0.001953 0.001953
2 0.387695 0.625977 0.001953 0.001953
2 0.389648 0.622070 0.001953 0.001953
3 0.127930 0.625000 0.013672 0.007812
3 0.311523 0.620117 0.001953 0.001953
3 0.492188 0.615234 0.003906 0.003906
3 0.325195 0.615234 0.017578 0.015625
3 0.335938 0.606445 0.003906 0.001953
3 0.342773 0.605469 0.005859 0.007812
3 0.145508 0.587891 0.005859 0.003906
3 0.051758 0.586914 0.001953 0.001953
3 0.547852 0.566406 0.005859 0.003906
3 0.347656 0.559570 0.003906 0.001953
3 0.342773 0.559570 0.001953 0.001953
3 0.543945 0.557617 0.001953 0.001953
3 0.393555 0.628906 0.134766 0.191406
3 0.360352 0.532227 0.001953 0.001953
3 0.368164 0.532227 0.017578 0.013672
3 0.963867 0.525391 0.001953 0.003906
2 0.383789 0.524414 0.001953 0.001953
3 0.465820 0.512695 0.001953 0.005859
3 0.403320 0.504883 0.001953 0.001953
3 0.686523 0.501953 0.001953 0.003906
3 0.649414 0.500977 0.001953 0.001953
3 0.391602 0.510742 0.025391 0.025391
3 0.397461 0.499023 0.001953 0.005859
3 0.024414 0.485352 0.001953 0.001953
3 0.883789 0.481445 0.001953 0.001953
3 0.416016 0.480469 0.007812 0.007812
3 0.875000 0.476562 0.003906 0.003906
3 0.405273 0.487305 0.021484 0.029297
3 0.362305 0.472656 0.001953 0.007812
3 0.344727 0.465820 0.001953 0.001953
3 0.356445 0.460938 0.001953 0.003906
3 0.358398 0.452148 0.001953 0.001953
3 0.346680 0.453125 0.001953 0.003906
3 0.367188 0.457031 0.011719 0.015625
3 0.350586 0.450195 0.001953 0.001953
3 0.342773 0.451172 0.001953 0.003906
3 0.325195 0.432617 0.001953 0.001953
3 0.577148 0.415039 0.001953 0.001953
3 0.842773 0.389648 0.001953 0.001953
3 0.550781 0.361328 0.003906 0.003906
3 0.829102 0.345703 0.025391 0.007812
2 0.567383 0.315430 0.001953 0.001953
3 0.837891 0.313477 0.003906 0.001953
3 0.837891 0.309570 0.003906 0.001953
2 0.563477 0.308594 0.001953 0.003906
3 0.979492 0.309570 0.041016 0.029297
3 0.992188 0.295898 0.003906 0.001953
3 0.712891 0.322266 0.042969 0.054688
3 0.500000 0.645508 1.000000 0.708984
3 0.996094 0.287109 0.007812 0.007812
3 0.645508 0.285156 0.005859 0.007812
2 0.547852 0.268555 0.001953 0.001953
2 0.559570 0.265625 0.005859 0.007812
3 0.661133 0.269531 0.029297 0.031250
2 0.567383 0.280273 0.033203 0.068359
3 0.774414 0.254883 0.025391 0.033203
2 0.975586 0.233398 0.001953 0.001953
3 0.580078 0.233398 0.003906 0.005859
3 0.555664 0.225586 0.001953 0.001953
2 0.997070 0.223633 0.005859 0.009766
3 0.520508 0.219727 0.001953 0.001953
2 0.565430 0.215820 0.001953 0.001953
3 0.989258 0.213867 0.001953 0.001953
3 0.528320 0.213867 0.001953 0.001953
2 0.431641 0.215820 0.003906 0.005859
3 0.948242 0.206055 0.001953 0.001953
3 0.524414 0.202148 0.001953 0.001953
3 0.937500 0.203125 0.011719 0.007812
3 0.869141 0.201172 0.007812 0.003906
3 0.833008 0.196289 0.001953 0.001953
2 0.553711 0.196289 0.001953 0.001953
3 0.541992 0.196289 0.001953 0.001953
3 0.606445 0.232422 0.029297 0.082031
2 0.548828 0.207031 0.035156 0.031250
3 0.885742 0.370117 0.228516 0.380859
3 0.596680 0.172852 0.013672 0.005859
3 0.483398 0.170898 0.001953 0.001953
3 0.628906 0.177734 0.015625 0.019531
3 0.983398 0.167969 0.005859 0.003906
3 0.915039 0.167969 0.013672 0.007812
3 0.583008 0.161133 0.005859 0.001953
3 0.581055 0.157227 0.001953 0.001953
3 0.706055 0.153320 0.001953 0.001953
3 0.497070 0.153320 0.001953 0.001953
3 0.967773 0.179688 0.064453 0.058594
2 0.895508 0.151367 0.001953 0.001953
3 0.576172 0.149414 0.003906 0.001953
3 0.971680 0.147461 0.001953 0.001953
3 0.708008 0.203125 0.044922 0.117188
3 0.710938 0.146484 0.003906 0.003906
3 0.588867 0.138672 0.001953 0.003906
3 0.594727 0.137695 0.005859 0.005859
2 0.832031 0.134766 0.007812 0.007812
3 0.716797 0.130859 0.003906 0.003906
3 0.726562 0.126953 0.011719 0.003906
3 0.728516 0.120117 0.007812 0.005859
3 0.672852 0.118164 0.001953 0.001953
3 0.666992 0.118164 0.001953 0.001953
3 0.328125 0.117188 0.003906 0.003906
3 0.767578 0.119141 0.046875 0.054688
3 0.558594 0.141602 0.039062 0.103516
3 0.520508 0.086914 0.001953 0.001953
2 0.903320 0.083008 0.001953 0.001953
3 0.637695 0.087891 0.005859 0.011719
3 0.516602 0.083008 0.001953 0.001953
2 0.477539 0.081055 0.001953 0.001953
3 0.532227 0.079102 0.001953 0.001953
3 0.576172 0.077148 0.003906 0.001953
2 0.842773 0.073242 0.005859 0.005859
3 0.639648 0.071289 0.001953 0.001953
2 0.909180 0.064453 0.009766 0.003906
3 0.890625 0.064453 0.003906 0.003906
3 0.875977 0.053711 0.001953 0.001953
3 0.889648 0.051758 0.001953 0.001953
3 0.770508 0.054688 0.009766 0.007812
3 0.765625 0.047852 0.003906 0.001953
2 0.708008 0.047852 0.001953 0.001953
3 0.447266 0.049805 0.011719 0.005859
3 0.637695 0.106445 0.142578 0.123047
3 0.442383 0.045898 0.001953 0.001953
3 0.877930 0.041992 0.001953 0.001953
2 0.909180 0.108398 0.181641 0.138672
3 0.895508 0.049805 0.041016 0.021484
3 0.506836 0.040039 0.001953 0.001953
3 0.501953 0.041016 0.007812 0.007812
3 0.559570 0.037109 0.005859 0.003906
3 0.321289 0.028320 0.001953 0.001953
3 0.549805 0.018555 0.001953 0.001953
3 0.541992 0.018555 0.001953 0.001953
3 0.591797 0.014648 0.003906 0.001953
3 0.845703 0.006836 0.035156 0.013672
3 0.801758 0.019531 0.048828 0.039062
3 0.703125 0.017578 0.046875 0.035156
3 0.650391 0.022461 0.042969 0.044922
3 0.605469 0.001953 0.003906 0.003906
3 0.541992 0.008789 0.044922 0.017578
3 0.444336 0.024414 0.103516 0.048828
3 0.352539 0.008789 0.017578 0.017578
3 0.307617 0.000977 0.001953 0.001953
3 0.279297 0.299805 0.558594 0.599609