1 0.848633 0.999023 0.001953 0.001953
1 0.579102 0.999023 0.001953 0.001953
1 0.571289 0.999023 0.001953 0.001953
0 0.924805 0.996094 0.001953 0.003906
0 0.602539 0.987305 0.001953 0.005859
1 0.886719 0.984375 0.003906 0.003906
0 0.631836 0.978516 0.001953 0.003906
0 0.926758 0.983398 0.017578 0.017578
0 0.643555 0.975586 0.001953 0.001953
1 0.861328 0.986328 0.027344 0.027344
0 0.965820 0.968750 0.005859 0.003906
1 0.795898 0.983398 0.044922 0.033203
1 0.629883 0.965820 0.001953 0.001953
0 0.979492 0.958984 0.001953 0.003906
0 0.971680 0.978516 0.037109 0.042969
0 0.938477 0.958984 0.005859 0.007812
0 0.944336 0.954102 0.001953 0.001953
0 0.968750 0.950195 0.003906 0.001953
0 0.954102 0.951172 0.009766 0.003906
0 0.941406 0.952148 0.003906 0.005859
0 0.563477 0.952148 0.009766 0.005859
0 0.973633 0.946289 0.001953 0.001953
0 0.733398 0.944336 0.001953 0.001953
0 0.530273 0.945312 0.001953 0.003906
0 0.724609 0.943359 0.003906 0.003906
0 0.711914 0.942383 0.001953 0.001953
0 0.550781 0.943359 0.003906 0.003906
0 0.936523 0.940430 0.001953 0.001953
0 0.598633 0.969727 0.083984 0.060547
0 0.919922 0.939453 0.007812 0.003906
0 0.643555 0.939453 0.001953 0.003906
0 0.696289 0.936523 0.001953 0.001953
0 0.541016 0.937500 0.007812 0.007812
1 0.780273 0.932617 0.001953 0.001953
0 0.683594 0.943359 0.023438 0.023438
0 0.920898 0.930664 0.001953 0.001953
0 0.606445 0.930664 0.001953 0.001953
0 0.541992 0.930664 0.001953 0.001953
0 0.764648 0.935547 0.013672 0.015625
0 0.627930 0.928711 0.001953 0.001953
0 0.517578 0.930664 0.007812 0.005859
0 0.726562 0.924805 0.007812 0.001953
0 0.715820 0.924805 0.001953 0.001953
0 0.711914 0.924805 0.001953 0.001953
1 0.798828 0.939453 0.039062 0.035156
0 0.815430 0.920898 0.001953 0.001953
0 0.826172 0.921875 0.015625 0.007812
0 0.521484 0.920898 0.003906 0.009766
0 0.515625 0.917969 0.003906 0.003906
0 0.656250 0.925781 0.039062 0.027344
1 0.495117 0.909180 0.001953 0.001953
1 0.751953 0.910156 0.007812 0.007812
1 0.758789 0.905273 0.001953 0.001953
0 0.717773 0.912109 0.041016 0.019531
0 0.692383 0.903320 0.001953 0.001953
0 0.049805 0.899414 0.001953 0.001953
1 0.725586 0.897461 0.001953 0.001953
0 0.692383 0.898438 0.001953 0.003906
1 0.798828 0.903320 0.011719 0.021484
1 0.717773 0.893555 0.001953 0.001953
1 0.600586 0.893555 0.001953 0.001953
1 0.622070 0.898438 0.033203 0.023438
1 0.608398 0.885742 0.005859 0.009766
0 0.041992 0.881836 0.001953 0.001953
1 0.772461 0.888672 0.009766 0.019531
1 0.995117 0.877930 0.001953 0.001953
1 0.800781 0.877930 0.011719 0.005859
1 0.787109 0.878906 0.011719 0.007812
1 0.778320 0.875977 0.001953 0.001953
1 0.588867 0.881836 0.021484 0.013672
1 0.784180 0.868164 0.001953 0.001953
1 0.762695 0.868164 0.001953 0.001953
0 0.050781 0.875977 0.027344 0.017578
1 0.729492 0.862305 0.001953 0.001953
1 0.786133 0.862305 0.001953 0.005859
1 0.757812 0.861328 0.003906 0.003906
1 0.573242 0.860352 0.001953 0.001953
1 0.735352 0.856445 0.001953 0.001953
1 0.729492 0.856445 0.001953 0.001953
0 0.035156 0.857422 0.003906 0.003906
0 0.120117 0.850586 0.001953 0.001953
1 0.734375 0.849609 0.003906 0.003906
0 0.128906 0.850586 0.003906 0.005859
0 0.116211 0.848633 0.001953 0.001953
0 0.772461 0.847656 0.001953 0.003906
0 0.105469 0.848633 0.007812 0.005859
0 0.098633 0.846680 0.001953 0.001953
1 0.754883 0.847656 0.005859 0.007812
0 0.654297 0.876953 0.050781 0.066406
1 0.711914 0.842773 0.001953 0.001953
1 0.625000 0.843750 0.003906 0.003906
1 0.726562 0.841797 0.007812 0.003906
0 0.756836 0.838867 0.001953 0.001953
1 0.924805 0.836914 0.001953 0.001953
1 0.668945 0.834961 0.001953 0.001953
0 0.063477 0.834961 0.001953 0.001953
1 0.727539 0.831055 0.001953 0.001953
0 0.014648 0.831055 0.001953 0.001953
0 0.750977 0.828125 0.001953 0.003906
1 0.598633 0.827148 0.001953 0.001953
1 0.997070 0.825195 0.001953 0.001953
1 0.747070 0.825195 0.001953 0.001953
1 0.696289 0.824219 0.013672 0.011719
1 0.728516 0.822266 0.007812 0.011719
0 0.751953 0.815430 0.003906 0.001953
1 0.704102 0.815430 0.001953 0.001953
0 0.634766 0.821289 0.011719 0.013672
0 0.795898 0.811523 0.001953 0.001953
0 0.633789 0.811523 0.001953 0.001953
0 0.149414 0.809570 0.001953 0.001953
1 0.729492 0.808594 0.005859 0.003906
1 0.723633 0.807617 0.001953 0.001953
1 0.605469 0.804688 0.003906 0.003906
1 0.598633 0.803711 0.001953 0.001953
0 0.168945 0.805664 0.005859 0.005859
0 0.081055 0.803711 0.001953 0.001953
0 0.121094 0.823242 0.046875 0.044922
0 0.750000 0.798828 0.003906 0.003906
1 0.691406 0.800781 0.011719 0.007812
0 0.162109 0.799805 0.003906 0.005859
0 0.150391 0.798828 0.015625 0.003906
1 0.958008 0.788086 0.001953 0.001953
0 0.735352 0.789062 0.005859 0.003906
0 0.711914 0.786133 0.001953 0.001953
0 0.158203 0.789062 0.011719 0.011719
0 0.745117 0.776367 0.001953 0.001953
0 0.786133 0.772461 0.001953 0.001953
0 0.743164 0.772461 0.001953 0.001953
0 0.784180 0.768555 0.001953 0.001953
0 0.750977 0.768555 0.001953 0.001953
0 0.054688 0.811523 0.054688 0.087891
0 0.760742 0.769531 0.001953 0.007812
0 0.765625 0.763672 0.003906 0.003906
1 0.419922 0.764648 0.007812 0.005859
1 0.928711 0.760742 0.001953 0.001953
1 0.838867 0.760742 0.001953 0.001953
0 0.776367 0.760742 0.001953 0.001953
0 0.729492 0.768555 0.021484 0.017578
1 0.415039 0.758789 0.001953 0.001953
1 0.930664 0.756836 0.001953 0.001953
0 0.832031 0.759766 0.007812 0.007812
0 0.735352 0.756836 0.001953 0.001953
0 0.711914 0.756836 0.001953 0.001953
0 0.717773 0.754883 0.001953 0.001953
1 0.411133 0.756836 0.001953 0.005859
0 0.174805 0.755859 0.005859 0.003906
0 0.840820 0.752930 0.001953 0.001953
0 0.835938 0.754883 0.003906 0.005859
0 0.774414 0.754883 0.005859 0.005859
0 0.002930 0.752930 0.001953 0.001953
0 0.786133 0.750977 0.001953 0.001953
0 0.781250 0.752930 0.003906 0.005859
1 0.442383 0.749023 0.001953 0.001953
0 0.208008 0.749023 0.001953 0.001953
0 0.204102 0.751953 0.009766 0.007812
0 0.001953 0.745117 0.003906 0.001953
0 0.668945 0.737305 0.001953 0.001953
0 0.409180 0.737305 0.001953 0.001953
1 0.579102 0.735352 0.001953 0.001953
1 0.463867 0.733398 0.001953 0.001953
0 0.777344 0.731445 0.003906 0.001953
0 0.809570 0.727539 0.001953 0.001953
1 0.471680 0.730469 0.009766 0.007812
0 0.397461 0.727539 0.001953 0.001953
1 0.480469 0.725586 0.003906 0.001953
1 0.470703 0.721680 0.003906 0.001953
0 0.813477 0.717773 0.001953 0.001953
0 0.799805 0.740234 0.041016 0.046875
0 0.749023 0.718750 0.001953 0.003906
0 0.724609 0.718750 0.003906 0.003906
1 0.588867 0.728516 0.021484 0.023438
0 0.040039 0.718750 0.001953 0.003906
0 0.754883 0.713867 0.001953 0.001953
0 0.262695 0.713867 0.001953 0.001953
0 0.750000 0.712891 0.003906 0.003906
1 0.724609 0.712891 0.003906 0.003906
1 0.943359 0.709961 0.003906 0.001953
0 0.149414 0.708008 0.001953 0.001953
1 0.948242 0.706055 0.001953 0.001953
1 0.948242 0.702148 0.001953 0.001953
0 0.743164 0.702148 0.001953 0.001953
1 0.260742 0.702148 0.001953 0.001953
0 0.237305 0.702148 0.001953 0.001953
0 0.838867 0.700195 0.001953 0.001953
0 0.510742 0.700195 0.001953 0.001953
1 0.262695 0.698242 0.001953 0.001953
0 0.739258 0.694336 0.001953 0.001953
0 0.840820 0.690430 0.001953 0.001953
0 0.459961 0.690430 0.001953 0.001953
1 0.659180 0.685547 0.001953 0.003906
0 0.645508 0.684570 0.001953 0.001953
1 0.249023 0.693359 0.017578 0.019531
1 0.920898 0.680664 0.001953 0.001953
0 0.049805 0.672852 0.001953 0.001953
1 0.899414 0.668945 0.001953 0.001953
0 0.053711 0.668945 0.001953 0.001953
0 0.791992 0.675781 0.017578 0.019531
0 0.814453 0.666016 0.003906 0.003906
0 0.819336 0.663086 0.001953 0.001953
0 0.805664 0.666992 0.005859 0.009766
1 0.780273 0.663086 0.001953 0.001953
1 0.877930 0.661133 0.001953 0.001953
0 0.799805 0.662109 0.001953 0.003906
0 0.170898 0.661133 0.001953 0.001953
0 0.803711 0.659180 0.001953 0.001953
0 0.611328 0.663086 0.007812 0.009766
0 0.166016 0.659180 0.003906 0.001953
0 0.799805 0.657227 0.001953 0.001953
0 0.354492 0.653320 0.001953 0.001953
0 0.665039 0.647461 0.001953 0.001953
0 0.430664 0.647461 0.001953 0.001953
1 0.874023 0.803711 0.251953 0.318359
0 0.199219 0.647461 0.003906 0.005859
0 0.068359 0.645508 0.003906 0.001953
0 0.430664 0.643555 0.001953 0.001953
1 0.882812 0.642578 0.003906 0.003906
1 0.811523 0.639648 0.001953 0.001953
0 0.068359 0.638672 0.007812 0.007812
0 0.662109 0.634766 0.007812 0.003906
0 0.075195 0.635742 0.001953 0.005859
0 0.685547 0.627930 0.003906 0.001953
0 0.678711 0.627930 0.001953 0.001953
1 0.852539 0.626953 0.001953 0.003906
0 0.645508 0.624023 0.001953 0.001953
0 0.641602 0.624023 0.001953 0.001953
0 0.619141 0.625000 0.003906 0.003906
0 0.642578 0.651367 0.042969 0.064453
0 0.618164 0.620117 0.001953 0.001953
0 0.190430 0.618164 0.001953 0.001953
1 0.800781 0.638672 0.031250 0.046875
0 0.678711 0.616211 0.001953 0.001953
0 0.674805 0.616211 0.001953 0.001953
1 0.805664 0.614258 0.001953 0.005859
0 0.632812 0.608398 0.003906 0.001953
0 0.500977 0.609375 0.001953 0.003906
1 0.883789 0.607422 0.005859 0.003906
1 0.773438 0.605469 0.003906 0.003906
0 0.627930 0.604492 0.005859 0.001953
0 0.496094 0.606445 0.007812 0.005859
0 0.321289 0.801758 0.615234 0.396484
0 0.630859 0.600586 0.003906 0.001953
0 0.609375 0.607422 0.007812 0.015625
0 0.282227 0.598633 0.001953 0.001953
0 0.630859 0.596680 0.003906 0.001953
0 0.563477 0.598633 0.005859 0.009766
0 0.565430 0.590820 0.001953 0.001953
0 0.439453 0.590820 0.003906 0.001953
0 0.273438 0.594727 0.011719 0.009766
0 0.282227 0.588867 0.001953 0.001953
0 0.481445 0.598633 0.033203 0.025391
0 0.302734 0.601562 0.035156 0.031250
0 0.291992 0.586914 0.001953 0.001953
0 0.950195 0.584961 0.001953 0.001953
0 0.946289 0.584961 0.001953 0.001953
0 0.657227 0.584961 0.001953 0.001953
0 0.653320 0.584961 0.001953 0.001953
1 0.879883 0.585938 0.005859 0.007812
0 0.675781 0.581055 0.003906 0.001953
0 0.488281 0.577148 0.003906 0.001953
0 0.391602 0.577148 0.001953 0.001953
0 0.513672 0.576172 0.003906 0.003906
0 0.368164 0.575195 0.001953 0.001953
0 0.885742 0.573242 0.001953 0.001953
0 0.624023 0.573242 0.001953 0.001953
0 0.479492 0.571289 0.001953 0.001953
0 0.829102 0.569336 0.001953 0.001953
0 0.174805 0.569336 0.001953 0.001953
0 0.704102 0.567383 0.001953 0.001953
0 0.677734 0.568359 0.003906 0.003906
0 0.927734 0.566406 0.003906 0.003906
0 0.922852 0.565430 0.001953 0.001953
0 0.689453 0.589844 0.082031 0.050781
0 0.932617 0.563477 0.001953 0.001953
1 0.866211 0.571289 0.009766 0.017578
0 0.887695 0.561523 0.001953 0.001953
0 0.815430 0.561523 0.001953 0.001953
0 0.691406 0.562500 0.003906 0.003906
0 0.453125 0.575195 0.039062 0.029297
0 0.403320 0.563477 0.005859 0.005859
0 0.400391 0.570312 0.027344 0.019531
0 0.917969 0.560547 0.003906 0.003906
0 0.088867 0.558594 0.001953 0.003906
0 0.904297 0.560547 0.007812 0.011719
0 0.940430 0.553711 0.001953 0.001953
0 0.912109 0.554688 0.003906 0.003906
0 0.805664 0.551758 0.001953 0.001953
0 0.728516 0.551758 0.003906 0.001953
0 0.618164 0.551758 0.001953 0.001953
0 0.948242 0.545898 0.001953 0.001953
0 0.805664 0.545898 0.001953 0.001953
0 0.801758 0.545898 0.001953 0.001953
0 0.680664 0.541992 0.001953 0.001953
0 0.643555 0.557617 0.044922 0.037109
0 0.932617 0.538086 0.001953 0.001953
0 0.215820 0.538086 0.005859 0.001953
0 0.957031 0.623047 0.085938 0.179688
0 0.936523 0.534180 0.001953 0.001953
0 0.102539 0.532227 0.001953 0.001953
0 0.582031 0.534180 0.007812 0.009766
0 0.168945 0.530273 0.001953 0.001953
0 0.944336 0.526367 0.001953 0.001953
0 0.381836 0.526367 0.001953 0.001953
0 0.947266 0.532227 0.023438 0.017578
0 0.977539 0.520508 0.001953 0.001953
0 0.953125 0.520508 0.003906 0.001953
1 0.704102 0.518555 0.001953 0.001953
0 0.875977 0.517578 0.005859 0.003906
0 0.869141 0.515625 0.003906 0.003906
0 0.883789 0.509766 0.001953 0.003906
0 0.861328 0.507812 0.003906 0.003906
1 0.768555 0.506836 0.001953 0.001953
0 0.152344 0.504883 0.003906 0.005859
0 0.864258 0.500977 0.001953 0.001953
0 0.797852 0.499023 0.001953 0.001953
1 0.682617 0.499023 0.001953 0.001953
0 0.201172 0.507812 0.023438 0.019531
0 0.184570 0.630859 0.369141 0.265625
1 0.825195 0.497070 0.001953 0.001953
0 0.475586 0.497070 0.001953 0.001953
1 0.990234 0.502930 0.011719 0.017578
0 0.783203 0.530273 0.062500 0.072266
0 0.913086 0.510742 0.060547 0.037109
0 0.805664 0.497070 0.017578 0.009766
0 0.963867 0.491211 0.001953 0.001953
0 0.790039 0.491211 0.001953 0.001953
0 0.633789 0.489258 0.001953 0.001953
0 0.618164 0.489258 0.001953 0.001953
0 0.534180 0.530273 0.103516 0.091797
1 0.770508 0.481445 0.001953 0.001953
0 0.218750 0.488281 0.019531 0.015625
0 0.875977 0.479492 0.001953 0.001953
0 0.628906 0.480469 0.003906 0.003906
1 0.982422 0.489258 0.027344 0.025391
0 0.995117 0.476562 0.009766 0.007812
0 0.363281 0.474609 0.003906 0.003906
0 0.229492 0.471680 0.001953 0.001953
1 0.737305 0.469727 0.001953 0.001953
0 0.428711 0.469727 0.001953 0.001953
1 0.899414 0.467773 0.001953 0.001953
1 0.895508 0.467773 0.001953 0.001953
0 0.362305 0.467773 0.001953 0.001953
0 0.274414 0.469727 0.005859 0.013672
0 0.886719 0.469727 0.015625 0.017578
1 0.737305 0.461914 0.001953 0.001953
0 0.365234 0.462891 0.007812 0.003906
1 0.739258 0.476562 0.052734 0.035156
0 0.177734 0.459961 0.003906 0.001953
0 0.701172 0.459961 0.003906 0.005859
1 0.586914 0.461914 0.005859 0.009766
1 0.581055 0.458008 0.001953 0.001953
0 0.491211 0.458008 0.001953 0.001953
0 0.373047 0.456055 0.003906 0.001953
1 0.901367 0.454102 0.001953 0.001953
1 0.895508 0.454102 0.001953 0.001953
0 0.651367 0.452148 0.001953 0.001953
0 0.377930 0.452148 0.001953 0.001953
1 0.323242 0.452148 0.001953 0.001953
1 0.904297 0.450195 0.003906 0.001953
0 0.639648 0.448242 0.001953 0.001953
0 0.634766 0.448242 0.003906 0.001953
0 0.627930 0.448242 0.005859 0.001953
0 0.708008 0.446289 0.001953 0.001953
0 0.651367 0.447266 0.005859 0.003906
0 0.562500 0.447266 0.003906 0.003906
0 0.475586 0.446289 0.001953 0.001953
0 0.623047 0.444336 0.003906 0.001953
1 0.325195 0.447266 0.013672 0.007812
0 0.576172 0.438477 0.003906 0.001953
1 0.314453 0.440430 0.011719 0.005859
0 0.610352 0.440430 0.005859 0.009766
0 0.338867 0.512695 0.216797 0.173828
1 0.997070 0.422852 0.001953 0.001953
1 0.786133 0.448242 0.033203 0.052734
1 0.697266 0.423828 0.007812 0.003906
1 0.981445 0.420898 0.001953 0.001953
1 0.784180 0.418945 0.001953 0.001953
1 0.696289 0.418945 0.001953 0.001953
1 0.690430 0.418945 0.001953 0.001953
1 0.391602 0.418945 0.001953 0.001953
1 0.323242 0.418945 0.001953 0.001953
0 0.183594 0.422852 0.007812 0.009766
1 0.954102 0.446289 0.091797 0.060547
0 0.395508 0.416992 0.001953 0.001953
1 0.696289 0.415039 0.001953 0.001953
0 0.517578 0.418945 0.003906 0.009766
0 0.512695 0.415039 0.001953 0.001953
1 0.469727 0.415039 0.001953 0.001953
1 0.979492 0.413086 0.001953 0.001953
1 0.692383 0.414062 0.001953 0.003906
1 0.346680 0.413086 0.001953 0.001953
1 0.780273 0.411133 0.001953 0.001953
0 0.775391 0.413086 0.003906 0.005859
0 0.495117 0.411133 0.001953 0.001953
0 0.498047 0.452148 0.050781 0.083984
1 0.450195 0.412109 0.005859 0.003906
0 0.518555 0.407227 0.001953 0.001953
1 0.322266 0.408203 0.003906 0.003906
0 0.490234 0.406250 0.007812 0.003906
0 0.518555 0.403320 0.001953 0.001953
1 0.334961 0.403320 0.001953 0.001953
1 0.780273 0.401367 0.001953 0.001953
1 0.772461 0.401367 0.001953 0.001953
1 0.680664 0.401367 0.001953 0.001953
1 0.680664 0.414062 0.017578 0.027344
0 0.611328 0.400391 0.003906 0.003906
0 0.398438 0.405273 0.015625 0.013672
1 0.780273 0.396484 0.001953 0.003906
1 0.672852 0.393555 0.001953 0.001953
0 0.596680 0.393555 0.001953 0.001953
0 0.398438 0.393555 0.003906 0.001953
1 0.676758 0.391602 0.001953 0.001953
0 0.613281 0.394531 0.003906 0.007812
1 0.633789 0.389648 0.001953 0.001953
1 0.775391 0.392578 0.007812 0.011719
0 0.737305 0.385742 0.001953 0.001953
0 0.358398 0.381836 0.005859 0.005859
1 0.325195 0.379883 0.001953 0.001953
0 0.506836 0.388672 0.029297 0.027344
1 0.613281 0.376953 0.007812 0.007812
0 0.494141 0.372070 0.003906 0.001953
0 0.481445 0.373047 0.009766 0.007812
1 0.819336 0.364258 0.001953 0.001953
1 0.746094 0.364258 0.003906 0.005859
0 0.565430 0.409180 0.087891 0.095703
1 0.204102 0.367188 0.009766 0.011719
0 0.495117 0.365234 0.021484 0.011719
1 0.012695 0.375977 0.025391 0.033203
0 0.477539 0.359375 0.001953 0.003906
0 0.883789 0.358398 0.013672 0.013672
1 0.868164 0.359375 0.005859 0.015625
1 0.830078 0.354492 0.003906 0.005859
0 0.327148 0.356445 0.005859 0.009766
1 0.551758 0.350586 0.001953 0.001953
1 0.870117 0.348633 0.001953 0.001953
0 0.887695 0.346680 0.001953 0.001953
1 0.881836 0.347656 0.005859 0.003906
0 0.563477 0.346680 0.001953 0.001953
0 0.324219 0.346680 0.003906 0.001953
1 0.846680 0.344727 0.001953 0.001953
0 0.571289 0.344727 0.001953 0.001953
0 0.897461 0.340820 0.001953 0.001953
1 0.878906 0.342773 0.015625 0.009766
1 0.666992 0.338867 0.001953 0.001953
1 0.784180 0.333984 0.001953 0.003906
0 0.608398 0.334961 0.005859 0.005859
0 0.602539 0.333008 0.001953 0.001953
0 0.278320 0.333008 0.001953 0.001953
1 0.017578 0.333008 0.003906 0.005859
1 0.000977 0.333008 0.001953 0.005859
0 0.830078 0.329102 0.003906 0.005859
0 0.263672 0.395508 0.160156 0.142578
0 0.243164 0.336914 0.017578 0.025391
0 0.997070 0.318359 0.005859 0.003906
1 0.629883 0.313477 0.001953 0.001953
1 0.625977 0.313477 0.001953 0.001953
1 0.635742 0.310547 0.005859 0.003906
1 0.543945 0.307617 0.001953 0.001953
1 0.789062 0.316406 0.023438 0.027344
0 0.325195 0.310547 0.005859 0.015625
0 0.131836 0.306641 0.005859 0.007812
0 0.634766 0.303711 0.007812 0.005859
0 0.280273 0.304688 0.009766 0.007812
0 0.379883 0.299805 0.001953 0.001953
0 0.349609 0.315430 0.035156 0.033203
0 0.328125 0.300781 0.003906 0.003906
1 0.799805 0.295898 0.001953 0.001953
0 0.634766 0.296875 0.003906 0.003906
1 0.007812 0.315430 0.015625 0.041016
1 0.817383 0.293945 0.001953 0.001953
1 0.793945 0.293945 0.001953 0.001953
0 0.626953 0.299805 0.003906 0.013672
0 0.295898 0.293945 0.001953 0.001953
0 0.291016 0.294922 0.003906 0.003906
1 0.860352 0.309570 0.033203 0.037109
0 0.201172 0.296875 0.007812 0.011719
0 0.633789 0.290039 0.001953 0.001953
0 0.641602 0.288086 0.001953 0.001953
1 0.793945 0.286133 0.001953 0.001953
0 0.202148 0.287109 0.001953 0.003906
1 0.736328 0.283203 0.003906 0.003906
1 0.838867 0.276367 0.001953 0.001953
1 0.779297 0.278320 0.007812 0.005859
1 0.772461 0.276367 0.001953 0.001953
0 0.538086 0.276367 0.001953 0.001953
0 0.180664 0.314453 0.017578 0.078125
1 0.765625 0.278320 0.007812 0.009766
1 0.764648 0.268555 0.001953 0.001953
1 0.864258 0.266602 0.001953 0.001953
1 0.001953 0.273438 0.003906 0.015625
0 0.948242 0.263672 0.001953 0.003906
0 0.944336 0.262695 0.001953 0.001953
1 0.777344 0.267578 0.011719 0.011719
1 0.702148 0.262695 0.001953 0.001953
0 0.339844 0.282227 0.074219 0.041016
0 0.311523 0.260742 0.001953 0.001953
0 0.905273 0.258789 0.005859 0.005859
1 0.840820 0.260742 0.009766 0.009766
1 0.778320 0.256836 0.001953 0.001953
0 0.381836 0.257812 0.009766 0.003906
0 0.372070 0.254883 0.001953 0.001953
1 0.995117 0.252930 0.001953 0.001953
0 0.886719 0.253906 0.007812 0.003906
0 0.863281 0.258789 0.027344 0.017578
0 0.919922 0.251953 0.003906 0.007812
1 0.803711 0.264648 0.033203 0.041016
0 0.646484 0.243164 0.003906 0.001953
1 0.866211 0.239258 0.001953 0.001953
1 0.766602 0.235352 0.001953 0.001953
0 0.651367 0.235352 0.001953 0.001953
1 0.868164 0.234375 0.005859 0.003906
1 0.788086 0.233398 0.001953 0.001953
0 0.624023 0.233398 0.001953 0.001953
1 0.786133 0.229492 0.001953 0.001953
1 0.764648 0.228516 0.001953 0.003906
0 0.538086 0.227539 0.001953 0.001953
1 0.793945 0.228516 0.001953 0.007812
1 0.390625 0.238281 0.019531 0.027344
0 0.297852 0.225586 0.001953 0.001953
1 0.788086 0.223633 0.001953 0.001953
1 0.985352 0.221680 0.001953 0.001953
1 0.821289 0.221680 0.001953 0.001953
1 0.745117 0.217773 0.001953 0.001953
1 0.697266 0.305664 0.132812 0.177734
1 0.385742 0.217773 0.001953 0.001953
0 0.276367 0.217773 0.001953 0.001953
1 0.390625 0.211914 0.011719 0.005859
0 0.251953 0.208008 0.003906 0.001953
0 0.625000 0.206055 0.003906 0.001953
1 0.744141 0.204102 0.003906 0.005859
0 0.553711 0.201172 0.001953 0.003906
0 0.357422 0.194336 0.007812 0.005859
1 0.889648 0.186523 0.001953 0.001953
1 0.885742 0.186523 0.001953 0.001953
1 0.887695 0.182617 0.001953 0.001953
0 0.213867 0.183594 0.001953 0.003906
0 0.493164 0.241211 0.056641 0.123047
0 0.006836 0.180664 0.001953 0.001953
0 0.220703 0.182617 0.011719 0.009766
0 0.211914 0.178711 0.001953 0.001953
0 0.631836 0.188477 0.029297 0.029297
0 0.217773 0.174805 0.001953 0.001953
0 0.213867 0.170898 0.001953 0.001953
1 0.863281 0.170898 0.003906 0.005859
0 0.208008 0.171875 0.009766 0.007812
1 0.735352 0.165039 0.001953 0.001953
1 0.733398 0.160156 0.001953 0.003906
0 0.416992 0.157227 0.001953 0.001953
0 0.971680 0.155273 0.001953 0.001953
0 0.581055 0.155273 0.001953 0.001953
1 0.694336 0.148438 0.001953 0.003906
1 0.718750 0.159180 0.035156 0.033203
0 0.673828 0.151367 0.027344 0.025391
1 0.702148 0.135742 0.001953 0.001953
0 0.652344 0.142578 0.011719 0.015625
1 0.743164 0.131836 0.001953 0.001953
0 0.961914 0.129883 0.001953 0.001953
0 0.957031 0.129883 0.003906 0.005859
0 0.516602 0.127930 0.001953 0.001953
0 0.206055 0.125977 0.001953 0.001953
0 0.684570 0.122070 0.005859 0.001953
0 0.513672 0.122070 0.007812 0.005859
1 0.719727 0.118164 0.001953 0.001953
0 0.531250 0.116211 0.003906 0.001953
0 0.479492 0.114258 0.001953 0.001953
0 0.709961 0.086914 0.001953 0.001953
0 0.424805 0.083008 0.001953 0.001953
0 0.538086 0.067383 0.005859 0.005859
0 0.505859 0.051758 0.003906 0.001953
0 0.000977 0.051758 0.001953 0.001953
0 0.571289 0.055664 0.033203 0.017578
0 0.229492 0.043945 0.001953 0.001953
0 0.008789 0.043945 0.001953 0.001953
0 0.172852 0.040039 0.001953 0.001953
0 0.040039 0.284180 0.080078 0.494141
0 0.471680 0.036133 0.001953 0.001953
0 0.180664 0.036133 0.001953 0.001953
0 0.176758 0.036133 0.001953 0.001953
0 0.069336 0.032227 0.001953 0.001953
0 0.048828 0.032227 0.003906 0.001953
0 0.708008 0.030273 0.001953 0.001953
0 0.200195 0.091797 0.060547 0.125000
0 0.047852 0.028320 0.001953 0.001953
0 0.848633 0.026367 0.001953 0.001953
0 0.485352 0.022461 0.001953 0.001953
0 0.166992 0.020508 0.001953 0.001953
0 0.495117 0.020508 0.013672 0.009766
0 0.174805 0.019531 0.009766 0.007812
0 0.432617 0.020508 0.021484 0.017578
0 0.664062 0.008789 0.003906 0.001953
0 0.010742 0.008789 0.001953 0.001953
0 0.014648 0.004883 0.001953 0.001953
0 0.879883 0.002930 0.001953 0.001953
0 0.583008 0.018555 0.033203 0.033203
0 0.010742 0.002930 0.001953 0.001953
0 0.707031 0.173828 0.585938 0.347656
1 0.729492 0.000977 0.001953 0.001953
0 0.671875 0.003906 0.015625 0.007812
0 0.460938 0.001953 0.003906 0.003906
0 0.452148 0.006836 0.009766 0.013672
0 0.435547 0.004883 0.011719 0.009766
1 0.146484 0.000977 0.007812 0.001953
0 0.034180 0.002930 0.017578 0.005859
2 0.961914 0.998047 0.009766 0.003906
2 0.806641 0.998047 0.003906 0.003906
2 0.777344 0.998047 0.003906 0.003906
2 0.045898 0.997070 0.001953 0.001953
2 0.201172 0.997070 0.007812 0.005859
2 0.049805 0.989258 0.001953 0.001953
2 0.561523 0.985352 0.001953 0.001953
2 0.778320 0.982422 0.005859 0.003906
2 0.489258 0.981445 0.001953 0.001953
3 0.239258 0.979492 0.001953 0.001953
2 0.966797 0.978516 0.011719 0.007812
2 0.479492 0.987305 0.041016 0.025391
3 0.247070 0.981445 0.013672 0.029297
2 0.047852 0.968750 0.001953 0.003906
2 0.043945 0.967773 0.001953 0.001953
2 0.321289 0.980469 0.021484 0.039062
2 0.547852 0.959961 0.001953 0.001953
2 0.462891 0.960938 0.003906 0.003906
3 0.312500 0.960938 0.003906 0.007812
3 0.254883 0.958984 0.005859 0.003906
2 0.547852 0.956055 0.001953 0.001953
3 0.247070 0.957031 0.001953 0.003906
3 0.319336 0.954102 0.005859 0.005859
3 0.247070 0.951172 0.005859 0.003906
3 0.241211 0.950195 0.001953 0.001953
3 0.255859 0.950195 0.003906 0.005859
3 0.257812 0.944336 0.003906 0.001953
2 0.216797 0.945312 0.023438 0.015625
2 0.567383 0.930664 0.001953 0.001953
3 0.995117 0.926758 0.009766 0.017578
3 0.260742 0.921875 0.013672 0.011719
2 0.559570 0.915039 0.001953 0.001953
2 0.315430 0.928711 0.013672 0.033203
2 0.176758 0.912109 0.005859 0.003906
2 0.547852 0.909180 0.001953 0.001953
2 0.157227 0.907227 0.001953 0.001953
2 0.162109 0.906250 0.003906 0.003906
3 0.270508 0.904297 0.001953 0.003906
2 0.156250 0.900391 0.003906 0.007812
3 0.237305 0.896484 0.001953 0.003906
3 0.501953 0.894531 0.003906 0.003906
2 0.877930 0.889648 0.001953 0.001953
2 0.534180 0.887695 0.001953 0.001953
2 0.877930 0.885742 0.001953 0.001953
2 0.530273 0.886719 0.001953 0.003906
3 0.229492 0.879883 0.001953 0.001953
2 0.194336 0.892578 0.021484 0.031250
2 0.866211 0.875977 0.001953 0.001953
3 0.230469 0.875000 0.003906 0.003906
3 0.225586 0.874023 0.001953 0.001953
3 0.963867 0.883789 0.072266 0.025391
3 0.815430 0.872070 0.001953 0.001953
3 0.375000 0.933594 0.050781 0.132812
2 0.850586 0.879883 0.021484 0.033203
2 0.877930 0.863281 0.001953 0.003906
2 0.846680 0.862305 0.001953 0.001953
2 0.874023 0.852539 0.001953 0.001953
3 0.930664 0.850586 0.001953 0.001953
2 0.367188 0.851562 0.003906 0.003906
2 0.897461 0.848633 0.001953 0.001953
3 0.243164 0.875977 0.044922 0.064453
3 0.459961 0.842773 0.001953 0.001953
3 0.825195 0.842773 0.005859 0.009766
3 0.902344 0.860352 0.058594 0.048828
3 0.448242 0.838867 0.009766 0.005859
3 0.827148 0.833984 0.005859 0.003906
2 0.838867 0.825195 0.001953 0.001953
3 0.979492 0.811523 0.001953 0.001953
3 0.963867 0.808594 0.005859 0.003906
3 0.949219 0.806641 0.007812 0.003906
3 0.356445 0.805664 0.001953 0.001953
2 0.178711 0.805664 0.001953 0.001953
3 0.344727 0.801758 0.001953 0.001953
3 0.930664 0.799805 0.001953 0.001953
2 0.772461 0.797852 0.001953 0.001953
2 0.767578 0.797852 0.003906 0.001953
2 0.803711 0.795898 0.001953 0.001953
2 0.792969 0.799805 0.011719 0.009766
2 0.802734 0.789062 0.003906 0.003906
3 0.353516 0.794922 0.015625 0.019531
3 0.927734 0.784180 0.007812 0.005859
2 0.866211 0.780273 0.001953 0.001953
3 0.923828 0.778320 0.003906 0.001953
3 0.420898 0.778320 0.001953 0.001953
3 0.362305 0.781250 0.001953 0.007812
3 0.913086 0.770508 0.001953 0.001953
2 0.842773 0.770508 0.001953 0.001953
3 0.529297 0.766602 0.003906 0.001953
2 0.506836 0.762695 0.001953 0.001953
3 0.897461 0.752930 0.001953 0.001953
2 0.377930 0.750977 0.001953 0.001953
2 0.853516 0.750000 0.003906 0.003906
3 0.456055 0.743164 0.001953 0.001953
3 0.907227 0.739258 0.001953 0.001953
2 0.385742 0.737305 0.001953 0.001953
3 0.496094 0.772461 0.078125 0.076172
2 0.528320 0.733398 0.001953 0.001953
2 0.240234 0.741211 0.011719 0.017578
3 0.912109 0.733398 0.011719 0.005859
2 0.528320 0.729492 0.001953 0.001953
2 0.872070 0.725586 0.001953 0.001953
3 0.920898 0.723633 0.001953 0.001953
3 0.916992 0.726562 0.005859 0.007812
2 0.229492 0.727539 0.009766 0.009766
2 0.872070 0.721680 0.001953 0.001953
2 0.494141 0.722656 0.003906 0.003906
2 0.858398 0.719727 0.001953 0.001953
2 0.850586 0.719727 0.005859 0.001953
2 0.399414 0.719727 0.001953 0.001953
2 0.870117 0.717773 0.001953 0.001953
2 0.180664 0.717773 0.001953 0.001953
2 0.228516 0.715820 0.003906 0.001953
2 0.143555 0.713867 0.001953 0.001953
2 0.867188 0.711914 0.003906 0.001953
3 0.281250 0.710938 0.003906 0.003906
2 0.192383 0.709961 0.001953 0.001953
3 0.889648 0.708008 0.001953 0.001953
2 0.860352 0.706055 0.001953 0.001953
2 0.223633 0.704102 0.001953 0.001953
2 0.160156 0.704102 0.003906 0.001953
2 0.889648 0.702148 0.001953 0.001953
3 0.890625 0.729492 0.035156 0.056641
2 0.868164 0.706055 0.013672 0.013672
2 0.991211 0.688477 0.001953 0.001953
3 0.309570 0.688477 0.001953 0.001953
3 0.911133 0.684570 0.001953 0.001953
2 0.194336 0.680664 0.001953 0.001953
2 0.169922 0.681641 0.003906 0.003906
2 0.023438 0.679688 0.003906 0.003906
2 0.177734 0.677734 0.003906 0.003906
2 0.184570 0.674805 0.001953 0.001953
2 0.026367 0.674805 0.001953 0.001953
2 0.033203 0.670898 0.003906 0.001953
3 0.012695 0.687500 0.025391 0.035156
3 0.852539 0.668945 0.001953 0.001953
3 0.340820 0.669922 0.001953 0.003906
3 0.116211 0.666992 0.001953 0.001953
3 0.319336 0.663086 0.005859 0.001953
2 0.999023 0.657227 0.001953 0.005859
2 0.991211 0.666016 0.017578 0.027344
2 0.999023 0.641602 0.001953 0.001953
2 0.268555 0.639648 0.001953 0.001953
2 0.152344 0.632812 0.011719 0.007812
2 0.331055 0.622070 0.001953 0.001953
2 0.343750 0.614258 0.003906 0.001953
2 0.338867 0.615234 0.001953 0.003906
2 0.085938 0.606445 0.003906 0.001953
2 0.944336 0.596680 0.001953 0.001953
2 0.088867 0.588867 0.001953 0.001953
2 0.172852 0.549805 0.001953 0.001953
2 0.166992 0.540039 0.001953 0.001953
2 0.163086 0.541016 0.001953 0.003906
2 0.073242 0.508789 0.001953 0.001953
2 0.958984 0.471680 0.019531 0.005859
2 0.928711 0.452148 0.001953 0.001953
3 0.930664 0.446289 0.001953 0.001953
2 0.977539 0.444336 0.001953 0.001953
3 0.922852 0.440430 0.001953 0.001953
2 0.976562 0.439453 0.003906 0.003906
3 0.000977 0.364258 0.001953 0.005859
3 0.002930 0.300781 0.005859 0.003906
3 0.995117 0.276367 0.001953 0.001953
3 0.997070 0.260742 0.001953 0.001953
3 0.987305 0.234375 0.025391 0.046875
3 0.829102 0.211914 0.001953 0.001953
3 0.797852 0.209961 0.001953 0.001953
2 0.015625 0.214844 0.011719 0.011719
3 0.985352 0.208008 0.001953 0.001953
3 0.824219 0.209961 0.003906 0.005859
3 0.819336 0.208984 0.001953 0.003906
3 0.776367 0.192383 0.001953 0.001953
2 0.012695 0.192383 0.001953 0.001953
2 0.014648 0.184570 0.001953 0.001953
2 0.018555 0.176758 0.001953 0.001953
2 0.499023 0.170898 0.005859 0.005859
2 0.583008 0.166992 0.001953 0.001953
3 0.797852 0.156250 0.005859 0.003906
3 0.815430 0.154297 0.005859 0.003906
3 0.808594 0.153320 0.003906 0.001953
2 0.420898 0.147461 0.001953 0.001953
3 0.792969 0.143555 0.003906 0.001953
3 0.835938 0.140625 0.007812 0.003906
3 0.764648 0.139648 0.001953 0.001953
3 0.795898 0.138672 0.001953 0.003906
3 0.755859 0.138672 0.003906 0.003906
3 0.852539 0.133789 0.001953 0.001953
3 0.762695 0.129883 0.001953 0.001953
2 0.416992 0.129883 0.001953 0.001953
3 0.858398 0.125977 0.001953 0.001953
3 0.780273 0.125977 0.001953 0.001953
3 0.772461 0.125977 0.001953 0.001953
3 0.784180 0.122070 0.001953 0.001953
2 0.606445 0.122070 0.001953 0.001953
3 0.856445 0.120117 0.001953 0.001953
3 0.852539 0.123047 0.005859 0.015625
3 0.856445 0.115234 0.005859 0.003906
2 0.432617 0.108398 0.001953 0.001953
2 0.049805 0.108398 0.001953 0.001953
3 0.743164 0.104492 0.001953 0.001953
2 0.962891 0.098633 0.003906 0.001953
2 0.957031 0.098633 0.003906 0.001953
2 0.967773 0.135742 0.064453 0.076172
3 0.893555 0.094727 0.001953 0.001953
2 0.430664 0.092773 0.001953 0.001953
2 0.481445 0.081055 0.001953 0.001953
2 0.034180 0.077148 0.001953 0.001953
2 0.030273 0.077148 0.001953 0.001953
2 0.022461 0.075195 0.005859 0.009766
2 0.024414 0.067383 0.001953 0.001953
3 0.866211 0.099609 0.044922 0.082031
2 0.493164 0.057617 0.001953 0.001953
2 0.896484 0.051758 0.003906 0.001953
3 0.903320 0.037109 0.001953 0.003906
2 0.985352 0.037109 0.029297 0.074219
2 0.864258 0.026367 0.060547 0.052734
2 0.500000 0.500000 1.000000 1.000000