2 0.721680 0.983398 0.001953 0.001953
2 0.987305 0.972656 0.025391 0.054688
2 0.819336 0.811523 0.001953 0.001953
2 0.068359 0.800781 0.007812 0.003906
2 0.000977 0.795898 0.001953 0.001953
2 0.055664 0.789062 0.005859 0.003906
2 0.057617 0.782227 0.001953 0.001953
2 0.052734 0.781250 0.003906 0.003906
2 0.040039 0.776367 0.001953 0.001953
2 0.014648 0.766602 0.001953 0.001953
2 0.861328 0.759766 0.003906 0.003906
2 0.006836 0.747070 0.001953 0.001953
2 0.003906 0.755859 0.007812 0.023438
2 0.073242 0.733398 0.001953 0.001953
2 0.072266 0.721680 0.003906 0.005859
2 0.057617 0.700195 0.001953 0.001953
2 0.061523 0.698242 0.001953 0.001953
2 0.002930 0.639648 0.001953 0.005859
2 0.987305 0.514648 0.001953 0.001953
2 0.870117 0.751953 0.259766 0.496094
2 0.100586 0.463867 0.001953 0.001953
2 0.954102 0.077148 0.001953 0.001953
2 0.860352 0.030273 0.001953 0.001953
2 0.834961 0.028320 0.001953 0.001953
2 0.827148 0.024414 0.001953 0.001953
2 0.839844 0.019531 0.003906 0.003906
2 0.770508 0.016602 0.001953 0.001953
2 0.725586 0.012695 0.001953 0.001953
2 0.124023 0.002930 0.001953 0.001953
2 0.881836 0.003906 0.009766 0.007812
2 0.763672 0.002930 0.007812 0.005859
2 0.409180 0.000977 0.001953 0.001953
2 0.500000 0.500000 1.000000 1.000000
3 0.086914 0.975586 0.001953 0.001953
3 0.083008 0.975586 0.001953 0.001953
3 0.984375 0.949219 0.031250 0.101562
3 0.235352 0.885742 0.001953 0.001953
3 0.240234 0.877930 0.011719 0.009766
3 0.805664 0.858398 0.001953 0.001953
3 0.236328 0.845703 0.023438 0.023438
3 0.169922 0.788086 0.003906 0.001953
3 0.776367 0.786133 0.001953 0.001953
3 0.760742 0.787109 0.005859 0.003906
3 0.067383 0.780273 0.001953 0.001953
3 0.022461 0.780273 0.001953 0.001953
3 0.764648 0.778320 0.001953 0.001953
3 0.291992 0.772461 0.001953 0.001953
3 0.293945 0.766602 0.001953 0.001953
3 0.248047 0.769531 0.011719 0.007812
3 0.749023 0.776367 0.021484 0.029297
3 0.862305 0.741211 0.001953 0.001953
3 0.862305 0.737305 0.001953 0.001953
3 0.782227 0.731445 0.001953 0.001953
3 0.785156 0.727539 0.003906 0.001953
3 0.780273 0.710938 0.005859 0.003906
3 0.297852 0.743164 0.072266 0.068359
3 0.786133 0.706055 0.001953 0.001953
3 0.780273 0.706055 0.001953 0.001953
3 0.184570 0.702148 0.001953 0.001953
3 0.286133 0.706055 0.009766 0.013672
3 0.823242 0.676758 0.001953 0.001953
3 0.188477 0.671875 0.009766 0.007812
3 0.813477 0.666016 0.001953 0.003906
3 0.188477 0.663086 0.009766 0.005859
3 0.113281 0.658203 0.003906 0.003906
3 0.819336 0.661133 0.013672 0.013672
3 0.253906 0.657227 0.011719 0.005859
3 0.106445 0.657227 0.005859 0.005859
3 0.791016 0.653320 0.003906 0.001953
3 0.396484 0.652344 0.003906 0.003906
3 0.037109 0.651367 0.003906 0.001953
3 0.831055 0.652344 0.009766 0.011719
3 0.812500 0.649414 0.003906 0.005859
3 0.793945 0.647461 0.001953 0.001953
3 0.135742 0.650391 0.005859 0.007812
3 0.797852 0.645508 0.001953 0.001953
3 0.038086 0.645508 0.001953 0.001953
3 0.813477 0.643555 0.001953 0.001953
3 0.848633 0.646484 0.021484 0.019531
3 0.024414 0.644531 0.017578 0.019531
3 0.387695 0.636719 0.029297 0.023438
3 0.260742 0.625977 0.001953 0.001953
3 0.249023 0.625977 0.001953 0.001953
3 0.358398 0.624023 0.001953 0.001953
3 0.764648 0.622070 0.001953 0.001953
3 0.260742 0.622070 0.001953 0.001953
3 0.352539 0.620117 0.001953 0.001953
3 0.341797 0.624023 0.015625 0.013672
3 0.355469 0.615234 0.007812 0.003906
3 0.444336 0.602539 0.001953 0.001953
3 0.752930 0.596680 0.001953 0.001953
3 0.775391 0.601562 0.039062 0.023438
3 0.757812 0.592773 0.003906 0.005859
3 0.799805 0.587891 0.001953 0.003906
3 0.804688 0.586914 0.003906 0.005859
3 0.770508 0.584961 0.001953 0.001953
3 0.794922 0.583008 0.003906 0.001953
3 0.082031 0.583008 0.003906 0.001953
3 0.809570 0.579102 0.001953 0.001953
3 0.758789 0.583008 0.009766 0.009766
3 0.783203 0.583984 0.019531 0.015625
3 0.957031 0.576172 0.003906 0.003906
3 0.793945 0.577148 0.009766 0.005859
3 0.761719 0.575195 0.003906 0.001953
3 0.768555 0.576172 0.005859 0.011719
3 0.557617 0.563477 0.001953 0.001953
3 0.360352 0.563477 0.001953 0.001953
3 0.616211 0.551758 0.001953 0.001953
3 0.573242 0.540039 0.001953 0.001953
3 0.573242 0.534180 0.001953 0.001953
3 0.249023 0.530273 0.001953 0.001953
3 0.625977 0.522461 0.001953 0.001953
3 0.782227 0.516602 0.001953 0.001953
3 0.774414 0.512695 0.001953 0.001953
3 0.623047 0.515625 0.007812 0.007812
3 0.352539 0.506836 0.001953 0.001953
3 0.657227 0.568359 0.111328 0.132812
3 0.789062 0.506836 0.019531 0.013672
3 0.320312 0.532227 0.109375 0.095703
3 0.187500 0.516602 0.058594 0.076172
3 0.118164 0.477539 0.001953 0.001953
3 0.358398 0.475586 0.001953 0.001953
3 0.114258 0.473633 0.001953 0.001953
3 0.351562 0.460938 0.011719 0.007812
3 0.610352 0.450195 0.001953 0.001953
3 0.856445 0.714844 0.287109 0.570312
3 0.129883 0.428711 0.001953 0.001953
3 0.680664 0.411133 0.001953 0.001953
3 0.464844 0.511719 0.214844 0.203125
3 0.672852 0.407227 0.001953 0.001953
3 0.092773 0.687500 0.185547 0.578125
3 0.051758 0.366211 0.001953 0.001953
3 0.046875 0.365234 0.003906 0.003906
3 0.196289 0.360352 0.001953 0.001953
3 0.228516 0.355469 0.003906 0.003906
3 0.090820 0.355469 0.005859 0.003906
3 0.040039 0.354492 0.001953 0.001953
3 0.076172 0.353516 0.003906 0.003906
3 0.727539 0.348633 0.001953 0.001953
3 0.214844 0.355469 0.019531 0.015625
3 0.741211 0.352539 0.029297 0.013672
3 0.750977 0.344727 0.001953 0.001953
3 0.009766 0.355469 0.019531 0.023438
3 0.010742 0.342773 0.001953 0.001953
3 0.041016 0.344727 0.011719 0.009766
3 0.323242 0.336914 0.001953 0.001953
3 0.004883 0.336914 0.001953 0.001953
3 0.206055 0.331055 0.001953 0.001953
3 0.504883 0.375977 0.126953 0.095703
3 0.448242 0.329102 0.001953 0.001953
3 0.208008 0.327148 0.001953 0.001953
3 0.051758 0.330078 0.021484 0.019531
3 0.565430 0.319336 0.001953 0.001953
3 0.705078 0.321289 0.007812 0.009766
3 0.471680 0.321289 0.005859 0.009766
3 0.462891 0.317383 0.007812 0.005859
3 0.566406 0.314453 0.003906 0.003906
3 0.458984 0.312500 0.003906 0.003906
3 0.059570 0.316406 0.013672 0.011719
3 0.689453 0.304688 0.003906 0.003906
3 0.640625 0.397461 0.148438 0.212891
3 0.064453 0.271484 0.007812 0.007812
3 0.561523 0.266602 0.001953 0.001953
3 0.556641 0.260742 0.003906 0.001953
3 0.793945 0.256836 0.001953 0.001953
3 0.373047 0.301758 0.121094 0.091797
3 0.552734 0.241211 0.003906 0.001953
3 0.799805 0.237305 0.001953 0.001953
3 0.553711 0.237305 0.001953 0.001953
3 0.532227 0.252930 0.052734 0.033203
3 0.871094 0.237305 0.007812 0.005859
3 0.762695 0.237305 0.005859 0.005859
3 0.345703 0.238281 0.007812 0.007812
3 0.790039 0.233398 0.001953 0.001953
3 0.771484 0.234375 0.007812 0.003906
3 0.716797 0.232422 0.003906 0.003906
3 0.790039 0.229492 0.001953 0.001953
3 0.784180 0.228516 0.001953 0.003906
3 0.532227 0.226562 0.021484 0.015625
3 0.724609 0.218750 0.019531 0.011719
3 0.524414 0.211914 0.001953 0.001953
3 0.880859 0.210938 0.003906 0.003906
3 0.854492 0.221680 0.033203 0.025391
3 0.833008 0.209961 0.001953 0.001953
3 0.801758 0.223633 0.048828 0.044922
3 0.838867 0.200195 0.001953 0.001953
3 0.868164 0.196289 0.001953 0.001953
3 0.865234 0.186523 0.003906 0.001953
3 0.951172 0.172852 0.003906 0.001953
3 0.848633 0.157227 0.001953 0.001953
3 0.743164 0.155273 0.001953 0.001953
3 0.897461 0.145508 0.001953 0.001953
3 0.144531 0.284180 0.152344 0.298828
3 0.870117 0.133789 0.009766 0.005859
3 0.202148 0.133789 0.005859 0.005859
3 0.830078 0.140625 0.031250 0.031250
3 0.647461 0.114258 0.001953 0.001953
3 0.774414 0.110352 0.001953 0.001953
3 0.865234 0.106445 0.003906 0.005859
3 0.801758 0.092773 0.001953 0.001953
3 0.792969 0.088867 0.011719 0.013672
3 0.801758 0.081055 0.001953 0.001953
3 0.627930 0.080078 0.005859 0.003906
3 0.793945 0.077148 0.001953 0.001953
3 0.794922 0.072266 0.003906 0.003906
3 0.790039 0.069336 0.001953 0.001953
3 0.958008 0.065430 0.001953 0.001953
3 0.907227 0.063477 0.001953 0.001953
3 0.848633 0.063477 0.001953 0.001953
3 0.852539 0.061523 0.001953 0.001953
3 0.637695 0.057617 0.001953 0.001953
3 0.568359 0.179688 0.257812 0.250000
3 0.858398 0.054688 0.009766 0.003906
3 0.637695 0.047852 0.001953 0.001953
3 0.504883 0.047852 0.001953 0.001953
3 0.954102 0.043945 0.001953 0.001953
3 0.798828 0.050781 0.011719 0.015625
3 0.708008 0.100586 0.134766 0.119141
3 0.533203 0.041992 0.003906 0.001953
3 0.848633 0.040039 0.001953 0.001953
3 0.358398 0.041016 0.013672 0.007812
3 0.631836 0.053711 0.033203 0.041016
3 0.350586 0.034180 0.009766 0.005859
3 0.953125 0.035156 0.007812 0.011719
3 0.731445 0.030273 0.001953 0.001953
3 0.723633 0.032227 0.009766 0.009766
3 0.952148 0.026367 0.001953 0.001953
3 0.361328 0.026367 0.003906 0.001953
3 0.674805 0.020508 0.001953 0.001953
3 0.942383 0.016602 0.001953 0.001953
3 0.452148 0.016602 0.001953 0.001953
3 0.901367 0.080078 0.173828 0.160156
3 0.855469 0.000977 0.003906 0.001953
3 0.731445 0.013672 0.115234 0.027344
3 0.683594 0.000977 0.003906 0.001953
3 0.584961 0.000977 0.005859 0.001953
3 0.567383 0.001953 0.009766 0.003906
3 0.498047 0.021484 0.125000 0.042969
3 0.420898 0.009766 0.029297 0.019531
3 0.125977 0.005859 0.025391 0.011719
3 0.108398 0.006836 0.005859 0.013672