1 0.774414 0.999023 0.001953 0.001953
0 0.999023 0.997070 0.001953 0.001953
0 0.995117 0.997070 0.001953 0.001953
0 0.926758 0.993164 0.001953 0.001953
0 0.944336 0.990234 0.013672 0.011719
1 0.592773 0.985352 0.001953 0.001953
1 0.588867 0.985352 0.001953 0.001953
0 0.957031 0.983398 0.003906 0.001953
1 0.609375 0.991211 0.031250 0.017578
1 0.596680 0.981445 0.001953 0.001953
1 0.415039 0.990234 0.021484 0.019531
1 0.389648 0.987305 0.017578 0.013672
1 0.388672 0.981445 0.003906 0.001953
1 0.377930 0.981445 0.001953 0.001953
1 0.601562 0.978516 0.003906 0.003906
1 0.822266 0.978516 0.007812 0.007812
1 0.819336 0.975586 0.001953 0.001953
1 0.577148 0.977539 0.009766 0.005859
1 0.395508 0.975586 0.001953 0.001953
1 0.821289 0.971680 0.001953 0.001953
1 0.814453 0.973633 0.003906 0.005859
0 0.761719 0.971680 0.003906 0.001953
1 0.892578 0.963867 0.015625 0.009766
1 0.593750 0.964844 0.007812 0.011719
1 0.136719 0.975586 0.066406 0.033203
1 0.829102 0.950195 0.001953 0.001953
1 0.468750 0.956055 0.023438 0.013672
1 0.324219 0.950195 0.003906 0.001953
0 0.684570 0.946289 0.001953 0.001953
0 0.650391 0.953125 0.023438 0.015625
1 0.848633 0.944336 0.001953 0.001953
1 0.892578 0.940430 0.003906 0.001953
1 0.894531 0.935547 0.003906 0.003906
1 0.886719 0.937500 0.007812 0.007812
1 0.495117 0.934570 0.001953 0.001953
1 0.900391 0.934570 0.003906 0.005859
1 0.499023 0.932617 0.001953 0.001953
0 0.788086 0.933594 0.005859 0.007812
1 0.892578 0.929688 0.003906 0.003906
1 0.841797 0.936523 0.027344 0.025391
1 0.629883 0.924805 0.001953 0.001953
1 0.625000 0.924805 0.003906 0.001953
1 0.893555 0.922852 0.001953 0.001953
1 0.877930 0.920898 0.001953 0.001953
1 0.625977 0.920898 0.001953 0.001953
1 0.848633 0.920898 0.013672 0.005859
1 0.848633 0.915039 0.001953 0.001953
1 0.844727 0.897461 0.001953 0.001953
0 0.766602 0.901367 0.005859 0.009766
0 0.666016 0.908203 0.031250 0.023438
1 0.842773 0.893555 0.001953 0.001953
0 0.948242 0.890625 0.001953 0.003906
0 0.426758 0.889648 0.001953 0.001953
1 0.776367 0.887695 0.001953 0.001953
1 0.618164 0.887695 0.001953 0.001953
1 0.622070 0.885742 0.001953 0.001953
0 0.924805 0.900391 0.021484 0.046875
1 0.155273 0.904297 0.044922 0.054688
1 0.249023 0.877930 0.013672 0.013672
0 0.696289 0.870117 0.001953 0.001953
1 0.875000 0.871094 0.003906 0.007812
1 0.856445 0.888672 0.025391 0.042969
1 0.792969 0.898438 0.039062 0.066406
1 0.256836 0.866211 0.001953 0.001953
1 0.921875 0.868164 0.007812 0.009766
1 0.655273 0.868164 0.013672 0.009766
1 0.442383 0.876953 0.025391 0.027344
1 0.437500 0.864258 0.003906 0.001953
1 0.171875 0.866211 0.007812 0.005859
1 0.536133 0.860352 0.001953 0.001953
0 0.930664 0.858398 0.001953 0.001953
1 0.166992 0.858398 0.001953 0.001953
1 0.778320 0.857422 0.005859 0.007812
1 0.463867 0.854492 0.001953 0.001953
1 0.538086 0.852539 0.005859 0.005859
1 0.471680 0.851562 0.001953 0.003906
1 0.775391 0.845703 0.003906 0.003906
0 0.532227 0.846680 0.013672 0.009766
0 0.291992 0.841797 0.017578 0.011719
1 0.256836 0.836914 0.001953 0.001953
0 0.542969 0.835938 0.003906 0.003906
0 0.276367 0.835938 0.005859 0.003906
1 0.172852 0.834961 0.001953 0.001953
1 0.485352 0.839844 0.033203 0.015625
1 0.483398 0.833008 0.001953 0.001953
0 0.291992 0.831055 0.001953 0.001953
0 0.286133 0.831055 0.005859 0.001953
1 0.760742 0.830078 0.009766 0.007812
1 0.672852 0.827148 0.001953 0.001953
0 0.290039 0.827148 0.005859 0.001953
0 0.319336 0.831055 0.033203 0.013672
0 0.282227 0.825195 0.001953 0.001953
1 0.184570 0.825195 0.001953 0.001953
1 0.674805 0.823242 0.001953 0.001953
1 0.555664 0.823242 0.001953 0.001953
0 0.339844 0.823242 0.003906 0.001953
0 0.305664 0.823242 0.013672 0.005859
1 0.565430 0.823242 0.009766 0.009766
1 0.669922 0.822266 0.011719 0.011719
0 0.928711 0.813477 0.001953 0.001953
0 0.366211 0.813477 0.001953 0.001953
1 0.172852 0.809570 0.001953 0.001953
0 0.376953 0.807617 0.003906 0.001953
0 0.297852 0.807617 0.001953 0.001953
1 0.121094 0.807617 0.003906 0.001953
1 0.466797 0.811523 0.023438 0.013672
1 0.657227 0.809570 0.009766 0.013672
0 0.335938 0.801758 0.003906 0.001953
0 0.342773 0.800781 0.005859 0.003906
0 0.315430 0.803711 0.013672 0.009766
1 0.264648 0.818359 0.060547 0.039062
1 0.991211 0.790039 0.001953 0.001953
0 0.446289 0.794922 0.021484 0.011719
0 0.364258 0.788086 0.005859 0.001953
1 0.203125 0.789062 0.007812 0.007812
0 0.420898 0.788086 0.017578 0.009766
1 0.203125 0.782227 0.015625 0.001953
1 0.042969 0.828125 0.085938 0.093750
1 0.251953 0.889648 0.289062 0.220703
1 0.814453 0.786133 0.015625 0.017578
1 0.196289 0.778320 0.001953 0.001953
1 0.145508 0.774414 0.001953 0.001953
1 0.989258 0.770508 0.001953 0.001953
1 0.666016 0.766602 0.003906 0.001953
1 0.820312 0.816406 0.089844 0.105469
1 0.530273 0.764648 0.001953 0.001953
1 0.801758 0.762695 0.001953 0.001953
1 0.937500 0.760742 0.003906 0.001953
1 0.934570 0.754883 0.001953 0.001953
0 0.557617 0.750977 0.001953 0.001953
1 0.370117 0.749023 0.001953 0.005859
1 0.939453 0.749023 0.011719 0.009766
1 0.652344 0.750000 0.011719 0.011719
1 0.400391 0.741211 0.003906 0.001953
1 0.995117 0.739258 0.001953 0.001953
1 0.466797 0.771484 0.136719 0.066406
1 0.452148 0.739258 0.001953 0.001953
1 0.495117 0.738281 0.001953 0.003906
1 0.491211 0.737305 0.001953 0.001953
1 0.836914 0.730469 0.001953 0.007812
1 0.631836 0.730469 0.009766 0.007812
1 0.500977 0.731445 0.017578 0.009766
1 0.690430 0.726562 0.001953 0.003906
1 0.525391 0.725586 0.003906 0.001953
0 0.361328 0.725586 0.007812 0.001953
1 0.834961 0.723633 0.001953 0.001953
1 0.992188 0.722656 0.003906 0.003906
0 0.299805 0.718750 0.001953 0.003906
1 0.835938 0.717773 0.003906 0.005859
1 0.817383 0.715820 0.001953 0.001953
0 0.310547 0.718750 0.015625 0.015625
1 0.809570 0.708008 0.001953 0.001953
1 0.550781 0.737305 0.058594 0.060547
1 0.657227 0.706055 0.001953 0.001953
1 0.377930 0.706055 0.001953 0.001953
1 0.919922 0.790039 0.160156 0.177734
0 0.186523 0.704102 0.001953 0.005859
1 0.262695 0.739258 0.208984 0.080078
1 0.675781 0.709961 0.039062 0.033203
0 0.190430 0.694336 0.001953 0.001953
0 0.290039 0.694336 0.009766 0.005859
1 0.084961 0.691406 0.001953 0.003906
0 0.846680 0.688477 0.001953 0.001953
0 0.198242 0.690430 0.001953 0.005859
0 0.140625 0.688477 0.007812 0.005859
0 0.119141 0.709961 0.054688 0.048828
1 0.086914 0.686523 0.001953 0.001953
1 0.516602 0.678711 0.001953 0.001953
0 0.104492 0.676758 0.001953 0.001953
0 0.225586 0.672852 0.001953 0.001953
0 0.866211 0.666016 0.001953 0.003906
1 0.946289 0.663086 0.001953 0.001953
0 0.209961 0.675781 0.025391 0.031250
1 0.715820 0.659180 0.001953 0.001953
1 0.524414 0.659180 0.001953 0.001953
1 0.776367 0.669922 0.044922 0.027344
0 0.964844 0.677734 0.070312 0.046875
1 0.763672 0.656250 0.003906 0.003906
1 0.758789 0.655273 0.001953 0.001953
1 0.743164 0.647461 0.001953 0.001953
1 0.728516 0.646484 0.003906 0.003906
1 0.723633 0.647461 0.001953 0.005859
1 0.505859 0.661133 0.039062 0.037109
1 0.532227 0.635742 0.001953 0.001953
1 0.856445 0.624023 0.001953 0.001953
1 0.528320 0.620117 0.001953 0.001953
1 0.712891 0.615234 0.003906 0.003906
1 0.317383 0.614258 0.001953 0.001953
0 0.998047 0.612305 0.003906 0.009766
0 0.660156 0.610352 0.003906 0.005859
1 0.473633 0.608398 0.001953 0.001953
1 0.317383 0.608398 0.001953 0.001953
1 0.315430 0.602539 0.005859 0.005859
1 0.890625 0.585938 0.007812 0.007812
0 0.685547 0.585938 0.007812 0.007812
1 0.850586 0.581055 0.001953 0.001953
1 0.709961 0.579102 0.001953 0.001953
0 0.709961 0.575195 0.001953 0.001953
1 0.740234 0.585938 0.031250 0.031250
1 0.487305 0.569336 0.001953 0.001953
0 0.415039 0.565430 0.001953 0.001953
1 0.686523 0.559570 0.001953 0.001953
1 0.682617 0.559570 0.001953 0.001953
0 0.740234 0.563477 0.027344 0.021484
1 0.623047 0.629883 0.187500 0.158203
1 0.775391 0.549805 0.003906 0.001953
1 0.770508 0.549805 0.001953 0.001953
1 0.108398 0.547852 0.001953 0.001953
1 0.104492 0.547852 0.001953 0.001953
1 0.762695 0.547852 0.013672 0.009766
1 0.104492 0.541992 0.001953 0.001953
1 0.708008 0.538086 0.001953 0.001953
1 0.723633 0.536133 0.001953 0.001953
1 0.098633 0.536133 0.001953 0.001953
1 0.883789 0.531250 0.001953 0.003906
0 0.051758 0.530273 0.017578 0.009766
1 0.772461 0.514648 0.009766 0.001953
1 0.084961 0.508789 0.001953 0.001953
1 0.103516 0.504883 0.003906 0.001953
1 0.095703 0.506836 0.007812 0.005859
1 0.876953 0.607422 0.246094 0.210938
1 0.773438 0.501953 0.003906 0.003906
1 0.106445 0.500977 0.001953 0.001953
1 0.999023 0.499023 0.001953 0.001953
1 0.766602 0.500977 0.005859 0.005859
1 0.625977 0.491211 0.001953 0.001953
1 0.910156 0.481445 0.003906 0.001953
0 0.642578 0.476562 0.003906 0.007812
1 0.569336 0.462891 0.009766 0.007812
1 0.560547 0.460938 0.003906 0.007812
1 0.924805 0.455078 0.001953 0.003906
1 0.575195 0.452148 0.001953 0.001953
1 0.838867 0.450195 0.001953 0.001953
1 0.586914 0.458008 0.017578 0.017578
0 0.095703 0.459961 0.023438 0.029297
1 0.833008 0.440430 0.005859 0.005859
1 0.826172 0.439453 0.003906 0.003906
1 0.803711 0.434570 0.001953 0.001953
1 0.824219 0.431641 0.003906 0.003906
1 0.885742 0.424805 0.001953 0.001953
1 0.877930 0.424805 0.001953 0.001953
1 0.793945 0.423828 0.001953 0.003906
0 0.610352 0.402344 0.001953 0.003906
1 0.838867 0.399414 0.001953 0.001953
1 0.772461 0.397461 0.001953 0.001953
1 0.768555 0.397461 0.001953 0.001953
1 0.981445 0.397461 0.005859 0.005859
1 0.614258 0.393555 0.001953 0.001953
1 0.770508 0.391602 0.001953 0.001953
1 0.770508 0.387695 0.001953 0.001953
1 0.682617 0.377930 0.001953 0.001953
1 0.690430 0.370117 0.001953 0.001953
1 0.604492 0.360352 0.001953 0.001953
1 0.783203 0.354492 0.007812 0.005859
1 0.777344 0.353516 0.003906 0.003906
0 0.934570 0.309570 0.001953 0.001953
1 0.944336 0.307617 0.001953 0.001953
0 0.926758 0.305664 0.001953 0.001953
1 0.938477 0.303711 0.005859 0.001953
0 0.916016 0.303711 0.003906 0.001953
1 0.945312 0.295898 0.003906 0.001953
1 0.682617 0.250977 0.001953 0.001953
1 0.924805 0.246094 0.001953 0.003906
0 0.916016 0.250000 0.015625 0.019531
1 0.016602 0.239258 0.001953 0.001953
1 0.012695 0.234375 0.009766 0.003906
0 0.721680 0.227539 0.001953 0.001953
1 0.055664 0.213867 0.013672 0.005859
0 0.696289 0.209961 0.001953 0.001953
0 0.747070 0.216797 0.009766 0.019531
1 0.054688 0.207031 0.003906 0.003906
1 0.051758 0.204102 0.001953 0.001953
0 0.852539 0.201172 0.001953 0.003906
0 0.079102 0.198242 0.001953 0.001953
0 0.965820 0.192383 0.013672 0.005859
0 0.077148 0.190430 0.001953 0.001953
0 0.755859 0.188477 0.003906 0.001953
0 0.753906 0.196289 0.007812 0.017578
0 0.708984 0.192383 0.003906 0.009766
1 0.811523 0.186523 0.001953 0.001953
1 0.056641 0.191406 0.011719 0.011719
0 0.750977 0.184570 0.001953 0.001953
0 0.063477 0.186523 0.005859 0.005859
0 0.961914 0.184570 0.001953 0.005859
0 0.692383 0.182617 0.001953 0.001953
0 0.750977 0.180664 0.001953 0.001953
0 0.956055 0.182617 0.005859 0.013672
0 0.944336 0.174805 0.001953 0.001953
1 0.846680 0.170898 0.001953 0.001953
1 0.844727 0.165039 0.001953 0.001953
0 0.795898 0.145508 0.001953 0.001953
1 0.944336 0.139648 0.001953 0.001953
1 0.940430 0.134766 0.001953 0.003906
1 0.868164 0.141602 0.041016 0.048828
1 0.670898 0.112305 0.001953 0.001953
1 0.849609 0.112305 0.003906 0.005859
1 0.864258 0.098633 0.001953 0.001953
1 0.829102 0.100586 0.001953 0.009766
1 0.822266 0.098633 0.003906 0.009766
0 0.983398 0.092773 0.001953 0.001953
0 0.670898 0.092773 0.001953 0.001953
1 0.821289 0.086914 0.001953 0.001953
1 0.823242 0.079102 0.001953 0.001953
1 0.895508 0.077148 0.001953 0.001953
1 0.922852 0.109375 0.068359 0.066406
0 0.048828 0.083984 0.011719 0.023438
1 0.845703 0.089844 0.035156 0.039062
0 0.702148 0.069336 0.001953 0.001953
0 0.658203 0.071289 0.003906 0.005859
1 0.976562 0.068359 0.003906 0.003906
1 0.085938 0.067383 0.003906 0.001953
1 0.852539 0.066406 0.001953 0.003906
0 0.053711 0.067383 0.001953 0.005859
0 0.707031 0.064453 0.003906 0.011719
0 0.702148 0.057617 0.001953 0.001953
0 0.715820 0.053711 0.001953 0.001953
0 0.702148 0.049805 0.001953 0.005859
0 0.690430 0.048828 0.017578 0.027344
0 0.718750 0.041992 0.015625 0.021484
0 0.686523 0.032227 0.001953 0.001953
0 0.692383 0.032227 0.005859 0.005859
1 0.907227 0.022461 0.001953 0.001953
1 0.685547 0.004883 0.003906 0.001953
0 0.407227 0.006836 0.013672 0.009766
0 0.726562 0.000977 0.015625 0.001953
1 0.500000 0.381836 1.000000 0.763672
3 0.365234 0.995117 0.007812 0.001953
3 0.608398 0.995117 0.005859 0.005859
3 0.326172 0.912109 0.007812 0.003906
3 0.323242 0.907227 0.001953 0.001953
3 0.318359 0.912109 0.003906 0.011719
3 0.328125 0.904297 0.003906 0.003906
3 0.323242 0.903320 0.001953 0.001953
3 0.252930 0.899414 0.001953 0.001953
3 0.031250 0.868164 0.003906 0.001953
3 0.983398 0.860352 0.001953 0.001953
3 0.076172 0.848633 0.003906 0.001953
3 0.057617 0.805664 0.005859 0.005859
3 0.872070 0.797852 0.001953 0.001953
3 0.868164 0.797852 0.001953 0.001953
3 0.864258 0.797852 0.001953 0.001953
3 0.958008 0.791992 0.001953 0.001953
3 0.018555 0.791992 0.001953 0.001953
3 0.022461 0.788086 0.001953 0.001953
3 0.975586 0.784180 0.001953 0.001953
3 0.965820 0.779297 0.013672 0.015625
3 0.916992 0.756836 0.001953 0.001953
3 0.864258 0.706055 0.001953 0.001953
2 0.967773 0.673828 0.005859 0.007812
3 0.815430 0.655273 0.001953 0.001953
3 0.281250 0.656250 0.007812 0.007812
3 0.773438 0.649414 0.003906 0.001953
3 0.815430 0.647461 0.001953 0.001953
3 0.811523 0.647461 0.001953 0.001953
3 0.278320 0.648438 0.001953 0.003906
3 0.266602 0.647461 0.001953 0.001953
2 0.229492 0.643555 0.001953 0.001953
3 0.823242 0.641602 0.001953 0.001953
3 0.314453 0.629883 0.003906 0.001953
3 0.276367 0.629883 0.001953 0.001953
3 0.278320 0.622070 0.001953 0.001953
3 0.111328 0.617188 0.011719 0.015625
3 0.782227 0.598633 0.001953 0.001953
3 0.250977 0.602539 0.017578 0.017578
3 0.054688 0.596680 0.007812 0.005859
3 0.058594 0.615234 0.050781 0.046875
3 0.096680 0.590820 0.001953 0.001953
3 0.048828 0.590820 0.003906 0.001953
3 0.038086 0.588867 0.001953 0.001953
3 0.096680 0.586914 0.001953 0.001953
3 0.125000 0.591797 0.023438 0.019531
3 0.090820 0.581055 0.001953 0.001953
3 0.999023 0.578125 0.001953 0.003906
3 0.123047 0.575195 0.007812 0.005859
3 0.592773 0.570312 0.001953 0.003906
3 0.844727 0.559570 0.001953 0.001953
3 0.573242 0.549805 0.001953 0.001953
2 0.011719 0.551758 0.003906 0.005859
3 0.572266 0.564453 0.042969 0.035156
3 0.084961 0.547852 0.001953 0.001953
3 0.929688 0.540039 0.003906 0.001953
3 0.879883 0.540039 0.001953 0.001953
3 0.924805 0.538086 0.001953 0.001953
3 0.930664 0.536133 0.001953 0.001953
2 0.219727 0.531250 0.001953 0.003906
3 0.685547 0.528320 0.003906 0.001953
3 0.625977 0.522461 0.001953 0.001953
3 0.680664 0.520508 0.001953 0.001953
3 0.731445 0.518555 0.001953 0.001953
3 0.307617 0.519531 0.009766 0.003906
3 0.720703 0.509766 0.003906 0.003906
3 0.121094 0.506836 0.003906 0.001953
3 0.694336 0.499023 0.001953 0.001953
3 0.590820 0.495117 0.001953 0.001953
3 0.018555 0.493164 0.001953 0.001953
3 0.004883 0.495117 0.009766 0.009766
3 0.784180 0.489258 0.001953 0.001953
3 0.280273 0.489258 0.001953 0.001953
3 0.248047 0.484375 0.003906 0.003906
3 0.895508 0.479492 0.001953 0.001953
3 0.003906 0.483398 0.007812 0.009766
3 0.791992 0.478516 0.001953 0.003906
3 0.873047 0.470703 0.003906 0.003906
3 0.377930 0.469727 0.009766 0.001953
3 0.115234 0.477539 0.007812 0.017578
3 0.024414 0.467773 0.001953 0.001953
3 0.262695 0.478516 0.033203 0.027344
3 0.034180 0.464844 0.005859 0.007812
3 0.150391 0.458008 0.003906 0.001953
3 0.767578 0.462891 0.007812 0.015625
3 0.868164 0.450195 0.001953 0.001953
2 0.034180 0.450195 0.001953 0.001953
3 0.335938 0.442383 0.003906 0.005859
3 0.875977 0.434570 0.001953 0.001953
3 0.560547 0.434570 0.003906 0.001953
3 0.922852 0.430664 0.001953 0.001953
3 0.704102 0.431641 0.001953 0.003906
3 0.534180 0.430664 0.001953 0.001953
3 0.345703 0.435547 0.011719 0.011719
3 0.912109 0.431641 0.011719 0.007812
3 0.354492 0.429688 0.005859 0.003906
3 0.374023 0.424805 0.001953 0.001953
3 0.813477 0.422852 0.001953 0.001953
3 0.575195 0.420898 0.001953 0.001953
3 0.527344 0.434570 0.007812 0.029297
3 0.571289 0.413086 0.001953 0.005859
3 0.234375 0.489258 0.156250 0.158203
2 0.066406 0.495117 0.132812 0.173828
3 0.924805 0.407227 0.001953 0.001953
3 0.776367 0.407227 0.001953 0.001953
2 0.114258 0.412109 0.021484 0.019531
3 0.778320 0.395508 0.001953 0.001953
2 0.114258 0.395508 0.001953 0.001953
2 0.053711 0.395508 0.001953 0.001953
3 0.727539 0.375977 0.005859 0.005859
3 0.014648 0.374023 0.001953 0.001953
3 0.254883 0.369141 0.001953 0.003906
3 0.748047 0.364258 0.003906 0.001953
3 0.135742 0.362305 0.001953 0.001953
3 0.708008 0.358398 0.001953 0.001953
3 0.711914 0.357422 0.001953 0.003906
3 0.763672 0.348633 0.003906 0.001953
2 0.070312 0.377930 0.082031 0.060547
3 0.545898 0.340820 0.001953 0.001953
3 0.592773 0.334961 0.001953 0.001953
3 0.658203 0.336914 0.042969 0.013672
3 0.760742 0.329102 0.001953 0.001953
3 0.692383 0.329102 0.001953 0.001953
3 0.686523 0.329102 0.001953 0.001953
3 0.747070 0.327148 0.001953 0.001953
3 0.003906 0.333984 0.007812 0.019531
3 0.700195 0.327148 0.009766 0.009766
3 0.452148 0.324219 0.001953 0.003906
3 0.169922 0.325195 0.003906 0.005859
3 0.180664 0.319336 0.001953 0.001953
3 0.010742 0.320312 0.001953 0.003906
3 0.180664 0.313477 0.001953 0.001953
3 0.534180 0.309570 0.001953 0.001953
3 0.534180 0.305664 0.001953 0.001953
3 0.525391 0.304688 0.003906 0.003906
3 0.553711 0.301758 0.001953 0.001953
2 0.608398 0.299805 0.001953 0.001953
3 0.030273 0.299805 0.001953 0.001953
2 0.612305 0.297852 0.001953 0.001953
3 0.925781 0.293945 0.003906 0.001953
2 0.794922 0.291016 0.003906 0.003906
2 0.789062 0.290039 0.003906 0.001953
3 0.047852 0.289062 0.001953 0.003906
3 0.043945 0.288086 0.001953 0.001953
3 0.518555 0.284180 0.001953 0.001953
2 0.059570 0.284180 0.001953 0.001953
3 0.760742 0.282227 0.001953 0.001953
3 0.084961 0.282227 0.001953 0.001953
3 0.089844 0.276367 0.007812 0.005859
3 0.873047 0.277344 0.007812 0.015625
3 0.674805 0.270508 0.001953 0.001953
3 0.670898 0.270508 0.001953 0.001953
2 0.067383 0.270508 0.001953 0.001953
3 0.664062 0.268555 0.003906 0.001953
3 0.872070 0.266602 0.001953 0.001953
3 0.830078 0.262695 0.003906 0.001953
3 0.532227 0.279297 0.037109 0.039062
2 0.536133 0.256836 0.001953 0.001953
2 0.518555 0.254883 0.001953 0.001953
3 0.666992 0.252930 0.001953 0.001953
3 0.651367 0.251953 0.005859 0.007812
3 0.629883 0.244141 0.017578 0.011719
2 0.604492 0.241211 0.021484 0.009766
2 0.589844 0.238281 0.003906 0.003906
3 0.571289 0.233398 0.001953 0.001953
3 0.530273 0.225586 0.001953 0.001953
3 0.608398 0.217773 0.001953 0.001953
3 0.647461 0.215820 0.001953 0.001953
3 0.645508 0.225586 0.021484 0.025391
3 0.599609 0.270508 0.144531 0.130859
3 0.842773 0.203125 0.009766 0.007812
3 0.598633 0.205078 0.005859 0.011719
2 0.100586 0.198242 0.001953 0.001953
3 0.844727 0.196289 0.001953 0.001953
3 0.665039 0.198242 0.009766 0.013672
3 0.573242 0.186523 0.001953 0.001953
2 0.680664 0.184570 0.001953 0.001953
2 0.686523 0.180664 0.001953 0.001953
3 0.601562 0.183594 0.011719 0.007812
3 0.838867 0.178711 0.001953 0.001953
3 0.845703 0.178711 0.003906 0.005859
3 0.515625 0.176758 0.007812 0.001953
2 0.676758 0.178711 0.013672 0.013672
3 0.523438 0.174805 0.003906 0.005859
3 0.049805 0.172852 0.001953 0.001953
3 0.040039 0.172852 0.001953 0.001953
3 0.535156 0.172852 0.003906 0.005859
3 0.838867 0.168945 0.001953 0.001953
3 0.515625 0.161133 0.007812 0.005859
3 0.060547 0.227539 0.121094 0.138672
3 0.756836 0.155273 0.001953 0.001953
2 0.706055 0.155273 0.001953 0.001953
3 0.766602 0.151367 0.001953 0.001953
3 0.083008 0.151367 0.001953 0.001953
3 0.530273 0.145508 0.001953 0.001953
3 0.024414 0.145508 0.001953 0.001953
3 0.771484 0.141602 0.003906 0.001953
3 0.737305 0.141602 0.001953 0.001953
3 0.013672 0.143555 0.011719 0.005859
3 0.023438 0.139648 0.003906 0.001953
3 0.522461 0.142578 0.013672 0.015625
3 0.779297 0.133789 0.007812 0.001953
3 0.711914 0.131836 0.001953 0.001953
3 0.517578 0.131836 0.003906 0.001953
3 0.075195 0.129883 0.001953 0.001953
2 0.178711 0.127930 0.001953 0.001953
2 0.170898 0.125977 0.009766 0.009766
3 0.622070 0.146484 0.025391 0.058594
3 0.618164 0.114258 0.001953 0.001953
3 0.961914 0.108398 0.001953 0.001953
2 0.784180 0.102539 0.001953 0.001953
2 0.565430 0.100586 0.001953 0.001953
2 0.001953 0.098633 0.003906 0.005859
3 0.143555 0.110352 0.041016 0.033203
3 0.120117 0.094727 0.001953 0.001953
3 0.961914 0.092773 0.001953 0.001953
3 0.797852 0.091797 0.001953 0.003906
3 0.971680 0.086914 0.001953 0.001953
3 0.162109 0.085938 0.007812 0.003906
2 0.739258 0.083008 0.001953 0.001953
2 0.469727 0.090820 0.052734 0.021484
3 0.969727 0.077148 0.001953 0.001953
3 0.813477 0.073242 0.001953 0.001953
3 0.959961 0.069336 0.001953 0.001953
3 0.265625 0.066406 0.003906 0.003906
3 0.932617 0.061523 0.001953 0.001953
2 0.530273 0.087891 0.064453 0.074219
3 0.263672 0.052734 0.003906 0.003906
3 0.848633 0.049805 0.001953 0.001953
3 0.977539 0.082031 0.044922 0.070312
2 0.903320 0.045898 0.001953 0.001953
3 0.253906 0.045898 0.003906 0.001953
2 0.751953 0.044922 0.003906 0.003906
2 0.747070 0.044922 0.001953 0.003906
3 0.262695 0.043945 0.005859 0.001953
3 0.987305 0.041992 0.001953 0.001953
2 0.905273 0.041992 0.001953 0.001953
3 0.573242 0.043945 0.021484 0.009766
3 0.272461 0.040039 0.001953 0.001953
2 0.907227 0.038086 0.001953 0.001953
3 0.220703 0.032227 0.003906 0.001953
3 0.226562 0.061523 0.066406 0.060547
3 0.101562 0.034180 0.003906 0.005859
3 0.500000 0.513672 1.000000 0.972656
3 0.542969 0.026367 0.003906 0.001953
3 0.204102 0.024414 0.001953 0.001953
2 0.631836 0.022461 0.001953 0.001953
3 0.543945 0.020508 0.001953 0.001953
3 0.956055 0.018555 0.001953 0.001953
3 0.110352 0.011719 0.005859 0.003906
3 0.947266 0.009766 0.011719 0.019531
3 0.913086 0.020508 0.044922 0.041016
2 0.890625 0.004883 0.015625 0.009766
2 0.704102 0.076172 0.154297 0.152344
3 0.605469 0.015625 0.046875 0.031250
2 0.569336 0.004883 0.033203 0.009766
2 0.549805 0.000977 0.001953 0.001953
3 0.412109 0.008789 0.058594 0.017578
3 0.268555 0.002930 0.044922 0.005859
3 0.171875 0.019531 0.031250 0.039062
3 0.053711 0.074219 0.107422 0.148438