0 0.715820 0.999023 0.001953 0.001953
0 0.624023 0.999023 0.001953 0.001953
0 0.946289 0.997070 0.021484 0.005859
0 0.329102 0.991211 0.001953 0.001953
0 0.921875 0.990234 0.011719 0.019531
0 0.403320 0.981445 0.001953 0.001953
0 0.375000 0.980469 0.007812 0.003906
0 0.622070 0.984375 0.021484 0.015625
0 0.350586 0.984375 0.025391 0.019531
1 0.827148 0.974609 0.005859 0.003906
1 0.833984 0.970703 0.003906 0.003906
0 0.521484 0.977539 0.027344 0.025391
0 0.360352 0.968750 0.005859 0.007812
0 0.723633 0.961914 0.001953 0.001953
0 0.477539 0.964844 0.005859 0.011719
1 0.993164 0.970703 0.013672 0.027344
0 0.383789 0.968750 0.025391 0.023438
1 0.233398 0.959961 0.009766 0.005859
1 0.250000 0.957031 0.007812 0.007812
0 0.383789 0.952148 0.001953 0.001953
0 0.268555 0.953125 0.001953 0.003906
0 0.385742 0.948242 0.001953 0.001953
0 0.681641 0.950195 0.007812 0.009766
1 0.800781 0.942383 0.003906 0.001953
0 0.515625 0.945312 0.007812 0.007812
1 0.807617 0.942383 0.005859 0.005859
0 0.687500 0.940430 0.003906 0.001953
0 0.904297 0.946289 0.015625 0.021484
1 0.803711 0.936523 0.005859 0.005859
1 0.311523 0.934570 0.001953 0.001953
0 0.400391 0.934570 0.007812 0.005859
0 0.799805 0.930664 0.005859 0.013672
0 0.411133 0.929688 0.009766 0.011719
0 0.879883 0.924805 0.005859 0.005859
0 0.529297 0.931641 0.011719 0.027344
0 0.551758 0.928711 0.017578 0.025391
0 0.436523 0.916992 0.001953 0.001953
0 0.516602 0.916992 0.005859 0.009766
0 0.650391 0.909180 0.027344 0.021484
0 0.767578 0.902344 0.027344 0.019531
1 0.465820 0.887695 0.001953 0.001953
0 0.893555 0.885742 0.001953 0.001953
1 0.281250 0.923828 0.058594 0.078125
1 0.954102 0.883789 0.001953 0.001953
1 0.475586 0.883789 0.001953 0.001953
0 0.887695 0.881836 0.001953 0.001953
1 0.352539 0.879883 0.001953 0.001953
0 0.654297 0.887695 0.011719 0.021484
1 0.489258 0.874023 0.001953 0.001953
0 0.908203 0.888672 0.007812 0.035156
0 0.896484 0.866211 0.003906 0.001953
0 0.685547 0.868164 0.003906 0.005859
0 0.532227 0.888672 0.037109 0.046875
0 0.690430 0.864258 0.001953 0.001953
1 0.490234 0.867188 0.007812 0.007812
1 0.490234 0.859375 0.003906 0.003906
1 0.191406 0.871094 0.011719 0.027344
0 0.517578 0.856445 0.007812 0.009766
0 0.819336 0.848633 0.005859 0.005859
1 0.199219 0.846680 0.003906 0.001953
0 0.778320 0.847656 0.005859 0.007812
1 0.975586 0.844727 0.001953 0.005859
1 0.971680 0.843750 0.001953 0.007812
1 0.928711 0.834961 0.001953 0.001953
0 0.678711 0.841797 0.013672 0.015625
1 0.213867 0.838867 0.029297 0.033203
0 0.510742 0.820312 0.009766 0.007812
0 0.838867 0.821289 0.025391 0.025391
1 0.943359 0.827148 0.054688 0.044922
0 0.871094 0.841797 0.039062 0.078125
1 0.739258 0.799805 0.001953 0.001953
1 0.998047 0.792969 0.003906 0.003906
1 0.962891 0.795898 0.007812 0.009766
1 0.713867 0.788086 0.001953 0.001953
0 0.507812 0.796875 0.007812 0.031250
0 0.922852 0.778320 0.001953 0.001953
0 0.846680 0.800781 0.060547 0.046875
0 0.735352 0.776367 0.001953 0.001953
0 0.898438 0.775391 0.011719 0.015625
0 0.542969 0.769531 0.003906 0.007812
1 0.313477 0.763672 0.001953 0.003906
0 0.569336 0.758789 0.001953 0.001953
1 0.256836 0.756836 0.001953 0.001953
0 0.647461 0.757812 0.005859 0.007812
0 0.545898 0.757812 0.005859 0.011719
0 0.737305 0.749023 0.001953 0.001953
0 0.999023 0.743164 0.001953 0.001953
0 0.983398 0.746094 0.005859 0.007812
1 0.698242 0.743164 0.001953 0.001953
1 0.285156 0.752930 0.027344 0.029297
0 0.985352 0.736328 0.005859 0.003906
0 0.571289 0.741211 0.013672 0.013672
1 0.317383 0.742188 0.009766 0.015625
0 0.783203 0.736328 0.015625 0.011719
0 0.776367 0.731445 0.001953 0.001953
0 0.939453 0.731445 0.003906 0.005859
0 0.856445 0.749023 0.029297 0.041016
0 0.782227 0.729492 0.001953 0.001953
0 0.310547 0.733398 0.003906 0.009766
0 0.772461 0.727539 0.001953 0.001953
0 0.763672 0.763672 0.050781 0.074219
0 0.733398 0.729492 0.009766 0.005859
0 0.790039 0.725586 0.001953 0.001953
0 0.951172 0.727539 0.011719 0.009766
0 0.909180 0.721680 0.001953 0.001953
0 0.745117 0.719727 0.001953 0.001953
1 0.196289 0.719727 0.001953 0.001953
0 0.905273 0.717773 0.005859 0.005859
0 0.608398 0.715820 0.001953 0.001953
0 0.458008 0.715820 0.001953 0.001953
0 0.619141 0.716797 0.003906 0.007812
0 0.686523 0.711914 0.001953 0.001953
1 0.774414 0.708008 0.001953 0.001953
1 0.180664 0.704102 0.001953 0.001953
0 0.962891 0.708008 0.019531 0.013672
0 0.701172 0.703125 0.003906 0.003906
0 0.683594 0.705078 0.007812 0.007812
0 0.463867 0.702148 0.001953 0.001953
0 0.866211 0.700195 0.001953 0.001953
0 0.932617 0.698242 0.001953 0.001953
0 0.811523 0.754883 0.060547 0.119141
1 0.182617 0.696289 0.001953 0.001953
1 0.174805 0.695312 0.001953 0.007812
1 0.659180 0.690430 0.001953 0.001953
0 0.873047 0.690430 0.007812 0.009766
1 0.667969 0.686523 0.003906 0.001953
0 0.942383 0.684570 0.005859 0.005859
1 0.019531 0.683594 0.011719 0.007812
0 0.956055 0.678711 0.001953 0.001953
1 0.646484 0.679688 0.003906 0.003906
0 0.818359 0.673828 0.003906 0.003906
0 0.997070 0.675781 0.005859 0.015625
0 0.817383 0.666992 0.001953 0.001953
0 0.805664 0.666992 0.001953 0.005859
0 0.976562 0.665039 0.011719 0.021484
0 0.844727 0.654297 0.001953 0.003906
0 0.983398 0.651367 0.001953 0.001953
0 0.845703 0.670898 0.042969 0.041016
0 0.848633 0.652344 0.001953 0.003906
0 0.480469 0.683594 0.023438 0.066406
0 0.458008 0.643555 0.001953 0.001953
0 0.958008 0.648438 0.025391 0.027344
0 0.799805 0.649414 0.033203 0.033203
0 0.864258 0.638672 0.021484 0.015625
1 0.165039 0.633789 0.009766 0.005859
0 0.458008 0.629883 0.001953 0.001953
0 0.609375 0.647461 0.042969 0.041016
1 0.575195 0.627930 0.001953 0.001953
0 0.947266 0.625977 0.007812 0.005859
1 0.563477 0.624023 0.001953 0.001953
0 0.469727 0.634766 0.009766 0.027344
0 0.915039 0.663086 0.087891 0.099609
1 0.544922 0.608398 0.003906 0.001953
0 0.648438 0.789062 0.296875 0.367188
1 0.250977 0.602539 0.001953 0.001953
1 0.543945 0.598633 0.001953 0.001953
0 0.953125 0.610352 0.019531 0.029297
1 0.036133 0.596680 0.001953 0.001953
1 0.530273 0.588867 0.001953 0.001953
1 0.114258 0.583008 0.005859 0.005859
1 0.094727 0.581055 0.001953 0.001953
1 0.530273 0.582031 0.005859 0.007812
0 0.448242 0.573242 0.001953 0.001953
1 0.106445 0.579102 0.017578 0.013672
0 0.868164 0.571289 0.001953 0.001953
1 0.098633 0.572266 0.001953 0.003906
1 0.528320 0.569336 0.001953 0.001953
1 0.083008 0.568359 0.005859 0.003906
0 0.872070 0.566406 0.001953 0.003906
1 0.073242 0.556641 0.005859 0.011719
0 0.923828 0.571289 0.046875 0.044922
1 0.485352 0.549805 0.001953 0.001953
0 0.894531 0.554688 0.011719 0.015625
0 0.329102 0.549805 0.005859 0.005859
1 0.398438 0.549805 0.003906 0.013672
0 0.885742 0.545898 0.021484 0.029297
0 0.816406 0.528320 0.003906 0.001953
0 0.596680 0.524414 0.001953 0.001953
1 0.405273 0.522461 0.001953 0.001953
0 0.875000 0.536133 0.031250 0.037109
1 0.389648 0.519531 0.001953 0.003906
1 0.426758 0.515625 0.001953 0.003906
0 0.831055 0.510742 0.001953 0.001953
0 0.778320 0.509766 0.001953 0.003906
1 0.331055 0.508789 0.005859 0.001953
1 0.325195 0.508789 0.001953 0.001953
0 0.791016 0.511719 0.011719 0.011719
0 0.780273 0.504883 0.001953 0.001953
0 0.959961 0.510742 0.041016 0.033203
1 0.368164 0.508789 0.037109 0.029297
0 0.909180 0.491211 0.029297 0.013672
1 0.341797 0.494141 0.019531 0.019531
0 0.971680 0.481445 0.001953 0.001953
0 0.967773 0.483398 0.001953 0.005859
0 0.775391 0.565430 0.304688 0.173828
1 0.411133 0.480469 0.001953 0.003906
1 0.327148 0.680664 0.310547 0.412109
0 0.916992 0.473633 0.001953 0.001953
1 0.680664 0.475586 0.001953 0.005859
0 0.435547 0.473633 0.003906 0.005859
0 0.929688 0.473633 0.015625 0.009766
1 0.135742 0.465820 0.001953 0.001953
1 0.128906 0.465820 0.003906 0.001953
0 0.913086 0.463867 0.001953 0.001953
0 0.910156 0.459961 0.003906 0.001953
1 0.665039 0.459961 0.001953 0.001953
1 0.144531 0.460938 0.003906 0.003906
0 0.933594 0.462891 0.007812 0.015625
0 0.917969 0.457031 0.003906 0.003906
1 0.657227 0.456055 0.001953 0.001953
1 0.430664 0.450195 0.001953 0.001953
1 0.420898 0.448242 0.001953 0.001953
1 0.022461 0.456055 0.021484 0.017578
1 0.438477 0.457031 0.017578 0.023438
1 0.676758 0.444336 0.001953 0.001953
1 0.672852 0.442383 0.001953 0.001953
0 0.389648 0.442383 0.001953 0.001953
0 0.924805 0.441406 0.005859 0.003906
0 0.381836 0.438477 0.001953 0.001953
1 0.538086 0.436523 0.001953 0.001953
1 0.966797 0.443359 0.011719 0.019531
0 0.873047 0.449219 0.027344 0.035156
1 0.377930 0.430664 0.001953 0.001953
0 0.879883 0.425781 0.001953 0.003906
0 0.959961 0.420898 0.001953 0.001953
0 0.779297 0.423828 0.003906 0.007812
1 0.773438 0.422852 0.003906 0.009766
1 0.766602 0.422852 0.005859 0.009766
1 0.534180 0.418945 0.001953 0.001953
0 0.800781 0.424805 0.015625 0.017578
0 0.911133 0.431641 0.033203 0.035156
1 0.633789 0.411133 0.005859 0.005859
1 0.356445 0.425781 0.044922 0.046875
0 0.861328 0.401367 0.019531 0.017578
0 0.824219 0.392578 0.003906 0.003906
1 0.305664 0.389648 0.001953 0.001953
1 0.611328 0.383789 0.003906 0.001953
0 0.965820 0.379883 0.001953 0.001953
0 0.042969 0.382812 0.007812 0.007812
1 0.611328 0.378906 0.003906 0.003906
1 0.729492 0.375977 0.001953 0.001953
0 0.238281 0.381836 0.015625 0.017578
0 0.056641 0.376953 0.019531 0.011719
0 0.875977 0.375000 0.013672 0.011719
0 0.732422 0.370117 0.003906 0.005859
1 0.243164 0.369141 0.001953 0.003906
0 0.948242 0.408203 0.052734 0.085938
0 0.203125 0.368164 0.007812 0.009766
1 0.817383 0.365234 0.021484 0.011719
0 0.715820 0.366211 0.025391 0.013672
0 0.223633 0.361328 0.009766 0.007812
0 0.233398 0.354492 0.001953 0.001953
1 0.663086 0.365234 0.033203 0.027344
0 0.625000 0.354492 0.007812 0.005859
0 0.217773 0.352539 0.001953 0.001953
0 0.213867 0.350586 0.001953 0.001953
0 0.098633 0.345703 0.001953 0.003906
0 0.649414 0.348633 0.021484 0.017578
0 0.626953 0.344727 0.011719 0.009766
0 0.614258 0.340820 0.005859 0.005859
0 0.759766 0.339844 0.015625 0.011719
1 0.175781 0.332031 0.003906 0.003906
1 0.169922 0.332031 0.003906 0.003906
0 0.083008 0.341797 0.013672 0.023438
0 0.097656 0.333984 0.011719 0.011719
0 0.088867 0.329102 0.001953 0.001953
0 0.630859 0.331055 0.007812 0.009766
1 0.166992 0.327148 0.001953 0.001953
1 0.928711 0.328125 0.009766 0.007812
0 0.082031 0.326172 0.003906 0.003906
1 0.425781 0.338867 0.046875 0.033203
0 0.911133 0.338867 0.033203 0.037109
1 0.233398 0.322266 0.001953 0.003906
0 0.877930 0.325195 0.013672 0.013672
1 0.174805 0.322266 0.005859 0.007812
1 0.167969 0.320312 0.003906 0.007812
0 0.916016 0.321289 0.011719 0.013672
1 0.176758 0.315430 0.001953 0.001953
1 0.149414 0.315430 0.001953 0.001953
0 0.100586 0.316406 0.001953 0.003906
1 0.171875 0.313477 0.003906 0.001953
1 0.235352 0.313477 0.005859 0.005859
0 0.086914 0.314453 0.009766 0.007812
0 0.209961 0.309570 0.001953 0.001953
1 0.569336 0.307617 0.001953 0.001953
0 0.204102 0.307617 0.001953 0.001953
1 0.237305 0.305664 0.001953 0.001953
0 0.125977 0.309570 0.017578 0.009766
1 0.879883 0.303711 0.001953 0.001953
0 0.890625 0.308594 0.019531 0.015625
0 0.846680 0.302734 0.001953 0.003906
0 0.195312 0.308594 0.035156 0.023438
1 0.142578 0.304688 0.019531 0.015625
0 0.843750 0.294922 0.003906 0.007812
0 0.756836 0.290039 0.001953 0.001953
0 0.751953 0.291992 0.003906 0.005859
0 0.766602 0.291992 0.009766 0.009766
1 0.739258 0.308594 0.021484 0.042969
0 0.164062 0.291016 0.019531 0.007812
0 0.437500 0.283203 0.015625 0.011719
1 0.910156 0.277344 0.007812 0.003906
0 0.811523 0.276367 0.001953 0.001953
1 0.903320 0.274414 0.001953 0.001953
0 0.153320 0.274414 0.001953 0.001953
0 0.795898 0.273438 0.005859 0.003906
0 0.428711 0.272461 0.001953 0.001953
1 0.903320 0.270508 0.001953 0.001953
0 0.190430 0.273438 0.009766 0.011719
0 0.782227 0.280273 0.029297 0.029297
0 0.431641 0.268555 0.003906 0.005859
0 0.438477 0.266602 0.005859 0.005859
0 0.996094 0.267578 0.007812 0.011719
0 0.452148 0.262695 0.001953 0.001953
0 0.446289 0.263672 0.009766 0.007812
0 0.180664 0.262695 0.005859 0.005859
1 0.070312 0.270508 0.015625 0.021484
0 0.418945 0.266602 0.017578 0.017578
0 0.723633 0.256836 0.001953 0.001953
0 0.221680 0.257812 0.005859 0.003906
0 0.215820 0.256836 0.001953 0.001953
0 0.207031 0.256836 0.003906 0.005859
0 0.200195 0.260742 0.009766 0.017578
0 0.166992 0.264648 0.017578 0.025391
1 0.415039 0.250977 0.001953 0.001953
0 0.939453 0.250000 0.007812 0.007812
1 0.422852 0.248047 0.009766 0.007812
1 0.453125 0.249023 0.011719 0.013672
1 0.430664 0.243164 0.001953 0.001953
0 0.882812 0.253906 0.042969 0.027344
0 0.446289 0.241211 0.001953 0.001953
0 0.175781 0.242188 0.003906 0.003906
0 0.971680 0.254883 0.056641 0.037109
1 0.503906 0.413086 0.234375 0.353516
0 0.178711 0.233398 0.001953 0.001953
0 0.853516 0.235352 0.007812 0.009766
0 0.886719 0.233398 0.011719 0.009766
0 0.784180 0.244141 0.021484 0.031250
0 0.737305 0.241211 0.029297 0.029297
0 0.552734 0.228516 0.003906 0.003906
0 0.548828 0.225586 0.007812 0.009766
1 0.233398 0.221680 0.001953 0.001953
0 0.991211 0.225586 0.017578 0.017578
0 0.924805 0.217773 0.001953 0.001953
0 0.548828 0.216797 0.003906 0.003906
0 0.837891 0.218750 0.035156 0.011719
0 0.799805 0.214844 0.005859 0.003906
1 0.221680 0.213867 0.005859 0.001953
1 0.208008 0.221680 0.029297 0.017578
0 0.918945 0.211914 0.001953 0.001953
0 0.478516 0.229492 0.023438 0.041016
0 0.997070 0.206055 0.001953 0.001953
1 0.233398 0.208008 0.005859 0.005859
0 0.947266 0.205078 0.003906 0.003906
0 0.935547 0.206055 0.003906 0.005859
0 0.130859 0.203125 0.003906 0.003906
0 0.118164 0.200195 0.001953 0.001953
0 0.830078 0.202148 0.031250 0.013672
0 0.745117 0.198242 0.013672 0.009766
1 0.485352 0.192383 0.001953 0.001953
0 0.512695 0.191406 0.009766 0.007812
0 0.771484 0.190430 0.007812 0.009766
1 0.525391 0.184570 0.003906 0.001953
0 0.116211 0.184570 0.005859 0.005859
1 0.719727 0.180664 0.001953 0.001953
0 0.916992 0.190430 0.041016 0.029297
0 0.758789 0.174805 0.001953 0.001953
0 0.993164 0.191406 0.013672 0.039062
0 0.522461 0.173828 0.021484 0.023438
0 0.976562 0.171875 0.019531 0.023438
0 0.825195 0.163086 0.001953 0.005859
0 0.962891 0.160156 0.003906 0.003906
1 0.685547 0.190430 0.066406 0.064453
0 0.995117 0.159180 0.009766 0.013672
0 0.964844 0.154297 0.003906 0.003906
0 0.945312 0.200195 0.074219 0.095703
0 0.824219 0.155273 0.003906 0.005859
1 0.679688 0.154297 0.003906 0.003906
1 0.567383 0.157227 0.017578 0.009766
0 0.836914 0.151367 0.001953 0.001953
0 0.831055 0.152344 0.001953 0.003906
0 0.771484 0.160156 0.007812 0.019531
0 0.770508 0.149414 0.001953 0.001953
0 0.918945 0.147461 0.001953 0.001953
0 0.834961 0.170898 0.041016 0.048828
0 0.831055 0.143555 0.001953 0.001953
0 0.768555 0.143555 0.001953 0.001953
0 0.748047 0.143555 0.003906 0.005859
0 0.180664 0.141602 0.001953 0.001953
0 0.483398 0.137695 0.001953 0.001953
0 0.889648 0.142578 0.009766 0.015625
0 0.765625 0.136719 0.003906 0.003906
0 0.752930 0.135742 0.001953 0.001953
0 0.177734 0.136719 0.007812 0.003906
0 0.319336 0.133789 0.005859 0.001953
0 0.219727 0.133789 0.001953 0.001953
0 0.946289 0.134766 0.009766 0.007812
0 0.885742 0.131836 0.005859 0.005859
1 0.698242 0.127930 0.001953 0.001953
0 0.234375 0.128906 0.003906 0.003906
1 0.731445 0.124023 0.001953 0.001953
0 0.487305 0.125977 0.001953 0.005859
0 0.846680 0.125977 0.009766 0.009766
0 0.792969 0.124023 0.007812 0.005859
1 0.754883 0.120117 0.001953 0.001953
0 0.189453 0.122070 0.011719 0.005859
1 0.696289 0.116211 0.001953 0.001953
0 0.971680 0.129883 0.056641 0.037109
1 0.739258 0.123047 0.017578 0.031250
1 0.700195 0.108398 0.001953 0.001953
1 0.695312 0.104492 0.003906 0.005859
0 0.786133 0.108398 0.017578 0.017578
1 0.700195 0.100586 0.001953 0.001953
1 0.508789 0.096680 0.001953 0.001953
0 0.510742 0.092773 0.001953 0.001953
0 0.598633 0.105469 0.033203 0.031250
1 0.036133 0.090820 0.001953 0.001953
1 0.815430 0.087891 0.001953 0.003906
1 0.749023 0.086914 0.001953 0.001953
0 0.875000 0.089844 0.019531 0.015625
0 0.806641 0.094727 0.011719 0.025391
1 0.757812 0.085938 0.003906 0.007812
0 0.996094 0.072266 0.007812 0.003906
0 0.879883 0.071289 0.001953 0.001953
1 0.809570 0.069336 0.001953 0.001953
0 0.989258 0.067383 0.001953 0.001953
0 0.896484 0.074219 0.023438 0.027344
1 0.711914 0.062500 0.001953 0.003906
1 0.716797 0.059570 0.003906 0.005859
1 0.813477 0.053711 0.001953 0.001953
1 0.175781 0.057617 0.015625 0.013672
1 0.813477 0.049805 0.001953 0.001953
0 0.969727 0.046875 0.041016 0.035156
0 0.997070 0.031250 0.005859 0.011719
1 0.694336 0.027344 0.009766 0.007812
1 0.362305 0.028320 0.017578 0.021484
1 0.981445 0.014648 0.005859 0.005859
1 0.794922 0.030273 0.042969 0.041016
0 0.943359 0.056641 0.105469 0.105469
1 0.666016 0.007812 0.007812 0.007812
0 0.932617 0.002930 0.005859 0.005859
1 0.692383 0.000977 0.001953 0.001953
0 0.476562 0.019531 0.023438 0.039062
2 0.999023 0.243164 0.001953 0.001953
3 0.500000 0.500000 1.000000 1.000000