0 0.510742 0.999023 0.001953 0.001953
1 0.033203 0.998047 0.003906 0.003906
0 0.997070 0.995117 0.001953 0.001953
0 0.813477 0.997070 0.013672 0.005859
1 0.169922 0.996094 0.011719 0.007812
0 0.290039 0.989258 0.001953 0.001953
0 0.835938 0.987305 0.027344 0.025391
1 0.185547 0.987305 0.023438 0.025391
0 0.140625 0.977539 0.007812 0.005859
1 0.028320 0.971680 0.001953 0.001953
0 0.131836 0.967773 0.001953 0.001953
1 0.235352 0.965820 0.001953 0.001953
0 0.510742 0.961914 0.001953 0.001953
1 0.019531 0.961914 0.003906 0.005859
1 0.130859 0.961914 0.007812 0.009766
1 0.184570 0.954102 0.009766 0.017578
1 0.297852 0.947266 0.009766 0.011719
1 0.598633 0.945312 0.009766 0.011719
1 0.590820 0.964844 0.056641 0.050781
1 0.565430 0.940430 0.001953 0.001953
0 0.034180 0.930664 0.001953 0.001953
0 0.971680 0.927734 0.001953 0.003906
0 0.073242 0.924805 0.001953 0.001953
1 0.604492 0.920898 0.001953 0.001953
0 0.009766 0.944336 0.019531 0.052734
0 0.004883 0.915039 0.001953 0.001953
0 0.979492 0.905273 0.001953 0.001953
0 0.985352 0.903320 0.001953 0.001953
0 0.872070 0.899414 0.001953 0.001953
1 0.168945 0.893555 0.001953 0.001953
1 0.165039 0.893555 0.001953 0.001953
0 0.661133 0.889648 0.001953 0.001953
0 0.962891 0.887695 0.003906 0.001953
1 0.170898 0.887695 0.005859 0.005859
0 0.958984 0.884766 0.003906 0.003906
0 0.965820 0.882812 0.005859 0.003906
0 0.663086 0.879883 0.001953 0.001953
1 0.583008 0.879883 0.001953 0.001953
0 0.088867 0.938477 0.087891 0.123047
0 0.924805 0.875977 0.001953 0.001953
1 0.583008 0.875977 0.001953 0.001953
0 0.036133 0.875977 0.001953 0.001953
1 0.205078 0.874023 0.003906 0.005859
0 0.534180 0.870117 0.001953 0.001953
1 0.211914 0.870117 0.001953 0.001953
1 0.208008 0.870117 0.001953 0.001953
0 0.010742 0.870117 0.001953 0.001953
0 0.900391 0.869141 0.003906 0.003906
1 0.188477 0.870117 0.005859 0.005859
0 0.750977 0.864258 0.001953 0.001953
0 0.206055 0.864258 0.001953 0.001953
0 0.815430 0.862305 0.001953 0.001953
0 0.790039 0.862305 0.001953 0.001953
0 0.769531 0.864258 0.007812 0.005859
0 0.061523 0.862305 0.001953 0.001953
0 0.015625 0.865234 0.007812 0.007812
0 0.065430 0.860352 0.001953 0.001953
0 0.730469 0.863281 0.007812 0.011719
0 0.471680 0.857422 0.001953 0.003906
0 0.929688 0.855469 0.003906 0.003906
0 0.884766 0.858398 0.011719 0.009766
0 0.663086 0.852539 0.001953 0.001953
0 0.873047 0.851562 0.003906 0.003906
0 0.807617 0.850586 0.001953 0.001953
1 0.311523 0.850586 0.001953 0.001953
1 0.278320 0.850586 0.001953 0.001953
1 0.241211 0.851562 0.005859 0.003906
0 0.877930 0.848633 0.001953 0.001953
0 0.817383 0.850586 0.001953 0.005859
0 0.812500 0.849609 0.003906 0.003906
0 0.172852 0.848633 0.001953 0.001953
0 0.809570 0.846680 0.001953 0.001953
0 0.155273 0.846680 0.001953 0.001953
0 0.150391 0.847656 0.003906 0.003906
1 0.868164 0.844727 0.001953 0.001953
0 0.047852 0.855469 0.017578 0.023438
0 0.819336 0.842773 0.001953 0.001953
0 0.661133 0.842773 0.001953 0.001953
0 0.022461 0.840820 0.001953 0.001953
0 0.795898 0.844727 0.021484 0.013672
0 0.629883 0.839844 0.001953 0.003906
0 0.114258 0.839844 0.001953 0.003906
0 0.813477 0.836914 0.001953 0.001953
0 0.743164 0.837891 0.005859 0.003906
0 0.481445 0.836914 0.001953 0.001953
0 0.008789 0.841797 0.009766 0.011719
0 0.676758 0.837891 0.005859 0.007812
0 0.632812 0.835938 0.003906 0.003906
1 0.274414 0.834961 0.001953 0.001953
0 0.022461 0.835938 0.001953 0.003906
0 0.760742 0.833008 0.001953 0.001953
0 0.712891 0.833984 0.003906 0.003906
0 0.015625 0.834961 0.003906 0.005859
0 0.010742 0.833984 0.001953 0.003906
0 0.747070 0.831055 0.017578 0.005859
0 0.696289 0.829102 0.001953 0.001953
0 0.804688 0.832031 0.015625 0.011719
0 0.760742 0.828125 0.005859 0.003906
0 0.713867 0.828125 0.001953 0.003906
0 0.510742 0.827148 0.001953 0.001953
0 0.482422 0.829102 0.003906 0.005859
0 0.020508 0.827148 0.001953 0.001953
0 0.163086 0.825195 0.001953 0.001953
0 0.480469 0.823242 0.003906 0.001953
1 0.265625 0.825195 0.003906 0.005859
0 0.009766 0.824219 0.003906 0.003906
0 0.002930 0.824219 0.001953 0.003906
0 0.713867 0.821289 0.001953 0.001953
1 0.363281 0.825195 0.007812 0.009766
0 0.056641 0.831055 0.023438 0.021484
0 0.475586 0.819336 0.001953 0.001953
1 0.217773 0.819336 0.001953 0.001953
0 0.188477 0.838867 0.052734 0.041016
0 0.006836 0.819336 0.001953 0.001953
1 0.868164 0.819336 0.005859 0.005859
0 0.475586 0.815430 0.001953 0.001953
1 0.367188 0.816406 0.003906 0.003906
0 0.029297 0.816406 0.003906 0.003906
0 0.015625 0.814453 0.007812 0.007812
0 0.163086 0.809570 0.001953 0.001953
0 0.069336 0.809570 0.001953 0.001953
0 0.760742 0.807617 0.001953 0.001953
0 0.011719 0.807617 0.003906 0.001953
0 0.052734 0.809570 0.015625 0.013672
0 0.065430 0.804688 0.009766 0.007812
0 0.749023 0.799805 0.001953 0.001953
0 0.036133 0.799805 0.001953 0.001953
0 0.754883 0.798828 0.005859 0.003906
0 0.004883 0.804688 0.009766 0.023438
0 0.643555 0.788086 0.001953 0.001953
0 0.132812 0.791016 0.011719 0.007812
0 0.079102 0.788086 0.001953 0.001953
0 0.549805 0.791016 0.021484 0.019531
0 0.311523 0.776367 0.001953 0.001953
0 0.145508 0.774414 0.001953 0.001953
0 0.119141 0.775391 0.003906 0.003906
1 0.762695 0.773438 0.001953 0.003906
0 0.670898 0.770508 0.001953 0.001953
0 0.633789 0.760742 0.001953 0.001953
0 0.134766 0.761719 0.003906 0.003906
0 0.598633 0.756836 0.001953 0.001953
0 0.692383 0.752930 0.001953 0.001953
0 0.702148 0.747070 0.001953 0.001953
0 0.678711 0.748047 0.001953 0.003906
0 0.702148 0.743164 0.001953 0.001953
1 0.367188 0.751953 0.007812 0.019531
0 0.677734 0.742188 0.003906 0.003906
0 0.569336 0.742188 0.001953 0.003906
1 0.358398 0.743164 0.005859 0.005859
1 0.369141 0.740234 0.003906 0.003906
1 0.350586 0.737305 0.001953 0.001953
1 0.370117 0.733398 0.005859 0.005859
1 0.341797 0.732422 0.003906 0.003906
0 0.569336 0.729492 0.001953 0.001953
0 0.049805 0.727539 0.001953 0.001953
1 0.376953 0.723633 0.003906 0.001953
1 0.787109 0.773438 0.054688 0.109375
0 0.668945 0.719727 0.001953 0.001953
0 0.723633 0.713867 0.001953 0.001953
0 0.777344 0.712891 0.003906 0.003906
0 0.768555 0.706055 0.001953 0.001953
0 0.979492 0.702148 0.001953 0.001953
0 0.772461 0.702148 0.001953 0.001953
0 0.725586 0.693359 0.005859 0.007812
1 0.719727 0.688477 0.001953 0.001953
0 0.971680 0.688477 0.005859 0.005859
0 0.002930 0.682617 0.005859 0.005859
0 0.801758 0.678711 0.001953 0.001953
0 0.627930 0.674805 0.001953 0.001953
0 0.770508 0.672852 0.001953 0.001953
0 0.692383 0.671875 0.001953 0.003906
0 0.672852 0.668945 0.001953 0.001953
0 0.762695 0.666992 0.001953 0.001953
0 0.676758 0.665039 0.001953 0.001953
0 0.745117 0.672852 0.017578 0.029297
0 0.776367 0.657227 0.001953 0.001953
0 0.725586 0.657227 0.001953 0.001953
0 0.034180 0.657227 0.001953 0.001953
0 0.000977 0.663086 0.001953 0.025391
0 0.995117 0.649414 0.001953 0.001953
0 0.026367 0.649414 0.005859 0.001953
0 0.000977 0.643555 0.001953 0.001953
0 0.014648 0.643555 0.005859 0.005859
1 0.578125 0.640625 0.003906 0.007812
0 0.660156 0.650391 0.023438 0.031250
0 0.667969 0.631836 0.003906 0.001953
0 0.663086 0.628906 0.001953 0.003906
0 0.679688 0.625000 0.003906 0.003906
0 0.651367 0.616211 0.001953 0.001953
1 0.592773 0.624023 0.021484 0.025391
1 0.100586 0.602539 0.001953 0.001953
0 0.670898 0.598633 0.001953 0.001953
0 0.680664 0.595703 0.005859 0.003906
0 0.686523 0.588867 0.001953 0.001953
0 0.690430 0.583008 0.005859 0.005859
0 0.093750 0.561523 0.007812 0.005859
0 0.096680 0.547852 0.001953 0.001953
0 0.081055 0.545898 0.001953 0.001953
0 0.078125 0.541992 0.003906 0.005859
0 0.039062 0.533203 0.007812 0.003906
0 0.091797 0.537109 0.019531 0.015625
0 0.016602 0.530273 0.001953 0.001953
0 0.116211 0.526367 0.001953 0.001953
0 0.022461 0.526367 0.001953 0.001953
0 0.030273 0.525391 0.005859 0.003906
0 0.038086 0.524414 0.005859 0.005859
0 0.098633 0.518555 0.001953 0.001953
0 0.088867 0.522461 0.009766 0.009766
0 0.031250 0.519531 0.003906 0.003906
0 0.024414 0.520508 0.005859 0.005859
0 0.023438 0.514648 0.003906 0.001953
0 0.096680 0.513672 0.001953 0.003906
0 0.017578 0.511719 0.003906 0.003906
0 0.165039 0.504883 0.001953 0.001953
0 0.142578 0.509766 0.011719 0.015625
0 0.094727 0.502930 0.001953 0.001953
0 0.020508 0.502930 0.001953 0.001953
0 0.047852 0.500977 0.001953 0.001953
0 0.016602 0.500000 0.001953 0.003906
0 0.156250 0.496094 0.007812 0.003906
0 0.202148 0.493164 0.001953 0.001953
0 0.063477 0.508789 0.052734 0.033203
0 0.006836 0.497070 0.013672 0.017578
0 0.096680 0.481445 0.005859 0.005859
0 0.157227 0.482422 0.025391 0.023438
0 0.124023 0.459961 0.001953 0.001953
0 0.168945 0.458008 0.001953 0.001953
0 0.040039 0.459961 0.009766 0.009766
0 0.129883 0.452148 0.001953 0.001953
0 0.170898 0.450195 0.001953 0.001953
0 0.072266 0.456055 0.015625 0.013672
0 0.120117 0.440430 0.001953 0.001953
0 0.126953 0.440430 0.007812 0.009766
0 0.120117 0.428711 0.001953 0.001953
0 0.241211 0.422852 0.001953 0.001953
0 0.105469 0.465820 0.039062 0.087891
0 0.239258 0.417969 0.001953 0.003906
0 0.286133 0.411133 0.001953 0.001953
0 0.239258 0.411133 0.001953 0.001953
0 0.235352 0.411133 0.001953 0.001953
0 0.003906 0.416992 0.007812 0.017578
0 0.164062 0.398438 0.007812 0.007812
0 0.101562 0.395508 0.003906 0.001953
0 0.172852 0.410156 0.025391 0.035156
0 0.099609 0.391602 0.003906 0.001953
0 0.092773 0.392578 0.005859 0.003906
0 0.059570 0.391602 0.001953 0.001953
0 0.093750 0.387695 0.003906 0.001953
0 0.075195 0.393555 0.033203 0.037109
0 0.003906 0.384766 0.007812 0.031250
0 0.185547 0.360352 0.003906 0.005859
0 0.185547 0.354492 0.003906 0.001953
0 0.000977 0.341797 0.001953 0.003906
0 0.969727 0.333008 0.001953 0.001953
1 0.996094 0.326172 0.007812 0.007812
0 0.125977 0.315430 0.001953 0.001953
0 0.264648 0.314453 0.001953 0.003906
0 0.071289 0.313477 0.001953 0.001953
1 0.247070 0.330078 0.029297 0.039062
0 0.235352 0.311523 0.001953 0.001953
0 0.280273 0.310547 0.005859 0.003906
0 0.118164 0.307617 0.001953 0.001953
0 0.114258 0.307617 0.001953 0.001953
0 0.276367 0.304688 0.005859 0.003906
0 0.230469 0.308594 0.007812 0.011719
0 0.211914 0.303711 0.001953 0.001953
0 0.102539 0.303711 0.001953 0.001953
0 0.108398 0.301758 0.001953 0.001953
0 0.278320 0.300781 0.001953 0.003906
0 0.203125 0.300781 0.003906 0.003906
0 0.050781 0.296875 0.003906 0.003906
0 0.214844 0.298828 0.015625 0.011719
0 0.204102 0.293945 0.001953 0.001953
0 0.184570 0.293945 0.001953 0.001953
0 0.180664 0.291992 0.001953 0.001953
0 0.195312 0.290039 0.003906 0.005859
0 0.186523 0.288086 0.001953 0.001953
0 0.125977 0.288086 0.001953 0.001953
0 0.262695 0.281250 0.001953 0.003906
0 0.258789 0.271484 0.013672 0.011719
0 0.291992 0.264648 0.001953 0.001953
0 0.268555 0.267578 0.005859 0.007812
0 0.174805 0.262695 0.001953 0.001953
0 0.119141 0.263672 0.003906 0.003906
0 0.312500 0.262695 0.007812 0.009766
0 0.300781 0.264648 0.015625 0.017578
0 0.296875 0.253906 0.003906 0.007812
0 0.292969 0.245117 0.003906 0.001953
0 0.195312 0.246094 0.003906 0.003906
0 0.266602 0.239258 0.001953 0.001953
0 0.233398 0.239258 0.001953 0.001953
0 0.191406 0.239258 0.003906 0.001953
0 0.190430 0.233398 0.005859 0.005859
0 0.113281 0.228516 0.007812 0.003906
0 0.084961 0.225586 0.001953 0.001953
0 0.081055 0.225586 0.001953 0.001953
0 0.187500 0.224609 0.007812 0.007812
0 0.323242 0.214844 0.001953 0.003906
0 0.211914 0.213867 0.005859 0.001953
0 0.206055 0.214844 0.001953 0.003906
0 0.299805 0.211914 0.001953 0.001953
0 0.229492 0.211914 0.001953 0.001953
0 0.163086 0.211914 0.001953 0.001953
0 0.243164 0.209961 0.001953 0.001953
0 0.332031 0.208984 0.003906 0.003906
0 0.165039 0.275391 0.095703 0.136719
0 0.229492 0.206055 0.001953 0.001953
0 0.122070 0.200195 0.001953 0.001953
0 0.161133 0.194336 0.001953 0.001953
0 0.113281 0.198242 0.011719 0.013672
0 0.143555 0.188477 0.001953 0.001953
0 0.159180 0.184570 0.001953 0.001953
0 0.135742 0.193359 0.017578 0.023438
0 0.187500 0.171875 0.003906 0.007812
0 0.279297 0.166992 0.003906 0.005859
0 0.167969 0.162109 0.003906 0.003906
0 0.287109 0.162109 0.007812 0.007812
0 0.259766 0.160156 0.011719 0.015625
0 0.159180 0.149414 0.001953 0.001953
0 0.165039 0.145508 0.001953 0.001953
0 0.268555 0.144531 0.005859 0.007812
0 0.229492 0.143555 0.009766 0.005859
0 0.227539 0.137695 0.001953 0.001953
0 0.329102 0.133789 0.001953 0.001953
0 0.338867 0.114258 0.001953 0.001953
0 0.219727 0.114258 0.001953 0.001953
0 0.381836 0.110352 0.001953 0.001953
0 0.331055 0.116211 0.009766 0.013672
0 0.339844 0.107422 0.003906 0.003906
0 0.360352 0.104492 0.001953 0.001953
0 0.174805 0.102539 0.001953 0.001953
0 0.158203 0.102539 0.003906 0.001953
0 0.340820 0.100586 0.001953 0.001953
0 0.206055 0.100586 0.001953 0.001953
0 0.165039 0.101562 0.005859 0.003906
0 0.283203 0.092773 0.003906 0.001953
0 0.155273 0.092773 0.001953 0.001953
0 0.210938 0.093750 0.007812 0.007812
0 0.317383 0.088867 0.001953 0.001953
0 0.422852 0.086914 0.001953 0.001953
0 0.329102 0.084961 0.001953 0.001953
0 0.418945 0.083008 0.001953 0.001953
0 0.381836 0.083008 0.001953 0.001953
0 0.217773 0.084961 0.005859 0.005859
0 0.192383 0.081055 0.001953 0.001953
0 0.327148 0.079102 0.001953 0.001953
0 0.322266 0.081055 0.007812 0.009766
0 0.357422 0.076172 0.003906 0.003906
1 0.440430 0.075195 0.009766 0.005859
0 0.610352 0.071289 0.001953 0.001953
0 0.465820 0.067383 0.005859 0.005859
0 0.343750 0.072266 0.019531 0.015625
0 0.198242 0.067383 0.005859 0.005859
0 0.493164 0.063477 0.001953 0.001953
0 0.344727 0.061523 0.001953 0.001953
0 0.473633 0.057617 0.001953 0.001953
0 0.340820 0.057617 0.001953 0.001953
0 0.501953 0.051758 0.003906 0.005859
1 0.613281 0.046875 0.007812 0.007812
0 0.333008 0.041016 0.001953 0.003906
0 0.258789 0.034180 0.001953 0.001953
0 0.247070 0.032227 0.001953 0.001953
0 0.256836 0.030273 0.001953 0.001953
0 0.233398 0.028320 0.001953 0.001953
0 0.497070 0.026367 0.001953 0.001953
0 0.336914 0.026367 0.001953 0.001953
0 0.307617 0.026367 0.001953 0.001953
0 0.266602 0.028320 0.009766 0.009766
0 0.609375 0.014648 0.003906 0.005859
0 0.315430 0.012695 0.001953 0.001953
0 0.487305 0.008789 0.001953 0.001953
0 0.482422 0.008789 0.003906 0.001953
0 0.415039 0.008789 0.001953 0.001953
0 0.604492 0.004883 0.001953 0.001953
0 0.612305 0.000977 0.001953 0.001953
0 0.500000 0.500000 1.000000 1.000000
0 0.158203 0.166016 0.316406 0.332031
1 0.004883 0.007812 0.009766 0.015625
2 0.684570 0.999023 0.001953 0.001953
2 0.490234 0.999023 0.003906 0.001953
2 0.676758 0.998047 0.001953 0.003906
2 0.095703 0.998047 0.003906 0.003906
2 0.270508 0.995117 0.001953 0.001953
3 0.221680 0.997070 0.013672 0.005859
2 0.633789 0.993164 0.001953 0.001953
2 0.110352 0.991211 0.001953 0.001953
2 0.988281 0.994141 0.023438 0.011719
2 0.506836 0.989258 0.001953 0.001953
2 0.430664 0.992188 0.005859 0.011719
2 0.673828 0.989258 0.007812 0.009766
2 0.091797 0.990234 0.007812 0.011719
2 0.727539 0.983398 0.001953 0.001953
2 0.769531 0.978516 0.003906 0.003906
2 0.706055 0.988281 0.025391 0.023438
2 0.085938 0.978516 0.003906 0.003906
2 0.711914 0.975586 0.001953 0.001953
2 0.678711 0.979492 0.009766 0.009766
3 0.237305 0.973633 0.001953 0.001953
2 0.770508 0.971680 0.001953 0.001953
2 0.497070 0.969727 0.005859 0.001953
2 0.680664 0.967773 0.001953 0.001953
2 0.676758 0.967773 0.001953 0.001953
2 0.389648 0.965820 0.001953 0.001953
2 0.385742 0.963867 0.001953 0.001953
2 0.999023 0.961914 0.001953 0.001953
2 0.999023 0.958008 0.001953 0.001953
2 0.909180 0.958008 0.001953 0.001953
2 0.003906 0.956055 0.003906 0.001953
2 0.999023 0.954102 0.001953 0.001953
2 0.928711 0.952148 0.001953 0.001953
2 0.742188 0.951172 0.003906 0.003906
2 0.947266 0.941406 0.003906 0.003906
2 0.979492 0.940430 0.001953 0.005859
2 0.958008 0.932617 0.001953 0.001953
2 0.454102 0.932617 0.001953 0.001953
2 0.942383 0.930664 0.001953 0.001953
2 0.928711 0.937500 0.048828 0.035156
2 0.465820 0.921875 0.005859 0.003906
3 0.312500 0.958984 0.085938 0.082031
2 0.749023 0.915039 0.001953 0.001953
2 0.701172 0.909180 0.011719 0.001953
2 0.689453 0.911133 0.003906 0.005859
2 0.958008 0.907227 0.001953 0.001953
2 0.472656 0.906250 0.003906 0.003906
2 0.764648 0.897461 0.001953 0.001953
2 0.828125 0.895508 0.003906 0.001953
2 0.757812 0.913086 0.058594 0.041016
2 0.764648 0.893555 0.001953 0.001953
2 0.839844 0.945312 0.125000 0.109375
2 0.851562 0.895508 0.011719 0.009766
2 0.725586 0.901367 0.025391 0.025391
2 0.497070 0.887695 0.001953 0.001953
2 0.488281 0.894531 0.015625 0.019531
2 0.467773 0.886719 0.005859 0.003906
2 0.452148 0.885742 0.001953 0.001953
3 0.087891 0.885742 0.003906 0.001953
2 0.474609 0.885742 0.003906 0.005859
2 0.903320 0.877930 0.001953 0.001953
2 0.877930 0.878906 0.001953 0.003906
2 0.469727 0.877930 0.001953 0.001953
2 0.425781 0.938477 0.089844 0.123047
2 0.797852 0.873047 0.001953 0.003906
2 0.473633 0.873047 0.009766 0.007812
2 0.817383 0.868164 0.001953 0.001953
2 0.354492 0.870117 0.001953 0.005859
2 0.870117 0.866211 0.001953 0.001953
2 0.633789 0.858398 0.001953 0.001953
2 0.860352 0.852539 0.001953 0.001953
2 0.613281 0.837891 0.007812 0.011719
2 0.456055 0.827148 0.001953 0.001953
3 0.450195 0.827148 0.001953 0.001953
2 0.991211 0.833008 0.017578 0.017578
2 0.610352 0.825195 0.001953 0.001953
2 0.610352 0.821289 0.001953 0.001953
3 0.578125 0.822266 0.003906 0.011719
2 0.100586 0.813477 0.001953 0.001953
2 0.491211 0.811523 0.001953 0.001953
2 0.909180 0.809570 0.001953 0.001953
3 0.084961 0.805664 0.001953 0.001953
2 0.629883 0.799805 0.001953 0.001953
3 0.098633 0.794922 0.005859 0.003906
2 0.596680 0.788086 0.001953 0.001953
2 0.475586 0.788086 0.001953 0.001953
2 0.233398 0.787109 0.001953 0.003906
2 0.104492 0.786133 0.001953 0.001953
2 0.479492 0.780273 0.001953 0.001953
2 0.227539 0.787109 0.005859 0.015625
2 0.112305 0.780273 0.001953 0.001953
2 0.487305 0.776367 0.001953 0.001953
2 0.089844 0.776367 0.003906 0.001953
2 0.622070 0.774414 0.001953 0.001953
2 0.303711 0.774414 0.001953 0.001953
2 0.088867 0.772461 0.001953 0.001953
2 0.088867 0.768555 0.001953 0.001953
2 0.065430 0.768555 0.001953 0.001953
2 0.069336 0.764648 0.001953 0.001953
2 0.063477 0.760742 0.001953 0.001953
2 0.194336 0.756836 0.001953 0.001953
2 0.103516 0.757812 0.003906 0.003906
2 0.005859 0.757812 0.003906 0.003906
2 0.109375 0.755859 0.003906 0.003906
2 0.192383 0.752930 0.001953 0.001953
2 0.145508 0.752930 0.001953 0.001953
2 0.923828 0.750977 0.003906 0.001953
2 0.977539 0.747070 0.001953 0.001953
2 0.059570 0.747070 0.001953 0.001953
2 0.055664 0.747070 0.001953 0.001953
2 0.315430 0.743164 0.001953 0.001953
2 0.136719 0.744141 0.003906 0.003906
2 0.966797 0.767578 0.050781 0.054688
2 0.947266 0.742188 0.003906 0.003906
2 0.879883 0.738281 0.009766 0.003906
2 0.940430 0.735352 0.001953 0.001953
2 0.459961 0.735352 0.001953 0.001953
2 0.129883 0.735352 0.001953 0.001953
2 0.083008 0.749023 0.037109 0.029297
2 0.025391 0.753906 0.023438 0.039062
2 0.312500 0.734375 0.003906 0.003906
2 0.913086 0.731445 0.001953 0.001953
2 0.504883 0.735352 0.021484 0.009766
2 0.995117 0.729492 0.001953 0.001953
2 0.078125 0.730469 0.003906 0.003906
2 0.987305 0.727539 0.001953 0.001953
2 0.957031 0.728516 0.003906 0.003906
2 0.996094 0.724609 0.003906 0.003906
2 0.022461 0.721680 0.001953 0.001953
2 0.991211 0.719727 0.001953 0.001953
2 0.554688 0.719727 0.007812 0.005859
2 0.270508 0.717773 0.001953 0.001953
2 0.965820 0.717773 0.005859 0.005859
2 0.022461 0.715820 0.001953 0.001953
2 0.028320 0.716797 0.001953 0.007812
2 0.554688 0.713867 0.007812 0.005859
2 0.267578 0.712891 0.003906 0.003906
2 0.958008 0.706055 0.001953 0.001953
2 0.927734 0.715820 0.039062 0.025391
2 0.069336 0.704102 0.001953 0.001953
2 0.035156 0.708984 0.015625 0.011719
2 0.993164 0.700195 0.001953 0.001953
2 0.961914 0.698242 0.001953 0.001953
2 0.028320 0.698242 0.001953 0.001953
2 0.996094 0.697266 0.007812 0.003906
2 0.294922 0.721680 0.046875 0.052734
2 0.178711 0.699219 0.013672 0.007812
2 0.472656 0.708984 0.011719 0.039062
2 0.065430 0.690430 0.001953 0.001953
2 0.236328 0.689453 0.007812 0.015625
2 0.979492 0.678711 0.001953 0.001953
2 0.544922 0.679688 0.003906 0.003906
2 0.896484 0.692383 0.019531 0.033203
2 0.552734 0.677734 0.003906 0.003906
2 0.083008 0.697266 0.064453 0.050781
2 0.060547 0.672852 0.003906 0.001953
2 0.899414 0.670898 0.001953 0.001953
2 0.969727 0.668945 0.001953 0.001953
2 0.959961 0.665039 0.001953 0.001953
2 0.889648 0.665039 0.001953 0.001953
2 0.881836 0.665039 0.001953 0.001953
2 0.210938 0.831055 0.421875 0.337891
2 0.934570 0.661133 0.001953 0.001953
2 0.118164 0.656250 0.001953 0.003906
2 0.074219 0.654297 0.003906 0.003906
2 0.706055 0.651367 0.001953 0.001953
2 0.295898 0.652344 0.005859 0.003906
2 0.290039 0.653320 0.001953 0.005859
2 0.993164 0.643555 0.001953 0.001953
2 0.999023 0.642578 0.001953 0.003906
2 0.975586 0.683594 0.048828 0.085938
2 0.747070 0.641602 0.001953 0.001953
2 0.733398 0.637695 0.001953 0.001953
2 0.967773 0.636719 0.005859 0.003906
2 0.915039 0.658203 0.068359 0.046875
2 0.708008 0.637695 0.009766 0.005859
2 0.506836 0.635742 0.001953 0.001953
2 0.930664 0.634766 0.001953 0.003906
2 0.923828 0.633789 0.003906 0.001953
2 0.886719 0.635742 0.011719 0.005859
2 0.692383 0.635742 0.001953 0.005859
2 0.737305 0.631836 0.001953 0.001953
2 0.916016 0.630859 0.007812 0.003906
2 0.908203 0.629883 0.003906 0.001953
2 0.952148 0.627930 0.001953 0.001953
2 0.935547 0.628906 0.003906 0.003906
2 0.882812 0.628906 0.003906 0.003906
2 0.720703 0.628906 0.007812 0.003906
2 0.875977 0.625977 0.001953 0.001953
2 0.702148 0.629883 0.009766 0.009766
2 0.938477 0.624023 0.001953 0.001953
3 0.478516 0.635742 0.015625 0.029297
2 0.916992 0.614258 0.001953 0.001953
2 0.913086 0.614258 0.001953 0.001953
2 0.879883 0.614258 0.001953 0.001953
2 0.875977 0.614258 0.001953 0.001953
2 0.038086 0.614258 0.001953 0.001953
2 0.032227 0.614258 0.001953 0.001953
2 0.880859 0.610352 0.003906 0.001953
2 0.288086 0.610352 0.001953 0.001953
2 0.039062 0.679688 0.078125 0.144531
2 0.014648 0.617188 0.029297 0.019531
3 0.626953 0.608398 0.007812 0.005859
2 0.645508 0.605469 0.001953 0.003906
2 0.831055 0.602539 0.001953 0.001953
2 0.853516 0.615234 0.046875 0.035156
2 0.694336 0.599609 0.001953 0.003906
2 0.004883 0.600586 0.009766 0.005859
2 0.897461 0.606445 0.025391 0.021484
2 0.862305 0.596680 0.001953 0.001953
2 0.893555 0.593750 0.009766 0.003906
2 0.368164 0.592773 0.001953 0.001953
2 0.014648 0.590820 0.001953 0.001953
2 0.435547 0.593750 0.007812 0.015625
2 0.859375 0.587891 0.003906 0.007812
2 0.369141 0.585938 0.003906 0.003906
2 0.880859 0.584961 0.003906 0.005859
2 0.873047 0.583008 0.003906 0.001953
2 0.020508 0.583984 0.001953 0.003906
2 0.012695 0.583008 0.001953 0.001953
2 0.654297 0.584961 0.007812 0.009766
2 0.528320 0.579102 0.001953 0.001953
2 0.035156 0.578125 0.003906 0.003906
2 0.929688 0.575195 0.003906 0.001953
2 0.288086 0.573242 0.001953 0.001953
2 0.270508 0.573242 0.001953 0.001953
2 0.293945 0.573242 0.005859 0.005859
2 0.274414 0.611328 0.103516 0.082031
2 0.013672 0.574219 0.003906 0.007812
2 0.952148 0.567383 0.001953 0.001953
2 0.619141 0.575195 0.015625 0.017578
2 0.274414 0.565430 0.001953 0.001953
2 0.397461 0.580078 0.048828 0.039062
2 0.007812 0.567383 0.015625 0.013672
2 0.938477 0.559570 0.001953 0.001953
2 0.894531 0.575195 0.058594 0.033203
2 0.655273 0.557617 0.001953 0.001953
2 0.018555 0.558594 0.001953 0.003906
2 0.502930 0.556641 0.005859 0.003906
2 0.497070 0.555664 0.001953 0.001953
2 0.006836 0.557617 0.001953 0.005859
2 0.903320 0.553711 0.001953 0.001953
2 0.893555 0.553711 0.001953 0.001953
2 0.887695 0.554688 0.005859 0.003906
2 0.959961 0.561523 0.029297 0.021484
2 0.716797 0.775391 0.566406 0.449219
2 0.674805 0.547852 0.005859 0.001953
2 0.197266 0.546875 0.003906 0.003906
2 0.200195 0.541992 0.005859 0.001953
2 0.647461 0.546875 0.021484 0.015625
2 0.641602 0.536133 0.001953 0.001953
2 0.624023 0.546875 0.025391 0.031250
2 0.198242 0.532227 0.001953 0.001953
2 0.898438 0.533203 0.007812 0.007812
2 0.210938 0.530273 0.003906 0.001953
2 0.887695 0.528320 0.001953 0.001953
2 0.606445 0.520508 0.001953 0.001953
2 0.864258 0.516602 0.001953 0.001953
2 0.391602 0.512695 0.001953 0.001953
2 0.887695 0.518555 0.017578 0.017578
2 0.540039 0.502930 0.001953 0.001953
2 0.907227 0.500977 0.001953 0.005859
3 0.291992 0.497070 0.001953 0.001953
2 0.578125 0.514648 0.085938 0.052734
2 0.541992 0.489258 0.001953 0.001953
3 0.769531 0.487305 0.003906 0.001953
2 0.985352 0.485352 0.001953 0.001953
2 0.524414 0.485352 0.005859 0.001953
2 0.527344 0.481445 0.003906 0.001953
2 0.227539 0.481445 0.001953 0.001953
2 0.909180 0.479492 0.001953 0.001953
2 0.541016 0.480469 0.003906 0.003906
2 0.213867 0.479492 0.001953 0.001953
2 0.510742 0.477539 0.001953 0.001953
2 0.749023 0.475586 0.001953 0.001953
2 0.516602 0.478516 0.005859 0.007812
2 0.425781 0.477539 0.003906 0.005859
2 0.237305 0.476562 0.005859 0.003906
2 0.610352 0.474609 0.005859 0.003906
2 0.920898 0.471680 0.001953 0.001953
2 0.909180 0.471680 0.001953 0.001953
2 0.531250 0.476562 0.011719 0.011719
2 0.415039 0.471680 0.001953 0.001953
2 0.434570 0.469727 0.001953 0.001953
2 0.919922 0.465820 0.003906 0.005859
2 0.515625 0.467773 0.003906 0.009766
2 0.932617 0.461914 0.001953 0.001953
2 0.924805 0.461914 0.001953 0.001953
2 0.909180 0.461914 0.001953 0.001953
2 0.429688 0.461914 0.003906 0.001953
2 0.224609 0.466797 0.011719 0.015625
2 0.499023 0.460938 0.005859 0.007812
2 0.235352 0.454102 0.001953 0.001953
2 0.932617 0.454102 0.001953 0.009766
2 0.735352 0.450195 0.001953 0.001953
3 0.581055 0.450195 0.001953 0.001953
2 0.345703 0.502930 0.128906 0.107422
2 0.496094 0.447266 0.007812 0.003906
2 0.942383 0.444336 0.001953 0.001953
2 0.936523 0.444336 0.001953 0.001953
2 0.344727 0.444336 0.001953 0.001953
2 0.932617 0.444336 0.001953 0.005859
2 0.634766 0.441406 0.003906 0.003906
2 0.920898 0.436523 0.001953 0.001953
2 0.343750 0.437500 0.015625 0.011719
3 0.637695 0.433594 0.009766 0.007812
3 0.633789 0.430664 0.001953 0.001953
2 0.473633 0.430664 0.001953 0.001953
2 0.922852 0.429688 0.005859 0.003906
2 0.932617 0.425781 0.001953 0.003906
2 0.893555 0.424805 0.001953 0.001953
2 0.396484 0.424805 0.003906 0.001953
2 0.349609 0.424805 0.003906 0.005859
2 0.342773 0.422852 0.001953 0.001953
2 0.358398 0.420898 0.001953 0.001953
2 0.354492 0.420898 0.001953 0.001953
2 0.000977 0.420898 0.001953 0.001953
2 0.952148 0.418945 0.005859 0.001953
2 0.943359 0.428711 0.011719 0.021484
2 0.926758 0.422852 0.005859 0.009766
2 0.922852 0.415039 0.005859 0.001953
2 0.891602 0.416016 0.005859 0.003906
2 0.725586 0.415039 0.001953 0.001953
2 0.629883 0.415039 0.001953 0.001953
2 0.932617 0.409180 0.001953 0.001953
2 0.719727 0.409180 0.001953 0.001953
2 0.879883 0.404297 0.001953 0.003906
2 0.302734 0.401367 0.003906 0.001953
2 0.762695 0.399414 0.001953 0.001953
2 0.601562 0.400391 0.003906 0.003906
2 0.581055 0.397461 0.001953 0.001953
2 0.475586 0.398438 0.001953 0.003906
2 0.399414 0.397461 0.001953 0.001953
2 0.333008 0.398438 0.001953 0.003906
2 0.602539 0.395508 0.001953 0.001953
2 0.585938 0.396484 0.003906 0.003906
2 0.515625 0.398438 0.007812 0.007812
2 0.299805 0.395508 0.001953 0.001953
2 0.912109 0.393555 0.003906 0.001953
2 0.397461 0.391602 0.001953 0.001953
2 0.912109 0.389648 0.003906 0.001953
2 0.293945 0.389648 0.001953 0.001953
2 0.998047 0.387695 0.003906 0.001953
2 0.596680 0.389648 0.005859 0.005859
2 0.311523 0.387695 0.001953 0.001953
2 0.307617 0.387695 0.001953 0.001953
2 0.625977 0.385742 0.001953 0.001953
2 0.601562 0.386719 0.003906 0.003906
2 0.909180 0.385742 0.005859 0.005859
2 0.888672 0.389648 0.011719 0.013672
2 0.608398 0.383789 0.001953 0.001953
2 0.305664 0.383789 0.001953 0.001953
2 0.288086 0.385742 0.001953 0.005859
2 0.264648 0.384766 0.005859 0.003906
2 0.645508 0.383789 0.005859 0.005859
2 0.591797 0.382812 0.003906 0.003906
2 0.885742 0.379883 0.001953 0.001953
2 0.635742 0.377930 0.001953 0.001953
2 0.846680 0.375977 0.001953 0.001953
2 0.292969 0.377930 0.015625 0.005859
2 0.891602 0.374023 0.001953 0.001953
2 0.885742 0.375000 0.005859 0.003906
2 0.815430 0.486328 0.166016 0.226562
2 0.641602 0.376953 0.005859 0.007812
2 0.631836 0.374023 0.001953 0.001953
2 0.556641 0.374023 0.003906 0.001953
2 0.899414 0.373047 0.001953 0.003906
2 0.665039 0.375000 0.009766 0.007812
2 0.627930 0.372070 0.001953 0.001953
2 0.792969 0.371094 0.007812 0.003906
2 0.668945 0.370117 0.001953 0.001953
2 0.623047 0.370117 0.003906 0.001953
2 0.557617 0.370117 0.001953 0.001953
2 0.346680 0.373047 0.009766 0.011719
2 0.340820 0.366211 0.001953 0.001953
2 0.981445 0.360352 0.001953 0.001953
2 0.320312 0.382812 0.031250 0.046875
2 0.341797 0.360352 0.003906 0.005859
2 0.985352 0.356445 0.001953 0.001953
2 0.741211 0.354492 0.001953 0.001953
2 0.782227 0.353516 0.001953 0.003906
2 0.993164 0.352539 0.009766 0.005859
2 0.819336 0.354492 0.005859 0.009766
2 0.798828 0.358398 0.019531 0.017578
2 0.835938 0.343750 0.003906 0.003906
2 0.613281 0.361328 0.027344 0.039062
2 0.331055 0.343750 0.001953 0.003906
2 0.616211 0.338867 0.001953 0.001953
2 0.948242 0.322266 0.001953 0.003906
2 0.567383 0.322266 0.001953 0.003906
2 0.002930 0.316406 0.001953 0.003906
2 0.540039 0.313477 0.001953 0.001953
2 0.958984 0.313477 0.003906 0.005859
2 0.788086 0.312500 0.001953 0.003906
2 0.975586 0.327148 0.048828 0.037109
2 0.958984 0.305664 0.003906 0.005859
2 0.783203 0.309570 0.007812 0.013672
2 0.458008 0.303711 0.001953 0.001953
2 0.977539 0.299805 0.001953 0.001953
2 0.958008 0.299805 0.001953 0.001953
2 0.685547 0.301758 0.003906 0.005859
2 0.986328 0.300781 0.011719 0.007812
2 0.872070 0.297852 0.001953 0.001953
2 0.298828 0.295898 0.007812 0.005859
2 0.782227 0.291992 0.001953 0.001953
2 0.612305 0.288086 0.001953 0.001953
2 0.973633 0.286133 0.001953 0.001953
2 0.630859 0.288086 0.007812 0.005859
2 0.287109 0.286133 0.003906 0.001953
2 0.112305 0.286133 0.001953 0.001953
2 0.108398 0.286133 0.001953 0.001953
2 0.098633 0.286133 0.001953 0.001953
2 0.773438 0.288086 0.007812 0.009766
2 0.624023 0.284180 0.001953 0.001953
2 0.965820 0.282227 0.001953 0.001953
2 0.386719 0.288086 0.015625 0.013672
2 0.780273 0.278320 0.001953 0.001953
2 0.838867 0.278320 0.001953 0.005859
2 0.653320 0.276367 0.001953 0.001953
2 0.639648 0.276367 0.001953 0.001953
2 0.801758 0.274414 0.001953 0.001953
2 0.797852 0.274414 0.001953 0.001953
2 0.792969 0.274414 0.003906 0.001953
2 0.770508 0.275391 0.001953 0.003906
2 0.603516 0.284180 0.015625 0.021484
2 0.416992 0.274414 0.001953 0.001953
2 0.708984 0.273438 0.003906 0.003906
2 0.944336 0.270508 0.001953 0.001953
2 0.594727 0.270508 0.001953 0.001953
2 0.843750 0.268555 0.007812 0.001953
2 0.798828 0.269531 0.003906 0.003906
2 0.666016 0.301758 0.050781 0.068359
2 0.959961 0.271484 0.017578 0.011719
2 0.699219 0.267578 0.003906 0.003906
2 0.694336 0.266602 0.001953 0.001953
2 0.612305 0.268555 0.001953 0.005859
2 0.394531 0.271484 0.023438 0.015625
2 0.684570 0.262695 0.001953 0.001953
2 0.098633 0.263672 0.001953 0.003906
2 0.937500 0.262695 0.003906 0.005859
2 0.905273 0.260742 0.001953 0.001953
2 0.603516 0.266602 0.011719 0.013672
2 0.942383 0.258789 0.001953 0.001953
2 0.854492 0.260742 0.001953 0.005859
2 0.780273 0.264648 0.021484 0.013672
2 0.689453 0.258789 0.003906 0.001953
2 0.903320 0.256836 0.001953 0.001953
2 0.761719 0.257812 0.003906 0.003906
2 0.766602 0.254883 0.001953 0.001953
2 0.615234 0.257812 0.007812 0.007812
2 0.946289 0.252930 0.001953 0.005859
2 0.941406 0.251953 0.003906 0.003906
2 0.622070 0.250977 0.001953 0.001953
2 0.942383 0.245117 0.001953 0.001953
2 0.936523 0.245117 0.001953 0.001953
2 0.612305 0.243164 0.005859 0.005859
2 0.886719 0.238281 0.003906 0.003906
2 0.655273 0.237305 0.005859 0.001953
2 0.545898 0.233398 0.001953 0.001953
2 0.882812 0.232422 0.007812 0.007812
2 0.545898 0.229492 0.001953 0.001953
2 0.654297 0.228516 0.003906 0.003906
2 0.022461 0.246094 0.017578 0.042969
2 0.916992 0.223633 0.001953 0.001953
2 0.905273 0.223633 0.001953 0.001953
2 0.545898 0.224609 0.001953 0.003906
2 0.491211 0.223633 0.001953 0.001953
2 0.899414 0.219727 0.001953 0.001953
2 0.479492 0.217773 0.001953 0.001953
2 0.907227 0.213867 0.001953 0.001953
2 0.416992 0.211914 0.001953 0.001953
2 0.346680 0.209961 0.001953 0.001953
2 0.526367 0.351562 0.380859 0.289062
2 0.031250 0.208984 0.003906 0.003906
2 0.971680 0.206055 0.001953 0.001953
2 0.891602 0.217773 0.021484 0.033203
2 0.752930 0.200195 0.001953 0.005859
2 0.520508 0.198242 0.001953 0.001953
2 0.449219 0.198242 0.003906 0.001953
2 0.217773 0.198242 0.001953 0.001953
2 0.448242 0.194336 0.001953 0.001953
2 0.439453 0.199219 0.011719 0.011719
2 0.425781 0.198242 0.007812 0.013672
2 0.752930 0.190430 0.001953 0.001953
2 0.971680 0.186523 0.001953 0.001953
2 0.893555 0.186523 0.001953 0.001953
2 0.742188 0.187500 0.003906 0.003906
2 0.213867 0.189453 0.009766 0.007812
2 0.889648 0.184570 0.001953 0.001953
2 0.811523 0.184570 0.001953 0.001953
2 0.038086 0.185547 0.001953 0.003906
2 0.959961 0.182617 0.001953 0.001953
2 0.893555 0.182617 0.001953 0.001953
2 0.100586 0.182617 0.001953 0.001953
2 0.093750 0.182617 0.003906 0.001953
2 0.959961 0.188477 0.025391 0.017578
2 0.566406 0.182617 0.003906 0.005859
2 0.368164 0.180664 0.001953 0.001953
2 0.556641 0.179688 0.007812 0.003906
2 0.959961 0.176758 0.001953 0.001953
2 0.200195 0.174805 0.001953 0.001953
2 0.891602 0.173828 0.001953 0.003906
2 0.797852 0.172852 0.001953 0.001953
2 0.823242 0.168945 0.001953 0.001953
2 0.090820 0.168945 0.001953 0.001953
2 0.831055 0.166992 0.001953 0.001953
2 0.795898 0.163086 0.001953 0.001953
2 0.681641 0.163086 0.003906 0.001953
2 0.348633 0.163086 0.001953 0.001953
2 0.874023 0.159180 0.001953 0.001953
2 0.838867 0.159180 0.001953 0.001953
2 0.350586 0.159180 0.001953 0.001953
2 0.846680 0.166016 0.013672 0.019531
2 0.359375 0.158203 0.003906 0.003906
2 0.346680 0.157227 0.001953 0.001953
2 0.933594 0.155273 0.003906 0.001953
2 0.200195 0.156250 0.005859 0.003906
3 0.449219 0.176758 0.042969 0.052734
2 0.363281 0.152344 0.003906 0.003906
2 0.349609 0.152344 0.003906 0.003906
2 0.202148 0.151367 0.001953 0.001953
2 0.937500 0.150391 0.003906 0.003906
2 0.705078 0.157227 0.027344 0.025391
2 0.208008 0.145508 0.001953 0.001953
2 0.983398 0.143555 0.001953 0.001953
2 0.707031 0.144531 0.003906 0.003906
2 0.378906 0.153320 0.019531 0.025391
2 0.340820 0.144531 0.001953 0.007812
2 0.684570 0.140625 0.001953 0.003906
2 0.542969 0.179688 0.082031 0.085938
2 0.954102 0.139648 0.029297 0.009766
2 0.698242 0.133789 0.009766 0.001953
2 0.137695 0.131836 0.001953 0.001953
2 0.707031 0.126953 0.003906 0.003906
2 0.161133 0.130859 0.013672 0.011719
2 0.051758 0.128906 0.009766 0.011719
2 0.598633 0.122070 0.001953 0.001953
2 0.502930 0.122070 0.005859 0.001953
2 0.700195 0.120117 0.001953 0.001953
2 0.401367 0.116211 0.001953 0.001953
2 0.058594 0.112305 0.003906 0.001953
2 0.979492 0.115234 0.005859 0.011719
2 0.408203 0.109375 0.007812 0.003906
2 0.401367 0.108398 0.001953 0.001953
2 0.139648 0.118164 0.021484 0.021484
2 0.057617 0.108398 0.001953 0.001953
2 0.779297 0.107422 0.003906 0.003906
2 0.645508 0.126953 0.021484 0.042969
2 0.967773 0.100586 0.001953 0.001953
2 0.397461 0.098633 0.001953 0.001953
2 0.874023 0.096680 0.001953 0.001953
2 0.786133 0.143555 0.080078 0.099609
2 0.659180 0.094727 0.001953 0.001953
2 0.497070 0.094727 0.001953 0.001953
2 0.663086 0.092773 0.001953 0.001953
2 0.610352 0.092773 0.001953 0.001953
2 0.446289 0.092773 0.001953 0.001953
2 0.060547 0.093750 0.003906 0.003906
2 0.000977 0.092773 0.001953 0.001953
2 0.906250 0.145508 0.074219 0.111328
2 0.502930 0.090820 0.005859 0.005859
2 0.497070 0.088867 0.001953 0.001953
2 0.786133 0.084961 0.001953 0.001953
2 0.781250 0.084961 0.003906 0.005859
2 0.391602 0.083008 0.001953 0.001953
2 0.204102 0.081055 0.001953 0.001953
2 0.395508 0.080078 0.005859 0.003906
2 0.149414 0.079102 0.001953 0.001953
2 0.192383 0.075195 0.001953 0.001953
2 0.973633 0.089844 0.013672 0.035156
2 0.969727 0.073242 0.001953 0.001953
2 0.172852 0.071289 0.001953 0.001953
2 0.842773 0.069336 0.001953 0.001953
2 0.584961 0.069336 0.001953 0.001953
2 0.689453 0.068359 0.003906 0.003906
2 0.502930 0.067383 0.001953 0.001953
2 0.379883 0.070312 0.005859 0.007812
2 0.522461 0.065430 0.001953 0.001953
2 0.517578 0.068359 0.011719 0.007812
2 0.682617 0.073242 0.013672 0.021484
2 0.415039 0.063477 0.001953 0.001953
2 0.377930 0.063477 0.001953 0.001953
2 0.225586 0.063477 0.001953 0.001953
2 0.867188 0.059570 0.007812 0.001953
2 0.504883 0.059570 0.005859 0.001953
2 0.839844 0.065430 0.023438 0.021484
2 0.828125 0.056641 0.003906 0.003906
2 0.512695 0.055664 0.005859 0.005859
2 0.379883 0.053711 0.001953 0.001953
2 0.169922 0.052734 0.003906 0.003906
2 0.165039 0.049805 0.001953 0.001953
2 0.679688 0.053711 0.007812 0.013672
2 0.411133 0.048828 0.009766 0.003906
2 0.394531 0.047852 0.003906 0.001953
2 0.168945 0.047852 0.001953 0.001953
2 0.677734 0.045898 0.003906 0.005859
2 0.409180 0.041992 0.001953 0.001953
2 0.179688 0.053711 0.019531 0.025391
2 0.429688 0.040039 0.003906 0.001953
2 0.371094 0.041016 0.011719 0.003906
2 0.899414 0.041992 0.013672 0.009766
2 0.172852 0.037109 0.005859 0.003906
2 0.930664 0.034180 0.001953 0.001953
2 0.594727 0.034180 0.001953 0.001953
2 0.426758 0.034180 0.001953 0.001953
2 0.903320 0.032227 0.001953 0.001953
2 0.440430 0.032227 0.001953 0.001953
2 0.116211 0.032227 0.001953 0.001953
2 0.424805 0.030273 0.001953 0.001953
2 0.447266 0.029297 0.003906 0.003906
2 0.430664 0.029297 0.005859 0.003906
2 0.164062 0.032227 0.007812 0.009766
2 0.562500 0.026367 0.003906 0.001953
2 0.377930 0.026367 0.001953 0.001953
2 0.735352 0.024414 0.001953 0.001953
2 0.682617 0.025391 0.001953 0.003906
2 0.568359 0.025391 0.003906 0.003906
2 0.426758 0.024414 0.001953 0.001953
2 0.346680 0.024414 0.001953 0.001953
2 0.529297 0.024414 0.003906 0.005859
2 0.353516 0.023438 0.003906 0.003906
2 0.764648 0.022461 0.005859 0.005859
2 0.385742 0.020508 0.001953 0.001953
2 0.141602 0.020508 0.001953 0.001953
2 0.411133 0.018555 0.001953 0.001953
2 0.799805 0.017578 0.001953 0.003906
2 0.736328 0.018555 0.007812 0.005859
2 0.671875 0.027344 0.015625 0.023438
2 0.576172 0.017578 0.003906 0.003906
2 0.143555 0.016602 0.001953 0.001953
2 0.020508 0.016602 0.001953 0.001953
2 0.657227 0.014648 0.001953 0.001953
2 0.270508 0.015625 0.001953 0.003906
2 0.916992 0.012695 0.001953 0.001953
2 0.382812 0.014648 0.003906 0.005859
2 0.665039 0.010742 0.001953 0.001953
2 0.387695 0.011719 0.005859 0.003906
2 0.375977 0.014648 0.005859 0.009766
2 0.262695 0.012695 0.001953 0.005859
2 0.277344 0.008789 0.003906 0.001953
2 0.226562 0.008789 0.003906 0.001953
2 0.223633 0.011719 0.005859 0.007812
2 0.920898 0.006836 0.001953 0.001953
2 0.563477 0.006836 0.001953 0.001953
2 0.366211 0.006836 0.001953 0.001953
2 0.571289 0.011719 0.013672 0.015625
2 0.262695 0.004883 0.001953 0.001953
2 0.155273 0.005859 0.001953 0.003906
2 0.697266 0.003906 0.003906 0.003906
2 0.629883 0.002930 0.001953 0.001953
2 0.916992 0.002930 0.001953 0.005859
2 0.795898 0.000977 0.001953 0.001953
2 0.790039 0.000977 0.001953 0.001953
2 0.778320 0.000977 0.005859 0.001953
2 0.734375 0.002930 0.003906 0.005859
2 0.639648 0.000977 0.001953 0.001953
2 0.634766 0.000977 0.003906 0.001953
2 0.604492 0.045898 0.052734 0.091797
2 0.578125 0.000977 0.003906 0.001953
2 0.569336 0.000977 0.001953 0.001953
2 0.524414 0.000977 0.001953 0.001953
2 0.509766 0.001953 0.007812 0.003906
2 0.485352 0.000977 0.001953 0.001953
2 0.490234 0.066406 0.183594 0.132812
2 0.455078 0.000977 0.003906 0.001953
2 0.447266 0.001953 0.003906 0.003906
2 0.416016 0.010742 0.058594 0.021484
2 0.202148 0.316406 0.404297 0.632812
2 0.270508 0.005859 0.009766 0.011719
2 0.207031 0.003906 0.007812 0.007812
3 0.014648 0.041016 0.029297 0.082031
3 0.001953 0.001953 0.003906 0.003906