0 0.058594 0.995117 0.035156 0.009766
0 0.473633 0.987305 0.001953 0.001953
0 0.202148 0.987305 0.001953 0.001953
0 0.462891 0.991211 0.019531 0.013672
0 0.731445 0.981445 0.001953 0.001953
0 0.450195 0.981445 0.001953 0.001953
0 0.907227 0.989258 0.048828 0.021484
0 0.381836 0.975586 0.001953 0.001953
0 0.879883 0.963867 0.001953 0.001953
0 0.974609 0.968750 0.035156 0.035156
1 0.340820 0.950195 0.001953 0.001953
1 0.369141 0.950195 0.011719 0.009766
1 0.340820 0.944336 0.005859 0.005859
0 0.266602 0.943359 0.005859 0.003906
0 0.230469 0.944336 0.007812 0.005859
0 0.223633 0.940430 0.001953 0.001953
0 0.553711 0.942383 0.013672 0.013672
1 0.411133 0.936523 0.001953 0.001953
0 0.887695 0.933594 0.001953 0.003906
0 0.867188 0.949219 0.031250 0.035156
0 0.809570 0.933594 0.001953 0.003906
0 0.229492 0.930664 0.001953 0.001953
0 0.147461 0.930664 0.001953 0.001953
1 0.123047 0.923828 0.007812 0.003906
0 0.451172 0.920898 0.019531 0.013672
0 0.940430 0.909180 0.005859 0.005859
1 0.407227 0.922852 0.064453 0.037109
0 0.843750 0.903320 0.003906 0.001953
0 0.305664 0.903320 0.001953 0.001953
0 0.951172 0.905273 0.011719 0.009766
0 0.850586 0.901367 0.001953 0.001953
0 0.872070 0.897461 0.001953 0.001953
0 0.866211 0.897461 0.001953 0.001953
0 0.844727 0.897461 0.005859 0.005859
0 0.809570 0.911133 0.052734 0.037109
0 0.889648 0.872070 0.001953 0.001953
1 0.532227 0.868164 0.001953 0.001953
0 0.284180 0.863281 0.005859 0.003906
1 0.583008 0.870117 0.009766 0.021484
1 0.541992 0.860352 0.001953 0.001953
1 0.579102 0.858398 0.001953 0.001953
1 0.592773 0.855469 0.001953 0.003906
1 0.553711 0.877930 0.060547 0.064453
0 0.490234 0.846680 0.003906 0.001953
0 0.352539 0.846680 0.001953 0.001953
1 0.739258 0.849609 0.013672 0.015625
0 0.202148 0.842773 0.001953 0.001953
1 0.549805 0.833008 0.001953 0.001953
1 0.572266 0.832031 0.007812 0.003906
0 0.213867 0.828125 0.005859 0.003906
0 0.250977 0.825195 0.001953 0.001953
0 0.245117 0.825195 0.001953 0.001953
0 0.230469 0.825195 0.003906 0.001953
0 0.965820 0.863281 0.068359 0.082031
0 0.634766 0.846680 0.085938 0.060547
1 0.518555 0.818359 0.001953 0.003906
1 0.519531 0.840820 0.031250 0.048828
0 0.249023 0.817383 0.001953 0.001953
0 0.114258 0.815430 0.005859 0.001953
0 0.971680 0.814453 0.005859 0.003906
0 0.538086 0.809570 0.001953 0.001953
0 0.973633 0.807617 0.001953 0.001953
0 0.976562 0.806641 0.003906 0.007812
0 0.548828 0.815430 0.039062 0.029297
1 0.460938 0.795898 0.007812 0.005859
1 0.472656 0.792969 0.011719 0.007812
0 0.338867 0.788086 0.001953 0.001953
0 0.967773 0.784180 0.001953 0.001953
0 0.977539 0.782227 0.001953 0.001953
1 0.754883 0.784180 0.005859 0.005859
0 0.973633 0.780273 0.001953 0.001953
0 0.967773 0.780273 0.001953 0.001953
1 0.732422 0.781250 0.003906 0.003906
0 0.959961 0.778320 0.001953 0.001953
0 0.965820 0.776367 0.001953 0.001953
1 0.735352 0.776367 0.001953 0.001953
0 0.320312 0.774414 0.003906 0.001953
1 0.610352 0.773438 0.009766 0.007812
0 0.666992 0.769531 0.001953 0.003906
0 0.320312 0.768555 0.003906 0.001953
0 0.030273 0.768555 0.009766 0.009766
1 0.736328 0.764648 0.003906 0.005859
1 0.646484 0.779297 0.035156 0.035156
1 0.284180 0.762695 0.001953 0.001953
1 0.516602 0.760742 0.001953 0.001953
0 0.352539 0.760742 0.009766 0.005859
0 0.010742 0.772461 0.021484 0.029297
1 0.735352 0.757812 0.005859 0.003906
1 0.516602 0.756836 0.001953 0.001953
0 0.498047 0.762695 0.015625 0.013672
0 0.350586 0.753906 0.013672 0.003906
0 0.717773 0.766602 0.025391 0.033203
1 0.281250 0.751953 0.003906 0.007812
0 0.881836 0.747070 0.001953 0.001953
0 0.301758 0.780273 0.037109 0.068359
0 0.284180 0.747070 0.001953 0.001953
0 0.883789 0.743164 0.001953 0.001953
0 0.765625 0.744141 0.007812 0.007812
0 0.827148 0.735352 0.001953 0.001953
0 0.821289 0.733398 0.001953 0.001953
0 0.581055 0.731445 0.001953 0.001953
0 0.188477 0.721680 0.001953 0.001953
0 0.179688 0.860352 0.359375 0.279297
0 0.194336 0.719727 0.001953 0.001953
0 0.863281 0.718750 0.003906 0.003906
0 0.188477 0.717773 0.001953 0.001953
0 0.842773 0.709961 0.001953 0.001953
0 0.836914 0.709961 0.001953 0.001953
0 0.327148 0.708008 0.001953 0.001953
0 0.323242 0.702148 0.001953 0.001953
0 0.011719 0.719727 0.023438 0.037109
0 0.032227 0.696289 0.001953 0.001953
0 0.821289 0.697266 0.005859 0.007812
1 0.674805 0.701172 0.013672 0.015625
1 0.323242 0.696289 0.005859 0.005859
0 0.133789 0.694336 0.001953 0.001953
1 0.545898 0.692383 0.001953 0.001953
1 0.306641 0.708984 0.042969 0.035156
0 0.981445 0.690430 0.001953 0.001953
1 0.545898 0.688477 0.001953 0.001953
1 0.499023 0.692383 0.005859 0.009766
0 0.071289 0.688477 0.001953 0.001953
0 0.989258 0.689453 0.009766 0.007812
0 0.979492 0.684570 0.001953 0.001953
0 0.972656 0.685547 0.007812 0.003906
0 0.960938 0.688477 0.007812 0.009766
1 0.674805 0.684570 0.001953 0.001953
0 0.151367 0.684570 0.001953 0.001953
1 0.311523 0.683594 0.001953 0.003906
0 0.250000 0.682617 0.003906 0.001953
0 0.126953 0.690430 0.011719 0.017578
0 0.032227 0.682617 0.001953 0.001953
0 0.272461 0.680664 0.001953 0.001953
0 0.155273 0.681641 0.001953 0.003906
0 0.022461 0.681641 0.009766 0.003906
0 0.981445 0.679688 0.005859 0.003906
0 0.268555 0.679688 0.001953 0.003906
0 0.908203 0.677734 0.003906 0.003906
0 0.303711 0.676758 0.001953 0.001953
0 0.020508 0.676758 0.001953 0.001953
1 0.513672 0.690430 0.023438 0.037109
1 0.500000 0.678711 0.007812 0.013672
0 0.303711 0.672852 0.001953 0.001953
0 0.254883 0.672852 0.001953 0.001953
0 0.997070 0.670898 0.001953 0.001953
0 0.428711 0.672852 0.009766 0.009766
0 0.256836 0.666992 0.001953 0.001953
0 0.027344 0.667969 0.003906 0.003906
1 0.484375 0.666992 0.011719 0.009766
0 0.602539 0.653320 0.001953 0.001953
1 0.316406 0.667969 0.042969 0.035156
0 0.267578 0.660156 0.027344 0.035156
0 0.865234 0.654297 0.023438 0.027344
1 0.357422 0.652344 0.023438 0.023438
0 0.864258 0.637695 0.001953 0.001953
0 0.227539 0.686523 0.044922 0.103516
0 0.011719 0.655273 0.023438 0.041016
0 0.859375 0.628906 0.003906 0.003906
0 0.011719 0.631836 0.003906 0.013672
0 0.985352 0.642578 0.029297 0.039062
0 0.268555 0.622070 0.001953 0.001953
0 0.465820 0.620117 0.001953 0.001953
0 0.262695 0.620117 0.001953 0.001953
0 0.003906 0.619141 0.007812 0.003906
0 0.279297 0.617188 0.003906 0.003906
0 0.040039 0.619141 0.005859 0.007812
0 0.036133 0.613281 0.001953 0.003906
0 0.833008 0.608398 0.001953 0.001953
0 0.792969 0.610352 0.011719 0.013672
0 0.270508 0.611328 0.009766 0.015625
0 0.108398 0.604492 0.001953 0.001953
0 0.013672 0.604492 0.003906 0.001953
1 0.616211 0.600586 0.001953 0.001953
0 0.023438 0.604492 0.011719 0.009766
0 0.016602 0.600586 0.001953 0.001953
0 0.764648 0.601562 0.005859 0.007812
0 0.555664 0.599609 0.005859 0.003906
0 0.475586 0.598633 0.001953 0.001953
0 0.106445 0.599609 0.001953 0.003906
0 0.813477 0.609375 0.025391 0.027344
0 0.021484 0.596680 0.003906 0.001953
0 0.308594 0.596680 0.007812 0.009766
0 0.144531 0.597656 0.015625 0.011719
0 0.080078 0.602539 0.019531 0.021484
0 0.012695 0.592773 0.005859 0.005859
1 0.888672 0.591797 0.003906 0.007812
0 0.852539 0.588867 0.001953 0.001953
0 0.538086 0.586914 0.001953 0.001953
0 0.467773 0.599609 0.017578 0.035156
0 0.268555 0.583008 0.001953 0.001953
0 0.063477 0.584961 0.005859 0.009766
0 0.018555 0.583008 0.001953 0.005859
1 0.886719 0.580078 0.003906 0.003906
1 0.866211 0.582031 0.005859 0.007812
0 0.723633 0.575195 0.001953 0.001953
1 0.467773 0.559570 0.001953 0.001953
1 0.461914 0.553711 0.001953 0.001953
0 0.006836 0.553711 0.001953 0.001953
1 0.088867 0.560547 0.029297 0.027344
1 0.071289 0.547852 0.005859 0.005859
0 0.016602 0.543945 0.001953 0.001953
1 0.079102 0.541992 0.001953 0.001953
0 0.108398 0.540039 0.001953 0.001953
0 0.291992 0.536133 0.001953 0.001953
0 0.132812 0.536133 0.003906 0.001953
0 0.073242 0.537109 0.005859 0.007812
0 0.231445 0.541016 0.025391 0.023438
0 0.139648 0.526367 0.001953 0.001953
0 0.069336 0.527344 0.001953 0.003906
0 0.276367 0.553711 0.041016 0.060547
0 0.096680 0.528320 0.013672 0.013672
0 0.884766 0.523438 0.003906 0.007812
0 0.149414 0.524414 0.009766 0.009766
0 0.140625 0.520508 0.003906 0.001953
0 0.151367 0.516602 0.001953 0.001953
0 0.145508 0.516602 0.001953 0.001953
0 0.813477 0.541016 0.041016 0.054688
0 0.155273 0.514648 0.001953 0.001953
0 0.140625 0.514648 0.003906 0.005859
0 0.134766 0.516602 0.003906 0.009766
0 0.122070 0.544922 0.033203 0.070312
0 0.277344 0.508789 0.003906 0.001953
0 0.286133 0.506836 0.001953 0.001953
0 0.079102 0.502930 0.001953 0.001953
0 0.959961 0.502930 0.005859 0.009766
0 0.857422 0.496094 0.007812 0.003906
0 0.924805 0.693359 0.150391 0.402344
0 0.958008 0.493164 0.001953 0.001953
0 0.085938 0.493164 0.003906 0.005859
1 0.182617 0.485352 0.001953 0.001953
1 0.149414 0.491211 0.013672 0.013672
0 0.139648 0.485352 0.001953 0.001953
0 0.821289 0.481445 0.001953 0.001953
0 0.063477 0.479492 0.001953 0.001953
0 0.879883 0.478516 0.005859 0.003906
0 0.082031 0.481445 0.011719 0.009766
0 0.265625 0.490234 0.039062 0.031250
0 0.088867 0.475586 0.001953 0.001953
0 0.999023 0.469727 0.001953 0.001953
0 0.378906 0.462891 0.003906 0.003906
0 0.371094 0.461914 0.003906 0.001953
0 0.106445 0.461914 0.001953 0.001953
0 0.064453 0.463867 0.003906 0.005859
0 0.997070 0.459961 0.001953 0.001953
0 0.057617 0.458984 0.001953 0.003906
0 0.383789 0.456055 0.001953 0.001953
0 0.339844 0.456055 0.003906 0.001953
0 0.333008 0.456055 0.001953 0.001953
0 0.334961 0.452148 0.001953 0.001953
1 0.885742 0.448242 0.001953 0.001953
0 0.346680 0.448242 0.001953 0.001953
0 0.342773 0.448242 0.001953 0.001953
1 0.892578 0.446289 0.003906 0.001953
1 0.926758 0.444336 0.001953 0.001953
1 0.903320 0.440430 0.001953 0.001953
0 0.207031 0.440430 0.003906 0.001953
1 0.948242 0.438477 0.001953 0.001953
1 0.926758 0.438477 0.001953 0.001953
0 0.216797 0.433594 0.003906 0.003906
0 0.230469 0.430664 0.003906 0.001953
0 0.224609 0.429688 0.003906 0.003906
0 0.190430 0.426758 0.001953 0.001953
0 0.197266 0.425781 0.007812 0.007812
0 0.252930 0.420898 0.001953 0.001953
0 0.171875 0.416016 0.003906 0.003906
0 0.925781 0.413086 0.003906 0.001953
1 0.959961 0.445312 0.072266 0.070312
0 0.128906 0.412109 0.003906 0.003906
1 0.938477 0.410156 0.001953 0.003906
0 0.133789 0.409180 0.001953 0.001953
0 0.184570 0.438477 0.185547 0.091797
0 0.172852 0.383789 0.001953 0.001953
0 0.066406 0.327148 0.003906 0.005859
0 0.997070 0.323242 0.001953 0.001953
0 0.999023 0.312500 0.001953 0.003906
0 0.999023 0.307617 0.001953 0.001953
0 0.211914 0.303711 0.001953 0.001953
0 0.041992 0.286133 0.001953 0.001953
0 0.192383 0.274414 0.001953 0.001953
0 0.057617 0.266602 0.001953 0.001953
0 0.145508 0.257812 0.005859 0.003906
0 0.041992 0.256836 0.001953 0.001953
0 0.144531 0.250977 0.003906 0.001953
0 0.139648 0.250977 0.001953 0.001953
0 0.133789 0.250977 0.001953 0.001953
0 0.108398 0.245117 0.005859 0.005859
0 0.082031 0.245117 0.003906 0.005859
0 0.060547 0.252930 0.027344 0.033203
0 0.079102 0.229492 0.001953 0.001953
0 0.165039 0.225586 0.001953 0.001953
0 0.180664 0.211914 0.001953 0.001953
1 0.907227 0.210938 0.001953 0.003906
0 0.074219 0.212891 0.031250 0.027344
0 0.122070 0.197266 0.001953 0.003906
0 0.075195 0.192383 0.001953 0.001953
0 0.075195 0.188477 0.001953 0.001953
0 0.915039 0.180664 0.001953 0.001953
0 0.895508 0.180664 0.029297 0.041016
0 0.083008 0.159180 0.001953 0.001953
0 0.108398 0.157227 0.001953 0.001953
0 0.952148 0.139648 0.001953 0.001953
0 0.977539 0.137695 0.001953 0.001953
0 0.115234 0.133789 0.003906 0.001953
0 0.116211 0.129883 0.001953 0.001953
0 0.109375 0.129883 0.007812 0.001953
0 0.979492 0.128906 0.001953 0.003906
0 0.198242 0.125977 0.001953 0.001953
0 0.231445 0.123047 0.001953 0.003906
0 0.983398 0.120117 0.001953 0.001953
0 0.247070 0.106445 0.001953 0.001953
0 0.233398 0.096680 0.001953 0.001953
0 0.231445 0.086914 0.001953 0.001953
0 0.208008 0.084961 0.001953 0.001953
0 0.260742 0.061523 0.001953 0.001953
0 0.297852 0.059570 0.001953 0.001953
0 0.061523 0.050781 0.001953 0.003906
0 0.075195 0.041992 0.001953 0.001953
0 0.157227 0.040039 0.001953 0.001953
0 0.309570 0.034180 0.001953 0.001953
0 0.079102 0.035156 0.001953 0.003906
0 0.074219 0.034180 0.003906 0.001953
0 0.083008 0.032227 0.001953 0.001953
0 0.086914 0.028320 0.001953 0.001953
0 0.081055 0.028320 0.001953 0.001953
0 0.039062 0.027344 0.003906 0.003906
0 0.073242 0.024414 0.001953 0.001953
0 0.023438 0.018555 0.003906 0.001953
0 0.081055 0.004883 0.001953 0.001953
0 0.803711 0.000977 0.001953 0.001953
0 0.500000 0.389648 1.000000 0.779297
0 0.247070 0.049805 0.123047 0.099609
0 0.032227 0.001953 0.001953 0.003906
0 0.029297 0.057617 0.058594 0.115234
2 0.916016 0.995117 0.003906 0.001953
2 0.057617 0.993164 0.001953 0.001953
2 0.340820 0.956055 0.001953 0.001953
2 0.108398 0.956055 0.001953 0.001953
2 0.277344 0.955078 0.003906 0.003906
2 0.247070 0.952148 0.001953 0.001953
2 0.215820 0.952148 0.001953 0.001953
3 0.321289 0.948242 0.001953 0.001953
2 0.213867 0.946289 0.001953 0.001953
2 0.079102 0.947266 0.001953 0.003906
2 0.075195 0.946289 0.001953 0.001953
2 0.209961 0.944336 0.001953 0.001953
2 0.215820 0.941406 0.005859 0.007812
2 0.210938 0.935547 0.007812 0.003906
3 0.000977 0.930664 0.001953 0.001953
2 0.185547 0.925781 0.003906 0.003906
3 0.025391 0.924805 0.003906 0.001953
3 0.036133 0.922852 0.001953 0.001953
3 0.017578 0.941406 0.035156 0.039062
3 0.000977 0.921875 0.001953 0.003906
2 0.107422 0.956055 0.136719 0.087891
2 0.054688 0.914062 0.027344 0.007812
2 0.132812 0.911133 0.007812 0.005859
2 0.287109 0.908203 0.003906 0.003906
3 0.086914 0.902344 0.005859 0.003906
2 0.090820 0.897461 0.005859 0.001953
2 0.136719 0.897461 0.003906 0.005859
2 0.877930 0.875977 0.001953 0.001953
2 0.004883 0.843750 0.009766 0.007812
2 0.016602 0.795898 0.001953 0.001953
3 0.095703 0.791992 0.003906 0.001953
3 0.528320 0.776367 0.001953 0.001953
2 0.010742 0.775391 0.001953 0.003906
3 0.539062 0.756836 0.003906 0.001953
2 0.104492 0.754883 0.001953 0.001953
2 0.924805 0.750977 0.001953 0.001953
3 0.544922 0.737305 0.007812 0.009766
2 0.936523 0.719727 0.001953 0.001953
2 0.961914 0.665039 0.001953 0.001953
2 0.999023 0.649414 0.001953 0.001953
2 0.331055 0.631836 0.001953 0.001953
2 0.653320 0.612305 0.001953 0.001953
2 0.599609 0.609375 0.007812 0.003906
2 0.588867 0.610352 0.009766 0.009766
2 0.592773 0.601562 0.013672 0.003906
2 0.731445 0.590820 0.001953 0.001953
2 0.435547 0.575195 0.003906 0.001953
2 0.040039 0.571289 0.001953 0.001953
3 0.603516 0.571289 0.019531 0.013672
2 0.332031 0.565430 0.007812 0.005859
2 0.612305 0.561523 0.001953 0.001953
2 0.039062 0.563477 0.003906 0.005859
2 0.605469 0.561523 0.007812 0.005859
2 0.342773 0.557617 0.001953 0.001953
2 0.356445 0.547852 0.001953 0.001953
2 0.350586 0.547852 0.001953 0.001953
2 0.358398 0.543945 0.001953 0.001953
2 0.367188 0.550781 0.031250 0.023438
2 0.760742 0.536133 0.001953 0.001953
2 0.719727 0.536133 0.001953 0.001953
2 0.024414 0.540039 0.005859 0.009766
2 0.392578 0.537109 0.007812 0.007812
2 0.383789 0.538086 0.005859 0.009766
2 0.604492 0.543945 0.013672 0.029297
2 0.398438 0.527344 0.003906 0.011719
2 0.024414 0.525391 0.005859 0.015625
2 0.039062 0.513672 0.003906 0.003906
2 0.061523 0.503906 0.005859 0.003906
2 0.659180 0.500977 0.001953 0.001953
2 0.439453 0.503906 0.011719 0.023438
2 0.051758 0.491211 0.001953 0.001953
2 0.682617 0.489258 0.001953 0.001953
2 0.434570 0.489258 0.001953 0.001953
2 0.682617 0.500977 0.041016 0.029297
2 0.029297 0.496094 0.027344 0.023438
2 0.607422 0.479492 0.003906 0.001953
2 0.463867 0.470703 0.001953 0.003906
2 0.417969 0.463867 0.007812 0.005859
2 0.003906 0.465820 0.007812 0.013672
2 0.556641 0.456055 0.003906 0.001953
2 0.551758 0.456055 0.001953 0.001953
2 0.842773 0.456055 0.005859 0.005859
2 0.442383 0.462891 0.033203 0.019531
2 0.805664 0.450195 0.001953 0.001953
2 0.543945 0.452148 0.064453 0.021484
2 0.472656 0.439453 0.003906 0.003906
2 0.623047 0.458008 0.027344 0.044922
2 0.774414 0.434570 0.001953 0.001953
2 0.596680 0.434570 0.001953 0.001953
3 0.885742 0.431641 0.001953 0.003906
3 0.893555 0.428711 0.001953 0.001953
2 0.780273 0.426758 0.001953 0.001953
2 0.603516 0.430664 0.007812 0.009766
3 0.887695 0.424805 0.001953 0.001953
2 0.746094 0.445312 0.062500 0.042969
2 0.401367 0.424805 0.001953 0.001953
2 0.883789 0.422852 0.001953 0.001953
2 0.321289 0.418945 0.001953 0.001953
2 0.317383 0.418945 0.001953 0.001953
2 0.487305 0.415039 0.001953 0.001953
2 0.916992 0.413086 0.001953 0.001953
3 0.963867 0.409180 0.001953 0.001953
2 0.652344 0.407227 0.003906 0.001953
3 0.459961 0.407227 0.001953 0.001953
2 0.438477 0.409180 0.005859 0.005859
2 0.666992 0.405273 0.001953 0.001953
2 0.013672 0.424805 0.023438 0.041016
2 0.663086 0.404297 0.001953 0.003906
3 0.439453 0.402344 0.003906 0.003906
3 0.452148 0.401367 0.013672 0.005859
2 0.909180 0.397461 0.001953 0.001953
3 0.466797 0.398438 0.011719 0.003906
2 0.917969 0.394531 0.011719 0.003906
2 0.905273 0.396484 0.005859 0.007812
2 0.118164 0.391602 0.001953 0.001953
2 0.734375 0.390625 0.003906 0.003906
2 0.021484 0.391602 0.003906 0.005859
3 0.490234 0.398438 0.031250 0.031250
2 0.026367 0.388672 0.009766 0.011719
2 0.010742 0.377930 0.001953 0.001953
2 0.690430 0.375977 0.001953 0.001953
2 0.237305 0.374023 0.001953 0.001953
2 0.303711 0.370117 0.001953 0.001953
2 0.120117 0.370117 0.001953 0.001953
2 0.116211 0.368164 0.001953 0.001953
2 0.837891 0.367188 0.003906 0.003906
2 0.299805 0.366211 0.001953 0.001953
2 0.290039 0.373047 0.009766 0.015625
2 0.097656 0.366211 0.003906 0.001953
2 0.229492 0.362305 0.001953 0.001953
2 0.709961 0.360352 0.001953 0.001953
2 0.254883 0.360352 0.001953 0.001953
2 0.125977 0.364258 0.005859 0.009766
2 0.100586 0.361328 0.005859 0.003906
2 0.223633 0.358398 0.001953 0.001953
2 0.528320 0.356445 0.001953 0.001953
2 0.291992 0.356445 0.001953 0.001953
3 0.615234 0.383789 0.058594 0.064453
2 0.897461 0.348633 0.005859 0.001953
2 0.766602 0.348633 0.001953 0.001953
3 0.602539 0.348633 0.001953 0.001953
2 0.598633 0.348633 0.001953 0.001953
2 0.516602 0.348633 0.001953 0.001953
2 0.516602 0.344727 0.001953 0.001953
2 0.075195 0.346680 0.005859 0.005859
2 0.508789 0.342773 0.001953 0.001953
2 0.112305 0.349609 0.021484 0.019531
2 0.235352 0.338867 0.001953 0.001953
2 0.550781 0.339844 0.003906 0.007812
2 0.541992 0.336914 0.001953 0.001953
2 0.113281 0.337891 0.003906 0.003906
2 0.105469 0.337891 0.007812 0.003906
2 0.601562 0.338867 0.003906 0.009766
2 0.366211 0.333008 0.001953 0.001953
2 0.853516 0.352539 0.058594 0.044922
2 0.852539 0.331055 0.005859 0.001953
2 0.225586 0.331055 0.001953 0.001953
2 0.362305 0.330078 0.001953 0.003906
2 0.237305 0.329102 0.001953 0.001953
2 0.233398 0.329102 0.001953 0.001953
2 0.034180 0.329102 0.001953 0.001953
2 0.971680 0.328125 0.001953 0.003906
2 0.938477 0.333984 0.009766 0.027344
2 0.444336 0.321289 0.001953 0.001953
2 0.217773 0.315430 0.001953 0.001953
3 0.866211 0.313477 0.001953 0.001953
3 0.771484 0.328125 0.023438 0.031250
3 0.836914 0.316406 0.013672 0.011719
2 0.460938 0.307617 0.003906 0.005859
2 0.116211 0.305664 0.001953 0.001953
2 0.004883 0.301758 0.001953 0.001953
2 0.918945 0.299805 0.001953 0.001953
2 0.462891 0.300781 0.003906 0.003906
2 0.008789 0.299805 0.001953 0.001953
2 0.500000 0.648438 1.000000 0.703125
2 0.989258 0.297852 0.001953 0.001953
3 0.832031 0.298828 0.007812 0.003906
2 0.001953 0.298828 0.003906 0.003906
2 0.968750 0.295898 0.003906 0.001953
2 0.999023 0.292969 0.001953 0.003906
2 0.938477 0.291992 0.001953 0.001953
2 0.995117 0.290039 0.001953 0.001953
3 0.989258 0.290039 0.001953 0.001953
2 0.927734 0.298828 0.023438 0.027344
2 0.296875 0.320312 0.128906 0.070312
2 0.229492 0.287109 0.001953 0.003906
2 0.212891 0.288086 0.003906 0.005859
2 0.999023 0.284180 0.001953 0.001953
2 0.971680 0.285156 0.001953 0.003906
2 0.463867 0.306641 0.033203 0.046875
2 0.256836 0.281250 0.005859 0.003906
3 0.999023 0.278320 0.001953 0.001953
2 0.411133 0.283203 0.013672 0.011719
2 0.325195 0.278320 0.001953 0.001953
3 0.416992 0.276367 0.001953 0.001953
2 0.143555 0.276367 0.001953 0.001953
2 0.731445 0.281250 0.009766 0.015625
2 0.247070 0.274414 0.001953 0.001953
2 0.235352 0.274414 0.001953 0.001953
2 0.130859 0.295898 0.023438 0.044922
2 0.619141 0.287109 0.007812 0.031250
2 0.975586 0.276367 0.009766 0.013672
2 0.433594 0.272461 0.003906 0.005859
3 0.411133 0.270508 0.001953 0.001953
2 0.735352 0.268555 0.001953 0.001953
3 0.417969 0.267578 0.007812 0.003906
2 0.300781 0.270508 0.019531 0.013672
2 0.356445 0.262695 0.005859 0.001953
2 0.241211 0.265625 0.021484 0.007812
2 0.198242 0.262695 0.001953 0.001953
2 0.999023 0.260742 0.001953 0.001953
2 0.994141 0.262695 0.003906 0.005859
2 0.309570 0.260742 0.001953 0.001953
2 0.253906 0.262695 0.007812 0.005859
2 0.666992 0.259766 0.001953 0.003906
2 0.622070 0.256836 0.001953 0.001953
3 0.430664 0.256836 0.001953 0.001953
2 0.247070 0.256836 0.001953 0.001953
2 0.659180 0.281250 0.044922 0.054688
2 0.629883 0.253906 0.001953 0.003906
2 0.577148 0.249023 0.001953 0.001953
3 0.416016 0.254883 0.011719 0.017578
3 0.882812 0.247070 0.003906 0.005859
2 0.511719 0.258789 0.027344 0.029297
2 0.979492 0.239258 0.001953 0.001953
2 0.565430 0.259766 0.029297 0.042969
2 0.987305 0.237305 0.001953 0.001953
2 0.389648 0.238281 0.001953 0.003906
3 0.438477 0.242188 0.025391 0.015625
2 0.295898 0.233398 0.001953 0.001953
2 0.997070 0.242188 0.005859 0.023438
3 0.417969 0.228516 0.003906 0.003906
2 0.352539 0.236328 0.005859 0.019531
3 0.800781 0.228516 0.003906 0.007812
2 0.680664 0.225586 0.001953 0.001953
2 0.999023 0.223633 0.001953 0.001953
2 0.966797 0.225586 0.003906 0.005859
3 0.827148 0.215820 0.001953 0.001953
2 0.307617 0.227539 0.029297 0.029297
2 0.245117 0.213867 0.001953 0.001953
3 0.815430 0.216797 0.013672 0.011719
3 0.883789 0.209961 0.001953 0.001953
3 0.791992 0.211914 0.017578 0.017578
2 0.973633 0.205078 0.013672 0.007812
2 0.659180 0.200195 0.001953 0.001953
2 0.352539 0.211914 0.005859 0.025391
2 0.713867 0.198242 0.001953 0.001953
2 0.586914 0.198242 0.001953 0.001953
2 0.974609 0.196289 0.003906 0.001953
3 0.761719 0.205078 0.011719 0.019531
2 0.659180 0.196289 0.001953 0.001953
2 0.333008 0.190430 0.001953 0.001953
2 0.653320 0.188477 0.001953 0.001953
3 0.579102 0.188477 0.009766 0.001953
2 0.161133 0.188477 0.001953 0.001953
2 0.589844 0.189453 0.011719 0.011719
2 0.709961 0.182617 0.001953 0.001953
3 0.395508 0.182617 0.001953 0.001953
2 0.041992 0.183594 0.001953 0.003906
2 0.345703 0.186523 0.019531 0.017578
2 0.055664 0.176758 0.001953 0.001953
3 0.416016 0.180664 0.035156 0.013672
2 0.717773 0.172852 0.001953 0.001953
2 0.057617 0.172852 0.001953 0.001953
2 0.724609 0.168945 0.003906 0.001953
2 0.444336 0.168945 0.001953 0.001953
2 0.000977 0.168945 0.001953 0.001953
3 0.868164 0.244141 0.123047 0.160156
3 0.829102 0.165039 0.001953 0.001953
2 0.000977 0.165039 0.001953 0.001953
3 0.364258 0.161133 0.001953 0.001953
3 0.790039 0.160156 0.001953 0.003906
2 0.442383 0.159180 0.001953 0.001953
2 0.000977 0.155273 0.001953 0.001953
2 0.863281 0.156250 0.003906 0.007812
2 0.988281 0.169922 0.023438 0.039062
2 0.770508 0.151367 0.005859 0.005859
2 0.288086 0.149414 0.001953 0.001953
2 0.277344 0.163086 0.023438 0.029297
2 0.711914 0.147461 0.001953 0.001953
2 0.708008 0.161133 0.037109 0.037109
2 0.052734 0.160156 0.023438 0.035156
2 0.903320 0.141602 0.001953 0.001953
2 0.872070 0.140625 0.001953 0.003906
2 0.715820 0.139648 0.001953 0.001953
2 0.002930 0.145508 0.005859 0.013672
2 0.985352 0.135742 0.001953 0.001953
2 0.864258 0.137695 0.005859 0.005859
2 0.651367 0.131836 0.001953 0.001953
3 0.806641 0.146484 0.042969 0.035156
2 0.647461 0.129883 0.001953 0.001953
3 0.844727 0.127930 0.001953 0.001953
2 0.352539 0.133789 0.009766 0.013672
2 0.639648 0.125977 0.009766 0.001953
2 0.018555 0.125000 0.001953 0.003906
2 0.079102 0.129883 0.009766 0.017578
2 0.102539 0.120117 0.005859 0.005859
2 0.093750 0.122070 0.007812 0.009766
2 0.118164 0.116211 0.001953 0.001953
2 0.125000 0.115234 0.003906 0.003906
3 0.944336 0.112305 0.001953 0.001953
3 0.562500 0.112305 0.003906 0.001953
2 0.118164 0.112305 0.001953 0.001953
2 0.364258 0.110352 0.001953 0.001953
3 0.944336 0.108398 0.001953 0.001953
2 0.732422 0.110352 0.007812 0.005859
2 0.718750 0.116211 0.011719 0.021484
2 0.002930 0.106445 0.001953 0.001953
3 0.541992 0.104492 0.001953 0.001953
3 0.948242 0.104492 0.009766 0.005859
2 0.732422 0.103516 0.003906 0.003906
2 0.051758 0.098633 0.001953 0.001953
2 0.388672 0.111328 0.074219 0.031250
2 0.254883 0.090820 0.001953 0.001953
2 0.559570 0.099609 0.017578 0.023438
2 0.403320 0.088867 0.001953 0.001953
2 0.932617 0.160156 0.134766 0.148438
2 0.151367 0.086914 0.001953 0.001953
2 0.141602 0.092773 0.009766 0.013672
3 0.923828 0.091797 0.035156 0.019531
2 0.819336 0.083008 0.001953 0.001953
2 0.512695 0.083008 0.001953 0.001953
2 0.815430 0.081055 0.001953 0.001953
2 0.516602 0.081055 0.001953 0.001953
2 0.150391 0.081055 0.007812 0.005859
2 0.494141 0.125000 0.132812 0.101562
2 0.252930 0.073242 0.001953 0.001953
2 0.850586 0.072266 0.001953 0.003906
2 0.864258 0.067383 0.001953 0.001953
2 0.251953 0.063477 0.003906 0.001953
2 0.000977 0.065430 0.001953 0.005859
2 0.006836 0.060547 0.001953 0.003906
2 0.000977 0.059570 0.001953 0.001953
2 0.600586 0.057617 0.001953 0.001953
2 0.875000 0.056641 0.011719 0.007812
2 0.837891 0.072266 0.050781 0.039062
2 0.834961 0.051758 0.001953 0.001953
2 0.227539 0.051758 0.001953 0.001953
2 0.602539 0.050781 0.005859 0.003906
2 0.201172 0.048828 0.003906 0.003906
2 0.436523 0.073242 0.056641 0.056641
2 0.231445 0.043945 0.001953 0.001953
2 0.690430 0.046875 0.017578 0.011719
2 0.696289 0.041016 0.005859 0.003906
2 0.850586 0.038086 0.001953 0.001953
2 0.461914 0.041992 0.005859 0.009766
2 0.365234 0.047852 0.023438 0.021484
2 0.001953 0.039062 0.003906 0.003906
2 0.572266 0.060547 0.062500 0.070312
2 0.297852 0.026367 0.001953 0.001953
2 0.839844 0.032227 0.019531 0.029297
2 0.500977 0.016602 0.005859 0.005859
2 0.725586 0.014648 0.005859 0.005859
2 0.530273 0.011719 0.001953 0.003906
2 0.282227 0.010742 0.001953 0.001953
2 0.721680 0.004883 0.001953 0.001953
2 0.616211 0.014648 0.044922 0.021484
2 0.869141 0.004883 0.019531 0.009766
2 0.791992 0.022461 0.083984 0.044922
2 0.726562 0.000977 0.003906 0.001953
2 0.708984 0.002930 0.019531 0.005859
2 0.510742 0.008789 0.033203 0.017578
2 0.457031 0.016602 0.007812 0.033203
2 0.240234 0.025391 0.070312 0.050781
2 0.177734 0.170898 0.355469 0.341797