2 0.846680 0.999023 0.001953 0.001953
2 0.026367 0.999023 0.001953 0.001953
2 0.305664 0.996094 0.005859 0.003906
2 0.823242 0.983398 0.001953 0.001953
2 0.011719 0.991211 0.023438 0.017578
2 0.729492 0.969727 0.001953 0.001953
2 0.831055 0.975586 0.013672 0.017578
2 0.733398 0.968750 0.001953 0.003906
2 0.733398 0.963867 0.001953 0.001953
2 0.850586 0.957031 0.005859 0.003906
2 0.073242 0.944336 0.001953 0.001953
2 0.168945 0.938477 0.001953 0.001953
2 0.851562 0.937500 0.003906 0.003906
2 0.860352 0.934570 0.001953 0.001953
2 0.128906 0.932617 0.003906 0.001953
2 0.791016 0.963867 0.105469 0.072266
2 0.990234 0.922852 0.011719 0.005859
2 0.951172 0.958984 0.097656 0.082031
2 0.916992 0.918945 0.001953 0.001953
2 0.597656 0.920898 0.007812 0.005859
2 0.780273 0.917969 0.001953 0.003906
2 0.965820 0.915039 0.001953 0.001953
2 0.916992 0.915039 0.001953 0.001953
2 0.920898 0.914062 0.001953 0.003906
2 0.779297 0.913086 0.003906 0.001953
2 0.804688 0.897461 0.003906 0.001953
2 0.983398 0.883789 0.001953 0.001953
2 0.972656 0.706055 0.003906 0.005859
2 0.999023 0.700195 0.001953 0.001953
2 0.998047 0.694336 0.003906 0.005859
2 0.997070 0.604492 0.001953 0.001953
2 0.975586 0.373047 0.001953 0.003906
2 0.991211 0.364258 0.001953 0.001953
2 0.995117 0.345703 0.009766 0.023438
2 0.994141 0.326172 0.007812 0.003906
2 0.981445 0.211914 0.001953 0.001953
2 0.086914 0.165039 0.001953 0.001953
2 0.149414 0.163086 0.001953 0.001953
2 0.930664 0.141602 0.001953 0.001953
2 0.108398 0.092773 0.001953 0.001953
2 0.112305 0.086914 0.001953 0.001953
2 0.976562 0.076172 0.003906 0.003906
2 0.989258 0.073242 0.001953 0.001953
2 0.976562 0.071289 0.003906 0.001953
2 0.106445 0.075195 0.009766 0.013672
2 0.108398 0.065430 0.001953 0.001953
2 0.970703 0.063477 0.003906 0.005859
2 0.102539 0.061523 0.001953 0.001953
2 0.990234 0.064453 0.011719 0.011719
2 0.486328 0.058594 0.003906 0.003906
2 0.966797 0.041016 0.003906 0.003906
2 0.151367 0.038086 0.001953 0.001953
2 0.971680 0.036133 0.001953 0.001953
2 0.079102 0.030273 0.001953 0.001953
2 0.073242 0.035156 0.009766 0.011719
2 0.979492 0.029297 0.001953 0.003906
2 0.500000 0.500000 1.000000 1.000000
2 0.004883 0.000977 0.009766 0.001953
3 0.455078 0.999023 0.003906 0.001953
3 0.354492 0.999023 0.001953 0.001953
3 0.805664 0.993164 0.001953 0.001953
3 0.500977 0.985352 0.001953 0.001953
3 0.496094 0.981445 0.003906 0.005859
3 0.176758 0.974609 0.001953 0.003906
3 0.208984 0.970703 0.003906 0.003906
3 0.195312 0.973633 0.003906 0.009766
3 0.484375 0.966797 0.007812 0.003906
3 0.507812 0.965820 0.003906 0.005859
3 0.498047 0.968750 0.007812 0.011719
3 0.411133 0.980469 0.080078 0.039062
3 0.190430 0.944336 0.001953 0.001953
3 0.875977 0.942383 0.001953 0.001953
3 0.979492 0.934570 0.001953 0.001953
3 0.554688 0.931641 0.003906 0.003906
3 0.885742 0.928711 0.001953 0.001953
3 0.083008 0.926758 0.001953 0.001953
3 0.557617 0.926758 0.001953 0.005859
3 0.088867 0.918945 0.001953 0.001953
3 0.125977 0.916992 0.001953 0.001953
3 0.084961 0.916992 0.001953 0.001953
3 0.557617 0.916992 0.005859 0.005859
3 0.333008 0.954102 0.130859 0.091797
3 0.128906 0.906250 0.003906 0.003906
3 0.090820 0.952148 0.181641 0.095703
3 0.750977 0.903320 0.001953 0.001953
3 0.915039 0.903320 0.005859 0.005859
3 0.763672 0.899414 0.003906 0.001953
3 0.661133 0.897461 0.001953 0.001953
3 0.069336 0.906250 0.025391 0.019531
3 0.780273 0.895508 0.001953 0.001953
3 0.476562 0.895508 0.003906 0.001953
3 0.084961 0.895508 0.001953 0.001953
3 0.944336 0.893555 0.001953 0.001953
3 0.783203 0.891602 0.003906 0.001953
3 0.073242 0.891602 0.001953 0.001953
3 0.913086 0.889648 0.001953 0.001953
3 0.487305 0.888672 0.009766 0.003906
3 0.454102 0.889648 0.005859 0.005859
3 0.073242 0.887695 0.001953 0.001953
3 0.951172 0.887695 0.011719 0.005859
3 0.300781 0.885742 0.003906 0.001953
3 0.183594 0.887695 0.007812 0.005859
3 0.087891 0.886719 0.003906 0.003906
3 0.954102 0.881836 0.001953 0.001953
3 0.446289 0.882812 0.009766 0.007812
3 0.439453 0.875000 0.003906 0.003906
3 0.765625 0.935547 0.468750 0.128906
3 0.259766 0.927734 0.136719 0.128906
3 0.906250 0.863281 0.003906 0.003906
3 0.964844 0.860352 0.003906 0.005859
3 0.860352 0.856445 0.001953 0.001953
3 0.489258 0.855469 0.001953 0.003906
3 0.916016 0.849609 0.003906 0.003906
3 0.890625 0.874023 0.050781 0.052734
3 0.474609 0.852539 0.011719 0.009766
3 0.481445 0.842773 0.001953 0.001953
3 0.911133 0.848633 0.009766 0.021484
3 0.487305 0.834961 0.001953 0.001953
3 0.251953 0.838867 0.007812 0.013672
3 0.128906 0.833008 0.015625 0.009766
3 0.245117 0.826172 0.005859 0.007812
3 0.614258 0.838867 0.041016 0.041016
3 0.625000 0.814453 0.015625 0.015625
3 0.289062 0.833984 0.054688 0.054688
3 0.301758 0.802734 0.009766 0.007812
3 0.172852 0.797852 0.001953 0.001953
3 0.153320 0.798828 0.005859 0.003906
3 0.656250 0.793945 0.003906 0.001953
3 0.628906 0.800781 0.015625 0.015625
3 0.302734 0.792969 0.007812 0.003906
3 0.646484 0.794922 0.019531 0.011719
3 0.167969 0.791016 0.003906 0.003906
3 0.180664 0.789062 0.005859 0.007812
3 0.172852 0.787109 0.005859 0.003906
3 0.625000 0.785156 0.003906 0.003906
3 0.527344 0.822266 0.070312 0.085938
3 0.938477 0.776367 0.005859 0.005859
3 0.676758 0.775391 0.001953 0.003906
3 0.924805 0.772461 0.001953 0.001953
3 0.932617 0.767578 0.001953 0.003906
3 0.913086 0.753906 0.001953 0.003906
3 0.608398 0.753906 0.005859 0.003906
3 0.593750 0.753906 0.003906 0.003906
3 0.600586 0.754883 0.005859 0.009766
3 0.909180 0.770508 0.025391 0.044922
3 0.650391 0.768555 0.066406 0.052734
3 0.626953 0.743164 0.003906 0.001953
3 0.942383 0.748047 0.005859 0.015625
3 0.928711 0.739258 0.001953 0.001953
3 0.930664 0.754883 0.029297 0.033203
3 0.912109 0.743164 0.003906 0.009766
3 0.721680 0.771484 0.068359 0.066406
3 0.938477 0.737305 0.001953 0.001953
3 0.629883 0.737305 0.001953 0.001953
3 0.583008 0.738281 0.005859 0.007812
3 0.910156 0.732422 0.003906 0.003906
3 0.700195 0.731445 0.001953 0.001953
3 0.723633 0.729492 0.001953 0.001953
3 0.701172 0.727539 0.003906 0.001953
3 0.435547 0.786133 0.187500 0.130859
3 0.715820 0.719727 0.001953 0.001953
3 0.074219 0.722656 0.011719 0.011719
3 0.083008 0.708008 0.001953 0.001953
3 0.805664 0.706055 0.001953 0.001953
3 0.809570 0.731445 0.056641 0.052734
3 0.611328 0.725586 0.035156 0.044922
3 0.073242 0.708008 0.013672 0.013672
3 0.086914 0.700195 0.001953 0.001953
3 0.795898 0.688477 0.001953 0.001953
3 0.983398 0.707031 0.033203 0.046875
3 0.791992 0.680664 0.001953 0.001953
3 0.774414 0.678711 0.001953 0.001953
3 0.184570 0.755859 0.279297 0.167969
3 0.405273 0.668945 0.001953 0.001953
3 0.427734 0.666992 0.007812 0.009766
3 0.743164 0.661133 0.001953 0.001953
3 0.619141 0.661133 0.003906 0.001953
3 0.356445 0.656250 0.005859 0.003906
3 0.347656 0.655273 0.003906 0.001953
3 0.628906 0.660156 0.011719 0.015625
3 0.364258 0.651367 0.001953 0.001953
3 0.356445 0.651367 0.001953 0.001953
3 0.778320 0.653320 0.013672 0.009766
3 0.428711 0.647461 0.001953 0.001953
3 0.403320 0.656250 0.005859 0.019531
3 0.837891 0.644531 0.015625 0.011719
3 0.737305 0.686523 0.126953 0.095703
3 0.362305 0.643555 0.013672 0.009766
3 0.381836 0.635742 0.005859 0.005859
3 0.791016 0.636719 0.019531 0.011719
3 0.833984 0.629883 0.003906 0.001953
3 0.843750 0.629883 0.007812 0.013672
3 0.806641 0.624023 0.003906 0.001953
3 0.384766 0.625977 0.007812 0.009766
3 0.385742 0.617188 0.005859 0.003906
3 0.551758 0.619141 0.013672 0.011719
3 0.999023 0.613281 0.001953 0.003906
3 0.801758 0.610352 0.001953 0.001953
3 0.561523 0.607422 0.001953 0.003906
3 0.980469 0.603516 0.003906 0.003906
3 0.839844 0.605469 0.007812 0.007812
3 0.799805 0.600586 0.001953 0.001953
3 0.831055 0.599609 0.005859 0.003906
3 0.572266 0.604492 0.015625 0.013672
3 0.792969 0.600586 0.007812 0.009766
3 0.448242 0.591797 0.001953 0.003906
3 0.992188 0.599609 0.015625 0.031250
3 0.432617 0.595703 0.017578 0.035156
3 0.722656 0.569336 0.003906 0.005859
3 0.570312 0.578125 0.023438 0.023438
3 0.718750 0.567383 0.003906 0.005859
3 0.766602 0.565430 0.013672 0.005859
3 0.823242 0.557617 0.001953 0.001953
3 0.765625 0.556641 0.007812 0.007812
3 0.768555 0.549805 0.001953 0.001953
3 0.772461 0.547852 0.001953 0.001953
3 0.614258 0.545898 0.001953 0.001953
3 0.821289 0.547852 0.005859 0.009766
3 0.764648 0.541992 0.001953 0.001953
3 0.368164 0.520508 0.001953 0.001953
3 0.890625 0.568359 0.097656 0.105469
3 0.825195 0.511719 0.001953 0.003906
3 0.819336 0.515625 0.005859 0.011719
3 0.396484 0.545898 0.078125 0.072266
3 0.851562 0.510742 0.003906 0.005859
3 0.845703 0.506836 0.003906 0.005859
3 0.787109 0.535156 0.042969 0.062500
3 0.842773 0.493164 0.005859 0.005859
3 0.849609 0.485352 0.003906 0.001953
3 0.958984 0.497070 0.015625 0.037109
3 0.858398 0.459961 0.001953 0.001953
3 0.556641 0.460938 0.015625 0.015625
3 0.965820 0.456055 0.005859 0.013672
3 0.983398 0.442383 0.001953 0.001953
3 0.916992 0.440430 0.001953 0.001953
3 0.574219 0.446289 0.015625 0.013672
3 0.969727 0.436523 0.001953 0.001953
3 0.034180 0.428711 0.005859 0.005859
3 0.010742 0.422852 0.001953 0.001953
3 0.015625 0.432617 0.031250 0.029297
3 0.030273 0.415039 0.001953 0.001953
3 0.797852 0.411133 0.001953 0.001953
3 0.752930 0.405273 0.005859 0.005859
3 0.944336 0.400391 0.001953 0.003906
3 0.788086 0.395508 0.001953 0.001953
3 0.786133 0.391602 0.001953 0.001953
3 0.770508 0.397461 0.025391 0.013672
3 0.988281 0.445312 0.023438 0.113281
3 0.774414 0.389648 0.001953 0.001953
3 0.955078 0.385742 0.003906 0.001953
3 0.907227 0.444336 0.107422 0.130859
3 0.774414 0.377930 0.001953 0.001953
3 0.961914 0.374023 0.001953 0.001953
3 0.941406 0.376953 0.011719 0.007812
3 0.270508 0.358398 0.001953 0.001953
3 0.987305 0.354492 0.001953 0.001953
3 0.082031 0.358398 0.015625 0.021484
3 0.368164 0.415039 0.220703 0.138672
3 0.067383 0.347656 0.005859 0.003906
3 0.999023 0.344727 0.001953 0.001953
3 0.068359 0.342773 0.003906 0.001953
3 0.999023 0.340820 0.001953 0.001953
3 0.063477 0.340820 0.001953 0.001953
3 0.903320 0.338867 0.001953 0.001953
3 0.907227 0.336914 0.001953 0.001953
3 0.189453 0.336914 0.007812 0.005859
3 0.850586 0.371094 0.099609 0.085938
3 0.220703 0.331055 0.011719 0.005859
3 0.984375 0.328125 0.003906 0.003906
3 0.198242 0.327148 0.001953 0.001953
3 0.215820 0.325195 0.001953 0.001953
3 0.202148 0.325195 0.001953 0.001953
3 0.041992 0.318359 0.001953 0.003906
3 0.909180 0.323242 0.017578 0.021484
3 0.895508 0.312500 0.001953 0.003906
3 0.201172 0.315430 0.015625 0.013672
3 0.678711 0.297852 0.001953 0.001953
3 0.005859 0.293945 0.007812 0.001953
3 0.674805 0.290039 0.001953 0.001953
3 0.199219 0.296875 0.007812 0.015625
3 0.673828 0.300781 0.039062 0.035156
3 0.750977 0.272461 0.001953 0.001953
3 0.811523 0.268555 0.001953 0.001953
3 0.898438 0.291992 0.078125 0.052734
3 0.766602 0.265625 0.001953 0.003906
3 0.750977 0.243164 0.001953 0.001953
3 0.723633 0.243164 0.001953 0.001953
3 0.971680 0.227539 0.001953 0.001953
3 0.790039 0.188477 0.001953 0.001953
3 0.969727 0.286133 0.060547 0.205078
3 0.838867 0.184570 0.001953 0.001953
3 0.100586 0.178711 0.001953 0.001953
3 0.095703 0.176758 0.003906 0.005859
3 0.004883 0.160156 0.009766 0.015625
3 0.728516 0.144531 0.003906 0.003906
3 0.000977 0.141602 0.001953 0.009766
3 0.721680 0.131836 0.001953 0.001953
3 0.000977 0.129883 0.001953 0.001953
3 0.875977 0.125977 0.001953 0.001953
3 0.931641 0.116211 0.007812 0.009766
3 0.854492 0.115234 0.005859 0.007812
3 0.869141 0.149414 0.070312 0.080078
3 0.866211 0.099609 0.001953 0.003906
3 0.862305 0.099609 0.001953 0.003906
3 0.773438 0.088867 0.003906 0.001953
3 0.488281 0.086914 0.003906 0.005859
3 0.702148 0.337891 0.201172 0.535156
3 0.551758 0.063477 0.009766 0.001953
3 0.538086 0.059570 0.009766 0.017578
3 0.989258 0.049805 0.001953 0.001953
3 0.273438 0.049805 0.019531 0.009766
3 0.556641 0.045898 0.023438 0.017578
3 0.862305 0.042969 0.013672 0.019531
3 0.181641 0.027344 0.003906 0.003906
3 0.081055 0.022461 0.001953 0.001953
3 0.961914 0.097656 0.076172 0.183594
3 0.595703 0.001953 0.007812 0.003906
3 0.408203 0.044922 0.171875 0.089844
3 0.082031 0.110352 0.164062 0.220703