2 0.143555 0.999023 0.001953 0.001953
2 0.315430 0.989258 0.033203 0.021484
2 0.049805 0.963867 0.001953 0.001953
2 0.942383 0.980469 0.115234 0.039062
2 0.625977 0.958984 0.005859 0.007812
2 0.030273 0.956055 0.001953 0.001953
2 0.219727 0.961914 0.029297 0.029297
2 0.577148 0.946289 0.001953 0.001953
2 0.066406 0.972656 0.132812 0.054688
2 0.594727 0.933594 0.138672 0.058594
2 0.314453 0.888672 0.019531 0.015625
2 0.317383 0.877930 0.001953 0.001953
2 0.325195 0.876953 0.001953 0.003906
2 0.817383 0.875977 0.021484 0.025391
2 0.001953 0.868164 0.003906 0.009766
2 0.160156 0.878906 0.039062 0.042969
2 0.899414 0.885742 0.072266 0.076172
2 0.068359 0.880859 0.050781 0.070312
2 0.358398 0.903320 0.087891 0.130859
2 0.682617 0.831055 0.001953 0.001953
2 0.706055 0.817383 0.001953 0.001953
2 0.692383 0.819336 0.005859 0.005859
2 0.800781 0.797852 0.003906 0.005859
2 0.173828 0.785156 0.003906 0.003906
2 0.525391 0.822266 0.097656 0.105469
2 0.677734 0.801758 0.175781 0.080078
2 0.706055 0.764648 0.017578 0.009766
2 0.131836 0.795898 0.091797 0.111328
2 0.031250 0.723633 0.003906 0.005859
2 0.040039 0.712891 0.001953 0.003906
2 0.036133 0.708008 0.001953 0.001953
2 0.327148 0.704102 0.001953 0.001953
2 0.791016 0.760742 0.132812 0.146484
2 0.732422 0.679688 0.003906 0.007812
2 0.183594 0.697266 0.058594 0.042969
2 0.979492 0.665039 0.001953 0.001953
2 0.039062 0.663086 0.023438 0.017578
2 0.018555 0.645508 0.001953 0.001953
2 0.332031 0.671875 0.042969 0.058594
2 0.941406 0.664062 0.085938 0.050781
2 0.023438 0.691406 0.046875 0.109375
2 0.990234 0.630859 0.003906 0.003906
2 0.433594 0.625000 0.003906 0.003906
2 0.806641 0.624023 0.003906 0.005859
2 0.994141 0.616211 0.007812 0.005859
2 0.999023 0.610352 0.001953 0.001953
2 0.220703 0.614258 0.019531 0.013672
2 0.449219 0.621094 0.039062 0.035156
2 0.999023 0.604492 0.001953 0.005859
2 0.999023 0.598633 0.001953 0.001953
2 0.150391 0.592773 0.003906 0.001953
2 0.805664 0.590820 0.001953 0.001953
2 0.041992 0.583008 0.001953 0.001953
2 0.660156 0.635742 0.140625 0.130859
2 0.507812 0.635742 0.078125 0.130859
2 0.643555 0.563477 0.001953 0.001953
2 0.522461 0.566406 0.005859 0.007812
2 0.857422 0.600586 0.097656 0.087891
2 0.834961 0.555664 0.001953 0.001953
2 0.641602 0.557617 0.005859 0.005859
2 0.625000 0.551758 0.003906 0.005859
2 0.118164 0.547852 0.001953 0.001953
2 0.179688 0.583008 0.058594 0.076172
2 0.738281 0.574219 0.062500 0.066406
2 0.674805 0.512695 0.001953 0.001953
2 0.985352 0.506836 0.005859 0.005859
2 0.641602 0.502930 0.005859 0.001953
2 0.418945 0.536133 0.060547 0.068359
2 0.722656 0.504883 0.015625 0.017578
2 0.519531 0.499023 0.031250 0.025391
2 0.780273 0.483398 0.001953 0.001953
2 0.374023 0.457031 0.001953 0.003906
2 0.978516 0.479492 0.042969 0.052734
2 0.959961 0.447266 0.001953 0.003906
2 0.631836 0.438477 0.001953 0.001953
2 0.636719 0.435547 0.003906 0.003906
2 0.640625 0.428711 0.003906 0.005859
2 0.647461 0.418945 0.001953 0.001953
2 0.405273 0.418945 0.001953 0.001953
2 0.735352 0.416016 0.005859 0.003906
2 0.065430 0.415039 0.001953 0.001953
2 0.749023 0.415039 0.013672 0.009766
2 0.096680 0.412109 0.005859 0.003906
2 0.520508 0.409180 0.001953 0.001953
2 0.779297 0.408203 0.003906 0.003906
2 0.083984 0.409180 0.019531 0.009766
2 0.507812 0.428711 0.097656 0.068359
2 0.784180 0.393555 0.001953 0.001953
2 0.060547 0.398438 0.027344 0.015625
2 0.789062 0.392578 0.003906 0.007812
2 0.493164 0.387695 0.001953 0.001953
2 0.971680 0.385742 0.001953 0.001953
2 0.497070 0.383789 0.001953 0.001953
2 0.334961 0.383789 0.001953 0.001953
2 0.334961 0.377930 0.001953 0.001953
2 0.592773 0.374023 0.001953 0.001953
2 0.168945 0.374023 0.001953 0.001953
2 0.759766 0.373047 0.003906 0.003906
2 0.767578 0.372070 0.003906 0.005859
2 0.678711 0.392578 0.130859 0.046875
2 0.796875 0.351562 0.007812 0.007812
2 0.879883 0.343750 0.001953 0.007812
2 0.881836 0.336914 0.001953 0.001953
2 0.245117 0.336914 0.001953 0.001953
2 0.262695 0.336914 0.001953 0.005859
2 0.686523 0.334961 0.005859 0.009766
2 0.986328 0.389648 0.027344 0.123047
2 0.782227 0.337891 0.021484 0.023438
2 0.844727 0.376953 0.142578 0.113281
2 0.802734 0.317383 0.003906 0.001953
2 0.443359 0.314453 0.003906 0.003906
2 0.448242 0.309570 0.001953 0.001953
2 0.452148 0.305664 0.001953 0.001953
2 0.674805 0.308594 0.005859 0.011719
2 0.438477 0.301758 0.001953 0.001953
2 0.248047 0.299805 0.003906 0.001953
2 0.708984 0.314453 0.058594 0.039062
2 0.592773 0.293945 0.001953 0.001953
2 0.677734 0.290039 0.003906 0.001953
2 0.254883 0.288086 0.001953 0.001953
2 0.485352 0.278320 0.001953 0.001953
2 0.008789 0.292969 0.017578 0.031250
2 0.717773 0.272461 0.005859 0.005859
2 0.479492 0.268555 0.001953 0.001953
2 0.141602 0.268555 0.001953 0.001953
2 0.141602 0.263672 0.001953 0.003906
2 0.006836 0.260742 0.001953 0.001953
2 0.697266 0.260742 0.007812 0.005859
2 0.476562 0.260742 0.003906 0.005859
2 0.001953 0.258789 0.003906 0.001953
2 0.008789 0.254883 0.001953 0.001953
2 0.428711 0.250977 0.001953 0.001953
2 0.351562 0.254883 0.015625 0.013672
2 0.131836 0.245117 0.001953 0.001953
2 0.350586 0.241211 0.001953 0.001953
2 0.816406 0.249023 0.046875 0.029297
2 0.824219 0.229492 0.007812 0.005859
2 0.500977 0.227539 0.001953 0.001953
2 0.327148 0.222656 0.005859 0.003906
2 0.208984 0.413086 0.417969 0.388672
2 0.012695 0.219727 0.001953 0.001953
2 0.623047 0.207031 0.003906 0.003906
2 0.517578 0.371094 0.312500 0.355469
2 0.926758 0.231445 0.025391 0.087891
2 0.026367 0.184570 0.001953 0.001953
2 0.577148 0.182617 0.017578 0.013672
2 0.570312 0.174805 0.003906 0.001953
2 0.564453 0.174805 0.003906 0.001953
2 0.421875 0.171875 0.003906 0.003906
2 0.560547 0.169922 0.007812 0.007812
2 0.306641 0.196289 0.101562 0.076172
2 0.336914 0.155273 0.001953 0.001953
2 0.102539 0.153320 0.001953 0.001953
2 0.999023 0.157227 0.001953 0.013672
2 0.299805 0.147461 0.001953 0.001953
2 0.093750 0.215820 0.187500 0.142578
2 0.223633 0.137695 0.001953 0.001953
2 0.084961 0.133789 0.001953 0.001953
2 0.573242 0.217773 0.189453 0.185547
2 0.102539 0.125977 0.005859 0.001953
2 0.135742 0.116211 0.005859 0.001953
2 0.202148 0.102539 0.001953 0.001953
2 0.020508 0.096680 0.001953 0.001953
2 0.333008 0.101562 0.228516 0.117188
2 0.686523 0.030273 0.001953 0.001953
2 0.000977 0.030273 0.001953 0.001953
2 0.000977 0.024414 0.001953 0.005859
2 0.970703 0.057617 0.058594 0.080078
2 0.777344 0.004883 0.003906 0.001953
2 0.418945 0.004883 0.001953 0.001953
2 0.000977 0.009766 0.001953 0.011719
2 0.411133 0.002930 0.001953 0.001953
2 0.800781 0.001953 0.011719 0.003906
2 0.682617 0.136719 0.169922 0.273438
2 0.502930 0.000977 0.001953 0.001953
2 0.457031 0.004883 0.031250 0.009766
2 0.425781 0.001953 0.007812 0.003906
2 0.237305 0.051758 0.150391 0.103516
2 0.159180 0.000977 0.001953 0.001953
2 0.080078 0.078125 0.160156 0.156250
2 0.037109 0.038086 0.074219 0.076172
3 0.982422 0.999023 0.003906 0.001953
3 0.974609 0.998047 0.007812 0.003906
3 0.961914 0.998047 0.001953 0.003906
3 0.966797 0.997070 0.003906 0.005859
3 0.082031 0.995117 0.027344 0.009766
3 0.007812 0.995117 0.015625 0.009766
3 0.952148 0.979492 0.001953 0.001953
3 0.938477 0.965820 0.001953 0.001953
3 0.015625 0.971680 0.015625 0.017578
3 0.006836 0.697266 0.013672 0.031250
3 0.008789 0.646484 0.001953 0.003906
3 0.032227 0.504883 0.001953 0.001953
3 0.159180 0.485352 0.001953 0.001953
3 0.166992 0.483398 0.009766 0.005859
3 0.157227 0.481445 0.001953 0.001953
3 0.981445 0.479492 0.005859 0.005859
3 0.994141 0.408203 0.003906 0.003906
3 0.313477 0.408203 0.001953 0.003906
3 0.276367 0.407227 0.001953 0.001953
3 0.999023 0.389648 0.001953 0.001953
3 0.996094 0.383789 0.007812 0.005859
3 0.252930 0.384766 0.013672 0.011719
3 0.225586 0.368164 0.001953 0.001953
3 0.979492 0.364258 0.001953 0.001953
3 0.245117 0.368164 0.013672 0.009766
3 0.176758 0.356445 0.001953 0.001953
3 0.231445 0.356445 0.005859 0.005859
3 0.103516 0.352539 0.003906 0.001953
3 0.116211 0.333984 0.005859 0.003906
3 0.149414 0.307617 0.001953 0.001953
3 0.209961 0.299805 0.005859 0.001953
3 0.045898 0.278320 0.005859 0.005859
3 0.291992 0.262695 0.001953 0.001953
3 0.129883 0.261719 0.001953 0.003906
3 0.024414 0.251953 0.001953 0.003906
3 0.157227 0.215820 0.001953 0.001953
3 0.094727 0.215820 0.001953 0.001953
3 0.071289 0.213867 0.001953 0.001953
3 0.104492 0.211914 0.001953 0.001953
3 0.016602 0.217773 0.033203 0.021484
3 0.119141 0.208008 0.007812 0.005859
3 0.635742 0.170898 0.001953 0.001953
3 0.663086 0.148438 0.001953 0.003906
3 0.711914 0.094727 0.025391 0.013672
3 0.134766 0.075195 0.003906 0.005859
3 0.229492 0.031250 0.005859 0.003906
3 0.221680 0.026367 0.005859 0.001953
3 0.307617 0.008789 0.001953 0.001953
3 0.268555 0.003906 0.009766 0.007812
3 0.500000 0.500000 1.000000 1.000000
3 0.049805 0.054688 0.099609 0.109375
3 0.069336 0.000977 0.001953 0.001953
3 0.014648 0.022461 0.029297 0.044922