1 0.633789 0.999023 0.001953 0.001953
1 0.087891 0.998047 0.003906 0.003906
1 0.061523 0.992188 0.044922 0.015625
1 0.254883 0.986328 0.009766 0.011719
1 0.610352 0.985352 0.037109 0.029297
1 0.520508 0.969727 0.001953 0.001953
1 0.909180 0.967773 0.001953 0.001953
1 0.581055 0.967773 0.001953 0.001953
1 0.708008 0.965820 0.001953 0.001953
1 0.930664 0.959961 0.001953 0.001953
0 0.424805 0.960938 0.005859 0.003906
1 0.372070 0.956055 0.001953 0.001953
1 0.932617 0.975586 0.052734 0.044922
1 0.715820 0.958008 0.005859 0.009766
1 0.575195 0.958008 0.017578 0.009766
1 0.383789 0.957031 0.025391 0.019531
0 0.387695 0.942383 0.001953 0.001953
0 0.661133 0.936523 0.001953 0.001953
1 0.683594 0.955078 0.039062 0.042969
1 0.688477 0.922852 0.001953 0.001953
1 0.805664 0.920898 0.001953 0.001953
0 0.393555 0.920898 0.001953 0.001953
1 0.817383 0.914062 0.005859 0.003906
1 0.688477 0.911133 0.001953 0.001953
1 0.676758 0.903320 0.005859 0.001953
1 0.741211 0.895508 0.005859 0.005859
1 0.680664 0.895508 0.013672 0.009766
1 0.875000 0.894531 0.027344 0.023438
0 0.666992 0.879883 0.001953 0.005859
1 0.777344 0.894531 0.066406 0.054688
1 0.635742 0.862305 0.001953 0.001953
1 0.846680 0.874023 0.029297 0.029297
1 0.755859 0.860352 0.003906 0.001953
1 0.513672 0.873047 0.031250 0.039062
1 0.472656 0.862305 0.023438 0.029297
0 0.864258 0.842773 0.001953 0.001953
1 0.680664 0.842773 0.001953 0.001953
1 0.676758 0.840820 0.001953 0.001953
1 0.666992 0.838867 0.001953 0.001953
1 0.662109 0.837891 0.003906 0.003906
1 0.660156 0.831055 0.003906 0.001953
1 0.959961 0.823242 0.001953 0.001953
1 0.642578 0.839844 0.031250 0.039062
1 0.803711 0.819336 0.001953 0.001953
1 0.975586 0.817383 0.001953 0.001953
1 0.815430 0.841797 0.037109 0.050781
1 0.624023 0.865234 0.095703 0.121094
1 0.958008 0.805664 0.005859 0.005859
1 0.542969 0.803711 0.003906 0.001953
1 0.967773 0.801758 0.001953 0.001953
1 0.971680 0.809570 0.017578 0.017578
1 0.578125 0.800781 0.003906 0.003906
1 0.573242 0.799805 0.001953 0.001953
1 0.545898 0.795898 0.001953 0.001953
1 0.545898 0.791992 0.001953 0.001953
0 0.887695 0.790039 0.001953 0.001953
0 0.055664 0.771484 0.009766 0.003906
0 0.919922 0.772461 0.011719 0.009766
1 0.582031 0.767578 0.003906 0.003906
1 0.575195 0.766602 0.001953 0.001953
1 0.668945 0.764648 0.001953 0.001953
1 0.788086 0.762695 0.001953 0.001953
1 0.738281 0.747070 0.003906 0.001953
1 0.977539 0.732422 0.009766 0.007812
1 0.512695 0.725586 0.001953 0.001953
1 0.981445 0.724609 0.001953 0.003906
1 0.627930 0.779297 0.193359 0.113281
1 0.988281 0.731445 0.015625 0.037109
1 0.616211 0.723633 0.033203 0.029297
1 0.010742 0.715820 0.021484 0.013672
1 0.871094 0.708984 0.003906 0.007812
0 0.499023 0.706055 0.001953 0.001953
1 0.878906 0.703125 0.003906 0.007812
1 0.492188 0.698242 0.003906 0.005859
1 0.490234 0.692383 0.003906 0.001953
1 0.984375 0.673828 0.007812 0.007812
1 0.518555 0.668945 0.013672 0.009766
1 0.977539 0.663086 0.001953 0.001953
1 0.967773 0.664062 0.013672 0.007812
1 0.773438 0.713867 0.207031 0.111328
1 0.823242 0.651367 0.001953 0.001953
1 0.817383 0.649414 0.005859 0.005859
1 0.640625 0.646484 0.003906 0.003906
1 0.877930 0.645508 0.009766 0.005859
0 0.909180 0.641602 0.001953 0.001953
1 0.875977 0.638672 0.013672 0.003906
1 0.109375 0.648438 0.019531 0.023438
1 0.858398 0.630859 0.001953 0.003906
1 0.976562 0.640625 0.027344 0.027344
1 0.867188 0.630859 0.003906 0.007812
1 0.851562 0.628906 0.003906 0.003906
1 0.786133 0.627930 0.001953 0.001953
1 0.991211 0.624023 0.001953 0.001953
1 0.987305 0.624023 0.001953 0.001953
1 0.852539 0.624023 0.001953 0.001953
1 0.866211 0.623047 0.001953 0.003906
1 0.795898 0.620117 0.001953 0.001953
1 0.057617 0.675781 0.115234 0.121094
1 0.782227 0.617188 0.021484 0.015625
1 0.010742 0.614258 0.021484 0.013672
1 0.659180 0.612305 0.013672 0.013672
1 0.672852 0.604492 0.001953 0.001953
1 0.010742 0.605469 0.005859 0.003906
1 0.663086 0.602539 0.001953 0.001953
1 0.022461 0.605469 0.005859 0.007812
1 0.505859 0.600586 0.003906 0.001953
1 0.000977 0.600586 0.001953 0.001953
1 0.012695 0.596680 0.005859 0.005859
1 0.002930 0.595703 0.005859 0.003906
1 0.867188 0.605469 0.035156 0.031250
1 0.000977 0.590820 0.001953 0.001953
1 0.567383 0.586914 0.001953 0.001953
1 0.014648 0.583008 0.001953 0.001953
1 0.001953 0.583984 0.003906 0.007812
1 0.076172 0.590820 0.027344 0.029297
1 0.001953 0.572266 0.003906 0.003906
1 0.500977 0.567383 0.001953 0.001953
1 0.038086 0.565430 0.001953 0.001953
1 0.545898 0.563477 0.001953 0.001953
1 0.876953 0.574219 0.027344 0.027344
1 0.362305 0.553711 0.001953 0.001953
1 0.725586 0.549805 0.001953 0.001953
1 0.502930 0.549805 0.001953 0.001953
1 0.347656 0.558594 0.023438 0.019531
1 0.716797 0.551758 0.007812 0.009766
1 0.511719 0.554688 0.011719 0.015625
0 0.938477 0.543945 0.001953 0.005859
0 0.208984 0.546875 0.011719 0.015625
0 0.925781 0.538086 0.011719 0.009766
1 0.715820 0.534180 0.001953 0.001953
1 0.704102 0.543945 0.025391 0.021484
1 0.566406 0.552734 0.039062 0.050781
1 0.129883 0.529297 0.001953 0.007812
1 0.137695 0.522461 0.001953 0.001953
0 0.589844 0.512695 0.003906 0.005859
1 0.411133 0.511719 0.044922 0.027344
1 0.271484 0.497070 0.003906 0.001953
1 0.416992 0.495117 0.001953 0.001953
1 0.963867 0.521484 0.072266 0.066406
0 0.577148 0.487305 0.001953 0.001953
1 0.274414 0.501953 0.041016 0.035156
1 0.075195 0.483398 0.001953 0.001953
1 0.244141 0.480469 0.007812 0.011719
1 0.260742 0.469727 0.001953 0.001953
1 0.252930 0.469727 0.001953 0.001953
0 0.924805 0.465820 0.001953 0.001953
1 0.348633 0.472656 0.017578 0.023438
1 0.518555 0.459961 0.001953 0.001953
1 0.592773 0.457031 0.001953 0.003906
1 0.466797 0.452148 0.003906 0.005859
0 0.632812 0.455078 0.031250 0.015625
0 0.627930 0.446289 0.005859 0.001953
1 0.176758 0.446289 0.001953 0.001953
1 0.487305 0.475586 0.060547 0.064453
1 0.467773 0.445312 0.005859 0.003906
1 0.022461 0.444336 0.001953 0.001953
1 0.182617 0.440430 0.001953 0.001953
1 0.291992 0.437500 0.001953 0.003906
1 0.509766 0.436523 0.003906 0.005859
1 0.030273 0.432617 0.001953 0.001953
1 0.018555 0.432617 0.001953 0.001953
1 0.010742 0.432617 0.001953 0.001953
1 0.450195 0.430664 0.001953 0.001953
1 0.022461 0.430664 0.001953 0.001953
1 0.027344 0.500977 0.054688 0.142578
1 0.395508 0.418945 0.001953 0.001953
1 0.250977 0.416992 0.001953 0.001953
1 0.384766 0.430664 0.042969 0.037109
1 0.152344 0.414062 0.003906 0.003906
1 0.250977 0.405273 0.001953 0.001953
1 0.440430 0.417969 0.037109 0.035156
1 0.442383 0.401367 0.001953 0.001953
1 0.432617 0.402344 0.005859 0.003906
1 0.144531 0.388672 0.011719 0.019531
0 0.648438 0.374023 0.003906 0.001953
0 0.653320 0.372070 0.001953 0.001953
0 0.122070 0.368164 0.001953 0.001953
1 0.454102 0.364258 0.001953 0.001953
0 0.077148 0.364258 0.001953 0.001953
0 0.708008 0.365234 0.005859 0.007812
1 0.366211 0.353516 0.001953 0.003906
0 0.182617 0.352539 0.001953 0.001953
1 0.181641 0.348633 0.003906 0.001953
1 0.472656 0.358398 0.035156 0.025391
1 0.469727 0.342773 0.001953 0.001953
1 0.647461 0.340820 0.001953 0.001953
1 0.613281 0.317383 0.003906 0.001953
1 0.458008 0.317383 0.001953 0.001953
1 0.291992 0.316406 0.001953 0.003906
1 0.571289 0.313477 0.001953 0.001953
1 0.430664 0.318359 0.009766 0.019531
1 0.254883 0.307617 0.001953 0.001953
1 0.580078 0.397461 0.175781 0.185547
1 0.848633 0.290039 0.001953 0.001953
1 0.464844 0.299805 0.050781 0.029297
1 0.454102 0.284180 0.001953 0.001953
1 0.393555 0.276367 0.001953 0.001953
1 0.338867 0.336914 0.048828 0.126953
1 0.461914 0.278320 0.009766 0.013672
1 0.389648 0.273438 0.001953 0.003906
1 0.579102 0.270508 0.001953 0.001953
1 0.466797 0.271484 0.003906 0.003906
1 0.597656 0.267578 0.003906 0.007812
1 0.475586 0.264648 0.001953 0.001953
0 0.622070 0.263672 0.009766 0.003906
1 0.311523 0.268555 0.013672 0.013672
0 0.629883 0.260742 0.001953 0.001953
1 0.510742 0.269531 0.025391 0.019531
1 0.375977 0.260742 0.001953 0.001953
1 0.310547 0.258789 0.003906 0.001953
1 0.305664 0.260742 0.001953 0.005859
0 0.633789 0.254883 0.001953 0.001953
0 0.629883 0.250977 0.001953 0.001953
1 0.301758 0.248047 0.001953 0.003906
0 0.629883 0.245117 0.001953 0.001953
0 0.625977 0.245117 0.001953 0.001953
1 0.379883 0.243164 0.001953 0.001953
0 0.633789 0.241211 0.001953 0.001953
1 0.545898 0.258789 0.056641 0.037109
1 0.227539 0.233398 0.001953 0.001953
1 0.476562 0.234375 0.007812 0.007812
1 0.237305 0.233398 0.005859 0.009766
1 0.487305 0.223633 0.001953 0.001953
1 0.243164 0.219727 0.001953 0.001953
0 0.569336 0.215820 0.001953 0.001953
1 0.487305 0.217773 0.005859 0.005859
0 0.801758 0.213867 0.001953 0.001953
1 0.250977 0.211914 0.001953 0.001953
1 0.543945 0.219727 0.041016 0.037109
1 0.299805 0.200195 0.001953 0.001953
1 0.196289 0.200195 0.001953 0.001953
1 0.965820 0.198242 0.001953 0.001953
1 0.206055 0.196289 0.001953 0.001953
1 0.819336 0.197266 0.005859 0.007812
0 0.708008 0.193359 0.001953 0.003906
1 0.262695 0.188477 0.001953 0.001953
1 0.704102 0.182617 0.005859 0.005859
1 0.657227 0.221680 0.072266 0.087891
1 0.795898 0.227539 0.169922 0.103516
1 0.223633 0.172852 0.001953 0.001953
1 0.598633 0.170898 0.001953 0.001953
0 0.722656 0.170898 0.007812 0.005859
0 0.653320 0.168945 0.005859 0.005859
1 0.243164 0.176758 0.041016 0.041016
1 0.245117 0.153320 0.001953 0.001953
1 0.237305 0.153320 0.001953 0.001953
1 0.520508 0.153320 0.009766 0.005859
1 0.298828 0.149414 0.007812 0.005859
1 0.278320 0.149414 0.009766 0.013672
1 0.579102 0.137695 0.001953 0.001953
1 0.561523 0.135742 0.001953 0.001953
1 0.506836 0.135742 0.001953 0.001953
1 0.282227 0.138672 0.005859 0.011719
0 0.722656 0.136719 0.027344 0.011719
1 0.571289 0.131836 0.001953 0.001953
1 0.586914 0.138672 0.021484 0.019531
0 0.563477 0.129883 0.001953 0.001953
0 0.777344 0.121094 0.011719 0.011719
1 0.874023 0.114258 0.001953 0.001953
0 0.629883 0.114258 0.001953 0.001953
1 0.525391 0.126953 0.031250 0.027344
0 0.634766 0.111328 0.003906 0.003906
0 0.231445 0.110352 0.001953 0.001953
0 0.219727 0.110352 0.001953 0.001953
0 0.649414 0.108398 0.001953 0.001953
0 0.229492 0.106445 0.001953 0.001953
0 0.194336 0.106445 0.001953 0.001953
1 0.333008 0.098633 0.001953 0.001953
1 0.863281 0.098633 0.011719 0.021484
1 0.331055 0.088867 0.001953 0.001953
0 0.554688 0.107422 0.023438 0.042969
1 0.381836 0.086914 0.001953 0.001953
1 0.440430 0.084961 0.001953 0.001953
1 0.199219 0.085938 0.003906 0.003906
1 0.866211 0.083008 0.001953 0.001953
1 0.860352 0.083984 0.001953 0.003906
0 0.562500 0.083008 0.003906 0.001953
1 0.579102 0.082031 0.005859 0.003906
0 0.540039 0.081055 0.001953 0.001953
1 0.418945 0.081055 0.009766 0.005859
0 0.442383 0.077148 0.001953 0.001953
1 0.433594 0.080078 0.003906 0.007812
1 0.428711 0.077148 0.001953 0.001953
1 0.323242 0.075195 0.001953 0.001953
0 0.569336 0.080078 0.009766 0.015625
1 0.428711 0.073242 0.001953 0.001953
0 0.575195 0.071289 0.001953 0.001953
1 0.750977 0.067383 0.001953 0.001953
1 0.740234 0.067383 0.003906 0.001953
1 0.732422 0.070312 0.003906 0.007812
1 0.724609 0.067383 0.007812 0.001953
0 0.569336 0.067383 0.001953 0.001953
1 0.670898 0.065430 0.001953 0.001953
1 0.723633 0.059570 0.001953 0.001953
1 0.719727 0.059570 0.001953 0.001953
1 0.711914 0.059570 0.001953 0.001953
1 0.399414 0.059570 0.001953 0.001953
1 0.651367 0.093750 0.099609 0.074219
1 0.271484 0.056641 0.003906 0.003906
0 0.901367 0.049805 0.001953 0.001953
1 0.877930 0.050781 0.001953 0.003906
1 0.602539 0.054688 0.009766 0.011719
1 0.580078 0.061523 0.015625 0.025391
1 0.985352 0.048828 0.001953 0.003906
1 0.875000 0.045898 0.003906 0.001953
1 0.901367 0.043945 0.005859 0.001953
1 0.603516 0.044922 0.003906 0.003906
1 0.875977 0.041992 0.001953 0.001953
1 0.209961 0.041992 0.001953 0.001953
1 0.900391 0.040039 0.003906 0.001953
1 0.572266 0.041016 0.003906 0.003906
1 0.418945 0.153320 0.228516 0.228516
1 0.943359 0.117188 0.113281 0.164062
1 0.889648 0.036133 0.001953 0.001953
1 0.884766 0.033203 0.003906 0.003906
1 0.602539 0.032227 0.001953 0.001953
1 0.467773 0.031250 0.001953 0.003906
0 0.469727 0.024414 0.001953 0.001953
1 0.189453 0.022461 0.003906 0.001953
1 0.850586 0.020508 0.001953 0.001953
1 0.860352 0.049805 0.033203 0.060547
0 0.411133 0.020508 0.001953 0.001953
0 0.202148 0.018555 0.001953 0.001953
1 0.848633 0.016602 0.001953 0.001953
1 0.791992 0.054688 0.083984 0.082031
1 0.763672 0.010742 0.003906 0.001953
1 0.840820 0.006836 0.001953 0.001953
1 0.846680 0.008789 0.005859 0.009766
1 0.387695 0.004883 0.001953 0.001953
1 0.839844 0.001953 0.003906 0.003906
1 0.832031 0.006836 0.007812 0.013672
1 0.649414 0.030273 0.130859 0.060547
0 0.554688 0.019531 0.062500 0.039062
1 0.449219 0.016602 0.035156 0.033203
1 0.426758 0.002930 0.001953 0.005859
1 0.234375 0.025391 0.066406 0.050781
1 0.230469 0.263672 0.460938 0.527344
3 0.077148 0.994141 0.001953 0.003906
3 0.090820 0.721680 0.001953 0.001953
3 0.086914 0.721680 0.001953 0.001953
3 0.090820 0.715820 0.001953 0.001953
3 0.001953 0.715820 0.003906 0.005859
3 0.093750 0.708008 0.003906 0.001953
3 0.041992 0.698242 0.001953 0.001953
3 0.040039 0.641602 0.001953 0.001953
3 0.037109 0.557617 0.003906 0.001953
3 0.108398 0.516602 0.001953 0.001953
2 0.014648 0.479492 0.001953 0.001953
3 0.081055 0.470703 0.001953 0.003906
3 0.108398 0.467773 0.001953 0.001953
3 0.001953 0.458984 0.003906 0.003906
3 0.008789 0.458984 0.005859 0.007812
3 0.155273 0.438477 0.001953 0.001953
3 0.145508 0.426758 0.001953 0.001953
3 0.133789 0.425781 0.013672 0.003906
3 0.143555 0.418945 0.001953 0.001953
3 0.002930 0.409180 0.001953 0.001953
3 0.041992 0.383789 0.005859 0.009766
3 0.237305 0.378906 0.001953 0.003906
2 0.225586 0.327148 0.001953 0.001953
3 0.212891 0.320312 0.003906 0.007812
3 0.237305 0.311523 0.001953 0.001953
3 0.015625 0.312500 0.003906 0.003906
3 0.206055 0.310547 0.005859 0.003906
3 0.088867 0.299805 0.001953 0.001953
3 0.078125 0.305664 0.015625 0.017578
3 0.097656 0.296875 0.023438 0.007812
3 0.102539 0.290039 0.001953 0.001953
3 0.096680 0.290039 0.001953 0.001953
3 0.133789 0.269531 0.033203 0.023438
3 0.152344 0.250000 0.003906 0.003906
3 0.005859 0.255859 0.011719 0.019531
3 0.139648 0.239258 0.001953 0.001953
3 0.188477 0.231445 0.001953 0.001953
3 0.182617 0.231445 0.001953 0.001953
3 0.032227 0.229492 0.001953 0.001953
3 0.190430 0.225586 0.001953 0.001953
3 0.133789 0.215820 0.001953 0.001953
3 0.078125 0.226562 0.015625 0.023438
3 0.139648 0.218750 0.029297 0.031250
3 0.175781 0.196289 0.003906 0.001953
3 0.030273 0.204102 0.056641 0.064453
3 0.061523 0.153320 0.001953 0.001953
3 0.055664 0.153320 0.005859 0.005859
3 0.161133 0.145508 0.044922 0.013672
3 0.149414 0.136719 0.001953 0.003906
3 0.145508 0.135742 0.001953 0.001953
3 0.147461 0.131836 0.005859 0.001953
3 0.192383 0.127930 0.001953 0.001953
3 0.053711 0.115234 0.001953 0.003906
3 0.014648 0.115234 0.005859 0.003906
3 0.119141 0.105469 0.007812 0.003906
3 0.064453 0.100586 0.003906 0.001953
3 0.047852 0.091797 0.001953 0.003906
3 0.889648 0.077148 0.001953 0.001953
3 0.964844 0.090820 0.035156 0.044922
3 0.198242 0.070312 0.001953 0.003906
3 0.422852 0.067383 0.001953 0.001953
3 0.338867 0.065430 0.001953 0.001953
3 0.274414 0.065430 0.001953 0.001953
3 0.936523 0.045898 0.001953 0.001953
3 0.258789 0.036133 0.001953 0.001953
3 0.575195 0.030273 0.001953 0.001953
3 0.643555 0.028320 0.001953 0.001953
3 0.639648 0.028320 0.001953 0.001953
3 0.000977 0.026367 0.001953 0.001953
3 0.586914 0.024414 0.001953 0.001953
3 0.400391 0.022461 0.003906 0.001953
2 0.557617 0.020508 0.001953 0.001953
3 0.448242 0.010742 0.001953 0.001953
3 0.649414 0.005859 0.009766 0.011719
3 0.641602 0.000977 0.001953 0.001953
3 0.635742 0.001953 0.005859 0.003906
3 0.500000 0.500000 1.000000 1.000000
3 0.387695 0.004883 0.052734 0.009766
3 0.220703 0.068359 0.214844 0.136719
3 0.048828 0.007812 0.019531 0.015625