1 0.907227 0.992188 0.001953 0.003906
0 0.986328 0.976562 0.003906 0.003906
1 0.169922 0.985352 0.019531 0.021484
1 0.896484 0.975586 0.003906 0.005859
1 0.055664 0.979492 0.017578 0.013672
1 0.419922 0.970703 0.003906 0.003906
1 0.577148 0.964844 0.005859 0.011719
1 0.599609 0.962891 0.003906 0.011719
1 0.202148 0.958008 0.001953 0.001953
1 0.136719 0.957031 0.015625 0.011719
1 0.144531 0.952148 0.003906 0.005859
1 0.912109 0.947266 0.003906 0.003906
1 0.907227 0.946289 0.001953 0.001953
1 0.555664 0.942383 0.001953 0.001953
1 0.233398 0.939453 0.009766 0.007812
1 0.152344 0.941406 0.007812 0.011719
1 0.599609 0.942383 0.003906 0.017578
1 0.667969 0.934570 0.003906 0.005859
1 0.233398 0.932617 0.001953 0.001953
1 0.694336 0.934570 0.025391 0.021484
1 0.045898 0.922852 0.001953 0.001953
1 0.421875 0.920898 0.007812 0.009766
1 0.041992 0.916992 0.001953 0.001953
1 0.561523 0.925781 0.021484 0.035156
1 0.319336 0.920898 0.083984 0.029297
1 0.409180 0.905273 0.001953 0.001953
1 0.499023 0.900391 0.005859 0.003906
1 0.706055 0.880859 0.001953 0.003906
1 0.616211 0.862305 0.001953 0.001953
1 0.625977 0.862305 0.005859 0.005859
1 0.426758 0.859375 0.001953 0.003906
1 0.618164 0.854492 0.001953 0.001953
1 0.417969 0.854492 0.007812 0.013672
0 0.702148 0.846680 0.001953 0.001953
1 0.075195 0.821289 0.001953 0.001953
1 0.069336 0.817383 0.001953 0.001953
1 0.073242 0.813477 0.001953 0.001953
1 0.073242 0.807617 0.001953 0.001953
1 0.354492 0.803711 0.001953 0.001953
1 0.071289 0.803711 0.001953 0.001953
1 0.545898 0.799805 0.001953 0.001953
1 0.561523 0.797852 0.001953 0.005859
1 0.553711 0.797852 0.005859 0.005859
1 0.159180 0.795898 0.001953 0.001953
1 0.159180 0.791992 0.001953 0.001953
1 0.663086 0.788086 0.001953 0.001953
1 0.710938 0.765625 0.015625 0.015625
1 0.497070 0.752930 0.001953 0.001953
1 0.344727 0.752930 0.001953 0.001953
1 0.580078 0.743164 0.003906 0.001953
1 0.844727 0.739258 0.001953 0.001953
1 0.704102 0.729492 0.001953 0.001953
1 0.715820 0.727539 0.001953 0.001953
1 0.708984 0.725586 0.003906 0.005859
1 0.510742 0.704102 0.001953 0.001953
1 0.286133 0.690430 0.001953 0.001953
1 0.458008 0.682617 0.001953 0.001953
1 0.411133 0.686523 0.005859 0.009766
1 0.730469 0.675781 0.011719 0.015625
1 0.311523 0.663086 0.001953 0.001953
1 0.174805 0.659180 0.001953 0.001953
1 0.471680 0.653320 0.001953 0.001953
1 0.883789 0.641602 0.001953 0.001953
1 0.887695 0.639648 0.001953 0.001953
1 0.331055 0.642578 0.017578 0.015625
1 0.886719 0.634766 0.003906 0.003906
1 0.594727 0.631836 0.013672 0.013672
1 0.309570 0.606445 0.001953 0.009766
1 0.877930 0.594727 0.001953 0.001953
1 0.304688 0.595703 0.003906 0.003906
1 0.889648 0.583008 0.001953 0.005859
1 0.881836 0.581055 0.001953 0.001953
1 0.448242 0.581055 0.001953 0.001953
1 0.877930 0.580078 0.001953 0.003906
1 0.879883 0.575195 0.001953 0.001953
1 0.690430 0.569336 0.001953 0.001953
0 0.903320 0.563477 0.001953 0.001953
0 0.881836 0.564453 0.001953 0.003906
1 0.001953 0.563477 0.003906 0.001953
1 0.003906 0.558594 0.003906 0.003906
0 0.884766 0.556641 0.003906 0.003906
0 0.908203 0.553711 0.003906 0.009766
1 0.610352 0.549805 0.001953 0.005859
1 0.077148 0.551758 0.009766 0.013672
1 0.674805 0.547852 0.009766 0.013672
1 0.110352 0.532227 0.001953 0.001953
1 0.070312 0.525391 0.003906 0.003906
1 0.055664 0.523438 0.001953 0.003906
1 0.729492 0.524414 0.029297 0.025391
1 0.620117 0.510742 0.001953 0.001953
1 0.554688 0.512695 0.011719 0.009766
1 0.055664 0.509766 0.001953 0.003906
1 0.987305 0.502930 0.001953 0.001953
1 0.072266 0.500977 0.003906 0.001953
1 0.670898 0.494141 0.001953 0.003906
1 0.665039 0.493164 0.001953 0.001953
1 0.665039 0.489258 0.001953 0.001953
1 0.721680 0.481445 0.001953 0.001953
1 0.566406 0.526367 0.109375 0.103516
1 0.106445 0.475586 0.001953 0.001953
1 0.678711 0.481445 0.021484 0.017578
1 0.583008 0.470703 0.005859 0.003906
1 0.549805 0.487305 0.052734 0.041016
1 0.703125 0.456055 0.011719 0.005859
1 0.715820 0.448242 0.001953 0.001953
1 0.515625 0.451172 0.015625 0.011719
1 0.793945 0.423828 0.001953 0.003906
1 0.053711 0.422852 0.001953 0.001953
1 0.708008 0.416992 0.001953 0.001953
1 0.725586 0.407227 0.001953 0.001953
1 0.719727 0.428711 0.029297 0.044922
1 0.723633 0.403320 0.001953 0.001953
1 0.278320 0.395508 0.001953 0.001953
1 0.433594 0.441406 0.039062 0.105469
0 0.097656 0.374023 0.015625 0.025391
1 0.004883 0.360352 0.001953 0.001953
1 0.697266 0.353516 0.003906 0.003906
1 0.442383 0.350586 0.005859 0.005859
1 0.392578 0.347656 0.015625 0.023438
1 0.311523 0.334961 0.001953 0.001953
1 0.150391 0.338867 0.007812 0.009766
0 0.135742 0.333008 0.001953 0.001953
1 0.924805 0.335938 0.009766 0.011719
1 0.329102 0.340820 0.029297 0.021484
0 0.125000 0.332031 0.003906 0.003906
1 0.881836 0.329102 0.001953 0.001953
1 0.449219 0.334961 0.011719 0.013672
1 0.924805 0.327148 0.001953 0.001953
1 0.135742 0.328125 0.001953 0.003906
0 0.129883 0.330078 0.005859 0.007812
1 0.969727 0.323242 0.001953 0.001953
1 0.297852 0.323242 0.001953 0.001953
1 0.293945 0.321289 0.005859 0.005859
0 0.118164 0.320312 0.005859 0.003906
1 0.291992 0.317383 0.001953 0.001953
1 0.219727 0.321289 0.009766 0.009766
1 0.918945 0.316406 0.005859 0.007812
1 0.901367 0.313477 0.001953 0.001953
1 0.983398 0.318359 0.009766 0.019531
0 0.037109 0.308594 0.007812 0.007812
1 0.909180 0.306641 0.009766 0.007812
1 0.962891 0.302734 0.011719 0.011719
1 0.291992 0.290039 0.001953 0.001953
1 0.366211 0.288086 0.001953 0.001953
1 0.288086 0.288086 0.001953 0.001953
1 0.271484 0.285156 0.007812 0.007812
1 0.290039 0.280273 0.001953 0.001953
1 0.219727 0.280273 0.001953 0.001953
1 0.274414 0.278320 0.001953 0.001953
1 0.124023 0.280273 0.005859 0.005859
1 0.977539 0.276367 0.005859 0.005859
1 0.232422 0.284180 0.027344 0.033203
1 0.272461 0.268555 0.013672 0.013672
1 0.419922 0.252930 0.003906 0.005859
1 0.511719 0.230469 0.007812 0.003906
0 0.510742 0.225586 0.001953 0.001953
1 0.155273 0.215820 0.001953 0.001953
1 0.084961 0.202148 0.001953 0.001953
1 0.111328 0.200195 0.003906 0.001953
0 0.036133 0.198242 0.001953 0.001953
1 0.081055 0.196289 0.005859 0.005859
0 0.045898 0.195312 0.001953 0.003906
1 0.084961 0.192383 0.001953 0.001953
0 0.200195 0.192383 0.005859 0.005859
1 0.104492 0.190430 0.001953 0.001953
1 0.450195 0.188477 0.001953 0.001953
1 0.114258 0.187500 0.005859 0.003906
1 0.104492 0.184570 0.001953 0.001953
1 0.241211 0.182617 0.001953 0.001953
1 0.092773 0.184570 0.009766 0.005859
1 0.048828 0.184570 0.003906 0.005859
1 0.077148 0.182617 0.005859 0.005859
1 0.001953 0.180664 0.003906 0.001953
1 0.770508 0.174805 0.001953 0.001953
1 0.307617 0.175781 0.005859 0.003906
1 0.082031 0.174805 0.011719 0.005859
1 0.069336 0.172852 0.005859 0.005859
0 0.004883 0.172852 0.009766 0.009766
1 0.765625 0.167969 0.007812 0.007812
1 0.569336 0.165039 0.001953 0.001953
1 0.903320 0.163086 0.005859 0.001953
1 0.588867 0.164062 0.001953 0.003906
1 0.583008 0.163086 0.001953 0.001953
1 0.314453 0.166016 0.011719 0.011719
1 0.909180 0.159180 0.001953 0.001953
0 0.766602 0.160156 0.001953 0.003906
1 0.762695 0.161133 0.001953 0.005859
1 0.294922 0.160156 0.003906 0.003906
1 0.901367 0.158203 0.009766 0.003906
1 0.575195 0.157227 0.001953 0.001953
1 0.569336 0.157227 0.001953 0.001953
1 0.890625 0.155273 0.003906 0.001953
1 0.590820 0.158203 0.009766 0.007812
1 0.580078 0.156250 0.003906 0.003906
1 0.485352 0.153320 0.001953 0.001953
1 0.874023 0.147461 0.001953 0.001953
1 0.125977 0.147461 0.001953 0.001953
1 0.502930 0.141602 0.001953 0.001953
1 0.471680 0.141602 0.001953 0.001953
1 0.125000 0.142578 0.003906 0.003906
1 0.528320 0.138672 0.005859 0.003906
1 0.495117 0.137695 0.001953 0.001953
1 0.512695 0.135742 0.001953 0.001953
1 0.478516 0.138672 0.015625 0.007812
1 0.813477 0.138672 0.021484 0.011719
1 0.265625 0.149414 0.027344 0.033203
1 0.592773 0.131836 0.001953 0.001953
1 0.534180 0.131836 0.001953 0.001953
1 0.502930 0.131836 0.001953 0.001953
1 0.213867 0.141602 0.048828 0.029297
1 0.500977 0.125977 0.005859 0.005859
1 0.053711 0.130859 0.021484 0.019531
0 0.700195 0.120117 0.001953 0.001953
1 0.225586 0.120117 0.001953 0.001953
1 0.695312 0.121094 0.003906 0.007812
1 0.690430 0.118164 0.001953 0.001953
1 0.217773 0.119141 0.001953 0.003906
1 0.910156 0.124023 0.015625 0.017578
1 0.599609 0.123047 0.007812 0.015625
1 0.561523 0.122070 0.017578 0.013672
1 0.055664 0.116211 0.001953 0.001953
0 0.553711 0.114258 0.001953 0.001953
1 0.697266 0.113281 0.003906 0.003906
1 0.684570 0.111328 0.001953 0.003906
0 0.309570 0.110352 0.005859 0.005859
1 0.052734 0.109375 0.003906 0.003906
0 0.551758 0.106445 0.001953 0.001953
1 0.575195 0.110352 0.005859 0.013672
1 0.531250 0.121094 0.039062 0.035156
1 0.540039 0.104492 0.001953 0.001953
1 0.611328 0.100586 0.003906 0.001953
0 0.553711 0.101562 0.005859 0.003906
0 0.553711 0.096680 0.001953 0.001953
1 0.481445 0.100586 0.013672 0.013672
1 0.392578 0.098633 0.011719 0.009766
1 0.086914 0.094727 0.001953 0.001953
1 0.073242 0.092773 0.001953 0.001953
0 0.883789 0.090820 0.001953 0.001953
1 0.604492 0.090820 0.001953 0.001953
1 0.599609 0.091797 0.003906 0.003906
1 0.873047 0.093750 0.011719 0.015625
0 0.198242 0.101562 0.029297 0.035156
1 0.594727 0.083984 0.005859 0.003906
1 0.099609 0.093750 0.027344 0.027344
1 0.287109 0.080078 0.003906 0.007812
1 0.000977 0.077148 0.001953 0.001953
1 0.630859 0.077148 0.003906 0.005859
1 0.057617 0.083984 0.033203 0.023438
1 0.014648 0.073242 0.001953 0.001953
1 0.001953 0.073242 0.003906 0.001953
1 0.165039 0.069336 0.001953 0.001953
1 0.021484 0.069336 0.003906 0.001953
0 0.752930 0.069336 0.009766 0.005859
1 0.031250 0.068359 0.003906 0.007812
1 0.888672 0.064453 0.003906 0.003906
1 0.021484 0.064453 0.003906 0.003906
1 0.771484 0.062500 0.003906 0.003906
0 0.763672 0.064453 0.011719 0.011719
0 0.762695 0.057617 0.001953 0.001953
1 0.769531 0.056641 0.003906 0.003906
1 0.879883 0.059570 0.001953 0.013672
1 0.776367 0.053711 0.005859 0.005859
1 0.026367 0.050781 0.001953 0.003906
1 0.791992 0.043945 0.001953 0.001953
1 0.782227 0.043945 0.001953 0.001953
1 0.890625 0.050781 0.015625 0.019531
1 0.786133 0.040039 0.001953 0.001953
1 0.838867 0.031250 0.001953 0.003906
1 0.791992 0.030273 0.001953 0.001953
0 0.230469 0.032227 0.007812 0.005859
1 0.011719 0.052734 0.023438 0.046875
1 0.010742 0.028320 0.001953 0.001953
0 0.838867 0.026367 0.001953 0.001953
1 0.169922 0.031250 0.011719 0.011719
1 0.030273 0.032227 0.029297 0.017578
1 0.777344 0.024414 0.003906 0.009766
1 0.489258 0.020508 0.009766 0.005859
1 0.235352 0.018555 0.001953 0.001953
1 0.803711 0.033203 0.025391 0.039062
1 0.379883 0.016602 0.001953 0.005859
0 0.228516 0.017578 0.007812 0.007812
1 0.184570 0.015625 0.009766 0.007812
1 0.770508 0.010742 0.001953 0.001953
1 0.788086 0.009766 0.001953 0.003906
1 0.030273 0.014648 0.009766 0.013672
1 0.196289 0.007812 0.001953 0.003906
1 0.001953 0.004883 0.003906 0.001953
0 0.875977 0.002930 0.001953 0.001953
1 0.798828 0.007812 0.015625 0.015625
1 0.779297 0.004883 0.011719 0.009766
0 0.577148 0.003906 0.009766 0.007812
1 0.488281 0.007812 0.027344 0.015625
1 0.442383 0.005859 0.009766 0.011719
1 0.360352 0.013672 0.033203 0.027344
3 0.010742 0.057617 0.001953 0.001953
3 0.000977 0.051758 0.001953 0.001953
3 0.000977 0.041992 0.001953 0.001953
3 0.003906 0.034180 0.003906 0.001953
3 0.372070 0.010742 0.001953 0.001953
3 0.500000 0.500000 1.000000 1.000000