0 0.368164 0.999023 0.001953 0.001953
0 0.172852 0.999023 0.001953 0.001953
1 0.930664 0.997070 0.001953 0.001953
0 0.379883 0.997070 0.001953 0.001953
0 0.938477 0.995117 0.001953 0.001953
0 0.083984 0.997070 0.015625 0.005859
1 0.041992 0.997070 0.005859 0.005859
1 0.916992 0.996094 0.013672 0.007812
0 0.383789 0.993164 0.001953 0.001953
0 0.363281 0.996094 0.003906 0.007812
0 0.903320 0.991211 0.001953 0.001953
0 0.757812 0.995117 0.015625 0.009766
0 0.356445 0.989258 0.001953 0.001953
1 0.937500 0.986328 0.003906 0.003906
1 0.602539 0.986328 0.001953 0.003906
0 0.810547 0.991211 0.031250 0.017578
0 0.260742 0.979492 0.001953 0.001953
0 0.136719 0.989258 0.058594 0.021484
0 0.397461 0.978516 0.001953 0.003906
1 0.479492 0.987305 0.013672 0.025391
0 0.403320 0.974609 0.001953 0.003906
0 0.610352 0.969727 0.001953 0.001953
0 0.495117 0.963867 0.001953 0.001953
1 0.832031 0.959961 0.003906 0.001953
1 0.214844 0.965820 0.011719 0.013672
1 0.836914 0.958008 0.001953 0.001953
0 0.410156 0.978516 0.046875 0.042969
1 0.058594 0.978516 0.031250 0.042969
1 0.208008 0.954102 0.001953 0.001953
1 0.013672 0.954102 0.003906 0.001953
1 0.494141 0.954102 0.003906 0.005859
1 0.007812 0.954102 0.003906 0.005859
1 0.843750 0.952148 0.003906 0.009766
0 0.698242 0.959961 0.013672 0.025391
1 0.073242 0.944336 0.001953 0.001953
1 0.113281 0.962891 0.042969 0.046875
1 0.074219 0.940430 0.003906 0.001953
0 0.733398 0.930664 0.001953 0.001953
0 0.413086 0.941406 0.025391 0.035156
1 0.062500 0.926758 0.011719 0.009766
1 0.158203 0.933594 0.023438 0.027344
1 0.052734 0.926758 0.007812 0.013672
1 0.754883 0.918945 0.001953 0.001953
0 0.807617 0.916992 0.001953 0.001953
0 0.791016 0.917969 0.003906 0.003906
1 0.766602 0.916992 0.001953 0.001953
0 0.686523 0.916992 0.001953 0.001953
0 0.387695 0.916992 0.001953 0.001953
0 0.898438 0.956055 0.074219 0.087891
0 0.815430 0.911133 0.001953 0.001953
1 0.182617 0.911133 0.005859 0.005859
1 0.826172 0.910156 0.007812 0.007812
0 0.768555 0.939453 0.068359 0.070312
0 0.705078 0.908203 0.003906 0.007812
0 0.700195 0.906250 0.001953 0.003906
1 0.209961 0.913086 0.021484 0.017578
1 0.954102 0.903320 0.001953 0.001953
1 0.178711 0.903320 0.001953 0.001953
1 0.141602 0.903320 0.017578 0.017578
1 0.639648 0.944336 0.060547 0.111328
0 0.493164 0.890625 0.001953 0.003906
0 0.550781 0.894531 0.007812 0.015625
1 0.043945 0.886719 0.001953 0.003906
0 0.034180 0.885742 0.001953 0.001953
1 0.052734 0.883789 0.003906 0.001953
1 0.550781 0.940430 0.113281 0.119141
0 0.801758 0.877930 0.001953 0.001953
1 0.087891 0.881836 0.011719 0.013672
0 0.901367 0.870117 0.001953 0.001953
0 0.703125 0.906250 0.039062 0.085938
0 0.469727 0.864258 0.001953 0.001953
0 0.479492 0.860352 0.001953 0.001953
1 0.287109 0.859375 0.003906 0.003906
1 0.747070 0.856445 0.001953 0.001953
1 0.308594 0.856445 0.003906 0.001953
0 0.864258 0.854492 0.001953 0.001953
0 0.762695 0.848633 0.001953 0.001953
0 0.997070 0.846680 0.001953 0.001953
0 0.489258 0.846680 0.001953 0.001953
1 0.962891 0.917969 0.074219 0.164062
0 0.762695 0.840820 0.005859 0.009766
0 0.760742 0.833008 0.001953 0.001953
1 0.272461 0.833008 0.001953 0.001953
1 0.656250 0.833984 0.007812 0.011719
0 0.862305 0.824219 0.009766 0.007812
0 0.764648 0.817383 0.001953 0.001953
0 0.856445 0.815430 0.001953 0.001953
1 0.030273 0.861328 0.060547 0.093750
0 0.969727 0.813477 0.001953 0.001953
0 0.846680 0.813477 0.001953 0.001953
0 0.517578 0.824219 0.011719 0.023438
0 0.973633 0.811523 0.001953 0.001953
0 0.755859 0.818359 0.011719 0.015625
0 0.505859 0.807617 0.003906 0.001953
0 0.828125 0.813477 0.007812 0.017578
0 0.998047 0.794922 0.003906 0.003906
0 0.844727 0.875977 0.154297 0.166016
0 0.860352 0.791992 0.001953 0.001953
0 0.997070 0.790039 0.001953 0.001953
0 0.865234 0.791992 0.003906 0.005859
1 0.692383 0.788086 0.001953 0.001953
0 0.768555 0.782227 0.001953 0.001953
0 0.852539 0.793945 0.048828 0.048828
0 0.590820 0.822266 0.068359 0.113281
0 0.625000 0.765625 0.003906 0.003906
0 0.610352 0.764648 0.001953 0.001953
0 0.776367 0.762695 0.001953 0.001953
0 0.834961 0.760742 0.001953 0.001953
0 0.624023 0.757812 0.001953 0.003906
0 0.620117 0.756836 0.001953 0.001953
0 0.797852 0.753906 0.001953 0.003906
1 0.621094 0.751953 0.003906 0.003906
0 0.904297 0.750977 0.003906 0.009766
0 0.811523 0.744141 0.001953 0.003906
0 0.874023 0.751953 0.037109 0.023438
0 0.803711 0.742188 0.009766 0.007812
1 0.749023 0.776367 0.123047 0.076172
0 0.826172 0.742188 0.015625 0.015625
1 0.721680 0.735352 0.001953 0.001953
0 0.003906 0.745117 0.007812 0.025391
0 0.007812 0.729492 0.003906 0.005859
1 0.582031 0.734375 0.011719 0.019531
0 0.901367 0.721680 0.001953 0.001953
0 0.932617 0.726562 0.017578 0.015625
0 0.908203 0.719727 0.003906 0.001953
1 0.796875 0.719727 0.003906 0.001953
1 0.643555 0.714844 0.001953 0.003906
0 0.001953 0.719727 0.003906 0.013672
1 0.635742 0.712891 0.005859 0.003906
1 0.598633 0.712891 0.017578 0.011719
0 0.959961 0.785156 0.080078 0.164062
1 0.792969 0.708984 0.011719 0.015625
1 0.652344 0.704102 0.003906 0.005859
1 0.643555 0.694336 0.001953 0.001953
0 0.903320 0.706055 0.025391 0.029297
1 0.807617 0.690430 0.001953 0.001953
1 0.647461 0.690430 0.001953 0.001953
0 0.877930 0.688477 0.001953 0.001953
1 0.617188 0.683594 0.003906 0.003906
1 0.736328 0.695312 0.019531 0.035156
0 0.950195 0.674805 0.001953 0.001953
1 0.000977 0.670898 0.001953 0.001953
0 0.557617 0.718750 0.056641 0.101562
1 0.698242 0.665039 0.001953 0.001953
0 0.502930 0.665039 0.001953 0.001953
0 0.551758 0.663086 0.001953 0.001953
0 0.962891 0.661133 0.003906 0.001953
0 0.815430 0.661133 0.001953 0.001953
1 0.969727 0.659180 0.001953 0.001953
1 0.802734 0.666992 0.019531 0.017578
1 0.633789 0.676758 0.037109 0.041016
1 0.625977 0.655273 0.001953 0.001953
1 0.750000 0.657227 0.003906 0.013672
0 0.583008 0.651367 0.001953 0.001953
0 0.918945 0.653320 0.005859 0.009766
0 0.831055 0.650391 0.001953 0.003906
0 0.586914 0.647461 0.001953 0.001953
1 0.641602 0.644531 0.001953 0.003906
0 0.592773 0.644531 0.005859 0.003906
1 0.651367 0.641602 0.001953 0.001953
1 0.685547 0.634766 0.003906 0.003906
1 0.678711 0.631836 0.001953 0.001953
0 0.725586 0.629883 0.001953 0.001953
0 0.900391 0.628906 0.003906 0.003906
1 0.684570 0.625977 0.001953 0.001953
0 0.842773 0.679688 0.072266 0.128906
1 0.695312 0.616211 0.007812 0.005859
1 0.685547 0.616211 0.007812 0.005859
1 0.670898 0.624023 0.021484 0.021484
1 0.629883 0.615234 0.001953 0.003906
1 0.705078 0.625977 0.027344 0.029297
0 0.000977 0.608398 0.001953 0.001953
0 0.666992 0.606445 0.001953 0.001953
1 0.766602 0.607422 0.017578 0.007812
1 0.706055 0.602539 0.001953 0.001953
1 0.000977 0.602539 0.001953 0.001953
0 0.950195 0.623047 0.060547 0.054688
0 0.733398 0.596680 0.001953 0.001953
0 0.895508 0.615234 0.052734 0.042969
0 0.764648 0.594727 0.001953 0.001953
0 0.663086 0.600586 0.009766 0.013672
0 0.768555 0.592773 0.001953 0.001953
0 0.723633 0.588867 0.001953 0.001953
0 0.870117 0.587891 0.005859 0.003906
0 0.715820 0.584961 0.001953 0.001953
0 0.973633 0.583008 0.001953 0.001953
0 0.829102 0.616211 0.068359 0.068359
1 0.579102 0.583008 0.001953 0.001953
0 0.748047 0.591797 0.015625 0.023438
0 0.772461 0.579102 0.001953 0.001953
0 0.724609 0.580078 0.007812 0.007812
1 0.579102 0.577148 0.001953 0.001953
0 0.979492 0.575195 0.001953 0.001953
0 0.871094 0.574219 0.007812 0.003906
0 0.971680 0.571289 0.001953 0.001953
0 0.765625 0.580078 0.007812 0.019531
1 0.708008 0.569336 0.001953 0.001953
0 0.666992 0.569336 0.001953 0.001953
0 0.779297 0.568359 0.007812 0.007812
0 0.791016 0.567383 0.015625 0.021484
1 0.692383 0.582031 0.048828 0.054688
1 0.762695 0.551758 0.001953 0.001953
1 0.750000 0.550781 0.007812 0.007812
0 0.799805 0.545898 0.009766 0.005859
0 0.645508 0.586914 0.041016 0.091797
0 0.805664 0.540039 0.001953 0.001953
0 0.791992 0.539062 0.009766 0.003906
0 0.661133 0.539062 0.005859 0.007812
0 0.977539 0.534180 0.001953 0.001953
0 0.791992 0.532227 0.001953 0.001953
0 0.788086 0.532227 0.001953 0.001953
0 0.825195 0.530273 0.001953 0.001953
1 0.006836 0.530273 0.001953 0.001953
0 0.002930 0.530273 0.001953 0.001953
0 0.780273 0.531250 0.005859 0.007812
0 0.590820 0.532227 0.017578 0.009766
0 0.801758 0.532227 0.009766 0.013672
0 0.951172 0.558594 0.097656 0.078125
1 0.003906 0.523438 0.007812 0.007812
0 0.649414 0.527344 0.017578 0.019531
0 0.590820 0.518555 0.001953 0.001953
0 0.594727 0.517578 0.001953 0.003906
0 0.581055 0.512695 0.001953 0.001953
0 0.587891 0.511719 0.003906 0.003906
0 0.604492 0.507812 0.001953 0.003906
0 0.958008 0.504883 0.001953 0.001953
0 0.576172 0.506836 0.003906 0.005859
0 0.606445 0.502930 0.001953 0.001953
0 0.583984 0.505859 0.007812 0.007812
0 0.543945 0.588867 0.083984 0.173828
0 0.958008 0.500977 0.001953 0.001953
0 0.795898 0.499023 0.001953 0.001953
0 0.682617 0.499023 0.001953 0.001953
0 0.786133 0.509766 0.013672 0.031250
0 0.704102 0.511719 0.033203 0.035156
1 0.718750 0.495117 0.003906 0.005859
0 0.834961 0.503906 0.013672 0.027344
0 0.700195 0.493164 0.005859 0.005859
0 0.523438 0.493164 0.003906 0.005859
0 0.002930 0.491211 0.005859 0.005859
0 0.784180 0.487305 0.001953 0.001953
1 0.741211 0.487305 0.001953 0.001953
1 0.743164 0.483398 0.001953 0.001953
1 0.716797 0.486328 0.007812 0.007812
0 0.696289 0.483398 0.001953 0.001953
1 0.047852 0.483398 0.001953 0.001953
0 0.005859 0.482422 0.003906 0.003906
0 0.755859 0.496094 0.023438 0.035156
0 0.583984 0.488281 0.031250 0.019531
1 0.013672 0.483398 0.007812 0.009766
1 0.708984 0.477539 0.003906 0.001953
1 0.732422 0.487305 0.019531 0.025391
0 0.497070 0.519531 0.056641 0.089844
0 0.774414 0.474609 0.005859 0.003906
0 0.622070 0.473633 0.001953 0.001953
0 0.477539 0.473633 0.001953 0.001953
1 0.022461 0.475586 0.005859 0.005859
1 0.014648 0.471680 0.001953 0.001953
0 0.946289 0.469727 0.001953 0.001953
0 0.824219 0.470703 0.007812 0.007812
1 0.569336 0.468750 0.001953 0.003906
1 0.708008 0.465820 0.001953 0.001953
0 0.799805 0.476562 0.041016 0.027344
0 0.936523 0.461914 0.001953 0.001953
0 0.979492 0.500000 0.041016 0.082031
0 0.924805 0.459961 0.001953 0.001953
0 0.471680 0.463867 0.009766 0.017578
0 0.829102 0.457031 0.013672 0.007812
1 0.495117 0.454102 0.001953 0.001953
1 0.490234 0.452148 0.003906 0.001953
1 0.702148 0.450195 0.001953 0.001953
1 0.489258 0.448242 0.001953 0.001953
1 0.481445 0.448242 0.009766 0.005859
1 0.583008 0.455078 0.017578 0.023438
1 0.438477 0.446289 0.005859 0.005859
1 0.700195 0.443359 0.001953 0.003906
1 0.495117 0.442383 0.001953 0.001953
0 0.682617 0.466797 0.044922 0.058594
1 0.510742 0.438477 0.001953 0.001953
0 0.978516 0.440430 0.007812 0.009766
0 0.875000 0.511719 0.128906 0.152344
1 0.437500 0.438477 0.003906 0.005859
1 0.250977 0.436523 0.005859 0.001953
1 0.241211 0.436523 0.001953 0.001953
1 0.707031 0.440430 0.011719 0.013672
1 0.245117 0.432617 0.001953 0.001953
1 0.239258 0.431641 0.005859 0.003906
1 0.497070 0.428711 0.001953 0.001953
1 0.049805 0.428711 0.001953 0.001953
1 0.566406 0.426758 0.003906 0.001953
0 0.502930 0.426758 0.001953 0.001953
0 0.754883 0.424805 0.001953 0.001953
1 0.518555 0.434570 0.029297 0.021484
0 0.997070 0.422852 0.001953 0.001953
0 0.790039 0.422852 0.001953 0.001953
1 0.495117 0.423828 0.005859 0.003906
0 0.942383 0.418945 0.001953 0.001953
0 0.938477 0.418945 0.001953 0.001953
0 0.935547 0.443359 0.066406 0.054688
0 0.737305 0.416992 0.005859 0.005859
1 0.485352 0.415039 0.001953 0.001953
0 0.937500 0.414062 0.003906 0.003906
0 0.767578 0.419922 0.023438 0.015625
1 0.542969 0.419922 0.039062 0.023438
1 0.964844 0.408203 0.003906 0.003906
0 0.739258 0.407227 0.001953 0.001953
0 0.699219 0.416992 0.027344 0.021484
1 0.561523 0.407227 0.001953 0.001953
1 0.221680 0.407227 0.001953 0.001953
1 0.053711 0.407227 0.001953 0.001953
1 0.973633 0.405273 0.001953 0.001953
1 0.659180 0.414062 0.013672 0.019531
1 0.215820 0.405273 0.005859 0.005859
1 0.629883 0.398438 0.005859 0.003906
1 0.637695 0.397461 0.005859 0.005859
1 0.988281 0.399414 0.023438 0.013672
0 0.687500 0.394531 0.011719 0.015625
1 0.904297 0.386719 0.007812 0.007812
0 0.577148 0.381836 0.001953 0.001953
0 0.284180 0.393555 0.021484 0.029297
1 0.180664 0.381836 0.005859 0.005859
1 0.140625 0.391602 0.011719 0.025391
0 0.725586 0.394531 0.017578 0.035156
0 0.905273 0.375977 0.001953 0.001953
0 0.077148 0.378906 0.005859 0.007812
1 0.386719 0.375000 0.003906 0.003906
1 0.580078 0.373047 0.003906 0.003906
0 0.565430 0.384766 0.017578 0.027344
0 0.133789 0.378906 0.009766 0.015625
1 0.565430 0.370117 0.001953 0.001953
1 0.170898 0.373047 0.009766 0.007812
0 0.139648 0.370117 0.001953 0.001953
1 0.561523 0.369141 0.001953 0.003906
1 0.163086 0.368164 0.001953 0.001953
0 0.553711 0.367188 0.009766 0.007812
1 0.167969 0.365234 0.003906 0.003906
1 0.003906 0.369141 0.007812 0.011719
0 0.555664 0.360352 0.001953 0.001953
0 0.541016 0.361328 0.007812 0.003906
1 0.168945 0.360352 0.001953 0.001953
0 0.693359 0.361328 0.007812 0.007812
1 0.567383 0.361328 0.005859 0.007812
0 0.561523 0.359375 0.001953 0.003906
0 0.409180 0.358398 0.001953 0.001953
1 0.059570 0.361328 0.005859 0.007812
0 0.419922 0.357422 0.007812 0.003906
1 0.105469 0.364258 0.007812 0.017578
0 0.805664 0.386719 0.068359 0.066406
0 0.631836 0.359375 0.005859 0.011719
1 0.327148 0.358398 0.013672 0.009766
1 0.130859 0.359375 0.011719 0.011719
0 0.625000 0.351562 0.003906 0.007812
0 0.441406 0.352539 0.023438 0.009766
0 0.625977 0.344727 0.001953 0.001953
1 0.164062 0.352539 0.023438 0.017578
0 0.551758 0.345703 0.009766 0.015625
0 0.364258 0.348633 0.021484 0.021484
1 0.164062 0.340820 0.011719 0.009766
1 0.155273 0.336914 0.001953 0.001953
0 0.256836 0.337891 0.009766 0.011719
0 0.231445 0.350586 0.041016 0.037109
1 0.324219 0.332031 0.007812 0.003906
0 0.993164 0.336914 0.013672 0.017578
0 0.625000 0.336914 0.023438 0.017578
1 0.155273 0.330078 0.001953 0.007812
0 0.310547 0.329102 0.019531 0.013672
0 0.305664 0.323242 0.001953 0.001953
1 0.109375 0.343750 0.042969 0.046875
0 0.628906 0.322266 0.003906 0.007812
0 0.440430 0.317383 0.001953 0.001953
1 0.128906 0.320312 0.007812 0.007812
0 0.446289 0.315430 0.001953 0.001953
0 0.403320 0.316406 0.005859 0.003906
0 0.327148 0.315430 0.001953 0.001953
0 0.120117 0.316406 0.001953 0.003906
1 0.057617 0.318359 0.005859 0.007812
0 0.284180 0.314453 0.001953 0.003906
1 0.276367 0.313477 0.001953 0.001953
0 0.446289 0.310547 0.005859 0.003906
0 0.409180 0.332031 0.048828 0.046875
1 0.882812 0.305664 0.007812 0.001953
0 0.874023 0.305664 0.001953 0.001953
0 0.631836 0.305664 0.001953 0.001953
0 0.663086 0.314453 0.021484 0.023438
1 0.333984 0.305664 0.003906 0.005859
1 0.256836 0.303711 0.001953 0.001953
0 0.843750 0.328125 0.058594 0.054688
0 0.306641 0.311523 0.027344 0.021484
1 0.210938 0.303711 0.003906 0.005859
0 0.953125 0.342773 0.085938 0.087891
1 0.350586 0.301758 0.005859 0.005859
0 0.822266 0.298828 0.011719 0.003906
1 0.040039 0.299805 0.001953 0.005859
1 0.000977 0.299805 0.001953 0.005859
1 0.891602 0.299805 0.009766 0.009766
0 0.805664 0.295898 0.001953 0.001953
0 0.489258 0.295898 0.001953 0.001953
1 0.238281 0.306641 0.031250 0.023438
0 0.645508 0.293945 0.001953 0.001953
0 0.472656 0.325195 0.050781 0.064453
1 0.261719 0.646484 0.523438 0.707031
0 0.524414 0.329102 0.044922 0.076172
1 0.385742 0.292969 0.005859 0.007812
1 0.973633 0.288086 0.001953 0.001953
1 0.889648 0.289062 0.005859 0.003906
0 0.713867 0.288086 0.001953 0.001953
0 0.642578 0.289062 0.003906 0.003906
1 0.009766 0.288086 0.003906 0.001953
1 0.994141 0.289062 0.011719 0.007812
1 0.541016 0.287109 0.003906 0.003906
1 0.016602 0.286133 0.001953 0.001953
1 0.553711 0.283203 0.009766 0.003906
1 0.181641 0.290039 0.039062 0.017578
0 0.132812 0.297852 0.046875 0.033203
1 0.001953 0.288086 0.003906 0.013672
1 0.045898 0.280273 0.001953 0.001953
0 0.614258 0.295898 0.037109 0.037109
1 0.481445 0.278320 0.001953 0.001953
1 0.901367 0.276367 0.001953 0.001953
1 0.428711 0.274414 0.001953 0.001953
0 0.123047 0.282227 0.007812 0.017578
1 0.074219 0.274414 0.003906 0.001953
0 0.836914 0.268555 0.001953 0.001953
0 0.212891 0.269531 0.003906 0.003906
1 0.899414 0.266602 0.001953 0.001953
1 0.049805 0.286133 0.037109 0.044922
0 0.840820 0.262695 0.001953 0.001953
1 0.419922 0.270508 0.011719 0.017578
0 0.130859 0.263672 0.003906 0.003906
1 0.584961 0.258789 0.001953 0.001953
0 0.393555 0.268555 0.013672 0.021484
0 0.881836 0.256836 0.001953 0.001953
1 0.594727 0.256836 0.001953 0.001953
0 0.932617 0.254883 0.001953 0.001953
1 0.606445 0.257812 0.017578 0.007812
1 0.551758 0.264648 0.048828 0.021484
0 0.939453 0.254883 0.003906 0.005859
1 0.889648 0.252930 0.001953 0.001953
1 0.917969 0.272461 0.039062 0.044922
0 0.143555 0.250977 0.001953 0.001953
1 0.652344 0.249023 0.003906 0.005859
0 0.299805 0.248047 0.001953 0.003906
1 0.053711 0.247070 0.001953 0.001953
1 0.903320 0.245117 0.001953 0.001953
0 0.784180 0.251953 0.013672 0.015625
0 0.185547 0.243164 0.003906 0.001953
1 0.688477 0.237305 0.001953 0.001953
0 0.553711 0.241211 0.013672 0.009766
0 0.180664 0.237305 0.001953 0.001953
0 0.156250 0.238281 0.003906 0.003906
0 0.915039 0.235352 0.001953 0.001953
0 0.169922 0.255859 0.050781 0.042969
1 0.092773 0.257812 0.048828 0.046875
0 0.151367 0.239258 0.005859 0.013672
0 0.972656 0.255859 0.054688 0.050781
0 0.574219 0.238281 0.023438 0.019531
1 0.016602 0.247070 0.033203 0.048828
0 0.774414 0.300781 0.212891 0.160156
1 0.454102 0.225586 0.005859 0.009766
1 0.838867 0.219727 0.001953 0.001953
1 0.445312 0.221680 0.003906 0.005859
1 0.848633 0.218750 0.005859 0.003906
1 0.842773 0.217773 0.001953 0.001953
1 0.583008 0.217773 0.001953 0.001953
1 0.252930 0.217773 0.001953 0.001953
1 0.854492 0.215820 0.001953 0.001953
1 0.104492 0.223633 0.013672 0.017578
1 0.843750 0.213867 0.003906 0.001953
1 0.190430 0.213867 0.001953 0.001953
0 0.896484 0.240234 0.074219 0.058594
1 0.861328 0.212891 0.003906 0.003906
1 0.698242 0.221680 0.025391 0.021484
1 0.000977 0.211914 0.001953 0.009766
0 0.994141 0.210938 0.011719 0.011719
1 0.690430 0.206055 0.001953 0.001953
0 0.219727 0.205078 0.001953 0.003906
1 0.200195 0.210938 0.013672 0.015625
1 0.852539 0.203125 0.001953 0.003906
1 0.847656 0.201172 0.003906 0.003906
0 0.782227 0.200195 0.001953 0.001953
1 0.772461 0.200195 0.001953 0.001953
1 0.650391 0.207031 0.011719 0.015625
0 0.547852 0.199219 0.005859 0.003906
0 0.503906 0.238281 0.121094 0.082031
0 0.413086 0.198242 0.001953 0.001953
1 0.208008 0.199219 0.001953 0.003906
1 0.926758 0.199219 0.009766 0.007812
1 0.198242 0.196289 0.001953 0.001953
0 0.415039 0.194336 0.001953 0.001953
0 0.411133 0.194336 0.001953 0.001953
0 0.766602 0.195312 0.005859 0.007812
0 0.565430 0.192383 0.001953 0.001953
0 0.427734 0.208984 0.023438 0.035156
1 0.236328 0.228516 0.066406 0.074219
1 0.198242 0.192383 0.001953 0.001953
0 0.342773 0.188477 0.001953 0.001953
0 0.799805 0.190430 0.013672 0.009766
0 0.506836 0.190430 0.009766 0.009766
0 0.209961 0.186523 0.001953 0.001953
1 0.997070 0.187500 0.005859 0.007812
0 0.944336 0.213867 0.056641 0.060547
0 0.769531 0.184570 0.007812 0.005859
1 0.226562 0.183594 0.003906 0.003906
0 0.525391 0.181641 0.003906 0.003906
0 0.241211 0.181641 0.001953 0.003906
0 0.766602 0.178711 0.001953 0.001953
1 0.012695 0.179688 0.001953 0.003906
0 0.311523 0.174805 0.001953 0.001953
1 0.165039 0.174805 0.001953 0.001953
1 0.907227 0.173828 0.005859 0.003906
0 0.306641 0.174805 0.003906 0.005859
0 0.762695 0.170898 0.001953 0.001953
0 0.473633 0.170898 0.001953 0.001953
0 0.448242 0.170898 0.001953 0.001953
0 0.444336 0.168945 0.001953 0.001953
1 0.176758 0.174805 0.017578 0.013672
1 0.176758 0.165039 0.001953 0.001953
0 0.654297 0.164062 0.003906 0.003906
1 0.530273 0.164062 0.001953 0.003906
1 0.042969 0.164062 0.003906 0.003906
1 0.557617 0.161133 0.001953 0.001953
0 0.344727 0.162109 0.001953 0.003906
0 0.722656 0.185547 0.058594 0.054688
0 0.348633 0.228516 0.083984 0.140625
0 0.764648 0.157227 0.001953 0.001953
0 0.657227 0.158203 0.005859 0.003906
1 0.531250 0.157227 0.003906 0.001953
1 0.118164 0.157227 0.001953 0.001953
0 0.768555 0.156250 0.001953 0.003906
0 0.325195 0.155273 0.001953 0.001953
0 0.321289 0.155273 0.001953 0.001953
1 0.290039 0.155273 0.001953 0.001953
1 0.181641 0.155273 0.003906 0.005859
0 0.495117 0.185547 0.044922 0.070312
1 0.290039 0.151367 0.001953 0.001953
1 0.524414 0.149414 0.001953 0.001953
0 0.858398 0.169922 0.056641 0.046875
0 0.516602 0.153320 0.029297 0.013672
0 0.493164 0.147461 0.001953 0.001953
1 0.288086 0.147461 0.001953 0.001953
0 0.826172 0.155273 0.027344 0.021484
0 0.768555 0.143555 0.001953 0.001953
1 0.102539 0.143555 0.001953 0.001953
0 0.791016 0.162109 0.042969 0.042969
0 0.718750 0.147461 0.011719 0.013672
1 0.298828 0.142578 0.011719 0.007812
1 0.047852 0.141602 0.005859 0.005859
0 0.752930 0.149414 0.021484 0.025391
0 0.639648 0.155273 0.037109 0.037109
1 0.269531 0.141602 0.011719 0.009766
1 0.524414 0.135742 0.001953 0.001953
1 0.208008 0.135742 0.001953 0.001953
1 0.188477 0.135742 0.001953 0.001953
1 0.078125 0.192383 0.089844 0.115234
0 0.661133 0.133789 0.001953 0.001953
0 0.587891 0.180664 0.121094 0.095703
0 0.483398 0.137695 0.005859 0.009766
0 0.317383 0.147461 0.017578 0.029297
1 0.197266 0.134766 0.003906 0.003906
1 0.099609 0.131836 0.003906 0.001953
1 0.309570 0.129883 0.001953 0.001953
1 0.098633 0.127930 0.001953 0.001953
1 0.649414 0.128906 0.009766 0.007812
1 0.081055 0.128906 0.005859 0.007812
1 0.309570 0.123047 0.001953 0.003906
0 0.913086 0.118164 0.001953 0.001953
0 0.088867 0.118164 0.001953 0.001953
0 0.682617 0.116211 0.001953 0.001953
0 0.018555 0.117188 0.001953 0.003906
0 0.346680 0.114258 0.001953 0.001953
0 0.342773 0.114258 0.001953 0.001953
0 0.335938 0.120117 0.007812 0.013672
0 0.688477 0.112305 0.001953 0.001953
1 0.678711 0.128906 0.029297 0.039062
0 0.405273 0.153320 0.134766 0.095703
1 0.163086 0.106445 0.001953 0.001953
1 0.452148 0.104492 0.001953 0.001953
1 0.584961 0.107422 0.013672 0.011719
0 0.399414 0.102539 0.001953 0.001953
0 0.918945 0.101562 0.001953 0.003906
1 0.263672 0.101562 0.003906 0.003906
1 0.229492 0.100586 0.001953 0.001953
1 0.579102 0.101562 0.005859 0.007812
0 0.377930 0.098633 0.001953 0.001953
0 0.354492 0.099609 0.001953 0.003906
1 0.700195 0.104492 0.017578 0.017578
1 0.270508 0.100586 0.009766 0.009766
0 0.916992 0.095703 0.001953 0.003906
1 0.613281 0.098633 0.003906 0.009766
0 0.911133 0.093750 0.001953 0.003906
1 0.224609 0.096680 0.003906 0.009766
1 0.636719 0.109375 0.042969 0.039062
1 0.243164 0.102539 0.029297 0.025391
1 0.217773 0.090820 0.001953 0.001953
0 0.340820 0.088867 0.001953 0.001953
1 0.551758 0.092773 0.005859 0.013672
0 0.452148 0.086914 0.001953 0.001953
1 0.235352 0.086914 0.001953 0.001953
1 0.561523 0.084961 0.001953 0.001953
0 0.409180 0.084961 0.001953 0.001953
1 0.244141 0.085938 0.007812 0.003906
1 0.611328 0.083984 0.003906 0.007812
0 0.439453 0.084961 0.011719 0.009766
0 0.395508 0.081055 0.001953 0.001953
0 0.397461 0.077148 0.001953 0.001953
0 0.343750 0.080078 0.003906 0.007812
0 0.883789 0.073242 0.001953 0.001953
1 0.454102 0.078125 0.009766 0.011719
0 0.864258 0.071289 0.001953 0.001953
1 0.540039 0.069336 0.001953 0.001953
1 0.465820 0.069336 0.001953 0.001953
1 0.461914 0.070312 0.001953 0.003906
0 0.378906 0.086914 0.035156 0.037109
0 0.313477 0.069336 0.001953 0.001953
1 0.573242 0.068359 0.001953 0.003906
1 0.548828 0.065430 0.003906 0.001953
0 0.888672 0.064453 0.003906 0.003906
1 0.076172 0.063477 0.011719 0.005859
1 0.603516 0.062500 0.011719 0.007812
1 0.551758 0.059570 0.001953 0.001953
0 0.474609 0.081055 0.046875 0.044922
1 0.133789 0.059570 0.001953 0.001953
0 0.688477 0.066406 0.013672 0.019531
0 0.608398 0.057617 0.001953 0.001953
1 0.365234 0.060547 0.003906 0.007812
0 0.015625 0.113281 0.031250 0.113281
0 0.682617 0.055664 0.001953 0.001953
1 0.133789 0.055664 0.001953 0.001953
0 0.030273 0.055664 0.001953 0.001953
1 0.958984 0.068359 0.011719 0.031250
0 0.501953 0.055664 0.007812 0.005859
1 0.433594 0.064453 0.011719 0.023438
0 0.416016 0.068359 0.031250 0.031250
0 0.014648 0.053711 0.001953 0.001953
0 0.026367 0.051758 0.001953 0.001953
0 0.004883 0.051758 0.001953 0.001953
1 0.564453 0.068359 0.015625 0.039062
0 0.503906 0.049805 0.003906 0.001953
0 0.399414 0.049805 0.001953 0.001953
0 0.033203 0.053711 0.007812 0.009766
1 0.549805 0.047852 0.001953 0.001953
1 0.542969 0.052734 0.007812 0.011719
0 0.533203 0.049805 0.007812 0.005859
0 0.424805 0.050781 0.005859 0.007812
0 0.401367 0.054688 0.013672 0.015625
1 0.348633 0.051758 0.005859 0.009766
1 0.186523 0.045898 0.001953 0.001953
1 0.182617 0.045898 0.001953 0.001953
0 0.504883 0.043945 0.001953 0.001953
0 0.517578 0.042969 0.003906 0.003906
1 0.416992 0.041992 0.001953 0.001953
1 0.746094 0.041016 0.003906 0.003906
0 0.705078 0.042969 0.011719 0.011719
1 0.540039 0.039062 0.001953 0.003906
1 0.147461 0.038086 0.001953 0.001953
1 0.002930 0.039062 0.001953 0.003906
0 0.700195 0.034180 0.001953 0.001953
1 0.149414 0.034180 0.001953 0.001953
1 0.081055 0.046875 0.021484 0.027344
0 0.746094 0.031250 0.003906 0.003906
0 0.414062 0.038086 0.015625 0.017578
1 0.916016 0.028320 0.003906 0.001953
0 0.885742 0.026367 0.001953 0.001953
0 0.861328 0.077148 0.097656 0.103516
1 0.915039 0.022461 0.001953 0.001953
1 0.037109 0.030273 0.003906 0.021484
1 0.904297 0.019531 0.003906 0.003906
1 0.032227 0.018555 0.001953 0.001953
1 0.364258 0.016602 0.001953 0.001953
1 0.067383 0.016602 0.001953 0.001953
0 0.856445 0.016602 0.009766 0.005859
1 0.401367 0.014648 0.001953 0.001953
1 0.325195 0.017578 0.001953 0.007812
0 0.699219 0.019531 0.015625 0.015625
1 0.923828 0.011719 0.003906 0.003906
1 0.547852 0.010742 0.001953 0.001953
1 0.360352 0.011719 0.001953 0.003906
1 0.410156 0.011719 0.007812 0.007812
1 0.401367 0.008789 0.001953 0.001953
0 0.206055 0.008789 0.001953 0.001953
0 0.619141 0.008789 0.003906 0.005859
1 0.365234 0.007812 0.003906 0.003906
1 0.130859 0.121094 0.148438 0.230469
1 0.093750 0.009766 0.011719 0.007812
0 0.715820 0.005859 0.005859 0.003906
1 0.482422 0.007812 0.007812 0.007812
0 0.934570 0.002930 0.001953 0.001953
1 0.399414 0.003906 0.001953 0.003906
1 0.924805 0.001953 0.009766 0.003906
0 0.833008 0.000977 0.001953 0.001953
0 0.784180 0.060547 0.095703 0.121094
0 0.700195 0.000977 0.001953 0.001953
0 0.639648 0.027344 0.041016 0.054688
0 0.590820 0.031250 0.029297 0.062500
0 0.522461 0.022461 0.041016 0.044922
0 0.501953 0.001953 0.011719 0.003906
1 0.426758 0.000977 0.001953 0.001953
1 0.422852 0.000977 0.001953 0.001953
1 0.412109 0.002930 0.003906 0.005859
1 0.364258 0.000977 0.001953 0.001953
0 0.320312 0.063477 0.070312 0.126953
1 0.292969 0.001953 0.003906 0.003906
1 0.283203 0.001953 0.011719 0.003906
1 0.256836 0.045898 0.052734 0.091797
0 0.218750 0.002930 0.019531 0.005859
0 0.206055 0.000977 0.001953 0.001953
1 0.076172 0.014648 0.019531 0.029297
1 0.018555 0.024414 0.037109 0.048828
2 0.977539 0.999023 0.001953 0.001953
2 0.816406 0.999023 0.003906 0.001953
2 0.573242 0.999023 0.001953 0.001953
3 0.508789 0.999023 0.001953 0.001953
3 0.504883 0.999023 0.001953 0.001953
2 0.999023 0.997070 0.001953 0.001953
2 0.963867 0.998047 0.001953 0.003906
2 0.415039 0.997070 0.001953 0.001953
2 0.254883 0.997070 0.001953 0.001953
2 0.969727 0.997070 0.001953 0.005859
2 0.984375 0.996094 0.007812 0.007812
2 0.973633 0.993164 0.001953 0.001953
2 0.805664 0.996094 0.005859 0.007812
2 0.585938 0.995117 0.011719 0.009766
2 0.154297 0.992188 0.003906 0.003906
2 0.522461 0.989258 0.001953 0.001953
2 0.569336 0.986328 0.005859 0.003906
2 0.561523 0.991211 0.025391 0.017578
2 0.547852 0.977539 0.001953 0.001953
2 0.899414 0.978516 0.005859 0.007812
2 0.419922 0.982422 0.007812 0.019531
3 0.245117 0.969727 0.001953 0.001953
3 0.238281 0.967773 0.003906 0.001953
2 0.296875 0.962891 0.003906 0.003906
2 0.288086 0.980469 0.091797 0.039062
3 0.250000 0.963867 0.011719 0.005859
2 0.264648 0.960938 0.005859 0.003906
2 0.281250 0.957031 0.003906 0.003906
2 0.271484 0.954102 0.007812 0.009766
2 0.301758 0.946289 0.001953 0.001953
2 0.978516 0.945312 0.003906 0.003906
2 0.375977 0.944336 0.001953 0.001953
2 0.309570 0.944336 0.009766 0.005859
2 0.300781 0.941406 0.003906 0.003906
2 0.327148 0.948242 0.017578 0.025391
2 0.299805 0.934570 0.001953 0.001953
2 0.292969 0.935547 0.003906 0.003906
3 0.922852 0.930664 0.001953 0.001953
2 0.307617 0.932617 0.013672 0.009766
3 0.540039 0.926758 0.001953 0.001953
3 0.534180 0.927734 0.001953 0.003906
3 0.254883 0.926758 0.001953 0.001953
2 0.285156 0.932617 0.023438 0.021484
3 0.263672 0.930664 0.011719 0.017578
3 0.256836 0.922852 0.001953 0.001953
3 0.298828 0.918945 0.003906 0.001953
2 0.320312 0.917969 0.003906 0.003906
3 0.293945 0.916992 0.001953 0.005859
3 0.254883 0.913086 0.001953 0.001953
3 0.981445 0.909180 0.001953 0.001953
3 0.579102 0.907227 0.001953 0.001953
3 0.251953 0.907227 0.003906 0.001953
3 0.567383 0.899414 0.001953 0.001953
2 0.983398 0.921875 0.033203 0.058594
2 0.391602 0.891602 0.001953 0.001953
3 0.245117 0.889648 0.001953 0.001953
2 0.473633 0.886719 0.001953 0.003906
2 0.008789 0.885742 0.001953 0.001953
3 0.965820 0.884766 0.001953 0.003906
3 0.143555 0.874023 0.001953 0.001953
2 0.395508 0.875000 0.005859 0.011719
2 0.377930 0.875000 0.005859 0.015625
3 0.157227 0.868164 0.001953 0.001953
3 0.147461 0.868164 0.001953 0.001953
2 0.440430 0.876953 0.021484 0.027344
3 0.336914 0.864258 0.001953 0.001953
2 0.000977 0.864258 0.001953 0.001953
2 0.430664 0.862305 0.001953 0.001953
2 0.393555 0.860352 0.001953 0.001953
2 0.000977 0.860352 0.001953 0.001953
3 0.982422 0.866211 0.015625 0.017578
3 0.130859 0.859375 0.003906 0.003906
3 0.131836 0.854492 0.001953 0.001953
3 0.168945 0.860352 0.017578 0.021484
3 0.127930 0.852539 0.005859 0.005859
3 0.133789 0.848633 0.001953 0.001953
3 0.118164 0.848633 0.001953 0.001953
3 0.363281 0.848633 0.011719 0.005859
2 0.426758 0.848633 0.005859 0.009766
3 0.356445 0.844727 0.001953 0.001953
3 0.305664 0.842773 0.001953 0.001953
3 0.143555 0.855469 0.017578 0.027344
3 0.231445 0.840820 0.001953 0.001953
3 0.118164 0.842773 0.001953 0.005859
3 0.126953 0.841797 0.011719 0.007812
2 0.440430 0.834961 0.013672 0.009766
3 0.125977 0.827148 0.001953 0.001953
3 0.241211 0.825195 0.001953 0.001953
3 0.012695 0.825195 0.001953 0.001953
2 0.458984 0.820312 0.003906 0.003906
3 0.390625 0.820312 0.003906 0.003906
2 0.480469 0.818359 0.007812 0.007812
2 0.415039 0.809570 0.001953 0.001953
3 0.102539 0.808594 0.041016 0.042969
3 0.127930 0.893555 0.255859 0.212891
2 0.473633 0.789062 0.009766 0.007812
2 0.458008 0.792969 0.009766 0.015625
2 0.459961 0.783203 0.001953 0.003906
3 0.330078 0.779297 0.039062 0.031250
2 0.497070 0.746094 0.001953 0.015625
2 0.494141 0.736328 0.003906 0.003906
2 0.997070 0.716797 0.005859 0.007812
2 0.475586 0.711914 0.005859 0.005859
2 0.491211 0.679688 0.005859 0.011719
2 0.483398 0.665039 0.001953 0.001953
2 0.485352 0.655273 0.001953 0.005859
2 0.480469 0.647461 0.003906 0.001953
2 0.473633 0.643555 0.001953 0.001953
2 0.481445 0.641602 0.001953 0.001953
2 0.475586 0.637695 0.001953 0.001953
3 0.018555 0.707031 0.037109 0.156250
2 0.482422 0.622070 0.011719 0.017578
3 0.011719 0.605469 0.023438 0.027344
3 0.417969 0.608398 0.031250 0.041016
3 0.001953 0.584961 0.003906 0.005859
3 0.993164 0.579102 0.001953 0.001953
2 0.456055 0.605469 0.033203 0.054688
2 0.444336 0.568359 0.005859 0.015625
2 0.413086 0.560547 0.017578 0.019531
2 0.979492 0.549805 0.001953 0.001953
2 0.454102 0.541992 0.001953 0.001953
2 0.454102 0.537109 0.001953 0.003906
2 0.999023 0.521484 0.001953 0.003906
2 0.999023 0.516602 0.001953 0.001953
2 0.992188 0.518555 0.007812 0.005859
2 0.452148 0.524414 0.005859 0.017578
2 0.449219 0.509766 0.003906 0.007812
3 0.030273 0.499023 0.001953 0.001953
2 0.985352 0.477539 0.005859 0.009766
3 0.374023 0.475586 0.044922 0.041016
2 0.354492 0.453125 0.009766 0.007812
2 0.345703 0.450195 0.003906 0.005859
2 0.335938 0.444336 0.003906 0.001953
3 0.168945 0.482422 0.033203 0.097656
3 0.217773 0.432617 0.001953 0.001953
3 0.114258 0.428711 0.001953 0.001953
2 0.180664 0.426758 0.001953 0.001953
3 0.118164 0.424805 0.001953 0.001953
2 0.329102 0.431641 0.037109 0.019531
3 0.142578 0.421875 0.011719 0.007812
3 0.145508 0.416992 0.001953 0.001953
2 0.333984 0.416992 0.007812 0.005859
3 0.020508 0.401367 0.009766 0.005859
3 0.043945 0.346680 0.001953 0.001953
2 0.999023 0.340820 0.001953 0.001953
3 0.002930 0.251953 0.005859 0.019531
3 0.004883 0.235352 0.001953 0.001953
3 0.000977 0.236328 0.001953 0.003906
3 0.000977 0.231445 0.001953 0.001953
2 0.774414 0.092773 0.001953 0.001953
2 0.758789 0.091797 0.013672 0.007812
2 0.001953 0.090820 0.003906 0.005859
2 0.006836 0.075195 0.005859 0.005859
2 0.274414 0.067383 0.001953 0.001953
2 0.773438 0.067383 0.011719 0.005859
3 0.252930 0.049805 0.001953 0.001953
2 0.785156 0.049805 0.003906 0.005859
2 0.634766 0.045898 0.003906 0.009766
2 0.595703 0.044922 0.003906 0.007812
2 0.807617 0.038086 0.001953 0.005859
2 0.629883 0.036133 0.001953 0.001953
2 0.252930 0.027344 0.005859 0.003906
2 0.249023 0.022461 0.001953 0.001953
2 0.641602 0.008789 0.001953 0.001953
2 0.239258 0.002930 0.001953 0.001953
3 0.926758 0.000977 0.001953 0.001953
2 0.649414 0.001953 0.009766 0.003906
3 0.500000 0.500000 1.000000 1.000000