1 0.961914 0.999023 0.001953 0.001953
1 0.641602 0.999023 0.001953 0.001953
1 0.166992 0.999023 0.005859 0.001953
1 0.000977 0.999023 0.001953 0.001953
1 0.246094 0.997070 0.023438 0.005859
0 0.876953 0.996094 0.003906 0.007812
1 0.379883 0.996094 0.009766 0.007812
1 0.646484 0.991211 0.015625 0.009766
1 0.497070 0.992188 0.025391 0.015625
1 0.086914 0.986328 0.009766 0.011719
1 0.618164 0.986328 0.009766 0.015625
0 0.606445 0.981445 0.009766 0.005859
1 0.028320 0.984375 0.009766 0.011719
1 0.243164 0.975586 0.001953 0.001953
1 0.065430 0.975586 0.001953 0.001953
1 0.241211 0.971680 0.001953 0.001953
1 0.083008 0.971680 0.001953 0.001953
1 0.077148 0.972656 0.005859 0.003906
1 0.994141 0.978516 0.011719 0.019531
1 0.574219 0.978516 0.015625 0.019531
1 0.245117 0.969727 0.001953 0.001953
1 0.622070 0.967773 0.001953 0.001953
1 0.336914 0.983398 0.060547 0.033203
1 0.725586 0.963867 0.001953 0.001953
1 0.320312 0.964844 0.003906 0.003906
1 0.978516 0.965820 0.007812 0.009766
1 0.240234 0.963867 0.007812 0.009766
0 0.768555 0.962891 0.013672 0.011719
0 0.744141 0.956055 0.003906 0.001953
1 0.383789 0.958008 0.009766 0.009766
1 0.451172 0.960938 0.023438 0.019531
0 0.806641 0.950195 0.003906 0.001953
1 0.369141 0.954102 0.007812 0.009766
1 0.809570 0.946289 0.001953 0.001953
1 0.862305 0.949219 0.017578 0.015625
1 0.050781 0.965820 0.023438 0.048828
1 0.413086 0.946289 0.021484 0.013672
1 0.880859 0.936523 0.007812 0.005859
1 0.351562 0.937500 0.007812 0.011719
1 0.318359 0.934570 0.007812 0.005859
1 0.095703 0.936523 0.019531 0.009766
1 0.906250 0.933594 0.007812 0.007812
1 0.488281 0.943359 0.031250 0.031250
1 0.954102 0.928711 0.009766 0.009766
1 0.241211 0.935547 0.017578 0.027344
1 0.801758 0.926758 0.021484 0.013672
1 0.711914 0.940430 0.068359 0.041016
1 0.454102 0.920898 0.001953 0.001953
1 0.930664 0.921875 0.017578 0.007812
1 0.735352 0.918945 0.001953 0.001953
0 0.337891 0.927734 0.011719 0.019531
1 0.489258 0.911133 0.001953 0.001953
1 0.940430 0.909180 0.001953 0.001953
1 0.600586 0.911133 0.013672 0.009766
1 0.493164 0.905273 0.001953 0.001953
1 0.464844 0.906250 0.003906 0.003906
1 0.526367 0.906250 0.009766 0.007812
1 0.442383 0.925781 0.037109 0.046875
0 0.717773 0.912109 0.025391 0.023438
1 0.179688 0.915039 0.015625 0.029297
1 0.120117 0.901367 0.001953 0.001953
1 0.160156 0.900391 0.015625 0.011719
1 0.699219 0.896484 0.007812 0.007812
1 0.421875 0.895508 0.015625 0.009766
1 0.849609 0.944336 0.031250 0.111328
1 0.721680 0.889648 0.001953 0.001953
1 0.658203 0.891602 0.011719 0.009766
1 0.106445 0.905273 0.021484 0.037109
1 0.355469 0.914062 0.128906 0.058594
1 0.383789 0.889648 0.013672 0.013672
1 0.766602 0.893555 0.017578 0.029297
0 0.740234 0.887695 0.027344 0.021484
1 0.625000 0.888672 0.011719 0.027344
1 0.433594 0.877930 0.003906 0.005859
1 0.291992 0.875977 0.005859 0.005859
1 0.975586 0.889648 0.021484 0.037109
1 0.582031 0.875000 0.011719 0.007812
1 0.890625 0.878906 0.023438 0.019531
1 0.693359 0.873047 0.011719 0.015625
1 0.105469 0.869141 0.011719 0.007812
1 0.811523 0.873047 0.009766 0.019531
1 0.459961 0.864258 0.001953 0.001953
1 0.922852 0.862305 0.001953 0.001953
1 0.379883 0.871094 0.029297 0.019531
1 0.811523 0.860352 0.001953 0.001953
1 0.394531 0.861328 0.003906 0.003906
0 0.959961 0.860352 0.005859 0.005859
1 0.833984 0.869141 0.027344 0.027344
1 0.543945 0.854492 0.001953 0.001953
1 0.440430 0.872070 0.033203 0.041016
1 0.258789 0.852539 0.001953 0.005859
0 0.759766 0.853516 0.003906 0.011719
1 0.914062 0.847656 0.003906 0.003906
1 0.157227 0.845703 0.001953 0.003906
1 0.538086 0.847656 0.017578 0.011719
1 0.332031 0.849609 0.007812 0.015625
1 0.146484 0.850586 0.011719 0.017578
1 0.506836 0.840820 0.001953 0.001953
0 0.766602 0.838867 0.001953 0.001953
1 0.991211 0.843750 0.005859 0.015625
1 0.414062 0.843750 0.039062 0.019531
1 0.348633 0.840820 0.013672 0.013672
1 0.948242 0.836914 0.009766 0.009766
1 0.695312 0.837891 0.011719 0.011719
1 0.439453 0.836914 0.007812 0.013672
0 0.703125 0.831055 0.003906 0.005859
0 0.364258 0.833008 0.009766 0.009766
0 0.837891 0.828125 0.011719 0.003906
1 0.747070 0.824219 0.001953 0.003906
0 0.264648 0.823242 0.001953 0.001953
0 0.039062 0.824219 0.007812 0.003906
1 0.530273 0.830078 0.017578 0.019531
1 0.260742 0.821289 0.001953 0.001953
1 0.131836 0.823242 0.013672 0.009766
0 0.689453 0.821289 0.011719 0.009766
1 0.566406 0.828125 0.011719 0.023438
0 0.713867 0.823242 0.013672 0.025391
1 0.159180 0.814453 0.009766 0.007812
1 0.448242 0.807617 0.001953 0.001953
1 0.554688 0.810547 0.019531 0.011719
1 0.173828 0.807617 0.019531 0.009766
1 0.069336 0.813477 0.037109 0.021484
0 0.831055 0.801758 0.001953 0.001953
1 0.114258 0.806641 0.017578 0.011719
1 0.401367 0.799805 0.001953 0.001953
1 0.786133 0.806641 0.013672 0.019531
1 0.767578 0.814453 0.031250 0.035156
1 0.985352 0.824219 0.029297 0.062500
0 0.670898 0.793945 0.005859 0.005859
1 0.261719 0.810547 0.042969 0.039062
0 0.833984 0.793945 0.011719 0.009766
1 0.953125 0.799805 0.007812 0.025391
0 0.684570 0.790039 0.009766 0.005859
1 0.355469 0.809570 0.035156 0.044922
0 0.643555 0.787109 0.005859 0.003906
0 0.637695 0.786133 0.001953 0.001953
1 0.409180 0.791992 0.013672 0.017578
1 0.041992 0.792969 0.025391 0.019531
0 0.622070 0.786133 0.025391 0.009766
0 0.272461 0.783203 0.005859 0.003906
1 0.055664 0.782227 0.001953 0.001953
1 0.817383 0.785156 0.017578 0.011719
1 0.725586 0.792969 0.021484 0.027344
1 0.195312 0.791016 0.042969 0.027344
1 0.057617 0.777344 0.001953 0.003906
1 0.125977 0.779297 0.009766 0.011719
1 0.489258 0.781250 0.041016 0.023438
0 0.077148 0.771484 0.009766 0.003906
1 0.247070 0.775391 0.044922 0.015625
1 0.752930 0.779297 0.025391 0.031250
1 0.776367 0.778320 0.025391 0.033203
1 0.910156 0.770508 0.027344 0.021484
1 0.218750 0.769531 0.046875 0.019531
1 0.901367 0.754883 0.001953 0.001953
1 0.872070 0.761719 0.033203 0.015625
1 0.019531 0.769531 0.027344 0.031250
0 0.629883 0.762695 0.013672 0.021484
0 0.610352 0.754883 0.009766 0.005859
1 0.286133 0.757812 0.017578 0.015625
1 0.153320 0.754883 0.041016 0.017578
1 0.616211 0.745117 0.001953 0.001953
0 0.970703 0.750000 0.007812 0.015625
0 0.163086 0.743164 0.005859 0.001953
0 0.173828 0.742188 0.007812 0.003906
1 0.134766 0.740234 0.003906 0.003906
1 0.429688 0.767578 0.046875 0.066406
1 0.652344 0.737305 0.011719 0.013672
1 0.832031 0.774414 0.105469 0.091797
0 0.068359 0.728516 0.011719 0.003906
1 0.592773 0.735352 0.029297 0.021484
1 0.797852 0.724609 0.005859 0.003906
1 0.740234 0.734375 0.035156 0.023438
1 0.186523 0.724609 0.009766 0.007812
0 0.196289 0.719727 0.001953 0.001953
0 0.061523 0.721680 0.017578 0.009766
1 0.022461 0.730469 0.029297 0.027344
1 0.331055 0.716797 0.009766 0.007812
1 0.898438 0.722656 0.019531 0.023438
1 0.668945 0.715820 0.009766 0.009766
1 0.946289 0.756836 0.048828 0.095703
1 0.416992 0.715820 0.009766 0.013672
1 0.936523 0.709961 0.033203 0.017578
1 0.625977 0.705078 0.005859 0.007812
1 0.749023 0.704102 0.009766 0.013672
0 0.102539 0.698242 0.001953 0.001953
1 0.738281 0.699219 0.007812 0.007812
1 0.247070 0.699219 0.005859 0.007812
1 0.364258 0.753906 0.091797 0.121094
1 0.729492 0.693359 0.005859 0.003906
1 0.564453 0.694336 0.003906 0.005859
1 0.778320 0.698242 0.029297 0.017578
1 0.260742 0.688477 0.001953 0.001953
1 0.956055 0.686523 0.001953 0.001953
1 0.122070 0.696289 0.021484 0.021484
1 0.974609 0.690430 0.027344 0.013672
0 0.735352 0.684570 0.001953 0.001953
1 0.208008 0.678711 0.001953 0.001953
1 0.721680 0.679688 0.013672 0.011719
1 0.035156 0.680664 0.015625 0.017578
1 0.613281 0.679688 0.019531 0.019531
0 0.418945 0.670898 0.001953 0.001953
1 0.110352 0.671875 0.009766 0.003906
1 0.012695 0.683594 0.025391 0.031250
1 0.548828 0.680664 0.039062 0.029297
1 0.431641 0.669922 0.007812 0.011719
1 0.123047 0.664062 0.003906 0.003906
1 0.960938 0.662109 0.007812 0.007812
1 0.746094 0.658203 0.015625 0.011719
1 0.513672 0.654297 0.003906 0.003906
1 0.341797 0.673828 0.105469 0.042969
1 0.791016 0.655273 0.007812 0.009766
0 0.390625 0.651367 0.003906 0.001953
1 0.982422 0.662109 0.023438 0.027344
0 0.914062 0.655273 0.007812 0.013672
1 0.241211 0.645508 0.001953 0.001953
1 0.208008 0.647461 0.009766 0.005859
1 0.252930 0.657227 0.029297 0.029297
1 0.693359 0.644531 0.007812 0.011719
1 0.927734 0.644531 0.027344 0.015625
1 0.398438 0.639648 0.003906 0.005859
0 0.563477 0.646484 0.017578 0.023438
1 0.006836 0.639648 0.013672 0.017578
1 0.417969 0.631836 0.007812 0.005859
1 0.544922 0.634766 0.015625 0.015625
1 0.249023 0.634766 0.017578 0.015625
1 0.553711 0.625977 0.001953 0.001953
0 0.284180 0.626953 0.001953 0.003906
1 0.365234 0.631836 0.019531 0.017578
0 0.338867 0.621094 0.005859 0.007812
1 0.217773 0.616211 0.001953 0.001953
1 0.128906 0.615234 0.003906 0.003906
1 0.647461 0.624023 0.017578 0.025391
1 0.349609 0.609375 0.003906 0.003906
1 0.485352 0.611328 0.009766 0.011719
1 0.102539 0.609375 0.041016 0.011719
1 0.825195 0.600586 0.001953 0.001953
1 0.575195 0.687500 0.123047 0.175781
1 0.612305 0.600586 0.009766 0.009766
1 0.733398 0.596680 0.005859 0.005859
1 0.333984 0.604492 0.062500 0.021484
1 0.849609 0.593750 0.003906 0.003906
1 0.586914 0.602539 0.013672 0.021484
1 0.256836 0.590820 0.021484 0.009766
1 0.405273 0.588867 0.009766 0.009766
1 0.285156 0.586914 0.007812 0.005859
1 0.166016 0.593750 0.035156 0.031250
1 0.769531 0.599609 0.015625 0.046875
1 0.567383 0.573242 0.009766 0.009766
1 0.052734 0.570312 0.003906 0.003906
1 0.927734 0.570312 0.007812 0.007812
1 0.878906 0.570312 0.011719 0.007812
1 0.965820 0.569336 0.005859 0.009766
1 0.197266 0.567383 0.007812 0.005859
1 0.483398 0.561523 0.005859 0.009766
0 0.340820 0.559570 0.005859 0.005859
0 0.750977 0.558594 0.009766 0.011719
1 0.666016 0.557617 0.019531 0.009766
1 0.647461 0.554688 0.009766 0.003906
1 0.669922 0.544922 0.015625 0.007812
1 0.541992 0.547852 0.017578 0.013672
1 0.320312 0.547852 0.011719 0.013672
1 0.657227 0.538086 0.001953 0.001953
1 0.611328 0.540039 0.011719 0.009766
1 0.711914 0.586914 0.068359 0.107422
1 0.598633 0.537109 0.009766 0.007812
1 0.518555 0.536133 0.013672 0.009766
1 0.127930 0.532227 0.001953 0.001953
1 0.095703 0.537109 0.011719 0.019531
1 0.139648 0.527344 0.009766 0.003906
1 0.776367 0.528320 0.009766 0.017578
1 0.701172 0.525391 0.011719 0.011719
1 0.978516 0.518555 0.015625 0.009766
0 0.578125 0.514648 0.003906 0.001953
1 0.025391 0.544922 0.050781 0.066406
1 0.303711 0.533203 0.021484 0.046875
1 0.570312 0.507812 0.003906 0.003906
1 0.513672 0.510742 0.007812 0.009766
1 0.575195 0.504883 0.001953 0.001953
1 0.796875 0.502930 0.007812 0.009766
1 0.700195 0.504883 0.021484 0.013672
1 0.517578 0.500977 0.007812 0.005859
1 0.366211 0.495117 0.005859 0.001953
1 0.266602 0.496094 0.005859 0.003906
1 0.532227 0.494141 0.013672 0.011719
1 0.459961 0.491211 0.005859 0.009766
1 0.396484 0.489258 0.003906 0.005859
1 0.837891 0.494141 0.023438 0.019531
1 0.483398 0.488281 0.005859 0.007812
1 0.958984 0.484375 0.007812 0.003906
1 0.640625 0.504883 0.054688 0.044922
0 0.014648 0.486328 0.005859 0.007812
1 0.952148 0.481445 0.001953 0.001953
1 0.818359 0.487305 0.011719 0.013672
1 0.115234 0.496094 0.011719 0.031250
1 0.193359 0.485352 0.011719 0.013672
1 0.597656 0.474609 0.007812 0.003906
1 0.466797 0.472656 0.003906 0.003906
1 0.011719 0.471680 0.007812 0.005859
1 0.187500 0.469727 0.011719 0.005859
1 0.143555 0.474609 0.009766 0.015625
0 0.343750 0.472656 0.019531 0.015625
1 0.247070 0.463867 0.001953 0.001953
1 0.203125 0.460938 0.003906 0.003906
1 0.888672 0.457031 0.003906 0.003906
1 0.810547 0.455078 0.003906 0.003906
1 0.258789 0.458008 0.009766 0.009766
1 0.583008 0.476562 0.072266 0.054688
0 0.379883 0.450195 0.001953 0.001953
1 0.543945 0.448242 0.001953 0.001953
1 0.603516 0.446289 0.003906 0.005859
0 0.391602 0.446289 0.005859 0.005859
0 0.886719 0.442383 0.003906 0.005859
1 0.849609 0.458008 0.070312 0.037109
1 0.892578 0.441406 0.003906 0.019531
1 0.690430 0.438477 0.021484 0.013672
1 0.804688 0.440430 0.023438 0.029297
1 0.881836 0.420898 0.021484 0.009766
1 0.779297 0.423828 0.023438 0.015625
1 0.620117 0.417969 0.009766 0.003906
1 0.386719 0.428711 0.027344 0.025391
1 0.350586 0.422852 0.017578 0.013672
1 0.697266 0.413086 0.007812 0.005859
1 0.786133 0.409180 0.001953 0.001953
1 0.786133 0.403320 0.001953 0.001953
1 0.616211 0.402344 0.001953 0.003906
1 0.333984 0.405273 0.019531 0.009766
1 0.299805 0.419922 0.087891 0.042969
1 0.188477 0.399414 0.001953 0.001953
1 0.230469 0.397461 0.003906 0.001953
1 0.833008 0.400391 0.009766 0.011719
1 0.432617 0.389648 0.001953 0.001953
0 0.367188 0.399414 0.023438 0.021484
0 0.291016 0.391602 0.007812 0.005859
1 0.616211 0.391602 0.009766 0.009766
1 0.356445 0.385742 0.001953 0.001953
1 0.271484 0.386719 0.011719 0.011719
1 0.284180 0.377930 0.013672 0.001953
1 0.273438 0.375977 0.007812 0.005859
1 0.405273 0.380859 0.013672 0.019531
1 0.140625 0.422852 0.070312 0.103516
1 0.527344 0.371094 0.007812 0.003906
1 0.295898 0.370117 0.001953 0.001953
1 0.753906 0.374023 0.007812 0.013672
1 0.653320 0.366211 0.001953 0.001953
1 0.291016 0.366211 0.003906 0.001953
1 0.038086 0.456055 0.072266 0.181641
1 0.314453 0.371094 0.039062 0.015625
1 0.576172 0.365234 0.007812 0.007812
0 0.791992 0.356445 0.009766 0.005859
0 0.780273 0.356445 0.005859 0.005859
1 0.384766 0.359375 0.019531 0.015625
0 0.063477 0.352539 0.001953 0.001953
1 0.951172 0.351562 0.003906 0.003906
1 0.451172 0.352539 0.011719 0.009766
1 0.806641 0.354492 0.011719 0.017578
1 0.442383 0.346680 0.001953 0.001953
1 0.438477 0.342773 0.001953 0.001953
1 0.308594 0.351562 0.062500 0.019531
1 0.829102 0.343750 0.009766 0.011719
1 0.769531 0.339844 0.003906 0.003906
1 0.879883 0.333008 0.005859 0.005859
1 0.765625 0.333984 0.007812 0.007812
1 0.728516 0.335938 0.007812 0.011719
1 0.124023 0.341797 0.009766 0.023438
1 0.649414 0.331055 0.021484 0.009766
1 0.425781 0.342773 0.019531 0.033203
0 0.403320 0.327148 0.001953 0.001953
1 0.990234 0.327148 0.007812 0.005859
1 0.480469 0.338867 0.046875 0.033203
1 0.301758 0.321289 0.009766 0.005859
0 0.311523 0.317383 0.001953 0.001953
1 0.963867 0.333008 0.048828 0.037109
0 0.066406 0.322266 0.011719 0.015625
1 0.809570 0.313477 0.001953 0.001953
1 0.804688 0.319336 0.011719 0.013672
1 0.262695 0.313477 0.001953 0.001953
1 0.004883 0.323242 0.009766 0.021484
1 0.972656 0.308594 0.011719 0.007812
1 0.868164 0.316406 0.072266 0.023438
1 0.757812 0.308594 0.007812 0.007812
1 0.418945 0.305664 0.001953 0.001953
1 0.760742 0.299805 0.001953 0.001953
1 0.178711 0.352539 0.099609 0.115234
1 0.778320 0.315430 0.048828 0.044922
1 0.625000 0.296875 0.011719 0.007812
1 0.592773 0.305664 0.033203 0.029297
1 0.375977 0.293945 0.013672 0.009766
0 0.007812 0.293945 0.007812 0.009766
1 0.635742 0.287109 0.001953 0.003906
0 0.007812 0.284180 0.003906 0.005859
1 0.037109 0.315430 0.046875 0.076172
1 0.302734 0.287109 0.117188 0.023438
1 0.640625 0.278320 0.011719 0.009766
1 0.963867 0.273438 0.009766 0.007812
0 0.609375 0.274414 0.019531 0.009766
1 0.097656 0.304688 0.039062 0.070312
1 0.996094 0.269531 0.003906 0.003906
1 0.634766 0.269531 0.003906 0.003906
1 0.325195 0.272461 0.021484 0.009766
1 0.893555 0.271484 0.013672 0.015625
1 0.020508 0.267578 0.013672 0.007812
1 0.865234 0.263672 0.003906 0.003906
1 0.136719 0.265625 0.007812 0.007812
1 0.126953 0.270508 0.007812 0.017578
1 0.713867 0.274414 0.080078 0.037109
1 0.899414 0.254883 0.001953 0.001953
1 0.292969 0.259766 0.011719 0.011719
1 0.872070 0.271484 0.013672 0.042969
1 0.926758 0.305664 0.033203 0.115234
1 0.002930 0.254883 0.005859 0.013672
1 0.652344 0.243164 0.003906 0.005859
1 0.036133 0.250977 0.013672 0.021484
1 0.737305 0.235352 0.001953 0.001953
1 0.635742 0.236328 0.009766 0.007812
1 0.605469 0.234375 0.027344 0.011719
1 0.458008 0.241211 0.009766 0.029297
1 0.836914 0.227539 0.005859 0.005859
0 0.366211 0.221680 0.001953 0.001953
1 0.470703 0.217773 0.007812 0.001953
1 0.909180 0.216797 0.013672 0.007812
1 0.626953 0.215820 0.007812 0.009766
1 0.488281 0.217773 0.019531 0.013672
1 0.436523 0.215820 0.017578 0.009766
1 0.039062 0.219727 0.007812 0.017578
1 0.875977 0.221680 0.005859 0.025391
1 0.056641 0.209961 0.007812 0.005859
0 0.114258 0.208984 0.005859 0.007812
0 0.378906 0.205078 0.003906 0.003906
1 0.547852 0.206055 0.017578 0.009766
1 0.280273 0.202148 0.001953 0.001953
1 0.753906 0.202148 0.007812 0.013672
1 0.033203 0.198242 0.003906 0.005859
1 0.650391 0.196289 0.003906 0.005859
1 0.485352 0.307617 0.404297 0.228516
1 0.009766 0.215820 0.019531 0.044922
1 0.143555 0.230469 0.056641 0.078125
1 0.807617 0.193359 0.009766 0.007812
0 0.619141 0.196289 0.011719 0.013672
1 0.042969 0.192383 0.007812 0.005859
0 0.965820 0.192383 0.013672 0.009766
0 0.837891 0.187500 0.003906 0.003906
1 0.670898 0.184570 0.013672 0.009766
0 0.639648 0.176758 0.001953 0.001953
1 0.828125 0.181641 0.007812 0.015625
1 0.591797 0.176758 0.007812 0.005859
1 0.302734 0.177734 0.015625 0.019531
1 0.040039 0.168945 0.001953 0.001953
1 0.775391 0.176758 0.011719 0.021484
1 0.752930 0.169922 0.009766 0.011719
1 0.265625 0.211914 0.050781 0.111328
1 0.209961 0.264648 0.119141 0.220703
0 0.889648 0.153320 0.001953 0.001953
1 0.761719 0.156250 0.003906 0.007812
1 0.785156 0.155273 0.019531 0.017578
1 0.255859 0.147461 0.003906 0.005859
1 0.012695 0.151367 0.025391 0.013672
0 0.900391 0.143555 0.003906 0.001953
1 0.053711 0.145508 0.005859 0.005859
0 0.377930 0.171875 0.037109 0.062500
1 0.842773 0.144531 0.021484 0.011719
1 0.546875 0.153320 0.054688 0.041016
1 0.756836 0.138672 0.005859 0.015625
1 0.733398 0.139648 0.009766 0.017578
1 0.317383 0.139648 0.017578 0.021484
1 0.876953 0.144531 0.042969 0.035156
1 0.011719 0.131836 0.015625 0.009766
1 0.954102 0.129883 0.009766 0.009766
1 0.850586 0.129883 0.033203 0.013672
1 0.389648 0.120117 0.001953 0.001953
0 0.917969 0.122070 0.011719 0.009766
1 0.595703 0.125000 0.015625 0.015625
1 0.121094 0.186523 0.082031 0.138672
1 0.947266 0.117188 0.007812 0.003906
1 0.172852 0.116211 0.001953 0.001953
1 0.496094 0.125977 0.015625 0.025391
1 0.024414 0.118164 0.009766 0.009766
1 0.433594 0.116211 0.007812 0.009766
1 0.180664 0.113281 0.013672 0.007812
1 0.869141 0.112305 0.019531 0.009766
1 0.489258 0.110352 0.009766 0.009766
1 0.390625 0.108398 0.015625 0.009766
1 0.944336 0.107422 0.013672 0.011719
1 0.627930 0.107422 0.025391 0.011719
1 0.945312 0.098633 0.007812 0.001953
0 0.512695 0.099609 0.001953 0.003906
1 0.173828 0.096680 0.003906 0.001953
1 0.818359 0.117188 0.050781 0.046875
1 0.475586 0.099609 0.017578 0.011719
1 0.172852 0.092773 0.001953 0.001953
1 0.050781 0.100586 0.015625 0.017578
1 0.656250 0.090820 0.011719 0.009766
0 0.029297 0.086914 0.003906 0.001953
0 0.346680 0.087891 0.037109 0.007812
1 0.552734 0.093750 0.023438 0.023438
1 0.000977 0.082031 0.001953 0.003906
1 0.391602 0.082031 0.009766 0.011719
1 0.876953 0.091797 0.031250 0.035156
1 0.806641 0.077148 0.007812 0.005859
1 0.562500 0.074219 0.007812 0.003906
0 0.345703 0.073242 0.003906 0.001953
1 0.767578 0.072266 0.011719 0.007812
1 0.736328 0.083984 0.015625 0.035156
1 0.403320 0.072266 0.009766 0.011719
0 0.782227 0.066406 0.005859 0.003906
1 0.953125 0.067383 0.007812 0.009766
1 0.737305 0.060547 0.005859 0.003906
1 0.613281 0.066406 0.015625 0.015625
1 0.399414 0.060547 0.001953 0.003906
1 0.745117 0.059570 0.005859 0.005859
1 0.155273 0.084961 0.056641 0.056641
1 0.811523 0.063477 0.013672 0.017578
1 0.791016 0.058594 0.007812 0.007812
0 0.781250 0.056641 0.003906 0.003906
1 0.061523 0.086914 0.107422 0.064453
1 0.279297 0.054688 0.003906 0.003906
1 0.909180 0.053711 0.013672 0.005859
1 0.741211 0.051758 0.005859 0.005859
1 0.057617 0.052734 0.013672 0.007812
1 0.377930 0.061523 0.037109 0.029297
1 0.312500 0.048828 0.003906 0.003906
1 0.975586 0.049805 0.005859 0.009766
1 0.332031 0.055664 0.042969 0.025391
1 0.514648 0.065430 0.060547 0.048828
1 0.375000 0.043945 0.003906 0.005859
1 0.753906 0.045898 0.031250 0.017578
1 0.613281 0.042969 0.039062 0.015625
1 0.298828 0.040039 0.011719 0.009766
1 0.924805 0.052734 0.017578 0.039062
0 0.432617 0.048828 0.017578 0.031250
1 0.832031 0.041016 0.011719 0.019531
1 0.775391 0.041016 0.015625 0.019531
1 0.071289 0.032227 0.001953 0.001953
1 0.976562 0.030273 0.007812 0.005859
1 0.570312 0.031250 0.007812 0.007812
1 0.425781 0.029297 0.003906 0.003906
1 0.004883 0.029297 0.005859 0.003906
1 0.526367 0.031250 0.009766 0.015625
1 0.558594 0.022461 0.007812 0.009766
1 0.223633 0.024414 0.013672 0.013672
1 0.823242 0.018555 0.005859 0.005859
1 0.293945 0.017578 0.009766 0.007812
1 0.848633 0.008789 0.001953 0.001953
1 0.393555 0.023438 0.076172 0.035156
1 0.321289 0.004883 0.001953 0.001953
1 0.007812 0.008789 0.015625 0.013672
1 0.937500 0.012695 0.011719 0.025391
1 0.861328 0.034180 0.023438 0.068359
1 0.665039 0.007812 0.013672 0.015625
1 0.649414 0.007812 0.013672 0.015625
1 0.544922 0.013672 0.015625 0.027344
0 0.516602 0.002930 0.005859 0.005859
1 0.352539 0.002930 0.001953 0.005859
1 0.284180 0.001953 0.009766 0.003906
1 0.239258 0.075195 0.251953 0.150391
1 0.063477 0.016602 0.017578 0.033203
3 0.004883 0.682617 0.009766 0.009766
2 0.005859 0.554688 0.011719 0.019531
3 0.001953 0.528320 0.003906 0.009766
3 0.208008 0.133789 0.001953 0.001953
3 0.653320 0.000977 0.001953 0.001953
3 0.165039 0.005859 0.029297 0.011719
3 0.500000 0.500000 1.000000 1.000000