1 0.764648 0.999023 0.001953 0.001953
1 0.516602 0.997070 0.005859 0.005859
0 0.165039 0.995117 0.001953 0.001953
0 0.990234 0.996094 0.019531 0.007812
0 0.993164 0.989258 0.001953 0.001953
1 0.125977 0.994141 0.013672 0.011719
0 0.677734 0.990234 0.023438 0.019531
1 0.686523 0.975586 0.001953 0.001953
1 0.899414 0.973633 0.001953 0.001953
1 0.728516 0.986328 0.011719 0.027344
1 0.649414 0.986328 0.017578 0.027344
1 0.114258 0.980469 0.041016 0.015625
1 0.990234 0.976562 0.015625 0.019531
1 0.966797 0.974609 0.015625 0.015625
0 0.155273 0.976562 0.025391 0.023438
1 0.137695 0.963867 0.001953 0.001953
0 0.178711 0.959961 0.001953 0.001953
0 0.174805 0.959961 0.001953 0.001953
0 0.168945 0.953125 0.001953 0.003906
1 0.677734 0.959961 0.050781 0.025391
1 0.202148 0.948242 0.001953 0.001953
1 0.023438 0.962891 0.046875 0.031250
1 0.987305 0.953125 0.021484 0.023438
1 0.946289 0.939453 0.013672 0.007812
0 0.156250 0.946289 0.027344 0.021484
1 0.870117 0.937500 0.013672 0.007812
1 0.967773 0.945312 0.021484 0.027344
1 0.291992 0.936523 0.017578 0.025391
0 0.412109 0.918945 0.015625 0.009766
1 0.933594 0.956055 0.046875 0.087891
1 0.630859 0.910156 0.003906 0.003906
1 0.190430 0.927734 0.041016 0.042969
1 0.027344 0.905273 0.003906 0.001953
1 0.995117 0.910156 0.009766 0.015625
1 0.412109 0.906250 0.011719 0.007812
1 0.498047 0.907227 0.011719 0.017578
1 0.930664 0.900391 0.005859 0.007812
1 0.162109 0.908203 0.023438 0.023438
1 0.145508 0.897461 0.001953 0.001953
0 0.697266 0.905273 0.054688 0.021484
1 0.291016 0.895508 0.007812 0.005859
1 0.371094 0.891602 0.007812 0.005859
1 0.459961 0.881836 0.001953 0.001953
0 0.206055 0.887695 0.009766 0.013672
1 0.876953 0.882812 0.015625 0.007812
1 0.002930 0.891602 0.005859 0.025391
1 0.681641 0.880859 0.007812 0.011719
1 0.138672 0.872070 0.003906 0.001953
1 0.860352 0.871094 0.005859 0.003906
1 0.643555 0.870117 0.001953 0.001953
1 0.702148 0.877930 0.041016 0.021484
1 0.513672 0.872070 0.042969 0.009766
1 0.879883 0.872070 0.009766 0.013672
1 0.836914 0.869141 0.009766 0.007812
1 0.750000 0.872070 0.015625 0.013672
1 0.776367 0.868164 0.021484 0.009766
1 0.606445 0.887695 0.080078 0.048828
1 0.628906 0.862305 0.003906 0.005859
1 0.149414 0.876953 0.037109 0.035156
1 0.363281 0.884766 0.027344 0.058594
1 0.571289 0.856445 0.005859 0.005859
1 0.825195 0.855469 0.005859 0.007812
1 0.333008 0.861328 0.013672 0.019531
1 0.786133 0.852539 0.005859 0.009766
1 0.462891 0.868164 0.136719 0.041016
0 0.095703 0.846680 0.003906 0.001953
1 0.424805 0.846680 0.005859 0.005859
1 0.305664 0.861328 0.048828 0.035156
1 0.084961 0.848633 0.013672 0.009766
1 0.163086 0.842773 0.013672 0.005859
1 0.788086 0.833008 0.001953 0.001953
1 0.231445 0.875977 0.083984 0.091797
1 0.884766 0.825195 0.007812 0.005859
1 0.394531 0.829102 0.011719 0.013672
1 0.654297 0.817383 0.007812 0.005859
1 0.754883 0.813477 0.001953 0.001953
1 0.030273 0.813477 0.001953 0.001953
1 0.582031 0.814453 0.007812 0.007812
1 0.531250 0.824219 0.027344 0.031250
1 0.993164 0.808594 0.005859 0.007812
1 0.526367 0.805664 0.001953 0.001953
1 0.030273 0.807617 0.009766 0.005859
1 0.381836 0.799805 0.005859 0.013672
1 0.875000 0.792969 0.003906 0.003906
0 0.717773 0.791992 0.001953 0.001953
1 0.399414 0.792969 0.009766 0.011719
0 0.321289 0.785156 0.005859 0.003906
1 0.787109 0.809570 0.078125 0.056641
1 0.164062 0.789062 0.011719 0.019531
1 0.492188 0.781250 0.011719 0.007812
0 0.302734 0.781250 0.003906 0.007812
1 0.863281 0.775391 0.003906 0.003906
1 0.497070 0.773438 0.005859 0.003906
1 0.736328 0.780273 0.031250 0.021484
1 0.129883 0.781250 0.048828 0.023438
1 0.084961 0.770508 0.001953 0.001953
1 0.963867 0.814453 0.025391 0.093750
1 0.828125 0.773438 0.007812 0.011719
0 0.558594 0.770508 0.007812 0.005859
1 0.939453 0.768555 0.011719 0.009766
1 0.864258 0.759766 0.001953 0.003906
1 0.736328 0.809570 0.101562 0.107422
1 0.492188 0.763672 0.015625 0.015625
1 0.218750 0.763672 0.046875 0.015625
1 0.087891 0.774414 0.035156 0.037109
1 0.772461 0.750977 0.005859 0.005859
1 0.520508 0.755859 0.052734 0.027344
1 0.512695 0.737305 0.005859 0.001953
1 0.483398 0.744141 0.017578 0.015625
1 0.998047 0.737305 0.003906 0.005859
1 0.776367 0.735352 0.001953 0.001953
1 0.901367 0.750977 0.013672 0.037109
1 0.627930 0.794922 0.060547 0.128906
1 0.512695 0.729492 0.001953 0.001953
1 0.096680 0.732422 0.021484 0.019531
1 0.221680 0.723633 0.009766 0.005859
1 0.704102 0.722656 0.005859 0.007812
1 0.317383 0.720703 0.001953 0.003906
1 0.690430 0.717773 0.001953 0.001953
1 0.305664 0.713867 0.001953 0.001953
1 0.298828 0.711914 0.003906 0.001953
1 0.018555 0.715820 0.009766 0.009766
1 0.526367 0.704102 0.001953 0.001953
1 0.387695 0.706055 0.009766 0.005859
1 0.713867 0.700195 0.001953 0.001953
1 0.588867 0.713867 0.044922 0.033203
1 0.766602 0.696289 0.001953 0.001953
1 0.821289 0.702148 0.029297 0.017578
1 0.683594 0.703125 0.015625 0.019531
1 0.614258 0.726562 0.033203 0.066406
1 0.862305 0.686523 0.001953 0.001953
1 0.798828 0.680664 0.007812 0.005859
1 0.306641 0.679688 0.003906 0.003906
1 0.846680 0.677734 0.017578 0.007812
1 0.267578 0.675781 0.007812 0.007812
1 0.027344 0.675781 0.007812 0.007812
1 0.330078 0.689453 0.046875 0.046875
1 0.816406 0.666016 0.003906 0.003906
1 0.147461 0.663086 0.009766 0.013672
1 0.802734 0.661133 0.023438 0.013672
1 0.619141 0.658203 0.007812 0.007812
1 0.949219 0.654297 0.003906 0.003906
1 0.721680 0.649414 0.001953 0.001953
1 0.346680 0.723633 0.244141 0.154297
1 0.206055 0.662109 0.103516 0.031250
1 0.004883 0.657227 0.009766 0.025391
0 0.777344 0.647461 0.007812 0.009766
1 0.726562 0.646484 0.007812 0.011719
1 0.646484 0.642578 0.003906 0.003906
1 0.939453 0.643555 0.027344 0.013672
1 0.559570 0.635742 0.001953 0.001953
1 0.522461 0.631836 0.001953 0.001953
1 0.957031 0.630859 0.007812 0.007812
1 0.745117 0.679688 0.060547 0.105469
0 0.789062 0.629883 0.015625 0.013672
1 0.983398 0.638672 0.009766 0.035156
1 0.310547 0.647461 0.011719 0.052734
1 0.958984 0.622070 0.003906 0.005859
1 0.285156 0.623047 0.003906 0.007812
1 0.012695 0.627930 0.013672 0.021484
1 0.637695 0.628906 0.021484 0.031250
1 0.931641 0.614258 0.003906 0.005859
1 0.016602 0.613281 0.001953 0.003906
1 0.546875 0.624023 0.031250 0.029297
1 0.545898 0.602539 0.009766 0.005859
1 0.774414 0.598633 0.001953 0.001953
1 0.652344 0.602539 0.003906 0.013672
1 0.767578 0.591797 0.011719 0.007812
1 0.792969 0.587891 0.011719 0.007812
1 0.534180 0.586914 0.005859 0.005859
1 0.777344 0.608398 0.167969 0.052734
1 0.731445 0.583984 0.005859 0.003906
1 0.637695 0.585938 0.005859 0.007812
1 0.364258 0.602539 0.017578 0.041016
1 0.791992 0.581055 0.001953 0.001953
1 0.272461 0.585938 0.021484 0.019531
1 0.811523 0.583984 0.017578 0.019531
1 0.290039 0.576172 0.005859 0.003906
1 0.642578 0.575195 0.007812 0.009766
1 0.587891 0.632812 0.089844 0.128906
1 0.678711 0.580078 0.037109 0.035156
1 0.280273 0.560547 0.017578 0.011719
1 0.709961 0.559570 0.037109 0.021484
1 0.110352 0.548828 0.021484 0.011719
1 0.674805 0.541992 0.005859 0.013672
1 0.327148 0.538086 0.009766 0.009766
1 0.692383 0.537109 0.013672 0.011719
1 0.092773 0.532227 0.005859 0.005859
1 0.065430 0.536133 0.021484 0.021484
1 0.366211 0.527344 0.009766 0.007812
1 0.936523 0.515625 0.021484 0.019531
1 0.732422 0.509766 0.007812 0.007812
1 0.564453 0.508789 0.007812 0.009766
1 0.034180 0.511719 0.021484 0.019531
1 0.626953 0.501953 0.003906 0.007812
1 0.638672 0.519531 0.019531 0.046875
1 0.277344 0.504883 0.015625 0.017578
1 0.262695 0.500000 0.013672 0.015625
1 0.582031 0.509766 0.019531 0.039062
1 0.854492 0.495117 0.013672 0.013672
1 0.171875 0.485352 0.003906 0.001953
0 0.768555 0.477539 0.001953 0.001953
1 0.984375 0.478516 0.007812 0.011719
1 0.821289 0.492188 0.091797 0.039062
0 0.704102 0.479492 0.029297 0.025391
1 0.886719 0.466797 0.003906 0.003906
1 0.079102 0.467773 0.013672 0.013672
1 0.848633 0.459961 0.001953 0.001953
1 0.821289 0.460938 0.005859 0.007812
1 0.164062 0.463867 0.011719 0.013672
1 0.249023 0.456055 0.005859 0.005859
0 0.754883 0.450195 0.001953 0.001953
1 0.727539 0.456055 0.048828 0.017578
1 0.456055 0.450195 0.009766 0.005859
1 0.201172 0.458008 0.027344 0.029297
1 0.658203 0.475586 0.015625 0.068359
1 0.505859 0.502930 0.199219 0.123047
1 0.150391 0.446289 0.015625 0.009766
1 0.491211 0.444336 0.009766 0.009766
1 0.942383 0.437500 0.005859 0.003906
1 0.780273 0.439453 0.005859 0.007812
1 0.688477 0.438477 0.021484 0.005859
1 0.040039 0.438477 0.005859 0.009766
1 0.905273 0.436523 0.005859 0.009766
1 0.766602 0.448242 0.021484 0.033203
1 0.404297 0.448242 0.023438 0.033203
1 0.823242 0.433594 0.017578 0.007812
1 0.099609 0.436523 0.027344 0.013672
1 0.832031 0.424805 0.003906 0.001953
1 0.007812 0.425781 0.011719 0.003906
1 0.826172 0.422852 0.003906 0.001953
1 0.545898 0.439453 0.029297 0.035156
1 0.022461 0.422852 0.001953 0.001953
1 0.250000 0.426758 0.023438 0.013672
1 0.584961 0.426758 0.009766 0.021484
1 0.686523 0.417969 0.013672 0.007812
1 0.992188 0.439453 0.015625 0.058594
1 0.190430 0.411133 0.005859 0.005859
1 0.965820 0.419922 0.033203 0.027344
1 0.476562 0.412109 0.011719 0.011719
1 0.280273 0.407227 0.009766 0.009766
1 0.170898 0.403320 0.001953 0.001953
1 0.509766 0.404297 0.007812 0.007812
1 0.915039 0.403320 0.009766 0.009766
1 0.736328 0.407227 0.011719 0.017578
1 0.787109 0.401367 0.007812 0.009766
1 0.775391 0.413086 0.035156 0.033203
1 0.266602 0.396484 0.005859 0.003906
1 0.848633 0.395508 0.009766 0.009766
1 0.053711 0.392578 0.005859 0.007812
1 0.277344 0.382812 0.007812 0.003906
1 0.578125 0.387695 0.011719 0.017578
1 0.666016 0.405273 0.019531 0.060547
1 0.009766 0.382812 0.019531 0.015625
1 0.041016 0.381836 0.015625 0.017578
1 0.808594 0.375977 0.015625 0.009766
1 0.112305 0.364258 0.001953 0.001953
1 0.047852 0.358398 0.001953 0.001953
1 0.678711 0.356445 0.001953 0.001953
1 0.596680 0.358398 0.009766 0.009766
1 0.285156 0.359375 0.007812 0.011719
1 0.008789 0.364258 0.017578 0.021484
1 0.408203 0.389648 0.011719 0.076172
1 0.559570 0.352539 0.005859 0.005859
1 0.243164 0.355469 0.013672 0.011719
1 0.162109 0.377930 0.050781 0.056641
1 0.155273 0.350586 0.001953 0.001953
1 0.458008 0.350586 0.009766 0.009766
1 0.052734 0.351562 0.027344 0.011719
1 0.082031 0.383789 0.109375 0.083984
0 0.001953 0.343750 0.003906 0.003906
1 0.950195 0.347656 0.033203 0.015625
1 0.874023 0.347656 0.013672 0.019531
1 0.627930 0.345703 0.017578 0.019531
1 0.665039 0.343750 0.009766 0.019531
1 0.503906 0.337891 0.007812 0.011719
1 0.554688 0.337891 0.011719 0.019531
1 0.939453 0.328125 0.011719 0.007812
1 0.583984 0.326172 0.007812 0.007812
1 0.500977 0.325195 0.001953 0.005859
1 0.376953 0.326172 0.042969 0.027344
1 0.993164 0.309570 0.013672 0.009766
1 0.563477 0.303711 0.009766 0.005859
1 0.414062 0.303711 0.007812 0.009766
1 0.521484 0.295898 0.011719 0.013672
1 0.969727 0.292969 0.013672 0.011719
1 0.852539 0.290039 0.009766 0.009766
0 0.125977 0.282227 0.001953 0.001953
1 0.446289 0.293945 0.017578 0.033203
1 0.713867 0.276367 0.009766 0.005859
0 0.134766 0.277344 0.011719 0.007812
1 0.670898 0.294922 0.044922 0.046875
0 0.166992 0.266602 0.001953 0.001953
1 0.902344 0.306641 0.050781 0.085938
0 0.176758 0.264648 0.001953 0.001953
1 0.828125 0.259766 0.003906 0.007812
1 0.913086 0.256836 0.009766 0.005859
1 0.948242 0.253906 0.033203 0.011719
1 0.570312 0.252930 0.011719 0.009766
1 0.172852 0.301758 0.345703 0.107422
1 0.999023 0.249023 0.001953 0.005859
0 0.100586 0.250977 0.029297 0.013672
1 0.506836 0.247070 0.009766 0.009766
1 0.861328 0.245117 0.042969 0.013672
1 0.916992 0.244141 0.025391 0.015625
1 0.804688 0.243164 0.035156 0.017578
1 0.084961 0.235352 0.001953 0.001953
1 0.749023 0.233398 0.009766 0.005859
1 0.226562 0.234375 0.011719 0.007812
1 0.997070 0.229492 0.001953 0.001953
1 0.680664 0.234375 0.005859 0.011719
1 0.673828 0.220703 0.007812 0.003906
1 0.829102 0.213867 0.001953 0.001953
1 0.649414 0.221680 0.033203 0.017578
1 0.409180 0.214844 0.005859 0.003906
1 0.804688 0.209961 0.015625 0.009766
1 0.120117 0.208984 0.013672 0.015625
1 0.050781 0.231445 0.039062 0.060547
0 0.145508 0.203125 0.009766 0.007812
1 0.659180 0.192383 0.001953 0.001953
1 0.684570 0.193359 0.009766 0.007812
1 0.078125 0.195312 0.011719 0.011719
1 0.280273 0.186523 0.001953 0.001953
1 0.667969 0.190430 0.007812 0.013672
1 0.529297 0.235352 0.019531 0.103516
1 0.856445 0.184570 0.009766 0.005859
1 0.411133 0.185547 0.009766 0.007812
1 0.090820 0.184570 0.005859 0.009766
1 0.246094 0.196289 0.042969 0.041016
1 0.651367 0.172852 0.005859 0.001953
1 0.633789 0.172852 0.001953 0.001953
1 0.791992 0.166992 0.005859 0.005859
1 0.716797 0.172852 0.023438 0.017578
1 0.694336 0.157227 0.009766 0.005859
1 0.684570 0.158203 0.005859 0.007812
1 0.640625 0.161133 0.015625 0.013672
1 0.250977 0.152344 0.021484 0.007812
0 0.113281 0.154297 0.019531 0.011719
1 0.050781 0.149414 0.003906 0.005859
1 0.043945 0.141602 0.001953 0.001953
0 0.663086 0.139648 0.001953 0.005859
1 0.598633 0.133789 0.001953 0.001953
1 0.745117 0.131836 0.001953 0.001953
1 0.048828 0.132812 0.003906 0.003906
1 0.282227 0.129883 0.001953 0.001953
1 0.746094 0.160156 0.089844 0.070312
1 0.328125 0.128906 0.007812 0.007812
1 0.227539 0.129883 0.005859 0.013672
1 0.753906 0.123047 0.003906 0.003906
1 0.060547 0.131836 0.015625 0.021484
1 0.178711 0.120117 0.005859 0.005859
1 0.091797 0.137695 0.015625 0.041016
1 0.069336 0.118164 0.001953 0.001953
1 0.864258 0.119141 0.017578 0.011719
1 0.752930 0.112305 0.001953 0.001953
1 0.049805 0.112305 0.001953 0.001953
1 0.666992 0.120117 0.013672 0.025391
1 0.398438 0.117188 0.015625 0.023438
1 0.297852 0.103516 0.005859 0.007812
1 0.068359 0.105469 0.011719 0.015625
1 0.240234 0.102539 0.007812 0.013672
1 0.841797 0.095703 0.003906 0.003906
1 0.694336 0.123047 0.017578 0.058594
0 0.483398 0.092773 0.001953 0.001953
1 0.299805 0.090820 0.005859 0.005859
0 0.473633 0.090820 0.005859 0.009766
1 0.780273 0.084961 0.001953 0.001953
1 0.769531 0.100586 0.011719 0.033203
1 0.085938 0.088867 0.007812 0.009766
1 0.779297 0.081055 0.003906 0.001953
1 0.867188 0.067383 0.003906 0.001953
1 0.004883 0.077148 0.009766 0.021484
1 0.978516 0.067383 0.007812 0.005859
1 0.954102 0.069336 0.013672 0.009766
1 0.670898 0.059570 0.001953 0.001953
1 0.076172 0.061523 0.003906 0.005859
1 0.058594 0.065430 0.019531 0.013672
1 0.724609 0.066406 0.011719 0.019531
1 0.827148 0.060547 0.021484 0.011719
1 0.645508 0.055664 0.001953 0.001953
1 0.346680 0.056641 0.005859 0.003906
1 0.992188 0.060547 0.015625 0.015625
1 0.991211 0.045898 0.005859 0.005859
1 0.251953 0.044922 0.003906 0.003906
1 0.964844 0.040039 0.015625 0.013672
1 0.436523 0.034180 0.001953 0.001953
1 0.103516 0.040039 0.007812 0.013672
1 0.709961 0.073242 0.021484 0.091797
1 0.048828 0.029297 0.007812 0.003906
1 0.000977 0.028320 0.001953 0.001953
0 0.427734 0.026367 0.007812 0.005859
1 0.995117 0.028320 0.009766 0.013672
1 0.167969 0.027344 0.023438 0.011719
1 0.634766 0.041992 0.035156 0.044922
1 0.535156 0.058594 0.125000 0.078125
1 0.607422 0.021484 0.003906 0.007812
1 0.528320 0.021484 0.009766 0.007812
1 0.321289 0.047852 0.029297 0.060547
1 0.043945 0.033203 0.021484 0.039062
1 0.550781 0.026367 0.042969 0.029297
0 0.447266 0.020508 0.011719 0.017578
1 0.772461 0.012695 0.009766 0.013672
1 0.561523 0.002930 0.001953 0.001953
1 0.959961 0.010742 0.041016 0.021484
1 0.915039 0.028320 0.064453 0.056641
1 0.684570 0.001953 0.009766 0.003906
1 0.465820 0.000977 0.001953 0.001953
0 0.401367 0.018555 0.033203 0.037109
1 0.248047 0.002930 0.015625 0.005859
1 0.225586 0.017578 0.072266 0.035156
2 0.999023 0.999023 0.001953 0.001953
3 0.500000 0.500000 1.000000 1.000000