0 0.008789 0.836914 0.001953 0.001953
1 0.990234 0.608398 0.003906 0.001953
0 0.125977 0.551758 0.001953 0.001953
1 0.597656 0.000977 0.003906 0.001953
1 0.500000 0.500000 1.000000 1.000000
3 0.441406 0.999023 0.011719 0.001953
2 0.026367 0.999023 0.001953 0.001953
3 0.932617 0.997070 0.001953 0.001953
3 0.903320 0.998047 0.005859 0.003906
2 0.591797 0.998047 0.003906 0.003906
3 0.331055 0.997070 0.005859 0.005859
3 0.160156 0.997070 0.007812 0.005859
2 0.018555 0.996094 0.005859 0.003906
3 0.925781 0.996094 0.007812 0.007812
3 0.932617 0.988281 0.009766 0.007812
3 0.240234 0.985352 0.007812 0.005859
3 0.418945 0.985352 0.009766 0.009766
3 0.532227 0.982422 0.005859 0.007812
3 0.168945 0.982422 0.005859 0.007812
2 0.564453 0.983398 0.015625 0.013672
3 0.228516 0.981445 0.007812 0.009766
2 0.024414 0.975586 0.001953 0.001953
3 0.494141 0.976562 0.011719 0.007812
3 0.340820 0.973633 0.005859 0.005859
3 0.290039 0.978516 0.029297 0.015625
2 0.012695 0.974609 0.009766 0.007812
3 0.603516 0.972656 0.003906 0.007812
3 0.375000 0.982422 0.046875 0.035156
3 0.074219 0.969727 0.007812 0.009766
3 0.985352 0.972656 0.029297 0.019531
2 0.841797 0.981445 0.019531 0.037109
3 0.342773 0.963867 0.005859 0.005859
2 0.014648 0.959961 0.001953 0.001953
2 0.583984 0.968750 0.027344 0.031250
3 0.144531 0.953125 0.007812 0.007812
2 0.601562 0.953125 0.007812 0.011719
3 0.544922 0.962891 0.019531 0.031250
3 0.995117 0.947266 0.005859 0.003906
3 0.296875 0.953125 0.011719 0.015625
2 0.056641 0.963867 0.046875 0.037109
2 0.411133 0.953125 0.021484 0.023438
3 0.085938 0.943359 0.007812 0.003906
3 0.558594 0.949219 0.015625 0.019531
3 0.350586 0.944336 0.005859 0.009766
2 0.974609 0.941406 0.019531 0.007812
2 0.057617 0.939453 0.001953 0.003906
3 0.173828 0.942383 0.015625 0.013672
2 0.009766 0.946289 0.011719 0.021484
2 0.454102 0.933594 0.013672 0.003906
3 0.861328 0.931641 0.007812 0.003906
3 0.153320 0.946289 0.013672 0.033203
3 0.883789 0.933594 0.009766 0.011719
2 0.079102 0.932617 0.029297 0.009766
2 0.092773 0.924805 0.005859 0.005859
3 0.944336 0.922852 0.009766 0.005859
2 0.512695 0.922852 0.009766 0.005859
3 0.213867 0.929688 0.021484 0.023438
3 0.840820 0.917969 0.009766 0.003906
3 0.522461 0.917969 0.005859 0.003906
2 0.477539 0.923828 0.029297 0.015625
2 0.034180 0.924805 0.037109 0.017578
3 0.852539 0.915039 0.001953 0.001953
2 0.937500 0.914062 0.007812 0.003906
3 0.227539 0.913086 0.001953 0.001953
2 0.838867 0.911133 0.001953 0.001953
2 0.093750 0.914062 0.007812 0.007812
3 0.531250 0.911133 0.007812 0.009766
3 0.405273 0.907227 0.001953 0.001953
3 0.978516 0.913086 0.042969 0.021484
3 0.821289 0.906250 0.005859 0.007812
3 0.625977 0.903320 0.001953 0.001953
3 0.208984 0.905273 0.003906 0.005859
3 0.171875 0.912109 0.093750 0.019531
3 0.373047 0.901367 0.003906 0.001953
3 0.856445 0.903320 0.009766 0.009766
3 0.536133 0.899414 0.001953 0.001953
3 0.500000 0.896484 0.003906 0.003906
3 0.739258 0.892578 0.009766 0.007812
2 0.063477 0.902344 0.037109 0.027344
3 0.612305 0.905273 0.017578 0.041016
3 0.551758 0.894531 0.021484 0.019531
3 0.394531 0.892578 0.015625 0.015625
2 0.834961 0.888672 0.009766 0.011719
3 0.287109 0.891602 0.011719 0.017578
2 0.407227 0.881836 0.001953 0.001953
2 0.947266 0.889648 0.011719 0.025391
2 0.397461 0.879883 0.009766 0.005859
3 0.083984 0.886719 0.019531 0.019531
2 0.589844 0.878906 0.007812 0.007812
3 0.215820 0.875977 0.001953 0.001953
3 0.651367 0.874023 0.001953 0.001953
2 0.453125 0.880859 0.023438 0.019531
3 0.522461 0.874023 0.017578 0.009766
3 0.804688 0.870117 0.011719 0.017578
2 0.429688 0.863281 0.011719 0.003906
3 0.825195 0.866211 0.013672 0.017578
3 0.337891 0.879883 0.058594 0.048828
3 0.895508 0.860352 0.013672 0.013672
3 0.617188 0.856445 0.003906 0.005859
2 0.433594 0.855469 0.011719 0.003906
3 0.018555 0.863281 0.017578 0.023438
3 0.957031 0.852539 0.007812 0.005859
2 0.885742 0.852539 0.001953 0.005859
3 0.720703 0.851562 0.003906 0.003906
2 0.396484 0.855469 0.031250 0.015625
3 0.570312 0.860352 0.023438 0.033203
2 0.851562 0.850586 0.039062 0.017578
3 0.389648 0.842773 0.001953 0.001953
2 0.859375 0.839844 0.007812 0.003906
2 0.877930 0.836914 0.001953 0.001953
3 0.172852 0.838867 0.005859 0.005859
3 0.440430 0.841797 0.009766 0.015625
3 0.900391 0.833984 0.007812 0.007812
3 0.600586 0.844727 0.017578 0.033203
3 0.514648 0.834961 0.013672 0.017578
2 0.008789 0.835938 0.017578 0.023438
3 0.470703 0.843750 0.066406 0.042969
3 0.149414 0.843750 0.033203 0.042969
3 0.959961 0.825195 0.013672 0.009766
2 0.850586 0.820312 0.005859 0.007812
3 0.791992 0.823242 0.017578 0.013672
3 0.656250 0.819336 0.003906 0.005859
3 0.495117 0.824219 0.013672 0.015625
2 0.152344 0.818359 0.003906 0.003906
2 0.864258 0.825195 0.021484 0.021484
2 0.141602 0.817383 0.013672 0.005859
3 0.972656 0.812500 0.003906 0.003906
2 0.013672 0.812500 0.011719 0.007812
3 0.576172 0.814453 0.011719 0.015625
3 0.225586 0.810547 0.009766 0.007812
3 0.883789 0.806641 0.005859 0.003906
2 0.812500 0.813477 0.019531 0.017578
2 0.855469 0.802734 0.003906 0.003906
2 0.038086 0.864258 0.076172 0.126953
3 0.280273 0.800781 0.005859 0.003906
2 0.850586 0.797852 0.001953 0.001953
3 0.540039 0.805664 0.013672 0.021484
3 0.362305 0.818359 0.123047 0.046875
3 0.166016 0.800781 0.007812 0.011719
2 0.386719 0.794922 0.015625 0.007812
3 0.266602 0.804688 0.013672 0.031250
3 0.744141 0.781250 0.011719 0.007812
3 0.439453 0.780273 0.011719 0.009766
3 0.344727 0.788086 0.095703 0.025391
2 0.843750 0.783203 0.042969 0.019531
2 0.009766 0.782227 0.019531 0.021484
2 0.861328 0.770508 0.003906 0.001953
2 0.458008 0.766602 0.001953 0.001953
2 0.861328 0.765625 0.015625 0.003906
3 0.594727 0.774414 0.017578 0.021484
2 0.201172 0.764648 0.007812 0.001953
3 0.024414 0.764648 0.001953 0.001953
3 0.344727 0.767578 0.044922 0.011719
3 0.002930 0.764648 0.005859 0.009766
3 0.462891 0.758789 0.003906 0.001953
3 0.750000 0.763672 0.015625 0.023438
3 0.445312 0.755859 0.027344 0.007812
2 0.077148 0.751953 0.013672 0.003906
3 0.622070 0.749023 0.001953 0.001953
3 0.284180 0.755859 0.033203 0.015625
2 0.767578 0.742188 0.011719 0.007812
3 0.543945 0.746094 0.013672 0.015625
2 0.075195 0.740234 0.005859 0.003906
3 0.084961 0.736328 0.005859 0.003906
3 0.006836 0.740234 0.013672 0.011719
3 0.905273 0.739258 0.029297 0.021484
3 0.897461 0.729492 0.001953 0.001953
3 0.495117 0.729492 0.001953 0.001953
2 0.244141 0.735352 0.031250 0.017578
3 0.525391 0.734375 0.015625 0.019531
3 0.147461 0.725586 0.001953 0.001953
3 0.925781 0.725586 0.007812 0.005859
3 0.365234 0.750000 0.105469 0.054688
3 0.914062 0.723633 0.015625 0.009766
3 0.845703 0.740234 0.062500 0.042969
3 0.292969 0.733398 0.039062 0.029297
3 0.561523 0.715820 0.001953 0.001953
3 0.316406 0.728516 0.039062 0.031250
3 0.079102 0.772461 0.095703 0.119141
3 0.021484 0.714844 0.011719 0.003906
2 0.780273 0.712891 0.005859 0.003906
3 0.168945 0.717773 0.064453 0.017578
3 0.885742 0.714844 0.013672 0.015625
3 0.866211 0.710938 0.009766 0.011719
2 0.808594 0.715820 0.035156 0.029297
2 0.402344 0.703125 0.011719 0.003906
2 0.244141 0.716797 0.082031 0.031250
2 0.304688 0.700195 0.003906 0.005859
3 0.817383 0.695312 0.005859 0.003906
3 0.697266 0.696289 0.003906 0.005859
3 0.867188 0.693359 0.003906 0.003906
3 0.582031 0.704102 0.027344 0.025391
2 0.079102 0.701172 0.041016 0.019531
2 0.032227 0.695312 0.025391 0.007812
3 0.821289 0.690430 0.001953 0.001953
2 0.408203 0.694336 0.031250 0.009766
3 0.315430 0.692383 0.005859 0.005859
3 0.958984 0.692383 0.011719 0.009766
2 0.368164 0.690430 0.017578 0.005859
2 0.363281 0.704102 0.046875 0.033203
3 0.605469 0.684570 0.003906 0.001953
2 0.300781 0.698242 0.015625 0.029297
3 0.848633 0.689453 0.013672 0.015625
3 0.856445 0.682617 0.005859 0.005859
3 0.459961 0.682617 0.005859 0.005859
3 0.008789 0.691406 0.017578 0.027344
2 0.357422 0.679688 0.011719 0.007812
2 0.267578 0.691406 0.023438 0.031250
2 0.174805 0.681641 0.025391 0.011719
3 0.920898 0.674805 0.001953 0.001953
2 0.386719 0.674805 0.003906 0.001953
3 0.113281 0.725586 0.062500 0.103516
3 0.282227 0.675781 0.013672 0.007812
3 0.936523 0.672852 0.005859 0.009766
2 0.838867 0.665039 0.001953 0.001953
3 0.604492 0.666016 0.013672 0.007812
2 0.875977 0.661133 0.001953 0.001953
3 0.852539 0.663086 0.009766 0.005859
3 0.294922 0.666992 0.027344 0.013672
3 0.733398 0.659180 0.001953 0.001953
3 0.984375 0.662109 0.023438 0.011719
3 0.918945 0.657227 0.001953 0.001953
2 0.828125 0.667969 0.023438 0.023438
3 0.733398 0.655273 0.001953 0.001953
2 0.887695 0.653320 0.001953 0.001953
2 0.805664 0.656250 0.005859 0.007812
3 0.152344 0.666016 0.160156 0.027344
3 0.907227 0.653320 0.017578 0.005859
2 0.827148 0.653320 0.009766 0.005859
3 0.261719 0.655273 0.015625 0.009766
2 0.775391 0.651367 0.003906 0.005859
3 0.352539 0.654297 0.021484 0.011719
2 0.425781 0.663086 0.031250 0.033203
3 0.981445 0.641602 0.001953 0.001953
2 0.447266 0.646484 0.015625 0.011719
3 0.952148 0.648438 0.052734 0.019531
2 0.812500 0.644531 0.011719 0.011719
2 0.737305 0.638672 0.001953 0.003906
3 0.379883 0.633789 0.001953 0.001953
3 0.203125 0.643555 0.066406 0.021484
2 0.809570 0.632812 0.005859 0.003906
2 0.775391 0.632812 0.003906 0.003906
3 0.569336 0.633789 0.005859 0.005859
3 0.540039 0.635742 0.013672 0.009766
2 0.746094 0.631836 0.007812 0.005859
2 0.784180 0.627930 0.001953 0.001953
3 0.684570 0.633789 0.013672 0.013672
3 0.315430 0.627930 0.001953 0.001953
3 0.302734 0.638672 0.011719 0.023438
3 0.260742 0.628906 0.009766 0.007812
3 0.385742 0.625977 0.009766 0.005859
2 0.273438 0.624023 0.007812 0.001953
3 0.825195 0.624023 0.009766 0.005859
2 0.438477 0.625000 0.009766 0.007812
3 0.050781 0.638672 0.082031 0.035156
3 0.989258 0.624023 0.021484 0.013672
2 0.284180 0.618164 0.005859 0.005859
3 0.204102 0.619141 0.013672 0.015625
2 0.256836 0.614258 0.009766 0.009766
3 0.783203 0.610352 0.007812 0.005859
2 0.746094 0.615234 0.011719 0.015625
2 0.266602 0.608398 0.001953 0.001953
3 0.541016 0.604492 0.003906 0.001953
3 0.986328 0.606445 0.027344 0.009766
3 0.599609 0.617188 0.007812 0.031250
3 0.545898 0.602539 0.001953 0.001953
3 0.738281 0.602539 0.003906 0.005859
3 0.865234 0.601562 0.003906 0.007812
3 0.828125 0.601562 0.007812 0.007812
3 0.805664 0.599609 0.001953 0.003906
3 0.452148 0.598633 0.001953 0.001953
3 0.926758 0.604492 0.068359 0.021484
2 0.867188 0.589844 0.011719 0.007812
2 0.132812 0.586914 0.003906 0.001953
3 0.977539 0.589844 0.017578 0.011719
2 0.697266 0.589844 0.011719 0.011719
2 0.137695 0.584961 0.001953 0.001953
2 0.103516 0.597656 0.050781 0.027344
2 0.017578 0.602539 0.035156 0.037109
3 0.170898 0.596680 0.041016 0.037109
3 0.607422 0.579102 0.003906 0.005859
3 0.930664 0.577148 0.009766 0.005859
2 0.834961 0.571289 0.001953 0.001953
3 0.156250 0.579102 0.031250 0.017578
3 0.428711 0.568359 0.029297 0.007812
3 0.995117 0.564453 0.009766 0.003906
2 0.273438 0.566406 0.007812 0.007812
2 0.672852 0.557617 0.001953 0.001953
2 0.666992 0.560547 0.009766 0.011719
2 0.266602 0.553711 0.013672 0.005859
2 0.298828 0.556641 0.015625 0.015625
3 0.422852 0.550781 0.009766 0.007812
3 0.191406 0.553711 0.015625 0.021484
3 0.169922 0.549805 0.011719 0.013672
2 0.679688 0.544922 0.007812 0.007812
2 0.676758 0.538086 0.001953 0.001953
3 0.077148 0.585938 0.154297 0.101562
3 0.146484 0.534180 0.003906 0.001953
3 0.529297 0.533203 0.003906 0.003906
3 0.079102 0.537109 0.013672 0.011719
2 0.113281 0.530273 0.003906 0.001953
3 0.136719 0.528320 0.003906 0.001953
3 0.057617 0.528320 0.021484 0.013672
3 0.791016 0.520508 0.003906 0.005859
3 0.254883 0.513672 0.009766 0.007812
3 0.119141 0.510742 0.015625 0.009766
3 0.769531 0.503906 0.023438 0.011719
3 0.047852 0.506836 0.095703 0.021484
3 0.856445 0.495117 0.001953 0.001953
3 0.530273 0.499023 0.013672 0.013672
3 0.133789 0.496094 0.009766 0.007812
2 0.505859 0.493164 0.003906 0.005859
3 0.925781 0.491211 0.007812 0.005859
3 0.141602 0.490234 0.005859 0.003906
3 0.368164 0.477539 0.001953 0.001953
3 0.539062 0.482422 0.027344 0.015625
3 0.309570 0.491211 0.025391 0.033203
3 0.935547 0.474609 0.003906 0.003906
3 0.562500 0.475586 0.007812 0.009766
2 0.382812 0.471680 0.003906 0.001953
3 0.358398 0.474609 0.017578 0.011719
3 0.511719 0.467773 0.003906 0.001953
3 0.945312 0.476562 0.015625 0.023438
3 0.418945 0.456055 0.052734 0.009766
3 0.253906 0.453125 0.003906 0.003906
3 0.149414 0.453125 0.009766 0.003906
3 0.347656 0.456055 0.039062 0.017578
3 0.189453 0.448242 0.007812 0.005859
3 0.634766 0.442383 0.003906 0.001953
3 0.219727 0.460938 0.013672 0.039062
3 0.047852 0.444336 0.001953 0.005859
3 0.787109 0.447266 0.023438 0.015625
3 0.089844 0.452148 0.015625 0.025391
3 0.298828 0.432617 0.007812 0.005859
3 0.076172 0.430664 0.007812 0.005859
3 0.582031 0.434570 0.007812 0.021484
3 0.521484 0.425781 0.007812 0.007812
3 0.998047 0.423828 0.003906 0.011719
3 0.103516 0.415039 0.007812 0.005859
3 0.336914 0.417969 0.021484 0.019531
3 0.728516 0.402344 0.003906 0.003906
3 0.610352 0.399414 0.005859 0.005859
3 0.961914 0.395508 0.001953 0.001953
2 0.082031 0.398438 0.007812 0.007812
3 0.445312 0.401367 0.015625 0.017578
3 0.247070 0.393555 0.005859 0.001953
3 0.309570 0.397461 0.009766 0.013672
3 0.238281 0.392578 0.003906 0.003906
3 0.196289 0.394531 0.009766 0.007812
2 0.909180 0.385742 0.001953 0.001953
3 0.994141 0.390625 0.011719 0.015625
3 0.535156 0.393555 0.039062 0.021484
3 0.331055 0.383789 0.001953 0.001953
2 0.166016 0.399414 0.054688 0.033203
2 0.917969 0.382812 0.011719 0.007812
2 0.935547 0.373047 0.007812 0.003906
2 0.928711 0.372070 0.001953 0.001953
2 0.063477 0.377930 0.013672 0.013672
3 0.670898 0.375000 0.009766 0.011719
3 0.788086 0.394531 0.107422 0.058594
3 0.475586 0.367188 0.009766 0.003906
2 0.993164 0.365234 0.013672 0.003906
3 0.416016 0.366211 0.019531 0.013672
3 0.682617 0.358398 0.001953 0.001953
3 0.173828 0.374023 0.031250 0.037109
3 0.893555 0.356445 0.009766 0.005859
2 0.460938 0.369141 0.015625 0.035156
3 0.357422 0.353516 0.003906 0.007812
2 0.075195 0.370117 0.009766 0.041016
3 0.826172 0.355469 0.023438 0.015625
3 0.645508 0.357422 0.037109 0.019531
3 0.234375 0.358398 0.011719 0.021484
2 0.739258 0.345703 0.005859 0.003906
2 0.084961 0.347656 0.013672 0.007812
3 0.959961 0.350586 0.025391 0.017578
2 0.231445 0.342773 0.001953 0.001953
3 0.696289 0.399414 0.033203 0.130859
3 0.686523 0.342773 0.009766 0.017578
2 0.497070 0.337891 0.009766 0.007812
3 0.007812 0.339844 0.015625 0.011719
2 0.438477 0.338867 0.017578 0.013672
2 0.239258 0.333008 0.001953 0.001953
2 0.758789 0.353516 0.021484 0.050781
2 0.407227 0.332031 0.009766 0.007812
2 0.212891 0.334961 0.019531 0.013672
3 0.984375 0.329102 0.011719 0.009766
2 0.730469 0.327148 0.007812 0.005859
2 0.242188 0.327148 0.003906 0.005859
3 0.935547 0.329102 0.019531 0.013672
3 0.894531 0.325195 0.007812 0.005859
2 0.031250 0.325195 0.007812 0.005859
2 0.584961 0.319336 0.001953 0.001953
3 0.543945 0.326172 0.013672 0.015625
2 0.247070 0.319336 0.005859 0.005859
2 0.234375 0.320312 0.007812 0.011719
3 0.903320 0.317383 0.013672 0.009766
3 0.592773 0.318359 0.009766 0.011719
2 0.237305 0.311523 0.001953 0.001953
3 0.966797 0.314453 0.011719 0.011719
3 0.750000 0.314453 0.023438 0.011719
2 0.459961 0.310547 0.005859 0.003906
3 0.381836 0.318359 0.025391 0.019531
3 0.083008 0.310547 0.005859 0.007812
2 0.505859 0.314453 0.039062 0.023438
3 0.999023 0.295898 0.001953 0.001953
3 0.848633 0.296875 0.009766 0.007812
3 0.487305 0.383789 0.134766 0.181641
3 0.088867 0.296875 0.005859 0.007812
3 0.695312 0.304688 0.011719 0.027344
3 0.673828 0.293945 0.015625 0.013672
3 0.142578 0.302734 0.027344 0.031250
3 0.029297 0.299805 0.050781 0.029297
3 0.767578 0.288086 0.003906 0.009766
3 0.820312 0.283203 0.003906 0.003906
3 0.896484 0.284180 0.023438 0.013672
3 0.168945 0.279297 0.037109 0.015625
3 0.678711 0.273438 0.005859 0.007812
3 0.294922 0.271484 0.003906 0.003906
3 0.962891 0.283203 0.031250 0.031250
3 0.892578 0.266602 0.015625 0.009766
3 0.624023 0.266602 0.013672 0.013672
3 0.903320 0.258789 0.001953 0.001953
3 0.833008 0.266602 0.005859 0.017578
3 0.801758 0.259766 0.001953 0.003906
2 0.447266 0.280273 0.070312 0.044922
3 0.430664 0.256836 0.009766 0.001953
3 0.907227 0.253906 0.005859 0.003906
3 0.223633 0.252930 0.001953 0.001953
3 0.278320 0.251953 0.005859 0.003906
3 0.099609 0.251953 0.011719 0.007812
2 0.283203 0.247070 0.003906 0.001953
3 0.569336 0.264648 0.033203 0.044922
3 0.739258 0.284180 0.076172 0.087891
2 0.388672 0.244141 0.019531 0.007812
3 0.616211 0.243164 0.009766 0.009766
2 0.273438 0.241211 0.007812 0.005859
3 0.947266 0.237305 0.007812 0.005859
3 0.303711 0.248047 0.033203 0.027344
2 0.381836 0.236328 0.005859 0.007812
3 0.541992 0.236328 0.013672 0.011719
2 0.357422 0.234375 0.007812 0.007812
3 0.916016 0.237305 0.007812 0.017578
3 0.638672 0.230469 0.011719 0.007812
2 0.244141 0.237305 0.015625 0.021484
3 0.997070 0.225586 0.001953 0.001953
3 0.916992 0.225586 0.001953 0.001953
2 0.277344 0.224609 0.007812 0.003906
3 0.664062 0.225586 0.007812 0.009766
2 0.333984 0.224609 0.027344 0.019531
3 0.287109 0.211914 0.003906 0.001953
3 0.536133 0.211914 0.009766 0.009766
3 0.067383 0.208984 0.005859 0.003906
3 0.715820 0.225586 0.013672 0.041016
3 0.664062 0.208008 0.007812 0.009766
3 0.762695 0.224609 0.017578 0.046875
2 0.319336 0.203125 0.005859 0.003906
3 0.605469 0.212891 0.039062 0.027344
3 0.674805 0.200195 0.005859 0.005859
2 0.337891 0.198242 0.007812 0.005859
3 0.810547 0.211914 0.023438 0.037109
3 0.910156 0.200195 0.011719 0.017578
3 0.986328 0.196289 0.007812 0.013672
3 0.764648 0.190430 0.001953 0.001953
3 0.637695 0.192383 0.013672 0.009766
3 0.212891 0.191406 0.003906 0.007812
3 0.930664 0.180664 0.001953 0.001953
3 0.926758 0.181641 0.001953 0.003906
3 0.361328 0.179688 0.003906 0.003906
3 0.274414 0.178711 0.001953 0.001953
3 0.349609 0.181641 0.015625 0.011719
3 0.832031 0.171875 0.003906 0.003906
3 0.554688 0.175781 0.011719 0.011719
3 0.237305 0.171875 0.005859 0.007812
3 0.916992 0.166992 0.005859 0.001953
3 0.952148 0.170898 0.005859 0.017578
2 0.821289 0.168945 0.009766 0.017578
3 0.291992 0.161133 0.009766 0.009766
2 0.804688 0.157227 0.011719 0.005859
3 0.446289 0.155273 0.001953 0.001953
3 0.658203 0.159180 0.015625 0.013672
3 0.768555 0.176758 0.033203 0.052734
3 0.299805 0.153320 0.005859 0.005859
3 0.926758 0.150391 0.005859 0.003906
3 0.869141 0.150391 0.003906 0.003906
2 0.817383 0.150391 0.005859 0.003906
3 0.938477 0.149414 0.009766 0.005859
2 0.723633 0.148438 0.009766 0.003906
3 0.533203 0.155273 0.039062 0.017578
3 0.573242 0.145508 0.005859 0.005859
2 0.793945 0.139648 0.001953 0.001953
3 0.014648 0.167969 0.029297 0.058594
3 0.598633 0.150391 0.080078 0.027344
2 0.157227 0.140625 0.005859 0.011719
3 0.708984 0.161133 0.082031 0.056641
3 0.347656 0.136719 0.007812 0.011719
3 0.823242 0.136719 0.013672 0.019531
3 0.406250 0.130859 0.007812 0.007812
2 0.187500 0.132812 0.011719 0.015625
3 0.893555 0.125977 0.013672 0.009766
2 0.668945 0.120117 0.001953 0.001953
2 0.241211 0.121094 0.005859 0.003906
3 0.650391 0.128906 0.031250 0.027344
2 0.668945 0.111328 0.005859 0.007812
3 0.790039 0.119141 0.025391 0.027344
2 0.748047 0.125977 0.039062 0.041016
3 0.563477 0.115234 0.017578 0.019531
3 0.431641 0.119141 0.031250 0.027344
2 0.388672 0.109375 0.003906 0.007812
2 0.682617 0.104492 0.001953 0.001953
3 0.358398 0.102539 0.001953 0.001953
2 0.967773 0.105469 0.013672 0.011719
3 0.787109 0.099609 0.003906 0.007812
3 0.207031 0.094727 0.015625 0.013672
2 0.393555 0.088867 0.013672 0.005859
3 0.344727 0.082031 0.001953 0.003906
3 0.793945 0.083008 0.013672 0.009766
3 0.440430 0.085938 0.009766 0.015625
3 0.928711 0.092773 0.037109 0.033203
2 0.492188 0.078125 0.003906 0.003906
2 0.976562 0.081055 0.023438 0.017578
3 0.777344 0.080078 0.023438 0.015625
3 0.672852 0.083984 0.013672 0.023438
2 0.958008 0.070312 0.001953 0.003906
2 0.592773 0.073242 0.009766 0.013672
3 0.745117 0.068359 0.009766 0.007812
2 0.641602 0.065430 0.001953 0.001953
2 0.858398 0.063477 0.001953 0.001953
2 0.875000 0.065430 0.023438 0.009766
2 0.574219 0.072266 0.015625 0.023438
3 0.982422 0.061523 0.011719 0.005859
3 0.824219 0.063477 0.023438 0.017578
3 0.781250 0.057617 0.007812 0.005859
2 0.621094 0.070312 0.042969 0.031250
3 0.451172 0.060547 0.011719 0.011719
3 0.994141 0.053711 0.003906 0.001953
3 0.811523 0.051758 0.005859 0.005859
3 0.291992 0.057617 0.009766 0.017578
2 0.917969 0.048828 0.011719 0.015625
3 0.944336 0.065430 0.076172 0.052734
3 0.691406 0.043945 0.019531 0.009766
2 0.827148 0.040039 0.005859 0.005859
3 0.128906 0.100586 0.042969 0.130859
3 0.997070 0.035156 0.005859 0.003906
2 0.658203 0.043945 0.027344 0.025391
3 0.340820 0.039062 0.017578 0.015625
3 0.439453 0.030273 0.003906 0.001953
2 0.664062 0.031250 0.003906 0.007812
3 0.512695 0.099609 0.123047 0.148438
3 0.554688 0.027344 0.003906 0.003906
2 0.368164 0.029297 0.009766 0.011719
3 0.795898 0.020508 0.001953 0.001953
3 0.452148 0.024414 0.005859 0.009766
3 0.716797 0.024414 0.007812 0.013672
3 0.527344 0.021484 0.003906 0.007812
2 0.848633 0.031250 0.021484 0.031250
2 0.999023 0.010742 0.001953 0.001953
2 0.694336 0.008789 0.001953 0.001953
2 0.274414 0.010742 0.005859 0.005859
2 0.288086 0.006836 0.001953 0.001953
2 0.768555 0.004883 0.001953 0.001953
2 0.696289 0.004883 0.001953 0.001953
3 0.791992 0.002930 0.001953 0.001953
2 0.704102 0.013672 0.009766 0.023438
2 0.034180 0.002930 0.001953 0.001953
3 0.926758 0.018555 0.126953 0.037109
3 0.802734 0.008789 0.015625 0.017578
2 0.748047 0.005859 0.015625 0.011719
2 0.721680 0.003906 0.009766 0.007812
3 0.665039 0.005859 0.017578 0.011719
3 0.607422 0.007812 0.039062 0.015625
3 0.569336 0.004883 0.033203 0.009766
3 0.479492 0.003906 0.005859 0.007812
3 0.338867 0.004883 0.013672 0.009766
3 0.206055 0.006836 0.021484 0.013672
3 0.179688 0.033203 0.070312 0.066406
3 0.085938 0.002930 0.011719 0.005859
3 0.065430 0.002930 0.005859 0.005859
2 0.007812 0.008789 0.007812 0.017578