2 0.295898 0.999023 0.001953 0.001953
2 0.700195 0.994141 0.001953 0.003906
2 0.524414 0.987305 0.001953 0.001953
2 0.497070 0.982422 0.001953 0.003906
2 0.492188 0.983398 0.003906 0.005859
2 0.566406 0.987305 0.085938 0.025391
2 0.108398 0.976562 0.001953 0.003906
2 0.782227 0.969727 0.001953 0.001953
2 0.752930 0.963867 0.001953 0.001953
2 0.217773 0.961914 0.001953 0.001953
2 0.573242 0.962891 0.021484 0.011719
2 0.952148 0.976562 0.041016 0.046875
2 0.219727 0.955078 0.005859 0.007812
2 0.497070 0.950195 0.001953 0.001953
2 0.230469 0.954102 0.011719 0.009766
2 0.905273 0.947266 0.005859 0.003906
2 0.219727 0.946289 0.001953 0.001953
2 0.492188 0.957031 0.011719 0.027344
2 0.139648 0.945312 0.001953 0.003906
2 0.702148 0.932617 0.001953 0.001953
2 0.264648 0.942383 0.044922 0.021484
2 0.496094 0.935547 0.015625 0.011719
2 0.326172 0.963867 0.082031 0.072266
2 0.293945 0.924805 0.001953 0.001953
2 0.483398 0.920898 0.005859 0.001953
2 0.926758 0.918945 0.001953 0.001953
2 0.973633 0.911133 0.001953 0.001953
2 0.254883 0.905273 0.001953 0.001953
2 0.967773 0.905273 0.001953 0.005859
2 0.959961 0.901367 0.001953 0.001953
2 0.165039 0.883789 0.005859 0.005859
2 0.183594 0.916992 0.066406 0.076172
2 0.860352 0.903320 0.041016 0.052734
2 0.609375 0.877930 0.003906 0.001953
2 0.549805 0.877930 0.001953 0.001953
2 0.610352 0.925781 0.177734 0.148438
2 0.418945 0.852539 0.001953 0.001953
2 0.370117 0.851562 0.005859 0.007812
2 0.792969 0.847656 0.003906 0.003906
2 0.367188 0.844727 0.003906 0.001953
2 0.945312 0.881836 0.050781 0.083984
2 0.375977 0.841797 0.001953 0.003906
2 0.996094 0.840820 0.007812 0.009766
2 0.382812 0.837891 0.003906 0.007812
2 0.233398 0.835938 0.001953 0.003906
2 0.229492 0.834961 0.001953 0.001953
2 0.074219 0.916992 0.148438 0.166016
2 0.378906 0.834961 0.003906 0.005859
2 0.147461 0.829102 0.001953 0.001953
2 0.232422 0.827148 0.003906 0.005859
2 0.147461 0.825195 0.001953 0.001953
2 0.157227 0.823242 0.001953 0.001953
2 0.211914 0.819336 0.001953 0.005859
2 0.422852 0.815430 0.001953 0.001953
2 0.217773 0.813477 0.001953 0.001953
2 0.208008 0.814453 0.005859 0.003906
2 0.170898 0.804688 0.001953 0.003906
2 0.509766 0.830078 0.085938 0.058594
2 0.186523 0.805664 0.025391 0.013672
2 0.352539 0.784180 0.001953 0.001953
2 0.353516 0.811523 0.113281 0.056641
2 0.291016 0.784180 0.007812 0.009766
2 0.514648 0.778320 0.001953 0.005859
2 0.840820 0.769531 0.001953 0.003906
2 0.733398 0.768555 0.005859 0.005859
2 0.833984 0.765625 0.003906 0.003906
2 0.061523 0.763672 0.005859 0.007812
2 0.053711 0.758789 0.001953 0.001953
2 0.736328 0.757812 0.007812 0.007812
2 0.243164 0.750977 0.001953 0.001953
2 0.843750 0.752930 0.019531 0.009766
2 0.855469 0.739258 0.011719 0.009766
2 0.035156 0.756836 0.058594 0.044922
2 0.545898 0.733398 0.001953 0.001953
2 0.546875 0.728516 0.003906 0.003906
2 0.295898 0.720703 0.001953 0.003906
2 0.269531 0.748047 0.089844 0.058594
2 0.632812 0.714844 0.003906 0.003906
2 0.420898 0.711914 0.001953 0.001953
2 0.077148 0.708008 0.009766 0.005859
2 0.829102 0.700195 0.001953 0.001953
2 0.818359 0.721680 0.035156 0.044922
2 0.096680 0.702148 0.009766 0.009766
2 0.123047 0.697266 0.003906 0.003906
2 0.965820 0.690430 0.001953 0.001953
2 0.190430 0.701172 0.048828 0.023438
2 0.053711 0.688477 0.001953 0.001953
2 0.428711 0.687500 0.005859 0.003906
2 0.534180 0.669922 0.001953 0.003906
2 0.025391 0.678711 0.050781 0.041016
2 0.411133 0.647461 0.001953 0.001953
2 0.147461 0.647461 0.001953 0.001953
2 0.399414 0.643555 0.001953 0.001953
2 0.401367 0.639648 0.001953 0.001953
2 0.917969 0.634766 0.003906 0.003906
2 0.406250 0.635742 0.003906 0.005859
2 0.838867 0.631836 0.001953 0.001953
2 0.159180 0.629883 0.001953 0.001953
2 0.910156 0.600586 0.039062 0.029297
2 0.797852 0.577148 0.001953 0.001953
2 0.774414 0.575195 0.001953 0.001953
2 0.785156 0.572266 0.003906 0.003906
2 0.808594 0.650391 0.156250 0.191406
2 0.540039 0.558594 0.021484 0.007812
2 0.349609 0.555664 0.003906 0.001953
2 0.344727 0.553711 0.001953 0.001953
2 0.333008 0.541016 0.001953 0.003906
2 0.309570 0.580078 0.107422 0.097656
2 0.124023 0.522461 0.009766 0.005859
2 0.354492 0.483398 0.001953 0.001953
2 0.284180 0.485352 0.009766 0.009766
2 0.284180 0.475586 0.009766 0.005859
2 0.068359 0.476562 0.003906 0.007812
2 0.060547 0.472656 0.003906 0.007812
2 0.126953 0.544922 0.253906 0.160156
2 0.972656 0.486328 0.054688 0.046875
2 0.102539 0.458008 0.001953 0.001953
2 0.591797 0.440430 0.003906 0.005859
2 0.382812 0.428711 0.003906 0.009766
2 0.147461 0.420898 0.001953 0.001953
2 0.621094 0.438477 0.031250 0.044922
2 0.206055 0.409180 0.001953 0.001953
2 0.024414 0.416992 0.025391 0.033203
2 0.233398 0.412109 0.064453 0.031250
2 0.424805 0.387695 0.005859 0.005859
2 0.356445 0.415039 0.123047 0.060547
2 0.388672 0.377930 0.011719 0.009766
2 0.924805 0.370117 0.013672 0.013672
2 0.900391 0.371094 0.011719 0.015625
2 0.801758 0.344727 0.001953 0.001953
2 0.078125 0.345703 0.003906 0.003906
2 0.967773 0.383789 0.064453 0.083984
2 0.736328 0.350586 0.058594 0.029297
2 0.838867 0.334961 0.001953 0.001953
2 0.252930 0.334961 0.001953 0.001953
2 0.524414 0.325195 0.001953 0.001953
2 0.079102 0.323242 0.001953 0.001953
2 0.814453 0.319336 0.007812 0.005859
2 0.461914 0.351562 0.126953 0.078125
2 0.802734 0.314453 0.007812 0.007812
2 0.374023 0.331055 0.029297 0.041016
2 0.053711 0.310547 0.001953 0.003906
2 0.799805 0.305664 0.001953 0.001953
2 0.547852 0.305664 0.001953 0.001953
2 0.425781 0.320312 0.015625 0.031250
2 0.809570 0.299805 0.005859 0.005859
2 0.144531 0.298828 0.003906 0.003906
2 0.181641 0.297852 0.011719 0.005859
2 0.200195 0.305664 0.017578 0.025391
2 0.139648 0.291992 0.001953 0.001953
2 0.129883 0.290039 0.001953 0.001953
2 0.016602 0.290039 0.001953 0.001953
2 0.980469 0.280273 0.003906 0.001953
2 0.784180 0.280273 0.001953 0.001953
2 0.970703 0.279297 0.003906 0.003906
2 0.040039 0.279297 0.001953 0.003906
2 0.970703 0.272461 0.007812 0.005859
2 0.805664 0.270508 0.001953 0.001953
2 0.738281 0.279297 0.035156 0.023438
2 0.848633 0.265625 0.005859 0.007812
2 0.713867 0.260742 0.001953 0.001953
2 0.690430 0.260742 0.001953 0.001953
2 0.671875 0.529297 0.351562 0.539062
2 0.826172 0.264648 0.031250 0.017578
2 0.254883 0.256836 0.001953 0.001953
2 0.868164 0.255859 0.001953 0.003906
2 0.683594 0.262695 0.011719 0.017578
2 0.245117 0.254883 0.001953 0.001953
2 0.117188 0.353516 0.191406 0.199219
2 0.882812 0.253906 0.003906 0.003906
2 0.666992 0.243164 0.001953 0.001953
2 0.329102 0.292969 0.138672 0.101562
2 0.549805 0.243164 0.005859 0.005859
2 0.673828 0.238281 0.003906 0.003906
2 0.314453 0.242188 0.007812 0.011719
2 0.678711 0.229492 0.001953 0.001953
2 0.698242 0.223633 0.001953 0.001953
2 0.307617 0.228516 0.001953 0.011719
2 0.807617 0.218750 0.001953 0.003906
2 0.315430 0.220703 0.009766 0.007812
2 0.002930 0.215820 0.005859 0.001953
2 0.817383 0.214844 0.001953 0.003906
2 0.002930 0.211914 0.005859 0.001953
2 0.807617 0.209961 0.001953 0.001953
2 0.022461 0.206055 0.001953 0.001953
2 0.876953 0.206055 0.007812 0.005859
2 0.902344 0.208008 0.007812 0.013672
2 0.318359 0.199219 0.003906 0.003906
2 0.880859 0.198242 0.007812 0.005859
2 0.234375 0.212891 0.023438 0.035156
2 0.313477 0.188477 0.001953 0.001953
2 0.530273 0.204102 0.044922 0.076172
2 0.823242 0.159180 0.001953 0.001953
2 0.805664 0.161133 0.005859 0.005859
2 0.650391 0.160156 0.003906 0.003906
2 0.483398 0.166016 0.021484 0.015625
2 0.504883 0.158203 0.001953 0.003906
2 0.823242 0.153320 0.005859 0.005859
2 0.807617 0.152344 0.001953 0.003906
2 0.825195 0.147461 0.001953 0.001953
2 0.821289 0.145508 0.001953 0.001953
2 0.820312 0.139648 0.003906 0.001953
2 0.034180 0.140625 0.005859 0.003906
2 0.041992 0.138672 0.001953 0.003906
2 0.610352 0.135742 0.001953 0.001953
2 0.750977 0.149414 0.029297 0.044922
2 0.518555 0.125977 0.001953 0.001953
2 0.513672 0.126953 0.003906 0.003906
2 0.476562 0.123047 0.003906 0.007812
2 0.030273 0.118164 0.001953 0.001953
2 0.013672 0.117188 0.003906 0.003906
2 0.333984 0.115234 0.003906 0.003906
2 0.819336 0.114258 0.009766 0.005859
2 0.807617 0.113281 0.005859 0.003906
2 0.766602 0.112305 0.001953 0.001953
2 0.435547 0.114258 0.007812 0.005859
2 0.623047 0.142578 0.054688 0.066406
2 0.515625 0.116211 0.011719 0.013672
2 0.424805 0.110352 0.001953 0.001953
2 0.958984 0.105469 0.007812 0.007812
2 0.774414 0.102539 0.001953 0.001953
2 0.705078 0.164062 0.078125 0.128906
2 0.499023 0.101562 0.001953 0.003906
2 0.708008 0.099609 0.001953 0.003906
2 0.713867 0.095703 0.001953 0.003906
2 0.282227 0.094727 0.001953 0.001953
2 0.777344 0.093750 0.003906 0.003906
2 0.780273 0.086914 0.001953 0.001953
2 0.723633 0.084961 0.001953 0.001953
2 0.791992 0.083008 0.001953 0.001953
2 0.658203 0.097656 0.027344 0.031250
2 0.416016 0.078125 0.007812 0.003906
2 0.486328 0.074219 0.011719 0.007812
2 0.995117 0.074219 0.009766 0.015625
2 0.463867 0.065430 0.001953 0.001953
2 0.097656 0.067383 0.015625 0.009766
2 0.969727 0.057617 0.001953 0.001953
2 0.025391 0.067383 0.050781 0.021484
2 0.743164 0.069336 0.017578 0.029297
2 0.612305 0.077148 0.037109 0.044922
2 0.620117 0.055664 0.001953 0.001953
2 0.528320 0.053711 0.001953 0.001953
2 0.844727 0.051758 0.001953 0.001953
2 0.833984 0.062500 0.082031 0.027344
2 0.782227 0.049805 0.001953 0.001953
2 0.782227 0.045898 0.001953 0.001953
2 0.791992 0.047852 0.013672 0.013672
2 0.741211 0.044922 0.009766 0.007812
2 0.428711 0.036133 0.001953 0.001953
2 0.946289 0.050781 0.037109 0.035156
2 0.622070 0.038086 0.005859 0.009766
2 0.548828 0.046875 0.031250 0.027344
2 0.423828 0.034180 0.003906 0.005859
2 0.620117 0.028320 0.001953 0.001953
2 0.485352 0.026367 0.001953 0.001953
2 0.488281 0.017578 0.003906 0.003906
2 0.000977 0.016602 0.001953 0.001953
2 0.014648 0.012695 0.001953 0.001953
2 0.498047 0.016602 0.019531 0.017578
2 0.149414 0.008789 0.001953 0.001953
2 0.005859 0.011719 0.011719 0.011719
2 0.899414 0.025391 0.033203 0.042969
2 0.457031 0.003906 0.003906 0.003906
2 0.452148 0.002930 0.001953 0.001953
2 0.149414 0.146484 0.169922 0.289062
2 0.857422 0.001953 0.007812 0.003906
2 0.842773 0.000977 0.001953 0.001953
2 0.774414 0.022461 0.095703 0.044922
2 0.653320 0.011719 0.076172 0.023438
2 0.438477 0.005859 0.021484 0.011719
2 0.363281 0.054688 0.253906 0.109375
2 0.043945 0.010742 0.044922 0.021484
3 0.573242 0.999023 0.001953 0.001953
3 0.350586 0.999023 0.001953 0.001953
3 0.951172 0.994141 0.003906 0.003906
3 0.548828 0.996094 0.015625 0.007812
3 0.678711 0.946289 0.001953 0.001953
3 0.340820 0.944336 0.001953 0.001953
3 0.354492 0.934570 0.001953 0.001953
3 0.102539 0.932617 0.001953 0.001953
3 0.625000 0.923828 0.007812 0.007812
3 0.619141 0.900391 0.003906 0.003906
3 0.143555 0.881836 0.001953 0.001953
3 0.019531 0.549805 0.039062 0.064453
3 0.997070 0.502930 0.001953 0.001953
3 0.999023 0.379883 0.001953 0.001953
3 0.988281 0.374023 0.003906 0.001953
3 0.958008 0.354492 0.001953 0.001953
3 0.462891 0.092773 0.003906 0.001953
3 0.258789 0.090820 0.001953 0.001953
3 0.999023 0.076172 0.001953 0.003906
3 0.998047 0.071289 0.003906 0.001953
3 0.299805 0.069336 0.001953 0.001953
3 0.294922 0.070312 0.003906 0.003906
3 0.290039 0.055664 0.001953 0.001953
3 0.432617 0.053711 0.001953 0.001953
3 0.659180 0.002930 0.021484 0.005859
3 0.500000 0.500000 1.000000 1.000000