1 0.940430 0.969727 0.001953 0.001953
1 0.607422 0.003906 0.007812 0.007812
1 0.500000 0.500000 1.000000 1.000000
2 0.911133 0.999023 0.001953 0.001953
3 0.083984 0.999023 0.003906 0.001953
3 0.225586 0.998047 0.001953 0.003906
2 0.181641 0.998047 0.007812 0.003906
3 0.773438 0.997070 0.011719 0.005859
3 0.747070 0.997070 0.021484 0.005859
3 0.057617 0.997070 0.013672 0.005859
3 0.699219 0.996094 0.015625 0.007812
3 0.213867 0.996094 0.017578 0.007812
3 0.090820 0.996094 0.005859 0.007812
3 0.276367 0.991211 0.005859 0.005859
2 0.174805 0.989258 0.001953 0.001953
2 0.927734 0.987305 0.003906 0.001953
3 0.064453 0.989258 0.007812 0.005859
3 0.286133 0.987305 0.005859 0.005859
3 0.038086 0.987305 0.013672 0.005859
3 0.004883 0.986328 0.005859 0.003906
2 0.901367 0.988281 0.021484 0.011719
3 0.490234 0.985352 0.003906 0.005859
3 0.464844 0.987305 0.007812 0.013672
3 0.418945 0.979492 0.001953 0.001953
3 0.265625 0.981445 0.003906 0.005859
3 0.487305 0.975586 0.001953 0.001953
3 0.293945 0.975586 0.001953 0.001953
3 0.584961 0.973633 0.001953 0.001953
2 0.309570 0.973633 0.001953 0.001953
3 0.289062 0.973633 0.003906 0.001953
3 0.072266 0.971680 0.011719 0.009766
3 0.331055 0.966797 0.001953 0.003906
2 0.327148 0.965820 0.001953 0.001953
3 0.982422 0.963867 0.007812 0.005859
3 0.824219 0.964844 0.003906 0.007812
3 0.469727 0.961914 0.001953 0.001953
3 0.126953 0.980469 0.058594 0.039062
3 0.578125 0.958984 0.003906 0.003906
2 0.336914 0.958008 0.001953 0.001953
3 0.088867 0.954102 0.001953 0.001953
3 0.469727 0.955078 0.005859 0.007812
3 0.191406 0.967773 0.066406 0.033203
3 0.052734 0.956055 0.011719 0.017578
3 0.346680 0.947266 0.001953 0.003906
3 0.094727 0.947266 0.009766 0.011719
3 0.375977 0.942383 0.005859 0.005859
3 0.252930 0.956055 0.064453 0.037109
3 0.074219 0.940430 0.019531 0.005859
3 0.395508 0.944336 0.005859 0.017578
3 0.290039 0.943359 0.013672 0.015625
3 0.114258 0.936523 0.001953 0.001953
3 0.302734 0.948242 0.027344 0.029297
3 0.229492 0.933594 0.001953 0.003906
3 0.143555 0.953125 0.017578 0.042969
2 0.470703 0.931641 0.007812 0.011719
3 0.278320 0.924805 0.001953 0.001953
3 0.416016 0.932617 0.019531 0.021484
2 0.089844 0.924805 0.015625 0.005859
2 0.523438 0.932617 0.015625 0.025391
3 0.443359 0.931641 0.023438 0.023438
3 0.700195 0.923828 0.013672 0.011719
3 0.439453 0.916016 0.003906 0.003906
3 0.253906 0.921875 0.015625 0.019531
3 0.683594 0.913086 0.007812 0.005859
3 0.176758 0.916992 0.025391 0.021484
2 0.496094 0.905273 0.015625 0.009766
3 0.041992 0.904297 0.009766 0.007812
3 0.460938 0.905273 0.015625 0.013672
3 0.995117 0.902344 0.009766 0.015625
3 0.321289 0.896484 0.001953 0.003906
3 0.127930 0.896484 0.001953 0.003906
3 0.052734 0.888672 0.015625 0.011719
3 0.987305 0.895508 0.021484 0.029297
3 0.704102 0.881836 0.013672 0.005859
2 0.923828 0.889648 0.019531 0.025391
3 0.149414 0.888672 0.017578 0.023438
3 0.728516 0.876953 0.003906 0.003906
3 0.060547 0.879883 0.007812 0.009766
3 0.485352 0.882812 0.076172 0.031250
3 0.336914 0.903320 0.205078 0.072266
3 0.904297 0.932617 0.121094 0.134766
3 0.696289 0.868164 0.009766 0.009766
3 0.587891 0.920898 0.156250 0.123047
3 0.750977 0.858398 0.001953 0.001953
2 0.987305 0.864258 0.017578 0.021484
2 0.396484 0.872070 0.011719 0.037109
3 0.068359 0.854492 0.003906 0.005859
3 0.712891 0.850586 0.003906 0.001953
3 0.255859 0.855469 0.023438 0.011719
3 0.057617 0.853516 0.009766 0.007812
3 0.758789 0.854492 0.021484 0.013672
2 0.389648 0.847656 0.005859 0.003906
2 0.575195 0.850586 0.009766 0.013672
3 0.178711 0.844727 0.013672 0.005859
3 0.822266 0.891602 0.136719 0.103516
3 0.818359 0.841797 0.007812 0.003906
3 0.289062 0.844727 0.031250 0.009766
2 0.915039 0.838867 0.001953 0.001953
3 0.689453 0.851562 0.050781 0.027344
3 0.182617 0.836914 0.005859 0.001953
2 0.583984 0.837891 0.007812 0.007812
3 0.215820 0.836914 0.005859 0.005859
3 0.176758 0.834961 0.001953 0.001953
3 0.881836 0.834961 0.005859 0.005859
3 0.293945 0.833008 0.001953 0.001953
2 0.889648 0.831055 0.001953 0.001953
3 0.269531 0.837891 0.019531 0.015625
3 0.166992 0.834961 0.009766 0.009766
3 0.123047 0.835938 0.007812 0.011719
3 0.851562 0.830078 0.007812 0.007812
3 0.417969 0.827148 0.003906 0.001953
3 0.680664 0.831055 0.041016 0.013672
2 0.992188 0.824219 0.015625 0.007812
3 0.782227 0.828125 0.033203 0.015625
3 0.732422 0.824219 0.023438 0.011719
2 0.942383 0.861328 0.064453 0.093750
3 0.853516 0.832031 0.039062 0.035156
3 0.427734 0.817383 0.035156 0.013672
3 0.158203 0.822266 0.019531 0.023438
2 0.983398 0.811523 0.005859 0.005859
2 0.883789 0.811523 0.005859 0.005859
2 0.902344 0.815430 0.011719 0.017578
3 0.105469 0.825195 0.023438 0.037109
3 0.591797 0.805664 0.003906 0.001953
3 0.810547 0.805664 0.007812 0.005859
3 0.334961 0.801758 0.001953 0.001953
3 0.739258 0.804688 0.013672 0.011719
3 0.477539 0.803711 0.025391 0.009766
3 0.566406 0.802734 0.054688 0.011719
3 0.827148 0.815430 0.041016 0.044922
3 0.616211 0.795898 0.009766 0.005859
3 0.125977 0.795898 0.017578 0.009766
2 0.929688 0.796875 0.019531 0.015625
2 0.857422 0.791992 0.003906 0.005859
3 0.502930 0.795898 0.021484 0.013672
3 0.262695 0.790039 0.001953 0.001953
3 0.362305 0.799805 0.041016 0.033203
2 0.995117 0.782227 0.001953 0.001953
2 0.944336 0.783203 0.001953 0.003906
3 0.069336 0.827148 0.056641 0.095703
2 0.663086 0.779297 0.005859 0.003906
2 0.090820 0.776367 0.001953 0.001953
3 0.785156 0.774414 0.003906 0.005859
3 0.281250 0.775391 0.011719 0.007812
3 0.821289 0.778320 0.017578 0.017578
3 0.036133 0.766602 0.001953 0.001953
3 0.991211 0.771484 0.013672 0.015625
3 0.017578 0.777344 0.035156 0.031250
3 0.641602 0.800781 0.251953 0.085938
2 0.000977 0.756836 0.001953 0.001953
3 0.627930 0.766602 0.021484 0.029297
3 0.794922 0.750977 0.007812 0.009766
2 0.054688 0.748047 0.003906 0.003906
3 0.809570 0.747070 0.013672 0.005859
3 0.378906 0.750000 0.011719 0.011719
2 0.075195 0.749023 0.013672 0.013672
2 0.774414 0.742188 0.009766 0.003906
3 0.666016 0.754883 0.011719 0.033203
2 0.004883 0.739258 0.009766 0.005859
3 0.440430 0.736328 0.005859 0.003906
3 0.340820 0.733398 0.001953 0.001953
3 0.805664 0.736328 0.033203 0.011719
3 0.565430 0.737305 0.013672 0.013672
2 0.317383 0.743164 0.013672 0.025391
2 0.788086 0.730469 0.005859 0.007812
3 0.573242 0.727539 0.001953 0.001953
3 0.148438 0.737305 0.031250 0.025391
3 0.950195 0.719727 0.001953 0.001953
3 0.946289 0.718750 0.001953 0.003906
2 0.777344 0.719727 0.015625 0.005859
3 0.440430 0.722656 0.013672 0.011719
3 0.926758 0.717773 0.013672 0.009766
2 0.551758 0.719727 0.013672 0.013672
3 0.261719 0.711914 0.003906 0.005859
3 0.328125 0.714844 0.015625 0.019531
3 0.313477 0.699219 0.005859 0.003906
3 0.639648 0.709961 0.025391 0.033203
3 0.445312 0.695312 0.011719 0.007812
3 0.898438 0.692383 0.011719 0.009766
3 0.972656 0.689453 0.019531 0.023438
3 0.280273 0.678711 0.001953 0.001953
3 0.547852 0.674805 0.001953 0.001953
3 0.344727 0.681641 0.013672 0.015625
3 0.806641 0.673828 0.007812 0.007812
3 0.266602 0.660156 0.005859 0.007812
3 0.674805 0.687500 0.021484 0.066406
3 0.379883 0.660156 0.021484 0.019531
3 0.754883 0.649414 0.001953 0.001953
3 0.520508 0.654297 0.009766 0.015625
3 0.016602 0.648438 0.001953 0.003906
3 0.106445 0.646484 0.001953 0.003906
3 0.729492 0.644531 0.009766 0.007812
3 0.235352 0.641602 0.001953 0.001953
3 0.211914 0.643555 0.009766 0.005859
3 0.981445 0.664062 0.037109 0.054688
3 0.677734 0.643555 0.015625 0.013672
3 0.568359 0.645508 0.023438 0.021484
2 0.436523 0.631836 0.001953 0.001953
3 0.650391 0.630859 0.007812 0.003906
3 0.454102 0.627930 0.001953 0.001953
3 0.267578 0.628906 0.007812 0.003906
3 0.628906 0.640625 0.035156 0.031250
3 0.450195 0.624023 0.001953 0.001953
3 0.279297 0.628906 0.015625 0.011719
3 0.311523 0.625000 0.013672 0.007812
3 0.693359 0.622070 0.011719 0.009766
2 0.224609 0.631836 0.015625 0.029297
2 0.166992 0.619141 0.001953 0.003906
2 0.134766 0.625000 0.011719 0.015625
3 0.272461 0.615234 0.005859 0.003906
3 0.533203 0.617188 0.007812 0.011719
3 0.540039 0.614258 0.005859 0.009766
2 0.819336 0.622070 0.017578 0.029297
3 0.478516 0.611328 0.011719 0.007812
2 0.804688 0.607422 0.007812 0.003906
3 0.447266 0.613281 0.011719 0.015625
3 0.315430 0.607422 0.005859 0.003906
3 0.644531 0.608398 0.003906 0.009766
3 0.639648 0.606445 0.001953 0.009766
3 0.530273 0.604492 0.001953 0.005859
3 0.054688 0.666992 0.109375 0.130859
3 0.741211 0.611328 0.013672 0.023438
3 0.680664 0.605469 0.013672 0.011719
2 0.658203 0.601562 0.015625 0.003906
3 0.316406 0.601562 0.003906 0.003906
3 0.986328 0.618164 0.023438 0.041016
3 0.541016 0.599609 0.003906 0.003906
3 0.973633 0.596680 0.001953 0.001953
3 0.847656 0.600586 0.015625 0.009766
3 0.739258 0.589844 0.001953 0.003906
2 0.260742 0.591797 0.001953 0.007812
3 0.341797 0.590820 0.015625 0.009766
3 0.634766 0.588867 0.011719 0.013672
2 0.657227 0.581055 0.005859 0.001953
3 0.534180 0.586914 0.013672 0.013672
3 0.213867 0.583984 0.005859 0.007812
3 0.554688 0.585938 0.023438 0.015625
3 0.583008 0.579102 0.009766 0.005859
3 0.164062 0.585938 0.015625 0.019531
3 0.158203 0.579102 0.003906 0.013672
3 0.793945 0.571289 0.001953 0.001953
3 0.669922 0.572266 0.011719 0.011719
3 0.547852 0.570312 0.005859 0.007812
2 0.391602 0.573242 0.017578 0.013672
3 0.627930 0.565430 0.005859 0.005859
3 0.577148 0.565430 0.005859 0.005859
3 0.526367 0.569336 0.005859 0.013672
3 0.161133 0.564453 0.013672 0.011719
2 0.999023 0.559570 0.001953 0.005859
3 0.140625 0.560547 0.007812 0.007812
3 0.683594 0.555664 0.003906 0.005859
3 0.518555 0.556641 0.017578 0.007812
3 0.611328 0.561523 0.035156 0.033203
3 0.596680 0.541992 0.001953 0.001953
3 0.564453 0.541992 0.007812 0.005859
3 0.116211 0.540039 0.001953 0.001953
2 0.985352 0.538086 0.001953 0.001953
3 0.745117 0.541016 0.017578 0.007812
3 0.076172 0.539062 0.011719 0.003906
3 0.551758 0.541016 0.005859 0.011719
3 0.489258 0.555664 0.021484 0.041016
2 0.982422 0.534180 0.003906 0.001953
2 0.874023 0.534180 0.001953 0.001953
3 0.059570 0.536133 0.005859 0.005859
3 0.107422 0.541016 0.019531 0.019531
2 0.147461 0.530273 0.001953 0.001953
3 0.036133 0.530273 0.005859 0.001953
3 0.204102 0.526367 0.001953 0.001953
3 0.754883 0.531250 0.013672 0.015625
3 0.544922 0.527344 0.007812 0.007812
3 0.458984 0.535156 0.023438 0.023438
3 0.065430 0.525391 0.005859 0.003906
3 0.171875 0.525391 0.031250 0.007812
3 0.893555 0.540039 0.017578 0.041016
2 0.206055 0.520508 0.001953 0.001953
3 0.063477 0.520508 0.001953 0.001953
3 0.001953 0.522461 0.003906 0.005859
3 0.435547 0.519531 0.007812 0.015625
3 0.156250 0.512695 0.003906 0.001953
3 0.757812 0.511719 0.003906 0.003906
2 0.179688 0.512695 0.015625 0.005859
3 0.762695 0.509766 0.005859 0.007812
3 0.449219 0.510742 0.007812 0.009766
2 0.216797 0.514648 0.015625 0.017578
3 0.769531 0.506836 0.003906 0.005859
3 0.427734 0.507812 0.007812 0.007812
3 0.608398 0.503906 0.005859 0.003906
3 0.726562 0.508789 0.015625 0.017578
3 0.523438 0.500000 0.007812 0.003906
3 0.453125 0.500000 0.007812 0.003906
3 0.828125 0.500977 0.003906 0.009766
3 0.049805 0.500000 0.001953 0.007812
3 0.442383 0.496094 0.005859 0.007812
3 0.375000 0.537109 0.105469 0.089844
3 0.669922 0.500977 0.015625 0.021484
3 0.487305 0.489258 0.001953 0.001953
3 0.047852 0.491211 0.005859 0.005859
3 0.009766 0.490234 0.007812 0.003906
2 0.938477 0.486328 0.005859 0.003906
2 0.436523 0.488281 0.005859 0.007812
3 0.406250 0.485352 0.003906 0.001953
3 0.641602 0.479492 0.001953 0.001953
3 0.409180 0.480469 0.001953 0.003906
3 0.617188 0.488281 0.023438 0.027344
3 0.485352 0.476562 0.005859 0.003906
3 0.333008 0.478516 0.017578 0.007812
2 0.953125 0.480469 0.027344 0.027344
3 0.721680 0.468750 0.001953 0.003906
3 0.704102 0.468750 0.001953 0.003906
3 0.065430 0.482422 0.021484 0.031250
3 0.624023 0.465820 0.001953 0.001953
3 0.695312 0.466797 0.003906 0.007812
3 0.689453 0.463867 0.007812 0.005859
3 0.850586 0.481445 0.029297 0.044922
3 0.674805 0.458008 0.001953 0.001953
3 0.649414 0.466797 0.025391 0.019531
3 0.073242 0.459961 0.005859 0.005859
3 0.815430 0.478516 0.021484 0.046875
3 0.428711 0.455078 0.009766 0.003906
3 0.845703 0.458008 0.007812 0.013672
3 0.403320 0.453125 0.009766 0.003906
3 0.828125 0.447266 0.007812 0.003906
2 0.997070 0.453125 0.005859 0.019531
3 0.805664 0.446289 0.005859 0.005859
3 0.546875 0.447266 0.011719 0.023438
3 0.416992 0.438477 0.037109 0.021484
3 0.752930 0.431641 0.009766 0.011719
3 0.417969 0.427734 0.003906 0.003906
2 0.997070 0.425781 0.005859 0.003906
2 0.927734 0.431641 0.015625 0.015625
2 0.499023 0.424805 0.001953 0.001953
3 0.815430 0.424805 0.009766 0.005859
3 0.645508 0.423828 0.013672 0.007812
2 0.486328 0.426758 0.003906 0.013672
2 0.998047 0.418945 0.003906 0.005859
3 0.832031 0.417969 0.003906 0.003906
3 0.653320 0.413086 0.005859 0.005859
3 0.241211 0.431641 0.126953 0.046875
3 0.625000 0.409180 0.011719 0.005859
2 0.478516 0.409180 0.003906 0.005859
3 0.726562 0.406250 0.003906 0.003906
3 0.290039 0.405273 0.001953 0.001953
2 0.729492 0.400391 0.001953 0.003906
3 0.949219 0.399414 0.003906 0.005859
2 0.475586 0.397461 0.001953 0.001953
3 0.250000 0.400391 0.007812 0.007812
3 0.967773 0.404297 0.029297 0.019531
3 0.948242 0.411133 0.044922 0.033203
3 0.637695 0.411133 0.033203 0.033203
2 0.999023 0.394531 0.001953 0.007812
3 0.641602 0.391602 0.001953 0.001953
2 0.668945 0.388672 0.005859 0.007812
3 0.261719 0.392578 0.011719 0.015625
2 0.716797 0.376953 0.007812 0.003906
2 0.481445 0.383789 0.009766 0.017578
3 0.268555 0.378906 0.001953 0.007812
2 0.543945 0.371094 0.001953 0.003906
3 0.655273 0.365234 0.009766 0.007812
3 0.139648 0.414062 0.111328 0.105469
3 0.963867 0.375000 0.072266 0.031250
2 0.820312 0.371094 0.019531 0.035156
2 0.805664 0.346680 0.001953 0.001953
3 0.553711 0.344727 0.001953 0.001953
3 0.069336 0.346680 0.005859 0.005859
2 0.819336 0.344727 0.009766 0.005859
2 0.821289 0.340820 0.005859 0.001953
3 0.079102 0.341797 0.005859 0.003906
3 0.741211 0.336914 0.005859 0.005859
2 0.093750 0.336914 0.007812 0.005859
3 0.572266 0.333984 0.007812 0.003906
3 0.059570 0.329102 0.005859 0.001953
3 0.434570 0.412109 0.115234 0.171875
3 0.624023 0.373047 0.060547 0.101562
3 0.278320 0.323242 0.001953 0.001953
3 0.556641 0.330078 0.015625 0.019531
3 0.354492 0.322266 0.009766 0.007812
2 0.062500 0.320312 0.003906 0.003906
3 0.595703 0.323242 0.019531 0.013672
3 0.224609 0.318359 0.007812 0.007812
3 0.542969 0.314453 0.011719 0.007812
3 0.595703 0.311523 0.007812 0.009766
3 0.855469 0.309570 0.019531 0.013672
3 0.701172 0.310547 0.035156 0.015625
3 0.605469 0.307617 0.003906 0.009766
3 0.005859 0.306641 0.011719 0.007812
2 0.977539 0.301758 0.001953 0.001953
2 0.455078 0.311523 0.027344 0.021484
3 0.276367 0.307617 0.005859 0.013672
3 0.602539 0.299805 0.001953 0.001953
3 0.779297 0.310547 0.035156 0.035156
2 0.930664 0.297852 0.037109 0.013672
3 0.554688 0.297852 0.011719 0.013672
3 0.404297 0.291992 0.011719 0.013672
3 0.372070 0.287109 0.001953 0.003906
3 0.367188 0.286133 0.003906 0.001953
2 0.985352 0.289062 0.029297 0.015625
3 0.156250 0.286133 0.011719 0.017578
3 0.942383 0.275391 0.005859 0.003906
3 0.814453 0.282227 0.035156 0.029297
3 0.622070 0.277344 0.013672 0.027344
3 0.010742 0.278320 0.021484 0.029297
3 0.718750 0.265625 0.015625 0.023438
3 0.611328 0.269531 0.011719 0.031250
3 0.526367 0.256836 0.005859 0.005859
3 0.144531 0.252930 0.003906 0.001953
3 0.356445 0.346680 0.130859 0.193359
3 0.488281 0.357422 0.218750 0.222656
3 0.672852 0.243164 0.001953 0.001953
3 0.007812 0.252930 0.015625 0.025391
3 0.020508 0.237305 0.001953 0.001953
3 0.639648 0.247070 0.013672 0.025391
3 0.462891 0.242188 0.023438 0.015625
3 0.266602 0.231445 0.009766 0.005859
3 0.067383 0.229492 0.001953 0.001953
3 0.000977 0.230469 0.001953 0.007812
3 0.202148 0.235352 0.025391 0.021484
3 0.204102 0.222656 0.005859 0.003906
3 0.131836 0.229492 0.029297 0.021484
3 0.410156 0.222656 0.011719 0.011719
2 0.647461 0.215820 0.001953 0.001953
2 0.643555 0.215820 0.001953 0.001953
3 0.721680 0.242188 0.076172 0.062500
3 0.282227 0.215820 0.060547 0.021484
2 0.708984 0.201172 0.003906 0.003906
2 0.676758 0.204102 0.009766 0.009766
2 0.694336 0.198242 0.001953 0.001953
2 0.624023 0.196289 0.001953 0.001953
3 0.491211 0.196289 0.001953 0.001953
3 0.835938 0.194336 0.003906 0.001953
2 0.746094 0.195312 0.003906 0.003906
2 0.639648 0.198242 0.025391 0.009766
3 0.848633 0.192383 0.001953 0.001953
2 0.821289 0.192383 0.001953 0.001953
3 0.598633 0.198242 0.013672 0.013672
3 0.489258 0.192383 0.001953 0.001953
3 0.089844 0.212891 0.039062 0.042969
3 0.483398 0.206055 0.033203 0.033203
3 0.959961 0.182617 0.001953 0.001953
2 0.818359 0.178711 0.007812 0.001953
2 0.734375 0.180664 0.003906 0.005859
3 0.416016 0.185547 0.027344 0.023438
3 0.095703 0.180664 0.011719 0.013672
2 0.710938 0.168945 0.003906 0.001953
3 0.280273 0.163086 0.001953 0.001953
3 0.219727 0.167969 0.009766 0.011719
2 0.711914 0.161133 0.001953 0.001953
3 0.380859 0.171875 0.015625 0.027344
3 0.285156 0.162109 0.003906 0.007812
3 0.958984 0.159180 0.003906 0.005859
2 0.502930 0.153320 0.001953 0.001953
3 0.418945 0.154297 0.005859 0.003906
3 0.384766 0.153320 0.003906 0.005859
3 0.449219 0.152344 0.011719 0.007812
3 0.920898 0.148438 0.001953 0.003906
3 0.973633 0.154297 0.021484 0.019531
3 0.614258 0.166992 0.169922 0.048828
3 0.626953 0.144531 0.003906 0.003906
3 0.286133 0.147461 0.013672 0.013672
3 0.182617 0.183594 0.060547 0.085938
3 0.256836 0.144531 0.009766 0.011719
3 0.959961 0.137695 0.001953 0.001953
3 0.860352 0.139648 0.001953 0.005859
3 0.805664 0.208008 0.166016 0.146484
3 0.666992 0.138672 0.013672 0.011719
3 0.848633 0.129883 0.001953 0.001953
2 0.509766 0.129883 0.003906 0.001953
3 0.481445 0.130859 0.005859 0.003906
3 0.317383 0.129883 0.001953 0.001953
3 0.754883 0.127930 0.001953 0.001953
3 0.860352 0.129883 0.001953 0.009766
3 0.411133 0.127930 0.001953 0.005859
3 0.569336 0.141602 0.044922 0.037109
3 0.458008 0.131836 0.017578 0.017578
3 0.848633 0.120117 0.001953 0.001953
3 0.646484 0.120117 0.003906 0.001953
2 0.500977 0.121094 0.005859 0.003906
2 0.436523 0.127930 0.021484 0.017578
3 0.393555 0.120117 0.009766 0.005859
3 0.497070 0.116211 0.001953 0.001953
3 0.647461 0.114258 0.001953 0.001953
3 0.958008 0.118164 0.009766 0.013672
3 0.722656 0.114258 0.011719 0.009766
2 0.525391 0.119141 0.019531 0.019531
2 0.508789 0.112305 0.021484 0.009766
3 0.635742 0.108398 0.009766 0.005859
2 0.586914 0.108398 0.001953 0.005859
3 0.373047 0.122070 0.113281 0.037109
3 0.151367 0.109375 0.013672 0.011719
2 0.533203 0.147461 0.066406 0.099609
2 0.371094 0.095703 0.003906 0.003906
3 0.693359 0.112305 0.042969 0.041016
2 0.576172 0.097656 0.003906 0.015625
2 0.400391 0.092773 0.011719 0.009766
3 0.110352 0.090820 0.005859 0.005859
3 0.910156 0.091797 0.019531 0.015625
3 0.935547 0.101562 0.039062 0.039062
3 0.647461 0.091797 0.009766 0.019531
3 0.623047 0.090820 0.035156 0.017578
2 0.511719 0.085938 0.011719 0.011719
3 0.980469 0.096680 0.039062 0.044922
3 0.648438 0.077148 0.003906 0.005859
3 0.200195 0.081055 0.017578 0.013672
3 0.894531 0.108398 0.035156 0.080078
3 0.980469 0.070312 0.007812 0.007812
3 0.928711 0.067383 0.005859 0.001953
3 0.641602 0.068359 0.001953 0.003906
3 0.225586 0.068359 0.001953 0.003906
3 0.900391 0.065430 0.007812 0.005859
3 0.639648 0.063477 0.001953 0.001953
3 0.452148 0.092773 0.083984 0.064453
3 0.635742 0.057617 0.001953 0.001953
3 0.875977 0.056641 0.001953 0.003906
3 0.331055 0.055664 0.005859 0.009766
3 0.085938 0.050781 0.003906 0.003906
3 0.640625 0.050781 0.007812 0.007812
3 0.592773 0.050781 0.013672 0.015625
3 0.430664 0.049805 0.033203 0.017578
3 0.210938 0.047852 0.007812 0.013672
3 0.281250 0.036133 0.003906 0.001953
3 0.855469 0.073242 0.023438 0.080078
3 0.317383 0.041016 0.013672 0.015625
3 0.582031 0.032227 0.003906 0.001953
2 0.854492 0.030273 0.001953 0.001953
3 0.496094 0.030273 0.011719 0.009766
3 0.844727 0.028320 0.005859 0.013672
3 0.066406 0.029297 0.027344 0.023438
3 0.875977 0.025391 0.009766 0.019531
3 0.487305 0.009766 0.001953 0.003906
3 0.495117 0.010742 0.009766 0.017578
3 0.940430 0.007812 0.009766 0.015625
2 0.840820 0.007812 0.009766 0.015625
3 0.610352 0.010742 0.025391 0.021484
3 0.580078 0.015625 0.031250 0.031250
3 0.543945 0.004883 0.029297 0.009766
3 0.316406 0.008789 0.019531 0.017578
3 0.171875 0.006836 0.015625 0.013672
3 0.125977 0.005859 0.009766 0.011719