0 0.197266 0.999023 0.003906 0.001953
0 0.729492 0.997070 0.001953 0.001953
0 0.872070 0.995117 0.001953 0.001953
1 0.920898 0.993164 0.001953 0.001953
0 0.914062 0.992188 0.003906 0.003906
0 0.868164 0.992188 0.001953 0.003906
0 0.124023 0.995117 0.017578 0.009766
0 0.016602 0.991211 0.001953 0.001953
0 0.856445 0.989258 0.001953 0.001953
0 0.819336 0.989258 0.001953 0.001953
0 0.176758 0.994141 0.021484 0.011719
1 0.969727 0.987305 0.001953 0.001953
0 0.727539 0.991211 0.005859 0.009766
1 0.926758 0.985352 0.001953 0.001953
0 0.098633 0.985352 0.001953 0.001953
0 0.725586 0.983398 0.001953 0.001953
1 0.913086 0.981445 0.001953 0.001953
0 0.864258 0.981445 0.001953 0.001953
0 0.001953 0.982422 0.003906 0.003906
0 0.010742 0.981445 0.009766 0.005859
0 0.863281 0.977539 0.003906 0.001953
1 0.215820 0.988281 0.021484 0.023438
1 0.198242 0.977539 0.005859 0.001953
0 0.196289 0.973633 0.001953 0.001953
0 0.011719 0.974609 0.003906 0.003906
0 0.018555 0.971680 0.001953 0.001953
1 0.002930 0.971680 0.001953 0.001953
0 0.903320 0.967773 0.001953 0.001953
0 0.709961 0.963867 0.001953 0.001953
1 0.990234 0.962891 0.003906 0.003906
0 0.649414 0.958008 0.001953 0.001953
0 0.110352 0.974609 0.041016 0.035156
1 0.108398 0.954102 0.001953 0.001953
1 0.885742 0.950195 0.001953 0.001953
0 0.804688 0.971680 0.058594 0.044922
0 0.846680 0.947266 0.001953 0.003906
0 0.374023 0.946289 0.001953 0.001953
1 0.932617 0.944336 0.001953 0.001953
1 0.863281 0.954102 0.039062 0.021484
0 0.372070 0.943359 0.025391 0.007812
0 0.241211 0.938477 0.001953 0.001953
1 0.998047 0.932617 0.003906 0.001953
0 0.561523 0.939453 0.013672 0.015625
0 0.228516 0.952148 0.023438 0.041016
0 0.223633 0.931641 0.001953 0.003906
1 0.987305 0.943359 0.025391 0.031250
0 0.561523 0.926758 0.001953 0.001953
1 0.923828 0.961914 0.066406 0.076172
0 0.468750 0.926758 0.011719 0.005859
0 0.459961 0.922852 0.001953 0.001953
0 0.323242 0.922852 0.001953 0.001953
0 0.090820 0.941406 0.037109 0.039062
0 0.865234 0.924805 0.007812 0.009766
1 0.725586 0.916992 0.001953 0.001953
0 0.066406 0.915039 0.003906 0.001953
0 0.058594 0.918945 0.011719 0.009766
0 0.407227 0.915039 0.001953 0.005859
0 0.327148 0.916016 0.005859 0.007812
0 0.454102 0.915039 0.013672 0.009766
1 0.715820 0.911133 0.013672 0.005859
0 0.408203 0.909180 0.003906 0.001953
0 0.333008 0.907227 0.001953 0.001953
1 0.918945 0.903320 0.001953 0.001953
1 0.982422 0.901367 0.007812 0.005859
1 0.400391 0.891602 0.003906 0.001953
1 0.409180 0.890625 0.005859 0.003906
0 0.362305 0.889648 0.001953 0.001953
1 0.998047 0.889648 0.003906 0.005859
1 0.702148 0.895508 0.013672 0.021484
0 0.384766 0.888672 0.011719 0.007812
1 0.997070 0.881836 0.001953 0.001953
0 0.946289 0.879883 0.001953 0.001953
1 0.646484 0.883789 0.003906 0.009766
0 0.364258 0.879883 0.001953 0.001953
0 0.371094 0.884766 0.011719 0.015625
0 0.383789 0.878906 0.013672 0.007812
1 0.995117 0.874023 0.001953 0.001953
0 0.360352 0.872070 0.001953 0.001953
1 0.860352 0.870117 0.001953 0.001953
1 0.989258 0.868164 0.001953 0.001953
0 0.377930 0.868164 0.001953 0.001953
0 0.592773 0.864258 0.001953 0.001953
1 0.862305 0.860352 0.001953 0.001953
0 0.788086 0.856445 0.001953 0.001953
1 0.998047 0.851562 0.003906 0.003906
0 0.870117 0.845703 0.001953 0.003906
1 0.999023 0.843750 0.001953 0.003906
1 0.995117 0.842773 0.001953 0.001953
1 0.967773 0.838867 0.001953 0.001953
1 0.859375 0.839844 0.003906 0.003906
1 0.849609 0.841797 0.003906 0.007812
0 0.319336 0.858398 0.041016 0.041016
1 0.995117 0.836914 0.001953 0.001953
0 0.504883 0.836914 0.001953 0.001953
1 0.928711 0.878906 0.130859 0.089844
0 0.323242 0.834961 0.001953 0.001953
1 0.995117 0.829102 0.001953 0.001953
0 0.963867 0.829102 0.001953 0.001953
0 0.483398 0.826172 0.001953 0.003906
0 0.709961 0.821289 0.001953 0.001953
1 0.594727 0.820312 0.001953 0.003906
0 0.440430 0.825195 0.017578 0.017578
0 0.503906 0.818359 0.003906 0.007812
0 0.455078 0.817383 0.003906 0.005859
1 0.663086 0.813477 0.001953 0.001953
1 0.688477 0.811523 0.001953 0.001953
1 0.566406 0.816406 0.027344 0.019531
1 0.553711 0.808594 0.001953 0.003906
1 0.548828 0.804688 0.003906 0.003906
0 0.735352 0.796875 0.005859 0.003906
0 0.727539 0.793945 0.001953 0.001953
0 0.987305 0.778320 0.001953 0.001953
1 0.745117 0.780273 0.005859 0.005859
0 0.496094 0.777344 0.015625 0.015625
0 0.999023 0.766602 0.001953 0.001953
0 0.497070 0.766602 0.001953 0.001953
0 0.872070 0.762695 0.001953 0.001953
0 0.903320 0.760742 0.001953 0.001953
0 0.725586 0.760742 0.001953 0.001953
0 0.899414 0.758789 0.001953 0.001953
0 0.709961 0.761719 0.009766 0.007812
1 0.506836 0.762695 0.013672 0.009766
0 0.963867 0.756836 0.001953 0.001953
0 0.721680 0.756836 0.001953 0.001953
0 0.730469 0.754883 0.003906 0.001953
1 0.736328 0.752930 0.003906 0.005859
0 0.691406 0.751953 0.015625 0.011719
1 0.804688 0.743164 0.003906 0.005859
0 0.424805 0.737305 0.009766 0.009766
0 0.401367 0.727539 0.001953 0.001953
0 0.401367 0.722656 0.001953 0.003906
0 0.394531 0.708008 0.003906 0.001953
0 0.393555 0.710938 0.009766 0.007812
0 0.592773 0.704102 0.001953 0.001953
0 0.385742 0.702148 0.001953 0.001953
0 0.961914 0.698242 0.001953 0.001953
0 0.635742 0.696289 0.001953 0.001953
0 0.592773 0.698242 0.005859 0.005859
1 0.956055 0.692383 0.005859 0.001953
1 0.813477 0.690430 0.001953 0.001953
1 0.575195 0.696289 0.017578 0.013672
0 0.210938 0.692383 0.003906 0.005859
1 0.556641 0.689453 0.019531 0.007812
1 0.857422 0.684570 0.003906 0.001953
1 0.545898 0.684570 0.001953 0.001953
1 0.536133 0.687500 0.017578 0.007812
1 0.577148 0.682617 0.001953 0.001953
1 0.703125 0.681641 0.003906 0.003906
0 0.860352 0.677734 0.001953 0.003906
1 0.937500 0.675781 0.003906 0.003906
1 0.692383 0.698242 0.064453 0.048828
1 0.556641 0.674805 0.003906 0.001953
1 0.947266 0.679688 0.011719 0.015625
0 0.865234 0.673828 0.003906 0.003906
0 0.866211 0.668945 0.001953 0.001953
1 0.520508 0.668945 0.001953 0.001953
1 0.667969 0.669922 0.007812 0.007812
1 0.530273 0.667969 0.001953 0.003906
0 0.510742 0.666992 0.001953 0.001953
1 0.382812 0.663086 0.003906 0.005859
1 0.846680 0.657227 0.001953 0.001953
1 0.834961 0.657227 0.001953 0.001953
1 0.900391 0.655273 0.003906 0.001953
1 0.728516 0.827148 0.542969 0.345703
1 0.819336 0.655273 0.001953 0.001953
1 0.662109 0.651367 0.003906 0.001953
1 0.657227 0.651367 0.001953 0.001953
1 0.585938 0.657227 0.019531 0.021484
1 0.577148 0.645508 0.001953 0.001953
1 0.514648 0.639648 0.001953 0.001953
0 0.277344 0.647461 0.039062 0.021484
1 0.975586 0.635742 0.001953 0.001953
0 0.870117 0.635742 0.001953 0.001953
0 0.603516 0.651367 0.027344 0.033203
0 0.257812 0.637695 0.007812 0.005859
1 0.396484 0.634766 0.003906 0.003906
1 0.526367 0.629883 0.001953 0.001953
0 0.157227 0.629883 0.001953 0.001953
1 0.838867 0.627930 0.005859 0.005859
0 0.156250 0.625977 0.003906 0.001953
0 0.764648 0.624023 0.001953 0.001953
0 0.765625 0.620117 0.003906 0.001953
1 0.522461 0.616211 0.001953 0.001953
1 0.514648 0.616211 0.001953 0.001953
1 0.509766 0.622070 0.007812 0.017578
0 0.903320 0.612305 0.001953 0.001953
1 0.903320 0.630859 0.033203 0.039062
0 0.976562 0.686523 0.046875 0.154297
1 0.797852 0.610352 0.001953 0.001953
1 0.771484 0.611328 0.003906 0.003906
1 0.821289 0.604492 0.001953 0.001953
0 0.516602 0.604492 0.001953 0.001953
0 0.881836 0.602539 0.001953 0.001953
1 0.565430 0.596680 0.001953 0.001953
0 0.516602 0.597656 0.001953 0.003906
0 0.958008 0.592773 0.001953 0.001953
0 0.924805 0.592773 0.001953 0.001953
0 0.756836 0.592773 0.001953 0.001953
1 0.700195 0.590820 0.001953 0.001953
1 0.557617 0.590820 0.009766 0.005859
1 0.812500 0.598633 0.023438 0.029297
0 0.903320 0.590820 0.013672 0.021484
0 0.874023 0.582031 0.005859 0.003906
0 0.854492 0.581055 0.001953 0.001953
1 0.690430 0.581055 0.001953 0.001953
0 0.641602 0.581055 0.001953 0.001953
1 0.577148 0.581055 0.001953 0.001953
0 0.887695 0.584961 0.017578 0.013672
0 0.881836 0.579102 0.001953 0.001953
0 0.659180 0.577148 0.001953 0.001953
0 0.911133 0.575195 0.001953 0.001953
0 0.678711 0.579102 0.009766 0.013672
0 0.532227 0.586914 0.033203 0.033203
0 0.621094 0.570312 0.003906 0.003906
0 0.922852 0.578125 0.033203 0.023438
1 0.837891 0.576172 0.042969 0.031250
0 0.641602 0.571289 0.029297 0.025391
0 0.979492 0.558594 0.005859 0.003906
1 0.690430 0.557617 0.001953 0.001953
1 0.636719 0.555664 0.003906 0.001953
1 0.898438 0.558594 0.035156 0.023438
1 0.721680 0.541992 0.001953 0.001953
1 0.732422 0.605469 0.089844 0.132812
1 0.737305 0.530273 0.001953 0.001953
0 0.284180 0.528320 0.001953 0.001953
1 0.716797 0.527344 0.007812 0.003906
1 0.760742 0.518555 0.009766 0.009766
0 0.288086 0.508789 0.001953 0.001953
1 0.726562 0.517578 0.023438 0.023438
0 0.280273 0.514648 0.017578 0.017578
0 0.278320 0.502930 0.001953 0.001953
0 0.996094 0.496094 0.003906 0.003906
1 0.875977 0.495117 0.001953 0.001953
1 0.872070 0.496094 0.001953 0.003906
0 0.848633 0.497070 0.001953 0.009766
0 0.804688 0.493164 0.003906 0.001953
0 0.330078 0.493164 0.003906 0.001953
0 0.811523 0.489258 0.001953 0.001953
0 0.271484 0.491211 0.007812 0.009766
1 0.862305 0.491211 0.013672 0.013672
0 0.329102 0.487305 0.005859 0.005859
0 0.809570 0.483398 0.005859 0.001953
1 0.875000 0.485352 0.007812 0.013672
1 0.795898 0.486328 0.017578 0.015625
0 0.833984 0.479492 0.007812 0.009766
0 0.836914 0.471680 0.001953 0.001953
1 0.807617 0.475586 0.009766 0.009766
0 0.954102 0.463867 0.001953 0.001953
0 0.950195 0.463867 0.001953 0.001953
0 0.391602 0.463867 0.001953 0.001953
0 0.040039 0.463867 0.001953 0.001953
0 0.993164 0.461914 0.001953 0.001953
0 0.635742 0.465820 0.009766 0.009766
0 0.471680 0.462891 0.005859 0.003906
0 0.044922 0.476562 0.035156 0.031250
0 0.958984 0.461914 0.003906 0.005859
0 0.397461 0.462891 0.005859 0.011719
0 0.952148 0.458008 0.005859 0.005859
1 0.215820 0.455078 0.005859 0.003906
1 0.706055 0.453125 0.001953 0.003906
1 0.232422 0.452148 0.007812 0.001953
1 0.221680 0.452148 0.001953 0.001953
0 0.936523 0.453125 0.009766 0.007812
0 0.938477 0.446289 0.001953 0.001953
1 0.730469 0.444336 0.003906 0.005859
1 0.704102 0.442383 0.001953 0.001953
0 0.689453 0.443359 0.007812 0.007812
0 0.659180 0.446289 0.017578 0.017578
0 0.299805 0.438477 0.001953 0.001953
1 0.863281 0.434570 0.003906 0.001953
0 0.631836 0.434570 0.001953 0.001953
1 0.715820 0.440430 0.017578 0.017578
1 0.711914 0.432617 0.001953 0.001953
0 0.702148 0.432617 0.001953 0.001953
0 0.860352 0.430664 0.005859 0.001953
0 0.291016 0.431641 0.003906 0.003906
0 0.091797 0.432617 0.007812 0.005859
1 0.865234 0.424805 0.007812 0.005859
0 0.725586 0.416992 0.001953 0.001953
0 0.362305 0.409180 0.001953 0.001953
0 0.681641 0.407227 0.003906 0.001953
0 0.528320 0.403320 0.001953 0.001953
0 0.434570 0.403320 0.001953 0.001953
0 0.524414 0.401367 0.001953 0.001953
0 0.430664 0.402344 0.001953 0.003906
0 0.422852 0.401367 0.001953 0.001953
1 0.408203 0.404297 0.035156 0.011719
0 0.521484 0.400391 0.003906 0.007812
0 0.095703 0.411133 0.019531 0.029297
0 0.708984 0.396484 0.011719 0.003906
0 0.716797 0.394531 0.003906 0.003906
0 0.852539 0.389648 0.001953 0.001953
0 0.680664 0.397461 0.017578 0.017578
0 0.736328 0.390625 0.003906 0.007812
0 0.684570 0.385742 0.005859 0.001953
0 0.607422 0.383789 0.003906 0.001953
0 0.403320 0.383789 0.001953 0.001953
0 0.398438 0.383789 0.003906 0.001953
0 0.708984 0.383789 0.007812 0.005859
0 0.407227 0.381836 0.001953 0.001953
1 0.853516 0.381836 0.003906 0.005859
0 0.703125 0.377930 0.003906 0.001953
0 0.694336 0.374023 0.001953 0.001953
0 0.389648 0.378906 0.009766 0.011719
0 0.707031 0.375000 0.011719 0.007812
0 0.844727 0.376953 0.009766 0.015625
0 0.333008 0.370117 0.001953 0.001953
0 0.329102 0.370117 0.001953 0.001953
0 0.694336 0.368164 0.001953 0.001953
0 0.444336 0.368164 0.001953 0.001953
0 0.690430 0.367188 0.001953 0.003906
0 0.459961 0.368164 0.005859 0.009766
0 0.857422 0.363281 0.003906 0.003906
0 0.447266 0.363281 0.003906 0.003906
0 0.819336 0.360352 0.001953 0.001953
0 0.459961 0.359375 0.001953 0.003906
0 0.453125 0.358398 0.007812 0.005859
0 0.831055 0.360352 0.017578 0.013672
0 0.634766 0.374023 0.035156 0.041016
0 0.661133 0.350586 0.001953 0.001953
0 0.691406 0.349609 0.003906 0.003906
0 0.665039 0.349609 0.001953 0.003906
0 0.661133 0.346680 0.001953 0.001953
0 0.831055 0.342773 0.001953 0.001953
0 0.649414 0.344727 0.013672 0.009766
0 0.360352 0.356445 0.056641 0.033203
0 0.718750 0.345703 0.027344 0.023438
0 0.815430 0.331055 0.001953 0.001953
0 0.799805 0.329102 0.001953 0.001953
0 0.767578 0.346680 0.042969 0.037109
0 0.815430 0.326172 0.001953 0.003906
0 0.618164 0.337891 0.041016 0.027344
0 0.408203 0.338867 0.035156 0.029297
0 0.860352 0.323242 0.005859 0.001953
1 0.847656 0.311523 0.003906 0.001953
0 0.935547 0.307617 0.007812 0.005859
0 0.555664 0.305664 0.001953 0.001953
0 0.671875 0.334961 0.050781 0.068359
0 0.732422 0.303711 0.015625 0.013672
0 0.494141 0.310547 0.054688 0.039062
0 0.731445 0.290039 0.001953 0.001953
1 0.872070 0.286133 0.001953 0.001953
0 0.708984 0.284180 0.007812 0.005859
0 0.934570 0.280273 0.001953 0.001953
1 0.869141 0.281250 0.003906 0.003906
0 0.860352 0.284180 0.009766 0.009766
0 0.687500 0.282227 0.007812 0.005859
0 0.930664 0.279297 0.001953 0.003906
1 0.878906 0.276367 0.003906 0.001953
0 0.728516 0.278320 0.003906 0.005859
0 0.930664 0.274414 0.001953 0.001953
0 0.731445 0.274414 0.001953 0.001953
0 0.735352 0.272461 0.001953 0.001953
0 0.961914 0.267578 0.001953 0.003906
0 0.624023 0.252930 0.001953 0.001953
0 0.800781 0.292969 0.105469 0.089844
0 0.916992 0.247070 0.001953 0.001953
0 0.334961 0.245117 0.001953 0.001953
0 0.536133 0.241211 0.001953 0.001953
0 0.950195 0.254883 0.056641 0.037109
0 0.453125 0.233398 0.003906 0.001953
0 0.977539 0.231445 0.001953 0.001953
0 0.973633 0.231445 0.001953 0.001953
0 0.965820 0.217773 0.001953 0.001953
1 0.467773 0.217773 0.001953 0.001953
0 0.458008 0.217773 0.001953 0.001953
0 0.811523 0.216797 0.001953 0.003906
0 0.469727 0.213867 0.001953 0.001953
0 0.457031 0.212891 0.003906 0.003906
0 0.985352 0.220703 0.029297 0.027344
0 0.946289 0.203125 0.001953 0.003906
1 0.505859 0.194336 0.003906 0.005859
1 0.500977 0.192383 0.001953 0.001953
0 0.511719 0.191406 0.003906 0.003906
1 0.809570 0.173828 0.005859 0.003906
0 0.282227 0.172852 0.001953 0.001953
1 0.500977 0.171875 0.001953 0.003906
0 0.997070 0.169922 0.001953 0.003906
0 0.463867 0.168945 0.001953 0.001953
0 0.311523 0.168945 0.001953 0.001953
1 0.852539 0.166992 0.001953 0.001953
1 0.843750 0.195312 0.058594 0.058594
0 0.445312 0.190430 0.101562 0.048828
0 0.999023 0.165039 0.001953 0.001953
0 0.959961 0.165039 0.001953 0.001953
1 0.798828 0.166016 0.007812 0.003906
0 0.269531 0.159180 0.003906 0.001953
0 0.259766 0.163086 0.007812 0.009766
0 0.997070 0.160156 0.005859 0.007812
0 0.253906 0.158203 0.003906 0.003906
0 0.965820 0.153320 0.001953 0.001953
0 0.254883 0.153320 0.001953 0.001953
1 0.849609 0.153320 0.007812 0.005859
0 0.148438 0.167969 0.023438 0.035156
1 0.838867 0.147461 0.001953 0.001953
0 0.259766 0.150391 0.003906 0.007812
1 0.314453 0.146484 0.003906 0.003906
1 0.263672 0.145508 0.003906 0.001953
0 0.932617 0.141602 0.001953 0.001953
1 0.993164 0.137695 0.001953 0.001953
1 0.280273 0.137695 0.001953 0.001953
0 0.918945 0.189453 0.068359 0.109375
1 0.534180 0.135742 0.001953 0.001953
1 0.987305 0.133789 0.001953 0.001953
0 0.942383 0.131836 0.001953 0.001953
0 0.938477 0.131836 0.001953 0.001953
1 0.872070 0.132812 0.001953 0.003906
1 0.982422 0.144531 0.035156 0.031250
0 0.565430 0.125977 0.001953 0.001953
1 0.526367 0.124023 0.001953 0.001953
0 0.381836 0.114258 0.001953 0.001953
0 0.268555 0.114258 0.001953 0.001953
0 0.326172 0.250000 0.113281 0.281250
0 0.352539 0.108398 0.001953 0.001953
0 0.970703 0.112305 0.007812 0.013672
0 0.965820 0.107422 0.001953 0.003906
1 0.877930 0.094727 0.001953 0.001953
0 0.984375 0.092773 0.003906 0.001953
0 0.296875 0.087891 0.003906 0.003906
0 0.291992 0.086914 0.001953 0.001953
0 0.301758 0.098633 0.025391 0.033203
0 0.159180 0.077148 0.001953 0.001953
0 0.354492 0.075195 0.001953 0.001953
1 0.855469 0.072266 0.003906 0.003906
0 0.383789 0.069336 0.001953 0.001953
0 0.435547 0.072266 0.019531 0.015625
0 0.422852 0.065430 0.001953 0.001953
0 0.986328 0.076172 0.027344 0.035156
0 0.375977 0.085938 0.041016 0.054688
0 0.879883 0.055664 0.001953 0.001953
0 0.157227 0.065430 0.041016 0.025391
0 0.518555 0.057617 0.025391 0.021484
0 0.547852 0.045898 0.001953 0.001953
1 0.260742 0.043945 0.001953 0.001953
0 0.547852 0.041992 0.001953 0.001953
0 0.872070 0.040039 0.001953 0.001953
0 0.868164 0.038086 0.001953 0.001953
1 0.141602 0.037109 0.009766 0.003906
1 0.252930 0.041016 0.013672 0.015625
0 0.840820 0.032227 0.001953 0.001953
0 0.882812 0.091797 0.101562 0.121094
1 0.261719 0.032227 0.007812 0.005859
0 0.310547 0.036133 0.023438 0.025391
0 0.934570 0.022461 0.001953 0.001953
0 0.353516 0.027344 0.007812 0.011719
0 0.301758 0.016602 0.001953 0.001953
0 0.811523 0.008789 0.001953 0.001953
1 0.678711 0.006836 0.001953 0.001953
0 0.329102 0.004883 0.001953 0.001953
1 0.666992 0.014648 0.033203 0.025391
0 0.833008 0.013672 0.033203 0.027344
0 0.586914 0.158203 0.095703 0.316406
1 0.279297 0.023438 0.035156 0.046875
1 0.258789 0.000977 0.001953 0.001953
0 0.163086 0.035156 0.076172 0.070312
1 0.119141 0.003906 0.003906 0.007812
2 0.119141 0.999023 0.003906 0.001953
3 0.740234 0.952148 0.003906 0.001953
2 0.734375 0.959961 0.011719 0.017578
2 0.698242 0.951172 0.001953 0.003906
3 0.678711 0.944336 0.001953 0.001953
2 0.635742 0.930664 0.001953 0.001953
3 0.628906 0.933594 0.003906 0.007812
2 0.637695 0.922852 0.005859 0.001953
3 0.692383 0.920898 0.001953 0.001953
3 0.628906 0.918945 0.007812 0.005859
3 0.743164 0.905273 0.001953 0.001953
2 0.567383 0.875977 0.001953 0.001953
2 0.768555 0.872070 0.001953 0.001953
2 0.571289 0.872070 0.001953 0.001953
2 0.560547 0.865234 0.003906 0.003906
3 0.823242 0.860352 0.001953 0.001953
2 0.561523 0.858398 0.001953 0.001953
2 0.557617 0.858398 0.001953 0.001953
3 0.803711 0.852539 0.001953 0.001953
2 0.808594 0.849609 0.003906 0.003906
2 0.535156 0.866211 0.058594 0.041016
2 0.808594 0.842773 0.003906 0.005859
2 0.512695 0.840820 0.001953 0.001953
2 0.492188 0.840820 0.003906 0.001953
3 0.608398 0.836914 0.001953 0.001953
3 0.933594 0.823242 0.003906 0.001953
3 0.983398 0.815430 0.001953 0.001953
2 0.969727 0.815430 0.005859 0.001953
2 0.961914 0.815430 0.001953 0.001953
2 0.721680 0.815430 0.001953 0.001953
3 0.873047 0.906250 0.253906 0.187500
2 0.999023 0.811523 0.001953 0.001953
2 0.973633 0.786133 0.001953 0.001953
2 0.958008 0.784180 0.001953 0.001953
3 0.838867 0.766602 0.001953 0.001953
3 0.834961 0.766602 0.001953 0.001953
3 0.817383 0.758789 0.001953 0.001953
2 0.987305 0.736328 0.001953 0.003906
2 0.995117 0.714844 0.009766 0.019531
2 0.971680 0.688477 0.001953 0.001953
3 0.810547 0.675781 0.003906 0.003906
2 0.604492 0.096680 0.001953 0.001953
2 0.989258 0.084961 0.001953 0.001953
2 0.565430 0.068359 0.001953 0.003906
3 0.561523 0.064453 0.001953 0.003906
2 0.135742 0.014648 0.001953 0.001953
2 0.139648 0.012695 0.001953 0.001953
2 0.137695 0.006836 0.001953 0.001953
2 0.282227 0.004883 0.001953 0.001953
2 0.500000 0.500000 1.000000 1.000000