1 0.692383 0.999023 0.001953 0.001953
0 0.666016 0.995117 0.003906 0.001953
1 0.370117 0.997070 0.005859 0.005859
0 0.357422 0.988281 0.003906 0.003906
0 0.403320 0.992188 0.033203 0.015625
0 0.645508 0.984375 0.005859 0.003906
0 0.705078 0.924805 0.003906 0.001953
1 0.977539 0.883789 0.001953 0.001953
1 0.987305 0.882812 0.013672 0.007812
1 0.018555 0.690430 0.001953 0.001953
0 0.898438 0.509766 0.007812 0.003906
1 0.883789 0.477539 0.001953 0.001953
1 0.894531 0.476562 0.003906 0.003906
0 0.967773 0.454102 0.001953 0.001953
1 0.877930 0.454102 0.001953 0.001953
1 0.885742 0.453125 0.005859 0.003906
1 0.895508 0.448242 0.001953 0.001953
0 0.887695 0.448242 0.001953 0.001953
0 0.903320 0.446289 0.001953 0.001953
1 0.870117 0.446289 0.001953 0.001953
1 0.948242 0.445312 0.001953 0.003906
0 0.944336 0.444336 0.001953 0.001953
1 0.828125 0.445312 0.003906 0.003906
1 0.874023 0.442383 0.001953 0.001953
0 0.774414 0.440430 0.001953 0.001953
0 0.859375 0.440430 0.003906 0.005859
0 0.940430 0.436523 0.001953 0.001953
0 0.921875 0.432617 0.003906 0.001953
0 0.903320 0.432617 0.001953 0.001953
0 0.818359 0.434570 0.015625 0.013672
0 0.891602 0.415039 0.001953 0.001953
0 0.887695 0.415039 0.001953 0.001953
0 0.873047 0.417969 0.023438 0.019531
0 0.856445 0.409180 0.001953 0.001953
1 0.883789 0.405273 0.001953 0.001953
1 0.868164 0.401367 0.001953 0.001953
1 0.877930 0.370117 0.001953 0.001953
1 0.000977 0.239258 0.001953 0.005859
1 0.020508 0.227539 0.013672 0.009766
1 0.011719 0.201172 0.003906 0.003906
1 0.030273 0.156250 0.005859 0.003906
0 0.000977 0.127930 0.001953 0.001953
0 0.012695 0.125977 0.013672 0.009766
0 0.028320 0.118164 0.001953 0.001953
1 0.270508 0.052734 0.001953 0.003906
1 0.211914 0.047852 0.001953 0.001953
1 0.231445 0.041992 0.001953 0.001953
1 0.213867 0.038086 0.001953 0.001953
1 0.204102 0.039062 0.005859 0.003906
1 0.285156 0.036133 0.003906 0.001953
1 0.201172 0.034180 0.003906 0.001953
1 0.184570 0.034180 0.013672 0.009766
1 0.142578 0.020508 0.007812 0.005859
0 0.096680 0.016602 0.001953 0.001953
0 0.006836 0.012695 0.001953 0.001953
1 0.151367 0.011719 0.044922 0.023438
0 0.500000 0.500000 1.000000 1.000000
2 0.848633 0.999023 0.001953 0.001953
2 0.352539 0.999023 0.001953 0.001953
2 0.860352 0.997070 0.001953 0.001953
2 0.852539 0.997070 0.001953 0.001953
3 0.798828 0.995117 0.003906 0.001953
2 0.352539 0.995117 0.001953 0.001953
2 0.852539 0.993164 0.001953 0.001953
2 0.216797 0.994141 0.003906 0.003906
2 0.821289 0.995117 0.048828 0.009766
2 0.850586 0.989258 0.001953 0.001953
2 0.800781 0.988281 0.003906 0.003906
2 0.850586 0.985352 0.001953 0.001953
2 0.228516 0.991211 0.011719 0.017578
2 0.272461 0.981445 0.001953 0.001953
2 0.799805 0.979492 0.001953 0.001953
2 0.856445 0.982422 0.009766 0.011719
2 0.774414 0.977539 0.001953 0.001953
2 0.793945 0.974609 0.005859 0.003906
2 0.781250 0.975586 0.007812 0.005859
2 0.614258 0.967773 0.001953 0.001953
3 0.413086 0.983398 0.123047 0.033203
3 0.303711 0.965820 0.001953 0.001953
3 0.484375 0.980469 0.082031 0.039062
2 0.600586 0.958008 0.001953 0.001953
2 0.258789 0.956055 0.001953 0.001953
2 0.330078 0.957031 0.007812 0.007812
2 0.747070 0.952148 0.001953 0.001953
3 0.666992 0.944336 0.001953 0.001953
3 0.731445 0.942383 0.001953 0.001953
3 0.670898 0.938477 0.001953 0.001953
2 0.444336 0.946289 0.005859 0.017578
2 0.291992 0.962891 0.056641 0.050781
2 0.759766 0.936523 0.003906 0.001953
2 0.303711 0.936523 0.001953 0.001953
2 0.438477 0.934570 0.001953 0.001953
3 0.294922 0.933594 0.003906 0.003906
2 0.818359 0.937500 0.007812 0.015625
2 0.827148 0.926758 0.001953 0.001953
2 0.817383 0.924805 0.001953 0.001953
2 0.567383 0.932617 0.017578 0.021484
2 0.418945 0.918945 0.001953 0.001953
2 0.827148 0.916992 0.001953 0.001953
2 0.775391 0.925781 0.019531 0.027344
2 0.673828 0.954102 0.140625 0.091797
2 0.566406 0.909180 0.003906 0.005859
2 0.413086 0.921875 0.029297 0.031250
2 0.754883 0.914062 0.025391 0.031250
2 0.537109 0.899414 0.003906 0.001953
2 0.652344 0.895508 0.003906 0.001953
2 0.655273 0.891602 0.001953 0.001953
2 0.525391 0.888672 0.015625 0.007812
2 0.774414 0.888672 0.005859 0.015625
2 0.657227 0.881836 0.001953 0.001953
2 0.537109 0.881836 0.003906 0.001953
2 0.532227 0.881836 0.001953 0.001953
2 0.003906 0.882812 0.007812 0.003906
2 0.633789 0.879883 0.001953 0.001953
2 0.550781 0.898438 0.027344 0.039062
2 0.653320 0.877930 0.001953 0.001953
2 0.646484 0.881836 0.015625 0.013672
2 0.592773 0.879883 0.009766 0.009766
2 0.810547 0.864258 0.007812 0.001953
2 0.803711 0.865234 0.001953 0.003906
2 0.860352 0.852539 0.001953 0.001953
2 0.648438 0.851562 0.003906 0.003906
2 0.661133 0.849609 0.009766 0.011719
2 0.465820 0.842773 0.001953 0.001953
2 0.856445 0.844727 0.009766 0.009766
3 0.979492 0.873047 0.041016 0.074219
2 0.458008 0.838867 0.005859 0.005859
3 0.280273 0.864258 0.072266 0.068359
2 0.837891 0.830078 0.003906 0.003906
2 0.276367 0.827148 0.001953 0.001953
2 0.848633 0.834961 0.025391 0.021484
3 0.518555 0.843750 0.060547 0.039062
2 0.707031 0.820312 0.007812 0.003906
2 0.043945 0.819336 0.001953 0.001953
2 0.040039 0.819336 0.001953 0.001953
2 0.715820 0.813477 0.001953 0.001953
2 0.607422 0.812500 0.003906 0.003906
2 0.458008 0.823242 0.052734 0.033203
2 0.000977 0.806641 0.001953 0.003906
2 0.723633 0.799805 0.001953 0.001953
2 0.656250 0.817383 0.027344 0.041016
2 0.200195 0.795898 0.001953 0.001953
2 0.204102 0.799805 0.029297 0.013672
2 0.149414 0.793945 0.001953 0.001953
2 0.829102 0.812500 0.080078 0.042969
2 0.754883 0.791992 0.001953 0.001953
2 0.760742 0.791992 0.005859 0.005859
2 0.183594 0.791016 0.015625 0.007812
2 0.756836 0.786133 0.001953 0.001953
2 0.692383 0.814453 0.044922 0.058594
2 0.438477 0.785156 0.001953 0.003906
2 0.162109 0.791992 0.011719 0.017578
2 0.171875 0.782227 0.003906 0.001953
2 0.885742 0.780273 0.001953 0.001953
2 0.878906 0.781250 0.007812 0.003906
2 0.157227 0.780273 0.001953 0.001953
2 0.708008 0.776367 0.001953 0.001953
2 0.051758 0.798828 0.021484 0.050781
2 0.469727 0.772461 0.001953 0.001953
2 0.514648 0.768555 0.001953 0.001953
2 0.509766 0.766602 0.003906 0.001953
2 0.408203 0.772461 0.066406 0.029297
2 0.370117 0.758789 0.001953 0.001953
2 0.291016 0.756836 0.003906 0.001953
3 0.051758 0.761719 0.013672 0.011719
2 0.628906 0.764648 0.015625 0.021484
2 0.362305 0.757812 0.009766 0.011719
2 0.622070 0.747070 0.001953 0.001953
2 0.036133 0.743164 0.001953 0.005859
2 0.172852 0.737305 0.001953 0.001953
2 0.692383 0.735352 0.001953 0.001953
2 0.629883 0.738281 0.005859 0.007812
2 0.586914 0.735352 0.001953 0.001953
3 0.936523 0.729492 0.001953 0.001953
3 0.917969 0.753906 0.074219 0.054688
2 0.600586 0.731445 0.029297 0.013672
3 0.943359 0.723633 0.003906 0.005859
2 0.904297 0.717773 0.003906 0.001953
2 0.200195 0.733398 0.048828 0.037109
2 0.907227 0.713867 0.001953 0.001953
2 0.874023 0.719727 0.009766 0.013672
2 0.864258 0.711914 0.001953 0.001953
2 0.853516 0.722656 0.027344 0.027344
2 0.958984 0.712891 0.003906 0.011719
2 0.921875 0.708008 0.003906 0.001953
2 0.186523 0.713867 0.017578 0.013672
2 0.214844 0.707031 0.003906 0.003906
2 0.186523 0.704102 0.001953 0.001953
2 0.915039 0.708008 0.013672 0.021484
2 0.918945 0.694336 0.001953 0.001953
2 0.208008 0.692383 0.001953 0.001953
2 0.920898 0.690430 0.001953 0.001953
2 0.860352 0.686523 0.001953 0.001953
2 0.867188 0.689453 0.015625 0.011719
2 0.981445 0.682617 0.001953 0.001953
2 0.974609 0.682617 0.003906 0.001953
2 0.872070 0.678711 0.001953 0.001953
2 0.340820 0.679688 0.005859 0.003906
2 0.862305 0.678711 0.013672 0.009766
2 0.209961 0.672852 0.001953 0.001953
2 0.173828 0.684570 0.039062 0.025391
3 0.439453 0.672852 0.015625 0.009766
3 0.450195 0.666992 0.001953 0.001953
2 0.854492 0.661133 0.001953 0.001953
3 0.452148 0.661133 0.001953 0.001953
2 0.502930 0.659180 0.001953 0.001953
3 0.025391 0.698242 0.050781 0.091797
3 0.060547 0.680664 0.039062 0.060547
3 0.448242 0.642578 0.001953 0.003906
3 0.061523 0.641602 0.001953 0.001953
2 0.584961 0.649414 0.025391 0.021484
2 0.500000 0.645508 0.019531 0.013672
3 0.847656 0.648438 0.015625 0.023438
2 0.534180 0.637695 0.001953 0.001953
2 0.500977 0.633789 0.001953 0.001953
2 0.612305 0.631836 0.001953 0.001953
2 0.608398 0.631836 0.001953 0.001953
2 0.600586 0.631836 0.001953 0.001953
2 0.515625 0.631836 0.003906 0.001953
2 0.633789 0.629883 0.001953 0.001953
3 0.058594 0.633789 0.011719 0.009766
2 0.839844 0.628906 0.003906 0.003906
2 0.725586 0.628906 0.001953 0.003906
2 0.696289 0.627930 0.005859 0.001953
2 0.649414 0.628906 0.005859 0.003906
2 0.531250 0.629883 0.023438 0.009766
2 0.647461 0.624023 0.001953 0.001953
2 0.545898 0.624023 0.001953 0.001953
2 0.433594 0.625000 0.003906 0.003906
2 0.840820 0.620117 0.005859 0.001953
2 0.541992 0.620117 0.001953 0.001953
3 0.444336 0.635742 0.013672 0.033203
3 0.446289 0.620117 0.001953 0.001953
2 0.059570 0.620117 0.001953 0.001953
2 0.693359 0.617188 0.003906 0.003906
2 0.930664 0.615234 0.005859 0.003906
2 0.907227 0.612305 0.001953 0.001953
2 0.902344 0.612305 0.003906 0.001953
2 0.903320 0.608398 0.001953 0.001953
2 0.548828 0.609375 0.003906 0.003906
2 0.840820 0.610352 0.005859 0.013672
2 0.048828 0.610352 0.019531 0.013672
2 0.552734 0.603516 0.007812 0.003906
2 0.504883 0.603516 0.005859 0.003906
2 0.546875 0.601562 0.003906 0.003906
2 0.125977 0.600586 0.001953 0.001953
2 0.237305 0.598633 0.001953 0.001953
3 0.051758 0.598633 0.001953 0.001953
2 0.554688 0.597656 0.003906 0.003906
2 0.137695 0.606445 0.017578 0.021484
2 0.245117 0.594727 0.001953 0.001953
2 0.555664 0.592773 0.001953 0.001953
2 0.551758 0.592773 0.001953 0.001953
2 0.237305 0.593750 0.009766 0.003906
2 0.225586 0.592773 0.001953 0.001953
2 0.555664 0.588867 0.001953 0.001953
2 0.541992 0.590820 0.001953 0.005859
2 0.118164 0.592773 0.005859 0.009766
2 0.535156 0.589844 0.007812 0.007812
2 0.214844 0.589844 0.007812 0.007812
2 0.891602 0.584961 0.001953 0.001953
2 0.739258 0.584961 0.001953 0.001953
3 0.434570 0.585938 0.001953 0.003906
2 0.120117 0.584961 0.001953 0.001953
2 0.885742 0.587891 0.009766 0.011719
2 0.102539 0.583984 0.009766 0.011719
2 0.516602 0.577148 0.005859 0.001953
2 0.505859 0.587891 0.011719 0.023438
3 0.996094 0.570312 0.007812 0.015625
2 0.001953 0.561523 0.003906 0.001953
2 0.903320 0.557617 0.001953 0.001953
2 0.040039 0.553711 0.001953 0.001953
2 0.662109 0.551758 0.011719 0.005859
2 0.201172 0.550781 0.007812 0.003906
3 0.998047 0.551758 0.003906 0.009766
2 0.727539 0.545898 0.001953 0.001953
3 0.454102 0.561523 0.029297 0.033203
2 0.024414 0.545898 0.001953 0.001953
2 0.433594 0.567383 0.062500 0.048828
2 0.370117 0.541016 0.001953 0.003906
2 0.024414 0.538086 0.001953 0.001953
3 0.002930 0.534180 0.001953 0.001953
2 0.017578 0.534180 0.007812 0.009766
2 0.010742 0.529297 0.001953 0.003906
2 0.390625 0.526367 0.003906 0.001953
2 0.285156 0.527344 0.007812 0.003906
2 0.031250 0.536133 0.011719 0.021484
2 0.395508 0.524414 0.001953 0.001953
2 0.268555 0.528320 0.005859 0.009766
2 0.418945 0.518555 0.001953 0.001953
3 0.263672 0.516602 0.007812 0.001953
2 0.246094 0.518555 0.003906 0.005859
2 0.877930 0.510742 0.001953 0.001953
2 0.587891 0.522461 0.027344 0.025391
2 0.203125 0.513672 0.003906 0.007812
2 0.874023 0.508789 0.001953 0.001953
2 0.632812 0.508789 0.003906 0.001953
2 0.254883 0.508789 0.001953 0.001953
2 0.214844 0.509766 0.003906 0.003906
2 0.594727 0.506836 0.001953 0.001953
2 0.342773 0.504883 0.001953 0.001953
2 0.674805 0.561523 0.119141 0.119141
2 0.633789 0.502930 0.001953 0.001953
2 0.612305 0.500977 0.001953 0.001953
2 0.350586 0.499023 0.001953 0.001953
2 0.009766 0.509766 0.019531 0.023438
2 0.978516 0.500000 0.011719 0.007812
2 0.416992 0.497070 0.001953 0.001953
2 0.020508 0.497070 0.001953 0.001953
3 0.903320 0.493164 0.001953 0.001953
2 0.410156 0.500977 0.019531 0.017578
2 0.620117 0.498047 0.013672 0.035156
2 0.002930 0.483398 0.005859 0.009766
2 0.622070 0.477539 0.001953 0.001953
2 0.602539 0.475586 0.001953 0.001953
2 0.596680 0.475586 0.001953 0.001953
2 0.590820 0.475586 0.005859 0.001953
3 0.461914 0.475586 0.001953 0.001953
2 0.571289 0.473633 0.001953 0.001953
3 0.456055 0.503906 0.068359 0.062500
3 0.990234 0.470703 0.019531 0.011719
3 0.969727 0.463867 0.001953 0.001953
2 0.312500 0.462891 0.003906 0.003906
2 0.352539 0.459961 0.001953 0.001953
2 0.139648 0.492188 0.123047 0.066406
2 0.773438 0.450195 0.003906 0.001953
2 0.714844 0.453125 0.023438 0.007812
2 0.729492 0.448242 0.001953 0.001953
2 0.764648 0.444336 0.001953 0.001953
2 0.652344 0.444336 0.003906 0.001953
2 0.367188 0.443359 0.007812 0.007812
2 0.488281 0.439453 0.003906 0.003906
2 0.480469 0.440430 0.007812 0.005859
2 0.477539 0.434570 0.001953 0.001953
2 0.367188 0.435547 0.003906 0.003906
2 0.181641 0.438477 0.011719 0.009766
2 0.368164 0.428711 0.009766 0.005859
2 0.338867 0.445312 0.052734 0.039062
2 0.967773 0.424805 0.001953 0.001953
2 0.993164 0.423828 0.013672 0.011719
2 0.759766 0.430664 0.015625 0.025391
2 0.407227 0.415039 0.001953 0.001953
2 0.975586 0.411133 0.001953 0.001953
2 0.629883 0.415039 0.009766 0.009766
2 0.295898 0.411133 0.001953 0.001953
2 0.290039 0.411133 0.001953 0.001953
2 0.996094 0.410156 0.003906 0.003906
2 0.983398 0.409180 0.001953 0.001953
2 0.969727 0.414062 0.005859 0.011719
2 0.439453 0.409180 0.003906 0.001953
2 0.773438 0.415039 0.015625 0.017578
2 0.971680 0.405273 0.001953 0.001953
2 0.817383 0.403320 0.001953 0.001953
2 0.291992 0.405273 0.005859 0.005859
2 0.422852 0.401367 0.001953 0.001953
2 0.788086 0.399414 0.001953 0.001953
2 0.426758 0.408203 0.029297 0.019531
2 0.426758 0.399414 0.001953 0.001953
2 0.415039 0.399414 0.001953 0.001953
2 0.995117 0.397461 0.001953 0.001953
2 0.276367 0.402344 0.021484 0.015625
3 0.855469 0.392578 0.007812 0.003906
3 0.059570 0.391602 0.001953 0.001953
3 0.003906 0.410156 0.007812 0.042969
2 0.497070 0.385742 0.001953 0.001953
2 0.850586 0.381836 0.005859 0.005859
2 0.836914 0.379883 0.001953 0.001953
2 0.843750 0.376953 0.003906 0.003906
3 0.000977 0.375977 0.001953 0.001953
2 0.842773 0.372070 0.001953 0.001953
3 0.996094 0.366211 0.007812 0.005859
2 0.503906 0.373047 0.027344 0.019531
3 0.998047 0.359375 0.003906 0.003906
2 0.884766 0.440430 0.230469 0.166016
2 0.773438 0.359375 0.011719 0.007812
2 0.380859 0.365234 0.027344 0.023438
2 0.861328 0.351562 0.003906 0.011719
2 0.809570 0.347656 0.009766 0.003906
2 0.794922 0.347656 0.011719 0.003906
2 0.696289 0.349609 0.017578 0.011719
2 0.999023 0.342773 0.001953 0.001953
2 0.995117 0.342773 0.001953 0.001953
2 0.984375 0.340820 0.003906 0.001953
2 0.773438 0.341797 0.003906 0.003906
3 0.053711 0.340820 0.001953 0.001953
2 0.993164 0.338867 0.001953 0.001953
3 0.243164 0.359375 0.091797 0.042969
3 0.239258 0.336914 0.001953 0.001953
2 0.820312 0.334961 0.003906 0.001953
2 0.771484 0.335938 0.003906 0.003906
2 0.506836 0.334961 0.001953 0.001953
2 0.780273 0.331055 0.001953 0.001953
2 0.138672 0.332031 0.003906 0.003906
2 0.788086 0.327148 0.001953 0.001953
3 0.053711 0.327148 0.001953 0.001953
2 0.932617 0.325195 0.001953 0.001953
2 0.940430 0.323242 0.001953 0.001953
3 0.097656 0.373047 0.132812 0.101562
2 0.966797 0.321289 0.003906 0.005859
2 0.927734 0.321289 0.003906 0.005859
2 0.976562 0.328125 0.023438 0.027344
2 0.958984 0.311523 0.003906 0.001953
2 0.936523 0.315430 0.009766 0.009766
3 0.948242 0.309570 0.001953 0.001953
2 0.925781 0.305664 0.003906 0.001953
2 0.918945 0.306641 0.005859 0.003906
3 0.959961 0.303711 0.001953 0.001953
2 0.390625 0.301758 0.015625 0.001953
3 0.953125 0.299805 0.007812 0.001953
2 0.397461 0.297852 0.001953 0.001953
2 0.151367 0.291992 0.001953 0.001953
2 0.141602 0.291016 0.017578 0.007812
2 0.102539 0.288086 0.001953 0.001953
2 0.346680 0.282227 0.001953 0.001953
2 0.098633 0.276367 0.001953 0.001953
2 0.104492 0.274414 0.005859 0.005859
2 0.107422 0.271484 0.003906 0.003906
2 0.098633 0.266602 0.001953 0.001953
2 0.733398 0.245117 0.001953 0.001953
2 0.379883 0.237305 0.001953 0.001953
3 0.526367 0.231445 0.017578 0.017578
2 0.233398 0.223633 0.001953 0.001953
3 0.534180 0.213867 0.001953 0.001953
3 0.405273 0.209961 0.001953 0.001953
3 0.541992 0.211914 0.009766 0.009766
2 0.761719 0.209961 0.007812 0.013672
3 0.420898 0.201172 0.005859 0.007812
3 0.424805 0.196289 0.001953 0.001953
2 0.510742 0.194336 0.001953 0.001953
3 0.514648 0.211914 0.041016 0.048828
3 0.019531 0.227539 0.039062 0.080078
2 0.866211 0.186523 0.001953 0.001953
2 0.504883 0.187500 0.001953 0.003906
2 0.315430 0.242188 0.255859 0.113281
2 0.253906 0.191406 0.015625 0.015625
2 0.088867 0.184570 0.001953 0.001953
2 0.496094 0.183594 0.007812 0.003906
2 0.098633 0.182617 0.001953 0.001953
2 0.473633 0.178711 0.001953 0.001953
2 0.466797 0.180664 0.007812 0.005859
2 0.489258 0.176758 0.001953 0.001953
2 0.457031 0.177734 0.003906 0.003906
2 0.253906 0.179688 0.007812 0.007812
2 0.916992 0.175781 0.001953 0.003906
2 0.484375 0.173828 0.003906 0.003906
2 0.001953 0.173828 0.003906 0.003906
2 0.477539 0.170898 0.001953 0.001953
2 0.461914 0.168945 0.013672 0.009766
2 0.111328 0.211914 0.062500 0.095703
2 0.969727 0.141602 0.001953 0.001953
3 0.918945 0.157227 0.041016 0.037109
2 0.111328 0.133789 0.003906 0.001953
2 0.099609 0.141602 0.027344 0.021484
2 0.763672 0.130859 0.007812 0.003906
2 0.979492 0.127930 0.005859 0.005859
2 0.291992 0.125977 0.001953 0.001953
2 0.686523 0.130859 0.021484 0.015625
2 0.143555 0.124023 0.001953 0.001953
2 0.748047 0.130859 0.023438 0.023438
2 0.137695 0.114258 0.001953 0.001953
2 0.143555 0.114258 0.005859 0.009766
2 0.357422 0.161133 0.195312 0.107422
2 0.141602 0.106445 0.001953 0.001953
2 0.124023 0.119141 0.025391 0.027344
2 0.118164 0.106445 0.009766 0.001953
2 0.993164 0.108398 0.013672 0.013672
2 0.555664 0.093750 0.001953 0.003906
2 0.933594 0.089844 0.003906 0.003906
2 0.340820 0.095703 0.005859 0.015625
2 0.522461 0.086914 0.001953 0.001953
2 0.194336 0.086914 0.001953 0.001953
2 0.025391 0.131836 0.050781 0.091797
2 0.032227 0.086914 0.001953 0.001953
2 0.342773 0.084961 0.001953 0.001953
2 0.059570 0.084961 0.001953 0.001953
2 0.172852 0.083008 0.001953 0.001953
2 0.028320 0.082031 0.001953 0.003906
2 0.170898 0.080078 0.009766 0.003906
2 0.161133 0.079102 0.005859 0.005859
2 0.494141 0.076172 0.003906 0.003906
2 0.352539 0.073242 0.001953 0.001953
2 0.497070 0.071289 0.005859 0.001953
2 0.352539 0.069336 0.001953 0.001953
2 0.215820 0.089844 0.044922 0.042969
2 0.951172 0.066406 0.007812 0.003906
2 0.540039 0.065430 0.001953 0.001953
2 0.518555 0.074219 0.041016 0.019531
2 0.339844 0.071289 0.011719 0.013672
2 0.325195 0.071289 0.013672 0.013672
2 0.208008 0.055664 0.001953 0.001953
2 0.116211 0.053711 0.001953 0.001953
2 0.112305 0.053711 0.001953 0.001953
2 0.173828 0.050781 0.003906 0.003906
3 0.221680 0.047852 0.001953 0.001953
2 0.017578 0.047852 0.003906 0.001953
2 0.464844 0.045898 0.003906 0.001953
2 0.105469 0.044922 0.003906 0.003906
2 0.028320 0.038086 0.001953 0.001953
2 0.135742 0.036133 0.001953 0.001953
2 0.024414 0.028320 0.001953 0.001953
2 0.000977 0.028320 0.001953 0.001953
2 0.018555 0.026367 0.001953 0.001953
2 0.541992 0.010742 0.009766 0.005859
2 0.534180 0.008789 0.001953 0.001953
2 0.538086 0.006836 0.001953 0.001953
3 0.280273 0.004883 0.001953 0.001953
3 0.893555 0.002930 0.001953 0.001953
2 0.594727 0.002930 0.001953 0.001953
2 0.017578 0.021484 0.035156 0.039062
2 0.664062 0.005859 0.011719 0.011719
2 0.607422 0.004883 0.019531 0.009766
2 0.521484 0.002930 0.003906 0.005859
2 0.180664 0.052734 0.240234 0.105469
2 0.091797 0.002930 0.007812 0.005859
2 0.073242 0.003906 0.025391 0.007812