2 0.709961 0.999023 0.001953 0.001953
2 0.060547 0.999023 0.011719 0.001953
2 0.927734 0.998047 0.015625 0.003906
2 0.995117 0.997070 0.009766 0.005859
2 0.045898 0.995117 0.001953 0.001953
2 0.790039 0.993164 0.001953 0.001953
2 0.814453 0.990234 0.015625 0.011719
2 0.871094 0.989258 0.089844 0.021484
2 0.352539 0.970703 0.001953 0.003906
2 0.916992 0.958008 0.001953 0.001953
2 0.000977 0.954102 0.001953 0.001953
2 0.967773 0.953125 0.001953 0.003906
2 0.985352 0.961914 0.029297 0.029297
2 0.097656 0.951172 0.003906 0.007812
2 0.948242 0.941406 0.009766 0.011719
2 0.456055 0.947266 0.052734 0.054688
2 0.020508 0.918945 0.005859 0.001953
2 0.048828 0.951172 0.097656 0.085938
2 0.796875 0.906250 0.007812 0.007812
2 0.797852 0.899414 0.001953 0.001953
2 0.317383 0.940430 0.068359 0.083984
2 0.815430 0.887695 0.005859 0.001953
2 0.068359 0.888672 0.011719 0.007812
2 0.823242 0.883789 0.001953 0.001953
2 0.812500 0.881836 0.003906 0.005859
2 0.863281 0.934570 0.179688 0.130859
2 0.651367 0.860352 0.001953 0.001953
2 0.958008 0.852539 0.001953 0.001953
2 0.836914 0.844727 0.009766 0.009766
2 0.772461 0.847656 0.017578 0.023438
2 0.981445 0.833008 0.001953 0.001953
2 0.903320 0.838867 0.013672 0.013672
2 0.769531 0.832031 0.011719 0.007812
2 0.992188 0.830078 0.015625 0.027344
2 0.215820 0.813477 0.001953 0.001953
2 0.990234 0.812500 0.003906 0.003906
2 0.011719 0.862305 0.023438 0.103516
2 0.909180 0.805664 0.001953 0.001953
2 0.932617 0.799805 0.001953 0.001953
2 0.917969 0.803711 0.007812 0.009766
2 0.752930 0.800781 0.017578 0.011719
2 0.752930 0.793945 0.001953 0.001953
2 0.997070 0.791992 0.001953 0.001953
2 0.905273 0.815430 0.064453 0.060547
2 0.738281 0.787109 0.011719 0.007812
2 0.215820 0.854492 0.189453 0.146484
2 0.856445 0.781250 0.033203 0.015625
2 0.271484 0.746094 0.003906 0.003906
2 0.995117 0.729492 0.001953 0.001953
2 0.213867 0.741211 0.142578 0.111328
2 0.160156 0.685547 0.003906 0.003906
2 0.150391 0.680664 0.019531 0.017578
2 0.515625 0.666016 0.003906 0.003906
2 0.997070 0.668945 0.005859 0.017578
2 0.549805 0.700195 0.080078 0.083984
2 0.512695 0.649414 0.001953 0.001953
2 0.518555 0.643555 0.005859 0.005859
2 0.075195 0.652344 0.083984 0.074219
2 0.866211 0.628906 0.052734 0.039062
2 0.639648 0.608398 0.001953 0.001953
2 0.634766 0.634766 0.070312 0.058594
2 0.576172 0.603516 0.015625 0.007812
2 0.621094 0.587891 0.003906 0.003906
2 0.370117 0.563477 0.001953 0.001953
2 0.368164 0.553711 0.001953 0.001953
2 0.851562 0.545898 0.003906 0.001953
2 0.605469 0.548828 0.003906 0.011719
2 0.621094 0.562500 0.019531 0.042969
2 0.849609 0.540039 0.003906 0.005859
2 0.623047 0.537109 0.003906 0.003906
2 0.613281 0.528320 0.015625 0.017578
2 0.215820 0.529297 0.013672 0.027344
2 0.265625 0.506836 0.003906 0.001953
2 0.426758 0.563477 0.138672 0.130859
2 0.924805 0.503906 0.017578 0.023438
2 0.930664 0.489258 0.001953 0.001953
2 0.758789 0.481445 0.001953 0.001953
2 0.924805 0.482422 0.009766 0.007812
2 0.767578 0.481445 0.007812 0.005859
2 0.268555 0.477539 0.001953 0.001953
2 0.604492 0.467773 0.001953 0.001953
2 0.222656 0.498047 0.074219 0.070312
2 0.439453 0.476562 0.066406 0.039062
2 0.839844 0.462891 0.035156 0.019531
2 0.832031 0.448242 0.015625 0.009766
2 0.653320 0.433594 0.001953 0.003906
2 0.726562 0.422852 0.003906 0.001953
2 0.748047 0.414062 0.007812 0.003906
2 0.611328 0.413086 0.003906 0.005859
2 0.578125 0.442383 0.074219 0.087891
2 0.889648 0.381836 0.005859 0.005859
2 0.897461 0.349609 0.001953 0.007812
2 0.932617 0.406250 0.134766 0.132812
2 0.708984 0.396484 0.117188 0.113281
2 0.927734 0.344727 0.015625 0.013672
2 0.884766 0.337891 0.011719 0.007812
2 0.803711 0.325195 0.001953 0.001953
2 0.795898 0.326172 0.005859 0.003906
2 0.888672 0.323242 0.003906 0.001953
2 0.202148 0.402344 0.404297 0.164062
2 0.868164 0.329102 0.029297 0.029297
2 0.036133 0.307617 0.013672 0.009766
2 0.026367 0.293945 0.001953 0.001953
2 0.388672 0.292969 0.007812 0.007812
2 0.374023 0.291992 0.017578 0.005859
2 0.380859 0.277344 0.015625 0.007812
2 0.964844 0.295898 0.050781 0.072266
2 0.637695 0.260742 0.001953 0.001953
2 0.791016 0.288086 0.042969 0.083984
2 0.073242 0.247070 0.001953 0.001953
2 0.032227 0.241211 0.005859 0.005859
2 0.138672 0.232422 0.015625 0.007812
2 0.149414 0.227539 0.001953 0.001953
2 0.106445 0.219727 0.001953 0.001953
2 0.100586 0.235352 0.048828 0.033203
2 0.076172 0.222656 0.007812 0.007812
2 0.114258 0.221680 0.001953 0.009766
2 0.692383 0.255859 0.142578 0.082031
2 0.026367 0.239258 0.052734 0.056641
2 0.010742 0.171875 0.005859 0.007812
2 0.196289 0.191406 0.052734 0.054688
2 0.001953 0.162109 0.003906 0.011719
2 0.416992 0.183594 0.107422 0.058594
2 0.879883 0.149414 0.001953 0.001953
2 0.884766 0.162109 0.066406 0.031250
2 0.561523 0.152344 0.017578 0.011719
2 0.995117 0.151367 0.009766 0.033203
2 0.317383 0.173828 0.091797 0.078125
2 0.114258 0.152344 0.033203 0.035156
2 0.997070 0.128906 0.005859 0.011719
2 0.696289 0.108398 0.001953 0.001953
2 0.805664 0.096680 0.001953 0.001953
2 0.813477 0.093750 0.001953 0.003906
2 0.817383 0.090820 0.001953 0.001953
2 0.818359 0.076172 0.003906 0.003906
2 0.944336 0.071289 0.013672 0.013672
2 0.821289 0.047852 0.001953 0.001953
2 0.459961 0.044922 0.005859 0.003906
2 0.453125 0.041992 0.003906 0.005859
2 0.458008 0.036133 0.001953 0.001953
2 0.791992 0.061523 0.056641 0.076172
2 0.842773 0.024414 0.037109 0.033203
2 0.569336 0.158203 0.236328 0.316406
2 0.300781 0.028320 0.050781 0.056641
2 0.286133 0.017578 0.021484 0.035156
3 0.780273 0.999023 0.001953 0.001953
3 0.898438 0.997070 0.011719 0.005859
3 0.869141 0.985352 0.003906 0.001953
3 0.014648 0.848633 0.001953 0.005859
3 0.997070 0.827148 0.001953 0.001953
3 0.217773 0.424805 0.001953 0.001953
3 0.315430 0.372070 0.001953 0.001953
3 0.319336 0.371094 0.001953 0.003906
3 0.514648 0.303711 0.001953 0.001953
3 0.012695 0.247070 0.001953 0.001953
3 0.489258 0.061523 0.001953 0.001953
3 0.313477 0.034180 0.001953 0.001953
3 0.581055 0.012695 0.001953 0.001953
3 0.580078 0.003906 0.011719 0.007812
3 0.500000 0.500000 1.000000 1.000000