2 0.424805 0.999023 0.001953 0.001953
2 0.578125 0.988281 0.003906 0.003906
2 0.309570 0.985352 0.001953 0.001953
2 0.319336 0.979492 0.001953 0.001953
2 0.858398 0.977539 0.001953 0.001953
2 0.829102 0.986328 0.064453 0.027344
2 0.446289 0.961914 0.001953 0.001953
2 0.385742 0.962891 0.005859 0.007812
2 0.957031 0.958008 0.007812 0.005859
2 0.784180 0.954102 0.001953 0.001953
2 0.564453 0.944336 0.003906 0.001953
2 0.401367 0.944336 0.005859 0.005859
2 0.995117 0.930664 0.009766 0.013672
2 0.053711 0.958008 0.107422 0.083984
2 0.876953 0.886719 0.003906 0.007812
2 0.104492 0.877930 0.001953 0.001953
2 0.930664 0.864258 0.005859 0.005859
2 0.750977 0.790039 0.001953 0.001953
2 0.823242 0.708008 0.001953 0.001953
2 0.823242 0.698242 0.001953 0.001953
2 0.713867 0.699219 0.017578 0.015625
2 0.706055 0.680664 0.001953 0.001953
2 0.684570 0.672852 0.001953 0.001953
2 0.737305 0.639648 0.001953 0.001953
2 0.743164 0.635742 0.001953 0.001953
2 0.749023 0.631836 0.001953 0.001953
2 0.950195 0.563477 0.001953 0.001953
2 0.956055 0.561523 0.001953 0.001953
2 0.950195 0.557617 0.001953 0.001953
2 0.989258 0.560547 0.013672 0.019531
2 0.943359 0.546875 0.003906 0.003906
2 0.878906 0.450195 0.011719 0.009766
2 0.913086 0.422852 0.001953 0.001953
2 0.909180 0.411133 0.001953 0.001953
2 0.141602 0.311523 0.001953 0.001953
2 0.079102 0.305664 0.001953 0.001953
2 0.954102 0.235352 0.001953 0.001953
2 0.747070 0.161133 0.001953 0.001953
2 0.746094 0.155273 0.003906 0.005859
2 0.896484 0.146484 0.003906 0.003906
2 0.833008 0.127930 0.001953 0.001953
2 0.850586 0.094727 0.001953 0.001953
2 0.914062 0.092773 0.003906 0.001953
2 0.851562 0.087891 0.003906 0.003906
2 0.530273 0.057617 0.001953 0.001953
2 0.894531 0.054688 0.003906 0.003906
2 0.639648 0.040039 0.001953 0.001953
2 0.602539 0.015625 0.001953 0.003906
2 0.591797 0.007812 0.011719 0.015625
2 0.500000 0.500000 1.000000 1.000000
3 0.273438 0.999023 0.007812 0.001953
3 0.266602 0.999023 0.001953 0.001953
3 0.960938 0.997070 0.003906 0.005859
3 0.964844 0.994141 0.003906 0.003906
3 0.296875 0.979492 0.007812 0.005859
3 0.932617 0.981445 0.017578 0.021484
3 0.884766 0.970703 0.003906 0.003906
3 0.594727 0.967773 0.001953 0.001953
3 0.589844 0.966797 0.003906 0.003906
3 0.922852 0.956055 0.001953 0.001953
3 0.886719 0.957031 0.003906 0.003906
3 0.745117 0.944336 0.001953 0.001953
3 0.913086 0.953125 0.017578 0.023438
3 0.439453 0.936523 0.011719 0.009766
3 0.770508 0.933594 0.005859 0.007812
3 0.405273 0.928711 0.001953 0.001953
3 0.738281 0.926758 0.007812 0.001953
3 0.510742 0.926758 0.001953 0.001953
3 0.967773 0.922852 0.001953 0.001953
3 0.936523 0.917969 0.009766 0.011719
3 0.967773 0.955078 0.064453 0.089844
3 0.957031 0.910156 0.003906 0.007812
3 0.645508 0.907227 0.009766 0.009766
3 0.957031 0.895508 0.003906 0.001953
3 0.879883 0.895508 0.001953 0.001953
3 0.657227 0.898438 0.021484 0.007812
3 0.666992 0.893555 0.001953 0.001953
3 0.868164 0.891602 0.001953 0.001953
3 0.437500 0.945312 0.312500 0.109375
3 0.151367 0.881836 0.001953 0.001953
3 0.077148 0.877930 0.001953 0.001953
3 0.870117 0.872070 0.001953 0.001953
3 0.716797 0.871094 0.003906 0.003906
3 0.731445 0.874023 0.021484 0.013672
3 0.644531 0.869141 0.011719 0.007812
3 0.411133 0.864258 0.001953 0.001953
3 0.728516 0.863281 0.003906 0.003906
3 0.059570 0.860352 0.001953 0.001953
3 0.087891 0.858398 0.031250 0.025391
3 0.769531 0.846680 0.003906 0.005859
3 0.051758 0.844727 0.001953 0.001953
3 0.348633 0.841797 0.009766 0.007812
3 0.026367 0.834961 0.001953 0.001953
3 0.111328 0.916992 0.222656 0.166016
3 0.340820 0.834961 0.001953 0.005859
3 0.004883 0.829102 0.001953 0.001953
3 0.374023 0.827148 0.001953 0.001953
3 0.331055 0.833008 0.009766 0.017578
3 0.108398 0.825195 0.005859 0.001953
3 0.027344 0.828125 0.011719 0.007812
3 0.376953 0.823242 0.003906 0.001953
3 0.364258 0.815430 0.001953 0.001953
3 0.139648 0.815430 0.001953 0.001953
3 0.122070 0.809570 0.001953 0.001953
3 0.387695 0.797852 0.001953 0.001953
3 0.081055 0.822266 0.044922 0.050781
3 0.009766 0.798828 0.003906 0.003906
3 0.624023 0.795898 0.001953 0.001953
3 0.370117 0.793945 0.001953 0.001953
3 0.055664 0.795898 0.005859 0.005859
3 0.050781 0.802734 0.011719 0.019531
3 0.362305 0.790039 0.001953 0.001953
3 0.350586 0.796875 0.037109 0.027344
3 0.737305 0.785156 0.005859 0.007812
3 0.076172 0.783203 0.007812 0.003906
3 0.008789 0.782227 0.001953 0.001953
3 0.001953 0.788086 0.003906 0.013672
3 0.633789 0.790039 0.013672 0.021484
3 0.986328 0.779297 0.003906 0.003906
3 0.987305 0.774414 0.001953 0.001953
3 0.071289 0.771484 0.005859 0.003906
3 0.616211 0.758789 0.001953 0.001953
3 0.841797 0.760742 0.011719 0.013672
3 0.922852 0.747070 0.001953 0.001953
3 0.994141 0.763672 0.011719 0.039062
3 0.840820 0.745117 0.001953 0.005859
3 0.328125 0.749023 0.007812 0.013672
3 0.991211 0.743164 0.001953 0.005859
3 0.331055 0.739258 0.001953 0.001953
3 0.227539 0.739258 0.001953 0.001953
3 0.218750 0.738281 0.003906 0.003906
3 0.012695 0.760742 0.025391 0.056641
3 0.940430 0.729492 0.001953 0.001953
3 0.946289 0.725586 0.001953 0.001953
3 0.858398 0.725586 0.001953 0.001953
3 0.184570 0.721680 0.001953 0.001953
3 0.152344 0.768555 0.101562 0.095703
3 0.195312 0.719727 0.011719 0.009766
3 0.300781 0.713867 0.007812 0.009766
3 0.853516 0.718750 0.015625 0.023438
3 0.691406 0.709961 0.003906 0.005859
3 0.285156 0.707031 0.003906 0.007812
3 0.282227 0.704102 0.001953 0.001953
3 0.671875 0.707031 0.007812 0.011719
3 0.921875 0.715820 0.050781 0.048828
3 0.907227 0.692383 0.001953 0.001953
3 0.270508 0.692383 0.001953 0.001953
3 0.839844 0.687500 0.003906 0.003906
3 0.656250 0.682617 0.011719 0.005859
3 0.254883 0.681641 0.005859 0.007812
3 0.646484 0.676758 0.003906 0.001953
3 0.192383 0.663086 0.001953 0.001953
3 0.603516 0.662109 0.003906 0.003906
3 0.585938 0.663086 0.003906 0.009766
3 0.900391 0.655273 0.003906 0.001953
3 0.909180 0.673828 0.048828 0.039062
3 0.600586 0.653320 0.001953 0.001953
3 0.623047 0.652344 0.003906 0.003906
3 0.321289 0.647461 0.001953 0.001953
3 0.314453 0.645508 0.003906 0.001953
3 0.320312 0.642578 0.003906 0.003906
3 0.305664 0.639648 0.001953 0.001953
3 0.649414 0.638672 0.001953 0.003906
3 0.642578 0.631836 0.007812 0.005859
3 0.613281 0.633789 0.007812 0.013672
3 0.663086 0.622070 0.001953 0.001953
3 0.549805 0.618164 0.001953 0.001953
3 0.549805 0.614258 0.001953 0.001953
3 0.954102 0.618164 0.013672 0.013672
3 0.237305 0.610352 0.001953 0.001953
3 0.533203 0.608398 0.003906 0.001953
3 0.309570 0.608398 0.001953 0.001953
3 0.506836 0.604492 0.001953 0.001953
3 0.308594 0.604492 0.003906 0.001953
3 0.954102 0.602539 0.001953 0.001953
3 0.309570 0.600586 0.001953 0.001953
3 0.806641 0.795898 0.296875 0.408203
3 0.773438 0.584961 0.003906 0.001953
3 0.387695 0.582031 0.009766 0.003906
3 0.589844 0.583984 0.007812 0.015625
3 0.651367 0.594727 0.017578 0.044922
3 0.629883 0.573242 0.001953 0.001953
3 0.310547 0.578125 0.007812 0.011719
3 0.799805 0.565430 0.001953 0.001953
3 0.778320 0.562500 0.001953 0.003906
3 0.637695 0.559570 0.001953 0.001953
3 0.794922 0.558594 0.007812 0.007812
3 0.708984 0.549805 0.015625 0.021484
3 0.504883 0.540039 0.001953 0.001953
3 0.530273 0.571289 0.044922 0.068359
3 0.836914 0.532227 0.001953 0.001953
3 0.624023 0.532227 0.001953 0.001953
3 0.524414 0.534180 0.005859 0.005859
3 0.519531 0.527344 0.003906 0.003906
3 0.760742 0.524414 0.001953 0.001953
3 0.627930 0.524414 0.001953 0.001953
3 0.758789 0.520508 0.001953 0.001953
3 0.836914 0.518555 0.001953 0.001953
3 0.355469 0.513672 0.015625 0.011719
3 0.493164 0.506836 0.001953 0.001953
3 0.491211 0.500977 0.001953 0.001953
3 0.483398 0.499023 0.001953 0.005859
3 0.713867 0.495117 0.001953 0.001953
3 0.590820 0.535156 0.095703 0.093750
3 0.670898 0.487305 0.001953 0.001953
3 0.681641 0.489258 0.019531 0.009766
3 0.480469 0.485352 0.007812 0.005859
3 0.729492 0.479492 0.001953 0.001953
3 0.726562 0.484375 0.015625 0.011719
3 0.658203 0.477539 0.003906 0.001953
3 0.672852 0.479492 0.021484 0.009766
3 0.675781 0.473633 0.003906 0.001953
3 0.661133 0.473633 0.001953 0.001953
3 0.500977 0.473633 0.001953 0.001953
3 0.731445 0.473633 0.005859 0.005859
3 0.645508 0.469727 0.001953 0.001953
3 0.856445 0.459961 0.001953 0.001953
3 0.442383 0.458008 0.005859 0.005859
3 0.791992 0.493164 0.099609 0.083984
3 0.780273 0.454102 0.001953 0.005859
3 0.485352 0.452148 0.001953 0.001953
3 0.425781 0.449219 0.003906 0.011719
3 0.273438 0.443359 0.003906 0.003906
3 0.768555 0.440430 0.001953 0.001953
3 0.460938 0.457031 0.015625 0.035156
3 0.774414 0.438477 0.001953 0.001953
3 0.778320 0.436523 0.001953 0.001953
3 0.768555 0.436523 0.001953 0.001953
3 0.488281 0.443359 0.019531 0.015625
3 0.618164 0.434570 0.001953 0.001953
3 0.456055 0.435547 0.001953 0.003906
3 0.452148 0.432617 0.001953 0.001953
3 0.840820 0.430664 0.001953 0.001953
3 0.839844 0.426758 0.003906 0.001953
3 0.599609 0.423828 0.011719 0.007812
3 0.227539 0.420898 0.001953 0.001953
3 0.616211 0.418945 0.001953 0.001953
3 0.561523 0.415039 0.001953 0.001953
3 0.557617 0.420898 0.009766 0.013672
3 0.442383 0.416016 0.005859 0.003906
3 0.244141 0.416992 0.011719 0.009766
3 0.557617 0.411133 0.001953 0.001953
3 0.580078 0.410156 0.003906 0.003906
3 0.760742 0.407227 0.001953 0.001953
3 0.566406 0.410156 0.011719 0.007812
3 0.927734 0.548828 0.144531 0.289062
3 0.464844 0.410156 0.015625 0.011719
3 0.441406 0.407227 0.003906 0.005859
3 0.580078 0.403320 0.003906 0.001953
3 0.563477 0.402344 0.005859 0.003906
3 0.999023 0.397461 0.001953 0.009766
3 0.581055 0.395508 0.013672 0.005859
3 0.567383 0.394531 0.005859 0.003906
3 0.209961 0.392578 0.005859 0.003906
3 0.737305 0.389648 0.001953 0.001953
3 0.730469 0.391602 0.007812 0.005859
3 0.999023 0.386719 0.001953 0.003906
3 0.736328 0.385742 0.003906 0.001953
3 0.545898 0.381836 0.001953 0.001953
3 0.516602 0.382812 0.005859 0.003906
3 0.521484 0.406250 0.058594 0.050781
3 0.569336 0.375977 0.001953 0.001953
3 0.528320 0.377930 0.009766 0.005859
3 0.147461 0.375977 0.001953 0.001953
3 0.730469 0.375000 0.007812 0.007812
3 0.997070 0.375977 0.005859 0.013672
3 0.538086 0.374023 0.005859 0.013672
3 0.713867 0.366211 0.005859 0.005859
3 0.579102 0.367188 0.009766 0.007812
3 0.161133 0.364258 0.001953 0.001953
3 0.114258 0.407227 0.130859 0.095703
3 0.809570 0.358398 0.001953 0.001953
3 0.846680 0.354492 0.001953 0.001953
3 0.588867 0.354492 0.001953 0.001953
3 0.992188 0.353516 0.003906 0.003906
3 0.071289 0.353516 0.001953 0.003906
3 0.979492 0.351562 0.017578 0.015625
3 0.981445 0.336914 0.001953 0.001953
3 0.973633 0.338867 0.009766 0.005859
3 0.827148 0.331055 0.001953 0.001953
3 0.596680 0.333984 0.005859 0.007812
3 0.975586 0.329102 0.001953 0.001953
3 0.838867 0.329102 0.001953 0.001953
3 0.833984 0.330078 0.003906 0.003906
3 0.971680 0.326172 0.001953 0.003906
3 0.800781 0.329102 0.023438 0.013672
3 0.604492 0.323242 0.001953 0.001953
3 0.966797 0.318359 0.003906 0.003906
3 0.719727 0.317383 0.001953 0.001953
3 0.602539 0.315430 0.001953 0.001953
3 0.730469 0.396484 0.273438 0.171875
3 0.998047 0.309570 0.003906 0.001953
3 0.983398 0.314453 0.025391 0.011719
3 0.741211 0.307617 0.013672 0.005859
3 0.330078 0.301758 0.003906 0.001953
3 0.803711 0.306641 0.021484 0.015625
3 0.751953 0.299805 0.003906 0.001953
3 0.729492 0.299805 0.001953 0.001953
3 0.241211 0.299805 0.001953 0.001953
3 0.165039 0.298828 0.005859 0.003906
3 0.257812 0.295898 0.003906 0.005859
3 0.137695 0.293945 0.001953 0.001953
3 0.352539 0.292969 0.009766 0.003906
3 0.080078 0.321289 0.160156 0.060547
3 0.145508 0.293945 0.001953 0.005859
3 0.244141 0.291016 0.007812 0.003906
3 0.236328 0.290039 0.003906 0.001953
3 0.877930 0.325195 0.076172 0.076172
3 0.868164 0.288086 0.001953 0.001953
3 0.734375 0.291016 0.011719 0.011719
3 0.282227 0.285156 0.001953 0.003906
3 0.275391 0.284180 0.007812 0.005859
3 0.958008 0.278320 0.001953 0.001953
3 0.891602 0.278320 0.005859 0.001953
3 0.760742 0.276367 0.001953 0.001953
3 0.990234 0.273438 0.007812 0.007812
3 0.219727 0.273438 0.025391 0.011719
3 0.957031 0.267578 0.003906 0.003906
3 0.879883 0.266602 0.001953 0.001953
3 0.952148 0.259766 0.009766 0.003906
3 0.393555 0.577148 0.455078 0.638672
3 0.998047 0.258789 0.003906 0.005859
3 0.959961 0.256836 0.001953 0.001953
3 0.886719 0.257812 0.003906 0.007812
3 0.885742 0.250977 0.001953 0.001953
3 0.876953 0.256836 0.011719 0.013672
3 0.415039 0.250977 0.025391 0.013672
3 0.844727 0.233398 0.001953 0.001953
3 0.398438 0.233398 0.003906 0.001953
3 0.395508 0.229492 0.001953 0.001953
3 0.233398 0.217773 0.001953 0.001953
3 0.895508 0.216797 0.001953 0.003906
3 0.219727 0.215820 0.001953 0.001953
3 0.888672 0.215820 0.003906 0.005859
3 0.745117 0.219727 0.009766 0.013672
3 0.893555 0.211914 0.001953 0.001953
3 0.223633 0.211914 0.009766 0.009766
3 0.870117 0.202148 0.001953 0.001953
3 0.291016 0.201172 0.003906 0.003906
3 0.742188 0.203125 0.011719 0.011719
3 0.244141 0.200195 0.003906 0.005859
3 0.840820 0.194336 0.001953 0.001953
3 0.250977 0.194336 0.001953 0.001953
3 0.291016 0.193359 0.007812 0.003906
3 0.234375 0.196289 0.007812 0.009766
3 0.221680 0.193359 0.001953 0.003906
3 0.245117 0.191406 0.001953 0.003906
3 0.864258 0.211914 0.044922 0.048828
3 0.899414 0.185547 0.005859 0.003906
3 0.969727 0.214844 0.060547 0.078125
3 0.745117 0.174805 0.001953 0.001953
3 0.741211 0.174805 0.001953 0.001953
3 0.824219 0.180664 0.011719 0.017578
3 0.749023 0.166992 0.001953 0.001953
3 0.928711 0.163086 0.001953 0.001953
3 0.826172 0.160156 0.003906 0.003906
3 0.858398 0.131836 0.001953 0.001953
3 0.967773 0.120117 0.001953 0.001953
3 0.815430 0.106445 0.001953 0.001953
3 0.653320 0.109375 0.009766 0.007812
3 0.607422 0.109375 0.015625 0.011719
3 0.598633 0.104492 0.001953 0.005859
3 0.809570 0.098633 0.001953 0.001953
3 0.734375 0.102539 0.015625 0.013672
3 0.575195 0.105469 0.017578 0.023438
3 0.573242 0.092773 0.001953 0.001953
3 0.570312 0.089844 0.003906 0.003906
3 0.808594 0.088867 0.011719 0.005859
3 0.588867 0.083984 0.005859 0.003906
3 0.918945 0.081055 0.001953 0.001953
3 0.670898 0.081055 0.001953 0.001953
3 0.684570 0.104492 0.033203 0.052734
3 0.365234 0.079102 0.015625 0.013672
3 0.660156 0.076172 0.015625 0.011719
3 0.391602 0.073242 0.005859 0.005859
3 0.159180 0.067383 0.001953 0.001953
3 0.159180 0.063477 0.001953 0.001953
3 0.916992 0.068359 0.017578 0.019531
3 0.164062 0.059570 0.003906 0.001953
3 0.555664 0.064453 0.013672 0.015625
3 0.391602 0.059570 0.005859 0.005859
3 0.494141 0.058594 0.007812 0.007812
3 0.651367 0.064453 0.009766 0.023438
3 0.383789 0.048828 0.041016 0.019531
3 0.471680 0.036133 0.001953 0.001953
3 0.408203 0.036133 0.007812 0.005859
3 0.848633 0.028320 0.001953 0.001953
3 0.437500 0.053711 0.074219 0.060547
3 0.454102 0.020508 0.001953 0.001953
3 0.368164 0.016602 0.001953 0.001953
3 0.852539 0.008789 0.001953 0.001953
3 0.458008 0.008789 0.001953 0.001953
3 0.123047 0.008789 0.003906 0.001953
3 0.465820 0.006836 0.001953 0.001953
3 0.864258 0.091797 0.271484 0.183594
3 0.776367 0.028320 0.150391 0.056641
3 0.693359 0.001953 0.003906 0.003906
3 0.565430 0.032227 0.181641 0.064453
3 0.416992 0.000977 0.001953 0.001953
3 0.402344 0.001953 0.003906 0.003906
3 0.312500 0.016602 0.074219 0.033203
3 0.154297 0.028320 0.054688 0.056641