1 0.299805 0.999023 0.001953 0.001953
1 0.295898 0.999023 0.001953 0.001953
1 0.259766 0.997070 0.007812 0.005859
0 0.678711 0.992188 0.005859 0.003906
1 0.931641 0.993164 0.011719 0.013672
1 0.746094 0.991211 0.007812 0.009766
1 0.733398 0.993164 0.017578 0.013672
0 0.176758 0.987305 0.009766 0.005859
1 0.871094 0.986328 0.015625 0.007812
1 0.549805 0.987305 0.025391 0.013672
1 0.017578 0.987305 0.015625 0.025391
1 0.947266 0.975586 0.007812 0.005859
1 0.209961 0.986328 0.041016 0.027344
1 0.759766 0.980469 0.027344 0.023438
1 0.256836 0.968750 0.001953 0.003906
1 0.464844 0.982422 0.136719 0.035156
1 0.099609 0.973633 0.023438 0.021484
1 0.187500 0.969727 0.019531 0.017578
1 0.573242 0.961914 0.005859 0.005859
0 0.161133 0.961914 0.005859 0.005859
1 0.246094 0.961914 0.011719 0.009766
1 0.931641 0.950195 0.003906 0.005859
1 0.581055 0.948242 0.001953 0.001953
1 0.152344 0.954102 0.011719 0.013672
1 0.791992 0.950195 0.005859 0.009766
1 0.603516 0.949219 0.003906 0.007812
1 0.960938 0.947266 0.003906 0.007812
1 0.171875 0.950195 0.023438 0.017578
1 0.684570 0.965820 0.099609 0.068359
1 0.548828 0.939453 0.015625 0.015625
1 0.485352 0.932617 0.001953 0.001953
1 0.500000 0.931641 0.003906 0.003906
1 0.262695 0.930664 0.001953 0.001953
0 0.487305 0.928711 0.001953 0.001953
0 0.481445 0.928711 0.001953 0.001953
1 0.294922 0.931641 0.019531 0.007812
1 0.984375 0.942383 0.031250 0.033203
1 0.400391 0.933594 0.011719 0.019531
1 0.937500 0.931641 0.015625 0.027344
1 0.791016 0.930664 0.019531 0.025391
1 0.589844 0.940430 0.015625 0.048828
1 0.584961 0.916992 0.001953 0.001953
1 0.184570 0.926758 0.037109 0.025391
1 0.080078 0.917969 0.011719 0.007812
1 0.027344 0.917969 0.007812 0.011719
1 0.648438 0.955078 0.140625 0.089844
1 0.912109 0.910156 0.011719 0.007812
1 0.957031 0.908203 0.011719 0.007812
1 0.309570 0.914062 0.021484 0.019531
1 0.916992 0.903320 0.001953 0.001953
1 0.020508 0.901367 0.009766 0.021484
1 0.002930 0.893555 0.005859 0.005859
1 0.957031 0.884766 0.007812 0.003906
1 0.918945 0.891602 0.017578 0.017578
1 0.081055 0.904297 0.052734 0.046875
1 0.608398 0.903320 0.017578 0.048828
1 0.332031 0.887695 0.027344 0.017578
1 0.052734 0.884766 0.007812 0.011719
1 0.958984 0.877930 0.007812 0.005859
1 0.950195 0.870117 0.001953 0.001953
1 0.734375 0.874023 0.015625 0.009766
1 0.350586 0.868164 0.001953 0.001953
1 0.097656 0.875000 0.011719 0.015625
1 0.715820 0.865234 0.001953 0.003906
1 0.871094 0.873047 0.070312 0.023438
1 0.989258 0.865234 0.009766 0.015625
1 0.121094 0.911133 0.066406 0.107422
1 0.970703 0.864258 0.007812 0.017578
1 0.183594 0.873047 0.050781 0.035156
1 0.368164 0.859375 0.025391 0.011719
1 0.090820 0.852539 0.001953 0.001953
1 0.111328 0.853516 0.007812 0.007812
1 0.047852 0.853516 0.009766 0.007812
1 0.484375 0.905273 0.144531 0.123047
1 0.191406 0.845703 0.007812 0.003906
1 0.591797 0.849609 0.007812 0.015625
1 0.490234 0.844727 0.003906 0.005859
1 0.825195 0.856445 0.060547 0.033203
1 0.679688 0.835938 0.007812 0.007812
1 0.555664 0.833008 0.001953 0.001953
1 0.245117 0.866211 0.076172 0.083984
1 0.031250 0.833984 0.023438 0.019531
1 0.656250 0.832031 0.023438 0.023438
0 0.319336 0.829102 0.021484 0.017578
1 0.147461 0.833008 0.021484 0.033203
1 0.958008 0.814453 0.001953 0.003906
1 0.916992 0.811523 0.001953 0.009766
1 0.951172 0.809570 0.007812 0.009766
1 0.460938 0.816406 0.023438 0.023438
1 0.228516 0.808594 0.007812 0.007812
1 0.543945 0.829102 0.076172 0.052734
1 0.453125 0.803711 0.007812 0.005859
1 0.355469 0.811523 0.027344 0.021484
1 0.630859 0.801758 0.011719 0.005859
1 0.108398 0.801758 0.017578 0.005859
1 0.044922 0.800781 0.011719 0.007812
1 0.331055 0.796875 0.005859 0.003906
1 0.966797 0.795898 0.019531 0.009766
1 0.938477 0.802734 0.025391 0.023438
1 0.333008 0.791992 0.001953 0.001953
1 0.150391 0.796875 0.007812 0.011719
1 0.682617 0.790039 0.005859 0.005859
1 0.145508 0.788086 0.001953 0.001953
1 0.092773 0.795898 0.041016 0.017578
1 0.335938 0.787109 0.003906 0.003906
1 0.971680 0.782227 0.001953 0.001953
1 0.143555 0.783203 0.005859 0.003906
0 0.017578 0.786133 0.015625 0.009766
1 0.988281 0.785156 0.023438 0.011719
1 0.770508 0.781250 0.005859 0.003906
1 0.588867 0.781250 0.009766 0.007812
1 0.128906 0.792969 0.015625 0.031250
1 0.622070 0.781250 0.009766 0.011719
1 0.771484 0.815430 0.039062 0.083984
1 0.580078 0.785156 0.019531 0.023438
1 0.650391 0.773438 0.011719 0.007812
1 0.877930 0.758789 0.001953 0.005859
0 0.030273 0.763672 0.013672 0.023438
1 0.889648 0.795898 0.220703 0.091797
1 0.565430 0.753906 0.005859 0.011719
1 0.727539 0.743164 0.001953 0.001953
1 0.302734 0.746094 0.007812 0.007812
1 0.546875 0.753906 0.023438 0.027344
0 0.999023 0.739258 0.001953 0.001953
1 0.851562 0.745117 0.011719 0.013672
1 0.865234 0.751953 0.031250 0.031250
1 0.733398 0.737305 0.009766 0.005859
1 0.435547 0.734375 0.007812 0.003906
1 0.518555 0.747070 0.029297 0.033203
1 0.344727 0.750977 0.021484 0.041016
1 0.527344 0.734375 0.015625 0.015625
1 0.369141 0.729492 0.007812 0.005859
1 0.793945 0.739258 0.029297 0.029297
1 0.412109 0.726562 0.011719 0.007812
1 0.178711 0.729492 0.009766 0.013672
1 0.956055 0.731445 0.044922 0.033203
1 0.471680 0.716797 0.005859 0.003906
1 0.465820 0.715820 0.001953 0.001953
1 0.988281 0.719727 0.007812 0.013672
1 0.427734 0.717773 0.011719 0.013672
1 0.569336 0.720703 0.021484 0.027344
0 0.327148 0.708984 0.005859 0.003906
1 0.347656 0.711914 0.015625 0.013672
1 0.965820 0.705078 0.017578 0.003906
1 0.400391 0.706055 0.007812 0.009766
1 0.488281 0.701172 0.003906 0.003906
1 0.119141 0.706055 0.027344 0.017578
1 0.155273 0.696289 0.001953 0.001953
1 0.375000 0.703125 0.011719 0.023438
1 0.194336 0.694336 0.005859 0.005859
1 0.201172 0.689453 0.003906 0.003906
1 0.313477 0.698242 0.091797 0.025391
1 0.226562 0.688477 0.003906 0.005859
1 0.342773 0.684570 0.001953 0.001953
1 0.663086 0.688477 0.009766 0.013672
1 0.348633 0.680664 0.001953 0.001953
1 0.422852 0.682617 0.013672 0.009766
1 0.367188 0.678711 0.003906 0.001953
1 0.311523 0.682617 0.005859 0.009766
1 0.559570 0.681641 0.017578 0.011719
1 0.471680 0.678711 0.005859 0.009766
1 0.141602 0.682617 0.064453 0.021484
1 0.498047 0.694336 0.035156 0.048828
1 0.767578 0.672852 0.011719 0.009766
1 0.497070 0.668945 0.001953 0.001953
1 0.368164 0.670898 0.033203 0.017578
1 0.245117 0.679688 0.033203 0.035156
1 0.973633 0.674805 0.052734 0.029297
0 0.817383 0.664062 0.009766 0.007812
1 0.345703 0.664062 0.015625 0.007812
1 0.836914 0.694336 0.052734 0.072266
1 0.044922 0.661133 0.007812 0.005859
1 0.291016 0.666016 0.023438 0.019531
1 0.958984 0.653320 0.003906 0.001953
1 0.296875 0.655273 0.011719 0.009766
1 0.847656 0.653320 0.007812 0.013672
1 0.235352 0.663086 0.052734 0.041016
1 0.980469 0.650391 0.019531 0.019531
1 0.756836 0.640625 0.001953 0.003906
1 0.621094 0.640625 0.007812 0.003906
1 0.951172 0.645508 0.023438 0.017578
1 0.315430 0.645508 0.009766 0.021484
1 0.298828 0.637695 0.007812 0.005859
1 0.550781 0.629883 0.019531 0.009766
1 0.964844 0.628906 0.007812 0.011719
1 0.614258 0.626953 0.013672 0.007812
1 0.295898 0.625977 0.009766 0.005859
1 0.225586 0.620117 0.001953 0.001953
1 0.221680 0.620117 0.001953 0.001953
1 0.276367 0.619141 0.009766 0.011719
1 0.588867 0.652344 0.033203 0.082031
1 0.044922 0.631836 0.066406 0.041016
1 0.414062 0.606445 0.003906 0.005859
1 0.237305 0.620117 0.095703 0.033203
1 0.186523 0.602539 0.001953 0.001953
1 0.899414 0.616211 0.048828 0.033203
0 0.981445 0.603516 0.009766 0.015625
1 0.094727 0.605469 0.029297 0.019531
1 0.662109 0.615234 0.039062 0.050781
0 0.904297 0.589844 0.003906 0.003906
1 0.205078 0.590820 0.007812 0.005859
1 0.146484 0.595703 0.019531 0.015625
1 0.563477 0.586914 0.001953 0.001953
0 0.629883 0.584961 0.001953 0.001953
1 0.500977 0.625977 0.130859 0.087891
1 0.420898 0.579102 0.001953 0.001953
1 0.405273 0.599609 0.025391 0.046875
1 0.413086 0.573242 0.001953 0.001953
1 0.403320 0.573242 0.001953 0.001953
1 0.366211 0.574219 0.001953 0.003906
1 0.531250 0.569336 0.007812 0.005859
0 0.617188 0.566406 0.007812 0.003906
1 0.488281 0.573242 0.027344 0.017578
1 0.260742 0.566406 0.001953 0.003906
1 0.424805 0.567383 0.017578 0.013672
1 0.775391 0.559570 0.003906 0.005859
1 0.506836 0.559570 0.005859 0.005859
1 0.500977 0.557617 0.001953 0.001953
1 0.072266 0.558594 0.007812 0.003906
1 0.164062 0.558594 0.007812 0.011719
1 0.294922 0.555664 0.011719 0.009766
1 0.684570 0.550781 0.009766 0.003906
1 0.574219 0.577148 0.093750 0.056641
1 0.402344 0.557617 0.019531 0.017578
1 0.357422 0.566406 0.019531 0.035156
1 0.707031 0.550781 0.007812 0.007812
1 0.605469 0.549805 0.027344 0.017578
1 0.165039 0.542969 0.009766 0.007812
0 0.530273 0.538086 0.001953 0.001953
1 0.089844 0.546875 0.035156 0.019531
1 0.020508 0.541992 0.017578 0.013672
1 0.745117 0.534180 0.001953 0.001953
1 0.670898 0.538086 0.025391 0.009766
1 0.481445 0.540039 0.013672 0.013672
1 0.822266 0.534180 0.011719 0.005859
1 0.892578 0.547852 0.019531 0.037109
1 0.358398 0.538086 0.029297 0.017578
1 0.755859 0.551758 0.023438 0.076172
1 0.273438 0.514648 0.003906 0.001953
1 0.425781 0.519531 0.019531 0.015625
1 0.339844 0.513672 0.003906 0.003906
1 0.213867 0.514648 0.005859 0.009766
1 0.740234 0.512695 0.007812 0.009766
1 0.521484 0.507812 0.011719 0.007812
1 0.091797 0.505859 0.011719 0.007812
1 0.802734 0.508789 0.054688 0.021484
1 0.194336 0.495117 0.001953 0.001953
1 0.964844 0.490234 0.007812 0.007812
0 0.071289 0.488281 0.005859 0.003906
1 0.783203 0.490234 0.011719 0.015625
1 0.640625 0.535156 0.035156 0.105469
1 0.475586 0.506836 0.076172 0.048828
1 0.200195 0.487305 0.009766 0.017578
0 0.193359 0.481445 0.003906 0.005859
1 0.261719 0.479492 0.003906 0.005859
1 0.171875 0.474609 0.007812 0.015625
1 0.029297 0.499023 0.058594 0.064453
1 0.894531 0.463867 0.011719 0.009766
1 0.707031 0.468750 0.011719 0.019531
0 0.178711 0.461914 0.001953 0.005859
1 0.145508 0.479492 0.033203 0.041016
1 0.771484 0.463867 0.019531 0.013672
1 0.602539 0.474609 0.083984 0.042969
1 0.592773 0.458008 0.013672 0.013672
0 0.741211 0.453125 0.021484 0.007812
1 0.483398 0.466797 0.029297 0.035156
1 0.565430 0.451172 0.013672 0.011719
1 0.704102 0.442383 0.001953 0.001953
1 0.668945 0.452148 0.048828 0.021484
1 0.409180 0.426758 0.001953 0.001953
1 0.405273 0.424805 0.001953 0.001953
1 0.050781 0.429688 0.007812 0.011719
1 0.772461 0.430664 0.017578 0.017578
1 0.363281 0.450195 0.214844 0.056641
1 0.481445 0.422852 0.056641 0.013672
0 0.317383 0.418945 0.005859 0.005859
1 0.850586 0.416016 0.005859 0.003906
1 0.531250 0.462891 0.035156 0.097656
1 0.829102 0.419922 0.017578 0.015625
1 0.624023 0.419922 0.017578 0.015625
0 0.272461 0.411133 0.001953 0.001953
1 0.111328 0.422852 0.011719 0.025391
1 0.864258 0.409180 0.001953 0.001953
1 0.756836 0.409180 0.025391 0.009766
1 0.819336 0.403320 0.001953 0.001953
0 0.090820 0.401367 0.001953 0.001953
1 0.898438 0.405273 0.027344 0.021484
1 0.465820 0.398438 0.013672 0.007812
1 0.625000 0.396484 0.011719 0.007812
1 0.595703 0.400391 0.015625 0.015625
0 0.070312 0.392578 0.011719 0.007812
1 0.237305 0.390625 0.005859 0.007812
1 0.211914 0.386719 0.005859 0.003906
0 0.921875 0.384766 0.003906 0.003906
1 0.806641 0.394531 0.027344 0.023438
1 0.913086 0.383789 0.009766 0.009766
1 0.476562 0.385742 0.027344 0.013672
1 0.430664 0.381836 0.005859 0.005859
1 0.256836 0.388672 0.021484 0.019531
1 0.835938 0.383789 0.011719 0.025391
0 0.093750 0.373047 0.003906 0.003906
1 0.518555 0.385742 0.013672 0.033203
1 0.278320 0.374023 0.017578 0.009766
1 0.498047 0.370117 0.015625 0.009766
1 0.019531 0.368164 0.007812 0.005859
1 0.637695 0.358398 0.001953 0.001953
1 0.554688 0.396484 0.054688 0.078125
1 0.698242 0.369141 0.044922 0.031250
1 0.934570 0.410156 0.130859 0.121094
1 0.394531 0.389648 0.136719 0.080078
1 0.202148 0.351562 0.009766 0.015625
1 0.440430 0.349609 0.021484 0.015625
1 0.818359 0.337891 0.003906 0.003906
1 0.113281 0.343750 0.023438 0.015625
1 0.661133 0.339844 0.021484 0.011719
1 0.594727 0.339844 0.013672 0.011719
0 0.734375 0.337891 0.007812 0.011719
1 0.237305 0.335938 0.009766 0.007812
1 0.824219 0.331055 0.003906 0.001953
1 0.802734 0.333008 0.007812 0.005859
1 0.590820 0.331055 0.001953 0.001953
1 0.356445 0.334961 0.005859 0.009766
0 0.315430 0.331055 0.013672 0.013672
1 0.059570 0.325195 0.001953 0.001953
1 0.543945 0.337891 0.037109 0.031250
1 0.675781 0.322266 0.007812 0.003906
1 0.334961 0.321289 0.001953 0.001953
1 0.339844 0.319336 0.003906 0.001953
1 0.155273 0.323242 0.009766 0.009766
1 0.058594 0.319336 0.003906 0.001953
0 0.702148 0.323242 0.017578 0.013672
1 0.077148 0.336914 0.025391 0.041016
1 0.026367 0.329102 0.052734 0.025391
0 0.006836 0.311523 0.001953 0.001953
1 0.010742 0.303711 0.001953 0.001953
0 0.825195 0.302734 0.005859 0.007812
0 0.819336 0.295898 0.001953 0.001953
1 0.295898 0.333008 0.033203 0.083984
0 0.819336 0.284180 0.001953 0.001953
1 0.697266 0.285156 0.003906 0.003906
1 0.095703 0.284180 0.003906 0.001953
1 0.583008 0.287109 0.025391 0.011719
1 0.118164 0.287109 0.013672 0.011719
1 0.016602 0.291016 0.033203 0.019531
1 0.617188 0.295898 0.035156 0.033203
1 0.512695 0.307617 0.037109 0.060547
1 0.776367 0.278320 0.009766 0.013672
1 0.128906 0.278320 0.007812 0.013672
1 0.076172 0.278320 0.015625 0.013672
1 0.501953 0.284180 0.031250 0.033203
1 0.283203 0.278320 0.011719 0.025391
1 0.560547 0.263672 0.003906 0.003906
0 0.282227 0.261719 0.005859 0.003906
1 0.987305 0.277344 0.025391 0.039062
1 0.947266 0.262695 0.011719 0.009766
0 0.823242 0.258789 0.001953 0.001953
1 0.302734 0.262695 0.007812 0.009766
0 0.438477 0.256836 0.001953 0.001953
1 0.721680 0.256836 0.025391 0.013672
1 0.991211 0.249023 0.001953 0.001953
1 0.227539 0.251953 0.009766 0.007812
1 0.989258 0.245117 0.001953 0.001953
1 0.260742 0.248047 0.005859 0.007812
1 0.985352 0.244141 0.001953 0.003906
1 0.859375 0.286133 0.070312 0.087891
1 0.292969 0.246094 0.007812 0.015625
0 0.263672 0.240234 0.003906 0.003906
1 0.394531 0.254883 0.031250 0.037109
1 0.965820 0.248047 0.021484 0.027344
1 0.480469 0.235352 0.007812 0.005859
1 0.139648 0.240234 0.009766 0.015625
1 0.168945 0.248047 0.021484 0.035156
1 0.375000 0.232422 0.007812 0.007812
1 0.797852 0.237305 0.013672 0.021484
1 0.641602 0.227539 0.001953 0.001953
1 0.574219 0.230469 0.003906 0.007812
0 0.243164 0.225586 0.001953 0.001953
1 0.881836 0.223633 0.001953 0.001953
1 0.629883 0.223633 0.005859 0.005859
0 0.802734 0.209961 0.007812 0.005859
1 0.935547 0.298828 0.066406 0.187500
0 0.860352 0.203125 0.005859 0.003906
1 0.094727 0.209961 0.009766 0.017578
0 0.836914 0.204102 0.009766 0.009766
1 0.125000 0.201172 0.003906 0.003906
1 0.066406 0.206055 0.023438 0.013672
1 0.812500 0.203125 0.007812 0.011719
1 0.212891 0.199219 0.003906 0.003906
1 0.647461 0.194336 0.009766 0.009766
1 0.006836 0.188477 0.001953 0.001953
1 0.146484 0.189453 0.007812 0.007812
1 0.802734 0.187500 0.003906 0.019531
1 0.166992 0.178711 0.001953 0.001953
1 0.108398 0.182617 0.009766 0.013672
0 0.003906 0.173828 0.003906 0.003906
1 0.078125 0.178711 0.023438 0.017578
1 0.650391 0.174805 0.023438 0.017578
1 0.690430 0.165039 0.001953 0.001953
1 0.776367 0.209961 0.033203 0.099609
0 0.688477 0.161133 0.001953 0.001953
1 0.937500 0.166016 0.015625 0.015625
1 0.644531 0.164062 0.015625 0.011719
1 0.139648 0.157227 0.001953 0.001953
1 0.059570 0.164062 0.009766 0.015625
1 0.334961 0.149414 0.005859 0.005859
1 0.949219 0.144531 0.007812 0.003906
1 0.916992 0.149414 0.009766 0.013672
1 0.307617 0.155273 0.041016 0.025391
1 0.162109 0.159180 0.039062 0.033203
1 0.935547 0.145508 0.027344 0.021484
1 0.476562 0.157227 0.156250 0.044922
0 0.708984 0.126953 0.003906 0.003906
1 0.658203 0.128906 0.007812 0.007812
1 0.143555 0.127930 0.013672 0.005859
1 0.508789 0.123047 0.013672 0.007812
1 0.997070 0.116211 0.005859 0.009766
1 0.971680 0.112305 0.001953 0.001953
0 0.051758 0.115234 0.005859 0.007812
1 0.972656 0.158203 0.054688 0.097656
1 0.192383 0.109375 0.005859 0.007812
0 0.379883 0.115234 0.009766 0.027344
1 0.962891 0.113281 0.027344 0.039062
0 0.560547 0.095703 0.019531 0.011719
1 0.601562 0.151367 0.015625 0.134766
1 0.227539 0.079102 0.001953 0.001953
1 0.426758 0.103516 0.041016 0.054688
1 0.669922 0.147461 0.054688 0.146484
1 0.666992 0.091797 0.025391 0.035156
1 0.339844 0.101562 0.074219 0.082031
1 0.725586 0.060547 0.013672 0.011719
1 0.393555 0.066406 0.017578 0.023438
1 0.172852 0.060547 0.017578 0.019531
1 0.026367 0.053711 0.013672 0.009766
1 0.290039 0.049805 0.005859 0.005859
0 0.678711 0.046875 0.009766 0.003906
1 0.219727 0.045898 0.001953 0.001953
1 0.458008 0.044922 0.013672 0.011719
1 0.861328 0.039062 0.011719 0.015625
1 0.254883 0.032227 0.001953 0.001953
1 0.839844 0.038086 0.019531 0.017578
1 0.623047 0.039062 0.007812 0.023438
1 0.813477 0.035156 0.021484 0.023438
1 0.957031 0.025391 0.007812 0.007812
0 0.253906 0.015625 0.007812 0.007812
1 0.608398 0.013672 0.009766 0.007812
1 0.288086 0.024414 0.017578 0.029297
1 0.158203 0.024414 0.035156 0.033203
1 0.111328 0.010742 0.011719 0.005859
0 0.415039 0.007812 0.001953 0.003906
1 0.942383 0.020508 0.013672 0.033203
1 0.386719 0.025391 0.011719 0.042969
1 0.757812 0.085938 0.089844 0.171875
1 0.686523 0.005859 0.017578 0.011719
0 0.608398 0.001953 0.001953 0.003906
1 0.490234 0.002930 0.011719 0.005859
1 0.354492 0.004883 0.009766 0.009766
1 0.191406 0.027344 0.019531 0.054688
1 0.024414 0.002930 0.021484 0.005859
3 0.734375 0.995117 0.003906 0.001953
3 0.920898 0.441406 0.013672 0.007812
3 0.981445 0.156250 0.013672 0.015625
2 0.998047 0.157227 0.003906 0.025391
3 0.500000 0.500000 1.000000 1.000000