0 0.083008 0.991211 0.001953 0.005859
0 0.086914 0.985352 0.001953 0.001953
0 0.081055 0.986328 0.005859 0.003906
0 0.850586 0.983398 0.001953 0.001953
0 0.178711 0.983398 0.005859 0.001953
0 0.034180 0.979492 0.001953 0.001953
0 0.854492 0.977539 0.001953 0.001953
0 0.081055 0.976562 0.009766 0.003906
0 0.027344 0.976562 0.003906 0.003906
0 0.036133 0.975586 0.005859 0.005859
0 0.028320 0.971680 0.001953 0.001953
0 0.018555 0.965820 0.001953 0.001953
0 0.340820 0.961914 0.001953 0.001953
0 0.024414 0.962891 0.001953 0.003906
0 0.350586 0.959961 0.005859 0.001953
0 0.016602 0.959961 0.001953 0.001953
0 0.356445 0.958008 0.001953 0.001953
0 0.343750 0.958008 0.003906 0.001953
0 0.020508 0.958984 0.001953 0.003906
0 0.033203 0.958984 0.011719 0.007812
0 0.249023 0.968750 0.029297 0.039062
0 0.321289 0.926758 0.001953 0.001953
0 0.319336 0.917969 0.005859 0.007812
0 0.009766 0.914062 0.003906 0.003906
0 0.003906 0.911133 0.007812 0.005859
0 0.974609 0.907227 0.011719 0.013672
0 0.048828 0.901367 0.003906 0.001953
0 0.216797 0.894531 0.003906 0.003906
0 0.525391 0.872070 0.007812 0.009766
0 0.581055 0.866211 0.001953 0.001953
0 0.530273 0.864258 0.001953 0.001953
0 0.116211 0.847656 0.001953 0.003906
0 0.134766 0.839844 0.007812 0.015625
0 0.115234 0.832031 0.003906 0.003906
0 0.470703 0.833984 0.031250 0.035156
0 0.160156 0.819336 0.007812 0.009766
0 0.690430 0.795898 0.001953 0.001953
0 0.688477 0.762695 0.001953 0.001953
0 0.520508 0.777344 0.041016 0.042969
0 0.840820 0.750977 0.001953 0.001953
0 0.047852 0.747070 0.001953 0.001953
0 0.072266 0.744141 0.003906 0.003906
0 0.188477 0.762695 0.052734 0.044922
0 0.204102 0.735352 0.001953 0.001953
0 0.211914 0.725586 0.001953 0.001953
1 0.024414 0.725586 0.001953 0.001953
0 0.352539 0.720703 0.009766 0.007812
0 0.539062 0.733398 0.015625 0.041016
0 0.063477 0.731445 0.029297 0.037109
0 0.887695 0.709961 0.001953 0.001953
1 0.263672 0.711914 0.011719 0.005859
1 0.243164 0.711914 0.009766 0.005859
0 0.154297 0.711914 0.011719 0.009766
1 0.125000 0.713867 0.019531 0.013672
1 0.001953 0.705078 0.003906 0.003906
0 0.116211 0.701172 0.009766 0.003906
0 0.400391 0.678711 0.003906 0.001953
0 0.334961 0.678711 0.001953 0.001953
1 0.215820 0.678711 0.001953 0.001953
0 0.427734 0.691406 0.046875 0.031250
0 0.380859 0.677734 0.023438 0.011719
0 0.355469 0.673828 0.003906 0.003906
0 0.327148 0.670898 0.001953 0.001953
0 0.334961 0.667969 0.001953 0.003906
1 0.214844 0.697266 0.054688 0.062500
0 0.241211 0.665039 0.001953 0.001953
0 0.048828 0.659180 0.007812 0.001953
0 0.342773 0.657227 0.001953 0.001953
0 0.336914 0.657227 0.005859 0.005859
0 0.823242 0.653320 0.001953 0.001953
0 0.292969 0.657227 0.011719 0.009766
0 0.086914 0.647461 0.001953 0.001953
0 0.081055 0.647461 0.001953 0.001953
0 0.330078 0.644531 0.003906 0.003906
0 0.315430 0.643555 0.001953 0.001953
1 0.305664 0.643555 0.009766 0.005859
1 0.317383 0.631836 0.001953 0.001953
1 0.203125 0.648438 0.035156 0.039062
1 0.331055 0.627930 0.001953 0.001953
1 0.326172 0.633789 0.011719 0.013672
1 0.331055 0.624023 0.001953 0.001953
0 0.948242 0.612305 0.001953 0.001953
0 0.047852 0.610352 0.001953 0.001953
0 0.924805 0.606445 0.001953 0.001953
0 0.060547 0.628906 0.058594 0.050781
1 0.694336 0.590820 0.001953 0.001953
1 0.689453 0.595703 0.007812 0.011719
0 0.333008 0.588867 0.001953 0.001953
1 0.692383 0.586914 0.001953 0.001953
0 0.434570 0.600586 0.017578 0.037109
0 0.690430 0.582031 0.005859 0.003906
0 0.143555 0.581055 0.001953 0.001953
0 0.161133 0.601562 0.041016 0.050781
0 0.632812 0.585938 0.015625 0.027344
0 0.694336 0.569336 0.001953 0.001953
0 0.706055 0.576172 0.021484 0.023438
0 0.909180 0.571289 0.013672 0.017578
0 0.672852 0.567383 0.013672 0.013672
0 0.103516 0.580078 0.019531 0.039062
0 0.695312 0.559570 0.003906 0.005859
0 0.690430 0.557617 0.001953 0.001953
0 0.418945 0.566406 0.013672 0.019531
0 0.604492 0.556641 0.005859 0.007812
0 0.838867 0.555664 0.009766 0.009766
0 0.747070 0.551758 0.001953 0.001953
0 0.891602 0.550781 0.001953 0.003906
0 0.706055 0.547852 0.001953 0.001953
0 0.692383 0.548828 0.005859 0.007812
0 0.544922 0.559570 0.035156 0.033203
0 0.723633 0.520508 0.001953 0.001953
0 0.737305 0.497070 0.001953 0.001953
0 0.685547 0.499023 0.007812 0.009766
1 0.295898 0.493164 0.001953 0.001953
1 0.295898 0.487305 0.001953 0.001953
0 0.321289 0.483398 0.001953 0.001953
0 0.875000 0.478516 0.003906 0.007812
0 0.769531 0.477539 0.011719 0.013672
0 0.834961 0.458008 0.009766 0.009766
0 0.788086 0.416992 0.001953 0.001953
0 0.793945 0.416016 0.001953 0.003906
0 0.788086 0.412109 0.001953 0.003906
0 0.788086 0.401367 0.001953 0.001953
0 0.308594 0.469727 0.156250 0.138672
0 0.559570 0.397461 0.025391 0.017578
0 0.122070 0.389648 0.001953 0.001953
0 0.606445 0.383789 0.001953 0.001953
0 0.506836 0.383789 0.001953 0.001953
0 0.600586 0.383789 0.005859 0.005859
0 0.682617 0.379883 0.001953 0.001953
0 0.661133 0.377930 0.001953 0.001953
0 0.649414 0.376953 0.005859 0.003906
0 0.670898 0.377930 0.009766 0.009766
1 0.160156 0.375000 0.003906 0.003906
0 0.901367 0.379883 0.037109 0.017578
1 0.485352 0.381836 0.025391 0.029297
1 0.160156 0.367188 0.003906 0.007812
0 0.943359 0.378906 0.039062 0.035156
1 0.653320 0.360352 0.001953 0.001953
1 0.168945 0.362305 0.009766 0.005859
1 0.133789 0.375000 0.056641 0.031250
1 0.071289 0.356445 0.001953 0.001953
0 0.741211 0.354492 0.001953 0.001953
1 0.659180 0.354492 0.001953 0.001953
0 0.676758 0.356445 0.005859 0.009766
1 0.097656 0.352539 0.015625 0.009766
0 0.583984 0.346680 0.003906 0.001953
0 0.591797 0.345703 0.003906 0.003906
1 0.799805 0.343750 0.001953 0.003906
1 0.822266 0.341797 0.003906 0.003906
1 0.577148 0.343750 0.005859 0.007812
1 0.559570 0.338867 0.001953 0.001953
0 0.986328 0.346680 0.027344 0.021484
1 0.602539 0.336914 0.001953 0.001953
1 0.808594 0.335938 0.003906 0.003906
1 0.592773 0.334961 0.001953 0.001953
0 0.752930 0.325195 0.001953 0.001953
1 0.585938 0.329102 0.011719 0.009766
0 0.285156 0.325195 0.011719 0.013672
0 0.751953 0.317383 0.003906 0.001953
0 0.838867 0.337891 0.052734 0.050781
0 0.506836 0.313477 0.001953 0.001953
0 0.499023 0.316406 0.009766 0.007812
0 0.274414 0.311523 0.001953 0.001953
0 0.812500 0.309570 0.003906 0.001953
0 0.795898 0.314453 0.009766 0.011719
0 0.503906 0.309570 0.003906 0.001953
0 0.288086 0.309570 0.001953 0.001953
0 0.283203 0.309570 0.003906 0.001953
0 0.493164 0.300781 0.001953 0.003906
0 0.516602 0.297852 0.001953 0.001953
1 0.549805 0.296875 0.001953 0.003906
0 0.070312 0.293945 0.003906 0.001953
1 0.046875 0.293945 0.011719 0.009766
0 0.525391 0.308594 0.039062 0.042969
0 0.086914 0.288086 0.001953 0.001953
0 0.084961 0.284180 0.001953 0.001953
0 0.069336 0.287109 0.005859 0.007812
1 0.017578 0.288086 0.031250 0.021484
0 0.745117 0.272461 0.005859 0.001953
1 0.763672 0.279297 0.027344 0.019531
0 0.155273 0.275391 0.009766 0.011719
0 0.779297 0.272461 0.007812 0.009766
0 0.188477 0.263672 0.005859 0.007812
1 0.572266 0.251953 0.007812 0.007812
1 0.307617 0.249023 0.001953 0.001953
1 0.573242 0.245117 0.001953 0.001953
0 0.162109 0.253906 0.035156 0.035156
1 0.274414 0.235352 0.001953 0.001953
1 0.063477 0.235352 0.001953 0.001953
1 0.005859 0.236328 0.003906 0.003906
1 0.315430 0.231445 0.001953 0.001953
1 0.286133 0.229492 0.001953 0.001953
0 0.133789 0.229492 0.001953 0.001953
1 0.313477 0.227539 0.001953 0.001953
1 0.561523 0.233398 0.021484 0.017578
1 0.048828 0.233398 0.015625 0.017578
1 0.352539 0.221680 0.001953 0.001953
1 0.041992 0.223633 0.001953 0.005859
1 0.348633 0.219727 0.001953 0.001953
0 0.999023 0.217773 0.001953 0.001953
0 0.731445 0.217773 0.001953 0.001953
1 0.331055 0.225586 0.029297 0.017578
0 0.141602 0.217773 0.001953 0.001953
1 0.299805 0.227539 0.021484 0.025391
1 0.050781 0.218750 0.019531 0.007812
0 0.451172 0.214844 0.003906 0.003906
0 0.446289 0.213867 0.001953 0.001953
0 0.381836 0.219727 0.017578 0.013672
1 0.202148 0.211914 0.005859 0.005859
0 0.450195 0.208008 0.001953 0.001953
0 0.657227 0.205078 0.001953 0.003906
1 0.754883 0.200195 0.005859 0.005859
0 0.081055 0.198242 0.001953 0.001953
1 0.200195 0.197266 0.001953 0.003906
0 0.136719 0.205078 0.015625 0.019531
0 0.599609 0.196289 0.003906 0.005859
1 0.194336 0.194336 0.001953 0.001953
1 0.767578 0.190430 0.003906 0.001953
1 0.181641 0.196289 0.015625 0.013672
1 0.193359 0.189453 0.003906 0.003906
0 0.103516 0.189453 0.003906 0.003906
0 0.860352 0.184570 0.001953 0.001953
0 0.360352 0.192383 0.013672 0.017578
0 0.406250 0.186523 0.011719 0.013672
0 0.581055 0.187500 0.021484 0.019531
1 0.021484 0.182617 0.027344 0.009766
1 0.323242 0.174805 0.001953 0.001953
1 0.309570 0.173828 0.001953 0.003906
1 0.066406 0.171875 0.007812 0.007812
1 0.249023 0.166992 0.005859 0.005859
1 0.232422 0.170898 0.023438 0.013672
0 0.045898 0.165039 0.001953 0.001953
1 0.068359 0.164062 0.003906 0.003906
0 0.563477 0.162109 0.005859 0.003906
0 0.385742 0.159180 0.001953 0.001953
1 0.196289 0.158203 0.001953 0.003906
1 0.200195 0.155273 0.001953 0.001953
0 0.627930 0.173828 0.056641 0.058594
0 0.589844 0.145508 0.003906 0.001953
1 0.547852 0.139648 0.001953 0.001953
0 0.543945 0.140625 0.001953 0.003906
0 0.391602 0.139648 0.001953 0.001953
0 0.833984 0.145508 0.019531 0.017578
0 0.088867 0.138672 0.001953 0.003906
0 0.838867 0.135742 0.001953 0.001953
0 0.659180 0.135742 0.001953 0.001953
0 0.639648 0.135742 0.001953 0.001953
0 0.643555 0.134766 0.001953 0.003906
0 0.886719 0.133789 0.003906 0.005859
0 0.349609 0.130859 0.003906 0.003906
0 0.779297 0.562500 0.308594 0.875000
0 0.043945 0.125977 0.001953 0.001953
1 0.563477 0.124023 0.001953 0.001953
1 0.573242 0.142578 0.037109 0.039062
1 0.241211 0.122070 0.001953 0.001953
0 0.137695 0.122070 0.001953 0.001953
0 0.374023 0.128906 0.025391 0.019531
1 0.247070 0.119141 0.005859 0.003906
0 0.832031 0.120117 0.015625 0.009766
0 0.379883 0.116211 0.001953 0.001953
0 0.303711 0.114258 0.001953 0.001953
1 0.276367 0.114258 0.001953 0.001953
1 0.204102 0.112305 0.001953 0.001953
0 0.022461 0.126953 0.044922 0.031250
1 0.125977 0.112305 0.013672 0.009766
0 0.034180 0.104492 0.001953 0.001953
0 0.934570 0.108398 0.013672 0.013672
0 0.622070 0.102539 0.001953 0.001953
1 0.653320 0.117188 0.029297 0.035156
0 0.243164 0.136719 0.205078 0.074219
1 0.115234 0.103516 0.003906 0.007812
0 0.941406 0.100586 0.003906 0.005859
1 0.196289 0.096680 0.001953 0.001953
0 0.983398 0.096680 0.001953 0.005859
0 0.617188 0.095703 0.003906 0.003906
0 0.594727 0.110352 0.044922 0.033203
0 0.979492 0.093750 0.001953 0.003906
0 0.000977 0.098633 0.001953 0.013672
1 0.156250 0.092773 0.007812 0.005859
0 0.971680 0.092773 0.009766 0.009766
1 0.711914 0.088867 0.001953 0.001953
0 0.979492 0.086914 0.001953 0.001953
0 0.830078 0.085938 0.003906 0.003906
0 0.610352 0.084961 0.001953 0.001953
0 0.614258 0.083008 0.001953 0.001953
0 0.418945 0.077148 0.001953 0.001953
0 0.842773 0.075195 0.001953 0.001953
0 0.486328 0.076172 0.007812 0.007812
0 0.469727 0.077148 0.009766 0.009766
1 0.274414 0.083008 0.013672 0.021484
1 0.178711 0.081055 0.025391 0.017578
0 0.552734 0.086914 0.023438 0.033203
0 0.077148 0.071289 0.001953 0.001953
0 0.444336 0.067383 0.005859 0.001953
0 0.077148 0.067383 0.001953 0.001953
1 0.264648 0.066406 0.005859 0.003906
0 0.086914 0.065430 0.001953 0.001953
0 0.095703 0.061523 0.003906 0.001953
0 0.460938 0.060547 0.003906 0.003906
0 0.456055 0.059570 0.001953 0.001953
0 0.967773 0.062500 0.009766 0.011719
0 0.961914 0.057617 0.001953 0.001953
0 0.559570 0.057617 0.001953 0.001953
1 0.244141 0.063477 0.027344 0.013672
0 0.477539 0.055664 0.001953 0.001953
0 0.963867 0.051758 0.001953 0.001953
0 0.101562 0.054688 0.007812 0.007812
0 0.541992 0.054688 0.025391 0.015625
0 0.830078 0.063477 0.042969 0.037109
0 0.103516 0.046875 0.003906 0.003906
0 0.796875 0.043945 0.003906 0.001953
0 0.614258 0.049805 0.009766 0.017578
0 0.822266 0.041992 0.003906 0.005859
0 0.844727 0.040039 0.017578 0.009766
0 0.106445 0.038086 0.001953 0.005859
0 0.797852 0.037109 0.009766 0.007812
0 0.360352 0.048828 0.033203 0.031250
1 0.215820 0.034180 0.001953 0.001953
0 0.641602 0.032227 0.001953 0.001953
0 0.636719 0.030273 0.003906 0.001953
0 0.145508 0.030273 0.001953 0.001953
0 0.118164 0.031250 0.001953 0.003906
0 0.829102 0.030273 0.005859 0.005859
1 0.181641 0.029297 0.003906 0.003906
1 0.310547 0.027344 0.003906 0.003906
1 0.226562 0.031250 0.015625 0.019531
0 0.139648 0.025391 0.005859 0.007812
0 0.113281 0.024414 0.007812 0.005859
0 0.870117 0.020508 0.001953 0.001953
0 0.811523 0.026367 0.017578 0.013672
0 0.490234 0.024414 0.003906 0.009766
0 0.369141 0.020508 0.003906 0.001953
1 0.176758 0.020508 0.001953 0.001953
0 0.989258 0.033203 0.013672 0.031250
0 0.985352 0.021484 0.001953 0.007812
0 0.468750 0.029297 0.035156 0.023438
0 0.344727 0.018555 0.001953 0.001953
0 0.166016 0.027344 0.023438 0.019531
0 0.985352 0.014648 0.001953 0.001953
0 0.538086 0.019531 0.013672 0.019531
0 0.100586 0.014648 0.013672 0.009766
0 0.678711 0.027344 0.037109 0.039062
0 0.626953 0.019531 0.019531 0.023438
0 0.872070 0.004883 0.001953 0.001953
1 0.530273 0.002930 0.001953 0.001953
0 0.887695 0.027344 0.033203 0.054688
0 0.746094 0.048828 0.070312 0.097656
0 0.472656 0.007812 0.023438 0.015625
2 0.852539 0.932617 0.001953 0.001953
2 0.862305 0.916016 0.001953 0.003906
2 0.702148 0.829102 0.001953 0.001953
2 0.827148 0.746094 0.001953 0.003906
2 0.901367 0.719727 0.001953 0.001953
2 0.719727 0.559570 0.001953 0.001953
2 0.731445 0.528320 0.001953 0.001953
2 0.725586 0.528320 0.001953 0.001953
2 0.729492 0.499023 0.001953 0.001953
2 0.720703 0.494141 0.003906 0.007812
2 0.741211 0.448242 0.001953 0.001953
2 0.741211 0.403320 0.001953 0.001953
2 0.793945 0.393555 0.001953 0.001953
2 0.790039 0.356445 0.001953 0.001953
2 0.696289 0.356445 0.001953 0.001953
3 0.655273 0.301758 0.001953 0.001953
3 0.690430 0.282227 0.001953 0.001953
3 0.692383 0.274414 0.001953 0.001953
3 0.670898 0.264648 0.001953 0.001953
3 0.668945 0.260742 0.009766 0.005859
2 0.734375 0.201172 0.011719 0.019531
3 0.747070 0.188477 0.001953 0.001953
2 0.500000 0.500000 1.000000 1.000000