2 0.693359 0.999023 0.007812 0.001953
2 0.207031 0.999023 0.007812 0.001953
2 0.027344 0.999023 0.003906 0.001953
2 0.808594 0.998047 0.015625 0.003906
2 0.370117 0.998047 0.001953 0.003906
2 0.963867 0.996094 0.021484 0.007812
2 0.871094 0.996094 0.003906 0.007812
2 0.821289 0.996094 0.005859 0.007812
2 0.864258 0.991211 0.001953 0.001953
2 0.004883 0.994141 0.009766 0.007812
2 0.161133 0.989258 0.001953 0.001953
2 0.064453 0.989258 0.003906 0.001953
2 0.877930 0.988281 0.005859 0.003906
2 0.456055 0.987305 0.001953 0.001953
2 0.303711 0.987305 0.001953 0.001953
2 0.069336 0.987305 0.001953 0.001953
2 0.958008 0.986328 0.005859 0.003906
2 0.695312 0.987305 0.003906 0.005859
2 0.307617 0.985352 0.001953 0.001953
2 0.334961 0.989258 0.064453 0.021484
2 0.676758 0.978516 0.005859 0.003906
2 0.632812 0.981445 0.011719 0.009766
2 0.427734 0.988281 0.070312 0.023438
2 0.035156 0.978516 0.007812 0.007812
2 0.877930 0.959961 0.001953 0.001953
2 0.996094 0.958008 0.007812 0.013672
2 0.363281 0.965820 0.027344 0.033203
2 0.915039 0.947266 0.001953 0.003906
2 0.896484 0.949219 0.031250 0.015625
2 0.792969 0.942383 0.003906 0.001953
2 0.359375 0.937500 0.003906 0.003906
2 0.426758 0.930664 0.001953 0.001953
2 0.398438 0.936523 0.011719 0.013672
2 0.212891 0.964844 0.175781 0.070312
2 0.929688 0.925781 0.003906 0.003906
2 0.432617 0.925781 0.005859 0.007812
2 0.172852 0.923828 0.005859 0.003906
2 0.705078 0.919922 0.003906 0.003906
2 0.249023 0.925781 0.033203 0.015625
2 0.188477 0.919922 0.005859 0.003906
2 0.936523 0.918945 0.005859 0.005859
2 0.706055 0.914062 0.005859 0.003906
2 0.716797 0.911133 0.003906 0.005859
2 0.366211 0.905273 0.001953 0.001953
2 0.646484 0.904297 0.003906 0.003906
2 0.896484 0.902344 0.003906 0.003906
2 0.416016 0.918945 0.027344 0.037109
2 0.119141 0.909180 0.015625 0.025391
2 0.962891 0.902344 0.027344 0.015625
2 0.695312 0.896484 0.003906 0.003906
2 0.319336 0.895508 0.001953 0.001953
2 0.324219 0.914062 0.074219 0.042969
2 0.103516 0.893555 0.003906 0.001953
2 0.354492 0.891602 0.001953 0.001953
2 0.106445 0.889648 0.001953 0.001953
2 0.366211 0.887695 0.001953 0.001953
2 0.692383 0.886719 0.005859 0.003906
2 0.375000 0.885742 0.003906 0.001953
2 0.380859 0.883789 0.003906 0.001953
2 0.875000 0.886719 0.023438 0.011719
2 0.385742 0.881836 0.001953 0.001953
2 0.702148 0.880859 0.001953 0.003906
2 0.396484 0.878906 0.007812 0.003906
2 0.906250 0.872070 0.003906 0.005859
2 0.710938 0.874023 0.011719 0.013672
2 0.717773 0.864258 0.001953 0.001953
2 0.721680 0.860352 0.001953 0.001953
2 0.723633 0.856445 0.001953 0.001953
2 0.329102 0.850586 0.001953 0.001953
2 0.456055 0.842773 0.001953 0.001953
2 0.305664 0.834961 0.001953 0.001953
2 0.125000 0.831055 0.019531 0.017578
2 0.504883 0.818359 0.009766 0.007812
2 0.374023 0.809570 0.001953 0.001953
2 0.295898 0.807617 0.001953 0.001953
2 0.164062 0.805664 0.003906 0.001953
2 0.377930 0.801758 0.001953 0.001953
2 0.927734 0.795898 0.003906 0.001953
2 0.560547 0.793945 0.003906 0.001953
2 0.579102 0.788086 0.001953 0.001953
2 0.877930 0.784180 0.001953 0.001953
2 0.563477 0.784180 0.001953 0.001953
2 0.461914 0.784180 0.001953 0.001953
2 0.380859 0.838867 0.167969 0.115234
2 0.593750 0.780273 0.003906 0.001953
2 0.987305 0.789062 0.025391 0.027344
2 0.901367 0.777344 0.001953 0.003906
2 0.459961 0.778320 0.005859 0.005859
2 0.411133 0.776367 0.001953 0.001953
2 0.896484 0.778320 0.003906 0.013672
2 0.153320 0.766602 0.001953 0.001953
2 0.636719 0.762695 0.003906 0.001953
2 0.352539 0.762695 0.001953 0.001953
2 0.348633 0.758789 0.001953 0.001953
2 0.597656 0.768555 0.031250 0.029297
2 0.380859 0.765625 0.039062 0.027344
2 0.525391 0.750977 0.007812 0.009766
2 0.331055 0.747070 0.001953 0.001953
2 0.518555 0.745117 0.001953 0.001953
2 0.434570 0.735352 0.001953 0.001953
2 0.737305 0.863281 0.423828 0.273438
2 0.753906 0.721680 0.003906 0.001953
2 0.642578 0.720703 0.007812 0.003906
2 0.120117 0.720703 0.005859 0.003906
2 0.685547 0.741211 0.128906 0.048828
2 0.452148 0.717773 0.001953 0.001953
2 0.731445 0.713867 0.001953 0.001953
2 0.513672 0.714844 0.003906 0.003906
2 0.476562 0.749023 0.085938 0.072266
2 0.511719 0.709961 0.003906 0.001953
2 0.517578 0.706055 0.003906 0.001953
2 0.799805 0.701172 0.009766 0.007812
2 0.223633 0.688477 0.001953 0.001953
2 0.417969 0.697266 0.039062 0.039062
2 0.769531 0.664062 0.003906 0.003906
2 0.248047 0.774414 0.269531 0.224609
2 0.088867 0.663086 0.001953 0.001953
2 0.906250 0.709961 0.105469 0.107422
2 0.151367 0.657227 0.001953 0.001953
2 0.220703 0.670898 0.042969 0.041016
2 0.148438 0.653320 0.007812 0.005859
2 0.807617 0.649414 0.001953 0.001953
2 0.807617 0.645508 0.001953 0.001953
2 0.235352 0.647461 0.005859 0.005859
2 0.228516 0.640625 0.003906 0.003906
2 0.235352 0.634766 0.001953 0.003906
2 0.998047 0.633789 0.003906 0.005859
2 0.240234 0.628906 0.003906 0.003906
2 0.793945 0.639648 0.025391 0.033203
2 0.989258 0.622070 0.001953 0.001953
2 0.178711 0.622070 0.001953 0.001953
2 0.997070 0.622070 0.005859 0.005859
2 0.261719 0.652344 0.066406 0.066406
2 0.949219 0.619141 0.015625 0.035156
2 0.532227 0.603516 0.001953 0.003906
2 0.528320 0.602539 0.001953 0.001953
2 0.587891 0.659180 0.109375 0.119141
2 0.786133 0.603516 0.013672 0.011719
2 0.084961 0.602539 0.009766 0.009766
2 0.075195 0.594727 0.001953 0.001953
2 0.787109 0.585938 0.003906 0.007812
2 0.181641 0.578125 0.007812 0.007812
2 0.512695 0.569336 0.001953 0.001953
2 0.203125 0.601562 0.105469 0.074219
2 0.870117 0.565430 0.005859 0.005859
2 0.510742 0.562500 0.005859 0.003906
2 0.501953 0.574219 0.011719 0.027344
2 0.870117 0.559570 0.001953 0.001953
2 0.499023 0.557617 0.001953 0.001953
2 0.314453 0.583008 0.042969 0.052734
2 0.791992 0.556641 0.005859 0.007812
2 0.047852 0.543945 0.001953 0.001953
2 0.067383 0.536133 0.001953 0.001953
2 0.649414 0.538086 0.005859 0.009766
2 0.325195 0.534180 0.001953 0.001953
2 0.077148 0.541016 0.013672 0.015625
2 0.665039 0.532227 0.001953 0.001953
2 0.660156 0.529297 0.003906 0.003906
2 0.655273 0.528320 0.001953 0.001953
2 0.111328 0.576172 0.039062 0.097656
2 0.665039 0.527344 0.001953 0.003906
2 0.333008 0.526367 0.001953 0.001953
2 0.131836 0.524414 0.001953 0.001953
2 0.650391 0.519531 0.003906 0.007812
2 0.133789 0.515625 0.017578 0.015625
2 0.664062 0.508789 0.007812 0.005859
2 0.326172 0.498047 0.003906 0.003906
2 0.805664 0.495117 0.001953 0.001953
2 0.325195 0.493164 0.001953 0.001953
2 0.344727 0.481445 0.005859 0.001953
2 0.164062 0.485352 0.011719 0.013672
2 0.433594 0.508789 0.136719 0.068359
2 0.331055 0.475586 0.005859 0.005859
2 0.336914 0.471680 0.001953 0.001953
2 0.425781 0.468750 0.003906 0.003906
2 0.984375 0.490234 0.031250 0.089844
2 0.991211 0.444336 0.001953 0.001953
2 0.281250 0.487305 0.097656 0.087891
2 0.432617 0.436523 0.001953 0.001953
2 0.419922 0.446289 0.019531 0.037109
2 0.815430 0.426758 0.005859 0.005859
2 0.813477 0.420898 0.001953 0.001953
2 0.817383 0.418945 0.001953 0.001953
2 0.433594 0.417969 0.019531 0.015625
2 0.457031 0.409180 0.003906 0.001953
2 0.456055 0.400391 0.001953 0.003906
2 0.450195 0.397461 0.001953 0.001953
2 0.836914 0.383789 0.001953 0.001953
2 0.919922 0.378906 0.011719 0.007812
2 0.576172 0.358398 0.003906 0.001953
2 0.570312 0.359375 0.011719 0.015625
2 0.080078 0.347656 0.003906 0.003906
2 0.453125 0.345703 0.003906 0.003906
2 0.447266 0.344727 0.003906 0.005859
2 0.369141 0.328125 0.003906 0.007812
2 0.851562 0.379883 0.148438 0.115234
2 0.088867 0.309570 0.001953 0.001953
2 0.067383 0.309570 0.001953 0.001953
2 0.559570 0.308594 0.005859 0.003906
2 0.361328 0.310547 0.003906 0.007812
2 0.711914 0.304688 0.005859 0.003906
2 0.704102 0.301758 0.001953 0.001953
2 0.719727 0.300781 0.001953 0.003906
2 0.359375 0.335938 0.046875 0.074219
2 0.777344 0.300781 0.015625 0.019531
2 0.710938 0.293945 0.003906 0.005859
2 0.577148 0.292969 0.005859 0.003906
2 0.566406 0.296875 0.003906 0.011719
2 0.772461 0.287109 0.005859 0.003906
2 0.326172 0.290039 0.023438 0.021484
2 0.570312 0.278320 0.003906 0.005859
2 0.321289 0.276367 0.001953 0.001953
2 0.296875 0.277344 0.003906 0.003906
2 0.635742 0.274414 0.001953 0.001953
2 0.273438 0.282227 0.031250 0.017578
2 0.297852 0.272461 0.001953 0.001953
2 0.292969 0.272461 0.003906 0.001953
2 0.326172 0.271484 0.003906 0.003906
2 0.309570 0.272461 0.005859 0.005859
2 0.303711 0.270508 0.001953 0.005859
2 0.741211 0.266602 0.001953 0.001953
2 0.331055 0.262695 0.001953 0.001953
2 0.702148 0.262695 0.005859 0.005859
2 0.698242 0.258789 0.001953 0.001953
2 0.502930 0.256836 0.001953 0.001953
2 0.494141 0.256836 0.003906 0.001953
2 0.343750 0.254883 0.003906 0.001953
2 0.132812 0.254883 0.003906 0.001953
2 0.348633 0.250977 0.001953 0.001953
2 0.565430 0.249023 0.001953 0.001953
2 0.178711 0.245117 0.021484 0.009766
2 0.658203 0.264648 0.050781 0.052734
2 0.561523 0.244141 0.009766 0.015625
2 0.550781 0.235352 0.003906 0.001953
2 0.202148 0.227539 0.001953 0.001953
2 0.215820 0.225586 0.001953 0.001953
2 0.754883 0.244141 0.021484 0.042969
2 0.215820 0.221680 0.001953 0.001953
2 0.237305 0.241211 0.056641 0.048828
2 0.698242 0.213867 0.001953 0.001953
2 0.672852 0.213867 0.001953 0.001953
2 0.576172 0.253906 0.039062 0.082031
2 0.206055 0.211914 0.005859 0.005859
2 0.681641 0.205078 0.007812 0.007812
2 0.839844 0.213867 0.023438 0.033203
2 0.402344 0.200195 0.003906 0.005859
2 0.168945 0.198242 0.001953 0.001953
2 0.163086 0.197266 0.005859 0.003906
2 0.965820 0.195312 0.001953 0.003906
2 0.168945 0.194336 0.001953 0.001953
2 0.420898 0.181641 0.005859 0.003906
2 0.954102 0.192383 0.033203 0.029297
2 0.643555 0.178711 0.001953 0.001953
2 0.965820 0.182617 0.017578 0.017578
2 0.991211 0.172852 0.005859 0.001953
2 0.981445 0.174805 0.009766 0.005859
2 0.972656 0.171875 0.007812 0.003906
2 0.489258 0.170898 0.001953 0.001953
2 0.273438 0.172852 0.011719 0.005859
2 0.350586 0.162109 0.005859 0.007812
2 0.379883 0.152344 0.001953 0.003906
2 0.374023 0.153320 0.005859 0.005859
2 0.407227 0.143555 0.005859 0.005859
2 0.226562 0.136719 0.007812 0.003906
2 0.243164 0.126953 0.001953 0.003906
2 0.983398 0.112305 0.033203 0.013672
2 0.956055 0.106445 0.001953 0.001953
2 0.032227 0.113281 0.017578 0.015625
2 0.534180 0.106445 0.017578 0.013672
2 0.870117 0.129883 0.033203 0.072266
2 0.315430 0.098633 0.005859 0.013672
2 0.448242 0.089844 0.005859 0.003906
2 0.946289 0.084961 0.001953 0.001953
2 0.066406 0.083008 0.003906 0.001953
2 0.438477 0.080078 0.001953 0.003906
2 0.948242 0.073242 0.001953 0.001953
2 0.506836 0.092773 0.041016 0.044922
2 0.317383 0.067383 0.001953 0.001953
2 0.491211 0.068359 0.005859 0.007812
2 0.417969 0.064453 0.015625 0.011719
2 0.977539 0.062500 0.044922 0.035156
2 0.823242 0.045898 0.001953 0.001953
2 0.969727 0.043945 0.001953 0.001953
2 0.125000 0.050781 0.027344 0.035156
2 0.803711 0.032227 0.001953 0.001953
2 0.812500 0.031250 0.003906 0.003906
2 0.177734 0.031250 0.003906 0.003906
2 0.802734 0.027344 0.003906 0.003906
2 0.707031 0.104492 0.183594 0.166016
2 0.475586 0.034180 0.025391 0.029297
2 0.809570 0.019531 0.001953 0.003906
2 0.735352 0.023438 0.017578 0.011719
2 0.360352 0.046875 0.103516 0.062500
2 0.726562 0.015625 0.003906 0.003906
2 0.721680 0.014648 0.001953 0.001953
2 0.226562 0.040039 0.093750 0.052734
2 0.000977 0.011719 0.001953 0.003906
2 0.881836 0.055664 0.142578 0.111328
2 0.664062 0.000977 0.003906 0.001953
2 0.403320 0.001953 0.009766 0.003906
2 0.393555 0.001953 0.005859 0.003906
2 0.379883 0.000977 0.001953 0.001953
2 0.125000 0.012695 0.027344 0.025391
2 0.090820 0.000977 0.001953 0.001953
2 0.095703 0.486328 0.191406 0.972656
3 0.596680 0.999023 0.001953 0.001953
3 0.350586 0.998047 0.001953 0.003906
3 0.259766 0.998047 0.007812 0.003906
3 0.332031 0.996094 0.007812 0.007812
3 0.171875 0.962891 0.003906 0.003906
3 0.669922 0.976562 0.144531 0.046875
3 0.654297 0.912109 0.003906 0.007812
3 0.002930 0.875977 0.001953 0.001953
3 0.938477 0.870117 0.001953 0.001953
3 0.614258 0.870117 0.001953 0.001953
3 0.000977 0.869141 0.001953 0.007812
3 0.985352 0.791992 0.001953 0.001953
3 0.864258 0.787109 0.001953 0.003906
3 0.858398 0.784180 0.001953 0.001953
3 0.866211 0.770508 0.001953 0.001953
3 0.157227 0.750977 0.001953 0.001953
3 0.041992 0.735352 0.083984 0.248047
3 0.043945 0.575195 0.001953 0.001953
3 0.999023 0.512695 0.001953 0.001953
3 0.014648 0.263672 0.001953 0.003906
3 0.005859 0.283203 0.011719 0.058594
3 0.006836 0.246094 0.013672 0.015625
3 0.010742 0.213867 0.001953 0.001953
3 0.959961 0.073242 0.001953 0.001953
3 0.007812 0.080078 0.015625 0.015625
3 0.030273 0.059570 0.001953 0.001953
3 0.034180 0.053711 0.001953 0.001953
3 0.029297 0.046875 0.007812 0.007812
3 0.000977 0.032227 0.001953 0.001953
3 0.127930 0.010742 0.001953 0.001953
3 0.038086 0.008789 0.001953 0.001953
3 0.500000 0.500000 1.000000 1.000000
3 0.015625 0.027344 0.031250 0.054688