1 0.836914 0.998047 0.005859 0.003906
1 0.656250 0.998047 0.011719 0.003906
1 0.442383 0.997070 0.001953 0.001953
1 0.375000 0.993164 0.035156 0.013672
0 0.333008 0.991211 0.025391 0.009766
0 0.012695 0.989258 0.005859 0.005859
1 0.110352 0.984375 0.001953 0.003906
1 0.999023 0.979492 0.001953 0.001953
1 0.697266 0.983398 0.011719 0.013672
1 0.178711 0.986328 0.013672 0.019531
1 0.491211 0.974609 0.001953 0.003906
1 0.471680 0.977539 0.029297 0.013672
1 0.794922 0.972656 0.007812 0.007812
1 0.603516 0.972656 0.007812 0.011719
1 0.111328 0.972656 0.007812 0.011719
1 0.888672 0.969727 0.003906 0.009766
1 0.249023 0.972656 0.013672 0.015625
1 0.177734 0.965820 0.007812 0.005859
1 0.987305 0.963867 0.009766 0.009766
1 0.658203 0.965820 0.015625 0.013672
0 0.024414 0.959961 0.005859 0.005859
1 0.123047 0.973633 0.011719 0.037109
1 0.686523 0.955078 0.009766 0.003906
1 0.035156 0.975586 0.027344 0.044922
1 0.266602 0.956055 0.009766 0.009766
0 0.968750 0.955078 0.015625 0.011719
1 0.874023 0.964844 0.021484 0.031250
1 0.247070 0.942383 0.001953 0.001953
1 0.574219 0.944336 0.085938 0.021484
1 0.278320 0.936523 0.005859 0.005859
1 0.940430 0.932617 0.001953 0.001953
1 0.250000 0.929688 0.023438 0.023438
1 0.927734 0.934570 0.035156 0.037109
1 0.872070 0.926758 0.021484 0.021484
1 0.480469 0.919922 0.011719 0.011719
1 0.899414 0.915039 0.005859 0.005859
0 0.760742 0.913086 0.001953 0.001953
1 0.681641 0.915039 0.003906 0.005859
1 0.667969 0.917969 0.011719 0.011719
1 0.405273 0.915039 0.005859 0.005859
1 0.839844 0.916992 0.019531 0.013672
1 0.572266 0.913086 0.011719 0.005859
1 0.149414 0.915039 0.013672 0.009766
1 0.968750 0.907227 0.011719 0.009766
1 0.366211 0.901367 0.001953 0.001953
1 0.254883 0.901367 0.025391 0.005859
1 0.891602 0.901367 0.009766 0.009766
0 0.783203 0.899414 0.003906 0.005859
1 0.408203 0.899414 0.015625 0.013672
1 0.442383 0.891602 0.001953 0.001953
1 0.341797 0.892578 0.007812 0.007812
1 0.963867 0.894531 0.025391 0.015625
0 0.790039 0.889648 0.005859 0.005859
1 0.565430 0.888672 0.001953 0.003906
1 0.369141 0.889648 0.007812 0.013672
0 0.791992 0.881836 0.001953 0.001953
1 0.687500 0.883789 0.003906 0.005859
1 0.618164 0.894531 0.021484 0.027344
1 0.423828 0.886719 0.019531 0.011719
1 0.071289 0.887695 0.013672 0.013672
1 0.376953 0.880859 0.003906 0.003906
1 0.010742 0.886719 0.021484 0.015625
1 0.715820 0.886719 0.029297 0.019531
1 0.257812 0.882812 0.019531 0.011719
1 0.573242 0.885742 0.009766 0.033203
1 0.454102 0.870117 0.001953 0.001953
1 0.468750 0.886719 0.054688 0.035156
1 0.011719 0.873047 0.007812 0.011719
1 0.875977 0.873047 0.025391 0.023438
1 0.020508 0.863281 0.005859 0.003906
1 0.373047 0.867188 0.015625 0.019531
0 0.291016 0.859375 0.003906 0.003906
1 0.038086 0.860352 0.009766 0.005859
0 0.974609 0.860352 0.003906 0.009766
1 0.964844 0.871094 0.027344 0.031250
1 0.640625 0.863281 0.007812 0.023438
1 0.920898 0.857422 0.037109 0.023438
1 0.058594 0.853516 0.035156 0.019531
0 0.985352 0.861328 0.029297 0.042969
0 0.319336 0.841797 0.005859 0.003906
1 0.090820 0.848633 0.013672 0.017578
1 0.671875 0.838867 0.011719 0.009766
1 0.517578 0.835938 0.007812 0.007812
1 0.637695 0.837891 0.021484 0.023438
0 0.407227 0.828125 0.005859 0.003906
0 0.970703 0.828125 0.003906 0.007812
0 0.851562 0.833984 0.011719 0.023438
1 0.766602 0.847656 0.064453 0.050781
1 0.733398 0.827148 0.009766 0.009766
1 0.014648 0.832031 0.013672 0.019531
1 0.628906 0.823242 0.011719 0.005859
1 0.113281 0.821289 0.011719 0.009766
1 0.566406 0.833984 0.019531 0.039062
1 0.473633 0.814453 0.005859 0.003906
1 0.291992 0.822266 0.017578 0.019531
1 0.259766 0.812500 0.003906 0.007812
1 0.092773 0.809570 0.009766 0.005859
1 0.288086 0.805664 0.001953 0.001953
1 0.833008 0.806641 0.013672 0.007812
0 0.963867 0.807617 0.013672 0.013672
1 0.506836 0.797852 0.025391 0.009766
1 0.113281 0.797852 0.003906 0.009766
1 0.995117 0.793945 0.009766 0.013672
1 0.272461 0.803711 0.025391 0.033203
1 0.137695 0.790039 0.005859 0.005859
1 0.635742 0.783203 0.013672 0.015625
0 0.516602 0.777344 0.005859 0.007812
1 0.221680 0.779297 0.009766 0.015625
1 0.788086 0.771484 0.009766 0.015625
0 0.659180 0.771484 0.005859 0.015625
0 0.945312 0.764648 0.003906 0.005859
1 0.004883 0.768555 0.009766 0.013672
0 0.974609 0.764648 0.011719 0.009766
1 0.887695 0.759766 0.005859 0.003906
1 0.097656 0.760742 0.007812 0.005859
1 0.144531 0.762695 0.007812 0.013672
1 0.260742 0.755859 0.013672 0.015625
1 0.679688 0.750000 0.003906 0.007812
0 0.656250 0.757812 0.019531 0.023438
1 0.807617 0.747070 0.029297 0.013672
1 0.197266 0.805664 0.058594 0.138672
0 0.678711 0.738281 0.005859 0.007812
1 0.236328 0.736328 0.003906 0.003906
0 0.955078 0.731445 0.023438 0.005859
1 0.073242 0.739258 0.005859 0.021484
1 0.994141 0.730469 0.011719 0.007812
0 0.829102 0.727539 0.001953 0.001953
1 0.551758 0.744141 0.037109 0.035156
1 0.123047 0.731445 0.007812 0.009766
0 0.828125 0.723633 0.003906 0.001953
1 0.580078 0.725586 0.023438 0.009766
0 0.158203 0.719727 0.003906 0.001953
0 0.853516 0.722656 0.042969 0.011719
1 0.310547 0.718750 0.003906 0.003906
0 0.992188 0.718750 0.007812 0.011719
1 0.155273 0.714844 0.005859 0.003906
0 0.070312 0.713867 0.003906 0.001953
1 0.776367 0.709961 0.001953 0.001953
1 0.761719 0.711914 0.011719 0.005859
1 0.483398 0.714844 0.013672 0.011719
1 0.117188 0.709961 0.003906 0.001953
1 0.780273 0.708008 0.001953 0.001953
1 0.681641 0.711914 0.007812 0.009766
0 0.493164 0.708008 0.001953 0.001953
1 0.796875 0.714844 0.027344 0.019531
1 0.539062 0.705078 0.003906 0.003906
1 0.972656 0.705078 0.011719 0.007812
1 0.096680 0.708984 0.021484 0.019531
1 0.733398 0.724609 0.060547 0.054688
1 0.187500 0.703125 0.007812 0.011719
1 0.638672 0.734375 0.050781 0.078125
0 0.749023 0.694336 0.001953 0.001953
0 0.498047 0.694336 0.003906 0.001953
0 0.685547 0.694336 0.007812 0.005859
1 0.548828 0.694336 0.007812 0.005859
0 0.499023 0.690430 0.001953 0.001953
0 0.108398 0.690430 0.001953 0.001953
0 0.089844 0.692383 0.007812 0.005859
1 0.160156 0.690430 0.003906 0.005859
0 0.733398 0.692383 0.005859 0.013672
1 0.750000 0.684570 0.003906 0.001953
1 0.194336 0.687500 0.009766 0.015625
1 0.439453 0.679688 0.027344 0.011719
1 0.842773 0.670898 0.001953 0.001953
1 0.202148 0.675781 0.009766 0.011719
1 0.133789 0.690430 0.044922 0.041016
1 0.060547 0.673828 0.007812 0.011719
1 0.937500 0.699219 0.125000 0.066406
1 0.371094 0.689453 0.117188 0.050781
0 0.854492 0.663086 0.001953 0.001953
1 0.998047 0.661133 0.003906 0.005859
1 0.888672 0.685547 0.144531 0.058594
1 0.117188 0.660156 0.011719 0.007812
0 0.877930 0.662109 0.009766 0.015625
1 0.538086 0.660156 0.017578 0.011719
1 0.161133 0.665039 0.029297 0.021484
1 0.427734 0.657227 0.007812 0.009766
1 0.514648 0.658203 0.021484 0.019531
1 0.476562 0.660156 0.039062 0.023438
0 0.938477 0.652344 0.013672 0.011719
1 0.766602 0.650391 0.009766 0.007812
1 0.592773 0.656250 0.025391 0.019531
1 0.276367 0.654297 0.009766 0.015625
1 0.883789 0.647461 0.013672 0.005859
1 0.970703 0.655273 0.015625 0.025391
1 0.393555 0.643555 0.001953 0.001953
1 0.062500 0.643555 0.007812 0.009766
1 0.095703 0.648438 0.035156 0.035156
1 0.299805 0.633789 0.009766 0.009766
1 0.793945 0.658203 0.021484 0.062500
1 0.289062 0.631836 0.003906 0.009766
1 0.112305 0.626953 0.005859 0.003906
1 0.572266 0.626953 0.011719 0.007812
1 0.461914 0.633789 0.021484 0.021484
1 0.716797 0.638672 0.023438 0.035156
0 0.843750 0.622070 0.003906 0.005859
1 0.220703 0.625000 0.015625 0.011719
1 0.992188 0.625977 0.015625 0.025391
1 0.980469 0.614258 0.003906 0.009766
1 0.369141 0.636719 0.054688 0.058594
1 0.207031 0.608398 0.007812 0.005859
1 0.026367 0.606445 0.001953 0.001953
1 0.324219 0.627930 0.050781 0.048828
0 0.584961 0.601562 0.005859 0.003906
1 0.769531 0.607422 0.007812 0.019531
1 0.102539 0.598633 0.001953 0.001953
1 0.727539 0.595703 0.009766 0.007812
1 0.354492 0.596680 0.021484 0.009766
1 0.854492 0.603516 0.013672 0.027344
1 0.614258 0.590820 0.001953 0.001953
1 0.206055 0.592773 0.005859 0.005859
1 0.297852 0.588867 0.001953 0.001953
1 0.778320 0.586914 0.001953 0.001953
0 0.785156 0.583984 0.003906 0.003906
0 0.217773 0.581055 0.009766 0.005859
1 0.126953 0.583008 0.011719 0.009766
1 0.884766 0.585938 0.015625 0.019531
1 0.911133 0.575195 0.001953 0.001953
1 0.694336 0.575195 0.001953 0.001953
1 0.582031 0.583984 0.015625 0.019531
1 0.807617 0.586914 0.037109 0.033203
0 0.740234 0.572266 0.003906 0.003906
0 0.488281 0.569336 0.003906 0.001953
1 0.803711 0.567383 0.001953 0.001953
1 0.692383 0.567383 0.001953 0.001953
1 0.387695 0.569336 0.013672 0.009766
1 0.852539 0.563477 0.013672 0.013672
1 0.244141 0.562500 0.015625 0.011719
1 0.915039 0.563477 0.017578 0.017578
0 0.883789 0.559570 0.009766 0.009766
1 0.818359 0.558594 0.019531 0.015625
0 0.918945 0.549805 0.001953 0.001953
1 0.975586 0.547852 0.001953 0.001953
1 0.614258 0.550781 0.017578 0.007812
0 0.693359 0.553711 0.003906 0.021484
1 0.117188 0.543945 0.011719 0.009766
1 0.639648 0.538086 0.005859 0.001953
1 0.378906 0.540039 0.007812 0.005859
1 0.082031 0.541992 0.007812 0.009766
1 0.986328 0.552734 0.027344 0.039062
1 0.796875 0.538086 0.007812 0.009766
1 0.925781 0.540039 0.031250 0.017578
1 0.454102 0.536133 0.029297 0.013672
0 0.719727 0.532227 0.029297 0.013672
1 0.212891 0.597656 0.183594 0.144531
1 0.463867 0.524414 0.001953 0.001953
1 0.061523 0.526367 0.017578 0.013672
0 0.710938 0.518555 0.003906 0.001953
1 0.315430 0.510742 0.001953 0.001953
1 0.910156 0.505859 0.011719 0.019531
1 0.712891 0.498047 0.007812 0.003906
1 0.978516 0.495117 0.007812 0.005859
1 0.911133 0.493164 0.001953 0.001953
1 0.914062 0.489258 0.003906 0.001953
1 0.475586 0.490234 0.001953 0.003906
1 0.458008 0.493164 0.029297 0.025391
1 0.218750 0.486328 0.011719 0.011719
0 0.528320 0.475586 0.001953 0.001953
1 0.540039 0.473633 0.005859 0.005859
0 0.549805 0.465820 0.001953 0.001953
1 0.019531 0.470703 0.011719 0.011719
1 0.695312 0.463867 0.003906 0.005859
1 0.976562 0.486328 0.046875 0.054688
1 0.514648 0.471680 0.033203 0.029297
1 0.506836 0.458984 0.005859 0.003906
1 0.241211 0.465820 0.021484 0.017578
0 0.536133 0.453125 0.005859 0.003906
1 0.983398 0.448242 0.013672 0.009766
0 0.544922 0.444336 0.003906 0.001953
1 0.300781 0.448242 0.011719 0.013672
1 0.132812 0.449219 0.011719 0.015625
1 0.759766 0.439453 0.003906 0.003906
1 0.849609 0.440430 0.007812 0.009766
1 0.626953 0.439453 0.015625 0.007812
1 0.406250 0.448242 0.035156 0.025391
1 0.766602 0.434570 0.001953 0.001953
1 0.675781 0.445312 0.031250 0.027344
1 0.715820 0.439453 0.029297 0.027344
1 0.655273 0.428711 0.005859 0.005859
1 0.239258 0.441406 0.087891 0.035156
1 0.986328 0.423828 0.027344 0.027344
1 0.557617 0.411133 0.001953 0.001953
1 0.167969 0.417969 0.046875 0.019531
1 0.373047 0.416992 0.027344 0.021484
1 0.926758 0.405273 0.001953 0.001953
1 0.558594 0.406250 0.003906 0.003906
1 0.215820 0.402344 0.009766 0.007812
1 0.964844 0.396484 0.007812 0.003906
0 0.783203 0.409180 0.058594 0.029297
1 0.971680 0.393555 0.001953 0.001953
1 0.987305 0.394531 0.009766 0.011719
1 0.575195 0.403320 0.013672 0.033203
1 0.503906 0.390625 0.007812 0.011719
1 0.390625 0.389648 0.007812 0.009766
0 0.563477 0.384766 0.005859 0.003906
1 0.747070 0.381836 0.001953 0.001953
1 0.510742 0.381836 0.001953 0.001953
1 0.227539 0.387695 0.013672 0.013672
1 0.582031 0.379883 0.003906 0.001953
1 0.191406 0.375977 0.003906 0.001953
0 0.883789 0.374023 0.001953 0.001953
1 0.597656 0.384766 0.015625 0.027344
0 0.029297 0.374023 0.007812 0.005859
0 0.005859 0.375000 0.011719 0.007812
1 0.320312 0.389648 0.027344 0.056641
1 0.849609 0.364258 0.011719 0.009766
1 0.967773 0.368164 0.025391 0.021484
1 0.814453 0.360352 0.007812 0.005859
1 0.655273 0.366211 0.052734 0.029297
1 0.162109 0.356445 0.007812 0.013672
1 0.976562 0.355469 0.019531 0.023438
1 0.165039 0.344727 0.001953 0.001953
1 0.626953 0.345703 0.011719 0.015625
1 0.711914 0.340820 0.013672 0.009766
1 0.849609 0.471680 0.210938 0.275391
1 0.334961 0.333984 0.001953 0.003906
1 0.009766 0.335938 0.019531 0.011719
1 0.666016 0.332031 0.042969 0.011719
0 0.503906 0.331055 0.015625 0.009766
1 0.357422 0.333008 0.023438 0.017578
1 0.824219 0.325195 0.003906 0.005859
0 0.293945 0.331055 0.009766 0.017578
1 0.477539 0.333984 0.017578 0.027344
1 0.733398 0.322266 0.048828 0.011719
1 0.104492 0.315430 0.001953 0.001953
1 0.302734 0.317383 0.003906 0.009766
1 0.108398 0.313477 0.001953 0.001953
1 0.952148 0.316406 0.013672 0.019531
1 0.831055 0.314453 0.009766 0.015625
1 0.432617 0.304688 0.009766 0.007812
0 0.314453 0.298828 0.003906 0.003906
1 0.233398 0.295898 0.001953 0.001953
1 0.853516 0.293945 0.011719 0.005859
0 0.798828 0.291992 0.003906 0.005859
1 0.003906 0.290039 0.007812 0.009766
1 0.823242 0.286133 0.041016 0.013672
1 0.761719 0.281250 0.003906 0.003906
1 0.787109 0.276367 0.003906 0.005859
1 0.987305 0.274414 0.009766 0.005859
1 0.798828 0.277344 0.011719 0.019531
1 0.671875 0.271484 0.023438 0.019531
1 0.336914 0.278320 0.166016 0.037109
1 0.539062 0.258789 0.007812 0.001953
1 0.105469 0.263672 0.023438 0.019531
1 0.819336 0.260742 0.037109 0.017578
1 0.166016 0.254883 0.007812 0.009766
1 0.861328 0.251953 0.007812 0.007812
1 0.852539 0.247070 0.005859 0.005859
1 0.083008 0.253906 0.033203 0.019531
1 0.889648 0.272461 0.068359 0.060547
1 0.140625 0.248047 0.007812 0.011719
0 0.274414 0.244141 0.013672 0.011719
1 0.262695 0.239258 0.001953 0.001953
1 0.250977 0.237305 0.001953 0.001953
1 0.943359 0.268555 0.035156 0.068359
1 0.884766 0.234375 0.011719 0.007812
1 0.780273 0.250977 0.013672 0.041016
1 0.157227 0.233398 0.009766 0.005859
1 0.120117 0.232422 0.009766 0.003906
1 0.920898 0.231445 0.005859 0.005859
1 0.209961 0.233398 0.037109 0.017578
1 0.997070 0.223633 0.001953 0.001953
1 0.561523 0.226562 0.013672 0.011719
1 0.752930 0.229492 0.025391 0.037109
0 0.470703 0.206055 0.003906 0.001953
0 0.473633 0.202148 0.001953 0.001953
1 0.006836 0.200195 0.001953 0.001953
1 0.923828 0.212891 0.046875 0.039062
1 0.125977 0.196289 0.013672 0.009766
1 0.048828 0.196289 0.007812 0.013672
1 0.006836 0.193359 0.001953 0.007812
1 0.061523 0.189453 0.013672 0.011719
1 0.922852 0.189453 0.005859 0.015625
1 0.954102 0.180664 0.001953 0.001953
1 0.026367 0.185547 0.009766 0.011719
1 0.934570 0.192383 0.013672 0.029297
1 0.723633 0.183594 0.017578 0.015625
1 0.693359 0.202148 0.019531 0.060547
0 0.457031 0.192383 0.046875 0.041016
1 0.180664 0.173828 0.005859 0.003906
1 0.174805 0.172852 0.001953 0.001953
1 0.952148 0.174805 0.013672 0.009766
1 0.786133 0.183594 0.044922 0.031250
1 0.840820 0.196289 0.083984 0.083984
1 0.180664 0.159180 0.033203 0.021484
1 0.007812 0.154297 0.011719 0.011719
1 0.855469 0.148438 0.011719 0.011719
1 0.980469 0.159180 0.039062 0.037109
1 0.225586 0.141602 0.001953 0.001953
1 0.581055 0.139648 0.001953 0.001953
1 0.617188 0.140625 0.011719 0.007812
1 0.911133 0.136719 0.001953 0.003906
1 0.368164 0.133789 0.001953 0.001953
1 0.376953 0.131836 0.011719 0.005859
1 0.219727 0.130859 0.005859 0.003906
1 0.622070 0.130859 0.009766 0.007812
1 0.193359 0.131836 0.011719 0.009766
0 0.569336 0.122070 0.001953 0.001953
1 0.927734 0.124023 0.007812 0.009766
1 0.867188 0.119141 0.011719 0.007812
1 0.138672 0.121094 0.015625 0.015625
1 0.936523 0.110352 0.001953 0.001953
1 0.123047 0.114258 0.023438 0.009766
1 0.264648 0.110352 0.005859 0.005859
1 0.516602 0.107422 0.009766 0.003906
1 0.053711 0.104492 0.009766 0.009766
1 0.002930 0.105469 0.005859 0.011719
1 0.241211 0.101562 0.013672 0.015625
1 0.226562 0.098633 0.011719 0.009766
1 0.934570 0.090820 0.001953 0.001953
1 0.852539 0.092773 0.005859 0.005859
1 0.939453 0.096680 0.015625 0.021484
1 0.253906 0.091797 0.011719 0.011719
1 0.041016 0.088867 0.007812 0.005859
1 0.888672 0.086914 0.007812 0.013672
1 0.899414 0.083008 0.005859 0.009766
1 0.817383 0.091797 0.021484 0.031250
0 0.681641 0.085938 0.015625 0.019531
1 0.696289 0.070312 0.009766 0.003906
1 0.099609 0.088867 0.031250 0.041016
1 0.000977 0.067383 0.001953 0.001953
1 0.942383 0.061523 0.001953 0.001953
1 0.682617 0.062500 0.009766 0.007812
1 0.545898 0.060547 0.009766 0.007812
0 0.670898 0.058594 0.009766 0.007812
1 0.476562 0.109375 0.230469 0.109375
1 0.655273 0.054688 0.005859 0.007812
1 0.878906 0.052734 0.007812 0.007812
1 0.202148 0.051758 0.005859 0.005859
1 0.653320 0.047852 0.001953 0.001953
1 0.218750 0.049805 0.003906 0.005859
1 0.185547 0.053711 0.011719 0.013672
1 0.480469 0.046875 0.019531 0.011719
1 0.142578 0.052734 0.031250 0.023438
1 0.390625 0.041992 0.011719 0.005859
1 0.028320 0.065430 0.048828 0.056641
1 0.483398 0.037109 0.009766 0.003906
0 0.741211 0.034180 0.009766 0.005859
1 0.970703 0.034180 0.015625 0.009766
1 0.174805 0.032227 0.005859 0.009766
1 0.111328 0.034180 0.007812 0.013672
1 0.722656 0.028320 0.007812 0.005859
1 0.533203 0.028320 0.007812 0.005859
1 0.909180 0.028320 0.017578 0.009766
1 0.611328 0.028320 0.007812 0.009766
1 0.577148 0.023438 0.001953 0.003906
1 0.417969 0.026367 0.019531 0.009766
1 0.730469 0.020508 0.011719 0.005859
0 0.333984 0.018555 0.007812 0.005859
1 0.081055 0.027344 0.033203 0.023438
1 0.659180 0.028320 0.021484 0.029297
0 0.037109 0.015625 0.003906 0.003906
0 0.098633 0.010742 0.001953 0.001953
1 0.741211 0.008789 0.001953 0.001953
1 0.230469 0.034180 0.035156 0.052734
1 0.972656 0.007812 0.007812 0.007812
1 0.730469 0.116211 0.265625 0.224609
0 0.259766 0.003906 0.003906 0.003906
0 0.760742 0.009766 0.005859 0.019531
1 0.705078 0.008789 0.023438 0.017578
1 0.375977 0.013672 0.033203 0.027344
1 0.305664 0.031250 0.080078 0.062500
0 0.262695 0.000977 0.001953 0.001953
1 0.128906 0.004883 0.007812 0.009766
3 0.375977 0.999023 0.001953 0.001953
3 0.996094 0.486328 0.007812 0.027344
3 0.500000 0.500000 1.000000 1.000000