0 0.879883 0.995117 0.009766 0.009766
0 0.922852 0.989258 0.001953 0.001953
0 0.489258 0.989258 0.001953 0.001953
0 0.222656 0.993164 0.011719 0.013672
0 0.221680 0.973633 0.005859 0.005859
0 0.260742 0.984375 0.033203 0.031250
0 0.715820 0.979492 0.033203 0.029297
0 0.172852 0.965820 0.001953 0.001953
0 0.166992 0.968750 0.005859 0.007812
0 0.724609 0.958984 0.011719 0.011719
0 0.991211 0.955078 0.009766 0.007812
0 0.385742 0.952148 0.001953 0.001953
0 0.996094 0.950195 0.003906 0.001953
0 0.937500 0.943359 0.015625 0.011719
0 0.391602 0.968750 0.041016 0.062500
1 0.997070 0.940430 0.005859 0.013672
0 0.763672 0.932617 0.003906 0.001953
0 0.752930 0.932617 0.005859 0.001953
0 0.184570 0.930664 0.001953 0.001953
0 0.892578 0.942383 0.027344 0.029297
0 0.202148 0.929688 0.005859 0.007812
0 0.182617 0.926758 0.001953 0.001953
0 0.760742 0.921875 0.013672 0.015625
0 0.192383 0.918945 0.021484 0.009766
0 0.372070 0.885742 0.001953 0.001953
0 0.364258 0.893555 0.013672 0.017578
0 0.406250 0.908203 0.027344 0.050781
0 0.458008 0.872070 0.009766 0.009766
0 0.328125 0.865234 0.003906 0.003906
0 0.643555 0.862305 0.001953 0.001953
0 0.744141 0.860352 0.003906 0.001953
0 0.745117 0.856445 0.001953 0.001953
0 0.967773 0.833008 0.001953 0.001953
0 0.963867 0.819336 0.001953 0.001953
0 0.927734 0.813477 0.003906 0.001953
0 0.975586 0.797852 0.001953 0.001953
1 0.967773 0.786133 0.001953 0.001953
0 0.947266 0.819336 0.050781 0.068359
1 0.973633 0.779297 0.005859 0.007812
1 0.936523 0.764648 0.001953 0.001953
1 0.936523 0.760742 0.001953 0.001953
0 0.911133 0.785156 0.060547 0.074219
1 0.974609 0.750000 0.007812 0.007812
0 0.924805 0.742188 0.001953 0.003906
0 0.753906 0.736328 0.007812 0.003906
0 0.586914 0.859375 0.193359 0.281250
0 0.926758 0.715820 0.001953 0.001953
0 0.916992 0.713867 0.005859 0.005859
0 0.929688 0.721680 0.039062 0.033203
0 0.820312 0.699219 0.007812 0.003906
0 0.765625 0.696289 0.007812 0.001953
0 0.790039 0.686523 0.001953 0.001953
0 0.775391 0.690430 0.011719 0.013672
0 0.781250 0.679688 0.003906 0.003906
0 0.762695 0.681641 0.017578 0.011719
0 0.763672 0.671875 0.007812 0.003906
0 0.984375 0.668945 0.007812 0.013672
0 0.978516 0.660156 0.003906 0.003906
0 0.899414 0.647461 0.001953 0.001953
0 0.941406 0.632812 0.019531 0.007812
0 0.247070 0.627930 0.001953 0.001953
0 0.270508 0.618164 0.001953 0.001953
0 0.377930 0.616211 0.001953 0.001953
0 0.934570 0.612305 0.001953 0.001953
0 0.386719 0.615234 0.011719 0.007812
0 0.374023 0.612305 0.001953 0.001953
0 0.215820 0.609375 0.005859 0.003906
0 0.781250 0.606445 0.011719 0.005859
0 0.936523 0.596680 0.001953 0.001953
0 0.301758 0.596680 0.001953 0.001953
0 0.208008 0.596680 0.001953 0.001953
0 0.297852 0.594727 0.001953 0.001953
0 0.309570 0.592773 0.001953 0.001953
0 0.934570 0.590820 0.001953 0.001953
0 0.798828 0.585938 0.007812 0.003906
0 0.789062 0.583984 0.003906 0.003906
0 0.352539 0.581055 0.001953 0.001953
0 0.244141 0.605469 0.066406 0.054688
0 0.989258 0.575195 0.001953 0.001953
0 0.181641 0.566406 0.007812 0.003906
0 0.133789 0.548828 0.001953 0.003906
0 0.120117 0.540039 0.001953 0.001953
0 0.055664 0.538086 0.001953 0.001953
0 0.945312 0.586914 0.109375 0.111328
0 0.036133 0.539062 0.033203 0.019531
0 0.051758 0.527344 0.001953 0.003906
0 0.383789 0.522461 0.001953 0.001953
1 0.084961 0.525391 0.021484 0.011719
0 0.356445 0.504883 0.001953 0.001953
0 0.333008 0.490234 0.005859 0.003906
1 0.055664 0.485352 0.001953 0.001953
0 0.001953 0.483398 0.003906 0.005859
0 0.344727 0.478516 0.005859 0.007812
0 0.041016 0.458008 0.003906 0.001953
0 0.032227 0.458008 0.001953 0.001953
0 0.075195 0.456055 0.001953 0.001953
0 0.895508 0.454102 0.001953 0.001953
0 0.036133 0.454102 0.001953 0.001953
0 0.891602 0.448242 0.001953 0.001953
0 0.884766 0.446289 0.003906 0.001953
0 0.866211 0.446289 0.001953 0.001953
0 0.856445 0.442383 0.001953 0.001953
0 0.018555 0.442383 0.001953 0.001953
0 0.014648 0.443359 0.001953 0.003906
0 0.169922 0.440430 0.007812 0.009766
0 0.236328 0.525391 0.390625 0.191406
0 0.875000 0.428711 0.003906 0.001953
0 0.856445 0.428711 0.001953 0.001953
0 0.094727 0.428711 0.001953 0.001953
0 0.101562 0.426758 0.003906 0.001953
0 0.103516 0.422852 0.003906 0.001953
0 0.870117 0.433594 0.029297 0.031250
0 0.022461 0.419922 0.005859 0.003906
0 0.114258 0.370117 0.001953 0.001953
0 0.881836 0.368164 0.001953 0.001953
0 0.044922 0.370117 0.011719 0.005859
0 0.036133 0.404297 0.072266 0.078125
0 0.113281 0.359375 0.003906 0.003906
1 0.071289 0.356445 0.001953 0.001953
1 0.067383 0.356445 0.001953 0.001953
1 0.073242 0.350586 0.001953 0.001953
0 0.134766 0.358398 0.035156 0.021484
1 0.073242 0.346680 0.001953 0.001953
1 0.014648 0.338867 0.001953 0.001953
1 0.012695 0.334961 0.001953 0.001953
0 0.240234 0.316406 0.007812 0.007812
1 0.022461 0.336914 0.025391 0.048828
0 0.096680 0.342773 0.068359 0.068359
0 0.141602 0.313477 0.025391 0.029297
0 0.215820 0.293945 0.001953 0.001953
0 0.207031 0.293945 0.003906 0.005859
0 0.207031 0.287109 0.003906 0.003906
0 0.133789 0.286133 0.001953 0.001953
0 0.989258 0.287109 0.009766 0.007812
0 0.286133 0.284180 0.005859 0.013672
0 0.272461 0.285156 0.017578 0.015625
0 0.270508 0.278320 0.001953 0.001953
0 0.448242 0.291992 0.033203 0.033203
0 0.274414 0.274414 0.001953 0.001953
0 0.270508 0.274414 0.001953 0.001953
0 0.265625 0.274414 0.003906 0.001953
0 0.202148 0.274414 0.001953 0.001953
0 0.207031 0.273438 0.003906 0.003906
0 0.278320 0.270508 0.005859 0.001953
0 0.273438 0.267578 0.003906 0.003906
0 0.258789 0.270508 0.005859 0.009766
0 0.393555 0.264648 0.001953 0.001953
0 0.389648 0.264648 0.001953 0.001953
0 0.211914 0.264648 0.001953 0.001953
0 0.327148 0.258789 0.005859 0.001953
0 0.210938 0.258789 0.003906 0.001953
0 0.436523 0.250977 0.001953 0.001953
0 0.255859 0.250977 0.003906 0.001953
0 0.250977 0.250977 0.001953 0.001953
0 0.434570 0.247070 0.001953 0.001953
0 0.333008 0.248047 0.005859 0.003906
0 0.420898 0.245117 0.001953 0.001953
0 0.303711 0.239258 0.005859 0.001953
1 0.216797 0.239258 0.003906 0.005859
0 0.202148 0.256836 0.083984 0.083984
0 0.411133 0.213867 0.001953 0.001953
0 0.997070 0.192383 0.005859 0.001953
0 0.999023 0.182617 0.001953 0.001953
0 0.206055 0.180664 0.001953 0.001953
0 0.381836 0.229492 0.103516 0.111328
0 0.395508 0.172852 0.001953 0.001953
1 0.206055 0.173828 0.005859 0.003906
0 0.911133 0.174805 0.005859 0.009766
0 0.216797 0.169922 0.015625 0.011719
0 0.887695 0.165039 0.005859 0.005859
1 0.285156 0.156250 0.003906 0.003906
1 0.235352 0.155273 0.001953 0.001953
1 0.227539 0.151367 0.001953 0.001953
1 0.209961 0.152344 0.005859 0.003906
0 0.190430 0.154297 0.009766 0.007812
0 0.818359 0.148438 0.007812 0.007812
1 0.207031 0.146484 0.003906 0.003906
1 0.186523 0.145508 0.001953 0.001953
1 0.256836 0.147461 0.013672 0.017578
0 0.330078 0.132812 0.003906 0.003906
0 0.974609 0.125977 0.003906 0.001953
0 0.302734 0.198242 0.152344 0.150391
0 0.876953 0.107422 0.003906 0.003906
0 0.865234 0.109375 0.011719 0.007812
0 0.847656 0.103516 0.003906 0.003906
0 0.990234 0.135742 0.019531 0.072266
0 0.943359 0.115234 0.039062 0.035156
0 0.869141 0.099609 0.015625 0.003906
0 0.999023 0.092773 0.001953 0.005859
0 0.933594 0.087891 0.023438 0.015625
0 0.218750 0.106445 0.054688 0.056641
0 0.868164 0.075195 0.001953 0.001953
0 0.450195 0.075195 0.001953 0.001953
0 0.447266 0.070312 0.003906 0.003906
0 0.446289 0.065430 0.001953 0.001953
0 0.983398 0.055664 0.001953 0.001953
0 0.616211 0.049805 0.001953 0.001953
0 0.610352 0.049805 0.001953 0.001953
0 0.629883 0.048828 0.009766 0.011719
0 0.958008 0.038086 0.001953 0.001953
0 0.679688 0.040039 0.007812 0.005859
0 0.891602 0.036133 0.001953 0.001953
0 0.971680 0.042969 0.033203 0.039062
0 0.905273 0.022461 0.001953 0.001953
0 0.843750 0.025391 0.015625 0.007812
0 0.842773 0.020508 0.001953 0.001953
0 0.899414 0.019531 0.001953 0.003906
0 0.848633 0.016602 0.001953 0.001953
0 0.994141 0.008789 0.011719 0.009766
1 0.751953 0.004883 0.003906 0.001953
0 0.589844 0.010742 0.019531 0.013672
0 0.908203 0.000977 0.003906 0.001953
0 0.869141 0.047852 0.250000 0.095703
0 0.584961 0.000977 0.001953 0.001953
0 0.581055 0.000977 0.001953 0.001953
0 0.443359 0.000977 0.003906 0.001953
2 0.260742 0.999023 0.001953 0.001953
2 0.518555 0.994141 0.025391 0.011719
3 0.998047 0.939453 0.003906 0.003906
2 0.999023 0.625977 0.001953 0.001953
2 0.952148 0.618164 0.001953 0.001953
2 0.996094 0.615234 0.007812 0.011719
2 0.998047 0.600586 0.003906 0.017578
2 0.940430 0.584961 0.001953 0.001953
2 0.936523 0.581055 0.001953 0.001953
2 0.926758 0.581055 0.001953 0.001953
2 0.959961 0.577148 0.001953 0.001953
2 0.942383 0.577148 0.001953 0.001953
2 0.938477 0.577148 0.001953 0.001953
2 0.061523 0.428711 0.001953 0.001953
2 0.051758 0.420898 0.001953 0.001953
2 0.056641 0.418945 0.003906 0.001953
2 0.053711 0.407227 0.001953 0.001953
2 0.014648 0.397461 0.001953 0.001953
2 0.032227 0.381836 0.009766 0.005859
2 0.997070 0.107422 0.005859 0.003906
2 0.918945 0.071289 0.001953 0.001953
2 0.925781 0.069336 0.007812 0.005859
2 0.893555 0.067383 0.001953 0.001953
2 0.807617 0.067383 0.001953 0.001953
2 0.870117 0.063477 0.001953 0.001953
2 0.860352 0.063477 0.001953 0.001953
2 0.796875 0.063477 0.003906 0.001953
2 0.858398 0.059570 0.001953 0.001953
2 0.850586 0.060547 0.005859 0.003906
2 0.801758 0.059570 0.013672 0.001953
3 0.760742 0.059570 0.001953 0.001953
3 0.786133 0.055664 0.001953 0.001953
2 0.817383 0.053711 0.009766 0.001953
2 0.834961 0.059570 0.037109 0.025391
2 0.913086 0.036133 0.001953 0.001953
2 0.920898 0.035156 0.005859 0.003906
2 0.884766 0.022461 0.003906 0.001953
2 0.874023 0.012695 0.001953 0.001953
2 0.500000 0.500000 1.000000 1.000000