2 0.383789 0.999023 0.001953 0.001953
2 0.704102 0.994141 0.001953 0.003906
2 0.700195 0.993164 0.001953 0.001953
2 0.650391 0.980469 0.003906 0.003906
2 0.987305 0.978516 0.001953 0.003906
2 0.363281 0.986328 0.054688 0.027344
2 0.646484 0.966797 0.003906 0.011719
2 0.075195 0.976562 0.150391 0.046875
2 0.000977 0.950195 0.001953 0.001953
2 0.084961 0.934570 0.001953 0.001953
2 0.916992 0.931641 0.009766 0.003906
2 0.083008 0.930664 0.001953 0.001953
2 0.091797 0.920898 0.003906 0.005859
2 0.482422 0.910156 0.007812 0.007812
2 0.534180 0.888672 0.009766 0.007812
2 0.104492 0.885742 0.005859 0.005859
2 0.589844 0.883789 0.003906 0.005859
2 0.000977 0.866211 0.001953 0.001953
2 0.095703 0.866211 0.003906 0.005859
2 0.363281 0.861328 0.011719 0.007812
2 0.049805 0.895508 0.099609 0.076172
2 0.291016 0.860352 0.007812 0.009766
2 0.393555 0.886719 0.189453 0.089844
2 0.784180 0.841797 0.005859 0.003906
2 0.151367 0.834961 0.001953 0.001953
2 0.149414 0.830078 0.005859 0.003906
2 0.928711 0.827148 0.005859 0.005859
2 0.358398 0.820312 0.001953 0.003906
2 0.262695 0.823242 0.021484 0.025391
2 0.358398 0.810547 0.001953 0.003906
2 0.745117 0.807617 0.001953 0.001953
2 0.480469 0.828125 0.046875 0.046875
2 0.264648 0.806641 0.005859 0.003906
2 0.500977 0.803711 0.001953 0.001953
2 0.359375 0.803711 0.003906 0.005859
2 0.381836 0.826172 0.037109 0.058594
2 0.628906 0.769531 0.003906 0.003906
2 0.061523 0.760742 0.001953 0.001953
2 0.133789 0.759766 0.001953 0.003906
2 0.642578 0.759766 0.011719 0.011719
2 0.346680 0.752930 0.001953 0.001953
2 0.769531 0.749023 0.003906 0.001953
2 0.885742 0.731445 0.001953 0.001953
2 0.309570 0.727539 0.001953 0.001953
2 0.148438 0.803711 0.105469 0.154297
2 0.873047 0.727539 0.015625 0.009766
2 0.587891 0.727539 0.007812 0.013672
2 0.307617 0.722656 0.001953 0.003906
2 0.183594 0.722656 0.015625 0.007812
2 0.815430 0.715820 0.001953 0.001953
2 0.210938 0.721680 0.019531 0.013672
2 0.323242 0.713867 0.001953 0.001953
2 0.336914 0.733398 0.056641 0.044922
2 0.309570 0.714844 0.009766 0.007812
2 0.801758 0.713867 0.009766 0.009766
2 0.786133 0.708984 0.005859 0.003906
2 0.690430 0.708008 0.001953 0.001953
2 0.947266 0.707031 0.003906 0.003906
2 0.102539 0.710938 0.005859 0.011719
2 0.188477 0.708984 0.021484 0.015625
2 0.958008 0.702148 0.013672 0.005859
2 0.250977 0.698242 0.001953 0.001953
2 0.104492 0.698242 0.001953 0.001953
2 0.981445 0.694336 0.001953 0.001953
2 0.162109 0.690430 0.003906 0.001953
2 0.982422 0.688477 0.003906 0.001953
2 0.153320 0.690430 0.009766 0.005859
2 0.787109 0.690430 0.011719 0.009766
2 0.772461 0.840820 0.455078 0.318359
2 0.991211 0.682617 0.001953 0.001953
2 0.401367 0.678711 0.001953 0.001953
2 0.134766 0.680664 0.015625 0.009766
2 0.424805 0.673828 0.001953 0.003906
2 0.679688 0.669922 0.003906 0.007812
2 0.751953 0.758789 0.136719 0.193359
2 0.006836 0.663086 0.001953 0.001953
2 0.852539 0.659180 0.001953 0.001953
2 0.848633 0.657227 0.001953 0.001953
2 0.842773 0.683594 0.076172 0.054688
2 0.006836 0.658203 0.005859 0.003906
2 0.854492 0.653320 0.005859 0.005859
2 0.005859 0.646484 0.007812 0.007812
2 0.610352 0.639648 0.005859 0.005859
2 0.394531 0.657227 0.050781 0.041016
2 0.644531 0.690430 0.085938 0.119141
2 0.393555 0.632812 0.005859 0.003906
2 0.057617 0.710938 0.115234 0.164062
2 0.058594 0.632812 0.003906 0.007812
2 0.500000 0.628906 0.003906 0.003906
2 0.910156 0.622070 0.015625 0.009766
2 0.875000 0.615234 0.015625 0.011719
2 0.387695 0.608398 0.001953 0.001953
2 0.192383 0.606445 0.001953 0.001953
2 0.249023 0.595703 0.005859 0.003906
2 0.834961 0.588867 0.005859 0.005859
2 0.301758 0.571289 0.001953 0.001953
2 0.434570 0.567383 0.001953 0.001953
2 0.430664 0.565430 0.001953 0.001953
2 0.874023 0.559570 0.001953 0.001953
2 0.442383 0.559570 0.001953 0.001953
2 0.428711 0.557617 0.001953 0.001953
2 0.439453 0.554688 0.007812 0.007812
2 0.432617 0.551758 0.001953 0.001953
2 0.877930 0.547852 0.029297 0.021484
2 0.865234 0.580078 0.093750 0.089844
2 0.428711 0.540039 0.005859 0.013672
2 0.023438 0.545898 0.035156 0.041016
2 0.786133 0.524414 0.001953 0.001953
2 0.726562 0.524414 0.007812 0.005859
2 0.288086 0.544922 0.025391 0.046875
2 0.727539 0.515625 0.001953 0.003906
2 0.761719 0.521484 0.050781 0.039062
2 0.831055 0.490234 0.001953 0.003906
2 0.821289 0.485352 0.001953 0.001953
2 0.625977 0.489258 0.009766 0.009766
2 0.278320 0.484375 0.001953 0.003906
2 0.949219 0.478516 0.003906 0.003906
2 0.942383 0.477539 0.001953 0.001953
2 0.942383 0.473633 0.001953 0.001953
2 0.881836 0.469727 0.001953 0.001953
2 0.639648 0.465820 0.001953 0.001953
2 0.278320 0.463867 0.009766 0.009766
2 0.695312 0.459961 0.007812 0.005859
2 0.660156 0.471680 0.050781 0.029297
2 0.882812 0.453125 0.003906 0.003906
2 0.258789 0.439453 0.005859 0.003906
2 0.089844 0.442383 0.011719 0.009766
2 0.157227 0.437500 0.001953 0.003906
2 0.104492 0.413086 0.001953 0.001953
2 0.860352 0.480469 0.279297 0.148438
2 0.141602 0.395508 0.029297 0.029297
2 0.301758 0.380859 0.005859 0.003906
2 0.218750 0.366211 0.003906 0.001953
2 0.213867 0.366211 0.001953 0.001953
2 0.321289 0.364258 0.005859 0.005859
2 0.348633 0.566406 0.408203 0.410156
2 0.218750 0.362305 0.003906 0.001953
2 0.893555 0.381836 0.060547 0.052734
2 0.206055 0.349609 0.013672 0.011719
2 0.883789 0.329102 0.001953 0.005859
2 0.499023 0.355469 0.060547 0.070312
2 0.355469 0.335938 0.062500 0.074219
2 0.073242 0.297852 0.001953 0.001953
2 0.826172 0.296875 0.007812 0.003906
2 0.389648 0.293945 0.001953 0.005859
2 0.069336 0.292969 0.001953 0.003906
2 0.831055 0.290039 0.005859 0.005859
2 0.067383 0.288086 0.001953 0.001953
2 0.816406 0.288086 0.007812 0.005859
2 0.962891 0.323242 0.074219 0.080078
2 0.254883 0.319336 0.068359 0.072266
2 0.199219 0.295898 0.066406 0.048828
2 0.233398 0.270508 0.001953 0.001953
2 0.321289 0.266602 0.001953 0.001953
2 0.242188 0.266602 0.011719 0.013672
2 0.036133 0.247070 0.001953 0.001953
2 0.163086 0.231445 0.001953 0.001953
2 0.262695 0.215820 0.005859 0.001953
2 0.647461 0.211914 0.001953 0.001953
2 0.153320 0.208984 0.001953 0.003906
2 0.408203 0.201172 0.003906 0.003906
2 0.934570 0.257812 0.130859 0.128906
2 0.119141 0.190430 0.003906 0.001953
2 0.686523 0.232422 0.208984 0.117188
2 0.583008 0.170898 0.009766 0.001953
2 0.545898 0.159180 0.005859 0.001953
2 0.543945 0.155273 0.001953 0.001953
2 0.524414 0.147461 0.001953 0.001953
2 0.315430 0.134766 0.001953 0.003906
2 0.991211 0.146484 0.017578 0.042969
2 0.080078 0.282227 0.160156 0.345703
2 0.560547 0.106445 0.003906 0.005859
2 0.546875 0.105469 0.007812 0.003906
2 0.310547 0.119141 0.031250 0.031250
2 0.364258 0.100586 0.001953 0.001953
2 0.306641 0.093750 0.011719 0.011719
2 0.584961 0.093750 0.021484 0.023438
2 0.340820 0.061523 0.001953 0.001953
2 0.033203 0.060547 0.003906 0.003906
2 0.252930 0.053711 0.001953 0.001953
2 0.156250 0.033203 0.003906 0.003906
2 0.093750 0.022461 0.003906 0.001953
2 0.636719 0.010742 0.003906 0.001953
2 0.818359 0.086914 0.082031 0.173828
2 0.728516 0.002930 0.031250 0.005859
2 0.651367 0.005859 0.013672 0.011719
2 0.493164 0.000977 0.001953 0.001953
2 0.324219 0.153320 0.648438 0.306641
3 0.137695 0.999023 0.001953 0.001953
3 0.877930 0.998047 0.005859 0.003906
3 0.071289 0.998047 0.001953 0.003906
3 0.352539 0.985352 0.001953 0.001953
3 0.010742 0.991211 0.013672 0.017578
3 0.007812 0.978516 0.015625 0.015625
3 0.966797 0.982422 0.066406 0.035156
3 0.020508 0.906250 0.005859 0.003906
3 0.014648 0.901367 0.001953 0.001953
3 0.006836 0.901367 0.001953 0.001953
3 0.083008 0.899414 0.001953 0.001953
3 0.019531 0.900391 0.003906 0.003906
3 0.999023 0.895508 0.001953 0.001953
3 0.936523 0.872070 0.001953 0.001953
3 0.748047 0.931641 0.250000 0.136719
3 0.705078 0.861328 0.003906 0.003906
3 0.944336 0.821289 0.001953 0.001953
3 0.935547 0.818359 0.003906 0.003906
3 0.708008 0.807617 0.001953 0.001953
3 0.090820 0.653320 0.001953 0.001953
3 0.893555 0.502930 0.001953 0.001953
3 0.872070 0.471680 0.001953 0.001953
3 0.092773 0.420898 0.001953 0.001953
3 0.962891 0.327148 0.003906 0.001953
3 0.961914 0.313477 0.009766 0.005859
3 0.346680 0.287109 0.001953 0.003906
3 0.131836 0.278320 0.001953 0.001953
3 0.062500 0.269531 0.007812 0.007812
3 0.055664 0.263672 0.001953 0.003906
3 0.384766 0.238281 0.003906 0.003906
3 0.110352 0.208008 0.001953 0.001953
3 0.436523 0.202148 0.001953 0.001953
3 0.089844 0.187500 0.003906 0.003906
3 0.381836 0.194336 0.017578 0.025391
3 0.084961 0.182617 0.001953 0.001953
3 0.446289 0.184570 0.005859 0.009766
3 0.195312 0.183594 0.015625 0.007812
3 0.084961 0.178711 0.001953 0.001953
3 0.042969 0.306641 0.085938 0.261719
3 0.088867 0.168945 0.001953 0.001953
3 0.081055 0.170898 0.005859 0.009766
3 0.833008 0.160156 0.001953 0.003906
3 0.061523 0.153320 0.001953 0.001953
3 0.449219 0.141602 0.003906 0.001953
3 0.848633 0.114258 0.001953 0.001953
3 0.146484 0.078125 0.003906 0.003906
3 0.639648 0.051758 0.001953 0.001953
3 0.395508 0.041992 0.009766 0.005859
3 0.638672 0.041992 0.007812 0.013672
3 0.208008 0.037109 0.005859 0.007812
3 0.040039 0.022461 0.001953 0.001953
3 0.500000 0.500000 1.000000 1.000000
3 0.131836 0.027344 0.232422 0.054688