0 0.684570 0.999023 0.001953 0.001953
1 0.770508 0.997070 0.001953 0.001953
0 0.536133 0.998047 0.005859 0.003906
0 0.271484 0.998047 0.003906 0.003906
0 0.491211 0.997070 0.021484 0.005859
1 0.068359 0.997070 0.007812 0.005859
0 0.742188 0.996094 0.007812 0.007812
1 0.590820 0.995117 0.005859 0.005859
0 0.287109 0.996094 0.007812 0.007812
0 0.583008 0.991211 0.001953 0.001953
1 0.627930 0.994141 0.029297 0.011719
0 0.513672 0.994141 0.007812 0.011719
0 0.496094 0.989258 0.003906 0.005859
1 0.767578 0.992188 0.011719 0.015625
0 0.448242 0.990234 0.005859 0.015625
0 0.805664 0.985352 0.009766 0.009766
1 0.233398 0.981445 0.001953 0.001953
1 0.776367 0.979492 0.001953 0.001953
1 0.363281 0.986328 0.007812 0.015625
0 0.985352 0.977539 0.001953 0.001953
1 0.898438 0.980469 0.007812 0.007812
0 0.857422 0.981445 0.011719 0.009766
0 0.389648 0.980469 0.009766 0.011719
1 0.776367 0.974609 0.001953 0.003906
1 0.352539 0.973633 0.001953 0.001953
1 0.659180 0.971680 0.001953 0.001953
1 0.954102 0.984375 0.041016 0.031250
1 0.948242 0.969727 0.001953 0.001953
1 0.646484 0.979492 0.007812 0.021484
1 0.061523 0.973633 0.009766 0.013672
0 0.512695 0.965820 0.001953 0.001953
0 0.320312 0.982422 0.031250 0.035156
1 0.800781 0.972656 0.011719 0.019531
0 0.198242 0.963867 0.001953 0.001953
1 0.076172 0.965820 0.003906 0.005859
1 0.666992 0.980469 0.005859 0.039062
0 0.461914 0.980469 0.013672 0.039062
0 0.384766 0.967773 0.023438 0.013672
1 0.327148 0.961914 0.001953 0.001953
0 0.508789 0.960938 0.001953 0.003906
1 0.298828 0.966797 0.011719 0.019531
1 0.252930 0.958984 0.001953 0.003906
1 0.666992 0.957031 0.001953 0.003906
0 0.507812 0.954102 0.003906 0.001953
1 0.647461 0.957031 0.005859 0.011719
0 0.198242 0.956055 0.005859 0.009766
1 0.656250 0.951172 0.003906 0.003906
0 0.555664 0.947266 0.005859 0.003906
0 0.533203 0.966797 0.035156 0.042969
0 0.870117 0.942383 0.009766 0.005859
0 0.749023 0.965820 0.041016 0.052734
0 0.554688 0.941406 0.003906 0.003906
0 0.978516 0.968750 0.042969 0.062500
0 0.971680 0.936523 0.001953 0.001953
0 0.845703 0.967773 0.078125 0.064453
1 0.223633 0.942383 0.005859 0.013672
0 0.896484 0.949219 0.031250 0.031250
1 0.362305 0.934570 0.005859 0.001953
0 0.579102 0.932617 0.001953 0.001953
1 0.223633 0.932617 0.001953 0.001953
0 0.860352 0.933594 0.009766 0.007812
1 0.612305 0.941406 0.013672 0.023438
0 0.568359 0.964844 0.035156 0.070312
1 0.356445 0.930664 0.001953 0.001953
0 0.577148 0.928711 0.001953 0.001953
0 0.481445 0.957031 0.029297 0.058594
1 0.965820 0.931641 0.005859 0.011719
1 0.663086 0.928711 0.005859 0.005859
1 0.338867 0.947266 0.029297 0.042969
0 0.155273 0.932617 0.005859 0.013672
0 0.985352 0.928711 0.021484 0.009766
0 0.616211 0.924805 0.001953 0.001953
1 0.854492 0.922852 0.001953 0.001953
0 0.452148 0.926758 0.001953 0.009766
0 0.559570 0.922852 0.001953 0.005859
1 0.936523 0.919922 0.001953 0.003906
1 0.335938 0.919922 0.003906 0.003906
0 0.157227 0.923828 0.009766 0.011719
1 0.284180 0.921875 0.005859 0.015625
0 0.606445 0.918945 0.009766 0.013672
0 0.561523 0.915039 0.005859 0.005859
1 0.319336 0.921875 0.025391 0.019531
0 0.879883 0.922852 0.037109 0.025391
1 0.929688 0.910156 0.003906 0.003906
0 0.575195 0.914062 0.005859 0.011719
1 0.349609 0.913086 0.011719 0.009766
1 0.282227 0.909180 0.001953 0.001953
0 0.458008 0.916992 0.013672 0.021484
1 0.234375 0.911133 0.003906 0.009766
1 0.174805 0.905273 0.001953 0.001953
1 0.993164 0.904297 0.005859 0.003906
1 0.871094 0.903320 0.003906 0.001953
1 0.296875 0.911133 0.015625 0.021484
0 0.814453 0.925781 0.035156 0.054688
1 0.974609 0.899414 0.015625 0.005859
1 0.955078 0.911133 0.031250 0.029297
1 0.874023 0.897461 0.001953 0.001953
1 0.872070 0.893555 0.001953 0.001953
1 0.995117 0.895508 0.009766 0.009766
1 0.263672 0.944336 0.027344 0.111328
1 0.165039 0.889648 0.001953 0.001953
1 0.358398 0.889648 0.009766 0.009766
0 0.998047 0.885742 0.003906 0.005859
0 0.818359 0.892578 0.027344 0.019531
1 0.237305 0.888672 0.005859 0.011719
1 0.182617 0.883789 0.001953 0.001953
1 0.198242 0.914062 0.060547 0.066406
0 0.988281 0.881836 0.011719 0.005859
0 0.700195 0.939453 0.068359 0.121094
1 0.175781 0.879883 0.003906 0.005859
0 0.027344 0.881836 0.011719 0.017578
1 0.897461 0.888672 0.041016 0.035156
0 0.751953 0.906250 0.085938 0.070312
1 0.278320 0.886719 0.017578 0.031250
0 0.223633 0.872070 0.001953 0.001953
0 0.003906 0.889648 0.007812 0.037109
0 0.778320 0.870117 0.001953 0.001953
1 0.970703 0.879883 0.023438 0.025391
1 0.833008 0.877930 0.041016 0.021484
1 0.334961 0.868164 0.001953 0.001953
0 0.996094 0.872070 0.007812 0.013672
0 0.984375 0.869141 0.011719 0.007812
0 0.551758 0.866211 0.001953 0.001953
0 0.481445 0.866211 0.001953 0.001953
1 0.973633 0.864258 0.001953 0.001953
1 0.936523 0.865234 0.001953 0.003906
0 0.403320 0.927734 0.083984 0.128906
1 0.395508 0.864258 0.001953 0.001953
1 0.348633 0.875977 0.041016 0.025391
0 0.749023 0.862305 0.001953 0.001953
0 0.524414 0.909180 0.064453 0.095703
1 0.186523 0.862305 0.001953 0.001953
1 0.978516 0.861328 0.003906 0.003906
1 0.936523 0.860352 0.001953 0.001953
1 0.930664 0.860352 0.001953 0.001953
1 0.673828 0.866211 0.011719 0.013672
1 0.663086 0.860352 0.001953 0.001953
1 0.918945 0.866211 0.013672 0.017578
0 0.587891 0.859375 0.003906 0.003906
1 0.336914 0.859375 0.001953 0.003906
1 0.897461 0.858398 0.005859 0.005859
1 0.300781 0.860352 0.015625 0.009766
1 0.780273 0.855469 0.001953 0.003906
0 0.563477 0.856445 0.005859 0.005859
0 0.536133 0.854492 0.001953 0.001953
1 0.944336 0.858398 0.009766 0.013672
1 0.871094 0.853516 0.003906 0.003906
1 0.770508 0.858398 0.013672 0.013672
0 0.489258 0.853516 0.001953 0.003906
0 0.477539 0.899414 0.060547 0.095703
0 0.000977 0.853516 0.001953 0.003906
1 0.908203 0.852539 0.011719 0.005859
0 0.434570 0.855469 0.021484 0.011719
1 0.684570 0.851562 0.013672 0.011719
1 0.920898 0.849609 0.017578 0.015625
1 0.712891 0.864258 0.019531 0.044922
0 0.000977 0.842773 0.001953 0.001953
0 0.634766 0.890625 0.105469 0.101562
0 0.496094 0.841797 0.003906 0.003906
0 0.352539 0.851562 0.029297 0.027344
0 0.299805 0.837891 0.001953 0.003906
0 0.990234 0.846680 0.019531 0.025391
1 0.813477 0.834961 0.005859 0.001953
1 0.955078 0.838867 0.019531 0.013672
1 0.819336 0.833008 0.001953 0.001953
1 0.721680 0.833008 0.001953 0.001953
0 0.508789 0.844727 0.029297 0.025391
1 0.799805 0.830078 0.005859 0.003906
1 0.332031 0.829102 0.007812 0.005859
1 0.982422 0.828125 0.015625 0.007812
0 0.373047 0.841797 0.019531 0.035156
1 0.776367 0.821289 0.001953 0.001953
1 0.705078 0.822266 0.007812 0.003906
0 0.243164 0.822266 0.001953 0.003906
1 0.888672 0.821289 0.011719 0.005859
1 0.790039 0.819336 0.001953 0.001953
1 0.783203 0.820312 0.003906 0.007812
1 0.786133 0.815430 0.001953 0.001953
1 0.039062 0.816406 0.003906 0.003906
1 0.961914 0.813477 0.001953 0.001953
0 0.390625 0.813477 0.003906 0.001953
1 0.981445 0.811523 0.001953 0.001953
1 0.802734 0.836914 0.152344 0.052734
1 0.790039 0.811523 0.001953 0.001953
1 0.741211 0.811523 0.001953 0.001953
1 0.616211 0.813477 0.005859 0.005859
1 0.734375 0.812500 0.007812 0.007812
1 0.332031 0.814453 0.007812 0.011719
1 0.025391 0.904297 0.050781 0.191406
1 0.641602 0.815430 0.041016 0.017578
1 0.302734 0.838867 0.054688 0.064453
1 0.039062 0.809570 0.003906 0.005859
1 0.658203 0.805664 0.003906 0.001953
1 0.667969 0.805664 0.003906 0.005859
1 0.640625 0.803711 0.003906 0.001953
1 0.940430 0.812500 0.029297 0.023438
1 0.767578 0.811523 0.035156 0.021484
1 0.714844 0.805664 0.023438 0.009766
1 0.682617 0.803711 0.005859 0.005859
1 0.333008 0.801758 0.001953 0.001953
1 0.041992 0.802734 0.001953 0.003906
0 0.246094 0.806641 0.007812 0.015625
1 0.836914 0.802734 0.013672 0.011719
0 0.626953 0.802734 0.019531 0.011719
1 0.899414 0.796875 0.005859 0.007812
1 0.336914 0.793945 0.001953 0.001953
0 0.213867 0.793945 0.001953 0.001953
0 0.005859 0.798828 0.011719 0.011719
1 0.651367 0.796875 0.009766 0.011719
0 0.621094 0.791016 0.007812 0.003906
0 0.052734 0.795898 0.007812 0.013672
0 0.260742 0.797852 0.009766 0.021484
1 0.908203 0.790039 0.015625 0.009766
1 0.997070 0.786133 0.005859 0.005859
0 0.643555 0.786133 0.001953 0.005859
1 0.809570 0.785156 0.005859 0.007812
0 0.633789 0.786133 0.009766 0.009766
0 0.363281 0.804688 0.054688 0.046875
0 0.224609 0.786133 0.003906 0.009766
1 0.826172 0.791016 0.015625 0.023438
1 0.735352 0.784180 0.005859 0.009766
0 0.487305 0.798828 0.029297 0.039062
1 0.676758 0.788086 0.017578 0.021484
1 0.896484 0.778320 0.007812 0.005859
0 0.371094 0.778320 0.003906 0.005859
1 0.875977 0.777344 0.009766 0.007812
1 0.817383 0.774414 0.001953 0.001953
0 0.225586 0.774414 0.001953 0.001953
1 0.770508 0.772461 0.001953 0.001953
0 0.286133 0.797852 0.033203 0.052734
1 0.934570 0.770508 0.001953 0.001953
1 0.794922 0.779297 0.019531 0.019531
1 0.662109 0.770508 0.003906 0.001953
1 0.312500 0.772461 0.003906 0.005859
0 0.003906 0.779297 0.007812 0.019531
1 0.678711 0.766602 0.001953 0.001953
1 0.882812 0.767578 0.007812 0.007812
0 0.270508 0.764648 0.001953 0.001953
1 0.715820 0.778320 0.017578 0.033203
0 0.827148 0.758789 0.001953 0.001953
0 0.631836 0.759766 0.005859 0.003906
1 0.320312 0.767578 0.007812 0.019531
1 0.937500 0.759766 0.011719 0.007812
1 0.738281 0.765625 0.023438 0.023438
0 0.847656 0.757812 0.035156 0.015625
0 0.594727 0.750977 0.001953 0.001953
0 0.380859 0.780273 0.042969 0.060547
0 0.989258 0.751953 0.009766 0.007812
1 0.768555 0.770508 0.041016 0.044922
0 0.399414 0.759766 0.021484 0.023438
1 0.888672 0.746094 0.003906 0.003906
1 0.806641 0.747070 0.003906 0.005859
0 0.256836 0.749023 0.005859 0.009766
1 0.944336 0.748047 0.009766 0.011719
0 0.815430 0.749023 0.013672 0.013672
1 0.153320 0.744141 0.001953 0.003906
0 0.000977 0.743164 0.001953 0.001953
1 0.899414 0.754883 0.021484 0.029297
1 0.325195 0.742188 0.001953 0.003906
1 0.956055 0.739258 0.001953 0.001953
1 0.153320 0.739258 0.001953 0.001953
1 0.672852 0.737305 0.001953 0.001953
1 0.647461 0.738281 0.001953 0.003906
1 0.904297 0.735352 0.003906 0.001953
1 0.201172 0.741211 0.007812 0.013672
1 0.996094 0.739258 0.007812 0.013672
0 0.634766 0.742188 0.011719 0.019531
1 0.903320 0.731445 0.001953 0.001953
1 0.736328 0.731445 0.007812 0.001953
0 0.597656 0.729492 0.003906 0.001953
0 0.270508 0.729492 0.001953 0.001953
0 0.870117 0.727539 0.001953 0.001953
1 0.883789 0.732422 0.021484 0.015625
0 0.845703 0.738281 0.046875 0.027344
1 0.025391 0.731445 0.023438 0.013672
1 0.793945 0.739258 0.083984 0.033203
1 0.681641 0.729492 0.011719 0.013672
1 0.318359 0.725586 0.003906 0.005859
0 0.254883 0.723633 0.001953 0.001953
1 0.422852 0.721680 0.001953 0.001953
1 0.969727 0.764648 0.060547 0.091797
1 0.724609 0.724609 0.007812 0.011719
1 0.700195 0.727539 0.017578 0.017578
1 0.778320 0.717773 0.001953 0.001953
0 0.621094 0.731445 0.027344 0.033203
0 0.281250 0.742188 0.039062 0.054688
1 0.997070 0.711914 0.001953 0.001953
0 0.357422 0.732422 0.023438 0.042969
1 0.312500 0.714844 0.003906 0.007812
1 0.940430 0.716797 0.017578 0.015625
1 0.811523 0.713867 0.013672 0.009766
1 0.399414 0.725586 0.021484 0.033203
1 0.694336 0.704102 0.001953 0.001953
0 0.472656 0.705078 0.003906 0.003906
1 0.209961 0.704102 0.001953 0.001953
1 0.900391 0.714844 0.023438 0.027344
1 0.837891 0.705078 0.023438 0.011719
1 0.401367 0.708984 0.017578 0.019531
0 0.303711 0.705078 0.013672 0.011719
1 0.939453 0.703125 0.015625 0.011719
1 0.719727 0.704102 0.009766 0.013672
1 0.363281 0.706055 0.023438 0.017578
1 0.197266 0.711914 0.011719 0.029297
1 0.586914 0.696289 0.001953 0.001953
1 0.392578 0.696289 0.003906 0.001953
1 0.935547 0.697266 0.007812 0.007812
1 0.788086 0.695312 0.001953 0.003906
1 0.879883 0.696289 0.009766 0.009766
1 0.178711 0.691406 0.005859 0.003906
1 0.172852 0.692383 0.001953 0.005859
1 0.766602 0.704102 0.017578 0.033203
1 0.741211 0.702148 0.021484 0.029297
1 0.550781 0.692383 0.003906 0.009766
1 0.668945 0.688477 0.005859 0.005859
0 0.349609 0.690430 0.007812 0.009766
1 0.892578 0.687500 0.011719 0.007812
1 0.814453 0.687500 0.007812 0.007812
1 0.739258 0.682617 0.001953 0.001953
1 0.664062 0.682617 0.003906 0.001953
1 0.861328 0.689453 0.035156 0.019531
1 0.843750 0.681641 0.011719 0.003906
1 0.714844 0.684570 0.007812 0.009766
1 0.700195 0.680664 0.001953 0.001953
0 0.020508 0.692383 0.033203 0.025391
1 0.166992 0.681641 0.005859 0.011719
1 0.801758 0.674805 0.001953 0.001953
1 0.681641 0.686523 0.015625 0.025391
1 0.550781 0.677734 0.003906 0.011719
1 0.525391 0.677734 0.007812 0.011719
1 0.380859 0.677734 0.007812 0.011719
1 0.785156 0.675781 0.023438 0.011719
1 0.666016 0.672852 0.003906 0.005859
1 0.658203 0.672852 0.007812 0.005859
1 0.639648 0.671875 0.001953 0.003906
1 0.361328 0.683594 0.015625 0.027344
1 0.632812 0.707031 0.089844 0.078125
1 0.374023 0.668945 0.005859 0.001953
1 0.690430 0.670898 0.013672 0.009766
1 0.978516 0.666992 0.007812 0.005859
1 0.763672 0.666016 0.003906 0.003906
1 0.754883 0.661133 0.001953 0.001953
1 0.739258 0.664062 0.009766 0.007812
1 0.721680 0.665039 0.013672 0.009766
0 0.240234 0.680664 0.015625 0.041016
0 0.182617 0.661133 0.001953 0.001953
1 0.977539 0.659180 0.001953 0.001953
0 0.216797 0.683594 0.035156 0.050781
1 0.133789 0.829102 0.232422 0.341797
1 0.909180 0.659180 0.005859 0.005859
1 0.823242 0.657227 0.001953 0.001953
1 0.793945 0.660156 0.044922 0.007812
1 0.520508 0.657227 0.001953 0.001953
1 0.990234 0.659180 0.019531 0.009766
0 0.414062 0.659180 0.007812 0.009766
1 0.528320 0.660156 0.009766 0.015625
1 0.840820 0.656250 0.025391 0.011719
0 0.458008 0.651367 0.001953 0.001953
1 0.959961 0.651367 0.005859 0.009766
1 0.684570 0.647461 0.001953 0.001953
1 0.953125 0.666016 0.042969 0.042969
1 0.368164 0.648438 0.005859 0.007812
0 0.214844 0.649414 0.007812 0.009766
0 0.181641 0.649414 0.003906 0.009766
1 0.932617 0.644531 0.001953 0.003906
1 0.790039 0.644531 0.005859 0.003906
0 0.607422 0.651367 0.027344 0.017578
0 0.202148 0.659180 0.017578 0.033203
0 0.523438 0.645508 0.007812 0.009766
1 0.997070 0.643555 0.005859 0.009766
1 0.843750 0.642578 0.007812 0.007812
1 0.829102 0.637695 0.017578 0.001953
1 0.807617 0.639648 0.009766 0.005859
1 0.797852 0.637695 0.001953 0.001953
1 0.736328 0.641602 0.007812 0.009766
1 0.724609 0.641602 0.007812 0.009766
1 0.354492 0.637695 0.001953 0.001953
0 0.188477 0.637695 0.005859 0.005859
1 0.690430 0.633789 0.001953 0.001953
0 0.255859 0.635742 0.003906 0.005859
0 0.255859 0.709961 0.062500 0.158203
1 0.963867 0.638672 0.017578 0.019531
0 0.215820 0.632812 0.005859 0.011719
0 0.199219 0.634766 0.007812 0.015625
1 0.870117 0.632812 0.033203 0.015625
1 0.639648 0.632812 0.013672 0.015625
1 0.749023 0.632812 0.017578 0.019531
1 0.783203 0.622070 0.003906 0.001953
1 0.661133 0.620117 0.001953 0.001953
0 0.416992 0.620117 0.001953 0.001953
1 0.912109 0.629883 0.058594 0.025391
0 0.316406 0.661133 0.058594 0.087891
0 0.137695 0.618164 0.001953 0.001953
1 0.831055 0.620117 0.017578 0.009766
1 0.625977 0.617188 0.001953 0.003906
0 0.325195 0.624023 0.013672 0.017578
1 0.999023 0.615234 0.001953 0.003906
0 0.415039 0.614258 0.001953 0.001953
0 0.613281 0.628906 0.015625 0.039062
0 0.414062 0.610352 0.003906 0.001953
1 0.651367 0.608398 0.001953 0.001953
1 0.998047 0.606445 0.003906 0.001953
0 0.710938 0.620117 0.027344 0.029297
1 0.090820 0.606445 0.001953 0.001953
1 0.993164 0.604492 0.001953 0.001953
0 0.372070 0.605469 0.001953 0.003906
1 0.954102 0.613281 0.029297 0.031250
0 0.227539 0.631836 0.044922 0.068359
0 0.709961 0.596680 0.009766 0.005859
1 0.846680 0.590820 0.013672 0.013672
1 0.618164 0.594727 0.009766 0.021484
1 0.959961 0.589844 0.009766 0.019531
0 0.229492 0.581055 0.001953 0.001953
0 0.086914 0.631836 0.083984 0.103516
0 0.737305 0.597656 0.029297 0.039062
0 0.721680 0.579102 0.001953 0.001953
0 0.127930 0.579102 0.001953 0.001953
1 0.937500 0.580078 0.003906 0.007812
1 0.684570 0.606445 0.056641 0.060547
0 0.583008 0.577148 0.001953 0.001953
0 0.555664 0.591797 0.017578 0.031250
0 0.395508 0.613281 0.033203 0.074219
0 0.233398 0.579102 0.001953 0.005859
0 0.193359 0.579102 0.003906 0.005859
1 0.831055 0.582031 0.009766 0.015625
0 0.713867 0.573242 0.001953 0.001953
0 0.590820 0.576172 0.005859 0.007812
0 0.243164 0.585938 0.013672 0.027344
0 0.157227 0.620117 0.076172 0.095703
1 0.695312 0.571289 0.003906 0.005859
0 0.187500 0.572266 0.007812 0.007812
0 0.088867 0.579102 0.017578 0.021484
0 0.549805 0.568359 0.005859 0.003906
0 0.204102 0.568359 0.001953 0.003906
1 0.788086 0.590820 0.044922 0.056641
1 0.913086 0.564453 0.005859 0.007812
1 0.936523 0.559570 0.001953 0.001953
0 0.598633 0.564453 0.013672 0.011719
1 0.851562 0.559570 0.003906 0.005859
1 0.684570 0.557617 0.001953 0.001953
0 0.446289 0.555664 0.001953 0.001953
1 0.994141 0.568359 0.011719 0.031250
0 0.477539 0.556641 0.005859 0.007812
1 0.947266 0.561523 0.007812 0.021484
1 0.899414 0.557617 0.017578 0.013672
1 0.777344 0.556641 0.027344 0.011719
1 0.653320 0.551758 0.001953 0.001953
0 0.189453 0.551758 0.003906 0.001953
0 0.754883 0.550781 0.001953 0.003906
0 0.443359 0.550781 0.003906 0.003906
0 0.401367 0.549805 0.001953 0.001953
0 0.184570 0.549805 0.001953 0.001953
1 0.778320 0.548828 0.009766 0.003906
0 0.600586 0.548828 0.001953 0.003906
0 0.090820 0.547852 0.001953 0.001953
1 0.956055 0.546875 0.001953 0.003906
1 0.796875 0.547852 0.007812 0.005859
1 0.772461 0.545898 0.001953 0.001953
0 0.206055 0.545898 0.001953 0.001953
0 0.170898 0.545898 0.001953 0.001953
1 0.649414 0.575195 0.044922 0.064453
0 0.481445 0.543945 0.001953 0.001953
0 0.457031 0.553711 0.007812 0.025391
0 0.208008 0.541992 0.001953 0.001953
0 0.126953 0.547852 0.011719 0.013672
0 0.116211 0.544922 0.009766 0.011719
0 0.583984 0.544922 0.027344 0.015625
0 0.348633 0.538086 0.001953 0.001953
1 0.882812 0.577148 0.058594 0.083984
1 0.839844 0.549805 0.023438 0.029297
0 0.398438 0.537109 0.003906 0.003906
0 0.318359 0.536133 0.003906 0.001953
0 0.114258 0.575195 0.119141 0.080078
0 0.493164 0.534180 0.001953 0.001953
1 0.645508 0.545898 0.021484 0.029297
1 0.689453 0.543945 0.019531 0.029297
0 0.153320 0.530273 0.001953 0.001953
0 0.119141 0.534180 0.011719 0.009766
0 0.103516 0.539062 0.015625 0.019531
0 0.127930 0.528320 0.001953 0.001953
1 0.935547 0.541016 0.011719 0.031250
1 0.889648 0.533203 0.017578 0.015625
1 0.865234 0.527344 0.003906 0.003906
0 0.721680 0.526367 0.001953 0.001953
1 0.646484 0.527344 0.003906 0.003906
0 0.070312 0.533203 0.015625 0.015625
1 0.775391 0.530273 0.023438 0.013672
0 0.729492 0.553711 0.060547 0.060547
1 0.653320 0.525391 0.005859 0.003906
0 0.416992 0.524414 0.001953 0.001953
0 0.063477 0.525391 0.001953 0.003906
1 0.951172 0.528320 0.015625 0.013672
0 0.206055 0.520508 0.001953 0.001953
1 0.899414 0.521484 0.005859 0.007812
0 0.200195 0.518555 0.001953 0.001953
0 0.073242 0.518555 0.001953 0.001953
1 0.855469 0.518555 0.007812 0.005859
1 0.660156 0.519531 0.003906 0.007812
0 0.103516 0.521484 0.011719 0.011719
1 0.815430 0.525391 0.052734 0.023438
0 0.069336 0.514648 0.001953 0.001953
1 0.695312 0.523438 0.019531 0.027344
0 0.081055 0.515625 0.009766 0.011719
0 0.158203 0.517578 0.015625 0.019531
1 0.689453 0.506836 0.003906 0.001953
1 0.657227 0.509766 0.009766 0.007812
1 0.936523 0.509766 0.009766 0.015625
1 0.482422 0.510742 0.011719 0.017578
1 0.079102 0.502930 0.001953 0.001953
0 0.366211 0.533203 0.029297 0.066406
0 0.215820 0.528320 0.021484 0.056641
1 0.944336 0.507812 0.009766 0.019531
1 0.880859 0.504883 0.007812 0.013672
1 0.500000 0.500977 0.003906 0.005859
0 0.485352 0.499023 0.001953 0.001953
0 0.446289 0.499023 0.001953 0.001953
1 0.680664 0.501953 0.013672 0.011719
0 0.272461 0.497070 0.001953 0.001953
1 0.077148 0.495117 0.001953 0.001953
1 0.781250 0.494141 0.003906 0.003906
0 0.456055 0.500977 0.005859 0.017578
0 0.431641 0.514648 0.023438 0.044922
0 0.272461 0.493164 0.001953 0.001953
1 0.808594 0.496094 0.007812 0.011719
0 0.346680 0.499023 0.009766 0.017578
0 0.329102 0.512695 0.021484 0.044922
0 0.128906 0.507812 0.031250 0.035156
1 0.891602 0.493164 0.013672 0.009766
1 0.799805 0.492188 0.009766 0.007812
1 0.673828 0.490234 0.007812 0.003906
0 0.200195 0.543945 0.083984 0.111328
1 0.646484 0.501953 0.011719 0.031250
0 0.538086 0.491211 0.009766 0.009766
0 0.526367 0.488281 0.001953 0.003906
0 0.352539 0.488281 0.001953 0.003906
1 0.490234 0.494141 0.003906 0.019531
0 0.323242 0.486328 0.001953 0.003906
0 0.095703 0.486328 0.003906 0.003906
0 0.342773 0.485352 0.001953 0.005859
0 0.208984 0.494141 0.019531 0.023438
0 0.458984 0.513672 0.042969 0.066406
1 0.130859 0.487305 0.011719 0.013672
0 0.191406 0.487305 0.011719 0.017578
1 0.923828 0.494141 0.050781 0.035156
1 0.094727 0.477539 0.001953 0.001953
1 0.485352 0.479492 0.005859 0.009766
0 0.198242 0.475586 0.001953 0.001953
1 0.866211 0.480469 0.013672 0.015625
1 0.083008 0.477539 0.017578 0.009766
0 0.471680 0.474609 0.005859 0.007812
0 0.394531 0.535156 0.070312 0.132812
1 0.997070 0.467773 0.001953 0.001953
1 0.817383 0.468750 0.005859 0.003906
0 0.579102 0.465820 0.001953 0.001953
1 0.508789 0.475586 0.021484 0.021484
1 0.847656 0.468750 0.019531 0.011719
0 0.210938 0.471680 0.019531 0.017578
1 0.910156 0.470703 0.019531 0.019531
1 0.897461 0.466797 0.013672 0.011719
0 0.586914 0.461914 0.001953 0.001953
1 0.526367 0.472656 0.005859 0.023438
1 0.385742 0.463867 0.001953 0.005859
1 0.549805 0.459961 0.001953 0.001953
0 0.360352 0.459961 0.001953 0.001953
0 0.033203 0.574219 0.066406 0.230469
1 0.791992 0.463867 0.037109 0.013672
0 0.627930 0.459961 0.005859 0.005859
0 0.218750 0.461914 0.003906 0.009766
1 0.755859 0.482422 0.070312 0.054688
0 0.439453 0.473633 0.015625 0.037109
0 0.452148 0.461914 0.005859 0.017578
1 0.997070 0.452148 0.001953 0.001953
1 0.212891 0.452148 0.003906 0.001953
1 0.976562 0.483398 0.046875 0.068359
1 0.915039 0.455078 0.005859 0.011719
0 0.684570 0.471680 0.033203 0.044922
0 0.448242 0.450195 0.001953 0.001953
1 0.872070 0.455078 0.017578 0.015625
0 0.610352 0.448242 0.001953 0.001953
1 0.492188 0.458984 0.007812 0.023438
0 0.504883 0.653320 0.259766 0.416016
1 0.561523 0.446289 0.001953 0.001953
1 0.791016 0.448242 0.015625 0.009766
1 0.750977 0.447266 0.009766 0.011719
0 0.447266 0.443359 0.003906 0.003906
1 0.221680 0.443359 0.001953 0.003906
1 0.640625 0.447266 0.007812 0.015625
0 0.354492 0.467773 0.017578 0.056641
1 0.975586 0.438477 0.001953 0.001953
1 0.866211 0.438477 0.001953 0.001953
1 0.810547 0.439453 0.011719 0.003906
0 0.249023 0.438477 0.001953 0.001953
1 0.698242 0.444336 0.005859 0.017578
1 0.516602 0.438477 0.001953 0.005859
0 0.238281 0.445312 0.027344 0.019531
1 0.957031 0.440430 0.007812 0.013672
1 0.883789 0.442383 0.017578 0.017578
1 0.776367 0.445312 0.013672 0.023438
1 0.381836 0.434570 0.001953 0.001953
1 0.849609 0.434570 0.007812 0.005859
1 0.643555 0.434570 0.005859 0.005859
1 0.208008 0.436523 0.009766 0.009766
1 0.862305 0.430664 0.001953 0.001953
1 0.788086 0.430664 0.001953 0.001953
1 0.784180 0.431641 0.001953 0.003906
1 0.758789 0.431641 0.001953 0.003906
1 0.928711 0.428711 0.001953 0.001953
1 0.536133 0.433594 0.005859 0.011719
1 0.364258 0.454102 0.009766 0.052734
1 0.215820 0.429688 0.001953 0.003906
1 0.199219 0.430664 0.007812 0.005859
1 0.938477 0.443359 0.013672 0.035156
1 0.758789 0.426758 0.001953 0.001953
1 0.835938 0.427734 0.007812 0.007812
1 0.821289 0.428711 0.013672 0.009766
1 0.339844 0.432617 0.007812 0.017578
1 0.619141 0.424805 0.003906 0.005859
0 0.244141 0.428711 0.007812 0.013672
0 0.027344 0.424805 0.007812 0.009766
1 0.799805 0.418945 0.001953 0.001953
1 0.610352 0.416992 0.001953 0.001953
1 0.914062 0.416016 0.003906 0.003906
1 0.851562 0.418945 0.015625 0.009766
1 0.775391 0.422852 0.027344 0.017578
0 0.999023 0.411133 0.001953 0.001953
1 0.922852 0.416016 0.005859 0.011719
0 0.398438 0.436523 0.031250 0.052734
0 0.994141 0.409180 0.003906 0.001953
1 0.811523 0.413086 0.017578 0.009766
1 0.843750 0.410156 0.007812 0.007812
1 0.359375 0.414062 0.007812 0.019531
0 0.266602 0.405273 0.001953 0.001953
1 0.884766 0.414062 0.039062 0.023438
1 0.762695 0.406250 0.005859 0.007812
1 0.897461 0.399414 0.001953 0.001953
1 0.837891 0.401367 0.011719 0.009766
1 0.524414 0.398438 0.001953 0.003906
1 0.373047 0.400391 0.007812 0.007812
1 0.789062 0.406250 0.027344 0.023438
1 0.581055 0.402344 0.005859 0.015625
1 0.388672 0.402344 0.019531 0.019531
1 0.570312 0.395508 0.007812 0.009766
1 0.767578 0.394531 0.011719 0.011719
0 0.429688 0.389648 0.003906 0.001953
0 0.435547 0.416016 0.039062 0.058594
1 0.884766 0.397461 0.015625 0.025391
0 0.445312 0.385742 0.003906 0.001953
0 0.279297 0.508789 0.152344 0.248047
1 0.905273 0.388672 0.013672 0.011719
1 0.853516 0.385742 0.003906 0.005859
1 0.834961 0.384766 0.005859 0.003906
0 0.438477 0.383789 0.001953 0.001953
1 0.816406 0.384766 0.007812 0.007812
0 0.419922 0.383789 0.003906 0.005859
0 0.323242 0.400391 0.044922 0.042969
1 0.591797 0.426758 0.082031 0.099609
0 0.465820 0.375977 0.001953 0.001953
1 0.096680 0.377930 0.005859 0.005859
1 0.624023 0.376953 0.005859 0.007812
0 0.259766 0.381836 0.011719 0.017578
1 0.938477 0.398438 0.017578 0.054688
1 0.533203 0.396484 0.015625 0.050781
0 0.994141 0.375000 0.011719 0.011719
1 0.544922 0.378906 0.011719 0.023438
0 0.409180 0.369141 0.001953 0.003906
1 0.276367 0.373047 0.009766 0.011719
1 0.882812 0.370117 0.015625 0.009766
0 0.675781 0.411133 0.042969 0.091797
1 0.518555 0.366211 0.001953 0.001953
0 0.452148 0.369141 0.001953 0.007812
0 0.224609 0.387695 0.050781 0.044922
0 0.205078 0.368164 0.011719 0.005859
1 0.116211 0.366211 0.001953 0.001953
1 0.292969 0.366211 0.003906 0.005859
1 0.265625 0.366211 0.007812 0.005859
0 0.254883 0.369141 0.009766 0.011719
1 0.599609 0.366211 0.003906 0.009766
0 0.985352 0.382812 0.029297 0.046875
1 0.824219 0.363281 0.003906 0.011719
1 0.871094 0.360352 0.019531 0.009766
1 0.854492 0.370117 0.037109 0.029297
1 0.520508 0.358398 0.005859 0.005859
0 0.448242 0.357422 0.001953 0.003906
1 0.129883 0.356445 0.001953 0.001953
1 0.952148 0.350586 0.001953 0.001953
1 0.895508 0.356445 0.013672 0.013672
1 0.830078 0.352539 0.007812 0.005859
1 0.703125 0.352539 0.003906 0.009766
1 0.327148 0.355469 0.009766 0.015625
1 0.397461 0.349609 0.009766 0.007812
1 0.143555 0.347656 0.001953 0.003906
1 0.805664 0.360352 0.021484 0.033203
1 0.667969 0.363281 0.019531 0.042969
1 0.612305 0.361328 0.009766 0.046875
1 0.535156 0.352539 0.019531 0.029297
0 0.502930 0.344727 0.005859 0.013672
1 0.786133 0.350586 0.029297 0.029297
1 0.612305 0.334961 0.001953 0.001953
1 0.557617 0.345703 0.013672 0.023438
0 0.510742 0.334961 0.001953 0.001953
0 0.141602 0.335938 0.009766 0.007812
1 0.898438 0.335938 0.011719 0.011719
0 0.992188 0.334961 0.015625 0.013672
1 0.686523 0.329102 0.001953 0.001953
1 0.134766 0.330078 0.003906 0.003906
1 0.920898 0.338867 0.021484 0.025391
1 0.120117 0.325195 0.001953 0.001953
0 0.983398 0.344727 0.033203 0.044922
0 0.187500 0.336914 0.007812 0.029297
0 0.732422 0.326172 0.011719 0.011719
1 0.606445 0.322266 0.005859 0.007812
1 0.580078 0.320312 0.007812 0.007812
1 0.563477 0.324219 0.021484 0.015625
1 0.854492 0.320312 0.013672 0.011719
1 0.591797 0.320312 0.007812 0.011719
0 0.426758 0.355469 0.056641 0.082031
1 0.557617 0.313477 0.001953 0.001953
0 0.225586 0.312500 0.001953 0.003906
1 0.083984 0.312500 0.003906 0.003906
1 0.559570 0.309570 0.001953 0.001953
0 0.341797 0.320312 0.019531 0.023438
1 0.928711 0.310547 0.009766 0.007812
0 0.374023 0.307617 0.001953 0.001953
0 0.172852 0.307617 0.001953 0.001953
1 0.010742 0.307617 0.001953 0.001953
1 0.974609 0.312500 0.015625 0.015625
1 0.893555 0.308594 0.009766 0.007812
0 0.741211 0.381836 0.052734 0.154297
1 0.674805 0.322266 0.017578 0.035156
1 0.529297 0.307617 0.003906 0.005859
0 0.447266 0.307617 0.003906 0.005859
1 0.326172 0.312500 0.007812 0.015625
1 0.308594 0.309570 0.007812 0.009766
1 0.819336 0.309570 0.013672 0.013672
1 0.379883 0.303711 0.001953 0.001953
0 0.188477 0.303711 0.001953 0.001953
1 0.010742 0.303711 0.001953 0.001953
1 0.640625 0.331055 0.023438 0.060547
0 0.464844 0.320312 0.011719 0.039062
1 0.925781 0.301758 0.003906 0.005859
1 0.863281 0.307617 0.023438 0.017578
1 0.836914 0.304688 0.017578 0.011719
0 0.186523 0.299805 0.001953 0.001953
1 0.278320 0.328125 0.048828 0.062500
0 0.354492 0.346680 0.041016 0.103516
1 0.257812 0.296875 0.003906 0.003906
0 0.235352 0.297852 0.005859 0.005859
0 0.141602 0.295898 0.001953 0.001953
0 0.139648 0.315430 0.037109 0.041016
1 0.826172 0.294922 0.007812 0.003906
1 0.802734 0.300781 0.007812 0.015625
1 0.634766 0.296875 0.007812 0.007812
0 0.490234 0.369141 0.066406 0.152344
0 0.456055 0.296875 0.001953 0.007812
0 0.449219 0.296875 0.003906 0.007812
1 0.878906 0.293945 0.003906 0.005859
1 0.283203 0.292969 0.007812 0.003906
1 0.125977 0.300781 0.013672 0.019531
1 0.869141 0.295898 0.015625 0.013672
1 0.813477 0.293945 0.009766 0.009766
1 0.801758 0.290039 0.001953 0.001953
1 0.016602 0.290039 0.001953 0.001953
1 0.539062 0.306641 0.019531 0.039062
1 0.116211 0.290039 0.005859 0.005859
1 0.532227 0.286133 0.001953 0.001953
0 0.478516 0.290039 0.023438 0.009766
1 0.894531 0.293945 0.015625 0.021484
1 0.795898 0.284180 0.001953 0.001953
0 0.176758 0.293945 0.017578 0.021484
0 0.218750 0.320312 0.050781 0.078125
0 0.040039 0.282227 0.001953 0.001953
0 0.991211 0.299805 0.017578 0.041016
1 0.926758 0.290039 0.013672 0.025391
1 0.684570 0.290039 0.017578 0.025391
0 0.040039 0.278320 0.001953 0.001953
1 0.020508 0.278320 0.001953 0.001953
0 0.458008 0.282227 0.005859 0.013672
1 0.426758 0.320312 0.044922 0.089844
1 0.904297 0.276367 0.011719 0.005859
0 0.436523 0.276367 0.013672 0.005859
1 0.022461 0.274414 0.001953 0.001953
1 0.904297 0.270508 0.003906 0.001953
1 0.830078 0.279297 0.019531 0.019531
1 0.547852 0.271484 0.001953 0.003906
1 0.985352 0.272461 0.005859 0.009766
0 0.380859 0.285156 0.035156 0.035156
0 0.343750 0.279297 0.023438 0.027344
1 0.870117 0.270508 0.009766 0.013672
1 0.591797 0.268555 0.007812 0.009766
1 0.535156 0.268555 0.007812 0.009766
0 0.174805 0.269531 0.009766 0.011719
1 0.014648 0.276367 0.013672 0.025391
1 0.959961 0.264648 0.001953 0.005859
1 0.911133 0.262695 0.001953 0.001953
1 0.601562 0.263672 0.003906 0.003906
1 0.514648 0.267578 0.017578 0.011719
1 0.131836 0.264648 0.013672 0.005859
0 0.749023 0.260742 0.001953 0.001953
0 0.367188 0.260742 0.003906 0.001953
0 0.357422 0.269531 0.015625 0.019531
0 0.212891 0.276367 0.023438 0.033203
1 0.575195 0.284180 0.017578 0.052734
1 0.506836 0.258789 0.001953 0.001953
1 0.744141 0.258789 0.003906 0.005859
0 0.385742 0.256836 0.001953 0.001953
0 0.359375 0.257812 0.003906 0.003906
1 0.227539 0.259766 0.009766 0.007812
0 0.185547 0.257812 0.003906 0.003906
0 0.168945 0.322266 0.044922 0.132812
0 0.108398 0.258789 0.005859 0.005859
1 0.465820 0.254883 0.001953 0.001953
1 0.418945 0.254883 0.001953 0.001953
0 0.367188 0.255859 0.007812 0.003906
0 0.331055 0.260742 0.013672 0.013672
1 0.961914 0.255859 0.005859 0.007812
0 0.186523 0.252930 0.001953 0.001953
0 0.144531 0.268555 0.011719 0.033203
0 0.095703 0.381836 0.191406 0.259766
1 0.003906 0.262695 0.003906 0.021484
1 0.924805 0.261719 0.025391 0.023438
0 0.846680 0.250977 0.001953 0.001953
1 0.566406 0.251953 0.003906 0.003906
0 0.096680 0.250977 0.001953 0.001953
1 0.532227 0.254883 0.005859 0.013672
0 0.375977 0.254883 0.009766 0.013672
0 0.044922 0.261719 0.011719 0.027344
1 0.936523 0.248047 0.005859 0.007812
1 0.899414 0.253906 0.005859 0.019531
1 0.600586 0.250000 0.005859 0.011719
1 0.963867 0.247070 0.013672 0.009766
0 0.823242 0.262695 0.044922 0.041016
0 0.203125 0.250977 0.011719 0.021484
1 0.935547 0.240234 0.003906 0.003906
1 0.485352 0.237305 0.001953 0.001953
0 0.321289 0.237305 0.001953 0.001953
0 0.010742 0.237305 0.001953 0.001953
1 0.432617 0.251953 0.033203 0.035156
0 0.130859 0.238281 0.003906 0.007812
1 0.653320 0.263672 0.033203 0.062500
1 0.565430 0.237305 0.005859 0.009766
0 0.167969 0.237305 0.007812 0.009766
1 0.996094 0.244141 0.007812 0.031250
0 0.344727 0.230469 0.001953 0.003906
1 0.323242 0.231445 0.005859 0.005859
0 0.042969 0.236328 0.007812 0.015625
1 0.839844 0.223633 0.003906 0.001953
1 0.713867 0.224609 0.001953 0.003906
1 0.616211 0.222656 0.001953 0.003906
1 0.985352 0.219727 0.001953 0.001953
0 0.341797 0.222656 0.003906 0.007812
1 0.567383 0.222656 0.005859 0.011719
1 0.776367 0.217773 0.009766 0.005859
1 0.592773 0.215820 0.001953 0.001953
0 0.007812 0.232422 0.007812 0.035156
1 0.963867 0.228516 0.017578 0.031250
1 0.473633 0.220703 0.009766 0.015625
1 0.407227 0.215820 0.009766 0.009766
0 0.262695 0.211914 0.001953 0.001953
1 0.532227 0.219727 0.009766 0.021484
1 0.553711 0.219727 0.009766 0.025391
1 0.505859 0.231445 0.035156 0.048828
1 0.957031 0.207031 0.003906 0.003906
1 0.583008 0.206055 0.001953 0.001953
1 0.400391 0.206055 0.007812 0.005859
1 0.967773 0.206055 0.009766 0.009766
1 0.779297 0.205078 0.015625 0.007812
0 0.295898 0.214844 0.021484 0.027344
1 0.850586 0.207031 0.013672 0.015625
0 0.370117 0.227539 0.052734 0.056641
1 0.518555 0.198242 0.001953 0.001953
1 0.238281 0.206055 0.007812 0.017578
1 0.742188 0.201172 0.007812 0.011719
1 0.530273 0.201172 0.013672 0.011719
1 0.391602 0.194336 0.001953 0.001953
1 0.954102 0.192383 0.001953 0.001953
1 0.767578 0.256836 0.109375 0.130859
1 0.635742 0.236328 0.025391 0.089844
1 0.514648 0.194336 0.001953 0.005859
1 0.616211 0.198242 0.013672 0.017578
1 0.692383 0.230469 0.025391 0.085938
1 0.297852 0.195312 0.013672 0.015625
0 0.023438 0.229492 0.039062 0.083984
1 0.887695 0.222656 0.080078 0.074219
1 0.664062 0.190430 0.003906 0.009766
1 0.528320 0.187500 0.005859 0.003906
1 0.854492 0.187500 0.009766 0.007812
0 0.249023 0.240234 0.185547 0.117188
0 0.188477 0.182617 0.001953 0.001953
1 0.701172 0.185547 0.007812 0.011719
1 0.332031 0.184570 0.019531 0.013672
1 0.256836 0.178711 0.001953 0.001953
1 0.635742 0.172852 0.001953 0.001953
1 0.139648 0.178711 0.009766 0.013672
0 0.042969 0.176758 0.015625 0.013672
1 0.492188 0.193359 0.015625 0.054688
1 0.790039 0.172852 0.013672 0.017578
1 0.467773 0.167969 0.001953 0.007812
1 0.262695 0.170898 0.009766 0.013672
0 0.045898 0.165039 0.001953 0.001953
1 0.806641 0.171875 0.011719 0.019531
1 0.615234 0.174805 0.007812 0.025391
1 0.573242 0.179688 0.013672 0.039062
0 0.895508 0.169922 0.029297 0.023438
1 0.704102 0.163086 0.005859 0.009766
1 0.375000 0.166992 0.015625 0.021484
1 0.473633 0.158203 0.009766 0.007812
1 0.532227 0.178711 0.033203 0.052734
0 0.082031 0.156250 0.007812 0.007812
0 0.258789 0.153320 0.005859 0.005859
1 0.035156 0.153320 0.011719 0.005859
1 0.479492 0.149414 0.001953 0.001953
0 0.969727 0.162109 0.021484 0.031250
0 0.892578 0.151367 0.007812 0.009766
1 0.426758 0.176758 0.072266 0.060547
1 0.041992 0.154297 0.021484 0.015625
0 0.889648 0.145508 0.001953 0.001953
0 0.819336 0.162109 0.033203 0.035156
1 0.150391 0.149414 0.003906 0.009766
1 0.016602 0.147461 0.005859 0.005859
1 0.772461 0.150391 0.021484 0.015625
0 0.471680 0.146484 0.001953 0.007812
1 0.382812 0.142578 0.003906 0.003906
1 0.616211 0.150391 0.009766 0.023438
1 0.502930 0.144531 0.009766 0.011719
1 0.539062 0.140625 0.003906 0.007812
1 0.811523 0.136719 0.005859 0.003906
1 0.323242 0.156250 0.041016 0.046875
1 0.070312 0.133789 0.007812 0.005859
0 0.883789 0.131836 0.005859 0.005859
1 0.766602 0.134766 0.017578 0.011719
1 0.622070 0.130859 0.001953 0.003906
1 0.586914 0.130859 0.005859 0.003906
0 0.457031 0.138672 0.015625 0.023438
1 0.090820 0.134766 0.005859 0.015625
0 0.987305 0.147461 0.025391 0.044922
0 0.740234 0.168945 0.050781 0.087891
1 0.000977 0.125977 0.001953 0.001953
0 0.713867 0.146484 0.017578 0.046875
1 0.083984 0.131836 0.007812 0.017578
1 0.305664 0.122070 0.001953 0.001953
1 0.733398 0.120117 0.001953 0.001953
1 0.022461 0.132812 0.033203 0.027344
1 0.759766 0.121094 0.007812 0.007812
1 0.585938 0.122070 0.007812 0.009766
1 0.092773 0.119141 0.001953 0.007812
1 0.355469 0.119141 0.011719 0.011719
0 0.472656 0.113281 0.003906 0.003906
0 0.890625 0.111328 0.007812 0.003906
1 0.411133 0.110352 0.001953 0.001953
1 0.674805 0.142578 0.021484 0.070312
1 0.628906 0.110352 0.007812 0.005859
1 0.522461 0.115234 0.013672 0.015625
0 0.957031 0.106445 0.003906 0.001953
1 0.403320 0.106445 0.001953 0.001953
1 0.583984 0.107422 0.003906 0.007812
1 0.420898 0.106445 0.005859 0.005859
1 0.052734 0.104492 0.003906 0.001953
0 0.991211 0.112305 0.017578 0.021484
1 0.395508 0.109375 0.005859 0.015625
1 0.062500 0.105469 0.011719 0.007812
0 0.906250 0.130859 0.039062 0.062500
1 0.694336 0.105469 0.005859 0.011719
1 0.581055 0.100586 0.001953 0.001953
0 0.472656 0.102539 0.003906 0.005859
1 0.025391 0.101562 0.011719 0.007812
1 0.530273 0.100586 0.005859 0.009766
1 0.492188 0.099609 0.007812 0.007812
0 0.483398 0.106445 0.009766 0.021484
1 0.041016 0.101562 0.003906 0.011719
1 0.551758 0.098633 0.005859 0.009766
1 0.521484 0.097656 0.007812 0.007812
1 0.139648 0.095703 0.001953 0.003906
1 0.549805 0.088867 0.001953 0.001953
1 0.520508 0.089844 0.005859 0.003906
0 0.458984 0.106445 0.019531 0.037109
1 0.159180 0.095703 0.005859 0.015625
0 0.100586 0.186523 0.115234 0.197266
1 0.354492 0.087891 0.001953 0.003906
1 0.469727 0.084961 0.001953 0.001953
0 0.848633 0.126953 0.060547 0.089844
1 0.513672 0.088867 0.007812 0.013672
1 0.501953 0.088867 0.007812 0.013672
1 0.119141 0.084961 0.003906 0.005859
0 0.956055 0.115234 0.037109 0.070312
0 0.636719 0.083984 0.003906 0.007812
1 0.611328 0.080078 0.003906 0.003906
1 0.479492 0.083984 0.013672 0.011719
1 0.075195 0.090820 0.021484 0.029297
1 0.047852 0.079102 0.009766 0.005859
1 0.589844 0.077148 0.003906 0.005859
1 0.490234 0.075195 0.003906 0.001953
0 0.982422 0.088867 0.035156 0.033203
1 0.900391 0.074219 0.003906 0.003906
1 0.870117 0.078125 0.013672 0.011719
0 0.650391 0.130859 0.019531 0.117188
1 0.365234 0.106445 0.050781 0.068359
1 0.324219 0.077148 0.003906 0.009766
1 0.089844 0.086914 0.011719 0.029297
1 0.553711 0.072266 0.005859 0.003906
1 0.502930 0.074219 0.009766 0.011719
1 0.388672 0.069336 0.003906 0.001953
1 0.866211 0.068359 0.005859 0.003906
1 0.625977 0.075195 0.009766 0.017578
1 0.604492 0.068359 0.001953 0.003906
1 0.555664 0.067383 0.001953 0.001953
1 0.491211 0.069336 0.013672 0.005859
0 0.999023 0.067383 0.001953 0.005859
1 0.476562 0.069336 0.007812 0.009766
0 0.880859 0.069336 0.011719 0.013672
1 0.622070 0.063477 0.001953 0.001953
1 0.887695 0.061523 0.001953 0.001953
1 0.790039 0.066406 0.009766 0.011719
0 0.736328 0.061523 0.003906 0.001953
1 0.416016 0.064453 0.003906 0.007812
1 0.008789 0.068359 0.017578 0.015625
1 0.124023 0.068359 0.009766 0.019531
1 0.834961 0.066406 0.017578 0.019531
0 0.757812 0.084961 0.050781 0.056641
0 0.797852 0.055664 0.001953 0.001953
0 0.729492 0.083984 0.033203 0.058594
0 0.719727 0.060547 0.009766 0.011719
1 0.587891 0.058594 0.003906 0.007812
1 0.141602 0.059570 0.005859 0.009766
1 0.892578 0.056641 0.003906 0.007812
1 0.645508 0.061523 0.013672 0.017578
0 0.434570 0.097656 0.025391 0.089844
1 0.154297 0.065430 0.003906 0.025391
1 0.014648 0.056641 0.005859 0.007812
1 0.902344 0.058594 0.015625 0.015625
0 0.723633 0.051758 0.001953 0.001953
1 0.566406 0.104492 0.031250 0.107422
1 0.024414 0.052734 0.001953 0.003906
1 0.861328 0.049805 0.003906 0.001953
1 0.004883 0.052734 0.009766 0.007812
1 0.286133 0.057617 0.021484 0.021484
1 0.247070 0.051758 0.005859 0.009766
1 0.169922 0.083008 0.007812 0.072266
1 0.280273 0.043945 0.001953 0.001953
1 0.059570 0.045898 0.009766 0.005859
0 0.987305 0.053711 0.017578 0.025391
1 0.567383 0.044922 0.005859 0.007812
1 0.411133 0.044922 0.009766 0.007812
1 0.396484 0.042969 0.003906 0.003906
1 0.385742 0.049805 0.005859 0.017578
1 0.185547 0.043945 0.003906 0.005859
0 0.972656 0.041016 0.003906 0.003906
1 0.440430 0.044922 0.021484 0.011719
1 0.044922 0.041992 0.003906 0.005859
1 0.001953 0.041992 0.003906 0.005859
1 0.547852 0.039062 0.001953 0.003906
0 0.739258 0.047852 0.025391 0.025391
1 0.625977 0.036133 0.001953 0.001953
1 0.495117 0.049805 0.021484 0.029297
0 0.354492 0.069336 0.048828 0.068359
1 0.452148 0.037109 0.005859 0.007812
1 0.270508 0.038086 0.005859 0.009766
1 0.524414 0.035156 0.005859 0.007812
1 0.015625 0.041016 0.019531 0.019531
1 0.000977 0.034180 0.001953 0.005859
1 0.873047 0.033203 0.007812 0.007812
1 0.616211 0.031250 0.001953 0.003906
1 0.548828 0.032227 0.003906 0.005859
1 0.231445 0.034180 0.005859 0.009766
1 0.230469 0.125000 0.117188 0.191406
0 0.799805 0.032227 0.005859 0.009766
1 0.424805 0.032227 0.009766 0.009766
1 0.617188 0.026367 0.003906 0.001953
1 0.613281 0.040039 0.015625 0.029297
1 0.490234 0.028320 0.007812 0.005859
1 0.073242 0.038086 0.005859 0.025391
0 0.765625 0.038086 0.019531 0.029297
0 0.692383 0.055664 0.029297 0.064453
1 0.256836 0.024414 0.001953 0.001953
1 0.248047 0.034180 0.011719 0.021484
0 0.750977 0.028320 0.025391 0.013672
1 0.458984 0.022461 0.003906 0.001953
1 0.443359 0.026367 0.011719 0.009766
1 0.262695 0.024414 0.005859 0.005859
1 0.001953 0.024414 0.003906 0.005859
1 0.604492 0.021484 0.001953 0.003906
1 0.582031 0.031250 0.011719 0.023438
1 0.570312 0.023438 0.007812 0.007812
0 0.765625 0.019531 0.003906 0.003906
1 0.430664 0.018555 0.001953 0.001953
0 0.951172 0.049805 0.058594 0.068359
1 0.588867 0.016602 0.001953 0.001953
0 0.817383 0.016602 0.001953 0.005859
1 0.152344 0.017578 0.003906 0.007812
1 0.048828 0.024414 0.023438 0.021484
1 0.086914 0.031250 0.017578 0.039062
1 0.920898 0.010742 0.001953 0.001953
0 0.842773 0.010742 0.001953 0.001953
0 0.760742 0.010742 0.001953 0.001953
1 0.739258 0.010742 0.001953 0.001953
0 0.764648 0.008789 0.001953 0.001953
1 0.630859 0.026367 0.042969 0.037109
1 0.459961 0.010742 0.005859 0.005859
1 0.523438 0.012695 0.007812 0.013672
0 0.977539 0.006836 0.005859 0.005859
1 0.577148 0.004883 0.001953 0.001953
1 0.419922 0.015625 0.031250 0.023438
0 0.772461 0.003906 0.005859 0.003906
1 0.674805 0.022461 0.044922 0.041016
0 0.991211 0.010742 0.017578 0.021484
0 0.950195 0.007812 0.017578 0.015625
0 0.930664 0.003906 0.029297 0.007812
1 0.864258 0.004883 0.005859 0.009766
0 0.854492 0.009766 0.013672 0.019531
0 0.843750 0.001953 0.003906 0.003906
0 0.828125 0.013672 0.027344 0.027344
0 0.810547 0.020508 0.007812 0.041016
0 0.789062 0.028320 0.027344 0.056641
0 0.756836 0.001953 0.005859 0.003906
1 0.748047 0.001953 0.003906 0.003906
1 0.743164 0.001953 0.001953 0.003906
1 0.697266 0.003906 0.011719 0.007812
1 0.622070 0.001953 0.005859 0.003906
1 0.609375 0.002930 0.011719 0.005859
1 0.573242 0.000977 0.001953 0.001953
1 0.553711 0.002930 0.005859 0.005859
1 0.522461 0.000977 0.001953 0.001953
1 0.503906 0.021484 0.015625 0.042969
1 0.458008 0.001953 0.001953 0.003906
1 0.411133 0.004883 0.009766 0.009766
1 0.386719 0.005859 0.007812 0.011719
0 0.370117 0.006836 0.017578 0.013672
0 0.356445 0.016602 0.041016 0.033203
1 0.313477 0.032227 0.048828 0.064453
1 0.192383 0.008789 0.029297 0.017578
1 0.163086 0.009766 0.013672 0.019531
1 0.122070 0.018555 0.017578 0.037109
1 0.115234 0.000977 0.003906 0.001953
1 0.100586 0.005859 0.005859 0.011719
0 0.052734 0.006836 0.019531 0.013672
1 0.034180 0.010742 0.017578 0.021484
0 0.032227 0.000977 0.001953 0.001953
0 0.011719 0.001953 0.011719 0.003906
2 0.093750 0.999023 0.003906 0.001953
2 0.317383 0.998047 0.005859 0.003906
2 0.190430 0.998047 0.001953 0.003906
2 0.099609 0.998047 0.003906 0.003906
3 0.963867 0.993164 0.001953 0.001953
2 0.310547 0.989258 0.003906 0.001953
2 0.088867 0.992188 0.005859 0.007812
3 0.947266 0.993164 0.011719 0.013672
2 0.183594 0.991211 0.011719 0.009766
2 0.834961 0.987305 0.005859 0.005859
2 0.108398 0.985352 0.005859 0.005859
2 0.134766 0.989258 0.007812 0.017578
2 0.114258 0.981445 0.001953 0.005859
2 0.166016 0.974609 0.003906 0.003906
2 0.127930 0.967773 0.005859 0.005859
3 0.046875 0.950195 0.003906 0.001953
2 0.999023 0.948242 0.001953 0.005859
2 0.999023 0.940430 0.001953 0.001953
3 0.036133 0.938477 0.009766 0.013672
3 0.038086 0.927734 0.001953 0.003906
2 0.122070 0.928711 0.009766 0.009766
3 0.106445 0.921875 0.001953 0.003906
3 0.104492 0.873047 0.001953 0.003906
3 0.146484 0.875977 0.007812 0.017578
3 0.080078 0.881836 0.011719 0.044922
2 0.200195 0.852539 0.005859 0.009766
2 0.008789 0.884766 0.017578 0.078125
2 0.993164 0.843750 0.009766 0.011719
2 0.002930 0.850586 0.005859 0.025391
2 0.216797 0.847656 0.019531 0.023438
2 0.076172 0.828125 0.007812 0.007812
2 0.002930 0.825195 0.005859 0.005859
2 0.219727 0.815430 0.001953 0.001953
2 0.084961 0.815430 0.001953 0.001953
2 0.144531 0.801758 0.003906 0.001953
3 0.178711 0.790039 0.001953 0.001953
2 0.052734 0.775391 0.007812 0.007812
2 0.043945 0.772461 0.001953 0.001953
2 0.092773 0.769531 0.001953 0.003906
3 0.127930 0.750977 0.001953 0.001953
2 0.076172 0.752930 0.015625 0.005859
2 0.030273 0.750000 0.005859 0.007812
3 0.999023 0.741211 0.001953 0.001953
2 0.064453 0.744141 0.007812 0.007812
2 0.140625 0.737305 0.003906 0.001953
2 0.099609 0.733398 0.003906 0.005859
2 0.121094 0.729492 0.011719 0.005859
2 0.118164 0.719727 0.001953 0.001953
2 0.107422 0.715820 0.003906 0.001953
2 0.136719 0.715820 0.019531 0.025391
3 0.073242 0.700195 0.001953 0.001953
2 0.114258 0.702148 0.017578 0.021484
2 0.010742 0.614258 0.001953 0.001953
2 0.042969 0.569336 0.011719 0.005859
2 0.012695 0.583008 0.025391 0.056641
2 0.002930 0.526367 0.005859 0.009766
2 0.995117 0.485352 0.009766 0.013672
2 0.007812 0.492188 0.015625 0.027344
2 0.014648 0.475586 0.001953 0.001953
2 0.154297 0.441406 0.003906 0.003906
3 0.093750 0.430664 0.003906 0.001953
2 0.121094 0.425781 0.007812 0.003906
2 0.046875 0.426758 0.015625 0.009766
2 0.040039 0.416992 0.001953 0.001953
2 0.036133 0.410156 0.005859 0.007812
2 0.022461 0.401367 0.001953 0.001953
2 0.053711 0.398438 0.005859 0.003906
2 0.124023 0.394531 0.005859 0.003906
3 0.106445 0.390625 0.005859 0.003906
2 0.149414 0.388672 0.005859 0.003906
2 0.017578 0.410156 0.035156 0.046875
2 0.039062 0.386719 0.003906 0.003906
2 0.022461 0.366211 0.001953 0.001953
2 0.022461 0.356445 0.001953 0.001953
2 0.034180 0.355469 0.001953 0.003906
2 0.072266 0.346680 0.011719 0.005859
2 0.030273 0.342773 0.001953 0.001953
2 0.028320 0.338867 0.001953 0.001953
2 0.037109 0.336914 0.003906 0.001953
3 0.108398 0.333008 0.001953 0.001953
2 0.051758 0.330078 0.009766 0.007812
3 0.094727 0.323242 0.001953 0.001953
3 0.038086 0.321289 0.001953 0.001953
2 0.012695 0.340820 0.025391 0.048828
2 0.994141 0.306641 0.003906 0.003906
3 0.045898 0.303711 0.001953 0.001953
2 0.061523 0.275391 0.005859 0.003906
2 0.992188 0.136719 0.007812 0.007812
2 0.987305 0.086914 0.001953 0.001953
2 0.999023 0.083984 0.001953 0.003906
2 0.361328 0.024414 0.019531 0.009766
2 0.314453 0.012695 0.003906 0.001953
2 0.998047 0.007812 0.003906 0.015625
2 0.322266 0.005859 0.011719 0.011719
2 0.196289 0.004883 0.009766 0.009766
3 0.500000 0.500000 1.000000 1.000000