1 0.546875 0.999023 0.003906 0.001953
1 0.870117 0.995117 0.001953 0.001953
0 0.022461 0.993164 0.001953 0.001953
0 0.633789 0.995117 0.009766 0.009766
0 0.442383 0.995117 0.013672 0.009766
0 0.442383 0.985352 0.001953 0.001953
1 0.339844 0.985352 0.003906 0.001953
0 0.171875 0.991211 0.027344 0.017578
1 0.002930 0.983398 0.005859 0.005859
1 0.437500 0.979492 0.003906 0.005859
0 0.125977 0.978516 0.001953 0.003906
0 0.731445 0.975586 0.001953 0.001953
1 0.020508 0.975586 0.001953 0.001953
1 0.356445 0.977539 0.005859 0.009766
0 0.471680 0.975586 0.005859 0.009766
0 0.095703 0.984375 0.019531 0.031250
1 0.849609 0.979492 0.058594 0.029297
0 0.731445 0.967773 0.009766 0.009766
0 0.094727 0.963867 0.001953 0.001953
1 0.067383 0.966797 0.009766 0.007812
1 0.588867 0.962891 0.001953 0.003906
0 0.877930 0.959961 0.001953 0.001953
0 0.138672 0.971680 0.015625 0.025391
1 0.327148 0.978516 0.025391 0.042969
0 0.919922 0.975586 0.066406 0.048828
0 0.278320 0.954102 0.001953 0.005859
1 0.381836 0.951172 0.001953 0.003906
1 0.561523 0.948242 0.001953 0.001953
1 0.462891 0.950195 0.011719 0.005859
1 0.334961 0.948242 0.001953 0.001953
1 0.993164 0.942383 0.001953 0.001953
0 0.809570 0.946289 0.009766 0.009766
1 0.465820 0.942383 0.001953 0.001953
1 0.327148 0.942383 0.001953 0.001953
1 0.322266 0.942383 0.003906 0.001953
0 0.089844 0.941406 0.003906 0.003906
0 0.672852 0.958984 0.017578 0.042969
0 0.910156 0.936523 0.003906 0.001953
1 0.478516 0.942383 0.019531 0.013672
1 0.491211 0.935547 0.001953 0.003906
0 0.010742 0.938477 0.021484 0.017578
1 0.551758 0.932617 0.013672 0.013672
1 0.551758 0.920898 0.005859 0.005859
0 0.006836 0.921875 0.013672 0.011719
0 0.862305 0.910156 0.005859 0.003906
0 0.749023 0.910156 0.001953 0.003906
1 0.926758 0.907227 0.001953 0.001953
1 0.884766 0.922852 0.105469 0.044922
0 0.870117 0.904297 0.021484 0.011719
0 0.186523 0.899414 0.001953 0.001953
0 0.762695 0.899414 0.005859 0.005859
0 0.855469 0.896484 0.003906 0.003906
0 0.157227 0.895508 0.001953 0.001953
1 0.915039 0.891602 0.001953 0.001953
0 0.672852 0.885742 0.001953 0.001953
0 0.163086 0.888672 0.005859 0.007812
0 0.195312 0.884766 0.003906 0.003906
1 0.075195 0.879883 0.001953 0.001953
0 0.746094 0.879883 0.003906 0.005859
1 0.416016 0.880859 0.007812 0.007812
0 0.163086 0.878906 0.001953 0.003906
0 0.849609 0.879883 0.003906 0.009766
0 0.778320 0.876953 0.001953 0.003906
0 0.217773 0.880859 0.013672 0.019531
0 0.211914 0.872070 0.001953 0.001953
0 0.774414 0.872070 0.001953 0.005859
0 0.837891 0.867188 0.007812 0.003906
1 0.998047 0.865234 0.003906 0.003906
0 0.000977 0.864258 0.001953 0.001953
0 0.660156 0.874023 0.019531 0.025391
1 0.941406 0.863281 0.007812 0.007812
0 0.756836 0.873047 0.017578 0.027344
0 0.010742 0.871094 0.021484 0.023438
0 0.185547 0.869141 0.023438 0.027344
0 0.696289 0.850586 0.001953 0.001953
0 0.147461 0.846680 0.001953 0.001953
1 0.874023 0.844727 0.001953 0.001953
0 0.140625 0.849609 0.007812 0.011719
0 0.718750 0.875977 0.062500 0.068359
1 0.303711 0.838867 0.001953 0.001953
1 0.297852 0.834961 0.001953 0.001953
1 0.306641 0.831055 0.003906 0.001953
1 0.000977 0.829102 0.001953 0.001953
1 0.426758 0.830078 0.013672 0.007812
0 0.715820 0.833984 0.044922 0.019531
1 0.481445 0.832031 0.013672 0.019531
1 0.971680 0.825195 0.005859 0.009766
0 0.772461 0.841797 0.064453 0.042969
0 0.178711 0.822266 0.005859 0.003906
0 0.722656 0.815430 0.003906 0.001953
0 0.790039 0.814453 0.005859 0.003906
0 0.685547 0.812500 0.003906 0.003906
1 0.967773 0.809570 0.001953 0.001953
0 0.735352 0.810547 0.005859 0.003906
0 0.723633 0.807617 0.001953 0.001953
1 0.971680 0.802734 0.005859 0.003906
1 0.523438 0.801758 0.003906 0.001953
0 0.141602 0.815430 0.025391 0.029297
1 0.977539 0.799805 0.001953 0.001953
0 0.711914 0.800781 0.005859 0.003906
1 0.933594 0.798828 0.007812 0.003906
0 0.897461 0.801758 0.013672 0.013672
0 0.695312 0.801758 0.023438 0.013672
1 0.071289 0.795898 0.001953 0.001953
1 0.843750 0.806641 0.023438 0.027344
0 0.705078 0.793945 0.003906 0.005859
0 0.797852 0.790039 0.001953 0.001953
1 0.232422 0.791016 0.011719 0.007812
1 0.321289 0.787109 0.009766 0.007812
1 0.227539 0.783203 0.001953 0.003906
0 0.753906 0.789062 0.082031 0.019531
1 0.604492 0.778320 0.001953 0.001953
1 0.425781 0.779297 0.007812 0.011719
0 0.944336 0.772461 0.001953 0.001953
1 0.876953 0.774414 0.011719 0.005859
0 0.708008 0.774414 0.009766 0.005859
1 0.000977 0.770508 0.001953 0.001953
1 0.333984 0.772461 0.007812 0.009766
1 0.322266 0.766602 0.003906 0.001953
0 0.702148 0.764648 0.001953 0.001953
1 0.833984 0.763672 0.007812 0.003906
0 0.800781 0.766602 0.023438 0.009766
1 0.611328 0.763672 0.003906 0.003906
1 0.323242 0.762695 0.001953 0.001953
0 0.907227 0.764648 0.013672 0.013672
1 0.832031 0.758789 0.003906 0.001953
0 0.711914 0.758789 0.001953 0.001953
1 0.845703 0.760742 0.015625 0.009766
0 0.903320 0.754883 0.001953 0.001953
1 0.817383 0.746094 0.005859 0.003906
1 0.329102 0.742188 0.001953 0.003906
1 0.266602 0.742188 0.001953 0.003906
0 0.710938 0.738281 0.003906 0.003906
0 0.937500 0.753906 0.027344 0.039062
1 0.329102 0.735352 0.001953 0.005859
0 0.805664 0.729492 0.005859 0.001953
0 0.909180 0.730469 0.009766 0.007812
1 0.401367 0.721680 0.001953 0.001953
1 0.163086 0.722656 0.005859 0.003906
1 0.603516 0.726562 0.007812 0.023438
1 0.057617 0.721680 0.009766 0.013672
0 0.776367 0.721680 0.037109 0.025391
0 0.618164 0.709961 0.001953 0.001953
0 0.932617 0.706055 0.001953 0.001953
1 0.389648 0.710938 0.021484 0.019531
0 0.888672 0.701172 0.003906 0.003906
0 0.616211 0.701172 0.009766 0.007812
0 0.927734 0.700195 0.007812 0.009766
0 0.664062 0.711914 0.027344 0.033203
1 0.971680 0.692383 0.001953 0.001953
0 0.653320 0.692383 0.001953 0.001953
1 0.249023 0.697266 0.005859 0.011719
0 0.893555 0.692383 0.005859 0.005859
0 0.905273 0.691406 0.017578 0.011719
1 0.485352 0.686523 0.001953 0.001953
1 0.741211 0.688477 0.021484 0.017578
1 0.480469 0.686523 0.007812 0.013672
1 0.307617 0.680664 0.001953 0.001953
1 0.044922 0.684570 0.007812 0.009766
1 0.350586 0.699219 0.041016 0.042969
1 0.390625 0.676758 0.007812 0.005859
1 0.350586 0.668945 0.001953 0.001953
0 0.959961 0.665039 0.001953 0.001953
0 0.929688 0.666992 0.019531 0.005859
1 0.362305 0.669922 0.001953 0.011719
1 0.348633 0.665039 0.001953 0.001953
1 0.131836 0.665039 0.001953 0.001953
0 0.954102 0.663086 0.001953 0.001953
1 0.079102 0.665039 0.009766 0.005859
1 0.003906 0.664062 0.007812 0.011719
0 0.966797 0.661133 0.007812 0.009766
0 0.946289 0.655273 0.001953 0.001953
0 0.953125 0.655273 0.007812 0.005859
0 0.872070 0.652344 0.001953 0.003906
1 0.197266 0.655273 0.003906 0.009766
1 0.083008 0.651367 0.001953 0.001953
1 0.578125 0.657227 0.015625 0.017578
0 0.959961 0.647461 0.001953 0.001953
1 0.412109 0.651367 0.007812 0.009766
0 0.807617 0.645508 0.001953 0.001953
1 0.353516 0.653320 0.027344 0.017578
1 0.190430 0.647461 0.005859 0.005859
0 0.926758 0.641602 0.001953 0.001953
0 0.921875 0.641602 0.003906 0.001953
0 0.902344 0.654297 0.050781 0.031250
1 0.501953 0.641602 0.003906 0.005859
1 0.290039 0.640625 0.001953 0.003906
1 0.077148 0.643555 0.005859 0.009766
0 0.919922 0.637695 0.007812 0.001953
0 0.778320 0.635742 0.001953 0.001953
1 0.513672 0.633789 0.003906 0.005859
0 0.937500 0.636719 0.015625 0.015625
0 0.970703 0.638672 0.019531 0.023438
1 0.514648 0.627930 0.001953 0.001953
1 0.597656 0.629883 0.019531 0.009766
1 0.663086 0.625000 0.009766 0.003906
1 0.598633 0.624023 0.001953 0.001953
0 0.774414 0.624023 0.009766 0.009766
0 0.804688 0.632812 0.046875 0.031250
1 0.645508 0.625000 0.021484 0.019531
1 0.691406 0.617188 0.011719 0.011719
1 0.565430 0.615234 0.005859 0.007812
0 0.872070 0.609375 0.005859 0.003906
0 0.297852 0.608398 0.001953 0.001953
1 0.482422 0.608398 0.003906 0.005859
1 0.284180 0.607422 0.001953 0.003906
1 0.479492 0.602539 0.001953 0.001953
0 0.659180 0.598633 0.001953 0.001953
1 0.999023 0.596680 0.001953 0.001953
0 0.313477 0.596680 0.001953 0.001953
0 0.508789 0.592773 0.001953 0.001953
0 0.343750 0.594727 0.007812 0.005859
0 0.334961 0.592773 0.001953 0.001953
1 0.532227 0.590820 0.001953 0.001953
1 0.479492 0.591797 0.001953 0.003906
1 0.475586 0.590820 0.001953 0.001953
1 0.998047 0.590820 0.003906 0.005859
1 0.589844 0.596680 0.015625 0.033203
1 0.248047 0.584961 0.011719 0.009766
0 0.606445 0.579102 0.001953 0.001953
1 0.142578 0.585938 0.011719 0.015625
1 0.239258 0.577148 0.001953 0.001953
1 0.966797 0.593750 0.023438 0.039062
1 0.744141 0.579102 0.023438 0.013672
1 0.449219 0.571289 0.003906 0.001953
0 0.665039 0.582031 0.021484 0.027344
1 0.311523 0.577148 0.029297 0.033203
1 0.249023 0.555664 0.001953 0.001953
1 0.913086 0.561523 0.033203 0.017578
1 0.445312 0.559570 0.007812 0.013672
0 0.860352 0.567383 0.029297 0.033203
0 0.862305 0.551758 0.001953 0.001953
0 0.832031 0.561523 0.015625 0.021484
1 0.375000 0.554688 0.003906 0.007812
1 0.143555 0.553711 0.005859 0.009766
1 0.380859 0.553711 0.003906 0.013672
0 0.841797 0.550781 0.015625 0.011719
1 0.522461 0.547852 0.005859 0.005859
1 0.375977 0.545898 0.001953 0.001953
1 0.516602 0.543945 0.005859 0.005859
1 0.725586 0.551758 0.017578 0.025391
0 0.881836 0.538086 0.001953 0.001953
1 0.453125 0.534180 0.003906 0.001953
0 0.884766 0.532227 0.003906 0.001953
0 0.610352 0.550781 0.013672 0.039062
0 0.540039 0.532227 0.001953 0.001953
0 0.534180 0.530273 0.001953 0.001953
1 0.131836 0.529297 0.005859 0.007812
1 0.458984 0.526367 0.003906 0.005859
1 0.376953 0.531250 0.003906 0.015625
0 0.552734 0.533203 0.019531 0.027344
0 0.540039 0.524414 0.009766 0.009766
1 0.492188 0.519531 0.003906 0.007812
1 0.305664 0.527344 0.013672 0.023438
0 0.552734 0.515625 0.003906 0.003906
0 0.235352 0.520508 0.009766 0.013672
0 0.809570 0.519531 0.009766 0.015625
0 0.797852 0.510742 0.009766 0.005859
1 0.473633 0.511719 0.005859 0.007812
1 0.072266 0.509766 0.003906 0.003906
1 0.473633 0.504883 0.001953 0.001953
0 0.999023 0.501953 0.001953 0.003906
0 0.999023 0.497070 0.001953 0.001953
0 0.566406 0.492188 0.003906 0.003906
0 0.229492 0.500000 0.013672 0.023438
0 0.231445 0.488281 0.005859 0.003906
0 0.567383 0.485352 0.001953 0.001953
0 0.564453 0.496094 0.031250 0.031250
1 0.221680 0.482422 0.005859 0.003906
0 0.568359 0.480469 0.003906 0.003906
0 0.573242 0.477539 0.001953 0.001953
0 0.659180 0.489258 0.013672 0.029297
1 0.581055 0.475586 0.001953 0.001953
1 0.938477 0.516602 0.056641 0.087891
0 0.694336 0.471680 0.001953 0.001953
0 0.670898 0.508789 0.037109 0.076172
1 0.177734 0.474609 0.003906 0.007812
1 0.588867 0.471680 0.001953 0.005859
1 0.849609 0.477539 0.035156 0.021484
1 0.592773 0.467773 0.001953 0.001953
0 0.692383 0.466797 0.001953 0.003906
1 0.842773 0.461914 0.001953 0.001953
1 0.837891 0.462891 0.003906 0.003906
0 0.665039 0.459961 0.001953 0.001953
0 0.696289 0.458008 0.001953 0.001953
1 0.848633 0.458984 0.005859 0.007812
0 0.699219 0.454102 0.003906 0.001953
1 0.521484 0.454102 0.003906 0.001953
1 0.788086 0.486328 0.083984 0.070312
0 0.668945 0.452148 0.001953 0.001953
0 0.958984 0.459961 0.042969 0.025391
1 0.749023 0.446289 0.001953 0.001953
1 0.813477 0.442383 0.001953 0.005859
1 0.481445 0.440430 0.001953 0.001953
1 0.591797 0.438477 0.003906 0.001953
1 0.483398 0.436523 0.005859 0.001953
1 0.082031 0.444336 0.007812 0.017578
1 0.590820 0.434570 0.001953 0.001953
0 0.081055 0.430664 0.001953 0.001953
1 0.821289 0.434570 0.013672 0.017578
1 0.621094 0.428711 0.003906 0.005859
0 0.749023 0.418945 0.001953 0.001953
1 0.975586 0.417969 0.001953 0.003906
1 0.963867 0.413086 0.001953 0.001953
1 0.979492 0.409180 0.001953 0.001953
0 0.747070 0.412109 0.005859 0.007812
0 0.423828 0.415039 0.019531 0.033203
1 0.997070 0.391602 0.001953 0.001953
0 0.444336 0.403320 0.013672 0.025391
1 0.153320 0.389648 0.001953 0.001953
1 0.982422 0.388672 0.003906 0.003906
0 0.877930 0.385742 0.001953 0.001953
0 0.881836 0.385742 0.001953 0.005859
0 0.879883 0.379883 0.001953 0.001953
0 0.165039 0.379883 0.001953 0.001953
0 0.868164 0.376953 0.001953 0.003906
1 0.253906 0.374023 0.003906 0.001953
1 0.001953 0.377930 0.003906 0.009766
1 0.519531 0.371094 0.003906 0.003906
1 0.267578 0.374023 0.007812 0.013672
0 0.000977 0.368164 0.001953 0.001953
0 0.875000 0.366211 0.007812 0.005859
1 0.494141 0.374023 0.015625 0.021484
0 0.206055 0.362305 0.001953 0.001953
0 0.708984 0.397461 0.039062 0.076172
0 0.155273 0.360352 0.001953 0.001953
0 0.147461 0.362305 0.009766 0.005859
1 0.435547 0.361328 0.007812 0.007812
1 0.242188 0.356445 0.003906 0.001953
1 0.638672 0.358398 0.015625 0.009766
0 0.776367 0.350586 0.001953 0.001953
0 0.724609 0.352539 0.007812 0.005859
0 0.704102 0.352539 0.005859 0.005859
1 0.411133 0.351562 0.005859 0.003906
0 0.160156 0.350586 0.003906 0.001953
1 0.621094 0.349609 0.003906 0.003906
0 0.151367 0.349609 0.001953 0.003906
0 0.711914 0.346680 0.001953 0.001953
0 0.143555 0.348633 0.009766 0.009766
0 0.718750 0.343750 0.007812 0.003906
1 0.579102 0.342773 0.005859 0.001953
0 0.971680 0.340820 0.001953 0.001953
1 0.843750 0.349609 0.011719 0.027344
0 0.215820 0.347656 0.009766 0.023438
0 0.974609 0.335938 0.003906 0.003906
0 0.551758 0.334961 0.001953 0.001953
1 0.159180 0.335938 0.009766 0.007812
1 0.587891 0.334961 0.015625 0.009766
0 0.789062 0.334961 0.011719 0.013672
0 0.745117 0.329102 0.001953 0.001953
1 0.350586 0.327148 0.001953 0.001953
1 0.517578 0.327148 0.003906 0.005859
1 0.066406 0.323242 0.003906 0.001953
1 0.467773 0.320312 0.005859 0.007812
1 0.538086 0.320312 0.009766 0.011719
1 0.114258 0.336914 0.037109 0.044922
0 0.961914 0.316406 0.009766 0.007812
0 0.359375 0.318359 0.011719 0.011719
1 0.067383 0.311523 0.001953 0.001953
0 0.756836 0.327148 0.029297 0.037109
0 0.946289 0.320312 0.021484 0.027344
0 0.938477 0.306641 0.001953 0.003906
0 0.944336 0.303711 0.001953 0.001953
1 0.536133 0.297852 0.001953 0.001953
1 0.104492 0.296875 0.009766 0.007812
1 0.794922 0.294922 0.007812 0.007812
1 0.728516 0.292969 0.003906 0.003906
1 0.104492 0.290039 0.001953 0.001953
1 0.171875 0.291992 0.003906 0.009766
0 0.856445 0.281250 0.017578 0.019531
1 0.604492 0.273438 0.009766 0.003906
1 0.956055 0.270508 0.001953 0.001953
1 0.650391 0.270508 0.011719 0.009766
0 0.617188 0.270508 0.011719 0.009766
0 0.868164 0.265625 0.001953 0.003906
1 0.816406 0.265625 0.007812 0.003906
1 0.581055 0.266602 0.009766 0.009766
0 0.387695 0.279297 0.037109 0.035156
1 0.878906 0.259766 0.003906 0.003906
0 0.404297 0.254883 0.007812 0.005859
0 0.380859 0.255859 0.007812 0.007812
1 0.243164 0.251953 0.005859 0.003906
0 0.401367 0.249023 0.001953 0.001953
0 0.409180 0.247070 0.001953 0.001953
0 0.092773 0.250977 0.013672 0.009766
1 0.049805 0.325195 0.099609 0.162109
0 0.725586 0.249023 0.013672 0.013672
0 0.862305 0.241211 0.001953 0.001953
0 0.336914 0.241211 0.001953 0.001953
1 0.485352 0.244141 0.009766 0.015625
1 0.951172 0.250977 0.019531 0.033203
1 0.157227 0.235352 0.001953 0.001953
0 0.343750 0.235352 0.019531 0.009766
1 0.482422 0.230469 0.003906 0.003906
0 0.749023 0.236328 0.029297 0.023438
1 0.081055 0.234375 0.009766 0.019531
0 0.648438 0.227539 0.011719 0.009766
0 0.374023 0.220703 0.001953 0.003906
0 0.639648 0.217773 0.001953 0.001953
0 0.319336 0.219727 0.001953 0.005859
0 0.379883 0.214844 0.001953 0.003906
0 0.999023 0.213867 0.001953 0.005859
0 0.994141 0.209961 0.003906 0.005859
0 0.323242 0.208008 0.001953 0.001953
0 0.192383 0.208008 0.001953 0.001953
0 0.640625 0.206055 0.003906 0.005859
1 0.973633 0.209961 0.009766 0.017578
0 0.360352 0.202148 0.001953 0.001953
1 0.886719 0.202148 0.003906 0.005859
0 0.645508 0.202148 0.005859 0.005859
1 0.016602 0.202148 0.001953 0.005859
1 0.212891 0.205078 0.015625 0.015625
1 0.021484 0.199219 0.003906 0.003906
0 0.309570 0.198242 0.005859 0.005859
1 0.275391 0.200195 0.011719 0.009766
1 0.997070 0.197266 0.005859 0.007812
1 0.159180 0.219727 0.048828 0.052734
1 0.909180 0.196289 0.009766 0.009766
1 0.252930 0.195312 0.009766 0.007812
1 0.217773 0.192383 0.001953 0.001953
1 0.022461 0.190430 0.001953 0.001953
1 0.018555 0.190430 0.001953 0.001953
1 0.573242 0.188477 0.001953 0.001953
0 0.754883 0.205078 0.044922 0.039062
1 0.831055 0.187500 0.009766 0.011719
0 0.809570 0.182617 0.001953 0.001953
1 0.628906 0.194336 0.031250 0.025391
1 0.718750 0.182617 0.007812 0.005859
1 0.383789 0.180664 0.001953 0.001953
0 0.372070 0.184570 0.017578 0.009766
0 0.797852 0.182617 0.013672 0.009766
1 0.623047 0.176758 0.003906 0.001953
0 0.773438 0.173828 0.003906 0.003906
1 0.622070 0.171875 0.001953 0.003906
0 0.778320 0.163086 0.001953 0.001953
1 0.799805 0.160156 0.005859 0.003906
1 0.158203 0.166992 0.015625 0.021484
1 0.225586 0.149414 0.001953 0.001953
1 0.159180 0.150391 0.001953 0.003906
0 0.320312 0.148438 0.003906 0.003906
0 0.305664 0.143555 0.005859 0.001953
0 0.288086 0.143555 0.005859 0.001953
0 0.303711 0.139648 0.001953 0.001953
1 0.326172 0.138672 0.007812 0.011719
1 0.197266 0.149414 0.007812 0.033203
0 0.323242 0.126953 0.001953 0.003906
1 0.132812 0.125977 0.003906 0.001953
1 0.886719 0.125977 0.007812 0.005859
1 0.137695 0.129883 0.005859 0.013672
0 0.326172 0.120117 0.003906 0.005859
0 0.317383 0.116211 0.001953 0.001953
1 0.737305 0.112305 0.001953 0.001953
0 0.682617 0.112305 0.001953 0.001953
1 0.605469 0.114258 0.007812 0.005859
0 0.302734 0.122070 0.019531 0.021484
1 0.700195 0.143555 0.087891 0.068359
0 0.672852 0.110352 0.001953 0.001953
0 0.655273 0.109375 0.009766 0.011719
1 0.511719 0.107422 0.003906 0.007812
0 0.306641 0.106445 0.003906 0.005859
1 0.053711 0.106445 0.001953 0.005859
1 0.923828 0.103516 0.019531 0.015625
1 0.059570 0.090820 0.001953 0.001953
1 0.141602 0.087891 0.001953 0.003906
0 0.728516 0.087891 0.011719 0.011719
0 0.916992 0.085938 0.017578 0.011719
1 0.971680 0.087891 0.013672 0.019531
1 0.282227 0.071289 0.001953 0.001953
1 0.082031 0.072266 0.007812 0.007812
1 0.679688 0.065430 0.003906 0.009766
1 0.332031 0.062500 0.003906 0.003906
1 0.641602 0.059570 0.001953 0.001953
1 0.839844 0.057617 0.003906 0.001953
0 0.085938 0.063477 0.011719 0.013672
0 0.085938 0.051758 0.003906 0.001953
1 0.325195 0.054688 0.009766 0.011719
0 0.189453 0.062500 0.015625 0.027344
0 0.079102 0.049805 0.001953 0.001953
0 0.011719 0.068359 0.023438 0.039062
0 0.192383 0.045898 0.001953 0.001953
1 0.518555 0.043945 0.001953 0.001953
1 0.133789 0.041016 0.005859 0.007812
0 0.088867 0.038086 0.001953 0.005859
0 0.102539 0.025391 0.001953 0.003906
0 0.088867 0.024414 0.001953 0.001953
0 0.952148 0.025391 0.005859 0.007812
1 0.614258 0.022461 0.001953 0.001953
1 0.541992 0.028320 0.005859 0.013672
0 0.214844 0.024414 0.003906 0.005859
0 0.992188 0.033203 0.015625 0.027344
1 0.490234 0.021484 0.015625 0.015625
1 0.273438 0.021484 0.007812 0.015625
0 0.103516 0.016602 0.003906 0.005859
1 0.803711 0.010742 0.001953 0.001953
1 0.028320 0.010742 0.001953 0.001953
0 0.742188 0.022461 0.019531 0.029297
1 0.274414 0.008789 0.001953 0.001953
0 0.799805 0.006836 0.001953 0.001953
0 0.784180 0.007812 0.005859 0.007812
1 0.497070 0.007812 0.013672 0.007812
1 0.823242 0.003906 0.009766 0.007812
0 0.801758 0.000977 0.001953 0.001953
1 0.326172 0.000977 0.011719 0.001953
0 0.201172 0.022461 0.019531 0.044922
1 0.023438 0.008789 0.007812 0.017578
3 0.321289 0.996094 0.005859 0.007812
3 0.059570 0.363281 0.001953 0.003906
2 0.005859 0.059570 0.007812 0.009766
3 0.500000 0.500000 1.000000 1.000000