0 0.769531 0.999023 0.003906 0.001953
1 0.512695 0.999023 0.001953 0.001953
0 0.134766 0.998047 0.007812 0.003906
0 0.122070 0.998047 0.013672 0.003906
1 0.866211 0.997070 0.009766 0.005859
0 0.414062 0.997070 0.007812 0.005859
1 0.724609 0.991211 0.007812 0.005859
1 0.523438 0.991211 0.007812 0.009766
0 0.428711 0.988281 0.005859 0.003906
1 0.834961 0.985352 0.001953 0.001953
1 0.547852 0.990234 0.005859 0.011719
0 0.276367 0.992188 0.029297 0.015625
0 0.444336 0.991211 0.017578 0.017578
1 0.836914 0.981445 0.001953 0.001953
0 0.309570 0.990234 0.029297 0.019531
0 0.149414 0.990234 0.013672 0.019531
1 0.538086 0.977539 0.001953 0.001953
1 0.103516 0.977539 0.003906 0.005859
1 0.996094 0.972656 0.003906 0.003906
0 0.329102 0.985352 0.017578 0.029297
1 0.980469 0.971680 0.003906 0.005859
1 0.849609 0.972656 0.019531 0.007812
1 0.024414 0.968750 0.005859 0.003906
1 0.237305 0.968750 0.005859 0.007812
1 0.827148 0.961914 0.001953 0.001953
0 0.437500 0.971680 0.011719 0.021484
0 0.654297 0.979492 0.078125 0.041016
0 0.385742 0.979492 0.025391 0.041016
0 0.756836 0.974609 0.052734 0.035156
0 0.704102 0.963867 0.005859 0.013672
1 0.827148 0.956055 0.001953 0.001953
0 0.706055 0.954102 0.001953 0.001953
0 0.187500 0.973633 0.007812 0.041016
1 0.919922 0.953125 0.003906 0.003906
1 0.567383 0.957031 0.013672 0.015625
0 0.019531 0.952148 0.011719 0.005859
0 0.300781 0.961914 0.027344 0.029297
1 0.873047 0.949219 0.007812 0.011719
0 0.757812 0.944336 0.003906 0.001953
1 0.567383 0.945312 0.001953 0.003906
1 0.228516 0.948242 0.007812 0.009766
1 0.818359 0.945312 0.003906 0.007812
1 0.174805 0.943359 0.001953 0.003906
1 0.798828 0.944336 0.011719 0.009766
0 0.375977 0.941406 0.005859 0.007812
1 0.769531 0.936523 0.003906 0.001953
0 0.449219 0.954102 0.023438 0.037109
0 0.209961 0.958008 0.017578 0.044922
0 0.430664 0.934570 0.001953 0.001953
1 0.774414 0.932617 0.001953 0.001953
0 0.346680 0.939453 0.021484 0.019531
0 0.704102 0.928711 0.001953 0.001953
1 0.249023 0.928711 0.001953 0.001953
0 0.000977 0.931641 0.001953 0.007812
1 0.928711 0.928711 0.001953 0.005859
0 0.028320 0.927734 0.005859 0.003906
0 0.963867 0.924805 0.001953 0.001953
0 0.724609 0.926758 0.003906 0.005859
1 0.283203 0.925781 0.003906 0.003906
0 0.696289 0.925781 0.009766 0.007812
0 0.402344 0.947266 0.058594 0.050781
1 0.278320 0.922852 0.001953 0.001953
0 0.406250 0.921875 0.007812 0.003906
0 0.483398 0.958984 0.052734 0.082031
1 0.272461 0.919922 0.001953 0.003906
1 0.238281 0.919922 0.003906 0.003906
0 0.368164 0.917969 0.005859 0.003906
0 0.016602 0.931641 0.013672 0.031250
1 0.266602 0.915039 0.001953 0.001953
0 0.752930 0.922852 0.009766 0.021484
1 0.274414 0.913086 0.001953 0.001953
1 0.049805 0.956055 0.099609 0.087891
0 0.733398 0.916016 0.005859 0.011719
0 0.663086 0.935547 0.048828 0.050781
1 0.270508 0.909180 0.001953 0.001953
1 0.220703 0.913086 0.003906 0.009766
0 0.043945 0.917969 0.048828 0.019531
0 0.001953 0.911133 0.003906 0.005859
0 0.636719 0.909180 0.003906 0.005859
0 0.758789 0.905273 0.001953 0.001953
0 0.564453 0.919922 0.015625 0.031250
1 0.860352 0.916992 0.033203 0.029297
0 0.554688 0.904297 0.003906 0.003906
1 0.255859 0.904297 0.003906 0.003906
1 0.234375 0.905273 0.003906 0.005859
0 0.780273 0.903320 0.005859 0.005859
1 0.062500 0.902344 0.003906 0.003906
0 0.446289 0.919922 0.060547 0.042969
0 0.006836 0.900391 0.005859 0.007812
0 0.652344 0.899414 0.007812 0.009766
0 0.402344 0.897461 0.007812 0.005859
1 0.265625 0.893555 0.007812 0.005859
0 0.170898 0.910156 0.017578 0.039062
1 0.549805 0.887695 0.001953 0.001953
1 0.918945 0.885742 0.001953 0.001953
1 0.083008 0.889648 0.013672 0.013672
0 0.807617 0.899414 0.017578 0.037109
1 0.610352 0.886719 0.009766 0.011719
1 0.976562 0.900391 0.031250 0.046875
1 0.385742 0.880859 0.005859 0.007812
1 0.347656 0.879883 0.011719 0.009766
1 0.930664 0.874023 0.001953 0.001953
1 0.941406 0.873047 0.003906 0.003906
0 0.803711 0.873047 0.001953 0.003906
1 0.301758 0.875977 0.013672 0.013672
0 0.836914 0.877930 0.013672 0.021484
0 0.572266 0.880859 0.007812 0.027344
1 0.530273 0.868164 0.001953 0.001953
0 0.757812 0.887695 0.042969 0.044922
1 0.397461 0.866211 0.005859 0.005859
1 0.316406 0.866211 0.007812 0.005859
1 0.217773 0.860352 0.001953 0.001953
1 0.246094 0.870117 0.015625 0.025391
0 0.709961 0.856445 0.001953 0.001953
1 0.334961 0.862305 0.017578 0.013672
0 0.277344 0.857422 0.003906 0.003906
0 0.180664 0.872070 0.013672 0.033203
1 0.934570 0.861328 0.009766 0.015625
0 0.552734 0.860352 0.019531 0.013672
0 0.156250 0.873047 0.011719 0.039062
0 0.050781 0.861328 0.003906 0.015625
1 0.521484 0.852539 0.003906 0.001953
0 0.072266 0.854492 0.003906 0.005859
0 0.006836 0.871094 0.013672 0.042969
0 0.533203 0.849609 0.003906 0.003906
1 0.103516 0.849609 0.003906 0.003906
0 0.008789 0.848633 0.001953 0.001953
0 0.808594 0.857422 0.011719 0.023438
1 0.390625 0.847656 0.011719 0.007812
0 0.723633 0.850586 0.009766 0.017578
1 0.308594 0.849609 0.007812 0.015625
1 0.212891 0.851562 0.019531 0.019531
0 0.544922 0.842773 0.007812 0.005859
1 0.151367 0.840820 0.001953 0.001953
1 0.514648 0.838867 0.001953 0.001953
1 0.871094 0.845703 0.007812 0.019531
1 0.344727 0.842773 0.021484 0.013672
1 0.928711 0.832031 0.001953 0.003906
0 0.843750 0.840820 0.019531 0.021484
1 0.207031 0.832031 0.003906 0.003906
1 0.135742 0.831055 0.001953 0.001953
0 0.073242 0.834961 0.005859 0.009766
0 0.407227 0.829102 0.001953 0.001953
1 0.128906 0.835938 0.007812 0.015625
0 0.098633 0.833984 0.009766 0.011719
1 0.610352 0.844727 0.017578 0.037109
1 0.381836 0.833008 0.013672 0.013672
1 0.135742 0.827148 0.001953 0.001953
1 0.863281 0.827148 0.007812 0.005859
1 0.370117 0.827148 0.005859 0.005859
0 0.745117 0.824219 0.001953 0.003906
0 0.459961 0.855469 0.080078 0.066406
0 0.745117 0.819336 0.001953 0.001953
1 0.326172 0.827148 0.019531 0.017578
0 0.745117 0.815430 0.001953 0.001953
1 0.404297 0.815430 0.003906 0.001953
0 0.985352 0.814453 0.005859 0.003906
1 0.881836 0.816406 0.009766 0.007812
0 0.993164 0.828125 0.013672 0.035156
1 0.373047 0.812500 0.003906 0.003906
0 0.492188 0.811523 0.003906 0.009766
1 0.372070 0.807617 0.001953 0.001953
1 0.194336 0.809570 0.001953 0.005859
1 0.909180 0.809570 0.017578 0.013672
0 0.272461 0.827148 0.044922 0.048828
0 0.744141 0.805664 0.007812 0.009766
1 0.336914 0.806641 0.013672 0.011719
1 0.442383 0.801758 0.001953 0.005859
1 0.357422 0.810547 0.015625 0.023438
1 0.130859 0.810547 0.019531 0.023438
1 0.416992 0.798828 0.001953 0.003906
1 0.386719 0.797852 0.003906 0.001953
1 0.397461 0.799805 0.009766 0.009766
0 0.276367 0.793945 0.001953 0.001953
1 0.172852 0.805664 0.021484 0.025391
0 0.291016 0.791016 0.011719 0.023438
0 0.989258 0.785156 0.021484 0.023438
1 0.488281 0.783203 0.015625 0.019531
1 0.124023 0.779297 0.005859 0.011719
1 0.467773 0.772461 0.001953 0.001953
1 0.474609 0.795898 0.023438 0.048828
1 0.354492 0.778320 0.021484 0.013672
0 0.634766 0.791992 0.042969 0.048828
1 0.904297 0.767578 0.003906 0.003906
1 0.339844 0.769531 0.003906 0.007812
1 0.275391 0.760742 0.003906 0.001953
0 0.801758 0.758789 0.001953 0.001953
1 0.198242 0.756836 0.001953 0.001953
0 0.040039 0.752930 0.001953 0.001953
0 0.889648 0.763672 0.021484 0.031250
1 0.493164 0.750977 0.001953 0.005859
0 0.690430 0.821289 0.107422 0.150391
1 0.143555 0.747070 0.001953 0.001953
0 0.778320 0.741211 0.001953 0.001953
0 0.308594 0.761719 0.027344 0.042969
0 0.763672 0.797852 0.062500 0.123047
1 0.488281 0.736328 0.003906 0.003906
0 0.933594 0.742188 0.054688 0.035156
0 0.834961 0.756836 0.080078 0.064453
1 0.694336 0.732422 0.009766 0.015625
1 0.754883 0.724609 0.001953 0.003906
0 0.132812 0.727539 0.011719 0.013672
1 0.985352 0.724609 0.017578 0.011719
0 0.650391 0.742188 0.039062 0.054688
1 0.732422 0.713867 0.003906 0.001953
0 0.213867 0.713867 0.001953 0.001953
1 0.798828 0.715820 0.015625 0.009766
0 0.226562 0.757812 0.097656 0.093750
1 0.328125 0.714844 0.015625 0.015625
0 0.166016 0.708008 0.003906 0.001953
1 0.742188 0.705078 0.007812 0.007812
0 0.231445 0.704102 0.005859 0.005859
1 0.346680 0.703125 0.009766 0.007812
0 0.207031 0.705078 0.015625 0.011719
1 0.983398 0.699219 0.001953 0.003906
1 0.302734 0.700195 0.007812 0.005859
0 0.156250 0.701172 0.011719 0.007812
0 0.019531 0.702148 0.011719 0.009766
1 0.394531 0.736328 0.066406 0.082031
0 0.215820 0.698242 0.005859 0.005859
0 0.184570 0.697266 0.001953 0.003906
1 0.331055 0.694336 0.001953 0.001953
0 0.026367 0.694336 0.001953 0.001953
0 0.008789 0.694336 0.001953 0.001953
1 0.983398 0.692383 0.005859 0.005859
1 0.436523 0.702148 0.017578 0.025391
1 0.737305 0.689453 0.001953 0.003906
1 0.127930 0.692383 0.005859 0.009766
0 0.034180 0.688477 0.001953 0.001953
1 0.749023 0.684570 0.001953 0.001953
1 0.749023 0.680664 0.001953 0.001953
1 0.209961 0.685547 0.025391 0.015625
0 0.121094 0.680664 0.007812 0.005859
1 0.283203 0.677734 0.007812 0.007812
1 0.800781 0.679688 0.007812 0.015625
1 0.295898 0.676758 0.009766 0.009766
0 0.149414 0.673828 0.009766 0.011719
0 0.013672 0.675781 0.011719 0.015625
0 0.524414 0.764648 0.146484 0.197266
0 0.135742 0.663086 0.001953 0.001953
1 0.879883 0.661133 0.001953 0.001953
0 0.356445 0.673828 0.044922 0.027344
0 0.088867 0.748047 0.177734 0.187500
0 0.446289 0.650391 0.005859 0.003906
0 0.010742 0.660156 0.021484 0.027344
1 0.929688 0.646484 0.007812 0.015625
1 0.763672 0.644531 0.003906 0.011719
0 0.599609 0.665039 0.031250 0.052734
0 0.441406 0.639648 0.003906 0.005859
0 0.384766 0.646484 0.019531 0.019531
1 0.973633 0.660156 0.017578 0.050781
0 0.518555 0.642578 0.013672 0.015625
0 0.125977 0.643555 0.033203 0.017578
0 0.414062 0.640625 0.007812 0.015625
0 0.403320 0.630859 0.009766 0.003906
0 0.196289 0.627930 0.001953 0.001953
0 0.155273 0.627930 0.001953 0.001953
0 0.466797 0.631836 0.007812 0.013672
0 0.204102 0.626953 0.005859 0.003906
0 0.139648 0.628906 0.017578 0.007812
0 0.612305 0.637695 0.021484 0.029297
0 0.434570 0.631836 0.009766 0.017578
0 0.502930 0.627930 0.009766 0.013672
1 0.768555 0.617188 0.005859 0.003906
0 0.450195 0.628906 0.021484 0.027344
0 0.558594 0.637695 0.039062 0.048828
0 0.837891 0.642578 0.039062 0.062500
0 0.795898 0.622070 0.009766 0.021484
0 0.477539 0.609375 0.001953 0.003906
0 0.461914 0.611328 0.005859 0.007812
1 0.409180 0.609375 0.005859 0.003906
1 0.417969 0.608398 0.007812 0.005859
0 0.518555 0.604492 0.001953 0.001953
1 0.884766 0.615234 0.011719 0.027344
0 0.850586 0.602539 0.001953 0.001953
0 0.590820 0.610352 0.033203 0.017578
0 0.505859 0.603516 0.007812 0.003906
1 0.992188 0.605469 0.015625 0.011719
0 0.620117 0.617188 0.013672 0.035156
0 0.843750 0.600586 0.007812 0.005859
0 0.498047 0.599609 0.003906 0.003906
0 0.121094 0.599609 0.003906 0.007812
1 0.092773 0.612305 0.056641 0.041016
1 0.800781 0.595703 0.003906 0.011719
0 0.737305 0.644531 0.060547 0.109375
1 0.657227 0.589844 0.005859 0.003906
0 0.684570 0.644531 0.091797 0.117188
1 0.944336 0.598633 0.013672 0.029297
0 0.544922 0.602539 0.035156 0.037109
1 0.897461 0.583984 0.009766 0.007812
0 0.359375 0.591797 0.011719 0.023438
0 0.008789 0.610352 0.017578 0.060547
0 0.844727 0.579102 0.001953 0.001953
1 0.553711 0.579102 0.001953 0.001953
1 0.339844 0.582031 0.011719 0.007812
1 0.903320 0.577148 0.001953 0.001953
1 0.558594 0.577148 0.003906 0.001953
1 0.467773 0.581055 0.013672 0.009766
0 0.151367 0.573242 0.001953 0.001953
1 0.787109 0.580078 0.007812 0.019531
1 0.534180 0.571289 0.001953 0.001953
1 0.794922 0.568359 0.003906 0.003906
1 0.770508 0.565430 0.001953 0.001953
1 0.758789 0.566406 0.005859 0.003906
0 0.615234 0.575195 0.039062 0.025391
1 0.471680 0.565430 0.005859 0.005859
1 0.188477 0.563477 0.001953 0.001953
0 0.186523 0.628906 0.099609 0.132812
1 0.368164 0.564453 0.005859 0.007812
1 0.192383 0.559570 0.001953 0.001953
1 0.083984 0.562500 0.003906 0.007812
1 0.615234 0.556641 0.003906 0.003906
1 0.803711 0.551758 0.001953 0.001953
1 0.799805 0.551758 0.001953 0.001953
1 0.776367 0.552734 0.001953 0.003906
0 0.209961 0.562500 0.029297 0.027344
1 0.774414 0.547852 0.001953 0.001953
0 0.044922 0.548828 0.003906 0.003906
0 0.039062 0.548828 0.003906 0.003906
1 0.804688 0.546875 0.003906 0.003906
0 0.496094 0.545898 0.003906 0.005859
0 0.845703 0.562500 0.042969 0.046875
0 0.815430 0.540039 0.005859 0.005859
0 0.472656 0.539062 0.003906 0.003906
0 0.852539 0.537109 0.001953 0.003906
1 0.622070 0.536133 0.001953 0.001953
1 0.172852 0.543945 0.017578 0.017578
1 0.783203 0.541016 0.011719 0.015625
1 0.926758 0.547852 0.033203 0.033203
1 0.889648 0.532227 0.001953 0.001953
1 0.617188 0.537109 0.015625 0.015625
1 0.630859 0.530273 0.015625 0.009766
0 0.182617 0.526367 0.001953 0.001953
1 0.608398 0.524414 0.001953 0.001953
0 0.825195 0.523438 0.001953 0.003906
0 0.534180 0.541992 0.056641 0.041016
0 0.184570 0.522461 0.001953 0.001953
0 0.015625 0.541016 0.031250 0.039062
0 0.963867 0.519531 0.001953 0.003906
1 0.186523 0.518555 0.001953 0.001953
1 0.791016 0.522461 0.019531 0.013672
0 0.541992 0.516602 0.001953 0.001953
0 0.196289 0.530273 0.017578 0.029297
0 0.778320 0.514648 0.001953 0.001953
1 0.157227 0.519531 0.005859 0.011719
0 0.000977 0.511719 0.001953 0.003906
0 0.989258 0.525391 0.021484 0.035156
0 0.625000 0.508789 0.003906 0.001953
0 0.502930 0.516602 0.009766 0.017578
0 0.620117 0.507812 0.001953 0.003906
1 0.113281 0.506836 0.003906 0.001953
0 0.077148 0.506836 0.001953 0.001953
0 0.852539 0.513672 0.033203 0.019531
0 0.487305 0.505859 0.001953 0.003906
0 0.288086 0.504883 0.001953 0.001953
0 0.168945 0.505859 0.005859 0.003906
0 0.030273 0.524414 0.033203 0.041016
0 0.705078 0.538086 0.097656 0.072266
0 0.069336 0.502930 0.001953 0.001953
0 0.838867 0.499023 0.001953 0.001953
0 0.470703 0.516602 0.023438 0.037109
1 0.598633 0.496094 0.005859 0.003906
0 0.408203 0.510742 0.027344 0.033203
0 0.502930 0.498047 0.013672 0.011719
0 0.263672 0.556641 0.062500 0.128906
1 0.142578 0.500977 0.007812 0.017578
1 0.792969 0.497070 0.023438 0.017578
0 0.525391 0.492188 0.007812 0.007812
1 0.844727 0.492188 0.017578 0.011719
0 0.046875 0.507812 0.015625 0.042969
1 0.646484 0.485352 0.007812 0.005859
1 0.561523 0.507812 0.029297 0.050781
0 0.414062 0.484375 0.007812 0.007812
1 0.241211 0.481445 0.001953 0.001953
0 0.184570 0.484375 0.009766 0.007812
0 0.622070 0.485352 0.033203 0.013672
0 0.009766 0.488281 0.019531 0.019531
0 0.455078 0.481445 0.007812 0.009766
0 0.520508 0.475586 0.001953 0.001953
1 0.700195 0.471680 0.001953 0.001953
0 0.051758 0.475586 0.005859 0.009766
1 0.596680 0.469727 0.001953 0.001953
0 0.494141 0.478516 0.019531 0.019531
1 0.208984 0.472656 0.007812 0.007812
0 0.002930 0.469727 0.001953 0.001953
0 0.166992 0.484375 0.017578 0.035156
1 0.935547 0.470703 0.007812 0.011719
0 0.440430 0.468750 0.005859 0.007812
0 0.268555 0.480469 0.048828 0.031250
0 0.085938 0.478516 0.039062 0.035156
1 0.846680 0.464844 0.013672 0.011719
0 0.752930 0.476562 0.041016 0.035156
1 0.223633 0.462891 0.009766 0.007812
0 0.755859 0.453125 0.003906 0.003906
0 0.316406 0.464844 0.035156 0.027344
1 0.696289 0.451172 0.009766 0.003906
1 0.209961 0.451172 0.001953 0.003906
0 0.009766 0.453125 0.015625 0.007812
0 0.746094 0.450195 0.007812 0.005859
0 0.427734 0.449219 0.003906 0.003906
0 0.410156 0.462891 0.035156 0.035156
1 0.193359 0.448242 0.007812 0.005859
0 0.991211 0.460938 0.017578 0.035156
1 0.225586 0.445312 0.009766 0.007812
1 0.039062 0.446289 0.007812 0.009766
0 0.539062 0.451172 0.054688 0.031250
0 0.340820 0.443359 0.025391 0.019531
1 0.589844 0.439453 0.015625 0.019531
1 0.491211 0.431641 0.001953 0.003906
1 0.081055 0.431641 0.005859 0.003906
0 0.008789 0.431641 0.005859 0.003906
0 0.699219 0.436523 0.019531 0.017578
1 0.770508 0.429688 0.005859 0.007812
1 0.263672 0.428711 0.007812 0.005859
0 0.855469 0.425781 0.003906 0.003906
0 0.881836 0.423828 0.001953 0.003906
1 0.614258 0.423828 0.005859 0.003906
1 0.199219 0.428711 0.019531 0.013672
0 0.906250 0.432617 0.031250 0.025391
1 0.859375 0.419922 0.003906 0.003906
1 0.564453 0.422852 0.011719 0.009766
1 0.407227 0.418945 0.001953 0.001953
0 0.444336 0.431641 0.033203 0.039062
1 0.051758 0.413086 0.001953 0.001953
0 0.762695 0.415039 0.013672 0.009766
1 0.111328 0.416016 0.003906 0.011719
0 0.002930 0.416992 0.005859 0.013672
1 0.788086 0.419922 0.017578 0.023438
0 0.487305 0.410156 0.005859 0.003906
0 0.967773 0.410156 0.013672 0.007812
1 0.068359 0.412109 0.007812 0.015625
0 0.949219 0.412109 0.019531 0.023438
0 0.476562 0.402344 0.003906 0.003906
1 0.170898 0.402344 0.009766 0.003906
0 0.440430 0.400391 0.001953 0.003906
0 0.888672 0.403320 0.035156 0.017578
1 0.709961 0.395508 0.001953 0.005859
0 0.980469 0.393555 0.007812 0.005859
0 0.750000 0.398438 0.015625 0.015625
0 0.916016 0.393555 0.011719 0.009766
1 0.113281 0.397461 0.011719 0.017578
1 0.041992 0.398438 0.021484 0.019531
0 0.458008 0.400391 0.025391 0.027344
1 0.338867 0.394531 0.017578 0.015625
1 0.121094 0.386719 0.003906 0.003906
1 0.817383 0.387695 0.013672 0.013672
1 0.614258 0.390625 0.017578 0.019531
0 0.487305 0.383789 0.009766 0.009766
1 0.287109 0.380859 0.003906 0.007812
1 0.262695 0.387695 0.017578 0.021484
0 0.973633 0.376953 0.005859 0.003906
1 0.595703 0.380859 0.015625 0.015625
1 0.301758 0.380859 0.005859 0.015625
1 0.755859 0.374023 0.003906 0.005859
0 0.901367 0.374023 0.009766 0.009766
0 0.915039 0.370117 0.013672 0.009766
0 0.041992 0.366211 0.001953 0.001953
1 0.538086 0.375977 0.033203 0.025391
0 0.498047 0.367188 0.019531 0.015625
0 0.174805 0.374023 0.017578 0.029297
1 0.491211 0.359375 0.001953 0.003906
0 0.027344 0.363281 0.015625 0.011719
1 0.957031 0.356445 0.003906 0.005859
1 0.806641 0.356445 0.007812 0.009766
1 0.741211 0.358398 0.013672 0.017578
1 0.100586 0.350586 0.001953 0.001953
0 0.622070 0.353516 0.009766 0.011719
1 0.356445 0.349609 0.005859 0.003906
1 0.081055 0.350586 0.005859 0.005859
0 0.775391 0.347656 0.011719 0.007812
1 0.960938 0.345703 0.019531 0.011719
1 0.099609 0.341797 0.003906 0.003906
1 0.999023 0.340820 0.001953 0.005859
1 0.385742 0.342773 0.021484 0.009766
1 0.795898 0.337891 0.001953 0.003906
1 0.813477 0.334961 0.005859 0.005859
1 0.310547 0.335938 0.003906 0.007812
1 0.069336 0.347656 0.013672 0.031250
0 0.975586 0.333008 0.005859 0.005859
1 0.459961 0.333008 0.009766 0.009766
0 0.046875 0.347656 0.023438 0.039062
0 0.835938 0.327148 0.003906 0.005859
1 0.302734 0.328125 0.007812 0.011719
1 0.967773 0.325195 0.005859 0.009766
1 0.701172 0.352539 0.019531 0.068359
0 0.760742 0.328125 0.025391 0.023438
1 0.601562 0.326172 0.023438 0.019531
1 0.028320 0.317383 0.001953 0.001953
0 0.887695 0.335938 0.041016 0.042969
1 0.550781 0.318359 0.011719 0.011719
0 0.652344 0.341797 0.039062 0.062500
1 0.621094 0.313477 0.003906 0.005859
0 0.017578 0.344727 0.035156 0.076172
1 0.926758 0.308594 0.005859 0.007812
0 0.894531 0.307617 0.003906 0.009766
1 0.753906 0.301758 0.003906 0.001953
0 0.845703 0.304688 0.015625 0.011719
1 0.337891 0.302734 0.015625 0.007812
1 0.321289 0.301758 0.009766 0.005859
1 0.197266 0.316406 0.027344 0.035156
0 0.978516 0.296875 0.011719 0.003906
0 0.008789 0.295898 0.009766 0.005859
0 0.948242 0.299805 0.029297 0.017578
1 0.159180 0.296875 0.009766 0.011719
0 0.921875 0.291992 0.007812 0.005859
1 0.532227 0.291016 0.005859 0.003906
0 0.817383 0.297852 0.021484 0.021484
0 0.014648 0.288086 0.001953 0.001953
1 0.208008 0.284180 0.001953 0.001953
0 0.792969 0.284180 0.011719 0.005859
1 0.067383 0.292969 0.013672 0.023438
0 0.027344 0.282227 0.011719 0.009766
0 0.957031 0.277344 0.007812 0.003906
1 0.916992 0.277344 0.005859 0.003906
1 0.559570 0.276367 0.001953 0.001953
1 0.125000 0.282227 0.007812 0.013672
1 0.882812 0.273438 0.003906 0.003906
1 0.928711 0.271484 0.001953 0.003906
1 0.639648 0.272461 0.005859 0.005859
1 0.110352 0.282227 0.017578 0.029297
0 0.003906 0.271484 0.003906 0.007812
1 0.993164 0.268555 0.013672 0.005859
1 0.983398 0.266602 0.001953 0.001953
1 0.979492 0.264648 0.001953 0.001953
1 0.069336 0.260742 0.001953 0.001953
1 0.562500 0.260742 0.007812 0.005859
0 0.015625 0.269531 0.023438 0.023438
1 0.999023 0.256836 0.001953 0.001953
0 0.784180 0.261719 0.048828 0.015625
1 0.908203 0.264648 0.027344 0.025391
1 0.237305 0.261719 0.009766 0.019531
1 0.076172 0.255859 0.007812 0.007812
1 0.851562 0.260742 0.046875 0.025391
1 0.630859 0.249023 0.003906 0.001953
1 0.472656 0.249023 0.003906 0.001953
1 0.077148 0.249023 0.001953 0.001953
0 0.245117 0.245117 0.001953 0.001953
1 0.984375 0.250000 0.023438 0.015625
1 0.570312 0.245117 0.011719 0.005859
1 0.474609 0.244141 0.003906 0.003906
0 0.261719 0.254883 0.027344 0.029297
1 0.420898 0.241211 0.009766 0.005859
1 0.043945 0.239258 0.001953 0.001953
1 0.965820 0.237305 0.001953 0.001953
0 0.180664 0.235352 0.001953 0.001953
0 0.810547 0.243164 0.015625 0.021484
1 0.963867 0.232422 0.005859 0.003906
1 0.046875 0.232422 0.007812 0.003906
0 0.754883 0.239258 0.029297 0.021484
1 0.169922 0.245117 0.023438 0.033203
1 0.593750 0.233398 0.015625 0.013672
1 0.061523 0.221680 0.001953 0.001953
0 0.800781 0.223633 0.003906 0.009766
0 0.768555 0.223633 0.017578 0.009766
0 0.188477 0.217773 0.009766 0.009766
1 0.079102 0.215820 0.013672 0.009766
1 0.932617 0.208984 0.009766 0.003906
1 0.604492 0.211914 0.021484 0.013672
1 0.567383 0.213867 0.009766 0.021484
0 0.175781 0.203125 0.003906 0.003906
0 0.764648 0.200195 0.001953 0.001953
1 0.291016 0.200195 0.007812 0.005859
1 0.281250 0.202148 0.003906 0.009766
1 0.944336 0.197266 0.005859 0.003906
1 0.637695 0.199219 0.013672 0.011719
1 0.910156 0.192383 0.003906 0.001953
1 0.592773 0.192383 0.001953 0.001953
1 0.229492 0.192383 0.001953 0.001953
1 0.153320 0.192383 0.001953 0.001953
1 0.696289 0.190430 0.001953 0.001953
1 0.297852 0.191406 0.005859 0.003906
1 0.117188 0.197266 0.007812 0.015625
1 0.844727 0.188477 0.001953 0.001953
1 0.795898 0.202148 0.048828 0.029297
0 0.746094 0.200195 0.027344 0.025391
1 0.110352 0.188477 0.001953 0.001953
1 0.913086 0.187500 0.005859 0.003906
1 0.820312 0.188477 0.003906 0.005859
0 0.191406 0.187500 0.007812 0.003906
1 0.151367 0.186523 0.001953 0.001953
1 0.125977 0.188477 0.005859 0.005859
0 0.980469 0.203125 0.039062 0.039062
0 0.750000 0.184570 0.003906 0.001953
0 0.743164 0.184570 0.001953 0.001953
1 0.394531 0.192383 0.027344 0.021484
1 0.886719 0.185547 0.027344 0.011719
1 0.823242 0.180664 0.001953 0.001953
1 0.934570 0.187500 0.033203 0.019531
1 0.418945 0.183594 0.005859 0.011719
1 0.681641 0.183594 0.031250 0.015625
1 0.336914 0.176758 0.001953 0.001953
1 0.145508 0.184570 0.001953 0.017578
1 0.301758 0.174805 0.001953 0.001953
1 0.170898 0.172852 0.001953 0.001953
1 0.999023 0.170898 0.001953 0.001953
1 0.192383 0.170898 0.001953 0.001953
1 0.957031 0.169922 0.003906 0.003906
1 0.952148 0.169922 0.001953 0.003906
1 0.617188 0.176758 0.015625 0.017578
1 0.468750 0.175781 0.019531 0.015625
1 0.038086 0.186523 0.017578 0.037109
1 0.236328 0.171875 0.007812 0.011719
1 0.324219 0.172852 0.019531 0.021484
1 0.305664 0.166016 0.017578 0.007812
1 0.429688 0.159180 0.003906 0.001953
1 0.357422 0.167969 0.015625 0.019531
1 0.560547 0.172852 0.054688 0.033203
1 0.034180 0.155273 0.001953 0.001953
0 0.929688 0.158203 0.011719 0.015625
1 0.359375 0.152344 0.003906 0.003906
0 0.999023 0.150391 0.001953 0.003906
0 0.917969 0.151367 0.003906 0.005859
1 0.435547 0.146484 0.007812 0.003906
1 0.366211 0.148438 0.009766 0.007812
1 0.931641 0.141602 0.003906 0.005859
1 0.858398 0.139648 0.001953 0.001953
1 0.176758 0.139648 0.001953 0.001953
1 0.079102 0.139648 0.001953 0.001953
1 0.831055 0.135742 0.001953 0.001953
1 0.827148 0.133789 0.001953 0.001953
0 0.884766 0.142578 0.031250 0.023438
1 0.465820 0.129883 0.001953 0.001953
1 0.473633 0.128906 0.005859 0.003906
1 0.374023 0.125977 0.001953 0.001953
1 0.847656 0.131836 0.019531 0.017578
1 0.545898 0.124023 0.005859 0.001953
1 0.255859 0.162109 0.039062 0.082031
0 0.985352 0.130859 0.029297 0.023438
1 0.276367 0.117188 0.001953 0.003906
0 0.012695 0.123047 0.013672 0.015625
1 0.401367 0.112305 0.001953 0.001953
0 0.616211 0.121094 0.025391 0.027344
1 0.412109 0.114258 0.019531 0.017578
0 0.344727 0.125000 0.025391 0.039062
1 0.161133 0.102539 0.005859 0.001953
0 0.973633 0.109375 0.033203 0.019531
1 0.930664 0.102539 0.005859 0.005859
0 0.999023 0.098633 0.001953 0.001953
1 0.315430 0.098633 0.001953 0.001953
1 0.263672 0.100586 0.007812 0.009766
1 0.195312 0.114258 0.015625 0.037109
1 0.663086 0.094727 0.005859 0.001953
1 0.868164 0.092773 0.001953 0.001953
1 0.324219 0.094727 0.011719 0.009766
1 0.213867 0.091797 0.001953 0.003906
1 0.110352 0.090820 0.001953 0.001953
1 0.998047 0.086914 0.003906 0.001953
1 0.990234 0.086914 0.003906 0.001953
0 0.005859 0.094727 0.011719 0.025391
1 0.989258 0.081055 0.001953 0.001953
1 0.991211 0.077148 0.001953 0.001953
1 0.175781 0.077148 0.003906 0.005859
1 0.172852 0.073242 0.001953 0.001953
1 0.603516 0.069336 0.003906 0.005859
1 0.424805 0.073242 0.017578 0.013672
1 0.167969 0.066406 0.003906 0.003906
1 0.518555 0.075195 0.021484 0.025391
1 0.449219 0.063477 0.003906 0.001953
0 0.084961 0.079102 0.021484 0.033203
1 0.177734 0.065430 0.003906 0.013672
1 0.006836 0.067383 0.013672 0.017578
1 0.350586 0.055664 0.001953 0.001953
1 0.709961 0.053711 0.001953 0.001953
1 0.420898 0.053711 0.001953 0.001953
1 0.709961 0.049805 0.001953 0.001953
1 0.218750 0.054688 0.007812 0.011719
0 0.623047 0.054688 0.015625 0.015625
1 0.238281 0.051758 0.007812 0.013672
1 0.021484 0.048828 0.011719 0.007812
1 0.100586 0.043945 0.001953 0.001953
0 0.055664 0.050781 0.029297 0.023438
1 0.450195 0.041016 0.009766 0.007812
0 0.074219 0.041016 0.023438 0.011719
0 0.448242 0.035156 0.005859 0.003906
1 0.129883 0.042969 0.025391 0.023438
1 0.328125 0.032227 0.003906 0.005859
1 0.666992 0.028320 0.001953 0.001953
1 0.831055 0.026367 0.001953 0.001953
1 0.633789 0.023438 0.005859 0.003906
1 0.182617 0.020508 0.001953 0.001953
1 0.551758 0.021484 0.009766 0.007812
1 0.342773 0.019531 0.001953 0.003906
1 0.483398 0.016602 0.001953 0.001953
1 0.454102 0.017578 0.005859 0.003906
1 0.670898 0.014648 0.001953 0.001953
1 0.648438 0.014648 0.007812 0.005859
1 0.665039 0.010742 0.001953 0.001953
1 0.350586 0.010742 0.001953 0.001953
1 0.637695 0.009766 0.009766 0.011719
1 0.394531 0.005859 0.003906 0.003906
1 0.351562 0.004883 0.003906 0.001953
1 0.188477 0.008789 0.009766 0.009766
0 0.265625 0.010742 0.019531 0.017578
0 0.941406 0.001953 0.011719 0.003906
0 0.926758 0.003906 0.005859 0.007812
0 0.833984 0.001953 0.003906 0.003906
1 0.849609 0.081055 0.300781 0.162109
0 0.561523 0.006836 0.044922 0.013672
1 0.484375 0.011719 0.031250 0.023438
1 0.397461 0.000977 0.001953 0.001953
1 0.383789 0.005859 0.013672 0.011719
1 0.365234 0.009766 0.023438 0.019531
1 0.350586 0.000977 0.001953 0.001953
0 0.020508 0.001953 0.041016 0.003906
3 0.052734 0.957031 0.003906 0.003906
3 0.053711 0.951172 0.005859 0.003906
3 0.043945 0.952148 0.005859 0.005859
3 0.066406 0.958984 0.011719 0.023438
2 0.075195 0.944336 0.001953 0.001953
2 0.008789 0.868164 0.001953 0.001953
2 0.006836 0.821289 0.013672 0.013672
2 0.049805 0.809570 0.001953 0.001953
2 0.063477 0.787109 0.005859 0.011719
2 0.023438 0.780273 0.046875 0.029297
2 0.083008 0.757812 0.029297 0.019531
2 0.032227 0.753906 0.064453 0.023438
2 0.063477 0.741211 0.001953 0.001953
2 0.064453 0.704102 0.011719 0.021484
2 0.060547 0.678711 0.003906 0.001953
3 0.817383 0.133789 0.001953 0.001953
3 0.837891 0.080078 0.003906 0.003906
3 0.820312 0.083008 0.027344 0.013672
2 0.940430 0.066406 0.005859 0.003906
3 0.847656 0.068359 0.003906 0.007812
2 0.931641 0.058594 0.031250 0.035156
2 0.825195 0.038086 0.001953 0.001953
2 0.863281 0.025391 0.011719 0.007812
3 0.383789 0.004883 0.001953 0.001953
3 0.940430 0.014648 0.068359 0.029297
2 0.895508 0.008789 0.005859 0.017578
2 0.865234 0.007812 0.011719 0.015625
2 0.833984 0.018555 0.042969 0.037109
3 0.500000 0.500000 1.000000 1.000000