0 0.587891 0.999023 0.003906 0.001953
0 0.522461 0.999023 0.001953 0.001953
0 0.500977 0.999023 0.001953 0.001953
0 0.694336 0.998047 0.013672 0.003906
0 0.605469 0.996094 0.019531 0.007812
1 0.367188 0.991211 0.023438 0.017578
0 0.522461 0.984375 0.009766 0.011719
0 0.883789 0.972656 0.001953 0.003906
0 0.656250 0.970703 0.003906 0.003906
0 0.484375 0.984375 0.027344 0.031250
0 0.036133 0.961914 0.001953 0.001953
0 0.762695 0.958984 0.005859 0.007812
0 0.752930 0.956055 0.001953 0.001953
0 0.706055 0.950195 0.001953 0.001953
0 0.709961 0.948242 0.001953 0.001953
0 0.440430 0.955078 0.017578 0.015625
0 0.950195 0.945312 0.001953 0.003906
0 0.746094 0.943359 0.003906 0.003906
0 0.931641 0.940430 0.003906 0.001953
0 0.945312 0.942383 0.003906 0.009766
0 0.559570 0.938477 0.001953 0.001953
0 0.129883 0.938477 0.001953 0.001953
0 0.776367 0.946289 0.033203 0.029297
0 0.780273 0.928711 0.001953 0.001953
0 0.729492 0.960938 0.048828 0.070312
0 0.733398 0.918945 0.001953 0.001953
1 0.307617 0.918945 0.005859 0.005859
1 0.548828 0.916016 0.003906 0.003906
0 0.984375 0.914062 0.003906 0.003906
0 0.576172 0.927734 0.039062 0.031250
1 0.555664 0.912109 0.005859 0.007812
1 0.495117 0.909180 0.001953 0.001953
1 0.315430 0.906250 0.001953 0.003906
1 0.493164 0.903320 0.005859 0.005859
1 0.319336 0.901367 0.001953 0.001953
0 0.338867 0.899414 0.001953 0.001953
1 0.333008 0.899414 0.001953 0.001953
1 0.315430 0.900391 0.001953 0.003906
1 0.519531 0.916016 0.035156 0.039062
1 0.512695 0.895508 0.001953 0.001953
1 0.518555 0.893555 0.001953 0.001953
1 0.502930 0.893555 0.001953 0.001953
1 0.567383 0.892578 0.001953 0.003906
1 0.506836 0.891602 0.001953 0.001953
0 0.530273 0.888672 0.005859 0.003906
0 0.524414 0.887695 0.001953 0.001953
1 0.593750 0.887695 0.003906 0.005859
1 0.288086 0.879883 0.001953 0.001953
1 0.147461 0.877930 0.001953 0.001953
0 0.377930 0.907227 0.064453 0.064453
1 0.575195 0.866211 0.001953 0.001953
1 0.187500 0.865234 0.003906 0.003906
1 0.180664 0.860352 0.001953 0.001953
0 0.263672 0.856445 0.003906 0.001953
0 0.319336 0.848633 0.001953 0.001953
1 0.301758 0.888672 0.044922 0.082031
0 0.290039 0.846680 0.001953 0.001953
0 0.321289 0.844727 0.001953 0.001953
0 0.315430 0.844727 0.001953 0.001953
0 0.317383 0.840820 0.001953 0.001953
0 0.541016 0.861328 0.078125 0.046875
0 0.323242 0.839844 0.001953 0.003906
0 0.358398 0.839844 0.013672 0.011719
1 0.799805 0.827148 0.001953 0.001953
1 0.136719 0.825195 0.003906 0.005859
0 0.572266 0.787109 0.003906 0.003906
1 0.797852 0.776367 0.005859 0.001953
0 0.911133 0.774414 0.001953 0.001953
0 0.906250 0.772461 0.003906 0.001953
0 0.891602 0.770508 0.001953 0.001953
0 0.608398 0.766602 0.001953 0.001953
0 0.500977 0.766602 0.001953 0.001953
1 0.836914 0.762695 0.001953 0.001953
1 0.940430 0.761719 0.001953 0.003906
1 0.356445 0.761719 0.005859 0.007812
0 0.727539 0.756836 0.001953 0.001953
0 0.621094 0.762695 0.019531 0.021484
0 0.898438 0.749023 0.003906 0.001953
0 0.449219 0.748047 0.003906 0.003906
1 0.540039 0.747070 0.005859 0.005859
0 0.176758 0.747070 0.005859 0.005859
0 0.897461 0.741211 0.001953 0.001953
0 0.420898 0.744141 0.001953 0.007812
1 0.348633 0.739258 0.001953 0.001953
0 0.441406 0.739258 0.003906 0.005859
1 0.366211 0.737305 0.001953 0.001953
1 0.354492 0.738281 0.005859 0.007812
0 0.188477 0.735352 0.001953 0.001953
0 0.088867 0.867188 0.177734 0.265625
1 0.368164 0.733398 0.001953 0.001953
1 0.895508 0.731445 0.001953 0.001953
1 0.772461 0.729492 0.001953 0.001953
0 0.336914 0.729492 0.001953 0.001953
1 0.341797 0.728516 0.003906 0.003906
0 0.331055 0.727539 0.001953 0.001953
0 0.071289 0.728516 0.009766 0.007812
0 0.545898 0.723633 0.001953 0.001953
0 0.373047 0.777344 0.097656 0.109375
0 0.079102 0.721680 0.001953 0.001953
0 0.079102 0.717773 0.001953 0.001953
0 0.060547 0.719727 0.007812 0.013672
0 0.167969 0.711914 0.003906 0.001953
0 0.002930 0.711914 0.005859 0.009766
1 0.901367 0.706055 0.001953 0.001953
0 0.182617 0.708008 0.013672 0.009766
0 0.012695 0.704102 0.001953 0.001953
1 0.743164 0.703125 0.005859 0.003906
1 0.898438 0.698242 0.003906 0.001953
0 0.554688 0.698242 0.003906 0.001953
0 0.670898 0.696289 0.001953 0.001953
1 0.891602 0.695312 0.005859 0.003906
0 0.567383 0.692383 0.001953 0.001953
0 0.114258 0.700195 0.021484 0.017578
0 0.560547 0.692383 0.003906 0.005859
0 0.463867 0.695312 0.021484 0.011719
1 0.982422 0.690430 0.011719 0.013672
0 0.672852 0.693359 0.021484 0.019531
0 0.489258 0.745117 0.158203 0.126953
0 0.231445 0.698242 0.037109 0.041016
1 0.793945 0.675781 0.005859 0.003906
1 0.700195 0.672852 0.001953 0.001953
0 0.571289 0.670898 0.001953 0.001953
1 0.998047 0.670898 0.003906 0.005859
0 0.307617 0.668945 0.001953 0.001953
1 0.992188 0.667969 0.003906 0.003906
0 0.309570 0.665039 0.001953 0.001953
1 0.999023 0.663086 0.001953 0.001953
0 0.836914 0.659180 0.001953 0.001953
0 0.389648 0.659180 0.001953 0.001953
0 0.254883 0.829102 0.197266 0.341797
0 0.583984 0.670898 0.027344 0.033203
0 0.383789 0.651367 0.001953 0.001953
1 0.642578 0.666992 0.039062 0.037109
0 0.383789 0.667969 0.041016 0.039062
0 0.055664 0.649414 0.001953 0.001953
1 0.768555 0.645508 0.001953 0.001953
0 0.042969 0.677734 0.085938 0.070312
1 0.958008 0.641602 0.001953 0.001953
0 0.778320 0.642578 0.013672 0.011719
1 0.732422 0.667969 0.074219 0.066406
1 0.741211 0.635742 0.001953 0.001953
1 0.735352 0.635742 0.001953 0.001953
1 0.735352 0.631836 0.001953 0.001953
0 0.530273 0.631836 0.001953 0.001953
0 0.526367 0.631836 0.001953 0.001953
0 0.717773 0.629883 0.001953 0.001953
0 0.366211 0.628906 0.009766 0.007812
0 0.356445 0.625977 0.001953 0.001953
0 0.716797 0.621094 0.003906 0.003906
1 0.707031 0.619141 0.007812 0.003906
0 0.780273 0.616211 0.001953 0.001953
0 0.377930 0.614258 0.001953 0.001953
0 0.838867 0.610352 0.001953 0.001953
0 0.379883 0.610352 0.001953 0.001953
0 0.768555 0.608398 0.001953 0.001953
0 0.492188 0.608398 0.003906 0.001953
0 0.291992 0.609375 0.001953 0.003906
0 0.741211 0.616211 0.029297 0.025391
0 0.717773 0.610352 0.013672 0.013672
0 0.802734 0.605469 0.007812 0.007812
0 0.399414 0.602539 0.001953 0.001953
1 0.945312 0.604492 0.015625 0.009766
0 0.403320 0.600586 0.001953 0.001953
0 0.375977 0.605469 0.021484 0.011719
0 0.362305 0.603516 0.005859 0.007812
0 0.289062 0.602539 0.003906 0.005859
1 0.940430 0.598633 0.005859 0.001953
0 0.391602 0.599609 0.005859 0.003906
1 0.995117 0.609375 0.009766 0.027344
1 0.817383 0.594727 0.001953 0.001953
1 0.868164 0.594727 0.005859 0.005859
1 0.937500 0.591797 0.003906 0.003906
1 0.816406 0.590820 0.003906 0.001953
0 0.471680 0.592773 0.009766 0.005859
1 0.826172 0.597656 0.035156 0.019531
0 0.448242 0.591797 0.033203 0.011719
1 0.823242 0.577148 0.001953 0.001953
0 0.000977 0.575195 0.001953 0.001953
1 0.279297 0.574219 0.003906 0.003906
1 0.260742 0.573242 0.001953 0.001953
0 0.069336 0.571289 0.001953 0.005859
0 0.864258 0.780273 0.271484 0.439453
0 0.517578 0.594727 0.070312 0.068359
0 0.508789 0.561523 0.001953 0.001953
0 0.293945 0.559570 0.001953 0.001953
0 0.290039 0.560547 0.001953 0.003906
1 0.030273 0.577148 0.044922 0.041016
0 0.625977 0.573242 0.044922 0.037109
1 0.005859 0.556641 0.007812 0.007812
1 0.920898 0.551758 0.001953 0.001953
1 0.913086 0.545898 0.001953 0.001953
0 0.381836 0.543945 0.001953 0.001953
1 0.733398 0.538086 0.001953 0.001953
1 0.020508 0.537109 0.001953 0.003906
0 0.335938 0.593750 0.089844 0.125000
1 0.231445 0.532227 0.001953 0.001953
1 0.227539 0.532227 0.001953 0.001953
1 0.712891 0.527344 0.003906 0.003906
1 0.958984 0.522461 0.003906 0.001953
0 0.524414 0.518555 0.001953 0.001953
1 0.912109 0.528320 0.011719 0.029297
1 0.731445 0.517578 0.009766 0.007812
1 0.250977 0.510742 0.001953 0.001953
0 0.118164 0.510742 0.001953 0.001953
1 0.239258 0.506836 0.001953 0.001953
0 0.520508 0.507812 0.001953 0.007812
0 0.072266 0.507812 0.003906 0.007812
0 0.177734 0.509766 0.042969 0.015625
0 0.762695 0.500977 0.005859 0.001953
0 0.731445 0.505859 0.009766 0.011719
0 0.703125 0.503906 0.007812 0.007812
1 0.250977 0.500977 0.001953 0.001953
0 0.758789 0.497070 0.001953 0.001953
0 0.182617 0.497070 0.001953 0.001953
0 0.760742 0.493164 0.001953 0.001953
0 0.737305 0.497070 0.009766 0.009766
1 0.170898 0.494141 0.005859 0.003906
1 0.123047 0.496094 0.011719 0.011719
0 0.906250 0.491211 0.003906 0.005859
0 0.544922 0.493164 0.003906 0.009766
0 0.629883 0.506836 0.072266 0.041016
0 0.521484 0.500000 0.046875 0.031250
1 0.128906 0.489258 0.007812 0.009766
1 0.796875 0.538086 0.128906 0.115234
0 0.768555 0.483398 0.005859 0.005859
0 0.889648 0.477539 0.001953 0.001953
1 0.127930 0.478516 0.005859 0.003906
1 0.930664 0.475586 0.001953 0.001953
0 0.752930 0.475586 0.001953 0.001953
1 0.840820 0.473633 0.001953 0.001953
0 0.758789 0.473633 0.001953 0.001953
0 0.744141 0.476562 0.011719 0.011719
1 0.170898 0.469727 0.001953 0.001953
1 0.953125 0.489258 0.039062 0.056641
0 0.624023 0.459961 0.005859 0.001953
1 0.141602 0.458008 0.001953 0.001953
1 0.013672 0.481445 0.027344 0.052734
1 0.965820 0.448242 0.001953 0.001953
0 0.822266 0.447266 0.003906 0.003906
1 0.970703 0.445312 0.003906 0.003906
1 0.471680 0.437500 0.005859 0.003906
0 0.724609 0.433594 0.003906 0.003906
1 0.948242 0.430664 0.001953 0.001953
1 0.153320 0.430664 0.001953 0.001953
1 0.972656 0.431641 0.007812 0.007812
0 0.624023 0.428711 0.001953 0.001953
0 0.041016 0.426758 0.003906 0.001953
1 0.935547 0.435547 0.019531 0.027344
0 0.631836 0.422852 0.001953 0.001953
1 0.154297 0.423828 0.007812 0.003906
1 0.143555 0.422852 0.001953 0.001953
1 0.110352 0.423828 0.001953 0.003906
1 0.944336 0.420898 0.001953 0.001953
1 0.930664 0.418945 0.001953 0.001953
0 0.631836 0.418945 0.001953 0.001953
1 0.138672 0.418945 0.003906 0.001953
1 0.942383 0.416992 0.001953 0.001953
0 0.827148 0.416992 0.001953 0.001953
0 0.001953 0.420898 0.003906 0.017578
1 0.108398 0.414062 0.005859 0.011719
0 0.067383 0.475586 0.087891 0.134766
1 0.931641 0.405273 0.003906 0.001953
1 0.897461 0.405273 0.001953 0.001953
0 0.033203 0.407227 0.007812 0.009766
1 0.889648 0.401367 0.001953 0.001953
0 0.742188 0.426758 0.027344 0.052734
0 0.647461 0.401367 0.001953 0.001953
0 0.823242 0.399414 0.001953 0.001953
0 0.035156 0.399414 0.007812 0.005859
1 0.815430 0.391602 0.001953 0.001953
1 0.986328 0.388672 0.003906 0.003906
1 0.998047 0.372070 0.003906 0.009766
1 0.806641 0.363281 0.003906 0.003906
0 0.889648 0.348633 0.001953 0.001953
0 0.887695 0.344727 0.001953 0.001953
1 0.774414 0.340820 0.001953 0.001953
0 0.886719 0.337891 0.003906 0.003906
1 0.763672 0.333984 0.015625 0.011719
0 0.962891 0.325195 0.003906 0.005859
0 0.956055 0.321289 0.001953 0.001953
1 0.774414 0.306641 0.005859 0.007812
1 0.765625 0.292969 0.003906 0.003906
1 0.934570 0.348633 0.099609 0.138672
1 0.768555 0.278320 0.001953 0.001953
0 0.752930 0.282227 0.017578 0.017578
0 0.452148 0.275391 0.001953 0.003906
1 0.762695 0.272461 0.001953 0.001953
0 0.458008 0.271484 0.005859 0.011719
0 0.499023 0.264648 0.001953 0.001953
1 0.426758 0.262695 0.001953 0.001953
1 0.422852 0.260742 0.001953 0.001953
1 0.444336 0.257812 0.021484 0.011719
1 0.032227 0.246094 0.013672 0.011719
0 0.734375 0.234375 0.007812 0.011719
0 0.722656 0.232422 0.015625 0.019531
1 0.993164 0.221680 0.001953 0.001953
1 0.983398 0.220703 0.001953 0.003906
0 0.494141 0.229492 0.042969 0.021484
0 0.471680 0.217773 0.005859 0.001953
0 0.500977 0.215820 0.009766 0.005859
0 0.475586 0.213867 0.001953 0.001953
0 0.485352 0.209961 0.001953 0.001953
1 0.770508 0.206055 0.001953 0.001953
0 0.553711 0.206055 0.005859 0.005859
0 0.495117 0.207031 0.013672 0.007812
0 0.476562 0.208008 0.011719 0.009766
0 0.497070 0.202148 0.001953 0.001953
0 0.898438 0.198242 0.003906 0.001953
0 0.943359 0.208008 0.082031 0.068359
0 0.576172 0.175781 0.003906 0.003906
0 0.584961 0.170898 0.005859 0.005859
0 0.589844 0.164062 0.003906 0.007812
1 0.980469 0.187500 0.039062 0.062500
1 0.612305 0.153320 0.001953 0.001953
0 0.663086 0.153320 0.005859 0.005859
0 0.655273 0.148438 0.001953 0.003906
0 0.680664 0.145508 0.001953 0.001953
0 0.665039 0.145508 0.001953 0.001953
1 0.614258 0.143555 0.001953 0.001953
1 0.372070 0.143555 0.001953 0.001953
0 0.675781 0.141602 0.003906 0.001953
1 0.440430 0.141602 0.001953 0.001953
0 0.456055 0.137695 0.001953 0.001953
1 0.612305 0.133789 0.001953 0.001953
1 0.604492 0.146484 0.021484 0.027344
0 0.590820 0.133789 0.001953 0.001953
0 0.852539 0.131836 0.001953 0.001953
0 0.848633 0.132812 0.001953 0.003906
0 0.508789 0.155273 0.130859 0.048828
0 0.641602 0.129883 0.001953 0.001953
0 0.567383 0.125977 0.001953 0.001953
1 0.926758 0.122070 0.001953 0.001953
1 0.918945 0.106445 0.001953 0.001953
0 0.457031 0.107422 0.003906 0.003906
1 0.918945 0.102539 0.001953 0.001953
0 0.745117 0.102539 0.001953 0.001953
0 0.453125 0.102539 0.003906 0.001953
0 0.749023 0.100586 0.001953 0.001953
0 0.782227 0.099609 0.005859 0.003906
0 0.764648 0.098633 0.005859 0.005859
0 0.771484 0.089844 0.003906 0.003906
0 0.465820 0.097656 0.017578 0.023438
0 0.774414 0.080078 0.001953 0.003906
1 0.006836 0.071289 0.001953 0.001953
0 0.788086 0.084961 0.029297 0.033203
1 0.295898 0.065430 0.001953 0.001953
1 0.003906 0.057617 0.007812 0.005859
1 0.302734 0.048828 0.003906 0.003906
0 0.524414 0.048828 0.005859 0.007812
1 0.545898 0.043945 0.001953 0.001953
0 0.522461 0.041992 0.001953 0.001953
0 0.159180 0.041016 0.001953 0.003906
0 0.962891 0.042969 0.011719 0.011719
1 0.370117 0.038086 0.001953 0.001953
0 0.167969 0.038086 0.003906 0.001953
1 0.500977 0.037109 0.001953 0.003906
1 0.399414 0.036133 0.001953 0.001953
1 0.355469 0.037109 0.007812 0.003906
0 0.758789 0.033203 0.005859 0.003906
1 0.588867 0.032227 0.001953 0.001953
1 0.584961 0.030273 0.001953 0.001953
1 0.579102 0.032227 0.005859 0.005859
1 0.344727 0.022461 0.001953 0.001953
0 0.208008 0.020508 0.001953 0.001953
1 0.336914 0.018555 0.001953 0.001953
0 0.320312 0.019531 0.003906 0.003906
0 0.950195 0.017578 0.005859 0.007812
1 0.589844 0.018555 0.011719 0.009766
1 0.551758 0.008789 0.001953 0.001953
1 0.354492 0.008789 0.001953 0.001953
0 0.321289 0.008789 0.001953 0.001953
0 0.798828 0.003906 0.007812 0.003906
1 0.567383 0.005859 0.009766 0.007812
0 0.323242 0.002930 0.001953 0.001953
1 0.838867 0.001953 0.005859 0.003906
0 0.672852 0.000977 0.001953 0.001953
1 0.625000 0.025391 0.097656 0.050781
1 0.418945 0.000977 0.001953 0.001953
1 0.415039 0.000977 0.001953 0.001953
1 0.340820 0.000977 0.001953 0.001953
1 0.334961 0.004883 0.005859 0.009766
0 0.478516 0.323242 0.957031 0.646484
3 0.796875 0.996094 0.007812 0.007812
3 0.282227 0.981445 0.001953 0.001953
2 0.089844 0.987305 0.023438 0.025391
2 0.250977 0.954102 0.001953 0.001953
2 0.223633 0.965820 0.048828 0.068359
2 0.231445 0.924805 0.001953 0.001953
2 0.055664 0.922852 0.001953 0.001953
2 0.235352 0.920898 0.001953 0.001953
2 0.059570 0.919922 0.001953 0.003906
2 0.112305 0.907227 0.001953 0.001953
2 0.041992 0.950195 0.083984 0.099609
3 0.811523 0.871094 0.005859 0.003906
3 0.771484 0.871094 0.015625 0.003906
3 0.795898 0.866211 0.001953 0.001953
3 0.770508 0.866211 0.001953 0.001953
3 0.764648 0.864258 0.005859 0.001953
3 0.052734 0.864258 0.011719 0.005859
3 0.766602 0.860352 0.001953 0.001953
3 0.762695 0.858398 0.001953 0.001953
3 0.762695 0.850586 0.001953 0.001953
2 0.749023 0.846680 0.001953 0.001953
2 0.030273 0.876953 0.060547 0.070312
3 0.840820 0.837891 0.001953 0.003906
2 0.273438 0.832031 0.003906 0.003906
2 0.283203 0.828125 0.003906 0.003906
3 0.169922 0.821289 0.003906 0.001953
3 0.073242 0.819336 0.001953 0.001953
3 0.166016 0.818359 0.003906 0.003906
3 0.112305 0.817383 0.001953 0.001953
3 0.092773 0.817383 0.001953 0.001953
3 0.161133 0.815430 0.001953 0.001953
2 0.013672 0.815430 0.019531 0.009766
3 0.149414 0.803711 0.001953 0.001953
2 0.104492 0.795898 0.001953 0.001953
3 0.135742 0.793945 0.001953 0.001953
3 0.118164 0.791992 0.001953 0.001953
2 0.111328 0.791016 0.007812 0.003906
3 0.795898 0.787109 0.005859 0.003906
2 0.297852 0.768555 0.001953 0.001953
3 0.061523 0.761719 0.001953 0.003906
3 0.063477 0.749023 0.001953 0.001953
2 0.053711 0.709961 0.001953 0.001953
3 0.909180 0.694336 0.001953 0.001953
3 0.002930 0.690430 0.001953 0.001953
2 0.942383 0.688477 0.001953 0.001953
3 0.993164 0.682617 0.001953 0.001953
3 0.877930 0.680664 0.001953 0.001953
3 0.961914 0.666992 0.001953 0.001953
2 0.325195 0.663086 0.001953 0.001953
3 0.892578 0.652344 0.003906 0.003906
2 0.916992 0.823242 0.166016 0.353516
3 0.883789 0.635742 0.001953 0.001953
3 0.888672 0.637695 0.015625 0.021484
3 0.217773 0.624023 0.001953 0.001953
3 0.896484 0.608398 0.003906 0.005859
3 0.924805 0.596680 0.001953 0.001953
3 0.916992 0.595703 0.001953 0.003906
3 0.911133 0.595703 0.001953 0.003906
3 0.225586 0.600586 0.017578 0.017578
3 0.905273 0.590820 0.001953 0.005859
3 0.904297 0.584961 0.003906 0.001953
3 0.208008 0.581055 0.001953 0.001953
3 0.234375 0.583984 0.003906 0.011719
3 0.235352 0.575195 0.001953 0.001953
3 0.240234 0.574219 0.003906 0.003906
3 0.237305 0.571289 0.001953 0.001953
3 0.235352 0.561523 0.001953 0.001953
3 0.246094 0.562500 0.011719 0.015625
2 0.284180 0.551758 0.001953 0.001953
3 0.251953 0.538086 0.015625 0.025391
3 0.259766 0.523438 0.003906 0.003906
3 0.244141 0.521484 0.003906 0.003906
2 0.286133 0.512695 0.001953 0.001953
2 0.420898 0.504883 0.001953 0.001953
3 0.264648 0.487305 0.001953 0.001953
3 0.415039 0.477539 0.001953 0.001953
3 0.004883 0.474609 0.009766 0.011719
3 0.850586 0.463867 0.001953 0.001953
3 0.841797 0.462891 0.007812 0.003906
3 0.192383 0.461914 0.001953 0.001953
2 0.620117 0.454102 0.001953 0.001953
2 0.862305 0.453125 0.005859 0.003906
2 0.864258 0.448242 0.001953 0.001953
2 0.202148 0.442383 0.001953 0.001953
2 0.616211 0.440430 0.001953 0.001953
3 0.400391 0.439453 0.003906 0.003906
2 0.198242 0.438477 0.001953 0.001953
2 0.569336 0.436523 0.001953 0.001953
2 0.551758 0.426758 0.001953 0.001953
2 0.549805 0.418945 0.001953 0.001953
3 0.382812 0.431641 0.039062 0.027344
3 0.473633 0.416992 0.001953 0.001953
2 0.551758 0.401367 0.001953 0.001953
2 0.550781 0.397461 0.003906 0.001953
3 0.383789 0.413086 0.041016 0.033203
3 0.321289 0.393555 0.001953 0.001953
3 0.541992 0.391602 0.001953 0.001953
3 0.534180 0.391602 0.005859 0.005859
3 0.557617 0.389648 0.005859 0.009766
2 0.551758 0.385742 0.001953 0.001953
3 0.327148 0.378906 0.001953 0.003906
2 0.233398 0.376953 0.005859 0.003906
3 0.536133 0.374023 0.017578 0.005859
2 0.182617 0.366211 0.001953 0.001953
2 0.841797 0.362305 0.003906 0.005859
2 0.059570 0.360352 0.001953 0.001953
2 0.182617 0.352539 0.001953 0.001953
3 0.805664 0.350586 0.001953 0.001953
3 0.424805 0.346680 0.005859 0.001953
3 0.439453 0.375000 0.078125 0.058594
3 0.012695 0.346680 0.001953 0.001953
2 0.352539 0.347656 0.013672 0.007812
3 0.018555 0.345703 0.001953 0.003906
3 0.008789 0.344727 0.001953 0.001953
3 0.809570 0.346680 0.005859 0.009766
3 0.439453 0.342773 0.003906 0.001953
2 0.276367 0.419922 0.166016 0.156250
3 0.434570 0.338867 0.001953 0.001953
2 0.375977 0.334961 0.001953 0.001953
2 0.374023 0.331055 0.001953 0.001953
2 0.278320 0.331055 0.001953 0.001953
2 0.370117 0.336914 0.017578 0.021484
3 0.575195 0.333984 0.021484 0.019531
2 0.278320 0.325195 0.001953 0.001953
2 0.361328 0.323242 0.003906 0.005859
2 0.831055 0.320312 0.001953 0.003906
3 0.405273 0.317383 0.001953 0.001953
2 0.830078 0.314453 0.003906 0.003906
3 0.553711 0.315430 0.001953 0.005859
3 0.427734 0.324219 0.019531 0.023438
2 0.560547 0.314453 0.007812 0.011719
3 0.434570 0.309570 0.001953 0.001953
2 0.296875 0.321289 0.035156 0.025391
3 0.166016 0.304688 0.015625 0.007812
2 0.457031 0.297852 0.007812 0.001953
3 0.519531 0.331055 0.050781 0.072266
2 0.530273 0.291992 0.001953 0.001953
2 0.524414 0.291992 0.001953 0.001953
2 0.465820 0.290039 0.001953 0.001953
2 0.524414 0.286133 0.001953 0.001953
3 0.090820 0.284180 0.001953 0.001953
3 0.084961 0.280273 0.001953 0.001953
2 0.125977 0.285156 0.025391 0.015625
3 0.065430 0.278320 0.001953 0.001953
2 0.526367 0.276367 0.001953 0.001953
2 0.397461 0.276367 0.001953 0.001953
2 0.387695 0.285156 0.013672 0.023438
3 0.083984 0.275391 0.015625 0.003906
3 0.069336 0.278320 0.009766 0.009766
3 0.065430 0.272461 0.001953 0.001953
2 0.521484 0.271484 0.003906 0.003906
2 0.529297 0.268555 0.003906 0.001953
3 0.066406 0.268555 0.003906 0.001953
2 0.538086 0.269531 0.005859 0.007812
2 0.309570 0.260742 0.001953 0.001953
2 0.291016 0.261719 0.003906 0.003906
2 0.555664 0.250977 0.001953 0.001953
2 0.564453 0.258789 0.015625 0.021484
2 0.758789 0.245117 0.001953 0.001953
3 0.260742 0.245117 0.001953 0.001953
2 0.557617 0.243164 0.005859 0.001953
2 0.542969 0.250000 0.011719 0.015625
3 0.280273 0.241211 0.001953 0.001953
2 0.636719 0.261719 0.046875 0.046875
3 0.022461 0.253906 0.044922 0.039062
3 0.594727 0.229492 0.001953 0.001953
2 0.577148 0.230469 0.001953 0.003906
3 0.230469 0.229492 0.003906 0.001953
3 0.224609 0.229492 0.003906 0.001953
3 0.999023 0.213867 0.001953 0.001953
2 0.793945 0.217773 0.005859 0.009766
3 0.084961 0.214844 0.001953 0.003906
3 0.015625 0.211914 0.003906 0.001953
2 0.821289 0.208008 0.001953 0.001953
2 0.793945 0.202148 0.001953 0.001953
3 0.999023 0.202148 0.001953 0.013672
2 0.272461 0.225586 0.146484 0.068359
3 0.370117 0.194336 0.033203 0.013672
3 0.999023 0.186523 0.001953 0.005859
3 0.422852 0.182617 0.005859 0.001953
2 0.124023 0.176758 0.001953 0.001953
3 0.421875 0.170898 0.003906 0.001953
3 0.383789 0.171875 0.001953 0.003906
2 0.862305 0.169922 0.001953 0.003906
2 0.123047 0.170898 0.007812 0.005859
2 0.735352 0.166992 0.001953 0.001953
3 0.045898 0.161133 0.001953 0.001953
3 0.422852 0.137695 0.001953 0.001953
3 0.226562 0.133789 0.007812 0.001953
2 0.038086 0.133789 0.001953 0.001953
2 0.082031 0.180664 0.105469 0.103516
3 0.156250 0.133789 0.015625 0.013672
3 0.188477 0.126953 0.013672 0.007812
2 0.862305 0.122070 0.001953 0.001953
2 0.093750 0.123047 0.003906 0.003906
2 0.856445 0.123047 0.005859 0.007812
2 0.853516 0.111328 0.003906 0.003906
2 0.345703 0.111328 0.003906 0.003906
2 0.861328 0.108398 0.003906 0.005859
3 0.290039 0.124023 0.080078 0.048828
2 0.133789 0.098633 0.001953 0.001953
2 0.437500 0.097656 0.003906 0.003906
2 0.395508 0.094727 0.001953 0.001953
2 0.344727 0.094727 0.001953 0.001953
2 0.382812 0.102539 0.070312 0.029297
2 0.380859 0.086914 0.003906 0.001953
2 0.364258 0.083984 0.009766 0.003906
2 0.081055 0.083008 0.001953 0.001953
3 0.022461 0.075195 0.001953 0.001953
3 0.031250 0.075195 0.011719 0.005859
2 0.135742 0.070312 0.001953 0.003906
3 0.435547 0.068359 0.003906 0.003906
3 0.047852 0.068359 0.009766 0.007812
3 0.040039 0.065430 0.001953 0.001953
3 0.350586 0.049805 0.001953 0.001953
2 0.206055 0.049805 0.001953 0.001953
3 0.017578 0.066406 0.035156 0.035156
3 0.641602 0.038086 0.001953 0.001953
2 0.890625 0.037109 0.003906 0.003906
2 0.070312 0.035156 0.007812 0.003906
2 0.879883 0.067383 0.037109 0.072266
3 0.413086 0.032227 0.001953 0.001953
3 0.407227 0.030273 0.001953 0.001953
2 0.093750 0.033203 0.015625 0.007812
3 0.406250 0.024414 0.003906 0.001953
2 0.077148 0.024414 0.001953 0.001953
3 0.563477 0.022461 0.001953 0.001953
3 0.394531 0.022461 0.003906 0.001953
2 0.855469 0.019531 0.003906 0.003906
3 0.438477 0.014648 0.001953 0.001953
3 0.406250 0.018555 0.015625 0.009766
2 0.274414 0.015625 0.005859 0.003906
3 0.416992 0.012695 0.001953 0.001953
2 0.178711 0.012695 0.001953 0.001953
3 0.508789 0.008789 0.001953 0.001953
2 0.909180 0.006836 0.001953 0.001953
3 0.449219 0.012695 0.015625 0.013672
3 0.375000 0.008789 0.007812 0.005859
2 0.274414 0.007812 0.005859 0.007812
2 0.500000 0.500000 1.000000 1.000000
2 0.902344 0.005859 0.003906 0.011719
3 0.604492 0.001953 0.005859 0.003906
2 0.593750 0.151367 0.515625 0.302734
3 0.445312 0.000977 0.003906 0.001953
3 0.436523 0.001953 0.001953 0.003906
3 0.418945 0.003906 0.017578 0.007812
2 0.302734 0.040039 0.234375 0.080078
2 0.312500 0.002930 0.003906 0.005859
2 0.256836 0.000977 0.001953 0.001953
2 0.180664 0.034180 0.080078 0.068359