0 0.941406 0.999023 0.003906 0.001953
0 0.743164 0.999023 0.001953 0.001953
0 0.309570 0.999023 0.001953 0.001953
1 0.146484 0.999023 0.003906 0.001953
0 0.351562 0.998047 0.007812 0.003906
0 0.272461 0.997070 0.009766 0.005859
0 0.739258 0.993164 0.001953 0.001953
0 0.322266 0.993164 0.003906 0.001953
1 0.090820 0.996094 0.013672 0.007812
0 0.013672 0.995117 0.011719 0.005859
0 0.004883 0.993164 0.001953 0.001953
0 0.347656 0.992188 0.007812 0.003906
0 0.266602 0.991211 0.001953 0.001953
0 0.481445 0.989258 0.001953 0.001953
0 0.283203 0.990234 0.003906 0.003906
0 0.031250 0.991211 0.007812 0.005859
0 0.377930 0.987305 0.001953 0.001953
0 0.272461 0.987305 0.001953 0.001953
0 0.381836 0.979492 0.001953 0.001953
0 0.034180 0.984375 0.013672 0.015625
0 0.036133 0.973633 0.001953 0.001953
0 0.012695 0.976562 0.013672 0.007812
0 0.073242 0.971680 0.001953 0.001953
0 0.070312 0.975586 0.007812 0.009766
0 0.769531 0.980469 0.046875 0.039062
0 0.062500 0.959961 0.011719 0.009766
0 0.010742 0.961914 0.009766 0.013672
0 0.499023 0.954102 0.001953 0.001953
0 0.477539 0.954102 0.001953 0.001953
0 0.511719 0.951172 0.003906 0.003906
0 0.504883 0.953125 0.005859 0.007812
0 0.022461 0.946289 0.001953 0.001953
0 0.307617 0.947266 0.009766 0.007812
0 0.299805 0.939453 0.001953 0.003906
0 0.280273 0.938477 0.001953 0.001953
0 0.356445 0.936523 0.001953 0.001953
0 0.325195 0.934570 0.001953 0.001953
0 0.291992 0.934570 0.001953 0.001953
0 0.258789 0.942383 0.017578 0.017578
0 0.854492 0.932617 0.001953 0.001953
0 0.280273 0.930664 0.001953 0.001953
0 0.891602 0.963867 0.072266 0.072266
0 0.364258 0.930664 0.005859 0.005859
0 0.360352 0.928711 0.001953 0.001953
0 0.964844 0.961914 0.070312 0.076172
0 0.580078 0.930664 0.011719 0.013672
0 0.348633 0.924805 0.001953 0.001953
0 0.302734 0.926758 0.003906 0.005859
0 0.723633 0.920898 0.001953 0.001953
0 0.352539 0.920898 0.001953 0.001953
0 0.325195 0.926758 0.021484 0.013672
0 0.295898 0.918945 0.001953 0.001953
0 0.385742 0.916992 0.001953 0.001953
0 0.922852 0.915039 0.001953 0.001953
0 0.283203 0.924805 0.015625 0.021484
0 0.322266 0.916992 0.011719 0.009766
0 0.331055 0.911133 0.001953 0.001953
0 0.323242 0.909180 0.001953 0.001953
0 0.306641 0.916016 0.015625 0.015625
0 0.294922 0.911133 0.003906 0.005859
0 0.435547 0.907227 0.003906 0.005859
0 0.341797 0.906250 0.003906 0.003906
0 0.860352 0.913086 0.021484 0.021484
0 0.831055 0.907227 0.005859 0.009766
0 0.301758 0.903320 0.001953 0.001953
0 0.573242 0.897461 0.001953 0.001953
0 0.820312 0.894531 0.003906 0.003906
0 0.617188 0.895508 0.003906 0.005859
0 0.817383 0.889648 0.001953 0.001953
0 0.569336 0.889648 0.001953 0.005859
1 0.537109 0.884766 0.003906 0.003906
0 0.790039 0.882812 0.009766 0.007812
0 0.343750 0.880859 0.003906 0.003906
0 0.738281 0.880859 0.007812 0.007812
0 0.569336 0.876953 0.005859 0.003906
0 0.344727 0.875977 0.001953 0.001953
0 0.803711 0.870117 0.001953 0.001953
0 0.479492 0.868164 0.001953 0.001953
0 0.563477 0.863281 0.005859 0.003906
0 0.356445 0.862305 0.001953 0.001953
0 0.745117 0.860352 0.001953 0.001953
0 0.731445 0.860352 0.001953 0.001953
0 0.856445 0.869141 0.021484 0.023438
0 0.557617 0.852539 0.001953 0.001953
0 0.840820 0.850586 0.013672 0.009766
0 0.511719 0.854492 0.011719 0.017578
0 0.807617 0.844727 0.001953 0.001953
0 0.867188 0.850586 0.011719 0.017578
0 0.836914 0.842773 0.001953 0.001953
0 0.858398 0.841797 0.001953 0.003906
0 0.854492 0.844727 0.009766 0.009766
0 0.833008 0.841797 0.001953 0.003906
0 0.825195 0.851562 0.013672 0.023438
0 0.682617 0.839844 0.001953 0.003906
0 0.336914 0.838867 0.001953 0.001953
0 0.459961 0.836914 0.001953 0.001953
0 0.801758 0.834961 0.001953 0.001953
0 0.331055 0.834961 0.001953 0.001953
0 0.810547 0.834961 0.011719 0.005859
0 0.639648 0.836914 0.033203 0.013672
0 0.486328 0.852539 0.027344 0.044922
0 0.481445 0.831055 0.001953 0.001953
0 0.477539 0.829102 0.001953 0.001953
0 0.788086 0.851562 0.076172 0.050781
0 0.564453 0.834961 0.015625 0.021484
0 0.524414 0.826172 0.001953 0.003906
0 0.780273 0.823242 0.001953 0.001953
0 0.725586 0.823242 0.001953 0.001953
0 0.653320 0.821289 0.001953 0.001953
0 0.743164 0.819336 0.001953 0.001953
0 0.694336 0.816406 0.005859 0.003906
0 0.654297 0.816406 0.003906 0.003906
0 0.522461 0.813477 0.001953 0.001953
0 0.673828 0.809570 0.007812 0.005859
0 0.467773 0.807617 0.001953 0.001953
0 0.780273 0.806641 0.001953 0.003906
0 0.778320 0.799805 0.001953 0.001953
0 0.698242 0.801758 0.005859 0.005859
0 0.689453 0.806641 0.023438 0.015625
0 0.493164 0.802734 0.009766 0.007812
0 0.704102 0.797852 0.001953 0.001953
0 0.633789 0.797852 0.001953 0.001953
0 0.498047 0.799805 0.003906 0.005859
0 0.584961 0.795898 0.001953 0.001953
0 0.774414 0.793945 0.001953 0.001953
0 0.983398 0.791992 0.001953 0.001953
0 0.717773 0.791992 0.001953 0.001953
0 0.676758 0.790039 0.001953 0.001953
0 0.749023 0.788086 0.001953 0.001953
0 0.744141 0.790039 0.003906 0.005859
0 0.671875 0.790039 0.003906 0.005859
0 0.581055 0.793945 0.005859 0.013672
0 0.407227 0.786133 0.001953 0.001953
0 0.778320 0.784180 0.001953 0.001953
0 0.665039 0.784180 0.001953 0.001953
0 0.539062 0.792969 0.023438 0.019531
0 0.426758 0.781250 0.001953 0.003906
0 0.629883 0.778320 0.001953 0.001953
0 0.495117 0.778320 0.001953 0.001953
0 0.621094 0.789062 0.023438 0.027344
0 0.508789 0.784180 0.013672 0.017578
0 0.452148 0.776367 0.001953 0.001953
0 0.424805 0.776367 0.001953 0.001953
0 0.499023 0.775391 0.001953 0.003906
0 0.732422 0.795898 0.027344 0.048828
0 0.518555 0.770508 0.001953 0.001953
0 0.514648 0.770508 0.001953 0.005859
0 0.510742 0.768555 0.001953 0.001953
1 0.412109 0.769531 0.003906 0.003906
0 0.731445 0.766602 0.001953 0.001953
0 0.053711 0.770508 0.017578 0.013672
0 0.711914 0.766602 0.017578 0.009766
0 0.735352 0.758789 0.001953 0.001953
0 0.644531 0.757812 0.003906 0.003906
1 0.577148 0.756836 0.001953 0.001953
0 0.633789 0.754883 0.001953 0.001953
0 0.393555 0.752930 0.001953 0.001953
0 0.958984 0.750977 0.003906 0.001953
0 0.742188 0.752930 0.027344 0.005859
1 0.614258 0.750977 0.001953 0.001953
1 0.609375 0.750977 0.003906 0.001953
0 0.047852 0.751953 0.001953 0.003906
0 0.735352 0.747070 0.001953 0.001953
0 0.097656 0.745117 0.003906 0.001953
0 0.448242 0.743164 0.001953 0.001953
1 0.602539 0.742188 0.005859 0.003906
0 0.392578 0.740234 0.003906 0.003906
0 0.385742 0.739258 0.005859 0.001953
0 0.105469 0.738281 0.011719 0.007812
0 0.057617 0.735352 0.001953 0.001953
0 0.048828 0.739258 0.011719 0.013672
0 0.037109 0.733398 0.003906 0.001953
0 0.028320 0.733398 0.001953 0.001953
0 0.991211 0.731445 0.001953 0.001953
0 0.415039 0.731445 0.001953 0.001953
0 0.394531 0.732422 0.003906 0.003906
1 0.308594 0.729492 0.003906 0.001953
0 0.108398 0.729492 0.005859 0.001953
0 0.032227 0.729492 0.001953 0.001953
0 0.027344 0.729492 0.003906 0.001953
0 0.022461 0.729492 0.001953 0.001953
0 0.014648 0.740234 0.029297 0.023438
0 0.991211 0.727539 0.001953 0.001953
0 0.395508 0.727539 0.001953 0.001953
0 0.106445 0.725586 0.001953 0.001953
0 0.395508 0.723633 0.001953 0.001953
0 0.102539 0.723633 0.001953 0.001953
0 0.061523 0.723633 0.001953 0.001953
0 0.429688 0.858398 0.277344 0.283203
0 0.167969 0.718750 0.003906 0.003906
0 0.995117 0.718750 0.009766 0.011719
0 0.993164 0.711914 0.001953 0.001953
0 0.372070 0.713867 0.005859 0.005859
0 0.368164 0.711914 0.001953 0.001953
0 0.362305 0.711914 0.001953 0.001953
0 0.169922 0.711914 0.003906 0.001953
0 0.358398 0.709961 0.001953 0.001953
0 0.364258 0.708008 0.001953 0.001953
1 0.296875 0.717773 0.019531 0.021484
0 0.047852 0.708008 0.001953 0.001953
0 0.060547 0.708984 0.003906 0.007812
0 0.041992 0.706055 0.005859 0.005859
0 0.164062 0.703125 0.007812 0.003906
0 0.059570 0.702148 0.001953 0.001953
0 0.223633 0.701172 0.001953 0.003906
0 0.272461 0.699219 0.005859 0.003906
0 0.963867 0.696289 0.001953 0.001953
0 0.452148 0.696289 0.001953 0.001953
0 0.110352 0.696289 0.001953 0.001953
0 0.178711 0.694336 0.001953 0.001953
0 0.446289 0.692383 0.001953 0.001953
1 0.368164 0.692383 0.005859 0.001953
0 0.999023 0.690430 0.001953 0.001953
1 0.370117 0.688477 0.001953 0.001953
1 0.281250 0.688477 0.003906 0.001953
0 0.223633 0.688477 0.001953 0.001953
0 0.193359 0.690430 0.003906 0.005859
0 0.002930 0.692383 0.005859 0.009766
0 0.547852 0.686523 0.001953 0.001953
0 0.541992 0.686523 0.001953 0.001953
1 0.381836 0.686523 0.001953 0.001953
0 0.191406 0.704102 0.046875 0.037109
0 0.166992 0.686523 0.001953 0.001953
0 0.118164 0.691406 0.009766 0.011719
0 0.036133 0.686523 0.001953 0.001953
0 0.961914 0.684570 0.001953 0.001953
0 0.474609 0.684570 0.003906 0.001953
1 0.379883 0.682617 0.001953 0.001953
0 0.140625 0.698242 0.035156 0.033203
1 0.281250 0.682617 0.003906 0.005859
0 0.255859 0.687500 0.011719 0.015625
0 0.249023 0.680664 0.001953 0.001953
0 0.119141 0.681641 0.003906 0.003906
0 0.958984 0.678711 0.003906 0.001953
0 0.981445 0.679688 0.005859 0.007812
0 0.257812 0.676758 0.003906 0.001953
0 0.236328 0.691406 0.027344 0.031250
0 0.182617 0.676758 0.001953 0.001953
0 0.076172 0.676758 0.003906 0.001953
0 0.030273 0.676758 0.001953 0.001953
0 0.968750 0.685547 0.007812 0.023438
0 0.221680 0.672852 0.001953 0.001953
1 0.365234 0.678711 0.015625 0.017578
0 0.231445 0.672852 0.009766 0.009766
0 0.779297 0.667969 0.007812 0.003906
0 0.270508 0.665039 0.001953 0.001953
0 0.227539 0.665039 0.001953 0.001953
0 0.114258 0.665039 0.001953 0.001953
0 0.799805 0.663086 0.001953 0.001953
0 0.235352 0.655273 0.001953 0.001953
0 0.118164 0.655273 0.001953 0.001953
0 0.727539 0.653320 0.001953 0.001953
0 0.108398 0.653320 0.001953 0.001953
0 0.118164 0.651367 0.001953 0.001953
0 0.782227 0.649414 0.001953 0.001953
0 0.728516 0.649414 0.003906 0.001953
0 0.721680 0.649414 0.001953 0.001953
0 0.608398 0.649414 0.001953 0.001953
0 0.122070 0.649414 0.001953 0.001953
0 0.778320 0.647461 0.001953 0.001953
0 0.100586 0.647461 0.001953 0.001953
0 0.782227 0.645508 0.001953 0.001953
0 0.686523 0.642578 0.005859 0.003906
0 0.263672 0.641602 0.003906 0.001953
0 0.854492 0.639648 0.001953 0.001953
0 0.850586 0.638672 0.001953 0.003906
0 0.782227 0.635742 0.001953 0.001953
1 0.307617 0.635742 0.005859 0.001953
0 0.280273 0.635742 0.001953 0.001953
0 0.272461 0.635742 0.001953 0.001953
0 0.683594 0.635742 0.003906 0.005859
0 0.678711 0.633789 0.001953 0.001953
1 0.405273 0.633789 0.001953 0.001953
0 0.584961 0.631836 0.001953 0.001953
0 0.028320 0.631836 0.001953 0.001953
0 0.661133 0.629883 0.001953 0.001953
0 0.651367 0.629883 0.001953 0.001953
0 0.195312 0.638672 0.019531 0.019531
0 0.188477 0.630859 0.001953 0.003906
0 0.010742 0.629883 0.001953 0.001953
0 0.004883 0.634766 0.009766 0.011719
0 0.697266 0.628906 0.003906 0.003906
0 0.017578 0.631836 0.015625 0.009766
0 0.752930 0.625977 0.001953 0.001953
0 0.551758 0.625977 0.001953 0.001953
0 0.543945 0.625977 0.001953 0.001953
0 0.277344 0.627930 0.007812 0.005859
0 0.180664 0.625977 0.001953 0.001953
0 0.660156 0.625000 0.003906 0.003906
0 0.543945 0.622070 0.001953 0.001953
0 0.266602 0.622070 0.001953 0.001953
0 0.055664 0.657227 0.048828 0.072266
1 0.375000 0.619141 0.003906 0.003906
0 0.188477 0.618164 0.001953 0.001953
0 0.006836 0.618164 0.001953 0.001953
0 0.762695 0.616211 0.001953 0.001953
0 0.641602 0.631836 0.041016 0.033203
0 0.563477 0.614258 0.001953 0.001953
1 0.413086 0.614258 0.001953 0.001953
0 0.276367 0.610352 0.001953 0.001953
0 0.573242 0.608398 0.001953 0.001953
0 0.166992 0.608398 0.001953 0.001953
1 0.533203 0.608398 0.019531 0.013672
0 0.595703 0.609375 0.023438 0.019531
0 0.102539 0.600586 0.001953 0.001953
0 0.072266 0.616211 0.023438 0.037109
0 0.065430 0.590820 0.001953 0.001953
0 0.202148 0.588867 0.001953 0.001953
0 0.883789 0.581055 0.001953 0.001953
0 0.834961 0.582031 0.001953 0.003906
0 0.804688 0.583008 0.003906 0.005859
1 0.858398 0.579102 0.001953 0.001953
0 0.624023 0.585938 0.013672 0.019531
1 0.881836 0.577148 0.005859 0.005859
1 0.856445 0.575195 0.001953 0.001953
1 0.543945 0.575195 0.001953 0.001953
1 0.536133 0.577148 0.005859 0.005859
0 0.065430 0.573242 0.001953 0.001953
0 0.989258 0.572266 0.001953 0.003906
0 0.791992 0.565430 0.001953 0.001953
0 0.231445 0.563477 0.001953 0.001953
1 0.836914 0.563477 0.005859 0.005859
0 0.936523 0.560547 0.001953 0.003906
0 0.930664 0.559570 0.001953 0.001953
0 0.011719 0.560547 0.003906 0.003906
0 0.881836 0.551758 0.005859 0.001953
0 0.807617 0.547852 0.001953 0.001953
1 0.578125 0.553711 0.023438 0.013672
0 0.866211 0.545898 0.001953 0.001953
1 0.540039 0.551758 0.029297 0.017578
0 0.797852 0.544922 0.013672 0.007812
0 0.825195 0.538086 0.001953 0.001953
0 0.731445 0.538086 0.001953 0.001953
1 0.855469 0.541016 0.015625 0.011719
0 0.799805 0.536133 0.001953 0.001953
0 0.930664 0.534180 0.001953 0.001953
0 0.893555 0.534180 0.001953 0.001953
0 0.828125 0.535156 0.003906 0.003906
0 0.932617 0.530273 0.001953 0.001953
0 0.897461 0.530273 0.001953 0.001953
0 0.079102 0.528320 0.001953 0.001953
0 0.791992 0.527344 0.001953 0.003906
1 0.583008 0.524414 0.001953 0.001953
0 0.081055 0.524414 0.001953 0.001953
0 0.906250 0.526367 0.015625 0.009766
1 0.416992 0.523438 0.001953 0.003906
0 0.031250 0.573242 0.062500 0.103516
1 0.997070 0.520508 0.001953 0.001953
0 0.936523 0.520508 0.001953 0.001953
0 0.049805 0.515625 0.001953 0.003906
1 0.380859 0.512695 0.003906 0.001953
0 0.930664 0.515625 0.025391 0.015625
0 0.119141 0.508789 0.003906 0.001953
1 0.812500 0.508789 0.007812 0.005859
1 0.405273 0.504883 0.001953 0.001953
0 0.091797 0.505859 0.003906 0.003906
0 0.993164 0.502930 0.001953 0.001953
0 0.754883 0.502930 0.001953 0.001953
0 0.110352 0.502930 0.001953 0.001953
0 0.997070 0.501953 0.001953 0.003906
0 0.100586 0.500977 0.001953 0.001953
1 0.335938 0.495117 0.003906 0.001953
0 0.758789 0.493164 0.001953 0.001953
0 0.140625 0.494141 0.003906 0.003906
0 0.135742 0.493164 0.001953 0.001953
0 0.330078 0.500000 0.019531 0.019531
1 0.342773 0.489258 0.001953 0.001953
1 0.774414 0.485352 0.001953 0.001953
0 0.766602 0.485352 0.001953 0.001953
0 0.000977 0.485352 0.001953 0.001953
0 0.996094 0.484375 0.003906 0.003906
1 0.796875 0.487305 0.007812 0.009766
0 0.135742 0.483398 0.001953 0.001953
0 0.965820 0.518555 0.037109 0.076172
0 0.013672 0.482422 0.011719 0.003906
0 0.994141 0.479492 0.003906 0.001953
0 0.980469 0.479492 0.003906 0.001953
0 0.940430 0.485352 0.025391 0.013672
1 0.334961 0.482422 0.005859 0.007812
0 0.005859 0.482422 0.003906 0.007812
0 0.309570 0.478516 0.001953 0.003906
0 0.000977 0.477539 0.001953 0.001953
0 0.993164 0.471680 0.001953 0.001953
0 0.987305 0.470703 0.005859 0.007812
0 0.991211 0.461914 0.001953 0.001953
0 0.979492 0.461914 0.001953 0.001953
0 0.946289 0.462891 0.001953 0.003906
0 0.975586 0.459961 0.001953 0.001953
1 0.358398 0.468750 0.033203 0.019531
1 0.316406 0.461914 0.003906 0.005859
0 0.121094 0.461914 0.003906 0.005859
0 0.928711 0.458984 0.009766 0.003906
0 0.993164 0.457031 0.005859 0.003906
0 0.984375 0.459961 0.007812 0.009766
1 0.857422 0.456055 0.003906 0.005859
0 0.983398 0.451172 0.005859 0.007812
0 0.999023 0.446289 0.001953 0.001953
0 0.910156 0.455078 0.015625 0.023438
1 0.864258 0.444336 0.001953 0.001953
0 0.114258 0.444336 0.001953 0.001953
1 0.333984 0.451172 0.011719 0.019531
0 0.915039 0.438477 0.001953 0.001953
0 0.911133 0.436523 0.001953 0.001953
0 0.098633 0.434570 0.001953 0.001953
1 0.336914 0.432617 0.005859 0.005859
1 0.340820 0.428711 0.001953 0.001953
0 0.965820 0.426758 0.001953 0.001953
0 0.966797 0.441406 0.023438 0.031250
0 0.888672 0.435547 0.027344 0.035156
0 0.928711 0.418945 0.005859 0.009766
0 0.278320 0.415039 0.001953 0.001953
0 0.901367 0.413086 0.001953 0.001953
1 0.369141 0.426758 0.027344 0.037109
0 0.274414 0.407227 0.001953 0.001953
0 0.038086 0.405273 0.001953 0.001953
0 0.840820 0.405273 0.009766 0.005859
1 0.317383 0.401367 0.001953 0.001953
0 0.274414 0.398438 0.001953 0.003906
0 0.906250 0.400391 0.003906 0.011719
0 0.678711 0.395508 0.001953 0.001953
0 0.917969 0.392578 0.003906 0.003906
0 0.972656 0.406250 0.023438 0.035156
0 0.999023 0.389648 0.001953 0.005859
1 0.358398 0.387695 0.001953 0.001953
0 0.920898 0.385742 0.001953 0.001953
0 0.300781 0.395508 0.027344 0.021484
0 0.997070 0.383789 0.001953 0.001953
0 0.002930 0.381836 0.001953 0.001953
1 0.918945 0.377930 0.001953 0.001953
0 0.004883 0.375977 0.001953 0.001953
1 0.435547 0.374023 0.003906 0.001953
1 0.895508 0.372070 0.001953 0.001953
1 0.516602 0.372070 0.001953 0.001953
0 0.010742 0.378906 0.013672 0.015625
1 0.583008 0.370117 0.001953 0.001953
0 0.985352 0.368164 0.001953 0.001953
1 0.573242 0.368164 0.001953 0.001953
0 0.016602 0.368164 0.001953 0.001953
0 0.931641 0.367188 0.003906 0.003906
0 0.922852 0.366211 0.001953 0.001953
1 0.566406 0.367188 0.007812 0.003906
1 0.437500 0.367188 0.007812 0.007812
0 0.002930 0.364258 0.001953 0.001953
1 0.579102 0.362305 0.001953 0.001953
0 0.041992 0.362305 0.001953 0.001953
1 0.581055 0.358398 0.001953 0.001953
1 0.552734 0.351562 0.003906 0.003906
1 0.541016 0.351562 0.003906 0.003906
0 0.289062 0.353516 0.011719 0.007812
0 0.960938 0.360352 0.031250 0.025391
1 0.584961 0.350586 0.005859 0.005859
1 0.537109 0.348633 0.003906 0.001953
0 0.942383 0.349609 0.005859 0.007812
1 0.543945 0.344727 0.001953 0.001953
0 0.983398 0.340820 0.001953 0.001953
0 0.971680 0.340820 0.001953 0.001953
1 0.627930 0.345703 0.009766 0.011719
0 0.958984 0.338867 0.003906 0.001953
1 0.916016 0.343750 0.015625 0.015625
1 0.307617 0.338867 0.009766 0.005859
0 0.965820 0.336914 0.005859 0.005859
0 0.690430 0.335938 0.001953 0.003906
1 0.674805 0.334961 0.001953 0.001953
0 0.978516 0.333984 0.003906 0.003906
0 0.013672 0.346680 0.027344 0.029297
0 0.958984 0.332031 0.003906 0.003906
0 0.988281 0.351562 0.023438 0.046875
0 0.942383 0.329102 0.001953 0.001953
0 0.282227 0.327148 0.001953 0.001953
0 0.067383 0.328125 0.009766 0.007812
0 0.938477 0.321289 0.001953 0.001953
0 0.006836 0.321289 0.001953 0.001953
0 0.084961 0.317383 0.001953 0.001953
0 0.047852 0.315430 0.001953 0.001953
1 0.417969 0.317383 0.007812 0.009766
1 0.551758 0.303711 0.001953 0.001953
1 0.549805 0.299805 0.001953 0.001953
0 0.103516 0.295898 0.003906 0.001953
0 0.007812 0.297852 0.015625 0.017578
0 0.032227 0.287109 0.017578 0.007812
0 0.022461 0.282227 0.001953 0.001953
0 0.108398 0.280273 0.001953 0.001953
0 0.972656 0.308594 0.054688 0.062500
0 0.049805 0.279297 0.001953 0.003906
1 0.362305 0.277344 0.001953 0.003906
0 0.007812 0.278320 0.015625 0.009766
0 0.018555 0.273438 0.005859 0.003906
0 0.350586 0.270508 0.001953 0.001953
0 0.029297 0.273438 0.011719 0.007812
0 0.436523 0.268555 0.005859 0.001953
1 0.997070 0.267578 0.005859 0.007812
0 0.438477 0.264648 0.001953 0.001953
0 0.434570 0.264648 0.001953 0.001953
0 0.007812 0.266602 0.007812 0.009766
0 0.350586 0.260742 0.001953 0.001953
0 0.449219 0.261719 0.003906 0.007812
0 0.428711 0.254883 0.001953 0.001953
0 0.000977 0.243164 0.001953 0.001953
1 0.980469 0.211914 0.003906 0.005859
1 0.934570 0.196289 0.001953 0.001953
1 0.911133 0.190430 0.001953 0.001953
1 0.961914 0.188477 0.005859 0.005859
1 0.948242 0.184570 0.005859 0.001953
0 0.927734 0.189453 0.011719 0.015625
1 0.913086 0.178711 0.005859 0.005859
0 0.956055 0.170898 0.001953 0.001953
1 0.880859 0.158203 0.011719 0.019531
0 0.999023 0.145508 0.001953 0.001953
1 0.983398 0.123047 0.005859 0.003906
1 0.986328 0.117188 0.003906 0.003906
1 0.940430 0.113281 0.001953 0.003906
0 0.998047 0.111328 0.003906 0.003906
1 0.936523 0.108398 0.005859 0.009766
1 0.997070 0.099609 0.005859 0.007812
1 0.338867 0.084961 0.001953 0.001953
1 0.338867 0.071289 0.001953 0.001953
1 0.338867 0.067383 0.001953 0.001953
0 0.302734 0.065430 0.003906 0.001953
0 0.233398 0.061523 0.001953 0.001953
0 0.221680 0.054688 0.009766 0.007812
0 0.232422 0.052734 0.007812 0.007812
1 0.901367 0.043945 0.001953 0.001953
0 0.895508 0.034180 0.001953 0.001953
0 0.233398 0.034180 0.001953 0.001953
0 0.260742 0.030273 0.001953 0.001953
0 0.569336 0.018555 0.001953 0.001953
1 0.295898 0.022461 0.017578 0.009766
0 0.467773 0.012695 0.001953 0.001953
0 0.450195 0.010742 0.001953 0.001953
0 0.507812 0.009766 0.003906 0.003906
0 0.254883 0.009766 0.001953 0.003906
0 0.510742 0.006836 0.001953 0.001953
0 0.243164 0.006836 0.001953 0.001953
0 0.865234 0.004883 0.003906 0.001953
0 0.247070 0.006836 0.001953 0.005859
0 0.833008 0.002930 0.001953 0.001953
0 0.387695 0.004883 0.005859 0.005859
0 0.986328 0.002930 0.007812 0.005859
0 0.751953 0.000977 0.003906 0.001953
0 0.571289 0.002930 0.029297 0.005859
0 0.516602 0.001953 0.013672 0.003906
0 0.221680 0.001953 0.009766 0.003906
0 0.500000 0.475586 1.000000 0.951172
2 0.910156 0.997070 0.011719 0.005859
2 0.905273 0.991211 0.001953 0.001953
3 0.896484 0.991211 0.003906 0.001953
2 0.996094 0.987305 0.003906 0.005859
2 0.479492 0.969727 0.001953 0.001953
2 0.373047 0.978516 0.082031 0.042969
2 0.333984 0.952148 0.015625 0.013672
2 0.952148 0.911133 0.001953 0.001953
2 0.946289 0.911133 0.001953 0.001953
2 0.483398 0.901367 0.001953 0.001953
2 0.926758 0.896484 0.005859 0.003906
2 0.405273 0.893555 0.001953 0.001953
2 0.409180 0.891602 0.001953 0.001953
2 0.395508 0.889648 0.001953 0.001953
2 0.952148 0.885742 0.001953 0.001953
2 0.950195 0.881836 0.001953 0.001953
2 0.391602 0.882812 0.009766 0.007812
2 0.367188 0.871094 0.003906 0.003906
2 0.465820 0.868164 0.001953 0.001953
2 0.311523 0.868164 0.001953 0.001953
2 0.915039 0.864258 0.001953 0.001953
2 0.464844 0.861328 0.003906 0.003906
2 0.991211 0.871094 0.017578 0.031250
2 0.461914 0.856445 0.001953 0.001953
2 0.448242 0.861328 0.017578 0.015625
2 0.389648 0.855469 0.001953 0.003906
2 0.956055 0.842773 0.001953 0.001953
2 0.435547 0.839844 0.003906 0.003906
2 0.929688 0.844727 0.042969 0.033203
2 0.874023 0.830078 0.001953 0.003906
2 0.896484 0.816406 0.003906 0.003906
2 0.932617 0.810547 0.005859 0.011719
2 0.914062 0.803711 0.003906 0.001953
2 0.924805 0.801758 0.001953 0.001953
2 0.919922 0.802734 0.003906 0.003906
2 0.934570 0.799805 0.001953 0.001953
2 0.833984 0.799805 0.003906 0.001953
2 0.929688 0.799805 0.003906 0.005859
2 0.413086 0.797852 0.001953 0.001953
2 0.385742 0.793945 0.001953 0.001953
2 0.925781 0.792969 0.007812 0.003906
2 0.403320 0.791992 0.001953 0.001953
2 0.381836 0.788086 0.001953 0.001953
2 0.805664 0.786133 0.001953 0.001953
2 0.797852 0.782227 0.001953 0.001953
2 0.826172 0.782227 0.003906 0.005859
2 0.678711 0.780273 0.001953 0.001953
2 0.774414 0.778320 0.001953 0.001953
2 0.670898 0.776367 0.001953 0.001953
2 0.811523 0.774414 0.001953 0.001953
2 0.785156 0.775391 0.003906 0.003906
2 0.954102 0.772461 0.001953 0.001953
2 0.874023 0.772461 0.001953 0.001953
2 0.855469 0.774414 0.003906 0.005859
2 0.385742 0.772461 0.001953 0.001953
2 0.901367 0.768555 0.001953 0.001953
2 0.493164 0.768555 0.001953 0.001953
2 0.969727 0.766602 0.001953 0.001953
2 0.491211 0.764648 0.001953 0.001953
2 0.952148 0.763672 0.001953 0.003906
2 0.811523 0.762695 0.001953 0.001953
2 0.767578 0.762695 0.003906 0.001953
2 0.757812 0.764648 0.007812 0.005859
2 0.997070 0.759766 0.005859 0.003906
2 0.922852 0.758789 0.001953 0.001953
2 0.765625 0.757812 0.003906 0.003906
2 0.920898 0.754883 0.001953 0.001953
2 0.843750 0.763672 0.019531 0.019531
2 0.915039 0.750977 0.001953 0.001953
2 0.905273 0.750000 0.001953 0.003906
2 0.875977 0.745117 0.001953 0.001953
2 0.867188 0.740234 0.003906 0.003906
2 0.745117 0.739258 0.001953 0.001953
2 0.733398 0.737305 0.001953 0.001953
2 0.706055 0.733398 0.001953 0.001953
2 0.794922 0.730469 0.003906 0.003906
2 0.706055 0.727539 0.001953 0.001953
2 0.803711 0.725586 0.001953 0.001953
2 0.714844 0.728516 0.007812 0.007812
2 0.795898 0.723633 0.001953 0.001953
2 0.743164 0.724609 0.005859 0.003906
2 0.921875 0.718750 0.003906 0.003906
2 0.719727 0.719727 0.005859 0.005859
2 0.885742 0.715820 0.001953 0.001953
2 0.708008 0.715820 0.001953 0.001953
2 0.909180 0.713867 0.001953 0.001953
2 0.795898 0.715820 0.005859 0.005859
2 0.867188 0.718750 0.007812 0.015625
2 0.794922 0.709961 0.007812 0.001953
2 0.977539 0.708008 0.001953 0.001953
2 0.508789 0.708008 0.001953 0.001953
2 0.857422 0.704102 0.003906 0.001953
2 0.516602 0.708984 0.009766 0.011719
2 0.866211 0.706055 0.005859 0.009766
2 0.952148 0.698242 0.001953 0.001953
2 0.930664 0.694336 0.001953 0.001953
2 0.916992 0.694336 0.001953 0.001953
2 0.862305 0.694336 0.001953 0.001953
2 0.924805 0.692383 0.001953 0.001953
2 0.856445 0.696289 0.005859 0.009766
2 0.877930 0.690430 0.001953 0.001953
2 0.812500 0.691406 0.003906 0.003906
2 0.206055 0.690430 0.001953 0.001953
2 0.866211 0.688477 0.001953 0.001953
2 0.514648 0.688477 0.001953 0.001953
2 0.915039 0.686523 0.001953 0.001953
2 0.911133 0.686523 0.001953 0.001953
2 0.813477 0.686523 0.001953 0.001953
2 0.207031 0.686523 0.003906 0.001953
2 0.872070 0.682617 0.001953 0.001953
2 0.868164 0.683594 0.001953 0.003906
2 0.499023 0.678711 0.001953 0.001953
2 0.813477 0.676758 0.001953 0.001953
2 0.860352 0.674805 0.001953 0.001953
2 0.846680 0.670898 0.001953 0.001953
2 0.495117 0.670898 0.001953 0.001953
2 0.842773 0.668945 0.001953 0.001953
2 0.731445 0.668945 0.001953 0.001953
2 0.250000 0.667969 0.003906 0.003906
2 0.260742 0.664062 0.001953 0.003906
2 0.807617 0.661133 0.001953 0.001953
2 0.897461 0.684570 0.044922 0.052734
2 0.221680 0.659180 0.001953 0.001953
2 0.262695 0.658203 0.005859 0.003906
2 0.743164 0.655273 0.001953 0.001953
2 0.854492 0.653320 0.001953 0.001953
2 0.944336 0.655273 0.009766 0.009766
2 0.224609 0.650391 0.003906 0.003906
2 0.131836 0.649414 0.001953 0.001953
2 0.825195 0.647461 0.001953 0.001953
2 0.933594 0.647461 0.007812 0.005859
2 0.887695 0.650391 0.025391 0.011719
2 0.159180 0.645508 0.001953 0.001953
2 0.938477 0.641602 0.001953 0.001953
2 0.724609 0.642578 0.003906 0.003906
2 0.167969 0.642578 0.003906 0.003906
2 0.991211 0.628906 0.001953 0.003906
2 0.250977 0.625977 0.001953 0.001953
2 0.983398 0.624023 0.005859 0.005859
2 0.991211 0.631836 0.017578 0.029297
2 0.983398 0.616211 0.001953 0.001953
2 0.932617 0.713867 0.134766 0.197266
2 0.878906 0.617188 0.007812 0.007812
2 0.693359 0.614258 0.003906 0.001953
2 0.989258 0.617188 0.009766 0.011719
2 0.973633 0.612305 0.005859 0.001953
2 0.884766 0.611328 0.003906 0.003906
2 0.700195 0.608398 0.001953 0.001953
2 0.970703 0.607422 0.003906 0.003906
2 0.688477 0.604492 0.001953 0.001953
2 0.684570 0.605469 0.001953 0.003906
2 0.112305 0.604492 0.001953 0.001953
2 0.051758 0.602539 0.001953 0.001953
2 0.041992 0.602539 0.001953 0.001953
2 0.688477 0.600586 0.001953 0.001953
2 0.264648 0.600586 0.001953 0.001953
2 0.184570 0.600586 0.001953 0.001953
2 0.686523 0.596680 0.001953 0.001953
2 0.998047 0.597656 0.003906 0.007812
2 0.018555 0.598633 0.009766 0.009766
2 0.264648 0.593750 0.001953 0.003906
2 0.942383 0.590820 0.001953 0.001953
2 0.711914 0.590820 0.001953 0.001953
2 0.676758 0.590820 0.001953 0.001953
2 0.900391 0.587891 0.003906 0.003906
2 0.931641 0.586914 0.003906 0.005859
2 0.924805 0.583008 0.001953 0.001953
2 0.686523 0.587891 0.005859 0.011719
2 0.762695 0.581055 0.001953 0.001953
2 0.696289 0.582031 0.001953 0.003906
2 0.293945 0.581055 0.001953 0.001953
2 0.288086 0.581055 0.001953 0.001953
2 0.760742 0.577148 0.001953 0.001953
2 0.752930 0.577148 0.001953 0.001953
2 0.258789 0.583008 0.017578 0.013672
2 0.099609 0.577148 0.003906 0.001953
2 0.674805 0.576172 0.009766 0.007812
2 0.754883 0.571289 0.001953 0.001953
2 0.743164 0.571289 0.001953 0.001953
2 0.262695 0.572266 0.009766 0.003906
2 0.090820 0.571289 0.001953 0.001953
2 0.702148 0.569336 0.001953 0.001953
2 0.696289 0.569336 0.001953 0.001953
2 0.905273 0.565430 0.001953 0.001953
2 0.710938 0.567383 0.003906 0.005859
2 0.264648 0.565430 0.005859 0.005859
2 0.739258 0.561523 0.001953 0.001953
2 0.643555 0.561523 0.001953 0.001953
2 0.248047 0.559570 0.003906 0.001953
2 0.102539 0.559570 0.001953 0.001953
2 0.268555 0.557617 0.001953 0.001953
2 0.337891 0.554688 0.003906 0.003906
2 0.253906 0.554688 0.003906 0.003906
2 0.152344 0.562500 0.027344 0.019531
2 0.262695 0.556641 0.005859 0.011719
2 0.051758 0.551758 0.001953 0.001953
2 0.243164 0.549805 0.001953 0.001953
2 0.246094 0.551758 0.007812 0.009766
2 0.260742 0.543945 0.001953 0.001953
2 0.895508 0.541992 0.001953 0.001953
2 0.233398 0.540039 0.001953 0.001953
2 0.258789 0.536133 0.001953 0.001953
2 0.237305 0.534180 0.001953 0.001953
2 0.277344 0.533203 0.003906 0.003906
2 0.266602 0.537109 0.005859 0.019531
2 0.252930 0.528320 0.001953 0.001953
2 0.249023 0.528320 0.001953 0.001953
2 0.658203 0.541016 0.023438 0.031250
2 0.262695 0.524414 0.001953 0.001953
2 0.745117 0.521484 0.005859 0.003906
2 0.665039 0.520508 0.001953 0.001953
2 0.153320 0.513672 0.001953 0.007812
2 0.149414 0.510742 0.001953 0.001953
2 0.280273 0.508789 0.001953 0.001953
2 0.641602 0.509766 0.005859 0.007812
2 0.153320 0.506836 0.001953 0.001953
2 0.768555 0.503906 0.001953 0.003906
3 0.295898 0.499023 0.001953 0.001953
2 0.264648 0.497070 0.001953 0.001953
2 0.696289 0.498047 0.005859 0.007812
2 0.405273 0.495117 0.001953 0.001953
2 0.614258 0.493164 0.001953 0.001953
2 0.606445 0.494141 0.009766 0.003906
2 0.081055 0.493164 0.001953 0.001953
2 0.397461 0.492188 0.001953 0.003906
3 0.301758 0.491211 0.001953 0.001953
2 0.758789 0.483398 0.001953 0.001953
2 0.752930 0.484375 0.001953 0.003906
2 0.618164 0.482422 0.009766 0.003906
2 0.401367 0.475586 0.001953 0.001953
2 0.141602 0.475586 0.001953 0.001953
2 0.014648 0.473633 0.001953 0.001953
2 0.100586 0.465820 0.001953 0.001953
2 0.010742 0.463867 0.001953 0.001953
2 0.286133 0.463867 0.005859 0.005859
2 0.097656 0.458984 0.007812 0.011719
2 0.273438 0.449219 0.003906 0.003906
2 0.250977 0.482422 0.041016 0.074219
2 0.454102 0.442383 0.001953 0.001953
2 0.454102 0.438477 0.001953 0.001953
2 0.274414 0.438477 0.001953 0.001953
2 0.139648 0.436523 0.001953 0.001953
2 0.304688 0.434570 0.003906 0.001953
2 0.268555 0.434570 0.001953 0.001953
2 0.209961 0.474609 0.033203 0.082031
2 0.131836 0.438477 0.005859 0.009766
2 0.297852 0.426758 0.001953 0.001953
2 0.643555 0.422852 0.001953 0.001953
2 0.147461 0.420898 0.001953 0.001953
2 0.128906 0.421875 0.003906 0.003906
2 0.231445 0.421875 0.017578 0.023438
2 0.672852 0.403320 0.001953 0.001953
2 0.045898 0.397461 0.001953 0.001953
3 0.495117 0.389648 0.001953 0.001953
2 0.675781 0.388672 0.003906 0.003906
2 0.674805 0.379883 0.001953 0.001953
2 0.860352 0.376953 0.001953 0.003906
2 0.862305 0.372070 0.001953 0.001953
2 0.862305 0.368164 0.001953 0.001953
2 0.704102 0.361328 0.001953 0.003906
2 0.000977 0.358398 0.001953 0.001953
2 0.278320 0.346680 0.001953 0.001953
2 0.999023 0.340820 0.001953 0.001953
2 0.847656 0.340820 0.003906 0.001953
2 0.990234 0.337891 0.003906 0.003906
2 0.721680 0.336914 0.001953 0.001953
3 0.461914 0.337891 0.001953 0.003906
2 0.710938 0.339844 0.007812 0.011719
2 0.707031 0.330078 0.003906 0.003906
2 0.299805 0.329102 0.001953 0.001953
2 0.264648 0.329102 0.001953 0.001953
2 0.260742 0.329102 0.001953 0.001953
3 0.778320 0.344727 0.044922 0.044922
2 0.725586 0.327148 0.009766 0.009766
2 0.977539 0.321289 0.001953 0.001953
2 0.998047 0.317383 0.003906 0.001953
2 0.145508 0.374023 0.072266 0.115234
2 0.130859 0.319336 0.011719 0.005859
2 0.131836 0.312500 0.001953 0.003906
3 0.383789 0.309570 0.001953 0.001953
2 0.321289 0.310547 0.009766 0.011719
2 0.195312 0.306641 0.003906 0.003906
2 0.184570 0.305664 0.001953 0.001953
2 0.325195 0.301758 0.001953 0.001953
2 0.194336 0.301758 0.001953 0.001953
2 0.188477 0.302734 0.001953 0.003906
2 0.348633 0.299805 0.001953 0.001953
2 0.390625 0.295898 0.003906 0.001953
2 0.207031 0.323242 0.031250 0.056641
2 0.864258 0.294922 0.001953 0.003906
2 0.383789 0.293945 0.001953 0.001953
2 0.180664 0.293945 0.001953 0.001953
2 0.165039 0.293945 0.001953 0.001953
2 0.590820 0.290039 0.005859 0.001953
2 0.864258 0.289062 0.001953 0.003906
2 0.481445 0.289062 0.005859 0.003906
2 0.413086 0.284180 0.001953 0.001953
2 0.286133 0.284180 0.001953 0.001953
2 0.257812 0.284180 0.003906 0.001953
2 0.933594 0.280273 0.007812 0.001953
2 0.401367 0.280273 0.001953 0.001953
2 0.170898 0.281250 0.017578 0.007812
2 0.092773 0.276367 0.001953 0.001953
3 0.375977 0.276367 0.001953 0.005859
2 0.289062 0.276367 0.007812 0.005859
2 0.166992 0.274414 0.001953 0.001953
2 0.878906 0.276367 0.015625 0.009766
2 0.420898 0.272461 0.001953 0.001953
2 0.425781 0.270508 0.003906 0.001953
2 0.415039 0.271484 0.001953 0.003906
2 0.410156 0.272461 0.003906 0.005859
2 0.883789 0.266602 0.001953 0.001953
2 0.239258 0.266602 0.001953 0.001953
2 0.252930 0.264648 0.001953 0.001953
2 0.164062 0.266602 0.007812 0.005859
2 0.260742 0.269531 0.017578 0.019531
3 0.551758 0.256836 0.001953 0.001953
2 0.165039 0.255859 0.001953 0.003906
2 0.059570 0.339844 0.119141 0.171875
2 0.093750 0.255859 0.007812 0.003906
2 0.948242 0.250977 0.001953 0.001953
2 0.091797 0.250000 0.003906 0.003906
2 0.500000 0.623047 1.000000 0.753906
2 0.453125 0.246094 0.003906 0.003906
2 0.462891 0.250977 0.015625 0.017578
2 0.342773 0.244141 0.005859 0.003906
2 0.059570 0.243164 0.001953 0.001953
2 0.527344 0.243164 0.003906 0.009766
2 0.546875 0.235352 0.003906 0.001953
3 0.561523 0.233398 0.001953 0.001953
2 0.020508 0.233398 0.001953 0.001953
2 0.822266 0.230469 0.011719 0.015625
2 0.016602 0.223633 0.001953 0.001953
2 0.325195 0.232422 0.025391 0.031250
3 0.624023 0.248047 0.154297 0.070312
2 0.065430 0.214844 0.005859 0.003906
2 0.131836 0.209961 0.001953 0.001953
2 0.031250 0.260742 0.062500 0.111328
2 0.425781 0.204102 0.003906 0.001953
2 0.385742 0.202148 0.001953 0.001953
2 0.229492 0.202148 0.001953 0.001953
3 0.841797 0.202148 0.011719 0.005859
3 0.830078 0.201172 0.003906 0.003906
2 0.229492 0.198242 0.001953 0.001953
2 0.393555 0.196289 0.001953 0.001953
2 0.329102 0.196289 0.001953 0.001953
2 0.047852 0.196289 0.001953 0.001953
2 0.388672 0.195312 0.003906 0.003906
2 0.043945 0.192383 0.001953 0.001953
2 0.225586 0.188477 0.001953 0.001953
2 0.219727 0.188477 0.001953 0.001953
2 0.556641 0.187500 0.003906 0.003906
2 0.412109 0.193359 0.031250 0.015625
2 0.532227 0.187500 0.041016 0.019531
2 0.510742 0.176758 0.001953 0.001953
2 0.860352 0.419922 0.279297 0.492188
2 0.650391 0.179688 0.035156 0.011719
2 0.975586 0.172852 0.001953 0.001953
2 0.592773 0.183594 0.021484 0.023438
3 0.728516 0.178711 0.015625 0.017578
2 0.257812 0.170898 0.007812 0.001953
2 0.966797 0.168945 0.003906 0.001953
3 0.754883 0.220703 0.138672 0.105469
2 0.237305 0.168945 0.001953 0.001953
3 0.855469 0.166992 0.003906 0.001953
2 0.335938 0.161133 0.003906 0.001953
2 0.032227 0.159180 0.001953 0.001953
3 0.842773 0.157227 0.001953 0.001953
2 0.231445 0.157227 0.001953 0.001953
2 0.329102 0.155273 0.001953 0.001953
2 0.073242 0.155273 0.001953 0.001953
3 0.821289 0.149414 0.001953 0.001953
2 0.245117 0.158203 0.025391 0.019531
3 0.850586 0.147461 0.001953 0.001953
2 0.192383 0.148438 0.001953 0.003906
3 0.434570 0.141602 0.001953 0.001953
2 0.198242 0.142578 0.009766 0.011719
2 0.627930 0.136719 0.005859 0.003906
2 0.641602 0.133789 0.001953 0.001953
3 0.799805 0.131836 0.001953 0.001953
2 0.192383 0.130859 0.001953 0.003906
3 0.637695 0.127930 0.005859 0.001953
3 0.447266 0.128906 0.003906 0.003906
2 0.340820 0.135742 0.005859 0.017578
2 0.244141 0.134766 0.011719 0.015625
2 0.188477 0.127930 0.001953 0.001953
2 0.014648 0.127930 0.001953 0.001953
3 0.652344 0.126953 0.015625 0.003906
2 0.249023 0.125977 0.001953 0.001953
2 0.557617 0.124023 0.001953 0.001953
2 0.256836 0.131836 0.009766 0.017578
2 0.065430 0.124023 0.001953 0.001953
3 0.824219 0.137695 0.042969 0.037109
2 0.539062 0.125000 0.011719 0.019531
2 0.504883 0.116211 0.001953 0.001953
2 0.830078 0.115234 0.003906 0.003906
2 0.235352 0.114258 0.001953 0.001953
2 0.282227 0.110352 0.001953 0.001953
2 0.276367 0.110352 0.005859 0.001953
2 0.212891 0.115234 0.011719 0.011719
2 0.297852 0.110352 0.009766 0.005859
2 0.002930 0.108398 0.001953 0.001953
2 0.498047 0.106445 0.003906 0.001953
3 0.601562 0.118164 0.082031 0.029297
2 0.266602 0.104492 0.001953 0.001953
2 0.001953 0.101562 0.003906 0.007812
2 0.515625 0.105469 0.019531 0.019531
2 0.500977 0.096680 0.005859 0.001953
2 0.233398 0.088867 0.001953 0.001953
2 0.513672 0.088867 0.011719 0.005859
2 0.393555 0.086914 0.001953 0.001953
2 0.315430 0.086914 0.001953 0.001953
2 0.189453 0.088867 0.003906 0.005859
2 0.011719 0.087891 0.003906 0.007812
2 0.511719 0.083984 0.007812 0.003906
2 0.682617 0.082031 0.025391 0.007812
2 0.250977 0.079102 0.001953 0.001953
2 0.494141 0.084961 0.011719 0.017578
3 0.927734 0.150391 0.144531 0.152344
3 0.419922 0.139648 0.066406 0.130859
2 0.286133 0.074219 0.001953 0.003906
2 0.194336 0.074219 0.001953 0.003906
2 0.513672 0.069336 0.003906 0.001953
2 0.500977 0.070312 0.005859 0.003906
2 0.223633 0.067383 0.001953 0.001953
2 0.520508 0.065430 0.001953 0.001953
2 0.514648 0.061523 0.009766 0.001953
2 0.502930 0.061523 0.001953 0.001953
2 0.497070 0.061523 0.005859 0.001953
2 0.288086 0.057617 0.001953 0.001953
2 0.533203 0.062500 0.023438 0.015625
2 0.516602 0.055664 0.001953 0.001953
2 0.508789 0.055664 0.001953 0.001953
2 0.077148 0.055664 0.001953 0.001953
2 0.440430 0.054688 0.009766 0.003906
2 0.381836 0.055664 0.033203 0.009766
2 0.293945 0.051758 0.001953 0.001953
2 0.550781 0.047852 0.003906 0.001953
2 0.286133 0.050781 0.009766 0.007812
2 0.719727 0.045898 0.005859 0.001953
2 0.432617 0.046875 0.001953 0.003906
2 0.725586 0.048828 0.013672 0.011719
2 0.753906 0.042969 0.003906 0.003906
2 0.782227 0.041992 0.005859 0.005859
2 0.171875 0.041016 0.003906 0.003906
2 0.754883 0.038086 0.001953 0.001953
2 0.608398 0.039062 0.009766 0.003906
2 0.791992 0.036133 0.001953 0.001953
2 0.764648 0.040039 0.013672 0.009766
2 0.612305 0.034180 0.001953 0.001953
2 0.726562 0.035156 0.007812 0.007812
2 0.176758 0.032227 0.001953 0.001953
2 0.168945 0.032227 0.001953 0.001953
2 0.775391 0.031250 0.003906 0.003906
2 0.551758 0.030273 0.001953 0.001953
2 0.493164 0.033203 0.005859 0.007812
2 0.188477 0.030273 0.001953 0.001953
2 0.181641 0.031250 0.003906 0.003906
2 0.172852 0.031250 0.001953 0.003906
2 0.766602 0.028320 0.001953 0.001953
2 0.728516 0.028320 0.007812 0.001953
2 0.625977 0.040039 0.021484 0.025391
2 0.450195 0.029297 0.005859 0.003906
2 0.758789 0.026367 0.001953 0.001953
2 0.442383 0.038086 0.005859 0.025391
2 0.785156 0.028320 0.011719 0.009766
2 0.446289 0.024414 0.001953 0.001953
2 0.219727 0.024414 0.001953 0.001953
2 0.141602 0.025391 0.005859 0.003906
2 0.967773 0.022461 0.001953 0.001953
2 0.620117 0.023438 0.001953 0.003906
2 0.509766 0.024414 0.011719 0.005859
2 0.384766 0.030273 0.015625 0.017578
2 0.060547 0.025391 0.019531 0.007812
2 0.616211 0.021484 0.001953 0.003906
2 0.481445 0.020508 0.001953 0.001953
2 0.221680 0.020508 0.001953 0.001953
2 0.190430 0.022461 0.005859 0.005859
2 0.831055 0.020508 0.005859 0.005859
2 0.510742 0.018555 0.001953 0.001953
2 0.476562 0.018555 0.003906 0.001953
2 0.470703 0.018555 0.003906 0.001953
2 0.327148 0.019531 0.005859 0.003906
2 0.811523 0.016602 0.001953 0.001953
2 0.805664 0.016602 0.001953 0.001953
2 0.799805 0.029297 0.033203 0.027344
2 0.448242 0.016602 0.001953 0.001953
2 0.766602 0.019531 0.013672 0.011719
2 0.712891 0.014648 0.003906 0.001953
2 0.189453 0.015625 0.003906 0.003906
2 0.790039 0.012695 0.005859 0.001953
2 0.664062 0.012695 0.003906 0.001953
2 0.321289 0.009766 0.001953 0.003906
2 0.001953 0.008789 0.003906 0.001953
2 0.782227 0.010742 0.005859 0.009766
2 0.766602 0.006836 0.001953 0.001953
2 0.798828 0.009766 0.007812 0.011719
2 0.793945 0.005859 0.001953 0.003906
2 0.789062 0.006836 0.003906 0.005859
2 0.775391 0.007812 0.003906 0.007812
2 0.697266 0.028320 0.050781 0.048828
2 0.155273 0.125000 0.294922 0.242188
2 0.666016 0.003906 0.007812 0.003906
2 0.333008 0.008789 0.017578 0.013672
2 0.194336 0.002930 0.001953 0.001953
2 0.975586 0.012695 0.048828 0.025391
2 0.881836 0.028320 0.076172 0.056641
2 0.860352 0.009766 0.060547 0.019531
2 0.816406 0.005859 0.023438 0.011719
2 0.750977 0.019531 0.029297 0.039062
2 0.623047 0.004883 0.019531 0.009766
2 0.487305 0.022461 0.244141 0.044922
2 0.274414 0.055664 0.169922 0.111328
2 0.145508 0.009766 0.033203 0.019531