1 0.356445 0.997070 0.001953 0.001953
1 0.725586 0.995117 0.001953 0.001953
1 0.780273 0.996094 0.013672 0.007812
1 0.088867 0.993164 0.001953 0.001953
1 0.776367 0.991211 0.001953 0.001953
1 0.767578 0.995117 0.007812 0.009766
1 0.104492 0.991211 0.001953 0.001953
1 0.450195 0.994141 0.033203 0.011719
1 0.985352 0.987305 0.001953 0.001953
1 0.973633 0.987305 0.001953 0.001953
1 0.778320 0.987305 0.001953 0.001953
1 0.023438 0.987305 0.003906 0.001953
1 0.102539 0.986328 0.005859 0.003906
1 0.739258 0.987305 0.009766 0.009766
1 0.629883 0.983398 0.001953 0.001953
1 0.335938 0.985352 0.011719 0.005859
1 0.114258 0.987305 0.013672 0.009766
1 0.731445 0.981445 0.001953 0.001953
1 0.616211 0.983398 0.005859 0.005859
1 0.331055 0.981445 0.001953 0.001953
1 0.096680 0.981445 0.001953 0.001953
1 0.256836 0.981445 0.005859 0.005859
1 0.063477 0.980469 0.001953 0.003906
1 0.949219 0.988281 0.074219 0.023438
1 0.909180 0.982422 0.013672 0.011719
1 0.797852 0.977539 0.001953 0.001953
1 0.541992 0.977539 0.001953 0.001953
1 0.637695 0.979492 0.009766 0.009766
1 0.379883 0.987305 0.048828 0.025391
1 0.096680 0.976562 0.001953 0.003906
1 0.067383 0.975586 0.001953 0.001953
1 0.793945 0.974609 0.005859 0.003906
1 0.543945 0.973633 0.001953 0.001953
1 0.614258 0.973633 0.005859 0.005859
1 0.553711 0.971680 0.017578 0.009766
1 0.565430 0.965820 0.001953 0.001953
1 0.064453 0.968750 0.007812 0.007812
1 0.618164 0.963867 0.001953 0.001953
1 0.518555 0.962891 0.001953 0.003906
1 0.489258 0.964844 0.005859 0.007812
1 0.039062 0.961914 0.003906 0.001953
1 0.618164 0.959961 0.001953 0.001953
1 0.082031 0.969727 0.023438 0.025391
1 0.706055 0.956055 0.001953 0.001953
1 0.998047 0.951172 0.003906 0.003906
1 0.700195 0.951172 0.001953 0.003906
1 0.248047 0.952148 0.011719 0.009766
0 0.570312 0.946289 0.003906 0.001953
1 0.053711 0.947266 0.005859 0.003906
0 0.570312 0.942383 0.003906 0.001953
1 0.606445 0.940430 0.001953 0.001953
1 0.313477 0.940430 0.001953 0.001953
1 0.053711 0.941406 0.005859 0.003906
1 0.036133 0.938477 0.005859 0.001953
1 0.606445 0.936523 0.001953 0.001953
1 0.337891 0.938477 0.003906 0.005859
1 0.319336 0.938477 0.001953 0.005859
1 0.309570 0.934570 0.001953 0.001953
1 0.266602 0.933594 0.001953 0.003906
1 0.134766 0.945312 0.031250 0.027344
1 0.667969 0.947266 0.042969 0.039062
1 0.311523 0.928711 0.001953 0.001953
1 0.207031 0.932617 0.011719 0.009766
1 0.968750 0.927734 0.003906 0.007812
1 0.595703 0.928711 0.015625 0.009766
1 0.512695 0.941406 0.021484 0.035156
1 0.302734 0.926758 0.007812 0.005859
1 0.946289 0.923828 0.001953 0.003906
1 0.531250 0.925781 0.003906 0.007812
1 0.348633 0.920898 0.001953 0.001953
1 0.299805 0.920898 0.001953 0.001953
1 0.139648 0.923828 0.005859 0.007812
1 0.965820 0.918945 0.001953 0.001953
1 0.605469 0.919922 0.003906 0.003906
0 0.333984 0.922852 0.007812 0.009766
1 0.389648 0.916992 0.001953 0.001953
1 0.348633 0.915039 0.001953 0.001953
1 0.299805 0.916016 0.009766 0.003906
1 0.969727 0.913086 0.001953 0.001953
1 0.127930 0.913086 0.001953 0.001953
1 0.993164 0.911133 0.001953 0.001953
1 0.002930 0.916016 0.005859 0.011719
1 0.133789 0.909180 0.001953 0.001953
1 0.987305 0.908203 0.001953 0.003906
1 0.664062 0.907227 0.003906 0.001953
1 0.621094 0.908203 0.003906 0.003906
1 0.607422 0.908203 0.003906 0.003906
1 0.161133 0.905273 0.001953 0.001953
1 0.003906 0.905273 0.003906 0.005859
1 0.954102 0.902344 0.005859 0.003906
1 0.663086 0.901367 0.001953 0.001953
1 0.166992 0.901367 0.001953 0.001953
1 0.670898 0.899414 0.001953 0.001953
1 0.606445 0.899414 0.001953 0.001953
1 0.186523 0.899414 0.001953 0.001953
0 0.573242 0.899414 0.001953 0.005859
1 0.361328 0.898438 0.007812 0.003906
1 0.141602 0.904297 0.029297 0.015625
1 0.999023 0.897461 0.001953 0.005859
1 0.995117 0.895508 0.001953 0.001953
1 0.668945 0.895508 0.001953 0.001953
1 0.124023 0.895508 0.001953 0.001953
1 0.452148 0.906250 0.021484 0.027344
1 0.153320 0.893555 0.001953 0.001953
1 0.682617 0.896484 0.017578 0.011719
1 0.044922 0.896484 0.011719 0.011719
1 0.203125 0.890625 0.003906 0.007812
1 0.382812 0.886719 0.003906 0.003906
1 0.221680 0.885742 0.001953 0.001953
1 0.149414 0.888672 0.013672 0.007812
1 0.124023 0.885742 0.001953 0.001953
1 0.779297 0.884766 0.003906 0.003906
0 0.286133 0.883789 0.001953 0.001953
0 0.211914 0.884766 0.001953 0.003906
1 0.038086 0.888672 0.017578 0.011719
1 0.282227 0.879883 0.001953 0.001953
1 0.778320 0.878906 0.001953 0.003906
0 0.583008 0.883789 0.021484 0.013672
0 0.569336 0.878906 0.001953 0.003906
1 0.397461 0.897461 0.037109 0.041016
1 0.049805 0.877930 0.001953 0.001953
1 0.275391 0.895508 0.035156 0.044922
1 0.465820 0.881836 0.021484 0.021484
0 0.236328 0.874023 0.007812 0.005859
1 0.044922 0.872070 0.003906 0.001953
0 0.040039 0.872070 0.001953 0.001953
0 0.166992 0.870117 0.001953 0.001953
0 0.147461 0.871094 0.005859 0.003906
1 0.461914 0.868164 0.001953 0.001953
0 0.172852 0.869141 0.001953 0.003906
0 0.141602 0.868164 0.001953 0.001953
0 0.235352 0.866211 0.001953 0.001953
0 0.155273 0.866211 0.001953 0.001953
1 0.051758 0.870117 0.005859 0.009766
1 0.735352 0.864258 0.001953 0.001953
0 0.159180 0.864258 0.001953 0.001953
1 0.766602 0.863281 0.001953 0.003906
1 0.722656 0.875977 0.035156 0.029297
1 0.471680 0.863281 0.005859 0.003906
1 0.402344 0.865234 0.007812 0.007812
1 0.087891 0.862305 0.007812 0.009766
0 0.021484 0.858398 0.003906 0.001953
0 0.124023 0.854492 0.001953 0.001953
1 0.099609 0.856445 0.007812 0.005859
1 0.630859 0.853516 0.003906 0.003906
1 0.331055 0.852539 0.001953 0.001953
0 0.204102 0.851562 0.001953 0.003906
0 0.155273 0.850586 0.001953 0.001953
1 0.495117 0.850586 0.005859 0.005859
0 0.323242 0.848633 0.001953 0.001953
0 0.329102 0.846680 0.001953 0.001953
0 0.557617 0.845703 0.009766 0.011719
1 0.362305 0.841797 0.001953 0.003906
1 0.352539 0.841797 0.013672 0.003906
0 0.333984 0.841797 0.003906 0.003906
0 0.318359 0.837891 0.003906 0.003906
1 0.372070 0.834961 0.001953 0.001953
1 0.504883 0.839844 0.017578 0.019531
0 0.308594 0.832031 0.003906 0.003906
1 0.362305 0.827148 0.001953 0.001953
0 0.063477 0.825195 0.001953 0.001953
0 0.281250 0.825195 0.007812 0.005859
0 0.016602 0.843750 0.033203 0.042969
1 0.362305 0.821289 0.001953 0.001953
1 0.443359 0.819336 0.003906 0.001953
0 0.260742 0.820312 0.001953 0.003906
0 0.063477 0.819336 0.001953 0.001953
1 0.491211 0.822266 0.009766 0.011719
0 0.315430 0.825195 0.017578 0.017578
0 0.266602 0.820312 0.005859 0.007812
1 0.451172 0.816406 0.003906 0.003906
0 0.172852 0.815430 0.001953 0.001953
0 0.069336 0.819336 0.005859 0.009766
0 0.045898 0.815430 0.001953 0.001953
1 0.818359 0.815430 0.003906 0.005859
0 0.303711 0.813477 0.001953 0.001953
1 0.510742 0.810547 0.001953 0.003906
0 0.311523 0.809570 0.001953 0.001953
0 0.306641 0.809570 0.003906 0.001953
0 0.037109 0.812500 0.007812 0.007812
1 0.645508 0.805664 0.001953 0.001953
0 0.338867 0.805664 0.001953 0.001953
0 0.002930 0.805664 0.001953 0.001953
1 0.641602 0.801758 0.001953 0.001953
1 0.526367 0.801758 0.001953 0.001953
1 0.522461 0.799805 0.001953 0.001953
0 0.300781 0.799805 0.011719 0.013672
0 0.289062 0.794922 0.003906 0.003906
0 0.003906 0.796875 0.007812 0.011719
1 0.477539 0.790039 0.001953 0.001953
1 0.434570 0.792969 0.005859 0.007812
0 0.300781 0.790039 0.003906 0.001953
1 0.622070 0.782227 0.001953 0.001953
1 0.617188 0.782227 0.003906 0.001953
1 0.061523 0.784180 0.005859 0.005859
1 0.096680 0.781250 0.001953 0.003906
1 0.092773 0.780273 0.001953 0.001953
1 0.644531 0.781250 0.007812 0.007812
1 0.356445 0.783203 0.013672 0.011719
1 0.486328 0.769531 0.003906 0.003906
1 0.361328 0.764648 0.003906 0.001953
1 0.051758 0.764648 0.001953 0.001953
1 0.503906 0.767578 0.023438 0.011719
0 0.516602 0.760742 0.001953 0.001953
1 0.372070 0.765625 0.013672 0.011719
1 0.361328 0.759766 0.003906 0.003906
1 0.100586 0.759766 0.001953 0.003906
0 0.506836 0.756836 0.001953 0.001953
1 0.368164 0.756836 0.001953 0.001953
1 0.030273 0.760742 0.005859 0.009766
1 0.022461 0.754883 0.001953 0.001953
1 0.387695 0.754883 0.005859 0.005859
1 0.755859 0.751953 0.003906 0.003906
1 0.613281 0.758789 0.015625 0.017578
1 0.011719 0.757812 0.023438 0.019531
1 0.842773 0.749023 0.009766 0.005859
1 0.688477 0.750977 0.009766 0.013672
1 0.619141 0.744141 0.003906 0.003906
1 0.428711 0.739258 0.001953 0.001953
1 0.623047 0.737305 0.003906 0.001953
0 0.545898 0.736328 0.001953 0.003906
1 0.328125 0.736328 0.003906 0.003906
1 0.710938 0.742188 0.015625 0.019531
1 0.037109 0.737305 0.015625 0.009766
1 0.410156 0.734375 0.011719 0.007812
1 0.095703 0.741211 0.023438 0.025391
1 0.723633 0.727539 0.001953 0.001953
1 0.406250 0.727539 0.011719 0.001953
1 0.333984 0.730469 0.011719 0.007812
1 0.714844 0.723633 0.003906 0.001953
1 0.139648 0.721680 0.001953 0.001953
1 0.122070 0.726562 0.001953 0.011719
1 0.364258 0.719727 0.001953 0.001953
1 0.713867 0.717773 0.001953 0.001953
1 0.548828 0.718750 0.003906 0.003906
1 0.827148 0.715820 0.001953 0.001953
0 0.134766 0.715820 0.003906 0.001953
1 0.096680 0.715820 0.001953 0.001953
1 0.069336 0.745117 0.029297 0.060547
1 0.811523 0.716797 0.005859 0.007812
0 0.550781 0.714844 0.003906 0.003906
1 0.434570 0.711914 0.005859 0.001953
0 0.577148 0.709961 0.001953 0.001953
0 0.551758 0.709961 0.001953 0.001953
1 0.649414 0.713867 0.013672 0.013672
0 0.560547 0.711914 0.011719 0.009766
1 0.294922 0.710938 0.003906 0.007812
0 0.147461 0.709961 0.013672 0.009766
0 0.545898 0.704102 0.001953 0.001953
1 0.825195 0.707031 0.017578 0.019531
1 0.962891 0.702148 0.015625 0.013672
1 0.948242 0.696289 0.001953 0.001953
1 0.965820 0.692383 0.001953 0.001953
1 0.831055 0.695312 0.005859 0.007812
1 0.734375 0.694336 0.007812 0.013672
1 0.791992 0.688477 0.005859 0.005859
1 0.526367 0.687500 0.005859 0.003906
1 0.513672 0.692383 0.031250 0.029297
1 0.045898 0.678711 0.001953 0.001953
1 0.997070 0.676758 0.001953 0.001953
1 0.511719 0.677734 0.003906 0.003906
1 0.424805 0.691406 0.037109 0.035156
0 0.085938 0.675781 0.003906 0.003906
1 0.728516 0.675781 0.007812 0.007812
1 0.522461 0.677734 0.009766 0.011719
0 0.097656 0.681641 0.023438 0.019531
1 0.540039 0.670898 0.001953 0.001953
1 0.733398 0.668945 0.001953 0.001953
1 0.545898 0.668945 0.001953 0.001953
1 0.996094 0.669922 0.007812 0.007812
1 0.922852 0.672852 0.009766 0.013672
1 0.898438 0.666992 0.003906 0.001953
1 0.997070 0.663086 0.001953 0.001953
1 0.542969 0.663086 0.003906 0.001953
1 0.164062 0.663086 0.003906 0.001953
1 0.137695 0.663086 0.001953 0.001953
0 0.081055 0.663086 0.001953 0.001953
1 0.856445 0.665039 0.013672 0.009766
1 0.651367 0.661133 0.001953 0.001953
0 0.102539 0.661133 0.001953 0.001953
1 0.635742 0.665039 0.005859 0.013672
0 0.098633 0.659180 0.001953 0.001953
1 0.889648 0.662109 0.009766 0.011719
1 0.655273 0.657227 0.001953 0.001953
1 0.136719 0.658203 0.003906 0.003906
1 0.528320 0.655273 0.001953 0.001953
1 0.688477 0.655273 0.005859 0.005859
1 0.582031 0.660156 0.011719 0.015625
1 0.147461 0.653320 0.001953 0.001953
1 0.137695 0.653320 0.001953 0.001953
1 0.746094 0.653320 0.003906 0.005859
1 0.655273 0.651367 0.001953 0.001953
1 0.557617 0.651367 0.001953 0.001953
1 0.653320 0.649414 0.005859 0.005859
1 0.157227 0.654297 0.009766 0.015625
1 0.119141 0.650391 0.011719 0.007812
1 0.999023 0.645508 0.001953 0.001953
1 0.579102 0.649414 0.005859 0.009766
1 0.565430 0.659180 0.017578 0.029297
1 0.558594 0.646484 0.003906 0.003906
1 0.448242 0.649414 0.009766 0.009766
1 0.395508 0.645508 0.001953 0.001953
0 0.377930 0.645508 0.001953 0.001953
1 0.301758 0.645508 0.001953 0.001953
1 0.217773 0.645508 0.001953 0.001953
0 0.136719 0.647461 0.003906 0.005859
1 0.896484 0.643555 0.003906 0.001953
1 0.540039 0.651367 0.021484 0.017578
0 0.077148 0.643555 0.001953 0.001953
1 0.067383 0.643555 0.001953 0.001953
1 0.973633 0.642578 0.001953 0.003906
0 0.559570 0.641602 0.001953 0.001953
1 0.577148 0.640625 0.001953 0.003906
1 0.057617 0.639648 0.001953 0.001953
1 0.274414 0.637695 0.001953 0.001953
1 0.244141 0.641602 0.003906 0.009766
1 0.898438 0.637695 0.007812 0.005859
1 0.414062 0.640625 0.011719 0.011719
1 0.264648 0.635742 0.001953 0.001953
1 0.167969 0.635742 0.003906 0.001953
1 0.162109 0.639648 0.015625 0.009766
1 0.153320 0.635742 0.001953 0.001953
1 0.146484 0.638672 0.003906 0.007812
0 0.090820 0.649414 0.013672 0.029297
1 0.882812 0.633789 0.003906 0.001953
1 0.916992 0.631836 0.001953 0.001953
1 0.268555 0.631836 0.001953 0.001953
1 0.293945 0.629883 0.001953 0.001953
1 0.253906 0.629883 0.003906 0.001953
1 0.444336 0.627930 0.001953 0.001953
1 0.908203 0.629883 0.011719 0.009766
1 0.262695 0.625977 0.001953 0.001953
1 0.176758 0.625977 0.001953 0.001953
1 0.905273 0.624023 0.001953 0.001953
1 0.733398 0.627930 0.005859 0.009766
1 0.973633 0.623047 0.001953 0.003906
1 0.287109 0.623047 0.003906 0.003906
1 0.235352 0.622070 0.001953 0.001953
1 0.282227 0.620117 0.001953 0.001953
1 0.286133 0.618164 0.001953 0.001953
1 0.252930 0.622070 0.013672 0.009766
1 0.106445 0.618164 0.001953 0.001953
1 0.920898 0.616211 0.001953 0.001953
1 0.967773 0.617188 0.017578 0.007812
1 0.748047 0.615234 0.011719 0.003906
1 0.161133 0.608398 0.001953 0.001953
1 0.157227 0.617188 0.017578 0.019531
1 0.140625 0.609375 0.011719 0.007812
1 0.827148 0.604492 0.005859 0.005859
0 0.758789 0.602539 0.001953 0.001953
0 0.491211 0.602539 0.001953 0.001953
1 0.047852 0.602539 0.001953 0.001953
1 0.608398 0.623047 0.044922 0.050781
1 0.999023 0.594727 0.001953 0.001953
1 0.231445 0.595703 0.009766 0.003906
1 0.168945 0.594727 0.005859 0.001953
1 0.143555 0.598633 0.005859 0.009766
1 0.967773 0.592773 0.001953 0.001953
0 0.501953 0.598633 0.019531 0.013672
1 0.205078 0.593750 0.003906 0.003906
1 0.751953 0.599609 0.011719 0.019531
1 0.254883 0.588867 0.001953 0.001953
1 0.250977 0.588867 0.001953 0.001953
1 0.902344 0.598633 0.023438 0.025391
1 0.071289 0.587891 0.009766 0.003906
0 0.513672 0.584961 0.003906 0.001953
1 0.169922 0.583984 0.003906 0.003906
1 0.634766 0.583984 0.003906 0.007812
1 0.067383 0.581055 0.001953 0.001953
0 0.510742 0.579102 0.001953 0.001953
1 0.242188 0.585938 0.015625 0.015625
1 0.170898 0.579102 0.001953 0.001953
1 0.126953 0.580078 0.003906 0.003906
1 0.121094 0.580078 0.003906 0.003906
1 0.904297 0.580078 0.015625 0.007812
1 0.267578 0.577148 0.003906 0.001953
1 0.707031 0.579102 0.011719 0.009766
1 0.247070 0.575195 0.001953 0.005859
1 0.717773 0.573242 0.005859 0.005859
1 0.602539 0.572266 0.009766 0.003906
0 0.508789 0.571289 0.001953 0.001953
1 0.573242 0.581055 0.013672 0.025391
1 0.038086 0.569336 0.001953 0.001953
0 0.895508 0.570312 0.017578 0.011719
1 0.871094 0.574219 0.031250 0.019531
1 0.104492 0.565430 0.001953 0.001953
0 0.612305 0.563477 0.001953 0.001953
1 0.605469 0.563477 0.007812 0.005859
1 0.584961 0.557617 0.001953 0.001953
0 0.621094 0.564453 0.011719 0.019531
1 0.060547 0.560547 0.011719 0.015625
1 0.047852 0.553711 0.001953 0.001953
0 0.502930 0.551758 0.001953 0.001953
1 0.383789 0.551758 0.005859 0.005859
0 0.595703 0.549805 0.003906 0.009766
1 0.385742 0.545898 0.001953 0.001953
1 0.532227 0.543945 0.001953 0.001953
1 0.124023 0.543945 0.001953 0.001953
1 0.536133 0.541992 0.001953 0.001953
1 0.344727 0.541992 0.001953 0.001953
1 0.083008 0.545898 0.013672 0.009766
1 0.946289 0.543945 0.013672 0.009766
1 0.540039 0.540039 0.001953 0.001953
1 0.194336 0.540039 0.001953 0.001953
1 0.536133 0.538086 0.001953 0.001953
1 0.066406 0.537109 0.003906 0.003906
1 0.959961 0.532227 0.001953 0.001953
0 0.609375 0.534180 0.003906 0.005859
1 0.286133 0.532227 0.005859 0.001953
1 0.069336 0.532227 0.001953 0.001953
1 0.287109 0.528320 0.003906 0.001953
1 0.162109 0.529297 0.003906 0.003906
1 0.952148 0.529297 0.009766 0.007812
1 0.147461 0.555664 0.052734 0.064453
1 0.133789 0.524414 0.001953 0.001953
1 0.114258 0.524414 0.001953 0.001953
1 0.834961 0.522461 0.001953 0.001953
1 0.108398 0.522461 0.001953 0.001953
1 0.286133 0.521484 0.001953 0.003906
1 0.041992 0.520508 0.001953 0.001953
1 0.143555 0.518555 0.001953 0.001953
1 0.104492 0.518555 0.001953 0.001953
1 0.805664 0.516602 0.001953 0.001953
1 0.338867 0.521484 0.009766 0.011719
1 0.945312 0.518555 0.019531 0.009766
1 0.807617 0.512695 0.001953 0.001953
0 0.403320 0.500977 0.001953 0.001953
1 0.110352 0.499023 0.001953 0.001953
1 0.136719 0.498047 0.003906 0.003906
1 0.829102 0.498047 0.005859 0.007812
1 0.356445 0.498047 0.005859 0.007812
1 0.290039 0.499023 0.009766 0.009766
1 0.077148 0.517578 0.041016 0.050781
1 0.263672 0.491211 0.003906 0.001953
1 0.141602 0.493164 0.009766 0.005859
1 0.387695 0.489258 0.001953 0.001953
1 0.269531 0.490234 0.003906 0.003906
1 0.483398 0.485352 0.001953 0.001953
1 0.280273 0.485352 0.001953 0.001953
1 0.290039 0.483398 0.001953 0.001953
1 0.362305 0.581055 0.310547 0.201172
1 0.221680 0.481445 0.001953 0.001953
1 0.426758 0.481445 0.005859 0.009766
1 0.389648 0.477539 0.001953 0.001953
1 0.448242 0.473633 0.001953 0.001953
1 0.114258 0.467773 0.001953 0.001953
1 0.463867 0.465820 0.001953 0.001953
1 0.438477 0.465820 0.001953 0.001953
1 0.454102 0.466797 0.005859 0.007812
1 0.643555 0.469727 0.017578 0.017578
1 0.523438 0.462891 0.003906 0.003906
1 0.516602 0.461914 0.001953 0.001953
1 0.499023 0.484375 0.044922 0.050781
1 0.457031 0.456055 0.003906 0.001953
1 0.450195 0.456055 0.001953 0.001953
1 0.367188 0.461914 0.003906 0.017578
1 0.221680 0.454102 0.001953 0.001953
1 0.450195 0.452148 0.001953 0.001953
1 0.213867 0.450195 0.001953 0.001953
1 0.463867 0.448242 0.001953 0.001953
1 0.458008 0.448242 0.001953 0.001953
1 0.510742 0.452148 0.017578 0.013672
1 0.473633 0.447266 0.009766 0.003906
1 0.383789 0.446289 0.001953 0.001953
1 0.377930 0.446289 0.001953 0.001953
1 0.374023 0.446289 0.001953 0.001953
1 0.834961 0.443359 0.001953 0.007812
1 0.834961 0.458008 0.041016 0.037109
1 0.624023 0.446289 0.005859 0.013672
0 0.856445 0.438477 0.001953 0.001953
1 0.090820 0.438477 0.001953 0.001953
1 0.844727 0.439453 0.009766 0.007812
1 0.795898 0.437500 0.001953 0.003906
1 0.486328 0.436523 0.007812 0.005859
1 0.793945 0.432617 0.001953 0.001953
1 0.181641 0.432617 0.003906 0.001953
1 0.114258 0.430664 0.001953 0.001953
1 0.183594 0.428711 0.003906 0.001953
1 0.086914 0.433594 0.005859 0.011719
1 0.963867 0.426758 0.001953 0.001953
0 0.836914 0.428711 0.005859 0.005859
1 0.805664 0.426758 0.001953 0.001953
1 0.387695 0.426758 0.001953 0.001953
1 0.252930 0.426758 0.001953 0.001953
1 0.214844 0.432617 0.015625 0.013672
1 0.454102 0.424805 0.001953 0.001953
1 0.305664 0.424805 0.001953 0.001953
1 0.211914 0.424805 0.001953 0.001953
1 0.192383 0.486328 0.173828 0.125000
1 0.732422 0.422852 0.003906 0.001953
1 0.471680 0.429688 0.013672 0.015625
1 0.997070 0.421875 0.005859 0.003906
0 0.534180 0.420898 0.001953 0.001953
1 0.183594 0.422852 0.007812 0.005859
1 0.773438 0.418945 0.003906 0.001953
1 0.661133 0.418945 0.001953 0.001953
1 0.305664 0.418945 0.001953 0.001953
1 0.223633 0.420898 0.005859 0.005859
1 0.173828 0.418945 0.003906 0.001953
1 0.012695 0.418945 0.001953 0.001953
1 0.935547 0.419922 0.011719 0.007812
1 0.783203 0.417969 0.003906 0.003906
1 0.710938 0.420898 0.011719 0.009766
0 0.569336 0.425781 0.013672 0.023438
0 0.428711 0.415039 0.001953 0.001953
1 0.250977 0.417969 0.005859 0.007812
1 0.229492 0.415039 0.001953 0.001953
1 0.184570 0.415039 0.001953 0.001953
0 0.833984 0.417969 0.007812 0.011719
1 0.714844 0.415039 0.003906 0.005859
1 0.310547 0.414062 0.003906 0.003906
1 0.412109 0.443359 0.089844 0.066406
1 0.185547 0.411133 0.003906 0.001953
1 0.674805 0.409180 0.001953 0.001953
1 0.314453 0.447266 0.109375 0.078125
0 0.566406 0.409180 0.003906 0.005859
1 0.280273 0.409180 0.001953 0.005859
1 0.168945 0.412109 0.025391 0.011719
0 0.698242 0.405273 0.001953 0.001953
0 0.521484 0.415039 0.019531 0.021484
1 0.776367 0.403320 0.001953 0.001953
1 0.481445 0.404297 0.001953 0.003906
1 0.178711 0.403320 0.001953 0.001953
0 0.688477 0.407227 0.017578 0.013672
1 0.811523 0.411133 0.021484 0.025391
0 0.672852 0.399414 0.001953 0.001953
1 0.668945 0.399414 0.001953 0.001953
1 0.178711 0.399414 0.001953 0.001953
1 0.790039 0.397461 0.005859 0.001953
0 0.504883 0.397461 0.001953 0.001953
0 0.333984 0.401367 0.007812 0.009766
0 0.674805 0.395508 0.001953 0.001953
1 0.241211 0.395508 0.001953 0.001953
1 0.185547 0.397461 0.003906 0.005859
1 0.999023 0.393555 0.001953 0.001953
0 0.668945 0.393555 0.001953 0.001953
0 0.476562 0.398438 0.011719 0.011719
1 0.610352 0.392578 0.001953 0.003906
0 0.514648 0.391602 0.001953 0.001953
1 0.232422 0.393555 0.011719 0.005859
1 0.231445 0.389648 0.001953 0.001953
1 0.765625 0.393555 0.023438 0.013672
0 0.676758 0.387695 0.005859 0.001953
1 0.258789 0.385742 0.001953 0.001953
1 0.236328 0.386719 0.003906 0.003906
1 0.200195 0.385742 0.001953 0.001953
1 0.372070 0.383789 0.001953 0.001953
1 0.368164 0.384766 0.001953 0.003906
1 0.195312 0.388672 0.015625 0.015625
1 0.190430 0.381836 0.001953 0.001953
1 0.991211 0.388672 0.013672 0.019531
1 0.799805 0.388672 0.013672 0.019531
1 0.380859 0.382812 0.007812 0.007812
1 0.368164 0.379883 0.001953 0.001953
1 0.249023 0.385742 0.021484 0.021484
1 0.604492 0.374023 0.001953 0.001953
1 0.211914 0.374023 0.001953 0.001953
1 0.207031 0.375977 0.003906 0.005859
1 0.602539 0.370117 0.001953 0.001953
0 0.273438 0.368164 0.003906 0.001953
0 0.669922 0.367188 0.003906 0.003906
1 0.120117 0.366211 0.001953 0.001953
1 0.971680 0.362305 0.001953 0.001953
1 0.640625 0.371094 0.019531 0.019531
1 0.603516 0.365234 0.007812 0.007812
1 0.981445 0.363281 0.005859 0.007812
0 0.473633 0.358398 0.001953 0.001953
1 0.698242 0.357422 0.001953 0.003906
1 0.778320 0.353516 0.001953 0.003906
0 0.647461 0.352539 0.001953 0.001953
1 0.836914 0.346680 0.001953 0.001953
1 0.469727 0.346680 0.001953 0.001953
1 0.991211 0.347656 0.005859 0.007812
0 0.465820 0.345703 0.001953 0.003906
1 0.809570 0.342773 0.001953 0.001953
1 0.193359 0.364258 0.085938 0.044922
0 0.624023 0.338867 0.001953 0.001953
1 0.573242 0.339844 0.005859 0.003906
1 0.567383 0.340820 0.005859 0.005859
1 0.520508 0.342773 0.009766 0.009766
1 0.231445 0.338867 0.001953 0.001953
1 0.472656 0.344727 0.003906 0.017578
1 0.567383 0.334961 0.001953 0.001953
1 0.407227 0.334961 0.001953 0.001953
1 0.975586 0.333008 0.001953 0.001953
1 0.396484 0.343750 0.027344 0.023438
1 0.231445 0.333008 0.001953 0.001953
1 0.001953 0.337891 0.003906 0.011719
0 0.615234 0.334961 0.011719 0.009766
1 0.030273 0.329102 0.001953 0.001953
1 0.004883 0.323242 0.001953 0.001953
1 0.934570 0.321289 0.001953 0.001953
1 0.490234 0.323242 0.003906 0.005859
1 0.025391 0.322266 0.003906 0.003906
1 0.572266 0.324219 0.007812 0.011719
1 0.216797 0.317383 0.003906 0.001953
1 0.009766 0.317383 0.003906 0.001953
1 0.290039 0.315430 0.001953 0.001953
1 0.709961 0.317383 0.029297 0.009766
1 0.199219 0.315430 0.007812 0.005859
1 0.844727 0.311523 0.001953 0.001953
1 0.810547 0.337891 0.058594 0.054688
1 0.681641 0.312500 0.003906 0.003906
1 0.612305 0.311523 0.001953 0.001953
1 0.483398 0.312500 0.001953 0.003906
1 0.479492 0.311523 0.001953 0.001953
1 0.015625 0.327148 0.015625 0.033203
1 0.787109 0.311523 0.003906 0.005859
1 0.204102 0.309570 0.001953 0.001953
1 0.944336 0.330078 0.017578 0.046875
1 0.838867 0.307617 0.001953 0.001953
1 0.688477 0.310547 0.005859 0.007812
1 0.971680 0.306641 0.001953 0.003906
1 0.774414 0.304688 0.001953 0.003906
1 0.770508 0.303711 0.001953 0.001953
1 0.349609 0.309570 0.007812 0.013672
1 0.497070 0.301758 0.001953 0.001953
1 0.979492 0.302734 0.009766 0.007812
1 0.756836 0.298828 0.021484 0.007812
1 0.057617 0.295898 0.001953 0.001953
1 0.980469 0.294922 0.003906 0.003906
1 0.950195 0.293945 0.001953 0.001953
1 0.077148 0.293945 0.001953 0.001953
1 0.756836 0.291992 0.001953 0.001953
1 0.071289 0.291992 0.001953 0.001953
1 0.903320 0.321289 0.056641 0.064453
1 0.699219 0.290039 0.003906 0.001953
1 0.886719 0.286133 0.003906 0.001953
1 0.849609 0.296875 0.015625 0.023438
1 0.729492 0.286133 0.001953 0.001953
1 0.518555 0.294922 0.017578 0.019531
1 0.500977 0.286133 0.001953 0.001953
1 0.118164 0.286133 0.001953 0.001953
1 0.090820 0.286133 0.001953 0.001953
1 0.910156 0.285156 0.003906 0.003906
1 0.903320 0.285156 0.001953 0.003906
1 0.892578 0.287109 0.007812 0.007812
1 0.870117 0.284180 0.001953 0.001953
1 0.838867 0.284180 0.001953 0.001953
1 0.939453 0.286133 0.011719 0.009766
1 0.786133 0.293945 0.025391 0.025391
1 0.766602 0.282227 0.001953 0.001953
1 0.236328 0.286133 0.015625 0.009766
1 0.883789 0.283203 0.009766 0.007812
1 0.872070 0.280273 0.001953 0.001953
0 0.090820 0.278320 0.001953 0.001953
1 0.313477 0.286133 0.029297 0.021484
1 0.875000 0.276367 0.003906 0.005859
1 0.377930 0.274414 0.001953 0.001953
1 0.707031 0.279297 0.007812 0.015625
1 0.665039 0.275391 0.009766 0.007812
1 0.588867 0.280273 0.009766 0.021484
1 0.635742 0.268555 0.001953 0.001953
1 0.640625 0.297852 0.074219 0.060547
1 0.940430 0.267578 0.001953 0.003906
1 0.302734 0.269531 0.015625 0.007812
1 0.356445 0.264648 0.001953 0.001953
1 0.340820 0.270508 0.021484 0.013672
0 0.091797 0.266602 0.003906 0.005859
0 0.817383 0.262695 0.001953 0.001953
1 0.745117 0.264648 0.009766 0.005859
1 0.699219 0.263672 0.003906 0.003906
1 0.255859 0.264648 0.007812 0.005859
1 0.598633 0.262695 0.001953 0.005859
1 0.591797 0.263672 0.007812 0.007812
0 0.065430 0.278320 0.052734 0.037109
1 0.623047 0.261719 0.003906 0.007812
1 0.917969 0.256836 0.003906 0.001953
1 0.284180 0.262695 0.021484 0.013672
1 0.622070 0.254883 0.001953 0.001953
1 0.617188 0.255859 0.003906 0.003906
1 0.466797 0.257812 0.007812 0.007812
1 0.390625 0.256836 0.003906 0.005859
1 0.920898 0.250977 0.001953 0.001953
1 0.577148 0.250977 0.001953 0.001953
1 0.618164 0.250000 0.001953 0.003906
1 0.602539 0.254883 0.009766 0.013672
1 0.951172 0.260742 0.027344 0.033203
1 0.844727 0.246094 0.001953 0.003906
1 0.824219 0.246094 0.003906 0.003906
1 0.941406 0.240234 0.003906 0.003906
1 0.349609 0.237305 0.003906 0.001953
1 0.934570 0.217773 0.005859 0.005859
1 0.961914 0.205078 0.001953 0.003906
1 0.913086 0.204102 0.001953 0.001953
1 0.999023 0.196289 0.001953 0.001953
1 0.351562 0.201172 0.007812 0.011719
1 0.538086 0.190430 0.001953 0.001953
1 0.516602 0.190430 0.001953 0.001953
1 0.956055 0.188477 0.001953 0.001953
1 0.979492 0.202148 0.033203 0.033203
1 0.458008 0.197266 0.021484 0.023438
1 0.960938 0.187500 0.003906 0.007812
1 0.538086 0.184570 0.005859 0.005859
1 0.774414 0.180664 0.001953 0.001953
1 0.774414 0.174805 0.001953 0.001953
1 0.765625 0.177734 0.011719 0.011719
1 0.575195 0.176758 0.017578 0.009766
1 0.788086 0.170898 0.001953 0.001953
1 0.520508 0.180664 0.033203 0.025391
1 0.516602 0.168945 0.001953 0.001953
1 0.758789 0.167969 0.005859 0.007812
1 0.866211 0.218750 0.142578 0.117188
1 0.616211 0.174805 0.041016 0.029297
1 0.522461 0.161133 0.001953 0.001953
1 0.536133 0.162109 0.009766 0.007812
0 0.952148 0.155273 0.005859 0.001953
0 0.946289 0.155273 0.001953 0.001953
0 0.936523 0.155273 0.001953 0.001953
1 0.777344 0.162109 0.015625 0.015625
0 0.927734 0.149414 0.011719 0.005859
1 0.993164 0.153320 0.013672 0.017578
0 0.963867 0.145508 0.001953 0.001953
1 0.708984 0.146484 0.003906 0.003906
0 0.948242 0.145508 0.005859 0.005859
1 0.866211 0.146484 0.009766 0.007812
1 0.655273 0.143555 0.001953 0.001953
1 0.848633 0.141602 0.001953 0.001953
1 0.699219 0.145508 0.015625 0.009766
1 0.999023 0.139648 0.001953 0.001953
1 0.877930 0.139648 0.001953 0.001953
1 0.872070 0.139648 0.001953 0.001953
1 0.854492 0.141602 0.005859 0.005859
1 0.688477 0.139648 0.001953 0.001953
1 0.536133 0.139648 0.001953 0.001953
1 0.480469 0.139648 0.003906 0.001953
0 0.911133 0.137695 0.001953 0.001953
0 0.987305 0.133789 0.001953 0.001953
0 0.961914 0.142578 0.013672 0.023438
1 0.310547 0.129883 0.003906 0.001953
1 0.602539 0.124023 0.001953 0.001953
1 0.649414 0.130859 0.025391 0.019531
1 0.552734 0.138672 0.027344 0.039062
1 0.446289 0.120117 0.001953 0.001953
1 0.663086 0.112305 0.001953 0.001953
1 0.875977 0.122070 0.021484 0.025391
1 0.644531 0.111328 0.003906 0.003906
1 0.516602 0.110352 0.001953 0.001953
1 0.912109 0.111328 0.007812 0.007812
1 0.905273 0.109375 0.001953 0.003906
1 0.604492 0.113281 0.013672 0.011719
1 0.803711 0.106445 0.001953 0.001953
1 0.697266 0.107422 0.003906 0.003906
1 0.914062 0.104492 0.003906 0.001953
1 0.678711 0.109375 0.021484 0.011719
1 0.652344 0.104492 0.011719 0.005859
0 0.615234 0.111328 0.015625 0.019531
1 0.709961 0.098633 0.001953 0.001953
1 0.481445 0.097656 0.001953 0.003906
1 0.784180 0.094727 0.001953 0.001953
1 0.607422 0.096680 0.011719 0.005859
1 0.075195 0.094727 0.001953 0.001953
1 0.810547 0.090820 0.003906 0.001953
1 0.807617 0.096680 0.017578 0.013672
1 0.791016 0.091797 0.003906 0.003906
1 0.782227 0.090820 0.001953 0.001953
1 0.940430 0.088867 0.001953 0.001953
1 0.571289 0.092773 0.009766 0.009766
1 0.821289 0.087891 0.001953 0.003906
0 0.190430 0.084961 0.001953 0.001953
1 0.573242 0.083008 0.001953 0.001953
0 0.220703 0.083008 0.003906 0.001953
1 0.799805 0.081055 0.001953 0.001953
1 0.579102 0.081055 0.005859 0.001953
1 0.791992 0.081055 0.009766 0.013672
1 0.707031 0.077148 0.011719 0.005859
1 0.590820 0.078125 0.013672 0.011719
0 0.216797 0.075195 0.007812 0.005859
0 0.192383 0.073242 0.001953 0.001953
1 0.791992 0.069336 0.001953 0.001953
1 0.405273 0.069336 0.001953 0.001953
1 0.785156 0.069336 0.007812 0.005859
1 0.524414 0.065430 0.001953 0.001953
1 0.799805 0.063477 0.001953 0.001953
1 0.538086 0.061523 0.001953 0.001953
0 0.208008 0.061523 0.001953 0.001953
1 0.110352 0.062500 0.001953 0.003906
0 0.226562 0.059570 0.003906 0.001953
0 0.159180 0.057617 0.001953 0.001953
1 0.590820 0.053711 0.001953 0.001953
1 0.409180 0.049805 0.001953 0.001953
0 0.191406 0.049805 0.003906 0.005859
1 0.124023 0.047852 0.001953 0.001953
1 0.403320 0.046875 0.001953 0.003906
1 0.405273 0.041992 0.001953 0.001953
1 0.756836 0.048828 0.025391 0.019531
1 0.709961 0.038086 0.001953 0.001953
1 0.300781 0.038086 0.003906 0.001953
1 0.733398 0.036133 0.001953 0.001953
1 0.357422 0.034180 0.003906 0.001953
1 0.975586 0.032227 0.001953 0.001953
1 0.737305 0.030273 0.001953 0.001953
1 0.623047 0.030273 0.007812 0.005859
0 0.004883 0.031250 0.005859 0.007812
1 0.611328 0.032227 0.015625 0.013672
1 0.602539 0.026367 0.001953 0.001953
1 0.978516 0.025391 0.003906 0.003906
1 0.762695 0.024414 0.001953 0.001953
1 0.592773 0.031250 0.017578 0.015625
1 0.972656 0.022461 0.007812 0.001953
1 0.409180 0.024414 0.005859 0.005859
1 0.336914 0.022461 0.001953 0.001953
1 0.146484 0.021484 0.003906 0.003906
0 0.344727 0.018555 0.001953 0.001953
1 0.141602 0.018555 0.001953 0.001953
1 0.804688 0.017578 0.003906 0.007812
0 0.469727 0.016602 0.009766 0.005859
1 0.952148 0.019531 0.021484 0.015625
0 0.489258 0.012695 0.001953 0.001953
1 0.401367 0.018555 0.005859 0.013672
0 0.342773 0.012695 0.001953 0.001953
1 0.893555 0.010742 0.001953 0.001953
1 0.614258 0.010742 0.001953 0.001953
0 0.465820 0.010742 0.001953 0.001953
0 0.441406 0.013672 0.011719 0.007812
0 0.406250 0.010742 0.007812 0.005859
1 0.028320 0.008789 0.001953 0.001953
0 0.172852 0.006836 0.001953 0.001953
1 0.032227 0.006836 0.001953 0.001953
1 0.003906 0.013672 0.007812 0.015625
1 0.502930 0.004883 0.001953 0.001953
1 0.717773 0.002930 0.001953 0.001953
0 0.470703 0.004883 0.003906 0.005859
0 0.411133 0.002930 0.001953 0.001953
1 0.338867 0.002930 0.001953 0.001953
1 0.024414 0.002930 0.001953 0.001953
1 0.859375 0.079102 0.281250 0.158203
1 0.885742 0.000977 0.001953 0.001953
1 0.875000 0.001953 0.015625 0.003906
1 0.811523 0.000977 0.001953 0.001953
1 0.797852 0.007812 0.021484 0.015625
1 0.715820 0.018555 0.033203 0.037109
1 0.668945 0.000977 0.001953 0.001953
1 0.615234 0.000977 0.003906 0.001953
1 0.603516 0.001953 0.003906 0.003906
1 0.583008 0.004883 0.009766 0.009766
1 0.573242 0.000977 0.005859 0.001953
0 0.406250 0.000977 0.003906 0.001953
1 0.268555 0.000977 0.001953 0.001953
0 0.190430 0.000977 0.001953 0.001953
0 0.184570 0.000977 0.001953 0.001953
0 0.180664 0.000977 0.001953 0.001953
1 0.155273 0.001953 0.013672 0.003906
1 0.293945 0.345703 0.587891 0.691406
1 0.041016 0.005859 0.011719 0.011719
1 0.014648 0.003906 0.009766 0.007812
3 0.782227 0.999023 0.001953 0.001953
3 0.778320 0.997070 0.001953 0.001953
3 0.946289 0.997070 0.013672 0.005859
3 0.944336 0.991211 0.001953 0.001953
2 0.000977 0.859375 0.001953 0.003906
3 0.041992 0.684570 0.001953 0.001953
3 0.027344 0.667969 0.007812 0.007812
3 0.037109 0.660156 0.003906 0.007812
3 0.028320 0.659180 0.001953 0.005859
3 0.040039 0.645508 0.005859 0.001953
3 0.034180 0.645508 0.001953 0.001953
3 0.030273 0.645508 0.001953 0.001953
3 0.065430 0.624023 0.001953 0.001953
3 0.088867 0.616211 0.001953 0.001953
3 0.032227 0.616211 0.001953 0.001953
3 0.092773 0.614258 0.001953 0.001953
3 0.028320 0.601562 0.001953 0.003906
3 0.067383 0.598633 0.001953 0.001953
3 0.086914 0.584961 0.001953 0.001953
3 0.043945 0.545898 0.001953 0.001953
3 0.024414 0.507812 0.005859 0.003906
3 0.013672 0.508789 0.011719 0.005859
3 0.047852 0.500977 0.001953 0.001953
3 0.024414 0.477539 0.001953 0.001953
3 0.034180 0.475586 0.001953 0.001953
3 0.078125 0.414062 0.003906 0.003906
3 0.129883 0.360352 0.001953 0.001953
3 0.099609 0.361328 0.007812 0.003906
3 0.088867 0.359375 0.005859 0.003906
3 0.080078 0.345703 0.023438 0.007812
3 0.066406 0.338867 0.003906 0.001953
3 0.110352 0.319336 0.001953 0.001953
3 0.106445 0.315430 0.001953 0.001953
3 0.117188 0.305664 0.003906 0.005859
3 0.124023 0.298828 0.001953 0.003906
3 0.006836 0.297852 0.001953 0.001953
3 0.151367 0.288086 0.001953 0.001953
3 0.147461 0.286133 0.001953 0.001953
3 0.162109 0.263672 0.003906 0.007812
3 0.381836 0.245117 0.001953 0.001953
3 0.010742 0.235352 0.001953 0.001953
3 0.088867 0.233398 0.001953 0.001953
3 0.079102 0.327148 0.158203 0.189453
2 0.139648 0.231445 0.001953 0.001953
3 0.108398 0.229492 0.001953 0.001953
3 0.152344 0.223633 0.003906 0.001953
3 0.138672 0.224609 0.003906 0.003906
3 0.141602 0.219727 0.009766 0.001953
3 0.165039 0.218750 0.001953 0.003906
3 0.137695 0.214844 0.005859 0.003906
2 0.165039 0.208984 0.001953 0.003906
3 0.067383 0.208008 0.001953 0.001953
3 0.241211 0.200195 0.001953 0.001953
3 0.265625 0.194336 0.003906 0.001953
3 0.360352 0.163086 0.001953 0.001953
3 0.088867 0.129883 0.001953 0.001953
3 0.174805 0.127930 0.001953 0.001953
3 0.379883 0.125977 0.001953 0.001953
3 0.375977 0.124023 0.001953 0.001953
3 0.134766 0.125000 0.003906 0.003906
3 0.389648 0.122070 0.001953 0.001953
3 0.393555 0.120117 0.001953 0.001953
3 0.376953 0.120117 0.003906 0.001953
3 0.467773 0.116211 0.001953 0.001953
3 0.231445 0.114258 0.001953 0.001953
3 0.459961 0.113281 0.001953 0.003906
3 0.448242 0.112305 0.001953 0.001953
3 0.224609 0.112305 0.003906 0.001953
3 0.393555 0.110352 0.001953 0.001953
3 0.146484 0.171875 0.253906 0.125000
3 0.005859 0.136719 0.011719 0.054688
3 0.295898 0.112305 0.013672 0.009766
3 0.145508 0.108398 0.001953 0.001953
3 0.952148 0.106445 0.001953 0.001953
3 0.459961 0.107422 0.001953 0.003906
3 0.963867 0.102539 0.001953 0.001953
3 0.948242 0.100586 0.001953 0.001953
3 0.953125 0.099609 0.003906 0.003906
3 0.359375 0.100586 0.019531 0.013672
3 0.147461 0.094727 0.001953 0.001953
3 0.128906 0.109375 0.046875 0.035156
3 0.204102 0.090820 0.001953 0.001953
3 0.372070 0.091797 0.009766 0.007812
3 0.428711 0.083008 0.001953 0.001953
3 0.423828 0.083984 0.003906 0.003906
3 0.395508 0.096680 0.048828 0.029297
3 0.352539 0.090820 0.009766 0.017578
3 0.855469 0.082031 0.003906 0.003906
3 0.381836 0.081055 0.001953 0.001953
3 0.406250 0.080078 0.003906 0.003906
3 0.375000 0.082031 0.011719 0.007812
3 0.833984 0.077148 0.003906 0.001953
3 0.901367 0.075195 0.001953 0.001953
3 0.891602 0.073242 0.001953 0.001953
3 0.914062 0.072266 0.003906 0.003906
3 0.901367 0.071289 0.001953 0.001953
3 0.145508 0.075195 0.013672 0.009766
3 0.442383 0.069336 0.001953 0.001953
3 0.895508 0.066406 0.005859 0.003906
3 0.375977 0.065430 0.001953 0.001953
3 0.515625 0.064453 0.003906 0.003906
3 0.444336 0.063477 0.001953 0.001953
3 0.874023 0.071289 0.029297 0.021484
3 0.848633 0.061523 0.001953 0.001953
3 0.391602 0.065430 0.009766 0.009766
3 0.875977 0.059570 0.001953 0.001953
3 0.849609 0.071289 0.023438 0.025391
3 0.014648 0.059570 0.001953 0.001953
3 0.524414 0.057617 0.001953 0.001953
3 0.448242 0.055664 0.001953 0.001953
3 0.464844 0.058594 0.023438 0.011719
3 0.461914 0.051758 0.001953 0.001953
3 0.931641 0.051758 0.003906 0.005859
3 0.456055 0.049805 0.001953 0.001953
3 0.422852 0.047852 0.001953 0.001953
3 0.429688 0.046875 0.007812 0.003906
3 0.979492 0.043945 0.001953 0.001953
3 0.565430 0.043945 0.001953 0.001953
3 0.422852 0.043945 0.001953 0.001953
3 0.913086 0.040039 0.001953 0.001953
3 0.456055 0.038086 0.001953 0.001953
3 0.526367 0.041992 0.025391 0.013672
3 0.506836 0.034180 0.001953 0.001953
3 0.106445 0.034180 0.001953 0.001953
3 0.527344 0.032227 0.003906 0.001953
3 0.521484 0.032227 0.003906 0.001953
3 0.510742 0.034180 0.001953 0.005859
3 0.995117 0.035156 0.009766 0.011719
3 0.299805 0.030273 0.001953 0.001953
3 0.526367 0.028320 0.001953 0.001953
3 0.489258 0.028320 0.005859 0.001953
3 0.295898 0.029297 0.001953 0.003906
3 0.998047 0.026367 0.003906 0.001953
3 0.990234 0.022461 0.003906 0.001953
3 0.247070 0.020508 0.001953 0.001953
3 0.317383 0.012695 0.001953 0.001953
2 0.116211 0.012695 0.001953 0.001953
3 0.317383 0.008789 0.001953 0.001953
2 0.116211 0.006836 0.001953 0.001953
3 0.233398 0.002930 0.001953 0.001953
2 0.120117 0.002930 0.001953 0.001953
2 0.318359 0.000977 0.003906 0.001953
3 0.500000 0.500000 1.000000 1.000000
3 0.269531 0.004883 0.011719 0.009766
3 0.157227 0.050781 0.181641 0.101562
3 0.025391 0.036133 0.050781 0.072266