0 0.837891 0.994141 0.007812 0.007812
1 0.722656 0.990234 0.003906 0.003906
0 0.602539 0.989258 0.005859 0.009766
0 0.475586 0.992188 0.017578 0.015625
1 0.719727 0.979492 0.001953 0.001953
1 0.726562 0.980469 0.007812 0.007812
1 0.697266 0.988281 0.039062 0.023438
1 0.676758 0.975586 0.005859 0.005859
0 0.711914 0.971680 0.009766 0.009766
0 0.280273 0.961914 0.001953 0.001953
1 0.275391 0.956055 0.007812 0.009766
1 0.998047 0.950195 0.003906 0.001953
0 0.839844 0.970703 0.027344 0.042969
1 0.151367 0.948242 0.001953 0.001953
0 0.496094 0.945312 0.003906 0.003906
1 0.768555 0.925781 0.013672 0.007812
1 0.961914 0.923828 0.013672 0.011719
0 0.611328 0.924805 0.019531 0.021484
0 0.608398 0.913086 0.001953 0.001953
0 0.916016 0.897461 0.007812 0.005859
0 0.465820 0.898438 0.013672 0.011719
1 0.999023 0.891602 0.001953 0.013672
0 0.490234 0.912109 0.035156 0.058594
0 0.522461 0.886719 0.009766 0.015625
0 0.488281 0.881836 0.007812 0.005859
0 0.909180 0.877930 0.009766 0.009766
0 0.913086 0.870117 0.001953 0.001953
1 0.811523 0.864258 0.001953 0.001953
0 0.527344 0.866211 0.003906 0.005859
0 0.551758 0.862305 0.001953 0.001953
0 0.541992 0.863281 0.013672 0.007812
1 0.920898 0.857422 0.001953 0.003906
1 0.081055 0.857422 0.001953 0.003906
0 0.017578 0.856445 0.007812 0.005859
1 0.053711 0.848633 0.001953 0.001953
1 0.049805 0.848633 0.001953 0.001953
0 0.598633 0.846680 0.001953 0.001953
0 0.014648 0.848633 0.005859 0.005859
0 0.008789 0.846680 0.001953 0.001953
0 0.599609 0.841797 0.003906 0.003906
1 0.313477 0.841797 0.017578 0.015625
1 0.654297 0.833008 0.011719 0.009766
0 0.999023 0.825195 0.001953 0.001953
0 0.861328 0.827148 0.011719 0.005859
0 0.026367 0.818359 0.005859 0.003906
1 0.327148 0.815430 0.001953 0.001953
0 0.219727 0.813477 0.001953 0.001953
0 0.231445 0.812500 0.009766 0.011719
0 0.219727 0.808594 0.005859 0.003906
0 0.043945 0.807617 0.001953 0.001953
1 0.892578 0.805664 0.003906 0.001953
0 0.257812 0.806641 0.003906 0.007812
1 0.758789 0.802734 0.001953 0.003906
1 0.750977 0.797852 0.001953 0.001953
0 0.029297 0.800781 0.007812 0.007812
0 0.973633 0.801758 0.013672 0.013672
0 0.559570 0.795898 0.001953 0.001953
0 0.587891 0.798828 0.015625 0.011719
1 0.081055 0.836914 0.087891 0.099609
0 0.855469 0.786133 0.015625 0.009766
0 0.281250 0.780273 0.003906 0.005859
0 0.583984 0.781250 0.007812 0.011719
0 0.042969 0.785156 0.015625 0.019531
0 0.872070 0.775391 0.001953 0.003906
0 0.883789 0.771484 0.005859 0.007812
0 0.052734 0.771484 0.011719 0.007812
0 0.747070 0.768555 0.005859 0.005859
0 0.598633 0.773438 0.025391 0.019531
0 0.577148 0.762695 0.001953 0.001953
1 0.744141 0.752930 0.003906 0.001953
1 0.684570 0.747070 0.001953 0.001953
1 0.684570 0.741211 0.001953 0.001953
1 0.500000 0.743164 0.007812 0.005859
0 0.202148 0.740234 0.017578 0.011719
1 0.677734 0.717773 0.003906 0.005859
1 0.616211 0.715820 0.001953 0.001953
1 0.594727 0.733398 0.041016 0.052734
1 0.675781 0.707031 0.007812 0.007812
0 0.174805 0.700195 0.005859 0.005859
0 0.166016 0.697266 0.003906 0.003906
0 0.183594 0.694336 0.003906 0.001953
1 0.720703 0.706055 0.015625 0.033203
1 0.884766 0.679688 0.003906 0.003906
0 0.187500 0.679688 0.003906 0.003906
1 0.491211 0.666016 0.001953 0.003906
1 0.487305 0.664062 0.001953 0.003906
1 0.483398 0.663086 0.001953 0.001953
0 0.165039 0.671875 0.041016 0.039062
0 0.870117 0.653320 0.005859 0.005859
0 0.870117 0.647461 0.001953 0.001953
0 0.861328 0.641602 0.011719 0.005859
1 0.650391 0.641602 0.007812 0.009766
0 0.401367 0.638672 0.001953 0.003906
0 0.186523 0.637695 0.009766 0.005859
0 0.141602 0.641602 0.009766 0.013672
1 0.196289 0.631836 0.001953 0.001953
0 0.185547 0.627930 0.003906 0.005859
0 0.150391 0.626953 0.007812 0.015625
0 0.881836 0.629883 0.029297 0.025391
0 0.791016 0.624023 0.007812 0.025391
1 0.330078 0.613281 0.003906 0.003906
1 0.322266 0.614258 0.003906 0.005859
0 0.874023 0.610352 0.001953 0.001953
0 0.007812 0.617188 0.015625 0.015625
1 0.977539 0.608398 0.001953 0.001953
0 0.418945 0.627930 0.072266 0.048828
1 0.255859 0.606445 0.007812 0.009766
0 0.642578 0.601562 0.003906 0.007812
0 0.858398 0.601562 0.025391 0.023438
0 0.159180 0.592773 0.013672 0.025391
0 0.656250 0.593750 0.019531 0.035156
1 0.344727 0.570312 0.005859 0.007812
0 0.649414 0.565430 0.001953 0.001953
0 0.145508 0.566406 0.005859 0.007812
0 0.880859 0.555664 0.003906 0.005859
1 0.604492 0.557617 0.009766 0.013672
0 0.862305 0.545898 0.001953 0.001953
1 0.805664 0.545898 0.001953 0.001953
1 0.283203 0.547852 0.007812 0.005859
1 0.011719 0.561523 0.023438 0.033203
1 0.998047 0.542969 0.003906 0.003906
0 0.862305 0.541992 0.001953 0.001953
0 0.829102 0.568359 0.052734 0.054688
0 0.960938 0.542969 0.007812 0.007812
1 0.172852 0.537109 0.005859 0.003906
1 0.166992 0.536133 0.001953 0.001953
1 0.172852 0.532227 0.005859 0.001953
1 0.998047 0.533203 0.003906 0.007812
1 0.163086 0.531250 0.009766 0.003906
1 0.643555 0.540039 0.048828 0.029297
1 0.386719 0.526367 0.003906 0.001953
1 0.773438 0.525391 0.007812 0.003906
0 0.876953 0.531250 0.015625 0.019531
1 0.768555 0.522461 0.005859 0.001953
0 0.292969 0.535156 0.023438 0.027344
0 0.971680 0.524414 0.013672 0.009766
1 0.768555 0.518555 0.001953 0.001953
1 0.304688 0.517578 0.003906 0.003906
1 0.133789 0.511719 0.009766 0.003906
0 0.862305 0.512695 0.009766 0.009766
1 0.594727 0.510742 0.005859 0.005859
0 0.952148 0.501953 0.005859 0.003906
0 0.223633 0.499023 0.001953 0.001953
0 0.958984 0.498047 0.003906 0.003906
0 0.956055 0.493164 0.001953 0.001953
1 0.357422 0.493164 0.003906 0.001953
0 0.926758 0.490234 0.001953 0.003906
1 0.680664 0.489258 0.001953 0.001953
0 0.255859 0.507812 0.058594 0.042969
1 0.679688 0.485352 0.003906 0.001953
0 0.862305 0.494141 0.013672 0.027344
0 0.573242 0.463867 0.001953 0.001953
1 0.842773 0.461914 0.001953 0.001953
1 0.837891 0.463867 0.003906 0.005859
0 0.902344 0.471680 0.015625 0.025391
0 0.618164 0.465820 0.013672 0.013672
0 0.290039 0.460938 0.009766 0.011719
1 0.947266 0.451172 0.003906 0.003906
1 0.942383 0.448242 0.001953 0.001953
0 0.231445 0.446289 0.001953 0.001953
1 0.942383 0.444336 0.001953 0.001953
0 0.583008 0.452148 0.021484 0.017578
1 0.844727 0.440430 0.001953 0.001953
0 0.848633 0.441406 0.009766 0.011719
0 0.844727 0.434570 0.001953 0.001953
0 0.232422 0.439453 0.007812 0.011719
1 0.293945 0.440430 0.021484 0.021484
1 0.290039 0.428711 0.001953 0.001953
1 0.286133 0.424805 0.001953 0.001953
1 0.272461 0.424805 0.001953 0.001953
1 0.943359 0.424805 0.003906 0.013672
1 0.277344 0.420898 0.007812 0.005859
1 0.940430 0.415039 0.001953 0.001953
1 0.616211 0.401367 0.001953 0.001953
1 0.928711 0.398438 0.001953 0.003906
0 0.624023 0.402344 0.005859 0.011719
0 0.573242 0.397461 0.013672 0.009766
0 0.809570 0.389648 0.001953 0.001953
0 0.750977 0.390625 0.013672 0.011719
0 0.777344 0.392578 0.031250 0.019531
1 0.248047 0.383789 0.003906 0.001953
0 0.911133 0.377930 0.001953 0.001953
0 0.735352 0.381836 0.009766 0.009766
1 0.092773 0.380859 0.005859 0.007812
0 0.900391 0.377930 0.011719 0.005859
0 0.810547 0.380859 0.007812 0.011719
0 0.800781 0.376953 0.007812 0.003906
1 0.100586 0.375977 0.001953 0.001953
0 0.834961 0.382812 0.025391 0.019531
0 0.912109 0.373047 0.003906 0.003906
0 0.566406 0.375000 0.011719 0.007812
1 0.743164 0.368164 0.001953 0.001953
0 0.784180 0.364258 0.013672 0.005859
0 0.944336 0.354492 0.001953 0.001953
0 0.944336 0.350586 0.001953 0.001953
1 0.619141 0.368164 0.023438 0.037109
0 0.917969 0.353516 0.039062 0.023438
0 0.049805 0.335938 0.001953 0.003906
0 0.830078 0.345703 0.054688 0.027344
1 0.454102 0.330078 0.009766 0.003906
0 0.044922 0.329102 0.003906 0.005859
0 0.932617 0.327148 0.005859 0.009766
1 0.457031 0.324219 0.011719 0.003906
1 0.180664 0.311523 0.001953 0.001953
1 0.176758 0.311523 0.001953 0.001953
0 0.036133 0.313477 0.005859 0.009766
0 0.924805 0.311523 0.005859 0.013672
0 0.843750 0.301758 0.003906 0.005859
1 0.510742 0.295898 0.001953 0.001953
0 0.803711 0.299805 0.037109 0.025391
0 0.854492 0.286133 0.001953 0.001953
1 0.509766 0.288086 0.003906 0.005859
1 0.143555 0.284180 0.001953 0.001953
0 0.925781 0.291016 0.019531 0.019531
1 0.510742 0.282227 0.001953 0.001953
0 0.871094 0.280273 0.003906 0.001953
0 0.820312 0.282227 0.003906 0.005859
1 0.297852 0.276367 0.001953 0.001953
0 0.883789 0.279297 0.013672 0.015625
1 0.290039 0.282227 0.009766 0.021484
0 0.845703 0.278320 0.015625 0.021484
0 0.832031 0.270508 0.007812 0.005859
1 0.169922 0.290039 0.050781 0.044922
0 0.665039 0.280273 0.029297 0.029297
0 0.800781 0.271484 0.011719 0.019531
0 0.846680 0.262695 0.005859 0.005859
1 0.028320 0.260742 0.001953 0.001953
0 0.795898 0.258789 0.001953 0.001953
1 0.024414 0.258789 0.001953 0.001953
1 0.729492 0.254883 0.001953 0.001953
1 0.727539 0.261719 0.017578 0.015625
0 0.790039 0.250977 0.001953 0.001953
0 0.802734 0.250000 0.003906 0.003906
1 0.754883 0.249023 0.001953 0.001953
1 0.743164 0.253906 0.017578 0.019531
0 0.065430 0.245117 0.005859 0.009766
1 0.067383 0.235352 0.001953 0.001953
1 0.642578 0.222656 0.003906 0.003906
0 0.616211 0.227539 0.009766 0.013672
0 0.847656 0.220703 0.003906 0.003906
0 0.633789 0.218750 0.009766 0.011719
1 0.057617 0.197266 0.005859 0.015625
0 0.866211 0.180664 0.001953 0.001953
1 0.521484 0.173828 0.007812 0.011719
1 0.001953 0.169922 0.003906 0.003906
1 0.514648 0.147461 0.001953 0.001953
1 0.798828 0.142578 0.003906 0.003906
1 0.513672 0.140625 0.003906 0.003906
0 0.633789 0.139648 0.025391 0.021484
0 0.832031 0.125000 0.011719 0.003906
0 0.120117 0.124023 0.005859 0.009766
1 0.033203 0.122070 0.007812 0.005859
0 0.623047 0.124023 0.015625 0.013672
1 0.135742 0.110352 0.001953 0.001953
1 0.126953 0.107422 0.011719 0.007812
1 0.600586 0.100586 0.005859 0.001953
0 0.754883 0.096680 0.001953 0.001953
0 0.737305 0.098633 0.009766 0.005859
1 0.144531 0.103516 0.023438 0.023438
0 0.051758 0.081055 0.001953 0.001953
0 0.718750 0.086914 0.023438 0.025391
1 0.491211 0.071289 0.001953 0.001953
0 0.025391 0.073242 0.007812 0.009766
1 0.209961 0.058594 0.001953 0.003906
1 0.971680 0.053711 0.001953 0.001953
1 0.870117 0.056641 0.005859 0.007812
0 0.771484 0.052734 0.003906 0.003906
1 0.198242 0.051758 0.001953 0.001953
1 0.438477 0.043945 0.001953 0.001953
1 0.198242 0.044922 0.001953 0.003906
1 0.952148 0.041992 0.001953 0.001953
1 0.859375 0.049805 0.007812 0.017578
1 0.961914 0.051758 0.013672 0.025391
1 0.393555 0.040039 0.001953 0.001953
1 0.387695 0.044922 0.009766 0.011719
1 0.436523 0.039062 0.001953 0.003906
1 0.200195 0.041992 0.009766 0.009766
0 0.069336 0.052734 0.033203 0.035156
1 0.377930 0.034180 0.001953 0.001953
0 0.016602 0.033203 0.001953 0.003906
0 0.810547 0.043945 0.039062 0.029297
1 0.860352 0.028320 0.001953 0.001953
1 0.202148 0.026367 0.001953 0.001953
0 0.013672 0.023438 0.003906 0.007812
1 0.668945 0.018555 0.001953 0.001953
0 0.773438 0.025391 0.019531 0.023438
1 0.602539 0.012695 0.001953 0.001953
1 0.648438 0.013672 0.007812 0.007812
1 0.410156 0.008789 0.003906 0.001953
1 0.235352 0.008789 0.001953 0.001953
1 0.641602 0.006836 0.001953 0.001953
1 0.666992 0.002930 0.001953 0.001953
1 0.348633 0.005859 0.005859 0.007812
1 0.839844 0.007812 0.019531 0.015625
1 0.833008 0.001953 0.001953 0.003906
1 0.649414 0.000977 0.001953 0.001953
1 0.642578 0.000977 0.003906 0.001953
1 0.614258 0.003906 0.021484 0.007812
1 0.600586 0.000977 0.001953 0.001953
1 0.521484 0.005859 0.007812 0.011719
1 0.495117 0.001953 0.017578 0.003906
1 0.482422 0.000977 0.003906 0.001953
1 0.461914 0.002930 0.009766 0.005859
1 0.228516 0.001953 0.007812 0.003906
1 0.221680 0.000977 0.001953 0.001953
3 0.687500 0.998047 0.003906 0.003906
3 0.692383 0.996094 0.001953 0.003906
2 0.000977 0.616211 0.001953 0.005859
3 0.612305 0.002930 0.001953 0.001953
3 0.500000 0.500000 1.000000 1.000000