2 0.562500 0.998047 0.003906 0.003906
2 0.541992 0.997070 0.001953 0.001953
2 0.672852 0.994141 0.005859 0.003906
2 0.541992 0.991211 0.005859 0.005859
2 0.661133 0.985352 0.001953 0.001953
2 0.608398 0.961914 0.001953 0.001953
2 0.637695 0.959961 0.001953 0.001953
2 0.700195 0.958008 0.001953 0.001953
2 0.620117 0.954102 0.001953 0.001953
2 0.018555 0.952148 0.001953 0.001953
2 0.025391 0.975586 0.050781 0.048828
2 0.006836 0.950195 0.001953 0.001953
2 0.613281 0.949219 0.007812 0.007812
2 0.622070 0.942383 0.001953 0.005859
2 0.622070 0.936523 0.001953 0.001953
2 0.571289 0.915039 0.005859 0.005859
2 0.587891 0.886719 0.003906 0.003906
2 0.923828 0.938477 0.152344 0.123047
2 0.972656 0.881836 0.007812 0.009766
2 0.772461 0.866211 0.001953 0.001953
2 0.333008 0.866211 0.001953 0.001953
2 0.325195 0.862305 0.005859 0.005859
2 0.905273 0.858398 0.001953 0.001953
2 0.359375 0.865234 0.042969 0.039062
2 0.030273 0.846680 0.001953 0.001953
2 0.036133 0.846680 0.005859 0.005859
2 0.904297 0.847656 0.007812 0.015625
2 0.613281 0.840820 0.007812 0.009766
2 0.908203 0.832031 0.003906 0.003906
2 0.782227 0.848633 0.037109 0.044922
2 0.879883 0.843750 0.029297 0.042969
2 0.801758 0.824219 0.005859 0.003906
2 0.658203 0.826172 0.011719 0.011719
2 0.647461 0.903320 0.119141 0.169922
2 0.793945 0.820312 0.005859 0.007812
2 0.635742 0.815430 0.001953 0.001953
2 0.323242 0.825195 0.021484 0.021484
2 0.781250 0.820312 0.019531 0.015625
2 0.647461 0.814453 0.013672 0.007812
2 0.359375 0.813477 0.011719 0.005859
2 0.989258 0.811523 0.005859 0.005859
2 0.782227 0.805664 0.001953 0.001953
2 0.778320 0.803711 0.001953 0.001953
2 0.791016 0.805664 0.007812 0.009766
2 0.794922 0.797852 0.003906 0.001953
2 0.785156 0.799805 0.007812 0.005859
2 0.891602 0.791016 0.009766 0.003906
2 0.902344 0.790039 0.007812 0.009766
2 0.944336 0.782227 0.001953 0.001953
2 0.077148 0.780273 0.001953 0.001953
2 0.073242 0.780273 0.001953 0.001953
2 0.964844 0.779297 0.003906 0.003906
2 0.106445 0.768555 0.001953 0.001953
2 0.973633 0.779297 0.009766 0.027344
2 0.281250 0.771484 0.011719 0.011719
2 0.067383 0.766602 0.001953 0.001953
2 0.962891 0.768555 0.003906 0.009766
2 0.099609 0.767578 0.003906 0.007812
2 0.081055 0.770508 0.009766 0.013672
2 0.069336 0.762695 0.001953 0.001953
2 0.432617 0.758789 0.001953 0.001953
2 0.847656 0.770508 0.007812 0.029297
2 0.429688 0.752930 0.003906 0.005859
2 0.991211 0.772461 0.017578 0.056641
2 0.846680 0.735352 0.001953 0.001953
2 0.332031 0.736328 0.003906 0.003906
2 0.416016 0.728516 0.003906 0.003906
2 0.854492 0.725586 0.001953 0.001953
2 0.339844 0.726562 0.003906 0.003906
2 0.334961 0.723633 0.001953 0.001953
2 0.355469 0.767578 0.136719 0.105469
2 0.127930 0.715820 0.001953 0.001953
2 0.270508 0.707031 0.009766 0.007812
2 0.909180 0.698242 0.001953 0.005859
2 0.907227 0.690430 0.001953 0.001953
2 0.335938 0.693359 0.015625 0.007812
2 0.325195 0.690430 0.001953 0.001953
2 0.334961 0.688477 0.001953 0.001953
2 0.886719 0.738281 0.062500 0.121094
2 0.517578 0.688477 0.019531 0.029297
2 0.502930 0.668945 0.001953 0.001953
2 0.499023 0.668945 0.001953 0.001953
2 0.256836 0.668945 0.001953 0.001953
2 0.873047 0.667969 0.003906 0.003906
2 0.494141 0.664062 0.003906 0.003906
2 0.256836 0.653320 0.001953 0.001953
2 0.790039 0.651367 0.001953 0.001953
2 0.903320 0.649414 0.001953 0.001953
2 0.241211 0.639648 0.001953 0.001953
2 0.457031 0.630859 0.003906 0.003906
2 0.142578 0.624023 0.003906 0.001953
2 0.592773 0.620117 0.001953 0.001953
2 0.274414 0.612305 0.001953 0.001953
2 0.220703 0.614258 0.011719 0.005859
2 0.008789 0.608398 0.001953 0.001953
2 0.219727 0.607422 0.005859 0.003906
2 0.267578 0.605469 0.003906 0.003906
2 0.303711 0.598633 0.001953 0.001953
2 0.590820 0.613281 0.033203 0.035156
2 0.282227 0.596680 0.001953 0.001953
2 0.593750 0.597656 0.003906 0.007812
2 0.268555 0.593750 0.005859 0.007812
2 0.265625 0.585938 0.003906 0.003906
2 0.747070 0.619141 0.064453 0.074219
2 0.672852 0.587891 0.005859 0.015625
2 0.279297 0.581055 0.007812 0.005859
2 0.641602 0.604492 0.060547 0.060547
2 0.665039 0.573242 0.005859 0.005859
2 0.998047 0.573242 0.003906 0.009766
2 0.734375 0.569336 0.011719 0.009766
2 0.981445 0.553711 0.001953 0.001953
2 0.749023 0.551758 0.001953 0.001953
2 0.721680 0.546875 0.013672 0.019531
2 0.639648 0.528320 0.001953 0.001953
2 0.996094 0.544922 0.007812 0.042969
2 0.596680 0.522461 0.001953 0.001953
2 0.598633 0.516602 0.001953 0.005859
2 0.602539 0.504883 0.005859 0.013672
2 0.604492 0.495117 0.001953 0.001953
2 0.323242 0.481445 0.001953 0.001953
2 0.899414 0.570312 0.130859 0.187500
2 0.572266 0.475586 0.003906 0.001953
2 0.041992 0.474609 0.001953 0.003906
2 0.012695 0.508789 0.025391 0.072266
2 0.016602 0.469727 0.001953 0.001953
2 0.992188 0.482422 0.015625 0.035156
2 0.659180 0.480469 0.072266 0.078125
2 0.438477 0.442383 0.001953 0.001953
2 0.571289 0.440430 0.001953 0.001953
2 0.655273 0.438477 0.001953 0.001953
2 0.674805 0.428711 0.001953 0.001953
2 0.920898 0.424805 0.001953 0.001953
2 0.438477 0.420898 0.005859 0.005859
2 0.801758 0.416016 0.001953 0.003906
2 0.440430 0.413086 0.001953 0.001953
2 0.304688 0.413086 0.003906 0.001953
2 0.936523 0.414062 0.005859 0.007812
2 0.460938 0.413086 0.003906 0.005859
2 0.309570 0.411133 0.001953 0.001953
2 0.999023 0.410156 0.001953 0.003906
2 0.069336 0.405273 0.001953 0.001953
2 0.997070 0.403320 0.005859 0.005859
2 0.810547 0.425781 0.031250 0.054688
2 0.123047 0.394531 0.007812 0.007812
2 0.999023 0.391602 0.001953 0.005859
2 0.435547 0.394531 0.007812 0.011719
2 0.305664 0.387695 0.001953 0.001953
2 0.589844 0.385742 0.003906 0.001953
2 0.817383 0.384766 0.005859 0.007812
2 0.998047 0.381836 0.003906 0.005859
2 0.117188 0.378906 0.011719 0.003906
2 0.073242 0.374023 0.005859 0.005859
2 0.506836 0.500000 0.185547 0.324219
2 0.823242 0.333984 0.001953 0.003906
2 0.341797 0.325195 0.003906 0.005859
2 0.204102 0.323242 0.001953 0.001953
2 0.330078 0.322266 0.003906 0.003906
2 0.206055 0.317383 0.001953 0.001953
2 0.324219 0.315430 0.003906 0.005859
2 0.694336 0.312500 0.001953 0.003906
2 0.034180 0.305664 0.001953 0.001953
2 0.387695 0.291992 0.001953 0.001953
2 0.217773 0.291992 0.001953 0.001953
2 0.991211 0.290039 0.001953 0.001953
2 0.654297 0.322266 0.078125 0.070312
2 0.195312 0.576172 0.390625 0.585938
2 0.208008 0.280273 0.001953 0.001953
2 0.164062 0.280273 0.003906 0.001953
2 0.077148 0.281250 0.005859 0.003906
2 0.590820 0.276367 0.001953 0.001953
2 0.166992 0.276367 0.001953 0.001953
2 0.487305 0.284180 0.017578 0.021484
2 0.243164 0.270508 0.001953 0.001953
2 0.460938 0.278320 0.027344 0.033203
2 0.088867 0.260742 0.001953 0.001953
2 0.270508 0.257812 0.005859 0.007812
2 0.481445 0.252930 0.005859 0.013672
2 0.720703 0.246094 0.003906 0.007812
2 0.576172 0.242188 0.003906 0.007812
2 0.984375 0.262695 0.031250 0.056641
2 0.548828 0.235352 0.003906 0.001953
2 0.556641 0.231445 0.007812 0.005859
2 0.110352 0.227539 0.001953 0.001953
2 0.522461 0.211914 0.001953 0.001953
2 0.125977 0.212891 0.001953 0.003906
2 0.730469 0.231445 0.023438 0.044922
2 0.795898 0.210938 0.013672 0.007812
2 0.731445 0.208008 0.001953 0.001953
2 0.733398 0.202148 0.001953 0.001953
2 0.573242 0.203125 0.001953 0.007812
2 0.733398 0.197266 0.005859 0.003906
2 0.387695 0.248047 0.080078 0.105469
2 0.777344 0.231445 0.062500 0.083984
2 0.561523 0.181641 0.005859 0.003906
2 0.286133 0.178711 0.001953 0.001953
2 0.065430 0.176758 0.001953 0.001953
2 0.511719 0.176758 0.007812 0.005859
2 0.375977 0.174805 0.001953 0.001953
2 0.301758 0.176758 0.013672 0.009766
2 0.283203 0.173828 0.003906 0.003906
2 0.158203 0.168945 0.007812 0.005859
2 0.159180 0.270508 0.240234 0.220703
2 0.504883 0.157227 0.001953 0.001953
2 0.323242 0.164062 0.005859 0.015625
2 0.166992 0.154297 0.005859 0.007812
2 0.065430 0.161133 0.029297 0.029297
2 0.172852 0.145508 0.005859 0.009766
2 0.143555 0.140625 0.001953 0.003906
2 0.114258 0.116211 0.001953 0.001953
2 0.885742 0.110352 0.001953 0.001953
2 0.887695 0.106445 0.001953 0.001953
2 0.978516 0.149414 0.042969 0.095703
2 0.915039 0.103516 0.005859 0.003906
2 0.897461 0.100586 0.013672 0.005859
2 0.343750 0.128906 0.058594 0.062500
2 0.177734 0.094727 0.007812 0.009766
2 0.152344 0.112305 0.058594 0.048828
2 0.849609 0.079102 0.003906 0.001953
2 0.884766 0.077148 0.003906 0.001953
2 0.874023 0.074219 0.001953 0.003906
2 0.954102 0.067383 0.001953 0.005859
2 0.884766 0.060547 0.007812 0.023438
2 0.571289 0.041016 0.001953 0.003906
2 0.563477 0.040039 0.005859 0.009766
2 0.573242 0.034180 0.001953 0.001953
2 0.528320 0.034180 0.001953 0.001953
2 0.506836 0.130859 0.126953 0.195312
2 0.920898 0.062500 0.056641 0.066406
2 0.617188 0.041016 0.015625 0.023438
2 0.624023 0.026367 0.001953 0.001953
2 0.896484 0.033203 0.007812 0.019531
2 0.938477 0.029297 0.013672 0.015625
2 0.579102 0.012695 0.001953 0.001953
2 0.237305 0.010742 0.001953 0.001953
2 0.561523 0.008789 0.001953 0.001953
2 0.891602 0.008789 0.001953 0.005859
2 0.991211 0.007812 0.017578 0.015625
2 0.608398 0.019531 0.064453 0.039062
2 0.564453 0.000977 0.003906 0.001953
2 0.534180 0.020508 0.048828 0.041016
2 0.500977 0.002930 0.005859 0.005859
2 0.233398 0.004883 0.080078 0.009766
3 0.993164 0.985352 0.013672 0.013672
3 0.999023 0.975586 0.001953 0.001953
3 0.872070 0.974609 0.009766 0.011719
3 0.960938 0.923828 0.003906 0.003906
3 0.963867 0.918945 0.001953 0.001953
3 0.968750 0.914062 0.003906 0.003906
3 0.116211 0.849609 0.001953 0.003906
3 0.063477 0.833008 0.013672 0.005859
3 0.081055 0.830078 0.005859 0.003906
3 0.077148 0.825195 0.001953 0.001953
3 0.069336 0.823242 0.009766 0.005859
3 0.098633 0.817383 0.001953 0.001953
3 0.057617 0.813477 0.013672 0.013672
3 0.186523 0.604492 0.001953 0.001953
3 0.190430 0.602539 0.001953 0.001953
3 0.167969 0.602539 0.003906 0.001953
3 0.366211 0.586914 0.001953 0.001953
3 0.350586 0.587891 0.009766 0.003906
3 0.208008 0.588867 0.005859 0.005859
3 0.366211 0.580078 0.005859 0.003906
3 0.993164 0.491211 0.001953 0.001953
3 0.012695 0.487305 0.001953 0.001953
3 0.276367 0.403320 0.017578 0.013672
3 0.306641 0.360352 0.003906 0.005859
3 0.975586 0.194336 0.001953 0.001953
3 0.627930 0.008789 0.009766 0.013672
3 0.586914 0.002930 0.001953 0.001953
3 0.592773 0.000977 0.001953 0.001953
3 0.500000 0.500000 1.000000 1.000000