1 0.996094 0.997070 0.007812 0.005859
1 0.987305 0.995117 0.005859 0.009766
1 0.943359 0.988281 0.003906 0.003906
1 0.813477 0.981445 0.001953 0.001953
1 0.180664 0.981445 0.001953 0.001953
1 0.809570 0.979492 0.001953 0.001953
1 0.061523 0.984375 0.009766 0.015625
1 0.234375 0.980469 0.003906 0.011719
1 0.137695 0.976562 0.001953 0.003906
1 0.147461 0.971680 0.001953 0.001953
1 0.039062 0.978516 0.027344 0.015625
1 0.374023 0.969727 0.001953 0.001953
1 0.848633 0.968750 0.001953 0.003906
1 0.370117 0.967773 0.001953 0.001953
1 0.144531 0.968750 0.003906 0.003906
1 0.120117 0.974609 0.021484 0.023438
1 0.847656 0.961914 0.003906 0.001953
1 0.428711 0.959961 0.001953 0.001953
1 0.169922 0.966797 0.023438 0.015625
1 0.838867 0.958008 0.001953 0.001953
1 0.001953 0.958984 0.003906 0.003906
1 0.998047 0.957031 0.003906 0.007812
1 0.833984 0.952148 0.003906 0.005859
1 0.187500 0.952148 0.003906 0.005859
1 0.530273 0.946289 0.001953 0.001953
1 0.128906 0.943359 0.003906 0.003906
1 0.524414 0.938477 0.001953 0.001953
1 0.772461 0.941406 0.013672 0.023438
1 0.401367 0.930664 0.001953 0.001953
1 0.402344 0.926758 0.003906 0.001953
0 0.286133 0.922852 0.001953 0.001953
1 0.486328 0.942383 0.031250 0.044922
1 0.138672 0.934570 0.015625 0.033203
1 0.372070 0.920898 0.017578 0.017578
1 0.230469 0.916016 0.007812 0.007812
1 0.200195 0.916992 0.009766 0.009766
1 0.193359 0.914062 0.003906 0.003906
1 0.153320 0.913086 0.001953 0.001953
1 0.544922 0.912109 0.003906 0.003906
1 0.370117 0.911133 0.001953 0.001953
1 0.350586 0.911133 0.001953 0.001953
1 0.166992 0.912109 0.001953 0.003906
1 0.032227 0.911133 0.001953 0.001953
1 0.760742 0.918945 0.013672 0.021484
1 0.721680 0.916016 0.009766 0.015625
1 0.145508 0.912109 0.005859 0.007812
1 0.543945 0.907227 0.001953 0.001953
1 0.158203 0.908203 0.003906 0.003906
1 0.532227 0.906250 0.001953 0.003906
1 0.527344 0.906250 0.003906 0.003906
1 0.935547 0.912109 0.015625 0.019531
1 0.555664 0.905273 0.005859 0.005859
1 0.538086 0.908203 0.005859 0.011719
0 0.244141 0.904297 0.003906 0.003906
1 0.010742 0.923828 0.021484 0.050781
1 0.732422 0.899414 0.003906 0.005859
0 0.341797 0.905273 0.015625 0.017578
1 0.596680 0.895508 0.001953 0.001953
1 0.522461 0.896484 0.005859 0.003906
1 0.512695 0.892578 0.001953 0.003906
1 0.031250 0.895508 0.003906 0.009766
1 0.519531 0.889648 0.003906 0.005859
1 0.005859 0.889648 0.003906 0.005859
1 0.790039 0.885742 0.001953 0.001953
1 0.038086 0.885742 0.001953 0.001953
1 0.176758 0.884766 0.001953 0.003906
1 0.477539 0.884766 0.009766 0.007812
1 0.237305 0.891602 0.021484 0.021484
1 0.985352 0.886719 0.005859 0.015625
0 0.352539 0.883789 0.009766 0.009766
1 0.181641 0.883789 0.011719 0.009766
1 0.613281 0.885742 0.027344 0.025391
1 0.674805 0.875977 0.005859 0.009766
1 0.451172 0.876953 0.011719 0.011719
0 0.495117 0.872070 0.005859 0.009766
1 0.176758 0.869141 0.005859 0.003906
0 0.473633 0.862305 0.001953 0.001953
1 0.397461 0.867188 0.009766 0.011719
1 0.012695 0.861328 0.001953 0.003906
1 0.741211 0.863281 0.009766 0.011719
0 0.375977 0.858398 0.001953 0.001953
1 0.012695 0.856445 0.001953 0.001953
1 0.703125 0.852539 0.003906 0.005859
1 0.036133 0.867188 0.041016 0.039062
1 0.047852 0.844727 0.001953 0.001953
1 0.711914 0.839844 0.005859 0.003906
0 0.186523 0.838867 0.001953 0.001953
1 0.081055 0.838867 0.001953 0.001953
1 0.268555 0.841797 0.005859 0.011719
1 0.226562 0.854492 0.066406 0.037109
0 0.374023 0.835938 0.001953 0.003906
1 0.266602 0.833008 0.001953 0.001953
1 0.502930 0.829102 0.001953 0.001953
0 0.500000 0.831055 0.007812 0.009766
0 0.321289 0.827148 0.001953 0.001953
0 0.174805 0.827148 0.001953 0.001953
0 0.103516 0.830078 0.011719 0.011719
0 0.069336 0.825195 0.001953 0.001953
1 0.000977 0.823242 0.001953 0.001953
0 0.313477 0.825195 0.005859 0.009766
1 0.298828 0.830078 0.019531 0.019531
0 0.067383 0.821289 0.001953 0.001953
0 0.040039 0.821289 0.001953 0.001953
1 0.385742 0.820312 0.005859 0.003906
1 0.011719 0.821289 0.015625 0.005859
1 0.704102 0.817383 0.001953 0.001953
1 0.119141 0.819336 0.003906 0.005859
1 0.803711 0.821289 0.005859 0.013672
1 0.505859 0.818359 0.003906 0.007812
1 0.087891 0.817383 0.007812 0.005859
0 0.034180 0.815430 0.001953 0.001953
0 0.043945 0.813477 0.001953 0.001953
1 0.750977 0.859375 0.091797 0.097656
1 0.378906 0.813477 0.003906 0.005859
0 0.359375 0.832031 0.039062 0.042969
0 0.349609 0.811523 0.003906 0.001953
1 0.511719 0.811523 0.003906 0.005859
0 0.491211 0.809570 0.001953 0.001953
0 0.483398 0.812500 0.009766 0.007812
0 0.066406 0.813477 0.007812 0.009766
0 0.057617 0.809570 0.001953 0.001953
1 0.384766 0.809570 0.003906 0.005859
0 0.213867 0.810547 0.013672 0.011719
0 0.057617 0.803711 0.001953 0.001953
1 0.572266 0.802734 0.003906 0.003906
1 0.422852 0.801758 0.001953 0.001953
1 0.676758 0.799805 0.001953 0.001953
1 0.557617 0.822266 0.033203 0.046875
1 0.689453 0.798828 0.003906 0.003906
1 0.566406 0.799805 0.003906 0.009766
0 0.057617 0.797852 0.005859 0.005859
1 0.761719 0.788086 0.003906 0.001953
1 0.743164 0.790039 0.005859 0.005859
0 0.230469 0.787109 0.003906 0.003906
1 0.084961 0.786133 0.001953 0.001953
1 0.715820 0.784180 0.001953 0.001953
1 0.096680 0.791992 0.017578 0.017578
1 0.305664 0.780273 0.001953 0.001953
1 0.088867 0.780273 0.001953 0.001953
1 0.079102 0.780273 0.001953 0.001953
1 0.804688 0.784180 0.011719 0.017578
1 0.721680 0.776367 0.001953 0.001953
1 0.543945 0.775391 0.001953 0.003906
1 0.515625 0.778320 0.011719 0.013672
1 0.424805 0.783203 0.013672 0.031250
1 0.415039 0.768555 0.001953 0.001953
1 0.438477 0.766602 0.001953 0.001953
1 0.411133 0.766602 0.001953 0.001953
1 0.406250 0.767578 0.003906 0.003906
1 0.305664 0.771484 0.017578 0.011719
0 0.757812 0.769531 0.015625 0.011719
1 0.710938 0.761719 0.003906 0.003906
0 0.573242 0.758789 0.001953 0.001953
1 0.455078 0.759766 0.011719 0.011719
0 0.208008 0.754883 0.001953 0.001953
1 0.144531 0.755859 0.003906 0.003906
0 0.545898 0.755859 0.005859 0.007812
1 0.496094 0.752930 0.003906 0.001953
1 0.401367 0.758789 0.009766 0.013672
1 0.120117 0.763672 0.021484 0.023438
1 0.463867 0.750977 0.001953 0.001953
0 0.129883 0.750977 0.001953 0.001953
1 0.630859 0.750000 0.003906 0.003906
1 0.365234 0.752930 0.007812 0.009766
1 0.066406 0.749023 0.003906 0.001953
1 0.407227 0.747070 0.001953 0.001953
1 0.629883 0.745117 0.001953 0.001953
1 0.396484 0.746094 0.007812 0.003906
0 0.786133 0.743164 0.001953 0.001953
1 0.461914 0.743164 0.001953 0.001953
1 0.452148 0.743164 0.001953 0.001953
1 0.603516 0.754883 0.031250 0.033203
1 0.049805 0.750977 0.029297 0.025391
0 0.777344 0.741211 0.011719 0.017578
1 0.635742 0.738281 0.013672 0.011719
1 0.062500 0.732422 0.003906 0.003906
0 0.128906 0.732422 0.007812 0.007812
1 0.278320 0.727539 0.001953 0.001953
1 0.802734 0.731445 0.011719 0.013672
0 0.127930 0.725586 0.001953 0.001953
0 0.124023 0.726562 0.001953 0.003906
1 0.645508 0.721680 0.001953 0.001953
1 0.425781 0.721680 0.003906 0.001953
0 0.116211 0.723633 0.005859 0.005859
1 0.016602 0.721680 0.001953 0.001953
1 0.055664 0.719727 0.005859 0.001953
1 0.682617 0.715820 0.001953 0.001953
1 0.351562 0.716797 0.003906 0.003906
1 0.028320 0.716797 0.001953 0.003906
1 0.756836 0.713867 0.001953 0.001953
1 0.418945 0.717773 0.005859 0.009766
1 0.277344 0.714844 0.003906 0.003906
1 0.027344 0.711914 0.007812 0.001953
1 0.438477 0.725586 0.029297 0.033203
1 0.372070 0.710938 0.001953 0.003906
0 0.115234 0.709961 0.007812 0.001953
0 0.580078 0.720703 0.019531 0.027344
1 0.043945 0.708008 0.001953 0.001953
1 0.278320 0.706055 0.001953 0.001953
1 0.822266 0.707031 0.011719 0.007812
1 0.578125 0.704102 0.003906 0.001953
0 0.412109 0.704102 0.003906 0.001953
1 0.739258 0.702148 0.001953 0.001953
0 0.452148 0.702148 0.001953 0.001953
1 0.004883 0.703125 0.001953 0.003906
1 0.275391 0.702148 0.003906 0.005859
1 0.002930 0.694336 0.001953 0.001953
0 0.270508 0.692383 0.001953 0.001953
0 0.189453 0.718750 0.023438 0.054688
1 0.815430 0.695312 0.009766 0.011719
0 0.448242 0.690430 0.001953 0.001953
1 0.086914 0.690430 0.001953 0.001953
1 0.051758 0.690430 0.001953 0.001953
1 0.635742 0.688477 0.001953 0.001953
0 0.231445 0.688477 0.001953 0.001953
1 0.786133 0.686523 0.001953 0.001953
0 0.262695 0.695312 0.013672 0.019531
0 0.237305 0.687500 0.005859 0.003906
0 0.044922 0.686523 0.003906 0.001953
1 0.615234 0.698242 0.027344 0.029297
1 0.568359 0.685547 0.003906 0.003906
1 0.769531 0.687500 0.007812 0.011719
1 0.346680 0.682617 0.001953 0.001953
0 0.461914 0.698242 0.037109 0.037109
0 0.271484 0.683594 0.011719 0.007812
0 0.495117 0.678711 0.001953 0.001953
0 0.487305 0.679688 0.001953 0.003906
0 0.440430 0.678711 0.001953 0.001953
0 0.178711 0.678711 0.001953 0.001953
1 0.321289 0.676758 0.001953 0.001953
1 0.310547 0.674805 0.003906 0.001953
0 0.180664 0.674805 0.001953 0.001953
1 0.334961 0.672852 0.001953 0.001953
1 0.538086 0.668945 0.001953 0.001953
1 0.660156 0.667969 0.003906 0.003906
0 0.452148 0.672852 0.009766 0.013672
1 0.754883 0.665039 0.001953 0.001953
1 0.791992 0.664062 0.001953 0.003906
1 0.329102 0.663086 0.001953 0.001953
0 0.202148 0.662109 0.001953 0.003906
0 0.045898 0.663086 0.001953 0.005859
1 0.833984 0.662109 0.003906 0.007812
1 0.644531 0.667969 0.023438 0.023438
1 0.536133 0.659180 0.001953 0.005859
1 0.301758 0.657227 0.001953 0.001953
1 0.831055 0.655273 0.001953 0.001953
0 0.458984 0.657227 0.007812 0.005859
1 0.301758 0.653320 0.001953 0.001953
1 0.717773 0.651367 0.001953 0.001953
1 0.295898 0.651367 0.001953 0.001953
0 0.291016 0.652344 0.003906 0.003906
1 0.077148 0.655273 0.009766 0.009766
0 0.016602 0.651367 0.001953 0.001953
1 0.887695 0.649414 0.001953 0.001953
1 0.712891 0.650391 0.003906 0.003906
1 0.664062 0.656250 0.011719 0.015625
0 0.463867 0.649414 0.001953 0.001953
1 0.874023 0.652344 0.017578 0.011719
1 0.858398 0.647461 0.001953 0.001953
1 0.333984 0.648438 0.003906 0.003906
1 0.299805 0.647461 0.001953 0.001953
0 0.465820 0.645508 0.001953 0.001953
0 0.416992 0.645508 0.001953 0.001953
0 0.413086 0.645508 0.001953 0.001953
1 0.306641 0.648438 0.003906 0.007812
1 0.999023 0.643555 0.001953 0.001953
1 0.338867 0.643555 0.001953 0.001953
1 0.334961 0.643555 0.001953 0.001953
0 0.258789 0.643555 0.001953 0.001953
1 0.683594 0.644531 0.007812 0.007812
1 0.095703 0.645508 0.011719 0.009766
0 0.011719 0.649414 0.023438 0.017578
0 0.416016 0.640625 0.003906 0.003906
1 0.307617 0.640625 0.001953 0.003906
1 0.207031 0.645508 0.015625 0.013672
0 0.479492 0.659180 0.021484 0.044922
0 0.821289 0.637695 0.005859 0.005859
1 0.307617 0.635742 0.001953 0.001953
0 0.479492 0.633789 0.005859 0.001953
0 0.267578 0.638672 0.019531 0.011719
0 0.473633 0.631836 0.001953 0.001953
1 0.983398 0.629883 0.001953 0.001953
1 0.644531 0.633789 0.007812 0.009766
1 0.508789 0.630859 0.009766 0.003906
0 0.479492 0.629883 0.001953 0.001953
1 0.225586 0.634766 0.017578 0.011719
1 0.764648 0.627930 0.001953 0.001953
1 0.497070 0.627930 0.001953 0.001953
1 0.465820 0.627930 0.001953 0.001953
0 0.412109 0.629883 0.007812 0.005859
1 0.665039 0.624023 0.001953 0.001953
1 0.463867 0.624023 0.001953 0.001953
1 0.139648 0.630859 0.013672 0.015625
1 0.499023 0.624023 0.013672 0.005859
1 0.542969 0.623047 0.007812 0.007812
1 0.703125 0.619141 0.007812 0.007812
1 0.642578 0.616211 0.003906 0.001953
1 0.135742 0.616211 0.001953 0.001953
1 0.654297 0.616211 0.015625 0.009766
0 0.476562 0.619141 0.019531 0.019531
1 0.226562 0.611328 0.007812 0.003906
1 0.750977 0.608398 0.001953 0.001953
1 0.207031 0.612305 0.007812 0.009766
1 0.128906 0.612305 0.007812 0.009766
0 0.813477 0.602539 0.001953 0.001953
1 0.741211 0.605469 0.009766 0.007812
0 0.819336 0.603516 0.005859 0.007812
0 0.417969 0.603516 0.011719 0.007812
1 0.130859 0.600586 0.003906 0.001953
0 0.842773 0.603516 0.021484 0.011719
1 0.255859 0.609375 0.031250 0.023438
0 0.116211 0.601562 0.005859 0.007812
0 0.500000 0.596680 0.003906 0.001953
0 0.420898 0.594727 0.001953 0.001953
1 0.199219 0.596680 0.003906 0.005859
1 0.194336 0.594727 0.001953 0.001953
1 0.131836 0.592773 0.001953 0.001953
1 0.192383 0.590820 0.001953 0.001953
0 0.124023 0.592773 0.009766 0.005859
1 0.233398 0.588867 0.001953 0.001953
1 0.385742 0.583008 0.001953 0.001953
1 0.454102 0.593750 0.029297 0.027344
0 0.422852 0.585938 0.009766 0.011719
1 0.408203 0.582031 0.007812 0.003906
0 0.000977 0.581055 0.001953 0.001953
1 0.415039 0.579102 0.001953 0.001953
0 0.233398 0.579102 0.001953 0.001953
0 0.125977 0.579102 0.001953 0.001953
1 0.896484 0.589844 0.011719 0.027344
1 0.737305 0.578125 0.001953 0.003906
1 0.436523 0.577148 0.001953 0.001953
1 0.426758 0.577148 0.001953 0.001953
1 0.393555 0.580078 0.005859 0.007812
1 0.919922 0.577148 0.003906 0.005859
1 0.742188 0.576172 0.003906 0.007812
1 0.430664 0.573242 0.001953 0.001953
1 0.393555 0.565430 0.005859 0.005859
0 0.004883 0.570312 0.009766 0.015625
1 0.373047 0.561523 0.003906 0.001953
1 0.368164 0.562500 0.001953 0.003906
1 0.416016 0.560547 0.003906 0.003906
1 0.276367 0.557617 0.001953 0.001953
0 0.000977 0.556641 0.001953 0.003906
1 0.976562 0.557617 0.007812 0.009766
1 0.874023 0.553711 0.001953 0.001953
1 0.373047 0.555664 0.003906 0.005859
1 0.276367 0.553711 0.001953 0.001953
1 0.354492 0.561523 0.021484 0.025391
1 0.286133 0.549805 0.001953 0.001953
1 0.158203 0.572266 0.058594 0.046875
0 0.983398 0.547852 0.001953 0.001953
1 0.895508 0.547852 0.001953 0.001953
0 0.744141 0.548828 0.007812 0.003906
0 0.097656 0.545898 0.003906 0.001953
1 0.282227 0.541016 0.001953 0.003906
0 0.510742 0.538086 0.001953 0.001953
1 0.583008 0.545898 0.013672 0.021484
1 0.350586 0.534180 0.001953 0.001953
1 0.239258 0.534180 0.001953 0.001953
1 0.103516 0.534180 0.003906 0.001953
0 0.691406 0.541992 0.007812 0.021484
1 0.603516 0.533203 0.003906 0.003906
1 0.586914 0.532227 0.001953 0.001953
0 0.686523 0.530273 0.001953 0.001953
0 0.503906 0.537109 0.023438 0.015625
1 0.297852 0.572266 0.060547 0.085938
1 0.604492 0.528320 0.001953 0.001953
1 0.102539 0.529297 0.009766 0.003906
0 0.965820 0.528320 0.009766 0.005859
0 0.923828 0.535156 0.015625 0.019531
0 0.951172 0.524414 0.011719 0.009766
0 0.907227 0.520508 0.001953 0.001953
0 0.061523 0.518555 0.001953 0.001953
0 0.909180 0.516602 0.001953 0.001953
1 0.761719 0.591797 0.058594 0.156250
1 0.601562 0.519531 0.011719 0.011719
1 0.872070 0.534180 0.052734 0.044922
1 0.649414 0.514648 0.001953 0.005859
0 0.061523 0.512695 0.001953 0.001953
1 0.954102 0.510742 0.001953 0.001953
1 0.599609 0.510742 0.003906 0.001953
1 0.081055 0.510742 0.001953 0.001953
0 0.991211 0.527344 0.017578 0.042969
1 0.647461 0.508789 0.005859 0.009766
1 0.641602 0.504883 0.001953 0.001953
1 0.245117 0.525391 0.076172 0.046875
0 0.005859 0.508789 0.011719 0.013672
1 0.604492 0.499023 0.001953 0.001953
0 0.014648 0.500977 0.001953 0.005859
1 0.474609 0.559570 0.144531 0.126953
0 0.765625 0.495117 0.003906 0.005859
1 0.293945 0.502930 0.021484 0.021484
1 0.285156 0.491211 0.003906 0.001953
0 0.767578 0.490234 0.003906 0.003906
0 0.658203 0.492188 0.003906 0.007812
0 0.655273 0.489258 0.001953 0.001953
0 0.320312 0.490234 0.003906 0.003906
0 0.047852 0.499023 0.033203 0.021484
1 0.280273 0.489258 0.001953 0.005859
1 0.237305 0.487305 0.001953 0.001953
0 0.842773 0.495117 0.025391 0.029297
1 0.453125 0.484375 0.007812 0.007812
1 0.312500 0.482422 0.003906 0.003906
0 0.879883 0.497070 0.044922 0.041016
0 0.305664 0.480469 0.009766 0.011719
0 0.678711 0.473633 0.005859 0.001953
1 0.096680 0.489258 0.033203 0.033203
1 0.305664 0.463867 0.001953 0.001953
1 0.006836 0.461914 0.001953 0.001953
1 0.247070 0.458008 0.001953 0.001953
1 0.719727 0.456055 0.001953 0.001953
1 0.347656 0.456055 0.003906 0.001953
1 0.762695 0.452148 0.001953 0.001953
1 0.502930 0.452148 0.001953 0.001953
1 0.032227 0.452148 0.001953 0.001953
1 0.725586 0.450195 0.001953 0.001953
1 0.001953 0.452148 0.003906 0.009766
0 0.688477 0.448242 0.005859 0.005859
1 0.213867 0.446289 0.001953 0.001953
1 0.143555 0.453125 0.009766 0.015625
1 0.720703 0.448242 0.007812 0.009766
1 0.202148 0.446289 0.009766 0.005859
1 0.206055 0.440430 0.001953 0.001953
1 0.232422 0.438477 0.003906 0.001953
0 0.764648 0.438477 0.005859 0.005859
0 0.779297 0.451172 0.027344 0.035156
0 0.675781 0.448242 0.019531 0.029297
1 0.233398 0.434570 0.001953 0.001953
1 0.271484 0.438477 0.015625 0.017578
1 0.105469 0.433594 0.007812 0.007812
1 0.294922 0.440430 0.027344 0.025391
1 0.086914 0.428711 0.001953 0.001953
1 0.149414 0.430664 0.009766 0.009766
0 0.680664 0.422852 0.001953 0.001953
1 0.327148 0.420898 0.005859 0.005859
1 0.680664 0.415039 0.001953 0.001953
1 0.191406 0.415039 0.003906 0.005859
1 0.747070 0.409180 0.001953 0.001953
1 0.192383 0.409180 0.001953 0.001953
1 0.391602 0.407227 0.001953 0.001953
0 0.367188 0.407227 0.003906 0.001953
1 0.231445 0.409180 0.001953 0.005859
0 0.754883 0.403320 0.001953 0.001953
1 0.104492 0.403320 0.001953 0.001953
0 0.364258 0.401367 0.001953 0.001953
1 0.790039 0.398438 0.005859 0.003906
1 0.730469 0.396484 0.003906 0.003906
1 0.146484 0.401367 0.019531 0.013672
1 0.333984 0.393555 0.003906 0.001953
1 0.322266 0.396484 0.003906 0.007812
0 0.763672 0.392578 0.003906 0.003906
1 0.760742 0.387695 0.001953 0.001953
1 0.749023 0.385742 0.001953 0.001953
1 0.230469 0.409180 0.070312 0.060547
1 0.608398 0.377930 0.001953 0.001953
1 0.319336 0.375977 0.001953 0.001953
0 0.461914 0.375977 0.005859 0.009766
1 0.887695 0.369141 0.021484 0.011719
0 0.477539 0.364258 0.005859 0.005859
1 0.904297 0.357422 0.003906 0.003906
1 0.016602 0.356445 0.001953 0.001953
0 0.487305 0.354492 0.001953 0.001953
1 0.735352 0.439453 0.072266 0.175781
1 0.016602 0.352539 0.001953 0.001953
0 0.404297 0.352539 0.003906 0.005859
1 0.924805 0.348633 0.001953 0.001953
0 0.484375 0.349609 0.003906 0.003906
1 0.286133 0.346680 0.001953 0.001953
1 0.236328 0.360352 0.031250 0.033203
1 0.355469 0.344727 0.007812 0.005859
1 0.016602 0.343750 0.001953 0.003906
1 0.897461 0.343750 0.005859 0.007812
1 0.287109 0.340820 0.003906 0.001953
1 0.233398 0.340820 0.001953 0.001953
0 0.395508 0.336914 0.001953 0.001953
0 0.415039 0.333008 0.001953 0.001953
1 0.631836 0.330078 0.001953 0.003906
1 0.035156 0.343750 0.023438 0.031250
1 0.020508 0.329102 0.001953 0.001953
1 0.727539 0.327148 0.001953 0.001953
1 0.376953 0.327148 0.003906 0.001953
1 0.384766 0.329102 0.007812 0.009766
1 0.389648 0.323242 0.001953 0.001953
1 0.248047 0.324219 0.003906 0.003906
1 0.682617 0.321289 0.001953 0.001953
1 0.318359 0.320312 0.003906 0.003906
1 0.247070 0.317383 0.001953 0.001953
1 0.678711 0.315430 0.001953 0.001953
1 0.125977 0.315430 0.001953 0.001953
0 0.544922 0.313477 0.003906 0.001953
0 0.524414 0.317383 0.009766 0.009766
1 0.249023 0.313477 0.001953 0.001953
1 0.245117 0.311523 0.001953 0.001953
1 0.118164 0.314453 0.009766 0.007812
0 0.543945 0.309570 0.001953 0.001953
0 0.506836 0.311523 0.005859 0.005859
1 0.176758 0.311523 0.005859 0.005859
1 0.049805 0.317383 0.009766 0.017578
0 0.976562 0.348633 0.046875 0.091797
1 0.119141 0.304688 0.003906 0.003906
1 0.285156 0.305664 0.007812 0.009766
0 0.888672 0.300781 0.003906 0.003906
1 0.243164 0.301758 0.005859 0.005859
0 0.551758 0.295898 0.001953 0.001953
0 0.526367 0.295898 0.001953 0.001953
1 0.286133 0.296875 0.005859 0.003906
0 0.881836 0.293945 0.001953 0.001953
0 0.520508 0.297852 0.005859 0.009766
0 0.532227 0.291992 0.001953 0.001953
0 0.528320 0.291992 0.001953 0.001953
1 0.960938 0.291016 0.007812 0.003906
1 0.625000 0.294922 0.007812 0.011719
1 0.389648 0.290039 0.001953 0.001953
1 0.184570 0.290039 0.005859 0.001953
0 0.875000 0.296875 0.015625 0.019531
0 0.530273 0.288086 0.001953 0.001953
0 0.413086 0.288086 0.001953 0.001953
1 0.285156 0.290039 0.011719 0.005859
1 0.274414 0.288086 0.001953 0.001953
1 0.621094 0.288086 0.007812 0.005859
1 0.393555 0.286133 0.001953 0.001953
1 0.184570 0.286133 0.001953 0.001953
1 0.893555 0.289062 0.009766 0.011719
1 0.874023 0.284180 0.001953 0.001953
1 0.702148 0.284180 0.001953 0.001953
1 0.378906 0.293945 0.023438 0.025391
1 0.303711 0.293945 0.033203 0.025391
1 0.043945 0.290039 0.025391 0.025391
1 0.134766 0.277344 0.003906 0.003906
0 0.552734 0.285156 0.027344 0.023438
0 0.427734 0.274414 0.003906 0.001953
0 0.416992 0.279297 0.009766 0.011719
1 0.731445 0.272461 0.001953 0.001953
1 0.208984 0.283203 0.023438 0.023438
1 0.416992 0.270508 0.001953 0.001953
1 0.683594 0.270508 0.003906 0.005859
1 0.005859 0.282227 0.011719 0.029297
1 0.420898 0.266602 0.001953 0.001953
1 0.202148 0.266602 0.001953 0.001953
1 0.024414 0.267578 0.001953 0.003906
0 0.441406 0.264648 0.003906 0.001953
1 0.434570 0.262695 0.001953 0.001953
1 0.198242 0.262695 0.001953 0.001953
1 0.684570 0.260742 0.001953 0.001953
1 0.430664 0.261719 0.001953 0.003906
1 0.426758 0.261719 0.001953 0.003906
1 0.131836 0.263672 0.009766 0.007812
1 0.671875 0.266602 0.011719 0.017578
0 0.560547 0.260742 0.007812 0.009766
1 0.262695 0.256836 0.001953 0.001953
0 0.584961 0.254883 0.001953 0.001953
0 0.575195 0.261719 0.013672 0.015625
0 0.541992 0.261719 0.013672 0.015625
1 0.267578 0.254883 0.003906 0.005859
1 0.756836 0.250977 0.001953 0.001953
1 0.719727 0.258789 0.013672 0.017578
1 0.666016 0.250000 0.003906 0.003906
1 0.262695 0.249023 0.001953 0.001953
1 0.018555 0.252930 0.009766 0.009766
1 0.040039 0.247070 0.001953 0.001953
1 0.035156 0.248047 0.003906 0.003906
1 0.354492 0.253906 0.029297 0.019531
1 0.707031 0.241211 0.003906 0.005859
0 0.441406 0.239258 0.003906 0.001953
1 0.281250 0.242188 0.007812 0.007812
1 0.712891 0.239258 0.003906 0.005859
1 0.676758 0.235352 0.001953 0.001953
0 0.442383 0.235352 0.001953 0.001953
1 0.340820 0.235352 0.001953 0.001953
1 0.114258 0.250977 0.017578 0.037109
1 0.737305 0.240234 0.017578 0.027344
1 0.326172 0.232422 0.011719 0.011719
1 0.307617 0.230469 0.017578 0.011719
1 0.098633 0.225586 0.001953 0.001953
1 0.073242 0.226562 0.001953 0.003906
1 0.692383 0.223633 0.001953 0.001953
1 0.110352 0.224609 0.001953 0.003906
1 0.011719 0.225586 0.003906 0.005859
1 0.102539 0.221680 0.001953 0.001953
1 0.725586 0.217773 0.001953 0.001953
1 0.301758 0.217773 0.001953 0.001953
1 0.396484 0.216797 0.003906 0.003906
1 0.390625 0.230469 0.035156 0.031250
1 0.692383 0.214844 0.001953 0.003906
0 0.602539 0.226562 0.021484 0.031250
1 0.368164 0.209961 0.001953 0.001953
1 0.362305 0.208984 0.001953 0.003906
1 0.357422 0.208984 0.003906 0.003906
1 0.063477 0.206055 0.001953 0.001953
1 0.622070 0.207031 0.001953 0.007812
1 0.339844 0.208008 0.007812 0.013672
1 0.811523 0.200195 0.001953 0.001953
1 0.162109 0.222656 0.082031 0.050781
1 0.725586 0.205078 0.009766 0.019531
1 0.617188 0.201172 0.003906 0.011719
0 0.608398 0.202148 0.009766 0.013672
0 0.604492 0.196289 0.001953 0.001953
1 0.798828 0.195312 0.003906 0.003906
1 0.389648 0.194336 0.001953 0.001953
1 0.725586 0.192383 0.001953 0.001953
1 0.307617 0.192383 0.001953 0.001953
0 0.570312 0.191406 0.003906 0.003906
0 0.590820 0.188477 0.001953 0.001953
1 0.172852 0.188477 0.001953 0.001953
0 0.435547 0.188477 0.007812 0.005859
1 0.061523 0.186523 0.001953 0.001953
1 0.654297 0.185547 0.003906 0.003906
1 0.321289 0.185547 0.005859 0.003906
1 0.746094 0.184570 0.003906 0.005859
0 0.465820 0.183594 0.001953 0.003906
1 0.444336 0.182617 0.001953 0.001953
1 0.325195 0.182617 0.001953 0.001953
0 0.429688 0.182617 0.003906 0.005859
1 0.415039 0.180664 0.001953 0.001953
1 0.401367 0.180664 0.001953 0.001953
1 0.722656 0.183594 0.011719 0.011719
1 0.671875 0.178711 0.003906 0.001953
1 0.666992 0.178711 0.001953 0.001953
1 0.415039 0.199219 0.037109 0.042969
0 0.476562 0.195312 0.027344 0.039062
1 0.145508 0.176758 0.001953 0.001953
1 0.741211 0.193359 0.021484 0.039062
1 0.725586 0.174805 0.005859 0.001953
1 0.431641 0.175781 0.003906 0.003906
1 0.334961 0.181641 0.017578 0.015625
1 0.242188 0.256836 0.078125 0.166016
1 0.790039 0.173828 0.001953 0.003906
1 0.293945 0.172852 0.001953 0.001953
1 0.325195 0.173828 0.009766 0.007812
1 0.304688 0.175781 0.015625 0.011719
1 0.243164 0.170898 0.001953 0.001953
1 0.153320 0.170898 0.001953 0.001953
1 0.774414 0.171875 0.005859 0.007812
1 0.629883 0.168945 0.001953 0.001953
1 0.645508 0.166992 0.001953 0.001953
1 0.577148 0.166992 0.001953 0.001953
1 0.258789 0.166992 0.001953 0.001953
1 0.153320 0.166992 0.001953 0.001953
1 0.052734 0.173828 0.019531 0.015625
1 0.789062 0.166992 0.003906 0.005859
1 0.413086 0.165039 0.005859 0.005859
1 0.717773 0.161133 0.001953 0.001953
1 0.591797 0.162109 0.003906 0.003906
1 0.584961 0.159180 0.001953 0.001953
1 0.467773 0.159180 0.001953 0.001953
1 0.392578 0.161133 0.011719 0.009766
1 0.270508 0.158203 0.005859 0.003906
1 0.776367 0.155273 0.001953 0.001953
1 0.288086 0.156250 0.009766 0.003906
1 0.069336 0.155273 0.001953 0.001953
1 0.829102 0.153320 0.001953 0.001953
1 0.693359 0.152344 0.007812 0.007812
1 0.266602 0.151367 0.017578 0.005859
1 0.165039 0.166992 0.033203 0.037109
1 0.116211 0.158203 0.048828 0.019531
1 0.698242 0.147461 0.001953 0.001953
1 0.083008 0.147461 0.001953 0.001953
0 0.635742 0.147461 0.005859 0.009766
1 0.458008 0.147461 0.005859 0.009766
1 0.233398 0.143555 0.001953 0.001953
1 0.241211 0.146484 0.013672 0.011719
1 0.844727 0.138672 0.001953 0.003906
1 0.618164 0.137695 0.005859 0.001953
1 0.081055 0.137695 0.001953 0.001953
1 0.066406 0.141602 0.007812 0.009766
1 0.443359 0.136719 0.003906 0.003906
1 0.280273 0.134766 0.001953 0.003906
1 0.276367 0.133789 0.001953 0.001953
0 0.360352 0.131836 0.001953 0.001953
1 0.284180 0.132812 0.001953 0.003906
1 0.064453 0.132812 0.003906 0.003906
1 0.116211 0.131836 0.005859 0.005859
1 0.681641 0.133789 0.011719 0.013672
1 0.416992 0.130859 0.033203 0.023438
1 0.186523 0.120117 0.001953 0.001953
1 0.176758 0.120117 0.001953 0.001953
1 0.975586 0.118164 0.001953 0.001953
1 0.714844 0.122070 0.011719 0.009766
1 0.120117 0.119141 0.005859 0.003906
0 0.392578 0.119141 0.007812 0.007812
1 0.996094 0.118164 0.007812 0.009766
0 0.403320 0.118164 0.005859 0.009766
1 0.565430 0.112305 0.001953 0.001953
0 0.298828 0.109375 0.003906 0.003906
1 0.670898 0.107422 0.001953 0.003906
1 0.126953 0.107422 0.003906 0.003906
1 0.286133 0.101562 0.001953 0.003906
1 0.074219 0.100586 0.003906 0.001953
0 0.220703 0.102539 0.007812 0.009766
1 0.622070 0.096680 0.001953 0.001953
1 0.439453 0.094727 0.003906 0.001953
0 0.288086 0.094727 0.001953 0.001953
1 0.715820 0.096680 0.005859 0.009766
1 0.264648 0.109375 0.048828 0.035156
1 0.181641 0.129883 0.089844 0.076172
0 0.978516 0.096680 0.015625 0.013672
1 0.922852 0.086914 0.001953 0.001953
1 0.866211 0.087891 0.005859 0.003906
1 0.424805 0.096680 0.013672 0.021484
0 0.337891 0.098633 0.097656 0.025391
1 0.290039 0.087891 0.005859 0.003906
1 0.182617 0.086914 0.001953 0.001953
1 0.946289 0.091797 0.009766 0.015625
1 0.802734 0.085938 0.003906 0.003906
1 0.400391 0.090820 0.023438 0.013672
1 0.182617 0.083008 0.001953 0.001953
1 0.811523 0.081055 0.001953 0.001953
0 0.352539 0.083984 0.005859 0.007812
1 0.271484 0.084961 0.015625 0.009766
1 0.176758 0.081055 0.001953 0.001953
1 0.143555 0.082031 0.001953 0.003906
1 0.913086 0.082031 0.013672 0.007812
1 0.379883 0.079102 0.001953 0.001953
1 0.263672 0.080078 0.003906 0.003906
1 0.844727 0.077148 0.001953 0.001953
0 0.137695 0.077148 0.001953 0.001953
0 0.132812 0.080078 0.003906 0.007812
0 0.557617 0.075195 0.001953 0.001953
1 0.532227 0.073242 0.001953 0.001953
1 0.495117 0.073242 0.001953 0.001953
1 0.840820 0.072266 0.001953 0.003906
0 0.570312 0.075195 0.015625 0.009766
1 0.491211 0.071289 0.001953 0.001953
1 0.886719 0.070312 0.003906 0.003906
1 0.845703 0.070312 0.003906 0.003906
0 0.555664 0.069336 0.001953 0.001953
1 0.532227 0.069336 0.001953 0.001953
0 0.271484 0.070312 0.003906 0.003906
0 0.996094 0.072266 0.007812 0.011719
0 0.565430 0.067383 0.001953 0.001953
1 0.361328 0.068359 0.003906 0.003906
0 0.152344 0.069336 0.003906 0.005859
1 0.887695 0.065430 0.001953 0.001953
1 0.653320 0.065430 0.001953 0.001953
1 0.264648 0.066406 0.001953 0.003906
1 0.258789 0.065430 0.001953 0.005859
0 0.586914 0.061523 0.001953 0.001953
1 0.235352 0.074219 0.029297 0.027344
1 0.002930 0.067383 0.005859 0.013672
0 0.981445 0.062500 0.005859 0.007812
1 0.889648 0.059570 0.001953 0.001953
0 0.579102 0.059570 0.001953 0.001953
0 0.571289 0.059570 0.001953 0.001953
0 0.312500 0.069336 0.011719 0.021484
0 0.163086 0.059570 0.001953 0.001953
0 0.158203 0.062500 0.007812 0.007812
1 0.862305 0.057617 0.001953 0.001953
1 0.362305 0.059570 0.005859 0.005859
0 0.321289 0.057617 0.001953 0.001953
1 0.858398 0.056641 0.001953 0.003906
1 0.006836 0.057617 0.005859 0.005859
1 0.867188 0.055664 0.003906 0.005859
0 0.583008 0.057617 0.001953 0.009766
1 0.666992 0.049805 0.001953 0.001953
1 0.574219 0.051758 0.007812 0.009766
1 0.562500 0.053711 0.011719 0.013672
1 0.921875 0.048828 0.007812 0.007812
1 0.754883 0.045898 0.001953 0.001953
0 0.940430 0.041992 0.001953 0.001953
1 0.882812 0.042969 0.003906 0.003906
0 0.332031 0.042969 0.011719 0.003906
0 0.947266 0.042969 0.007812 0.011719
1 0.348633 0.041992 0.009766 0.009766
1 0.879883 0.036133 0.001953 0.001953
1 0.504883 0.036133 0.001953 0.001953
1 0.904297 0.036133 0.003906 0.005859
1 0.899414 0.034180 0.001953 0.001953
0 0.981445 0.044922 0.017578 0.027344
1 0.913086 0.036133 0.009766 0.009766
1 0.733398 0.045898 0.033203 0.029297
0 0.247070 0.041992 0.009766 0.021484
1 0.877930 0.030273 0.001953 0.001953
1 0.866211 0.030273 0.001953 0.001953
1 0.381836 0.048828 0.029297 0.042969
1 0.872070 0.028320 0.005859 0.005859
1 0.707031 0.039062 0.015625 0.027344
1 0.709961 0.022461 0.001953 0.001953
1 0.379883 0.023438 0.001953 0.003906
0 0.326172 0.036133 0.046875 0.029297
1 0.492188 0.021484 0.003906 0.003906
1 0.030273 0.021484 0.001953 0.003906
1 0.962891 0.016602 0.003906 0.001953
1 0.711914 0.016602 0.001953 0.001953
1 0.492188 0.015625 0.003906 0.003906
1 0.608398 0.013672 0.001953 0.003906
1 0.604492 0.012695 0.001953 0.001953
0 0.350586 0.014648 0.005859 0.009766
1 0.504883 0.017578 0.017578 0.023438
0 0.354492 0.006836 0.001953 0.001953
0 0.264648 0.006836 0.001953 0.001953
0 0.315430 0.006836 0.013672 0.005859
1 0.990234 0.009766 0.019531 0.019531
1 0.977539 0.000977 0.001953 0.001953
1 0.947266 0.008789 0.042969 0.017578
1 0.874023 0.006836 0.009766 0.013672
0 0.852539 0.000977 0.001953 0.001953
1 0.732422 0.007812 0.031250 0.015625
1 0.657227 0.274414 0.685547 0.548828
1 0.518555 0.087891 0.146484 0.175781
1 0.504883 0.000977 0.001953 0.001953
1 0.494141 0.005859 0.015625 0.011719
1 0.447266 0.009766 0.023438 0.019531
0 0.358398 0.001953 0.005859 0.003906
0 0.341797 0.000977 0.003906 0.001953
0 0.336914 0.000977 0.001953 0.001953
0 0.283203 0.031250 0.027344 0.062500
0 0.254883 0.006836 0.021484 0.013672
1 0.200195 0.038086 0.076172 0.076172
0 0.145508 0.005859 0.017578 0.011719
1 0.125977 0.000977 0.005859 0.001953
1 0.059570 0.071289 0.119141 0.142578
3 0.000977 0.909180 0.001953 0.001953
3 0.588867 0.495117 0.001953 0.001953
3 0.547852 0.471680 0.001953 0.001953
3 0.543945 0.471680 0.001953 0.001953
3 0.527344 0.472656 0.007812 0.007812
3 0.388672 0.463867 0.003906 0.005859
3 0.391602 0.459961 0.001953 0.001953
3 0.594727 0.456055 0.001953 0.001953
3 0.477539 0.438477 0.001953 0.001953
3 0.471680 0.435547 0.013672 0.011719
3 0.504883 0.426758 0.001953 0.001953
3 0.484375 0.428711 0.003906 0.005859
3 0.481445 0.422852 0.001953 0.001953
3 0.454102 0.431641 0.033203 0.039062
3 0.493164 0.411133 0.001953 0.001953
3 0.478516 0.404297 0.003906 0.003906
3 0.346680 0.383789 0.005859 0.001953
3 0.499023 0.381836 0.005859 0.005859
3 0.506836 0.373047 0.009766 0.007812
3 0.596680 0.360352 0.001953 0.001953
3 0.532227 0.350586 0.001953 0.001953
3 0.944336 0.333008 0.001953 0.001953
2 0.510742 0.333008 0.001953 0.001953
3 0.552734 0.338867 0.019531 0.021484
3 0.542969 0.396484 0.097656 0.140625
2 0.434570 0.323242 0.001953 0.001953
3 0.588867 0.321289 0.001953 0.001953
3 0.441406 0.324219 0.007812 0.007812
3 0.913086 0.323242 0.013672 0.013672
3 0.918945 0.313477 0.001953 0.001953
3 0.678711 0.301758 0.001953 0.001953
3 0.977539 0.277344 0.001953 0.003906
3 0.972656 0.277344 0.003906 0.003906
3 0.959961 0.275391 0.013672 0.015625
2 0.500977 0.229492 0.001953 0.001953
3 0.791992 0.223633 0.001953 0.001953
3 0.840820 0.194336 0.001953 0.001953
2 0.522461 0.190430 0.001953 0.001953
2 0.524414 0.186523 0.001953 0.001953
3 0.688477 0.182617 0.001953 0.001953
3 0.684570 0.182617 0.001953 0.001953
3 0.950195 0.178711 0.001953 0.001953
3 0.689453 0.178711 0.003906 0.001953
3 0.870117 0.165039 0.001953 0.001953
2 0.618164 0.159180 0.001953 0.001953
3 0.958984 0.159180 0.003906 0.005859
3 0.896484 0.197266 0.179688 0.085938
3 0.927734 0.147461 0.003906 0.001953
3 0.943359 0.151367 0.023438 0.013672
3 0.949219 0.134766 0.003906 0.007812
3 0.939453 0.131836 0.011719 0.013672
3 0.035156 0.116211 0.007812 0.005859
3 0.801758 0.102539 0.001953 0.001953
3 0.745117 0.098633 0.001953 0.001953
3 0.084961 0.090820 0.001953 0.001953
3 0.182617 0.071289 0.001953 0.001953
3 0.812500 0.069336 0.003906 0.001953
3 0.805664 0.067383 0.005859 0.001953
3 0.815430 0.064453 0.005859 0.003906
3 0.518555 0.061523 0.001953 0.001953
3 0.495117 0.059570 0.001953 0.001953
3 0.092773 0.045898 0.001953 0.001953
3 0.010742 0.056641 0.021484 0.066406
3 0.022461 0.016602 0.001953 0.001953
2 0.227539 0.010742 0.001953 0.001953
3 0.000977 0.015625 0.001953 0.011719
3 0.983398 0.000977 0.001953 0.001953
3 0.894531 0.090820 0.210938 0.181641
3 0.635742 0.225586 0.458984 0.451172
3 0.500000 0.500000 1.000000 1.000000
3 0.040039 0.018555 0.064453 0.037109