2 0.817383 0.969727 0.001953 0.001953
2 0.692383 0.956055 0.001953 0.001953
2 0.786133 0.934570 0.001953 0.001953
2 0.780273 0.931641 0.005859 0.003906
2 0.774414 0.930664 0.001953 0.001953
2 0.556641 0.927734 0.003906 0.003906
2 0.625977 0.885742 0.001953 0.001953
2 0.930664 0.862305 0.001953 0.001953
2 0.926758 0.860352 0.001953 0.001953
2 0.916992 0.859375 0.005859 0.003906
2 0.893555 0.836914 0.001953 0.001953
2 0.894531 0.829102 0.011719 0.005859
2 0.858398 0.809570 0.001953 0.001953
2 0.432617 0.764648 0.001953 0.001953
2 0.938477 0.649414 0.001953 0.001953
2 0.897461 0.555664 0.001953 0.001953
2 0.893555 0.555664 0.001953 0.001953
2 0.913086 0.541992 0.001953 0.001953
2 0.901367 0.541992 0.001953 0.001953
2 0.989258 0.499023 0.001953 0.001953
2 0.986328 0.495117 0.003906 0.001953
2 0.982422 0.492188 0.003906 0.003906
2 0.982422 0.487305 0.003906 0.001953
2 0.986328 0.484375 0.003906 0.003906
2 0.983398 0.479492 0.005859 0.001953
2 0.977539 0.479492 0.001953 0.001953
2 0.939453 0.443359 0.003906 0.003906
2 0.996094 0.366211 0.007812 0.009766
2 0.988281 0.361328 0.003906 0.003906
2 0.998047 0.356445 0.003906 0.001953
2 0.974609 0.352539 0.003906 0.005859
2 0.838867 0.309570 0.001953 0.001953
2 0.923828 0.304688 0.003906 0.003906
2 0.764648 0.081055 0.001953 0.001953
2 0.500000 0.500000 1.000000 1.000000
3 0.729492 0.979492 0.001953 0.001953
3 0.733398 0.977539 0.001953 0.001953
3 0.554688 0.975586 0.003906 0.001953
3 0.708984 0.946289 0.003906 0.001953
3 0.065430 0.938477 0.001953 0.001953
3 0.752930 0.938477 0.001953 0.005859
3 0.699219 0.966797 0.089844 0.066406
3 0.744141 0.932617 0.007812 0.009766
3 0.764648 0.927734 0.009766 0.011719
3 0.748047 0.926758 0.007812 0.013672
3 0.791992 0.899414 0.001953 0.001953
3 0.043945 0.916992 0.052734 0.072266
3 0.039062 0.872070 0.003906 0.005859
3 0.032227 0.869141 0.005859 0.003906
3 0.036133 0.864258 0.001953 0.001953
3 0.034180 0.848633 0.005859 0.005859
3 0.856445 0.821289 0.001953 0.001953
3 0.910156 0.803711 0.007812 0.005859
3 0.884766 0.898438 0.230469 0.203125
3 0.886719 0.799805 0.003906 0.005859
3 0.247070 0.774414 0.001953 0.001953
3 0.866211 0.764648 0.009766 0.009766
3 0.858398 0.760742 0.001953 0.001953
3 0.863281 0.755859 0.003906 0.003906
3 0.996094 0.748047 0.007812 0.019531
3 0.999023 0.717773 0.001953 0.001953
3 0.887695 0.751953 0.072266 0.082031
3 0.388672 0.840820 0.507812 0.318359
3 0.965820 0.649414 0.068359 0.076172
3 0.997070 0.610352 0.005859 0.005859
3 0.989258 0.608398 0.001953 0.001953
3 0.998047 0.596680 0.003906 0.005859
3 0.092773 0.590820 0.001953 0.001953
3 0.134766 0.625000 0.113281 0.078125
3 0.956055 0.543945 0.001953 0.001953
3 0.403320 0.510742 0.001953 0.001953
3 0.442383 0.497070 0.001953 0.001953
3 0.419922 0.498047 0.042969 0.035156
3 0.416992 0.481445 0.001953 0.001953
3 0.449219 0.469727 0.003906 0.001953
3 0.512695 0.448242 0.001953 0.001953
3 0.525391 0.414062 0.003906 0.007812
3 0.527344 0.431641 0.019531 0.046875
3 0.516602 0.401367 0.001953 0.001953
3 0.524414 0.396484 0.005859 0.011719
3 0.507812 0.383789 0.003906 0.001953
3 0.522461 0.381836 0.001953 0.001953
3 0.598633 0.352539 0.001953 0.001953
3 0.633789 0.390625 0.212891 0.097656
3 0.455078 0.339844 0.003906 0.003906
3 0.451172 0.335938 0.003906 0.003906
3 0.300781 0.330078 0.003906 0.003906
3 0.458008 0.304688 0.021484 0.019531
3 0.882812 0.428711 0.234375 0.279297
3 0.971680 0.264648 0.001953 0.001953
3 0.769531 0.260742 0.007812 0.005859
3 0.975586 0.256836 0.001953 0.001953
3 0.967773 0.253906 0.013672 0.011719
3 0.492188 0.249023 0.007812 0.005859
3 0.836914 0.217773 0.001953 0.001953
3 0.835938 0.199219 0.003906 0.003906
3 0.883789 0.196289 0.001953 0.001953
3 0.855469 0.188477 0.007812 0.005859
3 0.864258 0.198242 0.033203 0.029297
3 0.703125 0.184570 0.003906 0.001953
3 0.834961 0.180664 0.001953 0.001953
3 0.844727 0.178711 0.001953 0.001953
3 0.955078 0.182617 0.027344 0.021484
3 0.565430 0.237305 0.294922 0.134766
3 0.720703 0.172852 0.015625 0.009766
3 0.975586 0.171875 0.009766 0.015625
3 0.314453 0.156250 0.003906 0.003906
3 0.308594 0.152344 0.011719 0.015625
3 0.624023 0.096680 0.013672 0.013672
3 0.361328 0.144531 0.125000 0.109375
3 0.374023 0.088867 0.001953 0.001953
3 0.122070 0.030273 0.041016 0.056641
3 0.781250 0.105469 0.164062 0.210938