2 0.709961 0.997070 0.021484 0.005859
2 0.342773 0.995117 0.001953 0.001953
2 0.669922 0.993164 0.003906 0.005859
2 0.818359 0.994141 0.093750 0.011719
2 0.374023 0.990234 0.005859 0.003906
2 0.870117 0.985352 0.001953 0.001953
2 0.932617 0.985352 0.005859 0.005859
2 0.670898 0.979492 0.001953 0.001953
2 0.068359 0.976562 0.003906 0.007812
2 0.327148 0.973633 0.005859 0.009766
2 0.070312 0.968750 0.003906 0.003906
2 0.620117 0.965820 0.001953 0.001953
2 0.679688 0.966797 0.007812 0.007812
2 0.877930 0.961914 0.001953 0.001953
2 0.229492 0.980469 0.068359 0.039062
2 0.900391 0.979492 0.066406 0.041016
2 0.362305 0.978516 0.025391 0.042969
2 0.077148 0.958008 0.005859 0.009766
2 0.623047 0.949219 0.003906 0.003906
2 0.645508 0.971680 0.083984 0.056641
2 0.399414 0.971680 0.048828 0.056641
2 0.606445 0.955078 0.044922 0.027344
2 0.391602 0.940430 0.001953 0.001953
2 0.711914 0.940430 0.005859 0.005859
2 0.584961 0.938477 0.001953 0.001953
2 0.649414 0.932617 0.001953 0.001953
2 0.653320 0.930664 0.001953 0.001953
2 0.705078 0.924805 0.039062 0.041016
2 0.007812 0.917969 0.015625 0.027344
2 0.440430 0.905273 0.005859 0.009766
2 0.804688 0.901367 0.003906 0.005859
2 0.657227 0.903320 0.013672 0.009766
2 0.005859 0.885742 0.003906 0.005859
2 0.526367 0.884766 0.001953 0.007812
2 0.857422 0.873047 0.003906 0.003906
2 0.863281 0.857422 0.007812 0.003906
2 0.864258 0.852539 0.001953 0.001953
2 0.821289 0.836914 0.001953 0.001953
2 0.618164 0.823242 0.001953 0.001953
2 0.637695 0.793945 0.001953 0.001953
2 0.207031 0.820312 0.031250 0.062500
2 0.169922 0.688477 0.003906 0.001953
2 0.734375 0.683594 0.003906 0.003906
2 0.708008 0.676758 0.001953 0.001953
2 0.716797 0.673828 0.007812 0.003906
2 0.349609 0.745117 0.109375 0.146484
2 0.668945 0.668945 0.001953 0.001953
2 0.663086 0.655273 0.001953 0.001953
2 0.852539 0.648438 0.005859 0.003906
2 0.836914 0.632812 0.021484 0.015625
2 0.175781 0.631836 0.062500 0.087891
2 0.163086 0.584961 0.001953 0.001953
2 0.145508 0.586914 0.005859 0.005859
2 0.803711 0.581055 0.017578 0.005859
2 0.360352 0.583008 0.021484 0.017578
2 0.364258 0.573242 0.001953 0.001953
2 0.977539 0.563477 0.001953 0.001953
2 0.372070 0.561523 0.001953 0.001953
2 0.394531 0.559570 0.019531 0.017578
2 0.808594 0.562500 0.042969 0.031250
2 0.811523 0.545898 0.001953 0.001953
2 0.391602 0.540039 0.009766 0.005859
2 0.842773 0.532227 0.005859 0.001953
2 0.674805 0.533203 0.005859 0.003906
2 0.851562 0.530273 0.003906 0.001953
2 0.668945 0.518555 0.001953 0.001953
2 0.438477 0.505859 0.021484 0.011719
2 0.130859 0.490234 0.007812 0.007812
2 0.715820 0.493164 0.009766 0.017578
2 0.136719 0.480469 0.007812 0.007812
2 0.597656 0.708008 0.328125 0.470703
2 0.474609 0.475586 0.007812 0.009766
2 0.913086 0.467773 0.001953 0.001953
2 0.689453 0.468750 0.007812 0.007812
2 0.528320 0.464844 0.005859 0.007812
2 0.416992 0.459961 0.001953 0.001953
2 0.413086 0.457031 0.001953 0.003906
2 0.472656 0.453125 0.011719 0.023438
2 0.149414 0.442383 0.001953 0.001953
2 0.040039 0.442383 0.001953 0.005859
2 0.092773 0.431641 0.005859 0.007812
2 0.438477 0.459961 0.056641 0.076172
2 0.096680 0.423828 0.001953 0.003906
2 0.190430 0.428711 0.005859 0.017578
2 0.131836 0.422852 0.001953 0.005859
2 0.192383 0.416992 0.001953 0.001953
2 0.099609 0.417969 0.003906 0.003906
2 0.418945 0.416992 0.005859 0.005859
2 0.137695 0.409180 0.001953 0.001953
2 0.102539 0.408203 0.005859 0.011719
2 0.895508 0.387695 0.001953 0.001953
2 0.768555 0.374023 0.001953 0.001953
2 0.076172 0.628906 0.152344 0.511719
2 0.918945 0.471680 0.158203 0.201172
2 0.091797 0.369141 0.003906 0.003906
2 0.087891 0.362305 0.011719 0.005859
2 0.233398 0.346680 0.001953 0.001953
2 0.026367 0.354492 0.017578 0.017578
2 0.060547 0.346680 0.007812 0.005859
2 0.044922 0.350586 0.015625 0.013672
2 0.010742 0.343750 0.005859 0.007812
2 0.094727 0.334961 0.001953 0.001953
2 0.840820 0.331055 0.001953 0.001953
2 0.190430 0.388672 0.099609 0.132812
2 0.729492 0.327148 0.017578 0.025391
2 0.560547 0.312500 0.003906 0.003906
2 0.824219 0.382812 0.148438 0.156250
2 0.181641 0.311523 0.050781 0.013672
2 0.743164 0.303711 0.005859 0.001953
2 0.707031 0.282227 0.019531 0.017578
2 0.691406 0.260742 0.003906 0.005859
2 0.051758 0.242188 0.001953 0.003906
2 0.042969 0.214844 0.023438 0.007812
2 0.057617 0.208008 0.001953 0.001953
2 0.024414 0.208008 0.001953 0.001953
2 0.084961 0.198242 0.001953 0.001953
2 0.268555 0.182617 0.001953 0.001953
2 0.090820 0.180664 0.001953 0.001953
2 0.096680 0.174805 0.001953 0.001953
2 0.101562 0.172852 0.003906 0.001953
2 0.425781 0.210938 0.089844 0.082031
2 0.344727 0.159180 0.001953 0.001953
2 0.339844 0.141602 0.003906 0.001953
2 0.323242 0.154297 0.037109 0.027344
2 0.101562 0.112305 0.003906 0.001953
2 0.212891 0.106445 0.003906 0.001953
2 0.220703 0.104492 0.003906 0.001953
2 0.118164 0.104492 0.001953 0.001953
2 0.233398 0.081055 0.001953 0.001953
2 0.216797 0.068359 0.003906 0.003906
2 0.047852 0.056641 0.001953 0.003906
2 0.227539 0.053711 0.001953 0.001953
2 0.229492 0.049805 0.001953 0.001953
2 0.030273 0.049805 0.001953 0.001953
2 0.073242 0.047852 0.005859 0.001953
2 0.034180 0.047852 0.001953 0.001953
2 0.072266 0.038086 0.003906 0.005859
2 0.062500 0.038086 0.007812 0.009766
2 0.207031 0.032227 0.007812 0.013672
2 0.202148 0.020508 0.001953 0.001953
2 0.475586 0.010742 0.001953 0.001953
2 0.470703 0.009766 0.003906 0.003906
2 0.974609 0.057617 0.050781 0.107422
2 0.465820 0.003906 0.001953 0.007812
2 0.212891 0.012695 0.046875 0.025391
2 0.172852 0.128906 0.345703 0.257812
3 0.360352 0.999023 0.001953 0.001953
3 0.352539 0.980469 0.001953 0.003906
3 0.890625 0.975586 0.007812 0.005859
3 0.633789 0.974609 0.005859 0.003906
3 0.896484 0.970703 0.003906 0.003906
3 0.666992 0.956055 0.001953 0.001953
3 0.006836 0.758789 0.001953 0.001953
3 0.001953 0.751953 0.003906 0.007812
3 0.049805 0.625977 0.001953 0.001953
3 0.114258 0.561523 0.001953 0.001953
3 0.110352 0.557617 0.001953 0.001953
3 0.104492 0.547852 0.001953 0.001953
3 0.120117 0.528320 0.001953 0.001953
3 0.008789 0.528320 0.001953 0.001953
3 0.000977 0.528320 0.001953 0.001953
3 0.016602 0.521484 0.009766 0.019531
3 0.018555 0.508789 0.001953 0.001953
3 0.004883 0.515625 0.009766 0.015625
3 0.071289 0.499023 0.001953 0.001953
3 0.051758 0.463867 0.001953 0.001953
3 0.025391 0.461914 0.003906 0.005859
3 0.051758 0.454102 0.001953 0.001953
3 0.083984 0.385742 0.003906 0.001953
3 0.086914 0.381836 0.001953 0.001953
3 0.186523 0.159180 0.001953 0.001953
3 0.192383 0.154297 0.001953 0.007812
3 0.176758 0.140625 0.001953 0.003906
3 0.204102 0.127930 0.001953 0.001953
3 0.147461 0.122070 0.001953 0.001953
3 0.223633 0.119141 0.001953 0.003906
3 0.187500 0.093750 0.003906 0.007812
3 0.192383 0.075195 0.001953 0.001953
3 0.031250 0.065430 0.003906 0.001953
3 0.030273 0.061523 0.001953 0.001953
3 0.247070 0.066406 0.013672 0.015625
3 0.998047 0.064453 0.003906 0.023438
3 0.311523 0.053711 0.001953 0.001953
3 0.029297 0.034180 0.003906 0.001953
3 0.329102 0.030273 0.001953 0.001953
3 0.091797 0.029297 0.003906 0.003906
3 0.096680 0.026367 0.001953 0.001953
3 0.036133 0.027344 0.005859 0.003906
3 0.029297 0.021484 0.003906 0.007812
3 0.500000 0.500000 1.000000 1.000000
3 0.206055 0.002930 0.013672 0.005859
3 0.138672 0.063477 0.226562 0.126953
3 0.055664 0.005859 0.017578 0.011719
3 0.035156 0.001953 0.011719 0.003906