2 0.499023 0.999023 0.001953 0.001953
2 0.510742 0.998047 0.005859 0.003906
2 0.989258 0.996094 0.021484 0.007812
2 0.518555 0.968750 0.005859 0.003906
2 0.154297 0.960938 0.003906 0.007812
2 0.550781 0.953125 0.003906 0.003906
2 0.545898 0.950195 0.001953 0.001953
2 0.151367 0.952148 0.001953 0.005859
2 0.519531 0.947266 0.003906 0.003906
2 0.967773 0.943359 0.001953 0.003906
2 0.532227 0.932617 0.001953 0.001953
2 0.539062 0.947266 0.050781 0.042969
2 0.548828 0.929688 0.003906 0.007812
2 0.543945 0.926758 0.001953 0.001953
2 0.534180 0.927734 0.005859 0.003906
2 0.028320 0.925781 0.001953 0.003906
2 0.555664 0.922852 0.001953 0.001953
2 0.543945 0.922852 0.001953 0.001953
2 0.160156 0.938477 0.035156 0.041016
2 0.159180 0.916992 0.001953 0.001953
2 0.170898 0.915039 0.001953 0.001953
2 0.179688 0.918945 0.011719 0.017578
2 0.566406 0.915039 0.007812 0.013672
2 0.561523 0.899414 0.001953 0.001953
2 0.752930 0.891602 0.001953 0.001953
2 0.971680 0.885742 0.001953 0.001953
2 0.854492 0.850586 0.001953 0.001953
2 0.999023 0.849609 0.001953 0.003906
2 0.639648 0.836914 0.001953 0.001953
2 0.635742 0.831055 0.001953 0.001953
2 0.635742 0.826172 0.005859 0.003906
2 0.627930 0.823242 0.001953 0.001953
2 0.949219 0.886719 0.097656 0.136719
2 0.627930 0.818359 0.001953 0.003906
2 0.611328 0.817383 0.023438 0.013672
2 0.586914 0.809570 0.001953 0.001953
2 0.932617 0.805664 0.001953 0.001953
2 0.589844 0.806641 0.003906 0.003906
2 0.825195 0.801758 0.001953 0.001953
2 0.588867 0.800781 0.005859 0.003906
2 0.663086 0.799805 0.005859 0.005859
2 0.661133 0.795898 0.001953 0.001953
2 0.612305 0.795898 0.001953 0.001953
2 0.663086 0.791016 0.001953 0.003906
2 0.649414 0.790039 0.001953 0.001953
2 0.969727 0.786133 0.001953 0.001953
2 0.993164 0.780273 0.001953 0.001953
2 0.991211 0.776367 0.001953 0.001953
2 0.972656 0.775391 0.003906 0.003906
2 0.967773 0.774414 0.001953 0.001953
2 0.975586 0.772461 0.001953 0.001953
2 0.997070 0.773438 0.005859 0.007812
2 0.975586 0.764648 0.001953 0.001953
2 0.661133 0.756836 0.001953 0.001953
2 0.676758 0.754883 0.001953 0.001953
2 0.754883 0.826172 0.205078 0.156250
2 0.967773 0.745117 0.001953 0.001953
2 0.986328 0.752930 0.027344 0.033203
2 0.975586 0.733398 0.001953 0.001953
2 0.978516 0.699219 0.007812 0.007812
2 0.984375 0.695312 0.007812 0.007812
2 0.977539 0.692383 0.001953 0.001953
2 0.019531 0.650391 0.003906 0.003906
2 0.011719 0.638672 0.003906 0.003906
2 0.018555 0.633789 0.001953 0.001953
2 0.008789 0.630859 0.005859 0.003906
2 0.008789 0.651367 0.017578 0.052734
2 0.002930 0.622070 0.001953 0.001953
2 0.235352 0.608398 0.001953 0.001953
2 0.570312 0.607422 0.003906 0.003906
2 0.652344 0.640625 0.105469 0.089844
2 0.238281 0.588867 0.003906 0.001953
2 0.626953 0.578125 0.007812 0.007812
2 0.615234 0.574219 0.003906 0.003906
2 0.621094 0.571289 0.003906 0.001953
2 0.597656 0.589844 0.054688 0.042969
2 0.140625 0.571289 0.003906 0.005859
2 0.135742 0.567383 0.001953 0.001953
2 0.607422 0.568359 0.007812 0.007812
2 0.596680 0.565430 0.001953 0.001953
2 0.609375 0.559570 0.003906 0.001953
2 0.881836 0.552734 0.005859 0.003906
2 0.878906 0.546875 0.003906 0.003906
2 0.180664 0.536133 0.001953 0.001953
2 0.508789 0.499023 0.001953 0.001953
2 0.446289 0.499023 0.001953 0.001953
2 0.442383 0.496094 0.001953 0.003906
2 0.549805 0.496094 0.005859 0.007812
2 0.506836 0.493164 0.001953 0.001953
2 0.540039 0.487305 0.001953 0.001953
2 0.365234 0.487305 0.003906 0.001953
2 0.535156 0.493164 0.015625 0.021484
2 0.446289 0.482422 0.005859 0.003906
2 0.372070 0.486328 0.009766 0.015625
2 0.458008 0.477539 0.001953 0.001953
2 0.512695 0.475586 0.001953 0.001953
2 0.368164 0.459961 0.005859 0.009766
2 0.040039 0.418945 0.001953 0.001953
2 0.616211 0.409180 0.005859 0.005859
2 0.622070 0.404297 0.001953 0.003906
2 0.985352 0.401367 0.001953 0.001953
2 0.117188 0.507812 0.234375 0.218750
2 0.991211 0.421875 0.017578 0.054688
2 0.704102 0.334961 0.001953 0.001953
2 0.104492 0.327148 0.001953 0.001953
2 0.133789 0.323242 0.001953 0.001953
2 0.132812 0.319336 0.003906 0.001953
2 0.409180 0.318359 0.001953 0.003906
2 0.700195 0.316406 0.005859 0.003906
2 0.319336 0.315430 0.001953 0.001953
2 0.161133 0.313477 0.001953 0.001953
2 0.157227 0.313477 0.001953 0.001953
2 0.187500 0.312500 0.007812 0.003906
2 0.741211 0.305664 0.001953 0.001953
2 0.234375 0.307617 0.011719 0.005859
2 0.201172 0.306641 0.027344 0.015625
2 0.192383 0.299805 0.005859 0.001953
2 0.149414 0.291992 0.001953 0.001953
2 0.536133 0.290039 0.001953 0.001953
2 0.018555 0.286133 0.001953 0.001953
2 0.684570 0.280273 0.001953 0.001953
2 0.007812 0.284180 0.015625 0.017578
2 0.137695 0.300781 0.087891 0.054688
2 0.758789 0.270508 0.001953 0.001953
2 0.763672 0.269531 0.003906 0.003906
2 0.572266 0.269531 0.003906 0.003906
2 0.000977 0.268555 0.001953 0.001953
2 0.500977 0.266602 0.001953 0.001953
2 0.364258 0.262695 0.001953 0.001953
2 0.578125 0.257812 0.003906 0.003906
2 0.606445 0.249023 0.001953 0.001953
2 0.600586 0.248047 0.005859 0.003906
2 0.591797 0.245117 0.003906 0.005859
2 0.598633 0.241211 0.001953 0.001953
2 0.055664 0.242188 0.005859 0.003906
2 0.030273 0.237305 0.001953 0.001953
2 0.122070 0.233398 0.001953 0.001953
2 0.735352 0.273438 0.099609 0.093750
2 0.018555 0.223633 0.001953 0.001953
2 0.019531 0.229492 0.015625 0.013672
2 0.686523 0.219727 0.001953 0.001953
2 0.409180 0.216797 0.001953 0.003906
2 0.313477 0.206055 0.001953 0.001953
2 0.008789 0.212891 0.017578 0.015625
2 0.072266 0.227539 0.105469 0.052734
2 0.145508 0.184570 0.001953 0.001953
2 0.309570 0.182617 0.001953 0.001953
2 0.491211 0.343750 0.345703 0.328125
2 0.250977 0.170898 0.001953 0.001953
2 0.643555 0.170898 0.001953 0.005859
2 0.920898 0.157227 0.001953 0.001953
2 0.180664 0.155273 0.001953 0.001953
2 0.846680 0.147461 0.001953 0.001953
2 0.661133 0.139648 0.001953 0.001953
2 0.991211 0.118164 0.001953 0.001953
2 0.630859 0.087891 0.003906 0.003906
2 0.807617 0.082031 0.001953 0.003906
2 0.627930 0.074219 0.001953 0.003906
2 0.637695 0.072266 0.001953 0.003906
2 0.615234 0.113281 0.062500 0.093750
2 0.609375 0.064453 0.003906 0.003906
2 0.512695 0.053711 0.001953 0.001953
2 0.776367 0.041016 0.009766 0.007812
2 0.508789 0.032227 0.009766 0.017578
2 0.653320 0.017578 0.005859 0.003906
2 0.746094 0.027344 0.062500 0.035156
2 0.645508 0.008789 0.001953 0.001953
2 0.118164 0.008789 0.001953 0.001953
2 0.922852 0.083984 0.154297 0.167969
2 0.168945 0.108398 0.287109 0.216797
3 0.988281 0.999023 0.007812 0.001953
3 0.990234 0.753906 0.003906 0.003906
3 0.221680 0.600586 0.001953 0.001953
3 0.180664 0.583008 0.001953 0.001953
3 0.228516 0.581055 0.003906 0.001953
3 0.178711 0.579102 0.001953 0.001953
3 0.225586 0.573242 0.001953 0.001953
3 0.209961 0.565430 0.001953 0.001953
3 0.215820 0.564453 0.005859 0.003906
3 0.147461 0.563477 0.001953 0.001953
3 0.175781 0.542969 0.003906 0.003906
3 0.038086 0.428711 0.001953 0.001953
3 0.000977 0.282227 0.001953 0.001953
3 0.911133 0.155273 0.001953 0.001953
3 0.905273 0.153320 0.005859 0.001953
3 0.864258 0.151367 0.001953 0.001953
3 0.887695 0.151367 0.005859 0.005859
3 0.907227 0.148438 0.001953 0.003906
3 0.858398 0.141602 0.001953 0.001953
3 0.500000 0.500000 1.000000 1.000000