0 0.584961 0.999023 0.001953 0.001953
0 0.892578 0.997070 0.011719 0.005859
0 0.884766 0.995117 0.003906 0.001953
0 0.758789 0.997070 0.001953 0.005859
0 0.034180 0.969727 0.001953 0.001953
0 0.994141 0.975586 0.011719 0.017578
0 0.021484 0.977539 0.035156 0.021484
0 0.516602 0.958008 0.005859 0.005859
0 0.843750 0.939453 0.003906 0.003906
0 0.836914 0.938477 0.001953 0.001953
0 0.727539 0.938477 0.001953 0.001953
0 0.722656 0.938477 0.003906 0.001953
0 0.723633 0.934570 0.001953 0.001953
0 0.034180 0.930664 0.001953 0.001953
0 0.043945 0.923828 0.001953 0.007812
0 0.037109 0.919922 0.003906 0.003906
0 0.042969 0.916992 0.003906 0.001953
0 0.037109 0.914062 0.003906 0.003906
0 0.945312 0.918945 0.015625 0.017578
0 0.109375 0.892578 0.003906 0.003906
0 0.879883 0.893555 0.009766 0.009766
0 0.118164 0.889648 0.001953 0.001953
0 0.100586 0.889648 0.001953 0.001953
0 0.848633 0.887695 0.001953 0.001953
0 0.853516 0.892578 0.015625 0.015625
0 0.848633 0.882812 0.001953 0.003906
0 0.889648 0.874023 0.001953 0.001953
0 0.883789 0.872070 0.001953 0.001953
0 0.887695 0.870117 0.001953 0.001953
0 0.915039 0.869141 0.001953 0.003906
0 0.854492 0.868164 0.001953 0.001953
0 0.960938 0.883789 0.058594 0.037109
0 0.084961 0.844727 0.001953 0.001953
0 0.891602 0.840820 0.001953 0.001953
0 0.896484 0.836914 0.003906 0.001953
0 0.153320 0.836914 0.001953 0.001953
0 0.149414 0.837891 0.001953 0.003906
0 0.875977 0.835938 0.001953 0.003906
0 0.888672 0.833984 0.007812 0.003906
0 0.750977 0.823242 0.001953 0.001953
0 0.783203 0.817383 0.011719 0.005859
0 0.868164 0.809570 0.001953 0.001953
0 0.145508 0.809570 0.001953 0.001953
0 0.787109 0.808594 0.003906 0.003906
0 0.891602 0.801758 0.001953 0.001953
0 0.792969 0.801758 0.007812 0.001953
0 0.911133 0.799805 0.001953 0.001953
0 0.906250 0.827148 0.042969 0.056641
0 0.897461 0.800781 0.005859 0.003906
0 0.780273 0.800781 0.005859 0.003906
0 0.745117 0.799805 0.001953 0.001953
0 0.143555 0.800781 0.001953 0.003906
0 0.131836 0.799805 0.001953 0.001953
0 0.882812 0.795898 0.003906 0.001953
0 0.745117 0.795898 0.001953 0.001953
0 0.790039 0.793945 0.001953 0.001953
0 0.774414 0.793945 0.005859 0.001953
0 0.882812 0.791992 0.003906 0.001953
0 0.165039 0.794922 0.009766 0.007812
0 0.958008 0.790039 0.001953 0.001953
0 0.159180 0.791992 0.001953 0.005859
0 0.132812 0.790039 0.003906 0.001953
0 0.190430 0.784180 0.001953 0.001953
0 0.133789 0.783203 0.005859 0.003906
0 0.160156 0.783203 0.003906 0.007812
0 0.147461 0.792969 0.021484 0.031250
0 0.139648 0.779297 0.001953 0.003906
0 0.846680 0.774414 0.001953 0.001953
0 0.172852 0.770508 0.001953 0.001953
0 0.840820 0.768555 0.001953 0.001953
0 0.985352 0.797852 0.029297 0.064453
0 0.838867 0.763672 0.001953 0.003906
0 0.799805 0.739258 0.001953 0.001953
1 0.829102 0.712891 0.001953 0.003906
1 0.842773 0.706055 0.001953 0.001953
1 0.837891 0.705078 0.003906 0.003906
1 0.842773 0.702148 0.001953 0.001953
1 0.830078 0.701172 0.007812 0.007812
0 0.254883 0.694336 0.001953 0.001953
0 0.262695 0.688477 0.001953 0.001953
0 0.258789 0.688477 0.005859 0.009766
0 0.218750 0.682617 0.003906 0.005859
1 0.977539 0.676758 0.001953 0.001953
0 0.202148 0.666992 0.001953 0.001953
1 0.971680 0.657227 0.005859 0.005859
0 0.278320 0.653320 0.001953 0.001953
0 0.284180 0.639648 0.001953 0.001953
0 0.023438 0.643555 0.003906 0.009766
1 0.972656 0.620117 0.003906 0.001953
0 0.221680 0.620117 0.001953 0.001953
0 0.356445 0.618164 0.001953 0.001953
0 0.350586 0.618164 0.001953 0.001953
0 0.221680 0.616211 0.001953 0.001953
0 0.215820 0.616211 0.001953 0.001953
1 0.986328 0.615234 0.003906 0.003906
0 0.225586 0.612305 0.001953 0.001953
0 0.217773 0.610352 0.001953 0.001953
1 0.988281 0.575195 0.003906 0.001953
0 0.358398 0.575195 0.001953 0.001953
0 0.383789 0.573242 0.001953 0.001953
0 0.005859 0.574219 0.011719 0.011719
0 0.010742 0.567383 0.001953 0.001953
0 0.389648 0.565430 0.001953 0.001953
0 0.219727 0.563477 0.001953 0.001953
0 0.257812 0.562500 0.007812 0.003906
0 0.012695 0.564453 0.005859 0.007812
0 0.351562 0.546875 0.003906 0.007812
0 0.321289 0.540039 0.001953 0.001953
0 0.173828 0.541016 0.007812 0.003906
0 0.294922 0.537109 0.003906 0.003906
0 0.005859 0.541992 0.011719 0.013672
0 0.014648 0.534180 0.001953 0.001953
0 0.293945 0.532227 0.001953 0.001953
0 0.148438 0.534180 0.003906 0.005859
0 0.274414 0.530273 0.001953 0.001953
0 0.138672 0.531250 0.003906 0.003906
0 0.011719 0.530273 0.003906 0.001953
0 0.395508 0.528320 0.001953 0.001953
0 0.280273 0.527344 0.005859 0.003906
0 0.116211 0.526367 0.001953 0.001953
0 0.129883 0.522461 0.001953 0.001953
0 0.262695 0.516602 0.001953 0.001953
0 0.004883 0.516602 0.001953 0.001953
0 0.258789 0.514648 0.001953 0.001953
0 0.265625 0.513672 0.003906 0.003906
0 0.350586 0.511719 0.001953 0.003906
0 0.170898 0.510742 0.001953 0.001953
0 0.174805 0.508789 0.001953 0.001953
0 0.212891 0.540039 0.066406 0.068359
0 0.262695 0.504883 0.001953 0.001953
0 0.256836 0.504883 0.005859 0.001953
0 0.282227 0.502930 0.001953 0.001953
0 0.038086 0.503906 0.005859 0.003906
0 0.184570 0.506836 0.013672 0.013672
0 0.352539 0.499023 0.001953 0.001953
0 0.284180 0.499023 0.001953 0.001953
0 0.027344 0.500977 0.003906 0.005859
0 0.399414 0.493164 0.001953 0.001953
0 0.249023 0.493164 0.001953 0.001953
0 0.043945 0.494141 0.005859 0.003906
0 0.045898 0.487305 0.001953 0.001953
1 0.994141 0.485352 0.011719 0.013672
0 0.350586 0.461914 0.001953 0.001953
0 0.372070 0.461914 0.009766 0.005859
0 0.216797 0.441406 0.003906 0.003906
0 0.176758 0.440430 0.001953 0.001953
0 0.390625 0.436523 0.003906 0.001953
0 0.216797 0.436523 0.003906 0.001953
0 0.004883 0.436523 0.001953 0.001953
0 0.378906 0.435547 0.003906 0.003906
0 0.176758 0.434570 0.001953 0.001953
0 0.368164 0.437500 0.009766 0.011719
0 0.211914 0.432617 0.001953 0.001953
0 0.207031 0.440430 0.011719 0.017578
0 0.197266 0.435547 0.003906 0.007812
0 0.219727 0.431641 0.001953 0.003906
0 0.215820 0.430664 0.001953 0.001953
0 0.209961 0.426758 0.001953 0.001953
0 0.006836 0.426758 0.001953 0.001953
0 0.000977 0.424805 0.001953 0.001953
0 0.011719 0.423828 0.003906 0.003906
0 0.423828 0.407227 0.003906 0.001953
0 0.000977 0.386719 0.001953 0.003906
0 0.024414 0.370117 0.001953 0.001953
0 0.000977 0.370117 0.001953 0.001953
0 0.014648 0.368164 0.001953 0.001953
0 0.999023 0.327148 0.001953 0.001953
1 0.989258 0.229492 0.001953 0.001953
1 0.984375 0.229492 0.003906 0.001953
1 0.983398 0.116211 0.001953 0.001953
1 0.993164 0.114258 0.005859 0.001953
1 0.986328 0.112305 0.003906 0.001953
0 0.500000 0.500000 1.000000 1.000000
2 0.190430 0.999023 0.001953 0.001953
2 0.780273 0.997070 0.001953 0.001953
2 0.632812 0.995117 0.003906 0.001953
2 0.194336 0.991211 0.001953 0.001953
2 0.751953 0.994141 0.023438 0.011719
2 0.734375 0.989258 0.003906 0.005859
2 0.518555 0.985352 0.001953 0.001953
2 0.555664 0.986328 0.013672 0.007812
2 0.601562 0.989258 0.066406 0.021484
2 0.446289 0.973633 0.001953 0.001953
2 0.796875 0.969727 0.003906 0.005859
2 0.188477 0.966797 0.005859 0.007812
2 0.805664 0.960938 0.005859 0.003906
2 0.500977 0.956055 0.001953 0.001953
2 0.077148 0.956055 0.001953 0.001953
2 0.820312 0.952148 0.003906 0.001953
2 0.806641 0.954102 0.019531 0.005859
2 0.825195 0.948242 0.001953 0.001953
2 0.821289 0.948242 0.001953 0.001953
2 0.455078 0.946289 0.003906 0.001953
2 0.272461 0.948242 0.001953 0.005859
2 0.247070 0.948242 0.013672 0.005859
2 0.499023 0.944336 0.001953 0.001953
2 0.704102 0.942383 0.001953 0.001953
2 0.270508 0.944336 0.005859 0.005859
2 0.201172 0.944336 0.007812 0.005859
2 0.702148 0.938477 0.001953 0.001953
2 0.527344 0.936523 0.003906 0.001953
2 0.463867 0.943359 0.013672 0.015625
2 0.266602 0.937500 0.001953 0.003906
3 0.237305 0.938477 0.013672 0.005859
2 0.537109 0.937500 0.011719 0.007812
2 0.484375 0.965820 0.105469 0.068359
2 0.491211 0.932617 0.001953 0.001953
2 0.485352 0.932617 0.001953 0.001953
2 0.480469 0.932617 0.003906 0.005859
2 0.256836 0.930664 0.001953 0.001953
2 0.254883 0.926758 0.001953 0.001953
3 0.242188 0.929688 0.007812 0.007812
2 0.831055 0.924805 0.001953 0.001953
2 0.483398 0.924805 0.005859 0.001953
2 0.381836 0.926758 0.005859 0.005859
2 0.823242 0.923828 0.001953 0.003906
2 0.409180 0.922852 0.001953 0.001953
2 0.244141 0.919922 0.007812 0.007812
2 0.670898 0.911133 0.001953 0.001953
2 0.390625 0.909180 0.003906 0.001953
2 0.811523 0.911133 0.029297 0.017578
2 0.833008 0.901367 0.001953 0.001953
2 0.666992 0.904297 0.005859 0.007812
2 0.416992 0.910156 0.029297 0.019531
2 0.678711 0.899414 0.001953 0.001953
2 0.375000 0.908203 0.019531 0.019531
2 0.295898 0.903320 0.005859 0.009766
2 0.230469 0.900391 0.011719 0.003906
3 0.217773 0.913086 0.025391 0.033203
2 0.411133 0.895508 0.001953 0.001953
3 0.303711 0.897461 0.009766 0.005859
2 0.221680 0.895508 0.001953 0.001953
2 0.241211 0.893555 0.001953 0.001953
2 0.406250 0.892578 0.003906 0.003906
2 0.217773 0.892578 0.001953 0.003906
2 0.448242 0.889648 0.001953 0.001953
2 0.387695 0.889648 0.001953 0.001953
2 0.140625 0.891602 0.007812 0.005859
3 0.301758 0.887695 0.001953 0.001953
2 0.264648 0.887695 0.001953 0.001953
2 0.221680 0.889648 0.005859 0.005859
2 0.807617 0.885742 0.001953 0.001953
2 0.680664 0.885742 0.001953 0.001953
2 0.513672 0.886719 0.003906 0.003906
3 0.309570 0.885742 0.001953 0.001953
2 0.376953 0.888672 0.003906 0.011719
3 0.283203 0.889648 0.023438 0.017578
2 0.254883 0.883789 0.005859 0.005859
2 0.249023 0.881836 0.001953 0.001953
2 0.765625 0.885742 0.003906 0.013672
2 0.540039 0.879883 0.001953 0.001953
2 0.523438 0.880859 0.011719 0.003906
2 0.514648 0.880859 0.001953 0.003906
2 0.136719 0.881836 0.007812 0.005859
2 0.107422 0.879883 0.007812 0.009766
2 0.525391 0.875000 0.003906 0.003906
2 0.264648 0.877930 0.005859 0.009766
2 0.538086 0.872070 0.001953 0.001953
2 0.522461 0.872070 0.001953 0.001953
2 0.565430 0.870117 0.001953 0.001953
2 0.706055 0.933594 0.060547 0.132812
2 0.557617 0.868164 0.001953 0.001953
2 0.092773 0.868164 0.001953 0.001953
2 0.545898 0.870117 0.005859 0.009766
3 0.323242 0.876953 0.009766 0.023438
3 0.301758 0.866211 0.001953 0.001953
2 0.827148 0.864258 0.001953 0.001953
2 0.754883 0.864258 0.001953 0.001953
2 0.565430 0.864258 0.001953 0.001953
2 0.831055 0.864258 0.001953 0.005859
2 0.755859 0.859375 0.003906 0.003906
3 0.288086 0.858398 0.001953 0.001953
2 0.690430 0.859375 0.001953 0.007812
2 0.856445 0.852539 0.001953 0.001953
2 0.415039 0.852539 0.001953 0.001953
2 0.149414 0.852539 0.001953 0.001953
2 0.608398 0.851562 0.001953 0.003906
2 0.536133 0.850586 0.001953 0.001953
2 0.471680 0.850586 0.001953 0.001953
2 0.425781 0.851562 0.003906 0.003906
2 0.324219 0.855469 0.003906 0.011719
2 0.864258 0.848633 0.001953 0.001953
2 0.545898 0.848633 0.001953 0.001953
2 0.418945 0.848633 0.001953 0.001953
3 0.301758 0.848633 0.001953 0.001953
2 0.133789 0.851562 0.013672 0.007812
2 0.118164 0.848633 0.001953 0.001953
2 0.840820 0.846680 0.001953 0.001953
3 0.309570 0.849609 0.005859 0.007812
3 0.297852 0.849609 0.005859 0.007812
2 0.459961 0.856445 0.021484 0.025391
2 0.362305 0.844727 0.001953 0.001953
3 0.318359 0.845703 0.007812 0.003906
3 0.279297 0.848633 0.007812 0.009766
2 0.762695 0.843750 0.001953 0.003906
2 0.442383 0.846680 0.009766 0.009766
2 0.386719 0.842773 0.003906 0.001953
2 0.120117 0.843750 0.005859 0.003906
2 0.105469 0.849609 0.015625 0.015625
2 0.387695 0.838867 0.001953 0.001953
2 0.746094 0.834961 0.003906 0.001953
2 0.274414 0.837891 0.001953 0.007812
2 0.452148 0.833008 0.001953 0.001953
2 0.831055 0.831055 0.001953 0.001953
2 0.850586 0.825195 0.001953 0.001953
2 0.997070 0.823242 0.001953 0.001953
2 0.841797 0.825195 0.003906 0.005859
2 0.416992 0.824219 0.005859 0.003906
3 0.268555 0.824219 0.001953 0.003906
2 0.470703 0.829102 0.019531 0.017578
2 0.842773 0.818359 0.001953 0.003906
2 0.438477 0.815430 0.001953 0.001953
2 0.862305 0.813477 0.001953 0.001953
3 0.287109 0.814453 0.007812 0.007812
2 0.593750 0.808594 0.003906 0.011719
3 0.330078 0.804688 0.003906 0.003906
2 0.689453 0.799805 0.007812 0.005859
2 0.696289 0.795898 0.001953 0.001953
2 0.692383 0.795898 0.001953 0.001953
2 0.594727 0.795898 0.001953 0.001953
2 0.578125 0.812500 0.023438 0.035156
2 0.981445 0.790039 0.001953 0.001953
2 0.698242 0.788086 0.001953 0.001953
3 0.328125 0.789062 0.003906 0.003906
2 0.686523 0.788086 0.017578 0.009766
2 0.893555 0.782227 0.001953 0.001953
2 0.702148 0.782227 0.001953 0.001953
3 0.279297 0.785156 0.007812 0.007812
2 0.704102 0.777344 0.005859 0.003906
2 0.274414 0.777344 0.017578 0.003906
2 0.184570 0.774414 0.001953 0.001953
2 0.722656 0.766602 0.003906 0.001953
2 0.737305 0.768555 0.017578 0.009766
3 0.313477 0.764648 0.001953 0.001953
2 0.283203 0.765625 0.007812 0.007812
2 0.924805 0.752930 0.001953 0.001953
2 0.754883 0.752930 0.009766 0.001953
2 0.940430 0.750977 0.001953 0.001953
2 0.772461 0.760742 0.021484 0.021484
3 0.756836 0.749023 0.001953 0.001953
2 0.967773 0.747070 0.001953 0.001953
3 0.568359 0.746094 0.003906 0.003906
3 0.330078 0.742188 0.003906 0.003906
2 0.983398 0.727539 0.001953 0.001953
3 0.752930 0.725586 0.001953 0.001953
2 0.180664 0.719727 0.001953 0.001953
2 0.328125 0.715820 0.003906 0.005859
3 0.741211 0.711914 0.001953 0.001953
3 0.737305 0.710938 0.001953 0.003906
3 0.875000 0.708008 0.007812 0.005859
3 0.350586 0.706055 0.001953 0.001953
3 0.715820 0.704102 0.001953 0.001953
2 0.335938 0.703125 0.003906 0.003906
2 0.342773 0.702148 0.005859 0.005859
2 0.282227 0.698242 0.001953 0.001953
2 0.268555 0.700195 0.001953 0.005859
3 0.739258 0.692383 0.001953 0.001953
2 0.311523 0.692383 0.001953 0.001953
2 0.276367 0.694336 0.005859 0.009766
2 0.308594 0.688477 0.003906 0.001953
2 0.317383 0.684570 0.005859 0.001953
3 0.842773 0.680664 0.001953 0.001953
3 0.768555 0.679688 0.013672 0.003906
3 0.752930 0.682617 0.009766 0.009766
2 0.861328 0.835938 0.277344 0.328125
3 0.754883 0.672852 0.001953 0.001953
3 0.750977 0.672852 0.001953 0.001953
3 0.499023 0.672852 0.001953 0.001953
3 0.487305 0.672852 0.001953 0.001953
3 0.534180 0.665039 0.001953 0.001953
2 0.288086 0.659180 0.001953 0.001953
3 0.886719 0.686523 0.062500 0.060547
3 0.633789 0.657227 0.001953 0.001953
3 0.609375 0.654297 0.003906 0.003906
3 0.469727 0.649414 0.001953 0.001953
2 0.291016 0.649414 0.003906 0.005859
3 0.551758 0.645508 0.001953 0.001953
3 0.523438 0.742188 0.457031 0.199219
2 0.686523 0.639648 0.001953 0.001953
3 0.596680 0.639648 0.001953 0.001953
2 0.643555 0.637695 0.001953 0.001953
3 0.455078 0.637695 0.003906 0.001953
3 0.698242 0.633789 0.001953 0.001953
3 0.625000 0.636719 0.007812 0.007812
3 0.706055 0.631836 0.001953 0.001953
3 0.702148 0.631836 0.001953 0.001953
3 0.506836 0.631836 0.001953 0.001953
2 0.339844 0.640625 0.015625 0.019531
3 0.624023 0.629883 0.001953 0.001953
2 0.374023 0.629883 0.001953 0.001953
2 0.340820 0.629883 0.001953 0.001953
2 0.334961 0.629883 0.001953 0.001953
3 0.968750 0.657227 0.062500 0.060547
3 0.945312 0.627930 0.003906 0.001953
3 0.849609 0.629883 0.007812 0.005859
3 0.783203 0.627930 0.003906 0.001953
3 0.698242 0.627930 0.001953 0.001953
3 0.508789 0.627930 0.001953 0.001953
3 0.937500 0.626953 0.003906 0.003906
3 0.858398 0.624023 0.001953 0.001953
2 0.620117 0.624023 0.001953 0.001953
2 0.291992 0.624023 0.001953 0.001953
3 0.854492 0.622070 0.001953 0.001953
3 0.700195 0.622070 0.001953 0.001953
3 0.931641 0.620117 0.003906 0.001953
3 0.607422 0.631836 0.023438 0.025391
2 0.640625 0.626953 0.027344 0.019531
3 0.846680 0.617188 0.001953 0.003906
3 0.813477 0.624023 0.044922 0.033203
2 0.592773 0.608398 0.001953 0.001953
2 0.629883 0.609375 0.001953 0.007812
3 0.737305 0.596680 0.005859 0.001953
2 0.611328 0.598633 0.015625 0.013672
3 0.743164 0.590820 0.001953 0.001953
2 0.618164 0.591797 0.001953 0.003906
2 0.614258 0.590820 0.001953 0.001953
2 0.588867 0.603516 0.017578 0.027344
3 0.907227 0.588867 0.001953 0.001953
2 0.624023 0.588867 0.001953 0.001953
2 0.359375 0.586914 0.003906 0.001953
3 0.898438 0.585938 0.003906 0.003906
2 0.622070 0.584961 0.001953 0.001953
3 0.896484 0.614258 0.070312 0.064453
3 0.897461 0.581055 0.001953 0.001953
3 0.889648 0.580078 0.005859 0.003906
2 0.319336 0.579102 0.001953 0.001953
2 0.624023 0.578125 0.001953 0.007812
2 0.612305 0.576172 0.001953 0.003906
2 0.612305 0.571289 0.005859 0.001953
2 0.622070 0.570312 0.005859 0.003906
2 0.399414 0.569336 0.001953 0.001953
2 0.627930 0.565430 0.001953 0.001953
2 0.602539 0.563477 0.001953 0.001953
3 0.987305 0.574219 0.025391 0.042969
2 0.619141 0.552734 0.003906 0.003906
2 0.428711 0.545898 0.001953 0.001953
2 0.467773 0.574219 0.033203 0.062500
2 0.455078 0.544922 0.003906 0.003906
2 0.428711 0.541992 0.001953 0.001953
2 0.613281 0.540039 0.003906 0.001953
2 0.463867 0.540039 0.001953 0.001953
2 0.497070 0.535156 0.001953 0.003906
3 0.972656 0.580078 0.054688 0.101562
2 0.499023 0.530273 0.001953 0.001953
3 0.756836 0.602539 0.087891 0.162109
2 0.594727 0.545898 0.044922 0.048828
3 0.890625 0.541016 0.039062 0.042969
2 0.469727 0.528320 0.037109 0.017578
2 0.453125 0.521484 0.003906 0.003906
2 0.565430 0.518555 0.001953 0.001953
3 0.969727 0.512695 0.001953 0.001953
3 0.959961 0.511719 0.009766 0.007812
3 0.964844 0.507812 0.003906 0.003906
3 0.951172 0.508789 0.003906 0.005859
2 0.123047 0.506836 0.003906 0.001953
2 0.114258 0.502930 0.001953 0.001953
3 0.962891 0.501953 0.003906 0.003906
2 0.557617 0.506836 0.013672 0.017578
2 0.107422 0.498047 0.003906 0.003906
2 0.053711 0.493164 0.001953 0.001953
2 0.495117 0.487305 0.001953 0.001953
2 0.542969 0.494141 0.019531 0.023438
3 0.955078 0.482422 0.003906 0.003906
2 0.834961 0.488281 0.013672 0.015625
3 0.948242 0.477539 0.001953 0.001953
2 0.497070 0.475586 0.001953 0.001953
2 0.426758 0.484375 0.029297 0.019531
2 0.056641 0.471680 0.003906 0.001953
2 0.249023 0.465820 0.001953 0.001953
2 0.035156 0.466797 0.003906 0.003906
3 0.657227 0.461914 0.001953 0.001953
2 0.069336 0.461914 0.001953 0.001953
3 0.961914 0.462891 0.005859 0.007812
3 0.704102 0.458008 0.001953 0.001953
3 0.963867 0.456055 0.001953 0.001953
2 0.381836 0.455078 0.001953 0.003906
2 0.166016 0.458008 0.011719 0.009766
3 0.981445 0.452148 0.001953 0.001953
3 0.672852 0.452148 0.001953 0.001953
3 0.483398 0.452148 0.001953 0.001953
2 0.173828 0.453125 0.003906 0.003906
3 0.476562 0.468750 0.039062 0.039062
3 0.689453 0.453125 0.007812 0.011719
2 0.309570 0.448242 0.001953 0.001953
3 0.967773 0.449219 0.017578 0.007812
3 0.486328 0.444336 0.003906 0.001953
3 0.677734 0.447266 0.007812 0.011719
2 0.405273 0.442383 0.001953 0.001953
3 0.478516 0.440430 0.007812 0.005859
3 0.715820 0.436523 0.001953 0.001953
3 0.632812 0.449219 0.027344 0.027344
3 0.603516 0.437500 0.011719 0.003906
3 0.703125 0.446289 0.023438 0.025391
2 0.498047 0.435547 0.003906 0.003906
2 0.334961 0.434570 0.001953 0.001953
2 0.020508 0.430664 0.001953 0.001953
3 0.979492 0.479492 0.041016 0.103516
3 0.715820 0.428711 0.001953 0.001953
3 0.687500 0.428711 0.003906 0.001953
3 0.471680 0.430664 0.005859 0.005859
2 0.156250 0.432617 0.011719 0.009766
2 0.024414 0.428711 0.001953 0.001953
2 0.464844 0.426758 0.003906 0.001953
2 0.454102 0.426758 0.001953 0.001953
2 0.395508 0.427734 0.001953 0.003906
2 0.334961 0.428711 0.005859 0.005859
2 0.241211 0.426758 0.001953 0.001953
2 0.471680 0.424805 0.001953 0.001953
3 0.721680 0.422852 0.001953 0.001953
2 0.358398 0.422852 0.001953 0.001953
2 0.024414 0.422852 0.001953 0.001953
2 0.370117 0.420898 0.001953 0.001953
2 0.217773 0.416992 0.001953 0.001953
2 0.210938 0.416992 0.003906 0.001953
2 0.282227 0.417969 0.009766 0.007812
2 0.270508 0.415039 0.001953 0.001953
2 0.274414 0.413086 0.001953 0.001953
2 0.454102 0.417969 0.017578 0.015625
2 0.112305 0.412109 0.001953 0.003906
2 0.372070 0.409180 0.001953 0.001953
2 0.274414 0.409180 0.005859 0.001953
2 0.925781 0.411133 0.007812 0.013672
3 0.374023 0.405273 0.001953 0.001953
3 0.370117 0.405273 0.001953 0.001953
2 0.206055 0.401367 0.001953 0.001953
2 0.182617 0.397461 0.001953 0.001953
3 0.391602 0.409180 0.017578 0.029297
2 0.215820 0.697266 0.431641 0.605469
3 0.596680 0.393555 0.001953 0.001953
2 0.113281 0.406250 0.019531 0.031250
2 0.195312 0.391602 0.003906 0.005859
3 0.383789 0.388672 0.009766 0.003906
2 0.185547 0.388672 0.003906 0.003906
2 0.436523 0.385742 0.001953 0.001953
2 0.189453 0.383789 0.003906 0.001953
2 0.291016 0.381836 0.003906 0.001953
2 0.122070 0.381836 0.001953 0.001953
3 0.868164 0.379883 0.001953 0.001953
2 0.424805 0.379883 0.001953 0.001953
2 0.288086 0.377930 0.001953 0.001953
2 0.276367 0.377930 0.001953 0.001953
2 0.083008 0.377930 0.001953 0.001953
3 0.670898 0.375977 0.001953 0.001953
2 0.075195 0.376953 0.001953 0.003906
2 0.024414 0.375977 0.001953 0.001953
3 0.719727 0.376953 0.013672 0.007812
3 0.613281 0.374023 0.003906 0.001953
3 0.750977 0.373047 0.009766 0.003906
2 0.741211 0.372070 0.001953 0.001953
3 0.735352 0.372070 0.001953 0.001953
3 0.669922 0.372070 0.003906 0.001953
2 0.255859 0.383789 0.015625 0.025391
2 0.797852 0.370117 0.001953 0.001953
3 0.725586 0.370117 0.001953 0.001953
3 0.620117 0.370117 0.001953 0.001953
3 0.750977 0.368164 0.001953 0.001953
3 0.737305 0.368164 0.001953 0.001953
3 0.692383 0.377930 0.029297 0.021484
3 0.617188 0.390625 0.070312 0.046875
2 0.283203 0.370117 0.003906 0.005859
2 0.081055 0.371094 0.005859 0.007812
3 0.746094 0.366211 0.003906 0.001953
2 0.290039 0.368164 0.005859 0.005859
2 0.269531 0.367188 0.003906 0.003906
3 0.733398 0.365234 0.001953 0.003906
2 0.086914 0.366211 0.001953 0.005859
3 0.598633 0.362305 0.001953 0.001953
2 0.020508 0.408203 0.041016 0.093750
3 0.824219 0.362305 0.007812 0.005859
3 0.733398 0.358398 0.001953 0.001953
3 0.655273 0.364258 0.017578 0.013672
3 0.761719 0.357422 0.003906 0.003906
3 0.749023 0.355469 0.017578 0.011719
3 0.875977 0.348633 0.001953 0.001953
2 0.463867 0.358398 0.029297 0.021484
3 0.871094 0.346680 0.003906 0.001953
3 0.062500 0.347656 0.007812 0.007812
3 0.481445 0.338867 0.001953 0.001953
2 0.077148 0.349609 0.013672 0.023438
2 0.991211 0.334961 0.001953 0.001953
2 0.124023 0.324219 0.001953 0.003906
2 0.996094 0.333008 0.007812 0.029297
3 0.249023 0.325195 0.013672 0.013672
3 0.715820 0.317383 0.001953 0.001953
2 0.098633 0.315430 0.001953 0.001953
3 0.719727 0.313477 0.005859 0.001953
2 0.106445 0.321289 0.029297 0.017578
2 0.102539 0.313477 0.001953 0.001953
2 0.106445 0.311523 0.001953 0.001953
3 0.329102 0.317383 0.041016 0.017578
2 0.202148 0.313477 0.005859 0.009766
3 0.934570 0.307617 0.001953 0.001953
3 0.955078 0.304688 0.003906 0.003906
3 0.745117 0.329102 0.037109 0.052734
2 0.116211 0.303711 0.001953 0.001953
2 0.131836 0.303711 0.009766 0.009766
3 0.966797 0.295898 0.003906 0.001953
2 0.105469 0.300781 0.015625 0.011719
3 0.955078 0.293945 0.007812 0.005859
3 0.953125 0.289062 0.003906 0.003906
3 0.956055 0.286133 0.001953 0.001953
3 0.734375 0.281250 0.007812 0.011719
3 0.999023 0.274414 0.001953 0.001953
3 0.041992 0.272461 0.001953 0.001953
3 0.835938 0.268555 0.003906 0.001953
3 0.850586 0.266602 0.001953 0.001953
3 0.842773 0.317383 0.072266 0.103516
3 0.968750 0.263672 0.003906 0.003906
3 0.999023 0.260742 0.001953 0.001953
3 0.831055 0.261719 0.017578 0.011719
3 0.842773 0.252930 0.001953 0.001953
3 0.738281 0.263672 0.027344 0.027344
3 0.841797 0.249023 0.003906 0.001953
3 0.835938 0.250000 0.003906 0.003906
3 0.837891 0.244141 0.003906 0.003906
2 0.654297 0.242188 0.003906 0.003906
2 0.654297 0.232422 0.007812 0.003906
2 0.653320 0.227539 0.001953 0.001953
3 0.568359 0.213867 0.003906 0.001953
3 0.487305 0.208008 0.001953 0.001953
2 0.465820 0.202148 0.001953 0.001953
3 0.489258 0.201172 0.009766 0.007812
3 0.534180 0.199219 0.017578 0.011719
3 0.986328 0.231445 0.027344 0.087891
3 0.996094 0.184570 0.003906 0.001953
3 0.989258 0.185547 0.005859 0.003906
3 0.995117 0.180664 0.001953 0.001953
3 0.924805 0.178711 0.001953 0.001953
2 0.072266 0.169922 0.003906 0.003906
3 0.641602 0.164062 0.005859 0.003906
3 0.634766 0.166016 0.003906 0.007812
3 0.922852 0.159180 0.001953 0.001953
2 0.081055 0.157227 0.001953 0.001953
2 0.073242 0.158203 0.005859 0.003906
3 0.948242 0.141602 0.001953 0.001953
2 0.493164 0.141602 0.009766 0.005859
2 0.641602 0.144531 0.029297 0.023438
2 0.640625 0.130859 0.003906 0.003906
2 0.149414 0.125977 0.001953 0.001953
3 0.999023 0.122070 0.001953 0.001953
3 0.331055 0.120117 0.001953 0.001953
3 0.292969 0.120117 0.003906 0.001953
2 0.148438 0.119141 0.003906 0.003906
3 0.294922 0.116211 0.003906 0.001953
3 0.250000 0.124023 0.015625 0.017578
3 0.932617 0.130859 0.044922 0.035156
3 0.698242 0.110352 0.001953 0.001953
3 0.146484 0.111328 0.007812 0.003906
3 0.692383 0.108398 0.001953 0.001953
3 0.705078 0.109375 0.003906 0.007812
3 0.686523 0.106445 0.001953 0.001953
3 0.278320 0.106445 0.005859 0.001953
3 0.980469 0.115234 0.039062 0.023438
3 0.691406 0.104492 0.003906 0.001953
3 0.885742 0.104492 0.009766 0.005859
3 0.261719 0.098633 0.003906 0.001953
3 0.252930 0.098633 0.001953 0.001953
3 0.350586 0.102539 0.025391 0.021484
3 0.333008 0.093750 0.005859 0.003906
3 0.993164 0.090820 0.001953 0.001953
3 0.297852 0.091797 0.060547 0.031250
3 0.734375 0.077148 0.007812 0.017578
2 0.407227 0.072266 0.021484 0.011719
3 0.843750 0.060547 0.007812 0.003906
3 0.998047 0.058594 0.003906 0.003906
3 0.705078 0.063477 0.019531 0.013672
3 0.853516 0.052734 0.003906 0.003906
2 0.995117 0.046875 0.009766 0.003906
3 0.855469 0.045898 0.007812 0.005859
2 0.998047 0.038086 0.003906 0.001953
2 0.014648 0.020508 0.001953 0.001953
2 0.009766 0.012695 0.015625 0.009766
2 0.315430 0.000977 0.005859 0.001953