2 0.688477 0.999023 0.001953 0.001953
2 0.575195 0.991211 0.001953 0.001953
2 0.262695 0.989258 0.001953 0.001953
2 0.271484 0.993164 0.042969 0.013672
2 0.213867 0.985352 0.001953 0.001953
2 0.461914 0.984375 0.005859 0.003906
2 0.295898 0.983398 0.005859 0.001953
2 0.273438 0.984375 0.003906 0.003906
2 0.612305 0.981445 0.001953 0.001953
2 0.595703 0.989258 0.035156 0.021484
2 0.225586 0.979492 0.001953 0.001953
2 0.932617 0.977539 0.001953 0.001953
2 0.208008 0.977539 0.001953 0.001953
2 0.462891 0.975586 0.011719 0.009766
2 0.291992 0.971680 0.001953 0.001953
2 0.291992 0.967773 0.005859 0.001953
2 0.813477 0.965820 0.001953 0.001953
2 0.601562 0.964844 0.007812 0.007812
2 0.598633 0.959961 0.001953 0.001953
2 0.515625 0.961914 0.003906 0.005859
2 0.214844 0.966797 0.011719 0.019531
2 0.594727 0.958008 0.001953 0.005859
2 0.987305 0.950195 0.001953 0.001953
2 0.528320 0.971680 0.041016 0.056641
2 0.237305 0.940430 0.009766 0.009766
2 0.250977 0.936523 0.009766 0.009766
2 0.452148 0.924805 0.001953 0.001953
2 0.684570 0.922852 0.001953 0.001953
2 0.458008 0.920898 0.001953 0.001953
2 0.508789 0.920898 0.005859 0.009766
2 0.149414 0.916992 0.005859 0.009766
2 0.503906 0.916016 0.007812 0.015625
2 0.439453 0.953125 0.113281 0.093750
2 0.088867 0.905273 0.001953 0.001953
2 0.678711 0.901367 0.001953 0.001953
2 0.513672 0.904297 0.007812 0.007812
2 0.673828 0.899414 0.003906 0.001953
2 0.474609 0.907227 0.019531 0.017578
2 0.754883 0.883789 0.001953 0.001953
2 0.690430 0.884766 0.005859 0.003906
2 0.762695 0.879883 0.001953 0.001953
2 0.755859 0.879883 0.003906 0.001953
2 0.227539 0.879883 0.001953 0.001953
2 0.692383 0.877930 0.001953 0.001953
2 0.746094 0.876953 0.007812 0.003906
2 0.686523 0.875977 0.001953 0.001953
2 0.760742 0.874023 0.001953 0.001953
2 0.545898 0.870117 0.001953 0.001953
2 0.469727 0.868164 0.001953 0.001953
2 0.456055 0.887695 0.041016 0.056641
2 0.272461 0.849609 0.005859 0.003906
2 0.566406 0.857422 0.015625 0.023438
2 0.077148 0.921875 0.154297 0.156250
2 0.842773 0.916016 0.314453 0.167969
2 0.689453 0.828125 0.007812 0.003906
2 0.479492 0.825195 0.001953 0.001953
2 0.783203 0.807617 0.003906 0.001953
2 0.633789 0.807617 0.001953 0.001953
2 0.126953 0.807617 0.003906 0.001953
2 0.778320 0.805664 0.001953 0.001953
2 0.795898 0.803711 0.001953 0.001953
2 0.767578 0.805664 0.007812 0.005859
2 0.757812 0.802734 0.003906 0.003906
2 0.500977 0.819336 0.041016 0.037109
2 0.895508 0.793945 0.001953 0.001953
2 0.602539 0.817383 0.044922 0.048828
2 0.903320 0.795898 0.017578 0.009766
2 0.622070 0.790039 0.001953 0.001953
2 0.165039 0.777344 0.001953 0.003906
2 0.671875 0.798828 0.066406 0.054688
2 0.411133 0.760742 0.001953 0.001953
2 0.161133 0.758789 0.001953 0.001953
2 0.164062 0.765625 0.019531 0.023438
2 0.442383 0.772461 0.060547 0.052734
2 0.350586 0.733398 0.001953 0.001953
2 0.574219 0.732422 0.003906 0.003906
2 0.564453 0.727539 0.003906 0.001953
2 0.416992 0.721680 0.001953 0.001953
2 0.290039 0.810547 0.251953 0.187500
2 0.262695 0.713867 0.001953 0.001953
2 0.038086 0.713867 0.001953 0.001953
2 0.569336 0.708984 0.001953 0.003906
2 0.270508 0.706055 0.001953 0.001953
2 0.042969 0.706055 0.007812 0.001953
2 0.577148 0.704102 0.001953 0.001953
2 0.295898 0.678711 0.001953 0.001953
2 0.299805 0.675781 0.001953 0.003906
2 0.999023 0.672852 0.001953 0.001953
2 0.619141 0.670898 0.003906 0.001953
2 0.877930 0.668945 0.001953 0.001953
2 0.754883 0.668945 0.005859 0.009766
2 0.572266 0.679688 0.074219 0.050781
2 0.640625 0.659180 0.054688 0.041016
2 0.081055 0.637695 0.001953 0.001953
2 0.651367 0.636719 0.001953 0.003906
2 0.725586 0.622070 0.001953 0.001953
2 0.348633 0.622070 0.001953 0.001953
2 0.344727 0.645508 0.033203 0.048828
2 0.708984 0.616211 0.007812 0.001953
2 0.998047 0.595703 0.003906 0.003906
2 0.768555 0.592773 0.001953 0.001953
2 0.715820 0.603516 0.025391 0.031250
2 0.798828 0.587891 0.003906 0.003906
2 0.699219 0.588867 0.003906 0.005859
2 0.160156 0.725586 0.320312 0.279297
2 0.769531 0.580078 0.003906 0.003906
2 0.895508 0.577148 0.001953 0.001953
2 0.779297 0.572266 0.003906 0.003906
2 0.797852 0.582031 0.048828 0.035156
2 0.061523 0.553711 0.001953 0.001953
2 0.024414 0.551758 0.001953 0.001953
2 0.958984 0.548828 0.003906 0.003906
2 0.950195 0.547852 0.001953 0.001953
2 0.049805 0.540039 0.001953 0.001953
2 0.875000 0.676758 0.250000 0.279297
2 0.047852 0.536133 0.001953 0.001953
2 0.438477 0.532227 0.001953 0.001953
2 0.045898 0.532227 0.001953 0.001953
2 0.231445 0.528320 0.001953 0.001953
2 0.270508 0.526367 0.001953 0.001953
2 0.432617 0.524414 0.001953 0.001953
2 0.193359 0.552734 0.066406 0.058594
2 0.047852 0.611328 0.095703 0.183594
2 0.152344 0.521484 0.003906 0.007812
2 0.143555 0.518555 0.001953 0.001953
2 0.415039 0.530273 0.025391 0.029297
2 0.055664 0.518555 0.005859 0.013672
2 0.268555 0.510742 0.001953 0.001953
2 0.151367 0.512695 0.005859 0.005859
2 0.062500 0.503906 0.003906 0.003906
2 0.059570 0.499023 0.001953 0.001953
2 0.566406 0.498047 0.003906 0.003906
2 0.073242 0.501953 0.005859 0.011719
2 0.423828 0.502930 0.039062 0.029297
2 0.610352 0.487305 0.001953 0.001953
2 0.057617 0.487305 0.001953 0.001953
2 0.776367 0.484375 0.001953 0.003906
2 0.766602 0.483398 0.001953 0.001953
2 0.411133 0.484375 0.001953 0.003906
2 0.069336 0.483398 0.001953 0.001953
2 0.858398 0.484375 0.005859 0.007812
2 0.606445 0.477539 0.001953 0.001953
2 0.604492 0.473633 0.001953 0.001953
2 0.756836 0.471680 0.001953 0.009766
2 0.580078 0.506836 0.066406 0.115234
2 0.605469 0.449219 0.003906 0.003906
2 0.366211 0.438477 0.001953 0.001953
2 0.616211 0.450195 0.029297 0.029297
2 0.516602 0.434570 0.001953 0.001953
2 0.946289 0.430664 0.001953 0.005859
2 0.532227 0.426758 0.001953 0.001953
2 0.508789 0.428711 0.005859 0.005859
2 0.639648 0.430664 0.009766 0.013672
2 0.364258 0.424805 0.001953 0.001953
2 0.666016 0.423828 0.007812 0.011719
2 0.130859 0.466797 0.058594 0.109375
2 0.491211 0.406250 0.001953 0.003906
2 0.352539 0.391602 0.001953 0.001953
2 0.683594 0.382812 0.003906 0.003906
2 0.674805 0.375977 0.001953 0.001953
2 0.094727 0.365234 0.025391 0.027344
2 0.099609 0.341797 0.003906 0.003906
2 0.174805 0.340820 0.005859 0.009766
2 0.182617 0.337891 0.005859 0.007812
2 0.170898 0.334961 0.001953 0.001953
2 0.141602 0.331055 0.001953 0.001953
2 0.169922 0.325195 0.011719 0.009766
2 0.156250 0.335938 0.031250 0.035156
2 0.743164 0.293945 0.001953 0.001953
2 0.304688 0.406250 0.125000 0.242188
2 0.618164 0.270508 0.001953 0.001953
2 0.909180 0.268555 0.001953 0.001953
2 0.264648 0.262695 0.001953 0.001953
2 0.463867 0.262695 0.009766 0.005859
2 0.267578 0.258789 0.003906 0.001953
2 0.257812 0.255859 0.007812 0.003906
2 0.258789 0.250977 0.001953 0.001953
2 0.266602 0.249023 0.001953 0.001953
2 0.643555 0.241211 0.001953 0.001953
2 0.948242 0.209961 0.001953 0.001953
2 0.608398 0.198242 0.001953 0.001953
2 0.088867 0.192383 0.001953 0.001953
2 0.073242 0.196289 0.013672 0.009766
2 0.605469 0.192383 0.007812 0.005859
2 0.534180 0.186523 0.001953 0.001953
2 0.085938 0.186523 0.003906 0.005859
2 0.180664 0.178711 0.001953 0.001953
2 0.075195 0.179688 0.005859 0.007812
2 0.628906 0.190430 0.035156 0.033203
2 0.198242 0.163086 0.005859 0.001953
2 0.805664 0.155273 0.001953 0.001953
2 0.177734 0.156250 0.023438 0.019531
2 0.744141 0.339844 0.511719 0.421875
2 0.758789 0.131836 0.025391 0.021484
2 0.110352 0.116211 0.001953 0.001953
2 0.641602 0.110352 0.001953 0.001953
2 0.635742 0.110352 0.001953 0.001953
2 0.053711 0.110352 0.001953 0.001953
2 0.499023 0.111328 0.009766 0.011719
2 0.618164 0.102539 0.001953 0.001953
2 0.112305 0.100586 0.001953 0.001953
2 0.500977 0.100586 0.005859 0.005859
2 0.864258 0.096680 0.001953 0.001953
2 0.075195 0.094727 0.001953 0.001953
2 0.616211 0.092773 0.001953 0.001953
2 0.549805 0.139648 0.072266 0.095703
2 0.866211 0.090820 0.001953 0.001953
2 0.509766 0.091797 0.003906 0.003906
2 0.862305 0.088867 0.001953 0.001953
2 0.610352 0.090820 0.001953 0.005859
2 0.089844 0.108398 0.046875 0.041016
2 0.078125 0.086914 0.003906 0.001953
2 0.857422 0.084961 0.007812 0.005859
2 0.502930 0.083984 0.001953 0.003906
2 0.276367 0.090820 0.013672 0.021484
2 0.508789 0.081055 0.005859 0.005859
2 0.631836 0.087891 0.033203 0.039062
2 0.622070 0.069336 0.001953 0.001953
2 0.476562 0.086914 0.042969 0.037109
2 0.477539 0.065430 0.001953 0.001953
2 0.465820 0.065430 0.001953 0.001953
2 0.680664 0.057617 0.001953 0.001953
2 0.559570 0.047852 0.001953 0.001953
2 0.940430 0.043945 0.001953 0.001953
2 0.422852 0.109375 0.087891 0.132812
2 0.639648 0.024414 0.001953 0.001953
2 0.255859 0.026367 0.011719 0.009766
2 0.641602 0.020508 0.001953 0.001953
2 0.272461 0.019531 0.001953 0.003906
2 0.837891 0.083984 0.324219 0.167969
2 0.569336 0.032227 0.134766 0.064453
2 0.286133 0.009766 0.083984 0.019531
2 0.042969 0.001953 0.003906 0.003906
2 0.023438 0.004883 0.027344 0.009766
3 0.274414 0.999023 0.001953 0.001953
3 0.260742 0.999023 0.001953 0.001953
3 0.587891 0.991211 0.003906 0.001953
3 0.278320 0.993164 0.001953 0.005859
3 0.588867 0.987305 0.001953 0.001953
3 0.791992 0.976562 0.001953 0.003906
3 0.438477 0.973633 0.001953 0.001953
3 0.432617 0.973633 0.001953 0.001953
3 0.426758 0.967773 0.001953 0.001953
3 0.868164 0.961914 0.001953 0.001953
3 0.877930 0.957031 0.001953 0.003906
3 0.866211 0.956055 0.001953 0.001953
3 0.871094 0.955078 0.003906 0.003906
3 0.025391 0.966797 0.050781 0.066406
3 0.802734 0.959961 0.031250 0.080078
3 0.690430 0.915039 0.001953 0.001953
3 0.947266 0.951172 0.105469 0.097656
3 0.870117 0.926758 0.037109 0.052734
3 0.702148 0.893555 0.001953 0.001953
3 0.788086 0.874023 0.001953 0.001953
3 0.001953 0.856445 0.003906 0.005859
3 0.959961 0.848633 0.001953 0.001953
3 0.028320 0.829102 0.001953 0.001953
3 0.830078 0.799805 0.007812 0.009766
3 0.917969 0.777344 0.003906 0.003906
3 0.926758 0.772461 0.001953 0.001953
3 0.952148 0.741211 0.001953 0.001953
3 0.180664 0.735352 0.001953 0.001953
3 0.838867 0.757812 0.041016 0.054688
3 0.983398 0.713867 0.001953 0.001953
3 0.868164 0.710938 0.001953 0.003906
3 0.868164 0.682617 0.001953 0.001953
3 0.202148 0.680664 0.005859 0.005859
3 0.294922 0.666016 0.003906 0.003906
3 0.895508 0.653320 0.005859 0.005859
3 0.317383 0.639648 0.001953 0.001953
3 0.997070 0.622070 0.001953 0.001953
3 0.010742 0.607422 0.001953 0.003906
3 0.886719 0.598633 0.011719 0.009766
3 0.994141 0.601562 0.011719 0.035156
3 0.989258 0.581055 0.001953 0.001953
3 0.923828 0.563477 0.003906 0.001953
3 0.028320 0.545898 0.001953 0.001953
3 0.760742 0.543945 0.001953 0.001953
3 0.747070 0.530273 0.001953 0.001953
3 0.774414 0.500977 0.001953 0.001953
3 0.772461 0.475586 0.001953 0.001953
3 0.950195 0.445312 0.001953 0.003906
3 0.981445 0.422852 0.001953 0.001953
3 0.842773 0.420898 0.001953 0.001953
3 0.557617 0.420898 0.001953 0.001953
3 0.561523 0.416992 0.001953 0.001953
3 0.686523 0.405273 0.001953 0.001953
3 0.985352 0.394531 0.001953 0.003906
3 0.989258 0.397461 0.021484 0.076172
3 0.592773 0.327148 0.001953 0.001953
3 0.602539 0.317383 0.001953 0.001953
3 0.827148 0.305664 0.001953 0.001953
3 0.645508 0.274414 0.001953 0.001953
3 0.689453 0.261719 0.031250 0.023438
3 0.870117 0.241211 0.001953 0.001953
3 0.928711 0.149414 0.001953 0.001953
3 0.821289 0.147461 0.001953 0.001953
3 0.584961 0.055664 0.001953 0.001953
3 0.577148 0.045898 0.001953 0.001953
3 0.606445 0.012695 0.001953 0.001953
3 0.500000 0.500000 1.000000 1.000000