1 0.006836 0.645508 0.001953 0.001953
1 0.500000 0.500000 1.000000 1.000000
3 0.689453 0.998047 0.007812 0.003906
2 0.069336 0.998047 0.005859 0.003906
2 0.997070 0.996094 0.005859 0.007812
2 0.549805 0.987305 0.001953 0.001953
2 0.543945 0.985352 0.005859 0.001953
2 0.538086 0.985352 0.001953 0.001953
3 0.258789 0.989258 0.009766 0.009766
2 0.958008 0.989258 0.021484 0.021484
2 0.641602 0.975586 0.001953 0.001953
2 0.645508 0.973633 0.001953 0.001953
2 0.059570 0.971680 0.001953 0.001953
2 0.556641 0.978516 0.019531 0.019531
3 0.122070 0.973633 0.013672 0.013672
2 0.088867 0.970703 0.009766 0.011719
3 0.042969 0.969727 0.015625 0.013672
2 0.987305 0.956055 0.001953 0.001953
2 0.125977 0.958984 0.005859 0.007812
3 0.031250 0.956055 0.007812 0.005859
3 0.653320 0.958008 0.009766 0.013672
2 0.097656 0.956055 0.015625 0.009766
3 0.668945 0.944336 0.009766 0.005859
3 0.244141 0.949219 0.011719 0.015625
2 0.788086 0.952148 0.041016 0.025391
3 0.011719 0.943359 0.023438 0.019531
3 0.251953 0.934570 0.003906 0.009766
3 0.278320 0.931641 0.017578 0.015625
2 0.750977 0.942383 0.048828 0.052734
2 0.774414 0.913086 0.001953 0.001953
2 0.145508 0.906250 0.001953 0.003906
2 0.956055 0.903320 0.001953 0.001953
2 0.684570 0.916992 0.033203 0.029297
2 0.959961 0.899414 0.001953 0.001953
3 0.236328 0.904297 0.015625 0.023438
3 0.302734 0.899414 0.011719 0.017578
2 0.729492 0.892578 0.005859 0.007812
3 0.385742 0.889648 0.013672 0.017578
3 0.077148 0.881836 0.001953 0.001953
3 0.215820 0.889648 0.009766 0.021484
3 0.314453 0.880859 0.011719 0.007812
3 0.264648 0.885742 0.017578 0.017578
2 0.940430 0.884766 0.005859 0.023438
3 0.295898 0.870117 0.025391 0.013672
2 0.961914 0.864258 0.001953 0.005859
2 0.093750 0.867188 0.007812 0.019531
3 0.983398 0.875000 0.033203 0.039062
2 0.133789 0.874023 0.025391 0.041016
3 0.183594 0.855469 0.011719 0.007812
3 0.901367 0.851562 0.001953 0.003906
3 0.601562 0.854492 0.015625 0.009766
3 0.078125 0.863281 0.023438 0.027344
3 0.971680 0.848633 0.001953 0.001953
3 0.255859 0.862305 0.027344 0.052734
2 0.754883 0.844727 0.041016 0.021484
2 0.952148 0.833008 0.001953 0.001953
3 0.059570 0.833984 0.009766 0.015625
3 0.261719 0.828125 0.007812 0.007812
3 0.494141 0.827148 0.011719 0.009766
3 0.884766 0.825195 0.015625 0.017578
2 0.696289 0.803711 0.001953 0.001953
2 0.779297 0.812500 0.019531 0.023438
2 0.411133 0.799805 0.001953 0.001953
2 0.407227 0.797852 0.001953 0.001953
3 0.951172 0.790039 0.003906 0.001953
2 0.120117 0.793945 0.009766 0.013672
2 0.442383 0.795898 0.021484 0.021484
2 0.706055 0.785156 0.001953 0.003906
2 0.680664 0.793945 0.037109 0.021484
3 0.125977 0.784180 0.001953 0.001953
2 0.718750 0.781250 0.011719 0.007812
2 0.704102 0.776367 0.001953 0.001953
3 0.333984 0.817383 0.085938 0.083984
2 0.708984 0.775391 0.003906 0.003906
3 0.905273 0.786133 0.029297 0.033203
3 0.581055 0.773438 0.013672 0.011719
2 0.651367 0.769531 0.013672 0.011719
3 0.607422 0.750977 0.019531 0.013672
3 0.620117 0.733398 0.005859 0.001953
3 0.215820 0.733398 0.013672 0.009766
3 0.426758 0.743164 0.025391 0.041016
2 0.822266 0.720703 0.007812 0.003906
3 0.536133 0.726562 0.033203 0.027344
3 0.740234 0.713867 0.007812 0.009766
3 0.393555 0.712891 0.009766 0.019531
2 0.822266 0.703125 0.003906 0.003906
3 0.541992 0.693359 0.021484 0.023438
3 0.674805 0.684570 0.013672 0.009766
2 0.520508 0.670898 0.001953 0.001953
3 0.428711 0.682617 0.068359 0.033203
2 0.526367 0.666992 0.005859 0.005859
3 0.653320 0.675781 0.017578 0.031250
2 0.825195 0.681641 0.052734 0.046875
2 0.004883 0.659180 0.001953 0.001953
3 0.920898 0.663086 0.021484 0.013672
2 0.367188 0.663086 0.015625 0.013672
2 0.058594 0.661133 0.019531 0.013672
3 0.968750 0.658203 0.019531 0.015625
3 0.627930 0.654297 0.009766 0.007812
2 0.661133 0.653320 0.005859 0.009766
2 0.061523 0.643555 0.001953 0.001953
2 0.043945 0.650391 0.017578 0.015625
2 0.383789 0.638672 0.005859 0.003906
3 0.248047 0.639648 0.003906 0.005859
2 0.392578 0.633789 0.003906 0.001953
2 0.423828 0.642578 0.046875 0.023438
3 0.300781 0.654297 0.035156 0.058594
2 0.757812 0.629883 0.015625 0.013672
3 0.590820 0.624023 0.009766 0.005859
2 0.073242 0.624023 0.009766 0.005859
3 0.022461 0.635742 0.044922 0.044922
2 0.827148 0.628906 0.033203 0.042969
2 0.788086 0.611328 0.017578 0.015625
2 0.408203 0.609375 0.007812 0.011719
3 0.340820 0.627930 0.052734 0.048828
3 0.907227 0.604492 0.005859 0.005859
3 0.219727 0.605469 0.013672 0.007812
3 0.622070 0.615234 0.103516 0.035156
3 0.015625 0.601562 0.011719 0.007812
2 0.604492 0.596680 0.013672 0.005859
3 0.248047 0.598633 0.011719 0.017578
3 0.158203 0.600586 0.050781 0.025391
2 0.805664 0.588867 0.009766 0.013672
3 0.519531 0.591797 0.027344 0.019531
2 0.384766 0.589844 0.027344 0.015625
3 0.435547 0.584961 0.062500 0.021484
2 0.375977 0.581055 0.021484 0.017578
2 0.347656 0.582031 0.015625 0.023438
2 0.604492 0.577148 0.021484 0.017578
2 0.101562 0.569336 0.003906 0.001953
2 0.601562 0.565430 0.003906 0.001953
3 0.554688 0.569336 0.019531 0.013672
2 0.827148 0.567383 0.005859 0.013672
2 0.155273 0.562500 0.013672 0.011719
3 0.093750 0.558594 0.015625 0.011719
3 0.637695 0.565430 0.052734 0.033203
3 0.706055 0.556641 0.060547 0.046875
2 0.633789 0.534180 0.005859 0.001953
3 0.220703 0.533203 0.003906 0.003906
2 0.144531 0.540039 0.015625 0.017578
3 0.634766 0.529297 0.003906 0.003906
3 0.321289 0.533203 0.017578 0.011719
3 0.967773 0.526367 0.009766 0.009766
2 0.826172 0.529297 0.011719 0.023438
2 0.174805 0.518555 0.001953 0.001953
3 0.534180 0.531250 0.056641 0.035156
2 0.220703 0.521484 0.058594 0.023438
2 0.440430 0.501953 0.005859 0.003906
2 0.414062 0.501953 0.007812 0.003906
3 0.650391 0.514648 0.078125 0.041016
3 0.958984 0.496094 0.011719 0.011719
3 0.610352 0.485352 0.001953 0.001953
2 0.424805 0.489258 0.009766 0.013672
3 0.929688 0.478516 0.011719 0.007812
3 0.528320 0.478516 0.009766 0.007812
2 0.645508 0.474609 0.009766 0.011719
2 0.400391 0.480469 0.023438 0.023438
2 0.272461 0.475586 0.009766 0.013672
3 0.700195 0.470703 0.013672 0.007812
2 0.382812 0.469727 0.007812 0.009766
3 0.335938 0.489258 0.023438 0.048828
2 0.640625 0.462891 0.003906 0.003906
3 0.111328 0.458984 0.003906 0.003906
3 0.118164 0.487305 0.044922 0.060547
2 0.805664 0.457031 0.005859 0.015625
2 0.377930 0.449219 0.001953 0.003906
2 0.217773 0.448242 0.009766 0.001953
2 0.359375 0.449219 0.011719 0.015625
2 0.350586 0.442383 0.001953 0.001953
2 0.346680 0.442383 0.001953 0.001953
2 0.239258 0.445312 0.025391 0.007812
2 0.374023 0.442383 0.005859 0.005859
3 0.895508 0.437500 0.013672 0.007812
3 0.579102 0.462891 0.048828 0.058594
2 0.352539 0.435547 0.005859 0.003906
2 0.271484 0.435547 0.007812 0.003906
2 0.299805 0.432617 0.001953 0.001953
2 0.201172 0.448242 0.199219 0.033203
3 0.077148 0.437500 0.009766 0.011719
2 0.289062 0.437500 0.015625 0.015625
2 0.365234 0.431641 0.007812 0.007812
2 0.291992 0.428711 0.001953 0.001953
3 0.772461 0.446289 0.029297 0.041016
2 0.624023 0.442383 0.041016 0.033203
2 0.241211 0.426758 0.001953 0.001953
2 0.358398 0.425781 0.001953 0.003906
2 0.290039 0.424805 0.001953 0.001953
3 0.997070 0.416992 0.005859 0.005859
2 0.264648 0.411133 0.001953 0.001953
3 0.120117 0.417969 0.021484 0.015625
2 0.268555 0.409180 0.001953 0.001953
3 0.922852 0.414062 0.021484 0.015625
2 0.543945 0.403320 0.001953 0.001953
2 0.330078 0.416992 0.050781 0.029297
2 0.573242 0.395508 0.001953 0.001953
3 0.329102 0.387695 0.001953 0.001953
3 0.119141 0.394531 0.011719 0.015625
3 0.738281 0.384766 0.015625 0.019531
2 0.552734 0.379883 0.027344 0.021484
2 0.583984 0.375000 0.046875 0.015625
3 0.931641 0.372070 0.007812 0.017578
3 0.887695 0.370117 0.009766 0.013672
3 0.876953 0.371094 0.007812 0.015625
3 0.507812 0.361328 0.015625 0.015625
3 0.249023 0.353516 0.009766 0.011719
3 0.811523 0.377930 0.048828 0.076172
3 0.035156 0.344727 0.007812 0.009766
3 0.754883 0.338867 0.001953 0.001953
2 0.883789 0.336914 0.001953 0.001953
3 0.056641 0.379883 0.113281 0.087891
3 0.887695 0.334961 0.001953 0.001953
3 0.789062 0.338867 0.015625 0.017578
2 0.590820 0.333008 0.005859 0.005859
3 0.387695 0.350586 0.029297 0.056641
3 0.902344 0.334961 0.031250 0.033203
2 0.542969 0.327148 0.019531 0.021484
3 0.757812 0.320312 0.011719 0.015625
2 0.093750 0.314453 0.003906 0.003906
2 0.096680 0.309570 0.001953 0.001953
3 0.991211 0.315430 0.017578 0.017578
3 0.865234 0.309570 0.003906 0.005859
3 0.375977 0.303711 0.005859 0.005859
3 0.417969 0.291016 0.003906 0.003906
2 0.520508 0.276367 0.001953 0.001953
3 0.333984 0.279297 0.027344 0.015625
2 0.930664 0.270508 0.001953 0.001953
3 0.366211 0.271484 0.009766 0.007812
3 0.236328 0.271484 0.011719 0.007812
3 0.728516 0.294922 0.019531 0.058594
2 0.462891 0.292969 0.082031 0.062500
2 0.432617 0.260742 0.001953 0.001953
2 0.429688 0.248047 0.003906 0.003906
3 0.559570 0.248047 0.017578 0.007812
2 0.118164 0.243164 0.001953 0.001953
3 0.095703 0.245117 0.011719 0.005859
2 0.078125 0.243164 0.007812 0.009766
3 0.324219 0.241211 0.015625 0.009766
3 0.561523 0.237305 0.009766 0.009766
2 0.110352 0.236328 0.005859 0.007812
2 0.431641 0.230469 0.007812 0.003906
3 0.147461 0.230469 0.005859 0.003906
3 0.339844 0.228516 0.007812 0.003906
2 0.093750 0.227539 0.003906 0.001953
2 0.074219 0.229492 0.007812 0.005859
3 0.324219 0.225586 0.003906 0.001953
3 0.125977 0.230469 0.013672 0.015625
3 0.395508 0.221680 0.009766 0.009766
3 0.976562 0.211914 0.015625 0.013672
3 0.798828 0.208008 0.027344 0.009766
2 0.441406 0.202148 0.003906 0.001953
2 0.041016 0.210938 0.023438 0.019531
3 0.026367 0.251953 0.052734 0.105469
2 0.446289 0.221680 0.146484 0.056641
3 0.798828 0.195312 0.027344 0.011719
3 0.495117 0.193359 0.033203 0.011719
3 0.517578 0.186523 0.003906 0.005859
2 0.349609 0.189453 0.011719 0.019531
3 0.894531 0.178711 0.007812 0.005859
2 0.310547 0.176758 0.003906 0.001953
2 0.222656 0.175781 0.007812 0.003906
2 0.975586 0.166992 0.001953 0.001953
2 0.241211 0.166992 0.001953 0.001953
2 0.002930 0.170898 0.005859 0.009766
2 0.974609 0.162109 0.003906 0.003906
3 0.468750 0.181641 0.046875 0.042969
2 0.125000 0.157227 0.007812 0.009766
3 0.012695 0.153320 0.001953 0.001953
2 0.272461 0.191406 0.044922 0.082031
3 0.577148 0.149414 0.017578 0.013672
2 0.082031 0.145508 0.019531 0.017578
2 0.967773 0.133789 0.009766 0.009766
2 0.367188 0.129883 0.007812 0.005859
2 0.210938 0.137695 0.050781 0.021484
2 0.297852 0.124023 0.005859 0.005859
3 0.535156 0.119141 0.019531 0.011719
2 0.332031 0.120117 0.011719 0.013672
3 0.288086 0.116211 0.009766 0.005859
3 0.274414 0.112305 0.001953 0.001953
2 0.213867 0.122070 0.033203 0.021484
3 0.915039 0.123047 0.064453 0.035156
2 0.113281 0.103516 0.015625 0.007812
2 0.264648 0.106445 0.013672 0.017578
3 0.018555 0.101562 0.021484 0.019531
2 0.296875 0.083984 0.003906 0.003906
2 0.313477 0.076172 0.013672 0.019531
3 0.422852 0.065430 0.005859 0.005859
2 0.281250 0.057617 0.019531 0.005859
3 0.911133 0.055664 0.009766 0.005859
3 0.416016 0.047852 0.003906 0.005859
3 0.933594 0.050781 0.023438 0.015625
3 0.551758 0.085938 0.056641 0.085938
2 0.237305 0.043945 0.001953 0.001953
2 0.207031 0.044922 0.011719 0.011719
3 0.506836 0.040039 0.017578 0.013672
3 0.376953 0.040039 0.058594 0.025391
3 0.021484 0.029297 0.007812 0.007812
3 0.628906 0.025391 0.011719 0.007812
2 0.245117 0.046875 0.044922 0.054688
3 0.061523 0.027344 0.033203 0.015625
3 0.968750 0.018555 0.015625 0.009766
3 0.471680 0.025391 0.013672 0.023438
2 0.206055 0.014648 0.005859 0.005859
3 0.181641 0.026367 0.019531 0.029297
3 0.134766 0.039062 0.039062 0.054688
3 0.703125 0.026367 0.050781 0.041016
3 0.053711 0.010742 0.009766 0.013672
2 0.972656 0.005859 0.015625 0.011719
3 0.954102 0.005859 0.009766 0.011719
3 0.488281 0.004883 0.015625 0.009766
2 0.189453 0.005859 0.003906 0.011719
2 0.180664 0.000977 0.001953 0.001953
3 0.092773 0.012695 0.037109 0.025391