0 0.976562 0.999023 0.003906 0.001953
0 0.969727 0.999023 0.001953 0.001953
0 0.683594 0.996094 0.003906 0.003906
0 0.978516 0.994141 0.003906 0.003906
0 0.256836 0.991211 0.001953 0.001953
0 0.677734 0.989258 0.003906 0.001953
0 0.684570 0.988281 0.005859 0.003906
0 0.286133 0.983398 0.001953 0.001953
0 0.295898 0.982422 0.001953 0.003906
0 0.843750 0.981445 0.011719 0.009766
0 0.289062 0.978516 0.007812 0.003906
0 0.993164 0.987305 0.013672 0.025391
0 0.241211 0.985352 0.025391 0.021484
0 0.358398 0.965820 0.001953 0.001953
0 0.999023 0.964844 0.001953 0.003906
0 0.976562 0.964844 0.003906 0.003906
0 0.450195 0.964844 0.001953 0.003906
0 0.967773 0.962891 0.009766 0.003906
0 0.183594 0.964844 0.015625 0.015625
0 0.953125 0.958984 0.019531 0.007812
0 0.758789 0.954102 0.001953 0.001953
0 0.385742 0.952148 0.001953 0.001953
0 0.808594 0.969727 0.085938 0.048828
0 0.143555 0.944336 0.001953 0.001953
0 0.388672 0.945312 0.007812 0.007812
0 0.451172 0.938477 0.003906 0.001953
0 0.480469 0.950195 0.078125 0.029297
0 0.450195 0.934570 0.001953 0.001953
0 0.234375 0.932617 0.003906 0.005859
1 0.000977 0.928711 0.001953 0.001953
0 0.278320 0.934570 0.017578 0.017578
0 0.084961 0.926758 0.005859 0.005859
0 0.093750 0.925781 0.007812 0.007812
0 0.096680 0.916992 0.001953 0.001953
0 0.092773 0.916016 0.001953 0.003906
0 0.086914 0.916016 0.005859 0.007812
0 0.094727 0.911133 0.001953 0.001953
0 0.508789 0.911133 0.005859 0.005859
0 0.052734 0.909180 0.003906 0.001953
1 0.030273 0.910156 0.005859 0.003906
0 0.402344 0.907227 0.003906 0.005859
0 0.051758 0.905273 0.001953 0.001953
1 0.006836 0.915039 0.013672 0.021484
0 0.055664 0.897461 0.001953 0.001953
0 0.054688 0.891602 0.003906 0.001953
0 0.486328 0.882812 0.015625 0.011719
0 0.101562 0.931641 0.093750 0.121094
0 0.088867 0.864258 0.001953 0.001953
0 0.870117 0.862305 0.001953 0.001953
0 0.864258 0.860352 0.005859 0.005859
0 0.659180 0.847656 0.013672 0.015625
0 0.643555 0.833008 0.001953 0.001953
0 0.647461 0.826172 0.013672 0.015625
0 0.815430 0.808594 0.001953 0.003906
0 0.800781 0.808594 0.003906 0.003906
0 0.792969 0.815430 0.050781 0.029297
0 0.282227 0.810547 0.017578 0.023438
0 0.628906 0.799805 0.007812 0.005859
0 0.700195 0.794922 0.005859 0.007812
0 0.286133 0.788086 0.009766 0.005859
0 0.223633 0.787109 0.005859 0.003906
0 0.270508 0.784180 0.001953 0.001953
0 0.279297 0.781250 0.003906 0.003906
0 0.278320 0.776367 0.001953 0.001953
0 0.287109 0.777344 0.007812 0.011719
0 0.278320 0.769531 0.001953 0.003906
0 0.583008 0.770508 0.013672 0.009766
0 0.273438 0.759766 0.003906 0.003906
0 0.261719 0.754883 0.003906 0.005859
0 0.252930 0.770508 0.044922 0.044922
0 0.965820 0.737305 0.001953 0.001953
0 0.959961 0.737305 0.001953 0.001953
0 0.582031 0.739258 0.003906 0.005859
0 0.956055 0.735352 0.001953 0.001953
0 0.590820 0.733398 0.001953 0.001953
0 0.565430 0.731445 0.001953 0.001953
0 0.945312 0.728516 0.003906 0.003906
0 0.563477 0.723633 0.001953 0.001953
0 0.565430 0.720703 0.005859 0.003906
0 0.853516 0.719727 0.058594 0.009766
0 0.580078 0.722656 0.019531 0.019531
0 0.935547 0.713867 0.031250 0.048828
0 0.532227 0.684570 0.001953 0.001953
0 0.921875 0.684570 0.019531 0.013672
0 0.556641 0.691406 0.046875 0.035156
0 0.337891 0.666016 0.003906 0.003906
0 0.333008 0.663086 0.001953 0.001953
0 0.317383 0.663086 0.001953 0.001953
0 0.571289 0.654297 0.001953 0.003906
0 0.397461 0.649414 0.001953 0.001953
0 0.381836 0.649414 0.001953 0.001953
0 0.401367 0.648438 0.001953 0.003906
0 0.377930 0.647461 0.001953 0.001953
0 0.415039 0.646484 0.001953 0.003906
0 0.318359 0.647461 0.003906 0.005859
0 0.741211 0.644531 0.001953 0.003906
0 0.389648 0.641602 0.001953 0.001953
0 0.564453 0.639648 0.003906 0.001953
0 0.377930 0.637695 0.001953 0.001953
0 0.345703 0.645508 0.015625 0.017578
0 0.387695 0.635742 0.001953 0.001953
0 0.389648 0.631836 0.001953 0.001953
0 0.396484 0.629883 0.003906 0.001953
0 0.975586 0.654297 0.048828 0.054688
0 0.569336 0.627930 0.001953 0.001953
0 0.410156 0.631836 0.007812 0.009766
0 0.487305 0.635742 0.021484 0.021484
0 0.458008 0.624023 0.001953 0.001953
0 0.370117 0.637695 0.025391 0.029297
0 0.580078 0.632812 0.015625 0.023438
0 0.448242 0.627930 0.009766 0.013672
0 0.545898 0.629883 0.009766 0.021484
0 0.535156 0.621094 0.011719 0.007812
0 0.517578 0.618164 0.003906 0.001953
0 0.458008 0.618164 0.001953 0.001953
0 0.429688 0.619141 0.003906 0.003906
0 0.453125 0.613281 0.011719 0.011719
0 0.459961 0.606445 0.001953 0.001953
0 0.389648 0.604492 0.001953 0.001953
0 0.424805 0.602539 0.001953 0.001953
0 0.396484 0.605469 0.003906 0.007812
0 0.433594 0.601562 0.007812 0.007812
0 0.308594 0.604492 0.011719 0.017578
0 0.797852 0.593750 0.005859 0.003906
0 0.310547 0.592773 0.003906 0.001953
0 0.809570 0.590820 0.001953 0.001953
0 0.499023 0.590820 0.001953 0.001953
0 0.483398 0.588867 0.001953 0.001953
0 0.458008 0.588867 0.001953 0.001953
0 0.788086 0.584961 0.001953 0.001953
0 0.788086 0.581055 0.001953 0.001953
0 0.407227 0.581055 0.001953 0.001953
0 0.238281 0.579102 0.003906 0.001953
0 0.220703 0.581055 0.003906 0.005859
0 0.215820 0.577148 0.001953 0.001953
0 0.449219 0.571289 0.003906 0.001953
0 0.440430 0.571289 0.001953 0.001953
0 0.206055 0.567383 0.001953 0.001953
0 0.202148 0.565430 0.001953 0.001953
0 0.555664 0.561523 0.001953 0.001953
0 0.450195 0.557617 0.001953 0.001953
0 0.568359 0.564453 0.023438 0.019531
0 0.238281 0.548828 0.007812 0.003906
0 0.541992 0.556641 0.013672 0.023438
0 0.239258 0.545898 0.001953 0.001953
0 0.822266 0.544922 0.003906 0.003906
0 0.815430 0.545898 0.005859 0.005859
0 0.807617 0.543945 0.001953 0.001953
0 0.536133 0.543945 0.001953 0.001953
0 0.527344 0.545898 0.007812 0.009766
0 0.725586 0.540039 0.001953 0.001953
0 0.551758 0.538086 0.001953 0.001953
0 0.208008 0.538086 0.001953 0.001953
0 0.733398 0.536133 0.009766 0.013672
0 0.556641 0.531250 0.003906 0.003906
0 0.456055 0.540039 0.013672 0.021484
0 0.202148 0.531250 0.005859 0.003906
0 0.564453 0.528320 0.007812 0.001953
0 0.164062 0.534180 0.007812 0.013672
0 0.481445 0.524414 0.001953 0.001953
0 0.460938 0.524414 0.003906 0.005859
0 0.823242 0.520508 0.001953 0.001953
0 0.481445 0.520508 0.001953 0.001953
0 0.559570 0.518555 0.001953 0.001953
0 0.471680 0.518555 0.009766 0.009766
0 0.447266 0.513672 0.007812 0.007812
0 0.320312 0.510742 0.003906 0.001953
0 0.026367 0.508789 0.001953 0.001953
0 0.564453 0.507812 0.003906 0.003906
0 0.559570 0.506836 0.001953 0.001953
0 0.544922 0.511719 0.019531 0.011719
0 0.536133 0.506836 0.001953 0.001953
0 0.530273 0.507812 0.005859 0.003906
0 0.340820 0.503906 0.009766 0.007812
0 0.223633 0.501953 0.001953 0.003906
0 0.430664 0.499023 0.001953 0.001953
0 0.342773 0.499023 0.001953 0.001953
0 0.413086 0.495117 0.001953 0.001953
0 0.497070 0.549805 0.072266 0.115234
0 0.434570 0.493164 0.001953 0.001953
0 0.211914 0.500977 0.025391 0.017578
0 0.430664 0.492188 0.001953 0.003906
0 0.419922 0.495117 0.007812 0.009766
0 0.411133 0.491211 0.001953 0.001953
0 0.385742 0.491211 0.001953 0.001953
0 0.378906 0.489258 0.003906 0.005859
0 0.407227 0.485352 0.001953 0.001953
0 0.393555 0.483398 0.001953 0.001953
0 0.379883 0.479492 0.001953 0.001953
0 0.092773 0.479492 0.001953 0.001953
0 0.401367 0.474609 0.017578 0.011719
0 0.814453 0.468750 0.003906 0.003906
0 0.168945 0.465820 0.001953 0.001953
0 0.088867 0.469727 0.005859 0.013672
0 0.806641 0.465820 0.011719 0.009766
0 0.555664 0.484375 0.080078 0.046875
0 0.207031 0.466797 0.027344 0.011719
0 0.102539 0.467773 0.017578 0.013672
0 0.599609 0.461914 0.003906 0.009766
0 0.532227 0.458008 0.001953 0.001953
0 0.633789 0.461914 0.013672 0.013672
0 0.571289 0.456055 0.001953 0.001953
0 0.543945 0.458008 0.013672 0.005859
0 0.563477 0.454102 0.001953 0.001953
0 0.483398 0.456055 0.005859 0.009766
0 0.480469 0.450195 0.003906 0.005859
0 0.584961 0.451172 0.013672 0.011719
0 0.458008 0.454102 0.013672 0.017578
0 0.120117 0.446289 0.001953 0.001953
0 0.145508 0.484375 0.052734 0.085938
0 0.158203 0.433594 0.007812 0.003906
0 0.210938 0.431641 0.003906 0.003906
0 0.583008 0.430664 0.005859 0.005859
0 0.527344 0.430664 0.011719 0.009766
0 0.100586 0.420898 0.001953 0.001953
0 0.385742 0.416992 0.001953 0.001953
0 0.133789 0.410156 0.005859 0.003906
0 0.475586 0.407227 0.001953 0.001953
0 0.113281 0.410156 0.019531 0.019531
0 0.000977 0.402344 0.001953 0.003906
0 0.141602 0.401367 0.005859 0.005859
0 0.061523 0.389648 0.001953 0.001953
0 0.419922 0.409180 0.113281 0.056641
0 0.190430 0.380859 0.005859 0.003906
0 0.235352 0.379883 0.001953 0.009766
0 0.426758 0.374023 0.001953 0.001953
1 0.252930 0.362305 0.001953 0.001953
1 0.249023 0.362305 0.001953 0.001953
1 0.213867 0.362305 0.001953 0.001953
1 0.363281 0.346680 0.011719 0.009766
0 0.186523 0.340820 0.001953 0.001953
0 0.165039 0.403320 0.330078 0.134766
1 0.370117 0.335938 0.005859 0.007812
0 0.039062 0.359375 0.050781 0.062500
0 0.076172 0.329102 0.007812 0.005859
1 0.188477 0.331055 0.009766 0.013672
0 0.166992 0.327148 0.001953 0.005859
1 0.197266 0.317383 0.007812 0.005859
0 0.098633 0.313477 0.001953 0.001953
0 0.447266 0.306641 0.003906 0.003906
0 0.446289 0.300781 0.005859 0.003906
1 0.190430 0.300781 0.009766 0.007812
0 0.434570 0.311523 0.044922 0.033203
1 0.026367 0.293945 0.001953 0.001953
1 0.022461 0.293945 0.001953 0.001953
1 0.012695 0.293945 0.005859 0.001953
1 0.028320 0.290039 0.001953 0.001953
0 0.318359 0.288086 0.007812 0.013672
0 0.348633 0.283203 0.009766 0.007812
0 0.859375 0.279297 0.007812 0.007812
0 0.126953 0.295898 0.046875 0.044922
0 0.571289 0.272461 0.001953 0.001953
0 0.272461 0.273438 0.001953 0.003906
0 0.269531 0.267578 0.003906 0.003906
0 0.848633 0.251953 0.005859 0.003906
0 0.261719 0.250000 0.003906 0.003906
0 0.184570 0.249023 0.005859 0.001953
0 0.268555 0.250000 0.005859 0.007812
0 0.368164 0.260742 0.044922 0.037109
0 0.111328 0.250000 0.023438 0.027344
0 0.176758 0.226562 0.005859 0.003906
0 0.920898 0.213867 0.001953 0.001953
0 0.471680 0.206055 0.001953 0.001953
0 0.739258 0.207031 0.005859 0.007812
0 0.919922 0.206055 0.011719 0.009766
0 0.907227 0.202148 0.001953 0.001953
0 0.929688 0.203125 0.003906 0.007812
0 0.916016 0.201172 0.003906 0.003906
0 0.471680 0.200195 0.001953 0.001953
0 0.264648 0.201172 0.001953 0.003906
0 0.951172 0.201172 0.003906 0.007812
0 0.476562 0.200195 0.003906 0.005859
0 0.752930 0.196289 0.001953 0.001953
0 0.909180 0.192383 0.001953 0.001953
0 0.264648 0.190430 0.001953 0.001953
0 0.885742 0.198242 0.037109 0.029297
1 0.192383 0.184570 0.001953 0.001953
1 0.188477 0.184570 0.001953 0.001953
0 0.158203 0.212891 0.046875 0.058594
0 0.928711 0.182617 0.001953 0.001953
0 0.499023 0.183594 0.021484 0.015625
0 0.485352 0.176758 0.001953 0.001953
0 0.255859 0.176758 0.003906 0.001953
0 0.618164 0.174805 0.001953 0.001953
0 0.473633 0.177734 0.013672 0.007812
0 0.268555 0.173828 0.001953 0.003906
0 0.618164 0.170898 0.001953 0.001953
0 0.250977 0.170898 0.001953 0.001953
1 0.237305 0.185547 0.048828 0.031250
0 0.182617 0.174805 0.009766 0.009766
0 0.624023 0.168945 0.001953 0.001953
0 0.476562 0.169922 0.007812 0.003906
0 0.598633 0.166992 0.001953 0.001953
0 0.300781 0.168945 0.011719 0.009766
0 0.624023 0.163086 0.001953 0.001953
0 0.618164 0.161133 0.005859 0.005859
0 0.897461 0.170898 0.048828 0.041016
0 0.358398 0.149414 0.001953 0.001953
0 0.283203 0.145508 0.003906 0.001953
0 0.260742 0.156250 0.041016 0.023438
0 0.785156 0.142578 0.003906 0.003906
0 0.745117 0.139648 0.001953 0.001953
0 0.749023 0.135742 0.001953 0.001953
1 0.558594 0.137695 0.003906 0.005859
0 0.385742 0.153320 0.080078 0.041016
0 0.538086 0.148438 0.037109 0.035156
0 0.910156 0.135742 0.019531 0.017578
0 0.778320 0.127930 0.001953 0.001953
0 0.774414 0.127930 0.001953 0.001953
0 0.521484 0.127930 0.003906 0.001953
1 0.798828 0.131836 0.019531 0.013672
0 0.529297 0.124023 0.003906 0.001953
0 0.768555 0.120117 0.001953 0.001953
0 0.765625 0.140625 0.027344 0.042969
0 0.661133 0.119141 0.001953 0.003906
0 0.329102 0.110352 0.009766 0.005859
1 0.873047 0.110352 0.011719 0.009766
0 0.307617 0.102539 0.001953 0.001953
0 0.307617 0.122070 0.056641 0.044922
1 0.235352 0.118164 0.044922 0.041016
0 0.269531 0.094727 0.003906 0.001953
0 0.457031 0.095703 0.046875 0.011719
0 0.514648 0.088867 0.001953 0.001953
0 0.928711 0.086914 0.001953 0.001953
0 0.305664 0.085938 0.005859 0.003906
0 0.924805 0.081055 0.001953 0.001953
0 0.564453 0.081055 0.011719 0.005859
0 0.303711 0.079102 0.001953 0.001953
1 0.200195 0.075195 0.001953 0.001953
0 0.519531 0.073242 0.003906 0.001953
0 0.660156 0.066406 0.003906 0.003906
0 0.905273 0.079102 0.041016 0.033203
0 0.296875 0.069336 0.015625 0.017578
0 0.659180 0.060547 0.001953 0.003906
0 0.663086 0.057617 0.001953 0.001953
0 0.686523 0.057617 0.005859 0.005859
0 0.671875 0.063477 0.019531 0.017578
0 0.386719 0.057617 0.003906 0.005859
0 0.346680 0.071289 0.044922 0.033203
0 0.668945 0.054688 0.005859 0.003906
0 0.334961 0.053711 0.001953 0.001953
0 0.306641 0.054688 0.003906 0.003906
1 0.743164 0.049805 0.001953 0.001953
0 0.860352 0.045898 0.001953 0.001953
0 0.562500 0.057617 0.050781 0.037109
0 0.557617 0.036133 0.001953 0.001953
0 0.537109 0.038086 0.003906 0.005859
0 0.341797 0.038086 0.003906 0.005859
0 0.416016 0.037109 0.003906 0.007812
0 0.994141 0.034180 0.003906 0.005859
0 0.887695 0.034180 0.005859 0.009766
0 0.893555 0.026367 0.001953 0.001953
0 0.553711 0.029297 0.005859 0.007812
0 0.514648 0.026367 0.001953 0.001953
0 0.426758 0.024414 0.001953 0.001953
0 0.756836 0.022461 0.001953 0.001953
0 0.540039 0.027344 0.017578 0.011719
1 0.178711 0.022461 0.001953 0.001953
0 0.893555 0.021484 0.005859 0.003906
0 0.688477 0.016602 0.001953 0.001953
0 0.210938 0.018555 0.011719 0.009766
1 0.743164 0.017578 0.017578 0.011719
0 0.943359 0.019531 0.019531 0.023438
0 0.750977 0.008789 0.001953 0.001953
0 0.360352 0.008789 0.001953 0.001953
0 0.327148 0.008789 0.005859 0.005859
0 0.881836 0.004883 0.001953 0.001953
0 0.877930 0.004883 0.001953 0.001953
0 0.545898 0.011719 0.017578 0.015625
0 0.959961 0.003906 0.001953 0.003906
0 0.881836 0.000977 0.001953 0.001953
0 0.731445 0.001953 0.009766 0.003906
0 0.639648 0.077148 0.427734 0.154297
0 0.683594 0.002930 0.031250 0.005859
0 0.431641 0.010742 0.019531 0.021484
0 0.418945 0.000977 0.001953 0.001953
0 0.413086 0.001953 0.005859 0.003906
0 0.374023 0.008789 0.021484 0.017578
0 0.347656 0.000977 0.003906 0.001953
0 0.096680 0.075195 0.193359 0.150391
3 0.004883 0.918945 0.001953 0.001953
2 0.286133 0.426758 0.001953 0.001953
2 0.067383 0.418945 0.001953 0.001953
2 0.201172 0.406250 0.003906 0.003906
2 0.206055 0.403320 0.001953 0.001953
2 0.212891 0.389648 0.007812 0.001953
2 0.208008 0.370117 0.001953 0.001953
2 0.628906 0.142578 0.003906 0.003906
2 0.629883 0.137695 0.001953 0.001953
2 0.622070 0.135742 0.001953 0.001953
2 0.662109 0.129883 0.003906 0.001953
2 0.629883 0.125977 0.001953 0.001953
2 0.655273 0.116211 0.001953 0.001953
2 0.663086 0.112305 0.001953 0.001953
2 0.064453 0.098633 0.015625 0.009766
2 0.061523 0.084961 0.001953 0.001953
2 0.825195 0.079102 0.005859 0.001953
2 0.031250 0.085938 0.015625 0.019531
3 0.729492 0.075195 0.001953 0.001953
2 0.041992 0.073242 0.001953 0.001953
2 0.038086 0.073242 0.001953 0.001953
2 0.700195 0.071289 0.001953 0.001953
2 0.829102 0.069336 0.001953 0.001953
2 0.825195 0.069336 0.001953 0.001953
2 0.041992 0.068359 0.001953 0.003906
2 0.036133 0.060547 0.009766 0.003906
2 0.037109 0.055664 0.003906 0.001953
2 0.036133 0.051758 0.001953 0.001953
2 0.041992 0.049805 0.001953 0.001953
3 0.754883 0.045898 0.001953 0.001953
2 0.831055 0.041992 0.001953 0.001953
2 0.153320 0.032227 0.001953 0.001953
2 0.696289 0.026367 0.001953 0.001953
2 0.829102 0.030273 0.017578 0.017578
2 0.698242 0.016602 0.001953 0.001953
2 0.037109 0.017578 0.011719 0.007812
2 0.712891 0.014648 0.007812 0.005859
2 0.144531 0.013672 0.003906 0.003906
2 0.149414 0.010742 0.001953 0.001953
2 0.500000 0.500000 1.000000 1.000000
2 0.105469 0.009766 0.011719 0.019531
3 0.041016 0.005859 0.019531 0.011719