0 0.948242 0.999023 0.001953 0.001953
1 0.040039 0.989258 0.001953 0.001953
0 0.815430 0.987305 0.001953 0.001953
1 0.458008 0.979492 0.001953 0.001953
0 0.501953 0.975586 0.003906 0.001953
1 0.456055 0.970703 0.005859 0.003906
1 0.428711 0.969727 0.001953 0.001953
1 0.643555 0.965820 0.001953 0.001953
1 0.454102 0.965820 0.001953 0.001953
0 0.733398 0.963867 0.001953 0.001953
1 0.448242 0.963867 0.001953 0.001953
1 0.055664 0.963867 0.001953 0.001953
1 0.443359 0.965820 0.007812 0.009766
1 0.740234 0.979492 0.015625 0.041016
1 0.785156 0.957031 0.003906 0.003906
1 0.750977 0.953125 0.001953 0.003906
1 0.741211 0.950195 0.001953 0.001953
1 0.261719 0.952148 0.003906 0.005859
1 0.009766 0.957031 0.019531 0.019531
1 0.745117 0.946289 0.001953 0.001953
1 0.741211 0.945312 0.001953 0.003906
1 0.750977 0.938477 0.001953 0.001953
0 0.491211 0.944336 0.005859 0.013672
1 0.317383 0.938477 0.001953 0.001953
0 0.406250 0.932617 0.003906 0.001953
1 0.356445 0.930664 0.001953 0.001953
1 0.358398 0.936523 0.017578 0.017578
1 0.079102 0.920898 0.001953 0.001953
1 0.525391 0.919922 0.003906 0.003906
1 0.428711 0.920898 0.005859 0.005859
0 0.518555 0.915039 0.001953 0.001953
1 0.106445 0.915039 0.001953 0.001953
0 0.302734 0.927734 0.023438 0.031250
1 0.104492 0.921875 0.044922 0.019531
1 0.083008 0.912109 0.001953 0.003906
1 0.577148 0.907227 0.001953 0.001953
1 0.250977 0.905273 0.001953 0.001953
0 0.118164 0.905273 0.001953 0.001953
1 0.801758 0.899414 0.001953 0.001953
1 0.766602 0.897461 0.001953 0.001953
1 0.581055 0.901367 0.009766 0.009766
1 0.061523 0.894531 0.001953 0.003906
0 0.627930 0.891602 0.001953 0.001953
0 0.309570 0.898438 0.009766 0.019531
1 0.040039 0.888672 0.001953 0.003906
0 0.372070 0.886719 0.001953 0.003906
0 0.372070 0.879883 0.001953 0.001953
1 0.844727 0.875977 0.001953 0.001953
0 0.379883 0.880859 0.009766 0.011719
1 0.677734 0.874023 0.003906 0.001953
1 0.762695 0.877930 0.025391 0.013672
0 0.360352 0.871094 0.009766 0.007812
1 0.545898 0.866211 0.001953 0.001953
1 0.545898 0.860352 0.001953 0.001953
1 0.166992 0.860352 0.001953 0.001953
1 0.653320 0.858398 0.001953 0.001953
0 0.375977 0.858398 0.001953 0.001953
1 0.648438 0.856445 0.003906 0.001953
1 0.155273 0.854492 0.001953 0.001953
0 0.640625 0.854492 0.007812 0.005859
1 0.651367 0.850586 0.001953 0.001953
1 0.667969 0.853516 0.027344 0.011719
0 0.598633 0.848633 0.001953 0.001953
1 0.192383 0.846680 0.005859 0.001953
1 0.008789 0.867188 0.017578 0.050781
1 0.557617 0.842773 0.005859 0.005859
1 0.567383 0.838867 0.001953 0.001953
1 0.015625 0.841797 0.007812 0.007812
1 0.833008 0.834961 0.001953 0.001953
1 0.052734 0.865234 0.054688 0.062500
0 0.598633 0.834961 0.001953 0.005859
0 0.413086 0.833008 0.001953 0.005859
1 0.244141 0.829102 0.003906 0.001953
1 0.811523 0.843750 0.060547 0.042969
0 0.099609 0.820312 0.003906 0.003906
0 0.057617 0.821289 0.005859 0.005859
0 0.057617 0.815430 0.001953 0.001953
0 0.050781 0.815430 0.003906 0.001953
0 0.051758 0.811523 0.001953 0.001953
0 0.656250 0.803711 0.003906 0.001953
1 0.305664 0.808594 0.021484 0.011719
0 0.651367 0.799805 0.001953 0.001953
1 0.839844 0.800781 0.023438 0.011719
0 0.000977 0.797852 0.001953 0.005859
1 0.760742 0.793945 0.001953 0.001953
0 0.625977 0.800781 0.044922 0.015625
1 0.096680 0.784180 0.001953 0.001953
1 0.077148 0.784180 0.001953 0.001953
1 0.005859 0.786133 0.011719 0.009766
1 0.807617 0.786133 0.025391 0.013672
1 0.424805 0.776367 0.001953 0.001953
1 0.092773 0.779297 0.005859 0.007812
1 0.040039 0.771484 0.001953 0.003906
1 0.426758 0.768555 0.001953 0.001953
1 0.149414 0.782227 0.009766 0.029297
1 0.030273 0.776367 0.017578 0.017578
1 0.284180 0.760742 0.001953 0.001953
1 0.167969 0.760742 0.003906 0.001953
1 0.367188 0.760742 0.003906 0.005859
1 0.299805 0.758789 0.001953 0.001953
1 0.244141 0.760742 0.007812 0.009766
1 0.298828 0.754883 0.003906 0.001953
1 0.276367 0.745117 0.001953 0.001953
1 0.322266 0.748047 0.011719 0.011719
1 0.278320 0.738281 0.005859 0.007812
0 0.490234 0.725586 0.003906 0.005859
1 0.274414 0.725586 0.013672 0.005859
0 0.062500 0.720703 0.007812 0.003906
1 0.290039 0.718750 0.001953 0.007812
1 0.280273 0.713867 0.001953 0.001953
1 0.232422 0.702148 0.003906 0.001953
0 0.018555 0.702148 0.001953 0.001953
0 0.013672 0.703125 0.003906 0.003906
0 0.540039 0.696289 0.001953 0.001953
1 0.336914 0.688477 0.001953 0.001953
1 0.205078 0.704102 0.031250 0.044922
1 0.622070 0.680664 0.001953 0.001953
0 0.196289 0.678711 0.001953 0.001953
1 0.698242 0.676758 0.001953 0.001953
1 0.266602 0.698242 0.041016 0.044922
1 0.414062 0.835938 0.773438 0.328125
0 0.194336 0.671875 0.001953 0.007812
0 0.165039 0.668945 0.005859 0.009766
1 0.032227 0.659180 0.001953 0.001953
1 0.018555 0.659180 0.001953 0.001953
1 0.249023 0.649414 0.001953 0.001953
1 0.273438 0.646484 0.007812 0.007812
1 0.293945 0.637695 0.001953 0.001953
1 0.271484 0.637695 0.003906 0.001953
1 0.002930 0.638672 0.005859 0.003906
0 0.166992 0.632812 0.001953 0.003906
0 0.169922 0.628906 0.003906 0.003906
0 0.165039 0.623047 0.005859 0.003906
1 0.029297 0.640625 0.050781 0.039062
0 0.161133 0.618164 0.001953 0.001953
1 0.020508 0.618164 0.001953 0.001953
1 0.399414 0.609375 0.001953 0.003906
1 0.176758 0.604492 0.001953 0.001953
1 0.372070 0.602539 0.001953 0.001953
1 0.189453 0.633789 0.050781 0.064453
1 0.040039 0.603516 0.009766 0.007812
1 0.225586 0.599609 0.001953 0.003906
1 0.050781 0.595703 0.003906 0.003906
1 0.297852 0.592773 0.001953 0.001953
1 0.198242 0.584961 0.001953 0.001953
1 0.059570 0.583008 0.001953 0.001953
0 0.002930 0.584961 0.005859 0.009766
1 0.350586 0.559570 0.001953 0.001953
1 0.144531 0.560547 0.007812 0.003906
1 0.347656 0.553711 0.007812 0.005859
0 0.028320 0.549805 0.001953 0.001953
0 0.024414 0.549805 0.001953 0.001953
1 0.136719 0.551758 0.011719 0.009766
1 0.130859 0.543945 0.003906 0.005859
0 0.399414 0.538086 0.001953 0.001953
1 0.427734 0.536133 0.003906 0.001953
0 0.195312 0.535156 0.011719 0.007812
1 0.157227 0.528320 0.001953 0.005859
0 0.379883 0.522461 0.001953 0.001953
0 0.100586 0.518555 0.001953 0.001953
1 0.040039 0.514648 0.005859 0.005859
1 0.259766 0.539062 0.042969 0.058594
1 0.395508 0.505859 0.001953 0.003906
1 0.133789 0.504883 0.001953 0.001953
0 0.350586 0.502930 0.001953 0.001953
1 0.035156 0.525391 0.046875 0.046875
0 0.372070 0.500977 0.001953 0.001953
1 0.394531 0.493164 0.003906 0.001953
1 0.377930 0.487305 0.009766 0.005859
1 0.273438 0.487305 0.007812 0.009766
1 0.278320 0.479492 0.001953 0.001953
1 0.387695 0.482422 0.017578 0.011719
0 0.364258 0.479492 0.005859 0.005859
0 0.182617 0.477539 0.009766 0.005859
1 0.383789 0.473633 0.001953 0.001953
0 0.176758 0.473633 0.001953 0.001953
1 0.379883 0.470703 0.001953 0.003906
1 0.999023 0.472656 0.001953 0.011719
0 0.354492 0.472656 0.001953 0.011719
1 0.360352 0.461914 0.001953 0.001953
1 0.362305 0.458008 0.001953 0.001953
1 0.268555 0.458008 0.001953 0.001953
1 0.352539 0.454102 0.001953 0.001953
1 0.268555 0.454102 0.001953 0.001953
1 0.356445 0.450195 0.001953 0.001953
1 0.073242 0.453125 0.005859 0.011719
1 0.217773 0.446289 0.005859 0.005859
1 0.205078 0.444336 0.003906 0.001953
1 0.210938 0.443359 0.003906 0.003906
1 0.391602 0.443359 0.009766 0.015625
1 0.186523 0.436523 0.001953 0.001953
1 0.133789 0.488281 0.060547 0.105469
1 0.266602 0.432617 0.001953 0.001953
1 0.249023 0.430664 0.001953 0.001953
1 0.198242 0.428711 0.001953 0.001953
1 0.424805 0.426758 0.001953 0.001953
1 0.446289 0.415039 0.001953 0.001953
1 0.436523 0.415039 0.001953 0.001953
1 0.431641 0.421875 0.015625 0.015625
1 0.241211 0.416016 0.005859 0.003906
1 0.299805 0.411133 0.001953 0.001953
1 0.444336 0.409180 0.001953 0.001953
1 0.436523 0.410156 0.001953 0.003906
1 0.430664 0.411133 0.005859 0.005859
1 0.421875 0.410156 0.003906 0.003906
1 0.432617 0.407227 0.001953 0.001953
1 0.297852 0.409180 0.009766 0.005859
1 0.290039 0.408203 0.001953 0.003906
1 0.204102 0.407227 0.001953 0.001953
1 0.079102 0.409180 0.005859 0.005859
1 0.448242 0.405273 0.001953 0.001953
1 0.276367 0.461914 0.173828 0.115234
1 0.082031 0.404297 0.007812 0.003906
1 0.314453 0.402344 0.003906 0.003906
1 0.309570 0.401367 0.001953 0.001953
1 0.086914 0.401367 0.001953 0.001953
1 0.295898 0.399414 0.021484 0.013672
1 0.393555 0.391602 0.005859 0.009766
1 0.336914 0.385742 0.001953 0.001953
1 0.391602 0.383789 0.001953 0.001953
1 0.369141 0.378906 0.003906 0.003906
1 0.355469 0.393555 0.039062 0.033203
1 0.098633 0.377930 0.001953 0.001953
1 0.186523 0.374023 0.001953 0.001953
1 0.180664 0.374023 0.001953 0.001953
1 0.429688 0.374023 0.003906 0.005859
1 0.422852 0.368164 0.001953 0.001953
1 0.098633 0.368164 0.001953 0.001953
1 0.430664 0.384766 0.052734 0.039062
1 0.405273 0.362305 0.001953 0.001953
1 0.243164 0.358398 0.001953 0.001953
1 0.176758 0.356445 0.001953 0.001953
1 0.044922 0.355469 0.007812 0.007812
1 0.355469 0.351562 0.003906 0.003906
0 0.213867 0.357422 0.009766 0.015625
1 0.184570 0.344727 0.001953 0.001953
1 0.991211 0.342773 0.001953 0.001953
1 0.122070 0.343750 0.001953 0.003906
1 0.118164 0.363281 0.041016 0.042969
1 0.553711 0.340820 0.001953 0.001953
0 0.256836 0.342773 0.009766 0.009766
0 0.454102 0.339844 0.005859 0.007812
1 0.400391 0.355469 0.023438 0.042969
1 0.549805 0.333008 0.005859 0.005859
1 0.206055 0.337891 0.017578 0.015625
1 0.377930 0.331055 0.005859 0.005859
1 0.196289 0.329102 0.001953 0.001953
0 0.416992 0.327148 0.001953 0.001953
1 0.407227 0.327148 0.001953 0.001953
1 0.396484 0.330078 0.003906 0.007812
1 0.410156 0.326172 0.003906 0.007812
1 0.415039 0.320312 0.001953 0.003906
1 0.123047 0.316406 0.007812 0.007812
1 0.029297 0.316406 0.003906 0.007812
1 0.535156 0.313477 0.003906 0.005859
1 0.229492 0.331055 0.044922 0.044922
1 0.225586 0.307617 0.001953 0.001953
1 0.125000 0.307617 0.003906 0.001953
1 0.393555 0.303711 0.001953 0.001953
1 0.534180 0.301758 0.001953 0.001953
1 0.375000 0.300781 0.003906 0.003906
0 0.598633 0.297852 0.001953 0.001953
0 0.297852 0.295898 0.001953 0.001953
1 0.362305 0.293945 0.001953 0.001953
1 0.083984 0.294922 0.003906 0.003906
0 0.610352 0.289062 0.001953 0.003906
1 0.393555 0.290039 0.005859 0.005859
1 0.083008 0.288086 0.001953 0.001953
1 0.132812 0.293945 0.019531 0.021484
1 0.071289 0.284180 0.001953 0.001953
1 0.225586 0.283203 0.001953 0.003906
1 0.381836 0.281250 0.005859 0.003906
1 0.076172 0.280273 0.007812 0.009766
1 0.381836 0.275391 0.005859 0.003906
1 0.068359 0.279297 0.003906 0.011719
1 0.967773 0.272461 0.001953 0.001953
1 0.196289 0.272461 0.001953 0.001953
0 0.596680 0.276367 0.017578 0.017578
1 0.069336 0.262695 0.001953 0.001953
0 0.564453 0.262695 0.011719 0.009766
0 0.549805 0.258789 0.001953 0.001953
1 0.002930 0.258789 0.001953 0.001953
1 0.381836 0.256836 0.001953 0.001953
0 0.588867 0.254883 0.001953 0.001953
1 0.361328 0.253906 0.003906 0.003906
1 0.020508 0.281250 0.041016 0.058594
1 0.485352 0.249023 0.001953 0.001953
1 0.404297 0.249023 0.003906 0.001953
1 0.381836 0.250977 0.001953 0.005859
0 0.366211 0.249023 0.001953 0.001953
1 0.001953 0.251953 0.003906 0.007812
0 0.358398 0.247070 0.001953 0.001953
0 0.202148 0.241211 0.001953 0.001953
1 0.468750 0.244141 0.023438 0.011719
1 0.406250 0.239258 0.003906 0.001953
1 0.077148 0.250977 0.033203 0.025391
1 0.285156 0.237305 0.003906 0.001953
0 0.365234 0.237305 0.007812 0.005859
0 0.215820 0.235352 0.001953 0.001953
1 0.483398 0.233398 0.001953 0.001953
1 0.479492 0.233398 0.001953 0.001953
0 0.272461 0.233398 0.001953 0.001953
1 0.570312 0.245117 0.031250 0.029297
1 0.064453 0.231445 0.003906 0.001953
0 0.118164 0.230469 0.005859 0.007812
1 0.471680 0.228516 0.025391 0.011719
1 0.279297 0.302734 0.171875 0.160156
1 0.024414 0.223633 0.001953 0.001953
1 0.594727 0.222656 0.005859 0.003906
1 0.448242 0.221680 0.001953 0.001953
1 0.442383 0.227539 0.009766 0.013672
0 0.314453 0.223633 0.007812 0.009766
0 0.264648 0.219727 0.001953 0.001953
1 0.016602 0.219727 0.001953 0.001953
0 0.260742 0.217773 0.001953 0.001953
1 0.022461 0.217773 0.005859 0.005859
0 0.282227 0.213867 0.001953 0.001953
1 0.439453 0.212891 0.003906 0.003906
0 0.276367 0.211914 0.001953 0.001953
1 0.446289 0.212891 0.005859 0.007812
0 0.268555 0.209961 0.001953 0.001953
0 0.253906 0.213867 0.023438 0.009766
1 0.434570 0.206055 0.001953 0.001953
1 0.573242 0.211914 0.017578 0.017578
1 0.463867 0.211914 0.021484 0.017578
1 0.440430 0.205078 0.005859 0.003906
0 0.358398 0.204102 0.001953 0.005859
1 0.395508 0.241211 0.029297 0.083984
1 0.032227 0.216797 0.025391 0.035156
1 0.624023 0.198242 0.001953 0.001953
0 0.496094 0.200195 0.007812 0.005859
1 0.129883 0.196289 0.001953 0.001953
1 0.559570 0.192383 0.001953 0.001953
1 0.450195 0.190430 0.001953 0.001953
1 0.579102 0.188477 0.001953 0.001953
1 0.575195 0.188477 0.001953 0.001953
1 0.452148 0.186523 0.001953 0.001953
1 0.536133 0.174805 0.001953 0.001953
0 0.459961 0.168945 0.001953 0.001953
1 0.532227 0.165039 0.001953 0.001953
1 0.472656 0.160156 0.003906 0.003906
0 0.468750 0.157227 0.003906 0.001953
0 0.672852 0.153320 0.001953 0.001953
1 0.425781 0.153320 0.003906 0.005859
1 0.474609 0.152344 0.003906 0.007812
0 0.627930 0.147461 0.001953 0.001953
1 0.423828 0.147461 0.003906 0.001953
1 0.664062 0.139648 0.007812 0.005859
1 0.655273 0.137695 0.001953 0.001953
1 0.647461 0.138672 0.009766 0.003906
0 0.612305 0.142578 0.009766 0.011719
0 0.604492 0.137695 0.001953 0.001953
1 0.453125 0.139648 0.003906 0.005859
1 0.830078 0.130859 0.003906 0.003906
0 0.598633 0.128906 0.005859 0.007812
0 0.620117 0.121094 0.001953 0.003906
0 0.624023 0.120117 0.001953 0.005859
1 0.791992 0.108398 0.001953 0.001953
0 0.625000 0.111328 0.003906 0.007812
1 0.167969 0.087891 0.003906 0.003906
1 0.165039 0.083008 0.001953 0.001953
0 0.231445 0.079102 0.001953 0.001953
0 0.047852 0.077148 0.001953 0.001953
0 0.043945 0.075195 0.001953 0.001953
0 0.040039 0.075195 0.001953 0.001953
0 0.487305 0.080078 0.009766 0.019531
0 0.184570 0.077148 0.025391 0.013672
0 0.495117 0.069336 0.001953 0.001953
0 0.044922 0.070312 0.003906 0.003906
1 0.354492 0.065430 0.001953 0.001953
0 0.082031 0.065430 0.003906 0.001953
1 0.823242 0.061523 0.001953 0.001953
1 0.805664 0.059570 0.001953 0.001953
1 0.410156 0.057617 0.003906 0.001953
1 0.807617 0.054688 0.005859 0.003906
1 0.416992 0.053711 0.001953 0.001953
1 0.381836 0.049805 0.001953 0.001953
0 0.136719 0.051758 0.003906 0.005859
1 0.374023 0.047852 0.001953 0.001953
1 0.393555 0.048828 0.013672 0.007812
0 0.225586 0.047852 0.005859 0.005859
1 0.346680 0.043945 0.001953 0.001953
1 0.110352 0.043945 0.001953 0.001953
0 0.198242 0.044922 0.005859 0.007812
1 0.106445 0.041992 0.001953 0.001953
1 0.101562 0.067383 0.046875 0.052734
0 0.581055 0.040039 0.001953 0.001953
0 0.538086 0.040039 0.001953 0.001953
1 0.117188 0.041992 0.003906 0.005859
1 0.378906 0.041992 0.011719 0.009766
1 0.362305 0.040039 0.009766 0.005859
1 0.106445 0.038086 0.001953 0.001953
0 0.583008 0.036133 0.001953 0.001953
0 0.006836 0.036133 0.001953 0.001953
1 0.120117 0.034180 0.005859 0.005859
0 0.037109 0.041016 0.031250 0.019531
0 0.001953 0.039062 0.003906 0.015625
1 0.354492 0.030273 0.001953 0.001953
0 0.172852 0.030273 0.001953 0.001953
0 0.051758 0.028320 0.001953 0.001953
1 0.424805 0.027344 0.001953 0.003906
1 0.395508 0.032227 0.041016 0.013672
1 0.813477 0.024414 0.001953 0.001953
1 0.067383 0.024414 0.001953 0.001953
1 0.062500 0.024414 0.003906 0.005859
0 0.054688 0.023438 0.003906 0.003906
1 0.411133 0.018555 0.001953 0.001953
1 0.810547 0.016602 0.007812 0.005859
0 0.197266 0.017578 0.007812 0.007812
0 0.190430 0.014648 0.001953 0.001953
1 0.135742 0.010742 0.001953 0.001953
1 0.811523 0.007812 0.005859 0.003906
0 0.541016 0.007812 0.003906 0.003906
0 0.247070 0.006836 0.001953 0.001953
0 0.540039 0.002930 0.001953 0.001953
1 0.430664 0.002930 0.001953 0.001953
0 0.247070 0.002930 0.001953 0.001953
1 0.141602 0.002930 0.001953 0.001953
1 0.583008 0.430664 0.833984 0.861328
1 0.389648 0.006836 0.044922 0.013672
1 0.358398 0.000977 0.001953 0.001953
1 0.350586 0.000977 0.001953 0.001953
1 0.344727 0.000977 0.005859 0.001953
1 0.126953 0.010742 0.023438 0.021484
1 0.118164 0.000977 0.001953 0.001953
3 0.415039 0.983398 0.001953 0.001953
3 0.530273 0.959961 0.001953 0.001953
3 0.663086 0.954102 0.001953 0.001953
3 0.572266 0.954102 0.007812 0.001953
3 0.644531 0.954102 0.003906 0.005859
3 0.573242 0.950195 0.005859 0.001953
3 0.624023 0.948242 0.001953 0.001953
2 0.136719 0.973633 0.128906 0.052734
3 0.739258 0.934570 0.001953 0.001953
3 0.584961 0.934570 0.001953 0.001953
3 0.573242 0.934570 0.001953 0.001953
3 0.520508 0.934570 0.001953 0.001953
3 0.653320 0.930664 0.001953 0.001953
3 0.596680 0.950195 0.044922 0.041016
3 0.743164 0.924805 0.001953 0.001953
3 0.202148 0.922852 0.001953 0.001953
3 0.743164 0.918945 0.001953 0.001953
3 0.735352 0.918945 0.001953 0.001953
3 0.245117 0.919922 0.001953 0.003906
3 0.708008 0.916992 0.001953 0.001953
3 0.669922 0.934570 0.070312 0.037109
3 0.229492 0.916992 0.001953 0.001953
3 0.166992 0.915039 0.001953 0.001953
3 0.696289 0.907227 0.001953 0.001953
2 0.436523 0.897461 0.001953 0.001953
3 0.008789 0.889648 0.001953 0.001953
3 0.462891 0.941406 0.136719 0.117188
3 0.471680 0.881836 0.001953 0.001953
3 0.000977 0.870117 0.001953 0.001953
3 0.461914 0.880859 0.021484 0.027344
3 0.442383 0.860352 0.001953 0.001953
3 0.260742 0.856445 0.001953 0.001953
3 0.002930 0.861328 0.005859 0.011719
3 0.010742 0.854492 0.001953 0.001953
2 0.439453 0.854492 0.003906 0.005859
3 0.453125 0.850586 0.003906 0.009766
3 0.120117 0.833008 0.001953 0.001953
3 0.943359 0.818359 0.003906 0.003906
3 0.328125 0.908203 0.246094 0.183594
3 0.727539 0.815430 0.001953 0.001953
3 0.723633 0.815430 0.001953 0.001953
3 0.397461 0.809570 0.001953 0.001953
2 0.709961 0.807617 0.001953 0.001953
3 0.403320 0.807617 0.005859 0.005859
3 0.418945 0.803711 0.001953 0.001953
3 0.715820 0.802734 0.001953 0.003906
3 0.405273 0.798828 0.001953 0.003906
3 0.430664 0.782227 0.001953 0.001953
2 0.665039 0.766602 0.001953 0.001953
3 0.987305 0.774414 0.025391 0.025391
3 0.413086 0.756836 0.001953 0.001953
3 0.975586 0.746094 0.001953 0.007812
3 0.350586 0.733398 0.001953 0.001953
3 0.799805 0.731445 0.001953 0.001953
2 0.809570 0.729492 0.001953 0.001953
3 0.803711 0.727539 0.001953 0.001953
2 0.807617 0.725586 0.001953 0.001953
3 0.797852 0.726562 0.001953 0.003906
3 0.365234 0.722656 0.003906 0.003906
3 0.829102 0.715820 0.001953 0.001953
3 0.359375 0.721680 0.011719 0.021484
3 0.827148 0.709961 0.001953 0.001953
2 0.828125 0.702148 0.003906 0.001953
3 0.988281 0.712891 0.023438 0.027344
3 0.649414 0.707031 0.037109 0.015625
3 0.346680 0.700195 0.001953 0.001953
2 0.820312 0.700195 0.007812 0.005859
3 0.661133 0.698242 0.001953 0.001953
3 0.358398 0.701172 0.001953 0.007812
3 0.340820 0.698242 0.001953 0.001953
2 0.812500 0.699219 0.003906 0.007812
3 0.665039 0.696289 0.001953 0.001953
2 0.935547 0.694336 0.003906 0.001953
3 0.661133 0.694336 0.001953 0.001953
2 0.949219 0.720703 0.050781 0.058594
2 0.952148 0.692383 0.001953 0.001953
3 0.769531 0.685547 0.011719 0.003906
3 0.643555 0.682617 0.001953 0.001953
3 0.639648 0.682617 0.001953 0.001953
2 0.461914 0.680664 0.001953 0.001953
3 0.341797 0.674805 0.003906 0.001953
3 0.797852 0.682617 0.041016 0.021484
3 0.344727 0.670898 0.001953 0.001953
3 0.337891 0.670898 0.003906 0.001953
3 0.342773 0.666992 0.005859 0.001953
3 0.375000 0.663086 0.003906 0.001953
3 0.519531 0.661133 0.003906 0.001953
3 0.340820 0.661133 0.001953 0.001953
3 0.950195 0.657227 0.005859 0.001953
3 0.512695 0.657227 0.001953 0.001953
2 0.950195 0.651367 0.001953 0.001953
3 0.375977 0.649414 0.001953 0.001953
3 0.432617 0.642578 0.005859 0.007812
3 0.675781 0.635742 0.007812 0.001953
3 0.668945 0.635742 0.001953 0.001953
3 0.323242 0.629883 0.001953 0.001953
2 0.969727 0.625977 0.001953 0.001953
3 0.946289 0.642578 0.048828 0.050781
3 0.952148 0.612305 0.001953 0.001953
3 0.956055 0.613281 0.001953 0.007812
3 0.333008 0.610352 0.001953 0.001953
3 0.345703 0.609375 0.003906 0.003906
3 0.885742 0.608398 0.005859 0.005859
3 0.549805 0.602539 0.001953 0.001953
3 0.717773 0.598633 0.001953 0.005859
3 0.290039 0.592773 0.001953 0.001953
3 0.559570 0.590820 0.001953 0.001953
3 0.286133 0.588867 0.001953 0.001953
3 0.284180 0.584961 0.001953 0.001953
2 0.559570 0.583008 0.005859 0.009766
3 0.467773 0.571289 0.001953 0.001953
3 0.492188 0.565430 0.007812 0.005859
3 0.480469 0.565430 0.011719 0.005859
3 0.943359 0.567383 0.019531 0.013672
3 0.627930 0.561523 0.001953 0.001953
3 0.642578 0.560547 0.003906 0.003906
3 0.935547 0.555664 0.003906 0.001953
3 0.935547 0.549805 0.003906 0.005859
2 0.182617 0.545898 0.001953 0.001953
3 0.983398 0.552734 0.009766 0.019531
3 0.932617 0.537109 0.001953 0.003906
3 0.852539 0.526367 0.001953 0.001953
3 0.475586 0.526367 0.001953 0.001953
3 0.859375 0.525391 0.007812 0.003906
3 0.937500 0.522461 0.003906 0.001953
3 0.557617 0.515625 0.001953 0.007812
3 0.530273 0.510742 0.001953 0.001953
3 0.930664 0.508789 0.005859 0.001953
3 0.963867 0.508789 0.009766 0.005859
3 0.987305 0.502930 0.001953 0.001953
3 0.997070 0.499023 0.001953 0.001953
3 0.992188 0.499023 0.003906 0.001953
3 0.987305 0.499023 0.001953 0.001953
3 0.637695 0.495117 0.001953 0.001953
2 0.593750 0.496094 0.003906 0.003906
3 0.629883 0.495117 0.009766 0.005859
2 0.590820 0.491211 0.001953 0.001953
3 0.408203 0.492188 0.003906 0.003906
3 0.620117 0.489258 0.001953 0.001953
3 0.817383 0.487305 0.001953 0.001953
3 0.510742 0.487305 0.005859 0.001953
2 0.922852 0.481445 0.001953 0.001953
2 0.612305 0.478516 0.009766 0.007812
3 0.700195 0.473633 0.001953 0.001953
3 0.691406 0.473633 0.003906 0.001953
3 0.620117 0.472656 0.001953 0.003906
3 0.722656 0.462891 0.015625 0.007812
3 0.722656 0.458008 0.003906 0.001953
2 0.439453 0.456055 0.003906 0.001953
3 0.908203 0.478516 0.062500 0.101562
3 0.872070 0.428711 0.001953 0.001953
3 0.643555 0.428711 0.001953 0.001953
3 0.938477 0.427734 0.005859 0.011719
3 0.971680 0.453125 0.056641 0.074219
3 0.724609 0.416992 0.007812 0.005859
3 0.844727 0.413086 0.001953 0.001953
3 0.632812 0.410156 0.003906 0.007812
2 0.782227 0.403320 0.001953 0.001953
3 0.676758 0.499023 0.318359 0.197266
2 0.782227 0.399414 0.001953 0.001953
2 0.776367 0.393555 0.001953 0.001953
3 0.696289 0.390625 0.001953 0.003906
3 0.780273 0.385742 0.001953 0.001953
3 0.696289 0.385742 0.001953 0.001953
3 0.690430 0.380859 0.013672 0.011719
3 0.948242 0.377930 0.013672 0.013672
3 0.655273 0.378906 0.017578 0.015625
3 0.934570 0.367188 0.001953 0.003906
3 0.764648 0.366211 0.001953 0.001953
3 0.624023 0.366211 0.001953 0.001953
3 0.656250 0.366211 0.003906 0.005859
3 0.600586 0.365234 0.009766 0.003906
3 0.614258 0.365234 0.013672 0.007812
3 0.940430 0.356445 0.001953 0.001953
3 0.935547 0.349609 0.003906 0.003906
3 0.581055 0.346680 0.001953 0.001953
3 0.974609 0.342773 0.003906 0.001953
3 0.983398 0.340820 0.001953 0.001953
3 0.582031 0.340820 0.003906 0.005859
3 0.702148 0.331055 0.009766 0.001953
3 0.573242 0.333984 0.013672 0.011719
3 0.989258 0.340820 0.021484 0.033203
3 0.630859 0.326172 0.003906 0.003906
3 0.563477 0.325195 0.001953 0.001953
3 0.579102 0.323242 0.001953 0.001953
3 0.575195 0.325195 0.005859 0.005859
3 0.559570 0.323242 0.001953 0.001953
3 0.636719 0.341797 0.027344 0.042969
3 0.687500 0.320312 0.003906 0.007812
3 0.633789 0.319336 0.001953 0.005859
3 0.848633 0.315430 0.001953 0.001953
3 0.629883 0.315430 0.001953 0.001953
3 0.550781 0.316406 0.003906 0.003906
3 0.694336 0.309570 0.001953 0.001953
3 0.750977 0.305664 0.001953 0.001953
3 0.694336 0.305664 0.001953 0.001953
3 0.860352 0.303711 0.001953 0.001953
2 0.547852 0.299805 0.001953 0.001953
3 0.752930 0.296875 0.001953 0.003906
3 0.749023 0.293945 0.001953 0.001953
3 0.686523 0.300781 0.017578 0.015625
3 0.987305 0.288086 0.001953 0.001953
3 0.713867 0.286133 0.005859 0.001953
2 0.668945 0.286133 0.005859 0.001953
3 0.657227 0.282227 0.005859 0.005859
3 0.958008 0.262695 0.005859 0.005859
3 0.016602 0.258789 0.001953 0.001953
3 0.959961 0.254883 0.001953 0.001953
3 0.540039 0.237305 0.001953 0.001953
3 0.724609 0.234375 0.003906 0.003906
3 0.653320 0.216797 0.005859 0.003906
3 0.637695 0.214844 0.001953 0.003906
2 0.750977 0.209961 0.001953 0.001953
3 0.664062 0.209961 0.003906 0.001953
2 0.687500 0.245117 0.066406 0.080078
3 0.727539 0.194336 0.001953 0.001953
3 0.509766 0.195312 0.003906 0.003906
3 0.875977 0.189453 0.001953 0.003906
3 0.979492 0.232422 0.041016 0.101562
2 0.868164 0.182617 0.001953 0.001953
3 0.838867 0.308594 0.248047 0.257812
3 0.755859 0.166016 0.007812 0.007812
3 0.982422 0.154297 0.003906 0.003906
3 0.969727 0.155273 0.013672 0.005859
2 0.771484 0.153320 0.003906 0.005859
3 0.988281 0.149414 0.003906 0.001953
3 0.994141 0.149414 0.003906 0.005859
3 0.818359 0.149414 0.003906 0.005859
3 0.556641 0.120117 0.003906 0.001953
3 0.410156 0.115234 0.003906 0.003906
2 0.606445 0.107422 0.009766 0.003906
2 0.596680 0.106445 0.001953 0.001953
3 0.850586 0.098633 0.005859 0.005859
3 0.922852 0.086914 0.001953 0.001953
3 0.678711 0.067383 0.001953 0.001953
3 0.370117 0.067383 0.001953 0.001953
2 0.747070 0.065430 0.001953 0.001953
2 0.775391 0.064453 0.003906 0.003906
3 0.774414 0.059570 0.001953 0.001953
3 0.594727 0.059570 0.001953 0.001953
3 0.965820 0.056641 0.001953 0.003906
3 0.957031 0.056641 0.007812 0.011719
3 0.772461 0.048828 0.001953 0.003906
3 0.600586 0.040039 0.005859 0.009766
2 0.750000 0.047852 0.039062 0.029297
3 0.436523 0.030273 0.001953 0.001953
3 0.606445 0.024414 0.001953 0.001953
3 0.597656 0.024414 0.003906 0.005859
3 0.588867 0.025391 0.009766 0.011719
3 0.791992 0.012695 0.001953 0.001953
2 0.778320 0.008789 0.005859 0.001953
2 0.768555 0.008789 0.001953 0.001953
3 0.402344 0.002930 0.003906 0.001953
3 0.378906 0.002930 0.003906 0.001953
2 0.990234 0.053711 0.019531 0.107422
3 0.955078 0.020508 0.031250 0.041016
3 0.711914 0.087891 0.283203 0.175781
3 0.689453 0.019531 0.046875 0.039062
3 0.618164 0.010742 0.025391 0.021484
2 0.519531 0.056641 0.132812 0.113281
3 0.440430 0.000977 0.001953 0.001953
3 0.125977 0.000977 0.001953 0.001953
3 0.500000 0.500000 1.000000 1.000000