0 0.930664 0.999023 0.009766 0.001953
1 0.019531 0.998047 0.007812 0.003906
1 0.003906 0.996094 0.007812 0.003906
1 0.405273 0.996094 0.013672 0.007812
1 0.256836 0.993164 0.005859 0.005859
1 0.762695 0.994141 0.017578 0.011719
1 0.051758 0.993164 0.048828 0.013672
1 0.189453 0.990234 0.039062 0.019531
1 0.810547 0.989258 0.042969 0.021484
0 0.924805 0.978516 0.005859 0.003906
1 0.899414 0.981445 0.033203 0.009766
1 0.997070 0.987305 0.005859 0.025391
1 0.150391 0.986328 0.035156 0.023438
1 0.205078 0.976562 0.007812 0.007812
1 0.192383 0.975586 0.009766 0.005859
1 0.441406 0.979492 0.023438 0.017578
0 0.113281 0.975586 0.019531 0.013672
1 0.855469 0.966797 0.003906 0.003906
1 0.344727 0.978516 0.037109 0.027344
1 0.952148 0.979492 0.037109 0.041016
1 0.838867 0.959961 0.001953 0.001953
1 0.472656 0.967773 0.023438 0.017578
1 0.682617 0.957031 0.009766 0.007812
1 0.416016 0.959961 0.015625 0.021484
1 0.994141 0.951172 0.011719 0.019531
1 0.617188 0.946289 0.023438 0.025391
1 0.801758 0.933594 0.001953 0.007812
0 0.988281 0.923828 0.011719 0.007812
1 0.930664 0.920898 0.001953 0.001953
1 0.932617 0.916992 0.001953 0.001953
1 0.802734 0.920898 0.003906 0.009766
1 0.438477 0.933594 0.107422 0.035156
1 0.892578 0.915039 0.007812 0.009766
1 0.432617 0.918945 0.017578 0.017578
1 0.939453 0.907227 0.011719 0.013672
1 0.765625 0.906250 0.019531 0.011719
1 0.255859 0.904297 0.042969 0.019531
1 0.134766 0.904297 0.031250 0.019531
1 0.165039 0.894531 0.005859 0.007812
1 0.306641 0.886719 0.011719 0.011719
1 0.166016 0.882812 0.003906 0.003906
1 0.232422 0.878906 0.007812 0.003906
1 0.922852 0.875000 0.009766 0.007812
1 0.706055 0.875000 0.009766 0.007812
1 0.501953 0.876953 0.019531 0.011719
1 0.024414 0.876953 0.009766 0.015625
1 0.975586 0.883789 0.048828 0.037109
0 0.118164 0.866211 0.001953 0.001953
0 0.118164 0.862305 0.001953 0.001953
1 0.972656 0.861328 0.003906 0.003906
1 0.541992 0.875000 0.029297 0.031250
1 0.416992 0.871094 0.130859 0.023438
1 0.708008 0.851562 0.001953 0.003906
0 0.107422 0.850586 0.003906 0.005859
1 0.250000 0.850586 0.011719 0.009766
1 0.086914 0.847656 0.001953 0.003906
1 0.756836 0.864258 0.064453 0.041016
1 0.683594 0.875000 0.046875 0.062500
0 0.417969 0.845703 0.011719 0.003906
1 0.955078 0.850586 0.011719 0.017578
1 0.537109 0.849609 0.011719 0.015625
1 0.299805 0.840820 0.001953 0.001953
1 0.666016 0.842773 0.007812 0.009766
1 0.295898 0.836914 0.001953 0.001953
1 0.291016 0.835938 0.003906 0.003906
1 0.272461 0.833008 0.001953 0.001953
1 0.061523 0.842773 0.025391 0.021484
1 0.264648 0.833984 0.005859 0.007812
0 0.977539 0.831055 0.005859 0.005859
1 0.372070 0.829102 0.001953 0.001953
0 0.927734 0.830078 0.003906 0.007812
1 0.782227 0.833008 0.013672 0.013672
1 0.797852 0.821289 0.001953 0.001953
1 0.107422 0.844727 0.058594 0.052734
1 0.102539 0.813477 0.005859 0.005859
0 0.041016 0.825195 0.019531 0.029297
1 0.140625 0.815430 0.031250 0.013672
0 0.984375 0.810547 0.007812 0.011719
1 0.466797 0.832031 0.074219 0.054688
1 0.958008 0.803711 0.001953 0.001953
1 0.548828 0.816406 0.015625 0.027344
1 0.817383 0.801758 0.001953 0.001953
1 0.766602 0.799805 0.001953 0.001953
1 0.912109 0.798828 0.007812 0.003906
1 0.837891 0.824219 0.093750 0.054688
1 0.272461 0.805664 0.013672 0.017578
1 0.091797 0.804688 0.011719 0.015625
1 0.107422 0.796875 0.007812 0.003906
1 0.442383 0.793945 0.001953 0.001953
1 0.154297 0.799805 0.023438 0.013672
1 0.088867 0.793945 0.001953 0.001953
1 0.701172 0.793945 0.007812 0.005859
1 0.436523 0.792969 0.005859 0.007812
0 0.315430 0.794922 0.009766 0.011719
1 0.686523 0.788086 0.001953 0.001953
1 0.682617 0.788086 0.001953 0.001953
1 0.685547 0.814453 0.089844 0.054688
1 0.418945 0.788086 0.001953 0.001953
1 0.415039 0.786133 0.001953 0.001953
1 0.411133 0.786133 0.001953 0.001953
1 0.828125 0.786133 0.003906 0.005859
1 0.867188 0.785156 0.015625 0.015625
1 0.655273 0.781250 0.009766 0.007812
1 0.217773 0.787109 0.021484 0.019531
1 0.815430 0.782227 0.009766 0.013672
1 0.826172 0.777344 0.007812 0.007812
0 0.195312 0.783203 0.007812 0.019531
1 0.765625 0.776367 0.007812 0.009766
1 0.896484 0.782227 0.027344 0.025391
1 0.073242 0.791016 0.017578 0.046875
1 0.851562 0.769531 0.031250 0.027344
1 0.804688 0.760742 0.011719 0.017578
0 0.153320 0.759766 0.021484 0.015625
1 0.023438 0.791016 0.046875 0.078125
1 0.135742 0.750977 0.001953 0.001953
1 0.795898 0.750977 0.001953 0.005859
0 0.139648 0.749023 0.001953 0.001953
1 0.109375 0.749023 0.003906 0.001953
1 0.104492 0.749023 0.001953 0.001953
1 0.891602 0.757812 0.025391 0.023438
0 0.686523 0.748047 0.001953 0.003906
1 0.816406 0.758789 0.015625 0.029297
0 0.132812 0.746094 0.003906 0.003906
1 0.967773 0.771484 0.064453 0.058594
1 0.101562 0.761719 0.058594 0.039062
1 0.309570 0.742188 0.001953 0.003906
0 0.149414 0.742188 0.009766 0.007812
0 0.309570 0.737305 0.001953 0.001953
0 0.687500 0.736328 0.003906 0.003906
1 0.563477 0.734375 0.005859 0.007812
1 0.916016 0.734375 0.015625 0.011719
1 0.500977 0.728516 0.001953 0.003906
1 0.992188 0.729492 0.015625 0.009766
1 0.561523 0.757812 0.064453 0.066406
1 0.788086 0.731445 0.021484 0.025391
1 0.562500 0.722656 0.019531 0.007812
1 0.676758 0.718750 0.001953 0.003906
1 0.447266 0.730469 0.078125 0.027344
1 0.874023 0.730469 0.037109 0.035156
1 0.083984 0.714844 0.007812 0.003906
1 0.903320 0.713867 0.005859 0.005859
1 0.683594 0.713867 0.007812 0.005859
1 0.368164 0.711914 0.001953 0.001953
1 0.319336 0.711914 0.009766 0.005859
1 0.295898 0.708008 0.001953 0.001953
1 0.762695 0.711914 0.013672 0.017578
1 0.916992 0.708008 0.009766 0.013672
1 0.933594 0.701172 0.003906 0.003906
1 0.518555 0.713867 0.029297 0.033203
1 0.098633 0.700195 0.013672 0.005859
1 0.652344 0.692383 0.007812 0.001953
0 0.541016 0.694336 0.003906 0.005859
1 0.966797 0.700195 0.031250 0.025391
1 0.702148 0.695312 0.021484 0.015625
1 0.316406 0.696289 0.085938 0.017578
0 0.818359 0.691406 0.007812 0.011719
1 0.034180 0.716797 0.068359 0.070312
0 0.547852 0.676758 0.001953 0.001953
1 0.608398 0.711914 0.123047 0.080078
1 0.162109 0.678711 0.015625 0.013672
1 0.672852 0.672852 0.021484 0.017578
1 0.413086 0.662109 0.005859 0.003906
0 0.994141 0.670898 0.011719 0.025391
1 0.526367 0.667969 0.037109 0.019531
1 0.724609 0.650391 0.003906 0.003906
1 0.397461 0.659180 0.041016 0.021484
1 0.553711 0.646484 0.005859 0.003906
1 0.585938 0.648438 0.023438 0.011719
1 0.040039 0.645508 0.001953 0.005859
1 0.374023 0.717773 0.251953 0.158203
1 0.960938 0.639648 0.007812 0.005859
1 0.776367 0.620117 0.001953 0.001953
1 0.459961 0.625000 0.037109 0.019531
1 0.068359 0.617188 0.003906 0.003906
1 0.890625 0.616211 0.003906 0.005859
0 0.313477 0.614258 0.005859 0.001953
0 0.238281 0.618164 0.011719 0.009766
1 0.932617 0.610352 0.001953 0.001953
1 0.543945 0.621094 0.017578 0.027344
1 0.264648 0.657227 0.259766 0.099609
0 0.261719 0.602539 0.003906 0.001953
1 0.074219 0.607422 0.007812 0.011719
1 0.570312 0.605469 0.019531 0.011719
0 0.244141 0.597656 0.023438 0.007812
1 0.644531 0.594727 0.003906 0.005859
1 0.052734 0.596680 0.007812 0.009766
1 0.877930 0.602539 0.037109 0.025391
0 0.046875 0.590820 0.003906 0.001953
1 0.440430 0.597656 0.041016 0.019531
0 0.031250 0.592773 0.015625 0.009766
0 0.465820 0.587891 0.001953 0.003906
1 0.108398 0.599609 0.052734 0.027344
1 0.587891 0.587891 0.011719 0.007812
1 0.485352 0.587891 0.013672 0.011719
1 0.323242 0.590820 0.013672 0.017578
1 0.769531 0.577148 0.003906 0.001953
1 0.530273 0.582031 0.013672 0.011719
1 0.305664 0.580078 0.005859 0.007812
1 0.891602 0.580078 0.005859 0.011719
1 0.919922 0.580078 0.011719 0.015625
1 0.301758 0.573242 0.001953 0.001953
1 0.781250 0.620117 0.144531 0.107422
1 0.798828 0.568359 0.003906 0.003906
1 0.573242 0.572266 0.025391 0.019531
1 0.436523 0.563477 0.001953 0.001953
1 0.362305 0.571289 0.021484 0.017578
0 0.000977 0.563477 0.001953 0.001953
1 0.954102 0.607422 0.068359 0.093750
1 0.558594 0.561523 0.003906 0.001953
0 0.009766 0.569336 0.011719 0.017578
0 0.852539 0.559570 0.001953 0.001953
0 0.000977 0.559570 0.001953 0.001953
1 0.633789 0.557617 0.001953 0.001953
0 0.036133 0.556641 0.005859 0.003906
1 0.520508 0.555664 0.005859 0.005859
1 0.432617 0.553711 0.001953 0.001953
1 0.514648 0.551758 0.001953 0.001953
1 0.464844 0.553711 0.011719 0.009766
1 0.333008 0.549805 0.005859 0.001953
1 0.804688 0.549805 0.003906 0.005859
1 0.646484 0.549805 0.003906 0.005859
0 0.000977 0.549805 0.001953 0.005859
1 0.651367 0.545898 0.001953 0.001953
1 0.998047 0.543945 0.003906 0.005859
1 0.444336 0.552734 0.021484 0.031250
1 0.382812 0.561523 0.058594 0.048828
1 0.776367 0.540039 0.013672 0.009766
1 0.581055 0.541016 0.021484 0.015625
0 0.974609 0.527344 0.003906 0.003906
1 0.030273 0.533203 0.009766 0.015625
1 0.385742 0.527344 0.068359 0.019531
1 0.137695 0.518555 0.001953 0.001953
1 0.623047 0.522461 0.035156 0.025391
1 0.772461 0.513672 0.025391 0.011719
0 0.992188 0.503906 0.003906 0.003906
1 0.931641 0.508789 0.023438 0.013672
1 0.564453 0.510742 0.011719 0.021484
1 0.887695 0.503906 0.017578 0.019531
1 0.614258 0.502930 0.021484 0.017578
0 0.878906 0.493164 0.003906 0.001953
1 0.589844 0.492188 0.027344 0.007812
1 0.400391 0.484375 0.003906 0.003906
1 0.005859 0.484375 0.011719 0.015625
1 0.646484 0.471680 0.007812 0.005859
1 0.967773 0.468750 0.005859 0.003906
1 0.515625 0.475586 0.019531 0.017578
1 0.435547 0.473633 0.015625 0.013672
1 0.638672 0.465820 0.007812 0.005859
1 0.733398 0.464844 0.017578 0.007812
1 0.086914 0.458008 0.001953 0.001953
1 0.575195 0.456055 0.001953 0.001953
1 0.183594 0.454102 0.003906 0.001953
1 0.949219 0.456055 0.003906 0.009766
1 0.764648 0.452148 0.001953 0.001953
1 0.025391 0.462891 0.023438 0.027344
1 0.687500 0.451172 0.011719 0.011719
1 0.397461 0.443359 0.001953 0.003906
1 0.739258 0.443359 0.017578 0.011719
1 0.405273 0.448242 0.013672 0.025391
1 0.006836 0.436523 0.001953 0.001953
1 0.999023 0.437500 0.001953 0.007812
1 0.667969 0.450195 0.031250 0.033203
1 0.814453 0.447266 0.027344 0.035156
1 0.204102 0.437500 0.029297 0.015625
1 0.885742 0.438477 0.025391 0.021484
1 0.398438 0.433594 0.007812 0.011719
1 0.442383 0.428711 0.009766 0.009766
1 0.405273 0.419922 0.005859 0.011719
1 0.054688 0.443359 0.042969 0.058594
1 0.409180 0.407227 0.001953 0.001953
1 0.413086 0.418945 0.013672 0.029297
1 0.889648 0.409180 0.005859 0.013672
1 0.906250 0.406250 0.015625 0.011719
1 0.684570 0.412109 0.021484 0.023438
0 0.091797 0.409180 0.011719 0.017578
1 0.160156 0.432617 0.074219 0.068359
1 0.458008 0.406250 0.017578 0.023438
1 0.859375 0.398438 0.019531 0.011719
1 0.968750 0.395508 0.007812 0.009766
1 0.607422 0.406250 0.042969 0.039062
1 0.168945 0.490234 0.337891 0.207031
1 0.385742 0.385742 0.001953 0.001953
1 0.996094 0.385742 0.007812 0.005859
1 0.495117 0.383789 0.009766 0.009766
1 0.949219 0.381836 0.019531 0.013672
1 0.392578 0.379883 0.007812 0.009766
0 0.124023 0.377930 0.009766 0.005859
1 0.731445 0.373047 0.005859 0.007812
0 0.137695 0.370117 0.001953 0.001953
1 0.232422 0.368164 0.035156 0.029297
1 0.529297 0.402344 0.039062 0.109375
1 0.493164 0.340820 0.001953 0.001953
1 0.045898 0.340820 0.001953 0.001953
1 0.221680 0.338867 0.009766 0.001953
1 0.750000 0.342773 0.019531 0.013672
1 0.496094 0.338867 0.003906 0.005859
1 0.312500 0.335938 0.015625 0.007812
1 0.230469 0.333008 0.003906 0.001953
1 0.071289 0.329102 0.005859 0.005859
1 0.454102 0.355469 0.080078 0.062500
1 0.336914 0.326172 0.005859 0.007812
1 0.922852 0.333984 0.064453 0.027344
1 0.475586 0.321289 0.001953 0.001953
1 0.469727 0.321289 0.001953 0.001953
1 0.482422 0.320312 0.007812 0.003906
1 0.388672 0.322266 0.007812 0.007812
1 0.213867 0.321289 0.005859 0.005859
1 0.796875 0.318359 0.003906 0.003906
1 0.791992 0.318359 0.001953 0.003906
1 0.727539 0.318359 0.025391 0.007812
1 0.505859 0.319336 0.007812 0.009766
1 0.166992 0.324219 0.025391 0.023438
1 0.085938 0.314453 0.011719 0.015625
1 0.316406 0.308594 0.011719 0.011719
1 0.512695 0.301758 0.001953 0.001953
1 0.251953 0.320312 0.066406 0.039062
1 0.772461 0.324219 0.025391 0.062500
1 0.234375 0.290039 0.003906 0.005859
1 0.197266 0.288086 0.007812 0.009766
1 0.978516 0.339844 0.027344 0.117188
1 0.083008 0.283203 0.005859 0.003906
1 0.479492 0.296875 0.029297 0.035156
1 0.999023 0.278320 0.001953 0.001953
1 0.171875 0.288086 0.039062 0.021484
1 0.836914 0.285156 0.025391 0.019531
1 0.032227 0.274414 0.001953 0.001953
1 0.267578 0.272461 0.003906 0.005859
0 0.496094 0.266602 0.015625 0.009766
1 0.521484 0.296875 0.046875 0.074219
1 0.345703 0.260742 0.003906 0.001953
1 0.942383 0.264648 0.025391 0.013672
1 0.583008 0.259766 0.009766 0.003906
1 0.352539 0.283203 0.220703 0.050781
1 0.115234 0.272461 0.066406 0.029297
1 0.319336 0.254883 0.001953 0.001953
0 0.323242 0.250977 0.001953 0.005859
0 0.533203 0.254883 0.011719 0.017578
1 0.422852 0.259766 0.044922 0.027344
1 0.625977 0.243164 0.013672 0.005859
0 0.530273 0.241211 0.001953 0.005859
1 0.077148 0.239258 0.001953 0.001953
1 0.689453 0.243164 0.015625 0.017578
1 0.862305 0.247070 0.041016 0.029297
1 0.877930 0.229492 0.001953 0.001953
1 0.815430 0.226562 0.001953 0.003906
1 0.940430 0.231445 0.037109 0.021484
1 0.805664 0.222656 0.005859 0.003906
1 0.720703 0.233398 0.031250 0.025391
1 0.530273 0.222656 0.005859 0.003906
1 0.590820 0.254883 0.037109 0.072266
1 0.039062 0.326172 0.078125 0.214844
1 0.984375 0.221680 0.007812 0.009766
1 0.735352 0.217773 0.001953 0.001953
1 0.528320 0.217773 0.001953 0.001953
0 0.342773 0.225586 0.013672 0.017578
1 0.868164 0.217773 0.005859 0.005859
1 0.301758 0.215820 0.001953 0.001953
1 0.757812 0.215820 0.003906 0.005859
1 0.993164 0.227539 0.013672 0.033203
1 0.733398 0.211914 0.005859 0.001953
0 0.308594 0.235352 0.027344 0.048828
1 0.097656 0.215820 0.019531 0.013672
0 0.337891 0.210938 0.007812 0.007812
1 0.261719 0.209961 0.007812 0.005859
1 0.478516 0.222656 0.027344 0.039062
1 0.248047 0.207031 0.011719 0.007812
1 0.019531 0.204102 0.003906 0.001953
1 0.540039 0.209961 0.025391 0.025391
1 0.931641 0.194336 0.003906 0.001953
1 0.393555 0.221680 0.076172 0.068359
1 0.874023 0.190430 0.021484 0.009766
1 0.031250 0.194336 0.015625 0.021484
1 0.986328 0.183594 0.007812 0.007812
1 0.505859 0.189453 0.023438 0.019531
1 0.864258 0.179688 0.001953 0.003906
1 0.846680 0.179688 0.001953 0.003906
1 0.788086 0.178711 0.001953 0.001953
1 0.084961 0.195312 0.068359 0.035156
1 0.022461 0.179688 0.005859 0.003906
1 0.070312 0.177734 0.007812 0.003906
1 0.791992 0.173828 0.005859 0.003906
1 0.641602 0.186523 0.037109 0.029297
1 0.529297 0.179688 0.023438 0.023438
0 0.606445 0.175781 0.021484 0.027344
1 0.988281 0.165039 0.011719 0.009766
1 0.579102 0.168945 0.013672 0.021484
1 0.912109 0.159180 0.015625 0.005859
1 0.443359 0.169922 0.019531 0.027344
0 0.736328 0.164062 0.027344 0.023438
1 0.421875 0.157227 0.007812 0.009766
1 0.043945 0.153320 0.001953 0.001953
1 0.829102 0.163086 0.021484 0.025391
1 0.824219 0.149414 0.003906 0.001953
1 0.557617 0.147461 0.001953 0.001953
1 0.160156 0.166992 0.031250 0.041016
1 0.557617 0.143555 0.001953 0.001953
1 0.150391 0.143555 0.003906 0.005859
1 0.958008 0.141602 0.005859 0.005859
0 0.592773 0.144531 0.005859 0.011719
1 0.848633 0.137695 0.005859 0.005859
0 0.119141 0.134766 0.003906 0.003906
1 0.407227 0.133789 0.021484 0.013672
1 0.763672 0.127930 0.007812 0.021484
1 0.993164 0.125977 0.013672 0.021484
1 0.066406 0.133789 0.039062 0.037109
1 0.973633 0.120117 0.013672 0.013672
1 0.220703 0.121094 0.023438 0.019531
1 0.858398 0.111328 0.001953 0.003906
1 0.798828 0.172852 0.105469 0.126953
1 0.136719 0.125000 0.078125 0.035156
1 0.948242 0.105469 0.005859 0.007812
0 0.873047 0.109375 0.011719 0.015625
1 0.639648 0.104492 0.005859 0.005859
1 0.178711 0.103516 0.005859 0.003906
1 0.302734 0.101562 0.015625 0.011719
1 0.757812 0.084961 0.003906 0.001953
1 0.711914 0.090820 0.017578 0.013672
1 0.657227 0.088867 0.013672 0.013672
1 0.678711 0.083008 0.001953 0.005859
1 0.431641 0.085938 0.011719 0.011719
1 0.239258 0.085938 0.013672 0.011719
1 0.992188 0.091797 0.015625 0.027344
1 0.676758 0.074219 0.005859 0.003906
1 0.598633 0.090820 0.025391 0.037109
0 0.813477 0.068359 0.013672 0.015625
1 0.008789 0.065430 0.017578 0.013672
1 0.950195 0.057617 0.001953 0.001953
1 0.199219 0.068359 0.050781 0.023438
1 0.732422 0.067383 0.039062 0.025391
1 0.696289 0.056641 0.001953 0.003906
0 0.796875 0.061523 0.015625 0.021484
1 0.518555 0.105469 0.115234 0.113281
1 0.197266 0.049805 0.007812 0.005859
1 0.728516 0.038086 0.011719 0.009766
1 0.240234 0.036133 0.015625 0.009766
1 0.857422 0.031250 0.003906 0.003906
0 0.506836 0.032227 0.009766 0.005859
0 0.536133 0.026367 0.001953 0.001953
0 0.540039 0.024414 0.001953 0.001953
1 0.766602 0.022461 0.001953 0.001953
1 0.228516 0.024414 0.003906 0.005859
1 0.729492 0.020508 0.001953 0.001953
1 0.752930 0.018555 0.001953 0.001953
1 0.744141 0.018555 0.003906 0.001953
1 0.638672 0.021484 0.003906 0.007812
1 0.105469 0.062500 0.093750 0.093750
1 0.608398 0.014648 0.001953 0.001953
1 0.891602 0.015625 0.017578 0.007812
1 0.754883 0.013672 0.005859 0.003906
1 0.375977 0.012695 0.001953 0.001953
1 0.887695 0.056641 0.123047 0.093750
1 0.748047 0.012695 0.003906 0.005859
1 0.797852 0.020508 0.048828 0.025391
0 0.492188 0.014648 0.011719 0.017578
1 0.174805 0.026367 0.052734 0.041016
1 0.031250 0.058594 0.062500 0.109375
1 0.768555 0.004883 0.009766 0.005859
1 0.674805 0.002930 0.001953 0.001953
0 0.504883 0.005859 0.009766 0.007812
1 0.227539 0.005859 0.009766 0.007812
1 0.948242 0.012695 0.056641 0.025391
1 0.705078 0.015625 0.039062 0.031250
1 0.665039 0.004883 0.009766 0.009766
1 0.621094 0.012695 0.019531 0.025391
1 0.376953 0.004883 0.011719 0.009766
1 0.334961 0.025391 0.130859 0.050781
3 0.819336 0.999023 0.001953 0.001953
3 0.999023 0.768555 0.001953 0.001953
3 0.999023 0.764648 0.001953 0.001953
3 0.003906 0.738281 0.007812 0.007812
3 0.010742 0.731445 0.001953 0.001953
3 0.193359 0.555664 0.039062 0.013672
3 0.168945 0.549805 0.001953 0.001953
3 0.166992 0.526367 0.001953 0.001953
3 0.090820 0.514648 0.001953 0.001953
3 0.100586 0.512695 0.001953 0.001953
3 0.095703 0.512695 0.003906 0.001953
3 0.293945 0.493164 0.001953 0.001953
3 0.182617 0.485352 0.001953 0.001953
3 0.000977 0.374023 0.001953 0.009766
3 0.715820 0.020508 0.001953 0.001953
3 0.950195 0.005859 0.025391 0.011719
3 0.500000 0.500000 1.000000 1.000000