0 0.005859 0.998047 0.003906 0.003906
0 0.402344 0.993164 0.015625 0.005859
1 0.073242 0.994141 0.013672 0.007812
1 0.842773 0.990234 0.009766 0.007812
0 0.233398 0.987305 0.005859 0.001953
1 0.411133 0.983398 0.001953 0.001953
0 0.257812 0.984375 0.007812 0.003906
0 0.503906 0.980469 0.007812 0.003906
0 0.190430 0.989258 0.052734 0.021484
0 0.152344 0.987305 0.015625 0.017578
1 0.330078 0.983398 0.023438 0.013672
1 0.882812 0.981445 0.015625 0.013672
1 0.404297 0.979492 0.015625 0.013672
0 0.136719 0.974609 0.003906 0.003906
1 0.607422 0.983398 0.058594 0.033203
1 0.282227 0.977539 0.025391 0.025391
1 0.486328 0.973633 0.023438 0.021484
1 0.773438 0.969727 0.019531 0.021484
0 0.251953 0.962891 0.023438 0.015625
1 0.397461 0.950195 0.005859 0.001953
1 0.563477 0.952148 0.013672 0.009766
1 0.666016 0.955078 0.050781 0.027344
0 0.258789 0.940430 0.001953 0.001953
0 0.256836 0.934570 0.001953 0.001953
1 0.936523 0.930664 0.001953 0.001953
1 0.928711 0.934570 0.009766 0.009766
1 0.966797 0.940430 0.007812 0.029297
1 0.585938 0.927734 0.109375 0.035156
1 0.625977 0.908203 0.005859 0.003906
1 0.580078 0.909180 0.015625 0.017578
1 0.867188 0.891602 0.003906 0.001953
1 0.344727 0.893555 0.005859 0.005859
0 0.041016 0.892578 0.003906 0.003906
1 0.655273 0.892578 0.009766 0.007812
0 0.595703 0.886719 0.003906 0.003906
0 0.606445 0.883789 0.001953 0.001953
0 0.584961 0.885742 0.013672 0.005859
1 0.405273 0.887695 0.021484 0.009766
1 0.379883 0.886719 0.009766 0.015625
1 0.307617 0.874023 0.001953 0.001953
1 0.266602 0.877930 0.033203 0.013672
1 0.653320 0.874023 0.017578 0.013672
0 0.250977 0.867188 0.001953 0.003906
1 0.695312 0.875000 0.027344 0.023438
1 0.449219 0.868164 0.015625 0.009766
1 0.839844 0.890625 0.042969 0.062500
1 0.250977 0.860352 0.001953 0.001953
1 0.022461 0.860352 0.013672 0.013672
1 0.996094 0.858398 0.007812 0.013672
1 0.822266 0.853516 0.011719 0.011719
1 0.689453 0.849609 0.007812 0.011719
1 0.455078 0.848633 0.011719 0.009766
1 0.158203 0.849609 0.007812 0.011719
1 0.581055 0.859375 0.146484 0.039062
1 0.310547 0.847656 0.007812 0.015625
1 0.937500 0.872070 0.097656 0.068359
1 0.058594 0.839844 0.015625 0.011719
0 0.131836 0.829102 0.001953 0.001953
0 0.562500 0.824219 0.011719 0.003906
0 0.235352 0.831055 0.017578 0.017578
1 0.411133 0.818359 0.005859 0.003906
1 0.701172 0.819336 0.015625 0.025391
1 0.915039 0.808594 0.029297 0.011719
0 0.991211 0.811523 0.009766 0.021484
1 0.843750 0.823242 0.089844 0.048828
0 0.553711 0.799805 0.001953 0.001953
1 0.196289 0.810547 0.025391 0.023438
1 0.864258 0.798828 0.009766 0.007812
1 0.416016 0.795898 0.003906 0.005859
1 0.224609 0.804688 0.023438 0.027344
1 0.518555 0.791016 0.001953 0.003906
0 0.251953 0.799805 0.027344 0.021484
0 0.419922 0.786133 0.003906 0.001953
1 0.285156 0.788086 0.007812 0.005859
0 0.422852 0.782227 0.001953 0.001953
1 0.976562 0.789062 0.011719 0.019531
0 0.120117 0.780273 0.001953 0.001953
1 0.255859 0.777344 0.003906 0.003906
1 0.250977 0.774414 0.001953 0.001953
0 0.174805 0.788086 0.017578 0.029297
1 0.726562 0.788086 0.035156 0.033203
1 0.004883 0.773438 0.009766 0.003906
0 0.360352 0.771484 0.009766 0.003906
1 0.967773 0.770508 0.005859 0.009766
1 0.291016 0.771484 0.023438 0.011719
1 0.965820 0.762695 0.001953 0.001953
0 0.351562 0.763672 0.007812 0.011719
0 0.333984 0.765625 0.007812 0.015625
0 0.855469 0.756836 0.007812 0.001953
0 0.458008 0.759766 0.009766 0.007812
1 0.246094 0.764648 0.019531 0.017578
1 0.227539 0.766602 0.009766 0.021484
0 0.335938 0.753906 0.003906 0.003906
1 0.208008 0.765625 0.013672 0.031250
1 0.976562 0.768555 0.019531 0.041016
0 0.108398 0.749023 0.001953 0.001953
1 0.954102 0.739258 0.001953 0.001953
1 0.204102 0.739258 0.001953 0.001953
1 0.593750 0.783203 0.085938 0.093750
1 0.780273 0.735352 0.001953 0.001953
1 0.967773 0.731445 0.001953 0.005859
0 0.599609 0.728516 0.007812 0.003906
1 0.524414 0.724609 0.005859 0.003906
0 0.411133 0.726562 0.021484 0.007812
1 0.943359 0.726562 0.015625 0.011719
1 0.697266 0.740234 0.035156 0.039062
0 0.125000 0.774414 0.105469 0.107422
0 0.576172 0.721680 0.007812 0.005859
1 0.556641 0.730469 0.031250 0.027344
1 0.515625 0.719727 0.011719 0.005859
0 0.424805 0.736328 0.072266 0.039062
1 0.239258 0.734375 0.052734 0.035156
1 0.618164 0.720703 0.013672 0.011719
0 0.017578 0.720703 0.007812 0.011719
0 0.784180 0.711914 0.001953 0.001953
1 0.586914 0.713867 0.017578 0.009766
0 0.922852 0.715820 0.017578 0.017578
1 0.154297 0.708008 0.007812 0.005859
1 0.841797 0.709961 0.011719 0.013672
0 0.288086 0.698242 0.001953 0.001953
0 0.268555 0.701172 0.009766 0.011719
1 0.668945 0.708984 0.029297 0.031250
0 0.613281 0.704102 0.046875 0.025391
0 0.975586 0.697266 0.013672 0.015625
1 0.863281 0.692383 0.011719 0.009766
0 0.283203 0.690430 0.011719 0.009766
0 0.603516 0.685547 0.007812 0.003906
1 0.769531 0.682617 0.003906 0.001953
0 0.681641 0.682617 0.003906 0.001953
1 0.744141 0.700195 0.117188 0.068359
0 0.458984 0.667969 0.003906 0.003906
0 0.438477 0.666992 0.001953 0.001953
0 0.230469 0.669922 0.042969 0.019531
1 0.828125 0.666992 0.023438 0.017578
1 0.064453 0.668945 0.046875 0.029297
0 0.717773 0.661133 0.041016 0.017578
0 0.234375 0.656250 0.015625 0.007812
1 0.917969 0.649414 0.015625 0.013672
0 0.103516 0.651367 0.027344 0.017578
1 0.092773 0.711914 0.185547 0.142578
1 0.685547 0.648438 0.019531 0.019531
1 0.109375 0.639648 0.003906 0.001953
1 0.276367 0.636719 0.001953 0.003906
1 0.044922 0.656250 0.039062 0.046875
1 0.741211 0.632812 0.021484 0.007812
1 0.337891 0.643555 0.097656 0.033203
0 0.950195 0.656250 0.099609 0.062500
1 0.296875 0.625000 0.011719 0.007812
0 0.926758 0.618164 0.025391 0.017578
0 0.100586 0.609375 0.005859 0.003906
0 0.974609 0.614258 0.023438 0.021484
1 0.691406 0.603516 0.015625 0.019531
1 0.031250 0.609375 0.062500 0.042969
1 0.718750 0.587891 0.015625 0.007812
1 0.886719 0.601562 0.042969 0.042969
0 0.440430 0.587891 0.017578 0.027344
0 0.263672 0.576172 0.003906 0.003906
0 0.258789 0.573242 0.001953 0.001953
0 0.974609 0.581055 0.019531 0.025391
1 0.926758 0.571289 0.009766 0.009766
0 0.460938 0.599609 0.156250 0.066406
1 0.520508 0.643555 0.208984 0.162109
1 0.630859 0.561523 0.011719 0.005859
0 0.375000 0.562500 0.007812 0.007812
1 0.075195 0.570312 0.037109 0.023438
1 0.036133 0.560547 0.025391 0.015625
0 0.457031 0.558594 0.031250 0.015625
1 0.724609 0.553711 0.019531 0.013672
0 0.397461 0.547852 0.001953 0.001953
1 0.011719 0.563477 0.023438 0.033203
0 0.067383 0.541992 0.001953 0.001953
0 0.499023 0.538086 0.001953 0.001953
1 0.202148 0.543945 0.013672 0.013672
1 0.931641 0.534180 0.015625 0.009766
1 0.606445 0.528320 0.001953 0.001953
0 0.163086 0.528320 0.009766 0.009766
1 0.728516 0.522461 0.011719 0.009766
1 0.527344 0.540039 0.058594 0.044922
1 0.024414 0.529297 0.048828 0.023438
1 0.605469 0.519531 0.007812 0.011719
1 0.588867 0.527344 0.017578 0.031250
0 0.099609 0.513672 0.003906 0.003906
1 0.070312 0.521484 0.027344 0.019531
1 0.338867 0.529297 0.244141 0.042969
1 0.000977 0.507812 0.001953 0.003906
1 0.075195 0.506836 0.013672 0.005859
1 0.929688 0.505859 0.015625 0.007812
1 0.526367 0.503906 0.068359 0.015625
0 0.139648 0.500977 0.009766 0.013672
0 0.116211 0.499023 0.021484 0.009766
1 0.773438 0.503906 0.031250 0.023438
0 0.153320 0.493164 0.005859 0.001953
1 0.710938 0.492188 0.003906 0.003906
1 0.330078 0.499023 0.292969 0.033203
0 0.108398 0.474609 0.005859 0.003906
1 0.749023 0.474609 0.017578 0.007812
1 0.796875 0.456055 0.003906 0.005859
0 0.509766 0.451172 0.003906 0.003906
1 0.787109 0.448242 0.011719 0.009766
1 0.839844 0.437500 0.007812 0.007812
1 0.579102 0.439453 0.013672 0.011719
0 0.508789 0.435547 0.001953 0.003906
1 0.293945 0.435547 0.001953 0.003906
0 0.514648 0.432617 0.001953 0.001953
1 0.360352 0.439453 0.021484 0.019531
1 0.974609 0.440430 0.019531 0.025391
1 0.466797 0.448242 0.023438 0.041016
1 0.895508 0.426758 0.001953 0.001953
1 0.133789 0.455078 0.041016 0.066406
1 0.820312 0.436523 0.027344 0.033203
1 0.319336 0.425781 0.029297 0.019531
1 0.196289 0.430664 0.103516 0.029297
1 0.305664 0.418945 0.013672 0.009766
0 0.094727 0.409180 0.001953 0.001953
0 0.104492 0.403320 0.001953 0.001953
1 0.546875 0.406250 0.015625 0.019531
1 0.327148 0.385742 0.005859 0.001953
0 0.102539 0.394531 0.044922 0.023438
1 0.833008 0.392578 0.013672 0.023438
1 0.541016 0.386719 0.003906 0.011719
1 0.154297 0.393555 0.023438 0.029297
1 0.343750 0.378906 0.015625 0.007812
1 0.755859 0.370117 0.023438 0.013672
1 0.554688 0.373047 0.007812 0.019531
1 0.594727 0.375000 0.029297 0.039062
0 0.075195 0.363281 0.021484 0.015625
1 0.180664 0.370117 0.025391 0.033203
1 0.673828 0.406250 0.039062 0.113281
1 0.394531 0.355469 0.011719 0.023438
0 0.086914 0.344727 0.001953 0.001953
1 0.298828 0.369141 0.062500 0.058594
1 0.089844 0.341797 0.003906 0.007812
0 0.221680 0.339844 0.001953 0.007812
1 0.407227 0.405273 0.099609 0.146484
1 0.583008 0.317383 0.001953 0.001953
1 0.903320 0.317383 0.013672 0.009766
1 0.532227 0.311523 0.001953 0.001953
1 0.678711 0.318359 0.017578 0.023438
1 0.563477 0.314453 0.017578 0.015625
1 0.625000 0.308594 0.007812 0.007812
1 0.575195 0.321289 0.037109 0.037109
1 0.317383 0.303711 0.001953 0.001953
1 0.368164 0.310547 0.025391 0.023438
1 0.520508 0.293945 0.005859 0.005859
1 0.879883 0.292969 0.017578 0.007812
1 0.650391 0.283203 0.003906 0.007812
0 0.353516 0.281250 0.007812 0.003906
1 0.409180 0.278320 0.005859 0.001953
1 0.038086 0.281250 0.005859 0.007812
1 0.065430 0.276367 0.001953 0.001953
1 0.060547 0.300781 0.058594 0.054688
1 0.924805 0.296875 0.017578 0.050781
1 0.047852 0.271484 0.009766 0.007812
1 0.063477 0.269531 0.001953 0.007812
1 0.657227 0.260742 0.001953 0.001953
1 0.091797 0.264648 0.015625 0.009766
1 0.085938 0.255859 0.011719 0.007812
1 0.620117 0.258789 0.021484 0.017578
1 0.299805 0.261719 0.025391 0.023438
1 0.214844 0.251953 0.007812 0.007812
1 0.453125 0.250000 0.011719 0.007812
1 0.387695 0.260742 0.064453 0.029297
1 0.064453 0.248047 0.003906 0.007812
0 0.633789 0.242188 0.005859 0.003906
1 0.143555 0.243164 0.001953 0.005859
0 0.625000 0.238281 0.007812 0.003906
1 0.069336 0.233398 0.001953 0.001953
1 0.666016 0.264648 0.046875 0.068359
0 0.659180 0.229492 0.001953 0.001953
1 0.303711 0.229492 0.013672 0.005859
1 0.152344 0.225586 0.003906 0.001953
0 0.375977 0.223633 0.001953 0.001953
1 0.567383 0.221680 0.001953 0.001953
1 0.487305 0.231445 0.166016 0.025391
1 0.740234 0.238281 0.031250 0.042969
1 0.579102 0.218750 0.005859 0.003906
0 0.406250 0.222656 0.015625 0.011719
1 0.316406 0.220703 0.007812 0.007812
1 0.771484 0.220703 0.019531 0.011719
1 0.454102 0.211914 0.013672 0.009766
1 0.426758 0.213867 0.013672 0.013672
0 0.021484 0.208984 0.003906 0.003906
1 0.462891 0.207031 0.003906 0.003906
0 0.000977 0.206055 0.001953 0.005859
1 0.837891 0.207031 0.015625 0.015625
1 0.252930 0.211914 0.044922 0.025391
1 0.562500 0.206055 0.039062 0.017578
1 0.502930 0.194336 0.013672 0.009766
0 0.455078 0.190430 0.003906 0.001953
1 0.174805 0.190430 0.001953 0.001953
1 0.069336 0.190430 0.009766 0.005859
1 0.510742 0.186523 0.001953 0.001953
1 0.545898 0.183594 0.009766 0.007812
1 0.114258 0.180664 0.005859 0.001953
1 0.156250 0.265625 0.085938 0.195312
1 0.617188 0.180664 0.023438 0.037109
1 0.962891 0.173828 0.054688 0.031250
1 0.684570 0.165039 0.005859 0.013672
0 0.438477 0.155273 0.001953 0.001953
0 0.444336 0.174805 0.021484 0.044922
1 0.957031 0.153320 0.007812 0.009766
0 0.474609 0.152344 0.007812 0.007812
1 0.522461 0.166992 0.033203 0.041016
1 0.226562 0.148438 0.003906 0.003906
1 0.908203 0.150391 0.035156 0.023438
1 0.538086 0.140625 0.005859 0.003906
1 0.558594 0.140625 0.019531 0.015625
1 0.509766 0.142578 0.019531 0.019531
1 0.543945 0.133789 0.009766 0.005859
0 0.755859 0.134766 0.011719 0.011719
0 0.668945 0.136719 0.013672 0.015625
1 0.512695 0.127930 0.001953 0.001953
1 0.790039 0.131836 0.029297 0.017578
1 0.724609 0.129883 0.015625 0.013672
1 0.208984 0.129883 0.050781 0.013672
0 0.880859 0.125977 0.015625 0.021484
1 0.087891 0.116211 0.011719 0.005859
0 0.774414 0.117188 0.005859 0.015625
1 0.978516 0.115234 0.023438 0.023438
1 0.013672 0.113281 0.027344 0.019531
1 0.967773 0.100586 0.005859 0.001953
0 0.582031 0.112305 0.019531 0.025391
1 0.998047 0.098633 0.003906 0.005859
1 0.291016 0.109375 0.031250 0.035156
0 0.650391 0.091797 0.003906 0.003906
0 0.657227 0.088867 0.001953 0.001953
0 0.731445 0.107422 0.041016 0.046875
0 0.696289 0.085938 0.005859 0.003906
0 0.205078 0.084961 0.007812 0.005859
1 0.542969 0.084961 0.015625 0.009766
0 0.921875 0.107422 0.019531 0.089844
1 0.350586 0.063477 0.005859 0.005859
1 0.296875 0.064453 0.011719 0.007812
1 0.197266 0.065430 0.023438 0.017578
1 0.098633 0.054688 0.001953 0.003906
1 0.282227 0.056641 0.017578 0.011719
0 0.260742 0.059570 0.021484 0.017578
1 0.901367 0.048828 0.005859 0.007812
1 0.856445 0.048828 0.013672 0.011719
1 0.212891 0.041992 0.007812 0.009766
1 0.800781 0.040039 0.011719 0.009766
1 0.570312 0.035156 0.007812 0.007812
1 0.875977 0.028320 0.029297 0.009766
1 0.822266 0.023438 0.007812 0.003906
1 0.115234 0.020508 0.003906 0.005859
0 0.959961 0.018555 0.005859 0.005859
1 0.347656 0.016602 0.003906 0.001953
0 0.658203 0.065430 0.117188 0.103516
1 0.162109 0.030273 0.023438 0.033203
1 0.604492 0.012695 0.001953 0.001953
1 0.345703 0.009766 0.007812 0.007812
1 0.083984 0.043945 0.054688 0.076172
0 0.625977 0.004883 0.005859 0.001953
1 0.993164 0.025391 0.013672 0.050781
0 0.942383 0.012695 0.013672 0.025391
0 0.532227 0.000977 0.001953 0.001953
1 0.510742 0.003906 0.037109 0.007812
1 0.489258 0.000977 0.001953 0.001953
1 0.481445 0.000977 0.001953 0.001953
1 0.322266 0.011719 0.031250 0.023438
1 0.232422 0.024414 0.089844 0.048828
1 0.169922 0.005859 0.011719 0.011719
1 0.036133 0.012695 0.072266 0.025391
3 0.000977 0.754883 0.001953 0.001953
2 0.069336 0.733398 0.001953 0.001953
2 0.017578 0.726562 0.035156 0.046875
3 0.012695 0.694336 0.013672 0.009766
3 0.999023 0.632812 0.001953 0.003906
3 0.999023 0.024414 0.001953 0.005859
3 0.999023 0.014648 0.001953 0.001953
3 0.995117 0.005859 0.009766 0.011719
3 0.225586 0.002930 0.009766 0.005859
3 0.500000 0.500000 1.000000 1.000000
3 0.019531 0.003906 0.039062 0.007812