1 0.246094 0.103516 0.011719 0.019531
1 0.250977 0.006836 0.041016 0.013672
1 0.500000 0.500000 1.000000 1.000000
3 0.245117 0.999023 0.001953 0.001953
3 0.078125 0.999023 0.003906 0.001953
3 0.755859 0.998047 0.007812 0.003906
3 0.779297 0.996094 0.007812 0.007812
2 0.477539 0.996094 0.013672 0.007812
3 0.035156 0.994141 0.015625 0.007812
2 0.739258 0.985352 0.001953 0.001953
3 0.021484 0.985352 0.003906 0.005859
2 0.819336 0.981445 0.001953 0.001953
2 0.817383 0.976562 0.001953 0.003906
2 0.851562 0.973633 0.011719 0.009766
2 0.860352 0.967773 0.001953 0.001953
3 0.071289 0.970703 0.013672 0.007812
2 0.877930 0.965820 0.001953 0.001953
2 0.347656 0.967773 0.011719 0.005859
3 0.192383 0.968750 0.013672 0.007812
3 0.071289 0.956055 0.001953 0.001953
2 0.831055 0.955078 0.013672 0.007812
2 0.616211 0.955078 0.025391 0.011719
2 0.693359 0.960938 0.027344 0.027344
2 0.551758 0.949219 0.013672 0.003906
2 0.979492 0.942383 0.001953 0.001953
2 0.774414 0.953125 0.080078 0.023438
3 0.268555 0.958008 0.052734 0.044922
3 0.241211 0.936523 0.005859 0.005859
3 0.225586 0.934570 0.001953 0.001953
3 0.374023 0.937500 0.009766 0.015625
3 0.232422 0.933594 0.007812 0.007812
3 0.905273 0.944336 0.130859 0.033203
3 0.041992 0.957031 0.052734 0.062500
2 0.045898 0.922852 0.001953 0.001953
3 0.112305 0.953125 0.056641 0.093750
2 0.041016 0.911133 0.007812 0.009766
3 0.029297 0.918945 0.019531 0.025391
3 0.329102 0.902344 0.005859 0.003906
3 0.401367 0.915039 0.037109 0.033203
3 0.008789 0.910156 0.017578 0.023438
3 0.625977 0.904297 0.017578 0.015625
2 0.717773 0.889648 0.001953 0.001953
2 0.168945 0.895508 0.017578 0.013672
2 0.042969 0.900391 0.027344 0.027344
3 0.554688 0.888672 0.015625 0.015625
3 0.018555 0.889648 0.009766 0.017578
2 0.729492 0.879883 0.001953 0.001953
3 0.454102 0.909180 0.017578 0.060547
2 0.492188 0.883789 0.035156 0.021484
2 0.052734 0.874023 0.015625 0.009766
2 0.592773 0.872070 0.005859 0.009766
2 0.209961 0.868164 0.001953 0.001953
2 0.559570 0.866211 0.009766 0.005859
3 0.247070 0.865234 0.029297 0.007812
3 0.120117 0.874023 0.037109 0.025391
2 0.002930 0.860352 0.005859 0.001953
2 0.582031 0.858398 0.007812 0.005859
3 0.527344 0.859375 0.015625 0.011719
2 0.030273 0.857422 0.005859 0.011719
3 0.795898 0.845703 0.013672 0.007812
2 0.061523 0.848633 0.013672 0.013672
3 0.500977 0.839844 0.001953 0.007812
3 0.397461 0.865234 0.068359 0.058594
3 0.696289 0.839844 0.013672 0.011719
3 0.584961 0.831055 0.001953 0.001953
3 0.500977 0.831055 0.001953 0.001953
2 0.066406 0.832031 0.007812 0.003906
3 0.584961 0.827148 0.001953 0.001953
2 0.428711 0.837891 0.013672 0.023438
3 0.528320 0.828125 0.009766 0.007812
3 0.511719 0.823242 0.011719 0.005859
3 0.226562 0.826172 0.039062 0.019531
2 0.376953 0.812500 0.007812 0.003906
3 0.570312 0.815430 0.015625 0.013672
3 0.727539 0.810547 0.009766 0.007812
2 0.029297 0.807617 0.003906 0.001953
3 0.514648 0.806641 0.005859 0.003906
2 0.392578 0.820312 0.019531 0.039062
3 0.448242 0.799805 0.001953 0.001953
3 0.310547 0.793945 0.003906 0.001953
2 0.383789 0.790039 0.001953 0.001953
2 0.651367 0.784180 0.001953 0.001953
3 0.246094 0.789062 0.031250 0.023438
3 0.495117 0.780273 0.009766 0.017578
2 0.256836 0.774414 0.009766 0.005859
3 0.222656 0.776367 0.011719 0.009766
2 0.695312 0.806641 0.082031 0.074219
3 0.555664 0.783203 0.025391 0.027344
3 0.395508 0.765625 0.001953 0.003906
3 0.522461 0.763672 0.001953 0.003906
2 0.697266 0.774414 0.023438 0.029297
3 0.799805 0.763672 0.021484 0.027344
3 0.282227 0.750977 0.001953 0.001953
3 0.566406 0.750977 0.007812 0.009766
3 0.228516 0.745117 0.003906 0.001953
3 0.556641 0.745117 0.003906 0.005859
3 0.406250 0.746094 0.007812 0.015625
3 0.270508 0.746094 0.009766 0.015625
3 0.166992 0.740234 0.005859 0.007812
3 0.582031 0.743164 0.019531 0.017578
3 0.176758 0.733398 0.013672 0.005859
3 0.545898 0.725586 0.001953 0.001953
3 0.602539 0.726562 0.005859 0.007812
3 0.635742 0.736328 0.048828 0.035156
3 0.574219 0.724609 0.003906 0.011719
2 0.701172 0.716797 0.003906 0.003906
3 0.990234 0.716797 0.019531 0.011719
3 0.691406 0.703125 0.003906 0.007812
3 0.686523 0.698242 0.001953 0.001953
3 0.435547 0.705078 0.015625 0.015625
3 0.702148 0.693359 0.005859 0.007812
3 0.375000 0.694336 0.011719 0.009766
2 0.692383 0.684570 0.001953 0.001953
3 0.633789 0.686523 0.009766 0.005859
3 0.943359 0.703125 0.050781 0.050781
3 0.682617 0.666992 0.001953 0.001953
3 0.555664 0.666016 0.001953 0.003906
3 0.737305 0.652344 0.013672 0.015625
3 0.495117 0.651367 0.005859 0.013672
3 0.516602 0.642578 0.005859 0.003906
3 0.275391 0.658203 0.039062 0.035156
2 0.500977 0.639648 0.001953 0.001953
3 0.465820 0.666016 0.041016 0.054688
3 0.283203 0.637695 0.003906 0.005859
3 0.817383 0.635742 0.009766 0.005859
3 0.841797 0.637695 0.007812 0.013672
3 0.577148 0.631836 0.005859 0.001953
3 0.350586 0.641602 0.017578 0.021484
3 0.107422 0.650391 0.031250 0.039062
3 0.620117 0.641602 0.037109 0.025391
3 0.012695 0.647461 0.025391 0.037109
3 0.821289 0.625000 0.009766 0.007812
3 0.555664 0.631836 0.033203 0.021484
3 0.657227 0.648438 0.041016 0.070312
3 0.960938 0.609375 0.003906 0.003906
3 0.469727 0.608398 0.013672 0.013672
3 0.461914 0.598633 0.001953 0.001953
3 0.946289 0.600586 0.013672 0.013672
3 0.067383 0.595703 0.005859 0.003906
3 0.909180 0.590820 0.001953 0.001953
3 0.795898 0.595703 0.009766 0.011719
3 0.293945 0.600586 0.013672 0.021484
3 0.093750 0.592773 0.019531 0.013672
3 0.151367 0.585938 0.013672 0.003906
3 0.053711 0.586914 0.025391 0.017578
3 0.637695 0.578125 0.009766 0.007812
3 0.149414 0.575195 0.013672 0.005859
2 0.329102 0.572266 0.001953 0.003906
3 0.421875 0.570312 0.007812 0.007812
3 0.965820 0.561523 0.005859 0.005859
2 0.314453 0.560547 0.007812 0.007812
2 0.005859 0.564453 0.011719 0.015625
2 0.338867 0.556641 0.033203 0.015625
2 0.118164 0.558594 0.029297 0.023438
2 0.314453 0.546875 0.003906 0.003906
3 0.386719 0.595703 0.039062 0.113281
3 0.209961 0.535156 0.013672 0.011719
3 0.181641 0.535156 0.027344 0.015625
3 0.156250 0.527344 0.003906 0.003906
2 0.110352 0.525391 0.005859 0.007812
3 0.614258 0.523438 0.009766 0.007812
3 0.784180 0.517578 0.017578 0.015625
3 0.345703 0.509766 0.007812 0.011719
3 0.811523 0.510742 0.017578 0.017578
2 0.028320 0.501953 0.005859 0.003906
3 0.841797 0.500000 0.003906 0.003906
3 0.456055 0.499023 0.001953 0.001953
3 0.561523 0.497070 0.001953 0.001953
3 0.644531 0.504883 0.039062 0.021484
2 0.044922 0.494141 0.007812 0.007812
3 0.593750 0.489258 0.007812 0.009766
2 0.092773 0.495117 0.017578 0.025391
3 0.262695 0.475586 0.001953 0.001953
2 0.175781 0.476562 0.003906 0.003906
3 0.729492 0.482422 0.025391 0.023438
3 0.268555 0.472656 0.005859 0.003906
3 0.984375 0.476562 0.023438 0.019531
3 0.408203 0.465820 0.003906 0.001953
2 0.041992 0.465820 0.009766 0.009766
2 0.023438 0.462891 0.007812 0.007812
3 0.937500 0.458984 0.007812 0.007812
2 0.035156 0.456055 0.007812 0.005859
3 0.645508 0.456055 0.005859 0.009766
3 0.391602 0.450195 0.001953 0.001953
2 0.002930 0.454102 0.005859 0.021484
3 0.688477 0.429688 0.001953 0.003906
3 0.953125 0.427734 0.003906 0.003906
3 0.731445 0.432617 0.033203 0.013672
3 0.768555 0.425781 0.001953 0.003906
3 0.190430 0.431641 0.005859 0.015625
3 0.775391 0.424805 0.003906 0.013672
3 0.272461 0.422852 0.017578 0.009766
3 0.606445 0.433594 0.052734 0.035156
3 0.309570 0.450195 0.029297 0.068359
2 0.112305 0.468750 0.224609 0.105469
3 0.176758 0.418945 0.009766 0.009766
2 0.057617 0.407227 0.009766 0.005859
3 0.899414 0.399414 0.005859 0.001953
2 0.041016 0.405273 0.019531 0.013672
2 0.153320 0.400391 0.009766 0.011719
3 0.186523 0.393555 0.001953 0.001953
3 0.849609 0.395508 0.007812 0.009766
2 0.011719 0.398438 0.023438 0.015625
3 0.237305 0.386719 0.009766 0.011719
3 0.901367 0.381836 0.009766 0.009766
3 0.763672 0.383789 0.011719 0.017578
2 0.151367 0.378906 0.009766 0.007812
3 0.851562 0.383789 0.015625 0.021484
2 0.101562 0.383789 0.039062 0.021484
3 0.999023 0.372070 0.001953 0.001953
3 0.779297 0.373047 0.007812 0.007812
3 0.755859 0.372070 0.011719 0.009766
2 0.018555 0.368164 0.001953 0.001953
2 0.241211 0.372070 0.017578 0.013672
3 0.926758 0.365234 0.013672 0.007812
3 0.683594 0.402344 0.066406 0.082031
2 0.250000 0.361328 0.003906 0.003906
3 0.281250 0.360352 0.015625 0.009766
3 0.986328 0.362305 0.019531 0.017578
3 0.262695 0.353516 0.005859 0.003906
3 0.177734 0.347656 0.062500 0.031250
3 0.365234 0.333984 0.007812 0.007812
2 0.142578 0.334961 0.011719 0.009766
3 0.903320 0.331055 0.005859 0.005859
3 0.861328 0.368164 0.023438 0.083984
3 0.568359 0.330078 0.011719 0.011719
2 0.611328 0.318359 0.011719 0.015625
3 0.219727 0.307617 0.001953 0.001953
3 0.876953 0.320312 0.062500 0.039062
3 0.086914 0.340820 0.173828 0.080078
3 0.096680 0.303711 0.021484 0.009766
3 0.793945 0.300781 0.005859 0.007812
2 0.149414 0.291992 0.009766 0.005859
3 0.183594 0.291016 0.007812 0.007812
3 0.714844 0.315430 0.046875 0.064453
3 0.548828 0.287109 0.007812 0.007812
3 0.226562 0.294922 0.015625 0.023438
3 0.168945 0.279297 0.017578 0.015625
2 0.017578 0.280273 0.035156 0.017578
3 0.076172 0.265625 0.007812 0.011719
3 0.046875 0.265625 0.035156 0.015625
3 0.558594 0.257812 0.011719 0.011719
3 0.360352 0.252930 0.001953 0.001953
3 0.962891 0.254883 0.007812 0.013672
3 0.067383 0.250000 0.009766 0.007812
2 0.089844 0.246094 0.023438 0.011719
3 0.173828 0.235352 0.003906 0.005859
3 0.884766 0.213867 0.015625 0.009766
3 0.496094 0.210938 0.003906 0.003906
2 0.223633 0.216797 0.029297 0.019531
3 0.912109 0.208008 0.007812 0.005859
3 0.190430 0.202148 0.001953 0.001953
3 0.091797 0.222656 0.031250 0.042969
2 0.235352 0.198242 0.001953 0.001953
3 0.192383 0.198242 0.001953 0.001953
3 0.778320 0.196289 0.013672 0.013672
3 0.997070 0.188477 0.005859 0.005859
3 0.686523 0.176758 0.001953 0.005859
3 0.139648 0.174805 0.009766 0.009766
2 0.244141 0.169922 0.023438 0.007812
3 0.177734 0.166992 0.019531 0.013672
3 0.731445 0.161133 0.009766 0.009766
3 0.216797 0.162109 0.011719 0.011719
3 0.245117 0.153320 0.001953 0.001953
3 0.554688 0.154297 0.015625 0.023438
2 0.829102 0.141602 0.001953 0.001953
2 0.338867 0.161133 0.009766 0.041016
3 0.722656 0.134766 0.011719 0.003906
3 0.709961 0.133789 0.001953 0.001953
2 0.354492 0.138672 0.009766 0.011719
3 0.778320 0.128906 0.005859 0.003906
3 0.694336 0.119141 0.025391 0.023438
3 0.421875 0.117188 0.023438 0.019531
3 0.469727 0.100586 0.001953 0.001953
3 0.228516 0.103516 0.003906 0.007812
3 0.136719 0.081055 0.003906 0.005859
2 0.333984 0.082031 0.011719 0.011719
3 0.859375 0.079102 0.007812 0.009766
3 0.897461 0.076172 0.017578 0.011719
3 0.011719 0.077148 0.023438 0.017578
2 0.347656 0.071289 0.007812 0.009766
3 0.590820 0.064453 0.001953 0.003906
3 0.969727 0.076172 0.060547 0.035156
3 0.723633 0.076172 0.017578 0.035156
2 0.949219 0.050781 0.031250 0.023438
3 0.049805 0.050781 0.052734 0.023438
3 0.551758 0.038086 0.001953 0.001953
3 0.137695 0.042969 0.013672 0.015625
3 0.566406 0.033203 0.011719 0.011719
3 0.093750 0.021484 0.003906 0.003906
3 0.028320 0.025391 0.009766 0.011719
2 0.301758 0.018555 0.001953 0.001953
3 0.491211 0.014648 0.005859 0.005859
3 0.634766 0.017578 0.015625 0.015625
3 0.104492 0.004883 0.001953 0.001953
3 0.433594 0.005859 0.011719 0.007812
3 0.970703 0.003906 0.019531 0.007812
3 0.945312 0.009766 0.027344 0.019531
3 0.841797 0.002930 0.023438 0.005859
3 0.751953 0.003906 0.007812 0.007812
3 0.573242 0.004883 0.013672 0.009766
3 0.506836 0.005859 0.013672 0.011719
3 0.318359 0.016602 0.019531 0.033203
3 0.238281 0.080078 0.093750 0.160156
3 0.132812 0.004883 0.019531 0.009766
3 0.104492 0.000977 0.001953 0.001953