0 0.605469 0.999023 0.003906 0.001953
0 0.358398 0.997070 0.001953 0.001953
0 0.402344 0.996094 0.003906 0.003906
0 0.358398 0.993164 0.001953 0.001953
1 0.296875 0.995117 0.019531 0.009766
1 0.293945 0.989258 0.001953 0.001953
0 0.076172 0.989258 0.003906 0.001953
0 0.060547 0.990234 0.003906 0.003906
1 0.662109 0.987305 0.003906 0.001953
1 0.743164 0.983398 0.001953 0.001953
0 0.293945 0.983398 0.005859 0.005859
1 0.200195 0.984375 0.005859 0.007812
1 0.854492 0.980469 0.005859 0.003906
1 0.749023 0.979492 0.001953 0.001953
0 0.711914 0.979492 0.001953 0.001953
0 0.676758 0.980469 0.001953 0.003906
0 0.060547 0.980469 0.003906 0.003906
0 0.628906 0.977539 0.003906 0.001953
0 0.323242 0.977539 0.001953 0.001953
1 0.711914 0.975586 0.001953 0.001953
0 0.319336 0.975586 0.001953 0.001953
0 0.057617 0.975586 0.001953 0.001953
1 0.852539 0.974609 0.001953 0.003906
0 0.680664 0.973633 0.001953 0.001953
0 0.368164 0.986328 0.033203 0.027344
1 0.226562 0.977539 0.023438 0.009766
0 0.460938 0.973633 0.007812 0.005859
0 0.060547 0.972656 0.003906 0.003906
0 0.345703 0.973633 0.007812 0.009766
0 0.356445 0.967773 0.001953 0.001953
1 0.627930 0.970703 0.025391 0.011719
1 0.176758 0.974609 0.037109 0.019531
1 0.153320 0.965820 0.001953 0.001953
0 0.464844 0.966797 0.003906 0.007812
0 0.459961 0.964844 0.001953 0.003906
1 0.063477 0.963867 0.001953 0.001953
1 0.848633 0.965820 0.005859 0.009766
1 0.051758 0.962891 0.005859 0.003906
0 0.594727 0.963867 0.013672 0.009766
0 0.584961 0.959961 0.001953 0.001953
1 0.924805 0.960938 0.013672 0.007812
1 0.860352 0.958008 0.001953 0.001953
1 0.163086 0.958008 0.001953 0.001953
1 0.995117 0.958008 0.009766 0.005859
1 0.155273 0.958008 0.009766 0.005859
1 0.133789 0.960938 0.029297 0.015625
1 0.583008 0.954102 0.009766 0.005859
0 0.188477 0.952148 0.001953 0.001953
0 0.198242 0.953125 0.013672 0.015625
0 0.709961 0.971680 0.068359 0.056641
0 0.403320 0.944336 0.001953 0.001953
0 0.389648 0.950195 0.017578 0.013672
0 0.325195 0.958984 0.025391 0.035156
0 0.196289 0.940430 0.001953 0.001953
1 0.865234 0.936523 0.003906 0.001953
0 0.708984 0.946289 0.011719 0.021484
1 0.922852 0.934570 0.001953 0.001953
0 0.433594 0.950195 0.035156 0.033203
1 0.411133 0.935547 0.005859 0.003906
0 0.391602 0.937500 0.001953 0.007812
1 0.137695 0.940430 0.017578 0.017578
1 0.106445 0.932617 0.001953 0.001953
1 0.986328 0.930664 0.003906 0.001953
0 0.481445 0.933594 0.009766 0.007812
1 0.415039 0.930664 0.001953 0.001953
0 0.229492 0.937500 0.021484 0.015625
0 0.716797 0.931641 0.007812 0.007812
1 0.108398 0.927734 0.001953 0.003906
1 0.100586 0.926758 0.001953 0.001953
1 0.720703 0.925781 0.003906 0.003906
1 0.857422 0.931641 0.007812 0.019531
1 0.094727 0.922852 0.001953 0.001953
0 0.946289 0.920898 0.001953 0.001953
1 0.848633 0.920898 0.001953 0.001953
0 0.194336 0.928711 0.021484 0.017578
1 0.721680 0.916992 0.001953 0.001953
1 0.554688 0.917969 0.003906 0.003906
0 0.432617 0.922852 0.009766 0.013672
0 0.394531 0.918945 0.003906 0.005859
0 0.281250 0.924805 0.023438 0.017578
1 0.666992 0.916016 0.001953 0.003906
0 0.309570 0.921875 0.033203 0.015625
1 0.108398 0.916992 0.005859 0.005859
1 0.774414 0.911133 0.001953 0.001953
0 0.331055 0.911133 0.001953 0.001953
0 0.282227 0.911133 0.001953 0.001953
1 0.784180 0.909180 0.001953 0.001953
1 0.428711 0.910156 0.001953 0.003906
1 0.403320 0.917969 0.013672 0.019531
0 0.299805 0.909180 0.005859 0.001953
0 0.703125 0.915039 0.011719 0.017578
1 0.778320 0.906250 0.005859 0.003906
1 0.652344 0.952148 0.031250 0.095703
0 0.295898 0.904297 0.005859 0.003906
1 0.790039 0.901367 0.001953 0.001953
0 0.694336 0.899414 0.001953 0.001953
0 0.282227 0.899414 0.001953 0.001953
0 0.203125 0.899414 0.007812 0.001953
0 0.191406 0.900391 0.003906 0.003906
0 0.272461 0.904297 0.017578 0.015625
1 0.127930 0.899414 0.005859 0.005859
1 0.999023 0.895508 0.001953 0.001953
1 0.791992 0.895508 0.001953 0.001953
1 0.762695 0.895508 0.001953 0.001953
0 0.277344 0.896484 0.003906 0.003906
0 0.247070 0.895508 0.001953 0.001953
0 0.292969 0.897461 0.003906 0.009766
1 0.493164 0.891602 0.005859 0.005859
0 0.955078 0.900391 0.015625 0.027344
1 0.495117 0.885742 0.001953 0.001953
1 0.385742 0.890625 0.009766 0.011719
1 0.797852 0.888672 0.009766 0.015625
0 0.723633 0.878906 0.001953 0.003906
0 0.715820 0.891602 0.060547 0.029297
0 0.280273 0.884766 0.013672 0.015625
1 0.901367 0.875977 0.001953 0.001953
1 0.688477 0.875977 0.001953 0.001953
1 0.229492 0.883789 0.017578 0.017578
1 0.422852 0.881836 0.009766 0.021484
1 0.919922 0.871094 0.003906 0.003906
0 0.762695 0.870117 0.001953 0.001953
1 0.656250 0.871094 0.003906 0.003906
1 0.637695 0.875977 0.013672 0.013672
1 0.332031 0.870117 0.003906 0.001953
0 0.324219 0.872070 0.007812 0.005859
1 0.780273 0.870117 0.005859 0.005859
1 0.235352 0.869141 0.013672 0.003906
1 0.774414 0.866211 0.001953 0.001953
1 0.477539 0.866211 0.001953 0.001953
1 0.983398 0.887695 0.033203 0.048828
1 0.008789 0.870117 0.017578 0.017578
0 0.670898 0.858398 0.001953 0.001953
1 0.387695 0.871094 0.017578 0.027344
1 0.404297 0.859375 0.003906 0.007812
1 0.000977 0.856445 0.001953 0.001953
1 0.663086 0.856445 0.009766 0.005859
1 0.540039 0.855469 0.005859 0.003906
1 0.547852 0.853516 0.001953 0.003906
1 0.539062 0.850586 0.003906 0.001953
1 0.358398 0.850586 0.001953 0.001953
1 0.874023 0.848633 0.005859 0.001953
1 0.265625 0.855469 0.015625 0.019531
1 0.235352 0.855469 0.021484 0.019531
1 0.854492 0.844727 0.001953 0.001953
1 0.782227 0.844727 0.001953 0.001953
1 0.566406 0.863281 0.035156 0.046875
0 0.675781 0.844727 0.007812 0.013672
1 0.355469 0.840820 0.007812 0.005859
1 0.834961 0.840820 0.009766 0.009766
1 0.784180 0.836914 0.001953 0.001953
1 0.456055 0.838867 0.005859 0.005859
1 0.793945 0.839844 0.013672 0.011719
1 0.967773 0.833008 0.001953 0.001953
1 0.936523 0.831055 0.001953 0.001953
1 0.336914 0.846680 0.017578 0.033203
1 0.217773 0.829102 0.001953 0.001953
1 0.073242 0.831055 0.005859 0.005859
1 0.812500 0.831055 0.011719 0.009766
1 0.776367 0.827148 0.001953 0.001953
1 0.414062 0.833008 0.011719 0.013672
1 0.954102 0.839844 0.037109 0.035156
1 0.807617 0.823242 0.001953 0.001953
1 0.374023 0.821289 0.001953 0.001953
1 0.997070 0.819336 0.001953 0.001953
1 0.311523 0.820312 0.005859 0.003906
1 0.850586 0.829102 0.017578 0.025391
1 0.610352 0.813477 0.001953 0.001953
1 0.329102 0.813477 0.001953 0.001953
1 0.078125 0.813477 0.003906 0.001953
1 0.895508 0.811523 0.001953 0.001953
1 0.992188 0.815430 0.011719 0.017578
1 0.076172 0.808594 0.003906 0.003906
1 0.605469 0.811523 0.007812 0.013672
1 0.209961 0.806641 0.005859 0.003906
1 0.598633 0.802734 0.001953 0.003906
1 0.571289 0.801758 0.001953 0.001953
1 0.405273 0.810547 0.013672 0.019531
1 0.001953 0.802734 0.003906 0.007812
1 0.963867 0.802734 0.017578 0.015625
1 0.402344 0.794922 0.007812 0.003906
1 0.014648 0.790039 0.005859 0.001953
0 0.963867 0.788086 0.001953 0.001953
0 0.589844 0.790039 0.003906 0.005859
1 0.117188 0.788086 0.003906 0.005859
1 0.325195 0.784180 0.001953 0.001953
1 0.110352 0.782227 0.001953 0.001953
1 0.821289 0.780273 0.001953 0.001953
0 0.603516 0.780273 0.003906 0.001953
0 0.583008 0.783203 0.005859 0.007812
0 0.575195 0.781250 0.005859 0.003906
1 0.166992 0.782227 0.009766 0.013672
1 0.750000 0.775391 0.019531 0.015625
1 0.103516 0.770508 0.003906 0.005859
1 0.411133 0.766602 0.001953 0.001953
0 0.161133 0.766602 0.001953 0.001953
1 0.339844 0.783203 0.019531 0.039062
1 0.136719 0.763672 0.003906 0.003906
1 0.201172 0.765625 0.007812 0.011719
1 0.832031 0.766602 0.011719 0.021484
1 0.826172 0.757812 0.003906 0.003906
0 0.565430 0.754883 0.001953 0.001953
1 0.004883 0.757812 0.009766 0.011719
0 0.193359 0.754883 0.011719 0.009766
0 0.558594 0.761719 0.011719 0.027344
1 0.100586 0.749023 0.001953 0.001953
1 0.380859 0.745117 0.003906 0.001953
1 0.149414 0.753906 0.025391 0.019531
1 0.948242 0.744141 0.001953 0.003906
1 0.145508 0.743164 0.001953 0.001953
0 0.786133 0.745117 0.005859 0.009766
1 0.115234 0.756836 0.015625 0.033203
1 0.961914 0.737305 0.001953 0.001953
0 0.593750 0.739258 0.003906 0.005859
0 0.195312 0.738281 0.003906 0.003906
1 0.916992 0.735352 0.001953 0.001953
0 0.612305 0.735352 0.001953 0.001953
0 0.176758 0.738281 0.005859 0.007812
1 0.145508 0.738281 0.009766 0.007812
0 0.781250 0.733398 0.003906 0.001953
1 0.208008 0.738281 0.005859 0.011719
1 0.041992 0.735352 0.005859 0.005859
0 0.271484 0.737305 0.007812 0.013672
1 0.123047 0.733398 0.007812 0.005859
1 0.361328 0.730469 0.003906 0.003906
1 0.036133 0.729492 0.001953 0.001953
0 0.175781 0.727539 0.003906 0.001953
1 0.942383 0.736328 0.037109 0.023438
0 0.708008 0.725586 0.001953 0.001953
0 0.595703 0.729492 0.007812 0.009766
1 0.874023 0.723633 0.001953 0.001953
1 0.706055 0.720703 0.001953 0.003906
1 0.391602 0.719727 0.001953 0.001953
1 0.367188 0.720703 0.003906 0.003906
1 0.264648 0.721680 0.005859 0.005859
1 0.366211 0.714844 0.005859 0.003906
0 0.587891 0.717773 0.007812 0.013672
0 0.989258 0.709961 0.001953 0.001953
1 0.823242 0.709961 0.001953 0.001953
1 0.819336 0.709961 0.001953 0.001953
0 0.995117 0.708008 0.001953 0.001953
1 0.366211 0.708984 0.005859 0.003906
0 0.185547 0.719727 0.011719 0.025391
1 0.170898 0.713867 0.013672 0.013672
1 0.161133 0.708008 0.001953 0.001953
0 0.594727 0.706055 0.001953 0.001953
0 0.999023 0.704102 0.001953 0.001953
1 0.184570 0.704102 0.001953 0.001953
1 0.168945 0.704102 0.001953 0.001953
1 0.903320 0.702148 0.001953 0.001953
1 0.895508 0.706055 0.013672 0.009766
0 0.558594 0.721680 0.023438 0.041016
0 0.625977 0.736328 0.044922 0.074219
1 0.545898 0.701172 0.001953 0.003906
1 0.212891 0.713867 0.015625 0.029297
1 0.141602 0.700195 0.001953 0.001953
0 0.681641 0.708008 0.019531 0.021484
0 0.615234 0.696289 0.003906 0.001953
1 0.502930 0.706055 0.017578 0.021484
1 0.022461 0.712891 0.044922 0.035156
1 0.411133 0.694336 0.001953 0.001953
1 0.162109 0.690430 0.003906 0.001953
1 0.980469 0.688477 0.011719 0.009766
0 0.569336 0.691406 0.017578 0.015625
1 0.387695 0.701172 0.033203 0.035156
1 0.296875 0.690430 0.007812 0.013672
0 0.026367 0.684570 0.001953 0.001953
1 0.307617 0.682617 0.001953 0.001953
1 0.174805 0.682617 0.001953 0.001953
0 0.590820 0.692383 0.013672 0.025391
1 0.213867 0.680664 0.001953 0.001953
0 0.023438 0.680664 0.003906 0.001953
1 0.893555 0.680664 0.005859 0.005859
0 0.598633 0.678711 0.001953 0.001953
1 0.291992 0.674805 0.001953 0.001953
0 0.603516 0.673828 0.003906 0.003906
1 0.699219 0.682617 0.031250 0.025391
0 0.036133 0.668945 0.001953 0.001953
1 0.285156 0.667969 0.003906 0.003906
0 0.013672 0.667969 0.007812 0.003906
0 0.605469 0.666016 0.007812 0.007812
1 0.223633 0.661133 0.001953 0.001953
0 0.124023 0.664062 0.005859 0.007812
0 0.084961 0.666992 0.017578 0.013672
1 0.256836 0.657227 0.001953 0.001953
1 0.217773 0.657227 0.005859 0.001953
0 0.601562 0.655273 0.003906 0.001953
1 0.260742 0.653320 0.001953 0.001953
1 0.217773 0.653320 0.001953 0.001953
1 0.196289 0.653320 0.001953 0.001953
1 0.213867 0.652344 0.001953 0.003906
0 0.086914 0.651367 0.001953 0.001953
0 0.002930 0.656250 0.005859 0.011719
1 0.210938 0.653320 0.003906 0.009766
1 0.995117 0.653320 0.009766 0.013672
0 0.104492 0.647461 0.001953 0.001953
1 0.160156 0.676758 0.054688 0.064453
1 0.181641 0.641602 0.003906 0.001953
1 0.563477 0.637695 0.001953 0.001953
1 0.029297 0.637695 0.003906 0.001953
1 0.344727 0.657227 0.021484 0.044922
0 0.616211 0.661133 0.033203 0.056641
1 0.161133 0.631836 0.001953 0.001953
1 0.401367 0.629883 0.001953 0.001953
1 0.202148 0.629883 0.001953 0.001953
1 0.047852 0.627930 0.001953 0.001953
1 0.412109 0.627930 0.003906 0.005859
1 0.239258 0.624023 0.001953 0.001953
1 0.295898 0.624023 0.005859 0.005859
0 0.082031 0.639648 0.136719 0.041016
0 0.579102 0.618164 0.001953 0.001953
1 0.747070 0.623047 0.005859 0.015625
0 0.575195 0.616211 0.001953 0.001953
1 0.315430 0.610352 0.001953 0.001953
1 0.126953 0.611328 0.003906 0.003906
1 0.275391 0.636719 0.027344 0.058594
1 0.169922 0.620117 0.042969 0.025391
1 0.124023 0.606445 0.005859 0.005859
1 0.235352 0.602539 0.001953 0.001953
1 0.453125 0.602539 0.003906 0.005859
1 0.309570 0.603516 0.009766 0.007812
1 0.102539 0.600586 0.001953 0.001953
1 0.467773 0.598633 0.001953 0.001953
1 0.670898 0.599609 0.009766 0.007812
1 0.448242 0.596680 0.001953 0.001953
1 0.377930 0.597656 0.001953 0.003906
1 0.061523 0.596680 0.001953 0.001953
1 0.242188 0.593750 0.003906 0.003906
1 0.760742 0.600586 0.005859 0.021484
1 0.679688 0.589844 0.003906 0.003906
1 0.673828 0.591797 0.003906 0.007812
1 0.469727 0.591797 0.005859 0.007812
1 0.458984 0.594727 0.011719 0.013672
1 0.383789 0.588867 0.001953 0.001953
1 0.378906 0.589844 0.003906 0.003906
1 0.667969 0.589844 0.003906 0.007812
1 0.303711 0.586914 0.001953 0.001953
1 0.444336 0.586914 0.005859 0.005859
1 0.245117 0.584961 0.001953 0.001953
1 0.307617 0.583008 0.001953 0.001953
1 0.278320 0.581055 0.001953 0.001953
1 0.664062 0.580078 0.007812 0.003906
1 0.305664 0.575195 0.001953 0.001953
1 0.199219 0.578125 0.007812 0.007812
1 0.775391 0.576172 0.003906 0.011719
0 0.971680 0.570312 0.001953 0.003906
0 0.967773 0.570312 0.001953 0.003906
1 0.137695 0.585938 0.033203 0.039062
0 0.997070 0.572266 0.005859 0.015625
0 0.969727 0.563477 0.001953 0.001953
1 0.229492 0.575195 0.025391 0.025391
1 0.363281 0.561523 0.003906 0.001953
0 0.975586 0.562500 0.005859 0.007812
1 0.487305 0.565430 0.009766 0.013672
1 0.306641 0.557617 0.007812 0.001953
1 0.362305 0.555664 0.001953 0.001953
0 0.995117 0.554688 0.009766 0.011719
1 0.398438 0.547852 0.003906 0.001953
1 0.569336 0.573242 0.029297 0.056641
1 0.347656 0.547852 0.003906 0.005859
1 0.579102 0.536133 0.001953 0.001953
1 0.429688 0.540039 0.011719 0.009766
1 0.493164 0.539062 0.017578 0.011719
1 0.309570 0.534180 0.001953 0.001953
1 0.850586 0.530273 0.001953 0.001953
1 0.487305 0.530273 0.001953 0.001953
1 0.450195 0.530273 0.001953 0.001953
1 0.288086 0.544922 0.044922 0.031250
1 0.497070 0.528320 0.001953 0.001953
0 0.401367 0.530273 0.005859 0.005859
1 0.850586 0.524414 0.001953 0.001953
1 0.642578 0.540039 0.031250 0.033203
1 0.488281 0.522461 0.003906 0.005859
1 0.174805 0.520508 0.001953 0.001953
1 0.847656 0.519531 0.003906 0.003906
1 0.545898 0.517578 0.005859 0.003906
1 0.371094 0.517578 0.003906 0.003906
0 0.999023 0.514648 0.001953 0.001953
1 0.538086 0.512695 0.001953 0.001953
1 0.338867 0.512695 0.001953 0.001953
0 0.391602 0.510742 0.001953 0.001953
1 0.368164 0.510742 0.001953 0.001953
0 0.998047 0.509766 0.003906 0.003906
1 0.331055 0.511719 0.005859 0.007812
0 0.000977 0.510742 0.001953 0.005859
1 0.754883 0.516602 0.025391 0.021484
1 0.362305 0.508789 0.005859 0.005859
0 0.000977 0.504883 0.001953 0.001953
0 0.006836 0.502930 0.001953 0.001953
0 0.760742 0.500977 0.001953 0.001953
1 0.321289 0.504883 0.005859 0.009766
1 0.261719 0.501953 0.007812 0.007812
0 0.004883 0.499023 0.001953 0.001953
1 0.281250 0.497070 0.003906 0.001953
1 0.669922 0.495117 0.007812 0.001953
1 0.207031 0.504883 0.019531 0.021484
1 0.038086 0.495117 0.001953 0.001953
1 0.792969 0.495117 0.007812 0.005859
1 0.272461 0.495117 0.005859 0.005859
1 0.771484 0.490234 0.003906 0.003906
1 0.326172 0.490234 0.003906 0.003906
0 0.004883 0.485352 0.001953 0.001953
1 0.318359 0.483398 0.003906 0.001953
1 0.784180 0.481445 0.001953 0.001953
0 0.757812 0.484375 0.019531 0.011719
1 0.473633 0.479492 0.001953 0.001953
1 0.328125 0.480469 0.011719 0.003906
1 0.838867 0.477539 0.001953 0.001953
1 0.860352 0.473633 0.001953 0.001953
0 0.749023 0.473633 0.001953 0.001953
1 0.698242 0.469727 0.001953 0.001953
1 0.096680 0.467773 0.001953 0.001953
1 0.077148 0.467773 0.001953 0.001953
1 0.237305 0.465820 0.001953 0.001953
1 0.999023 0.463867 0.001953 0.001953
1 0.969727 0.484375 0.021484 0.042969
1 0.057617 0.463867 0.005859 0.001953
0 0.741211 0.461914 0.001953 0.001953
1 0.703125 0.466797 0.011719 0.011719
1 0.284180 0.461914 0.001953 0.001953
1 0.672852 0.459961 0.001953 0.001953
0 0.678711 0.459961 0.001953 0.005859
1 0.408203 0.491211 0.058594 0.068359
1 0.284180 0.458008 0.001953 0.001953
1 0.004883 0.463867 0.009766 0.013672
1 0.747070 0.459961 0.005859 0.009766
1 0.315430 0.456055 0.001953 0.001953
1 0.311523 0.456055 0.001953 0.001953
1 0.278320 0.456055 0.001953 0.001953
1 0.873047 0.451172 0.003906 0.003906
1 0.752930 0.450195 0.001953 0.001953
0 0.653320 0.450195 0.001953 0.001953
0 0.649414 0.451172 0.001953 0.003906
1 0.318359 0.455078 0.003906 0.011719
1 0.990234 0.454102 0.019531 0.017578
1 0.749023 0.446289 0.001953 0.001953
1 0.750977 0.442383 0.001953 0.001953
1 0.334961 0.444336 0.017578 0.009766
0 0.120117 0.439453 0.005859 0.003906
0 0.081055 0.444336 0.017578 0.013672
0 0.092773 0.434570 0.001953 0.001953
1 0.694336 0.433594 0.009766 0.015625
1 0.489258 0.418945 0.001953 0.001953
1 0.843750 0.416992 0.003906 0.005859
1 0.655273 0.418945 0.005859 0.009766
1 0.690430 0.413086 0.001953 0.005859
1 0.896484 0.410156 0.011719 0.007812
1 0.418945 0.408203 0.001953 0.003906
1 0.668945 0.405273 0.001953 0.001953
1 0.303711 0.405273 0.001953 0.001953
1 0.487305 0.409180 0.009766 0.013672
1 0.407227 0.401367 0.001953 0.001953
1 0.311523 0.401367 0.001953 0.001953
1 0.307617 0.401367 0.001953 0.001953
1 0.186523 0.399414 0.001953 0.001953
1 0.476562 0.400391 0.007812 0.007812
1 0.587891 0.396484 0.003906 0.003906
1 0.016602 0.395508 0.001953 0.001953
1 0.477539 0.393555 0.001953 0.001953
1 0.870117 0.391602 0.001953 0.001953
1 0.863281 0.389648 0.007812 0.005859
1 0.805664 0.392578 0.009766 0.011719
1 0.126953 0.385742 0.011719 0.009766
1 0.041992 0.381836 0.001953 0.001953
1 0.855469 0.380859 0.003906 0.003906
1 0.771484 0.383789 0.007812 0.009766
1 0.781250 0.377930 0.003906 0.001953
1 0.143555 0.377930 0.001953 0.001953
0 0.431641 0.377930 0.003906 0.005859
1 0.108398 0.376953 0.005859 0.003906
1 0.961914 0.372070 0.001953 0.001953
1 0.344727 0.374023 0.009766 0.005859
1 0.060547 0.370117 0.003906 0.005859
1 0.797852 0.366211 0.001953 0.001953
1 0.916016 0.364258 0.003906 0.005859
1 0.149414 0.362305 0.005859 0.005859
1 0.089844 0.365234 0.023438 0.015625
1 0.715820 0.370117 0.029297 0.029297
1 0.143555 0.356445 0.001953 0.001953
1 0.982422 0.356445 0.007812 0.005859
1 0.149414 0.355469 0.005859 0.003906
1 0.822266 0.353516 0.003906 0.003906
1 0.745117 0.352539 0.001953 0.001953
1 0.021484 0.359375 0.042969 0.015625
1 0.012695 0.345703 0.005859 0.003906
1 0.749023 0.344727 0.001953 0.005859
1 0.821289 0.335938 0.005859 0.003906
1 0.526367 0.335938 0.001953 0.003906
0 0.492188 0.352539 0.074219 0.041016
1 0.077148 0.346680 0.048828 0.029297
1 0.321289 0.331055 0.001953 0.001953
1 0.513672 0.330078 0.007812 0.003906
1 0.540039 0.333984 0.021484 0.015625
0 0.432617 0.327148 0.001953 0.001953
1 0.154297 0.325195 0.003906 0.001953
1 0.116211 0.332031 0.025391 0.015625
1 0.540039 0.323242 0.001953 0.001953
1 0.875000 0.348633 0.031250 0.060547
1 0.879883 0.317383 0.001953 0.001953
1 0.844727 0.317383 0.009766 0.009766
0 0.486328 0.323242 0.074219 0.021484
1 0.885742 0.311523 0.001953 0.001953
1 0.838867 0.311523 0.001953 0.001953
1 0.538086 0.356445 0.244141 0.091797
1 0.852539 0.305664 0.001953 0.001953
1 0.375977 0.299805 0.001953 0.001953
1 0.963867 0.297852 0.001953 0.001953
1 0.892578 0.304688 0.023438 0.015625
1 0.042969 0.294922 0.007812 0.007812
1 0.871094 0.290039 0.003906 0.001953
1 0.383789 0.290039 0.001953 0.001953
1 0.825195 0.286133 0.001953 0.001953
1 0.821289 0.286133 0.001953 0.001953
1 0.817383 0.303711 0.033203 0.037109
1 0.149414 0.286133 0.001953 0.005859
1 0.871094 0.283203 0.003906 0.003906
1 0.922852 0.281250 0.001953 0.003906
1 0.836914 0.282227 0.009766 0.005859
1 0.338867 0.281250 0.005859 0.003906
1 0.774414 0.312500 0.052734 0.070312
1 0.305664 0.278320 0.001953 0.001953
1 0.146484 0.279297 0.003906 0.003906
1 0.041016 0.283203 0.011719 0.011719
1 0.741211 0.276367 0.001953 0.001953
1 0.299805 0.276367 0.001953 0.001953
1 0.037109 0.277344 0.003906 0.003906
1 0.741211 0.270508 0.001953 0.001953
1 0.731445 0.275391 0.013672 0.011719
1 0.707031 0.301758 0.054688 0.068359
1 0.997070 0.266602 0.005859 0.001953
1 0.989258 0.284180 0.021484 0.037109
1 0.747070 0.268555 0.005859 0.009766
1 0.928711 0.258789 0.001953 0.001953
1 0.866211 0.258789 0.005859 0.001953
1 0.754883 0.256836 0.001953 0.001953
1 0.699219 0.257812 0.007812 0.003906
1 0.268555 0.254883 0.001953 0.001953
1 0.261719 0.254883 0.003906 0.001953
1 0.007812 0.252930 0.003906 0.001953
1 0.914062 0.251953 0.003906 0.003906
1 0.831055 0.250977 0.001953 0.001953
1 0.228516 0.439453 0.457031 0.378906
1 0.224609 0.252930 0.003906 0.005859
1 0.622070 0.250000 0.001953 0.003906
1 0.443359 0.249023 0.003906 0.001953
1 0.275391 0.251953 0.003906 0.007812
1 0.204102 0.252930 0.005859 0.009766
1 0.004883 0.249023 0.001953 0.001953
1 0.246094 0.247070 0.003906 0.001953
0 0.756836 0.243164 0.001953 0.001953
1 0.692383 0.247070 0.009766 0.009766
1 0.228516 0.244141 0.003906 0.003906
1 0.764648 0.242188 0.001953 0.003906
1 0.928711 0.246094 0.017578 0.015625
1 0.635742 0.250977 0.017578 0.025391
1 0.403320 0.245117 0.013672 0.013672
1 0.277344 0.242188 0.007812 0.007812
1 0.256836 0.240234 0.001953 0.003906
1 0.709961 0.238281 0.005859 0.007812
1 0.547852 0.233398 0.001953 0.001953
1 0.289062 0.237305 0.019531 0.009766
1 0.965820 0.232422 0.001953 0.003906
1 0.442383 0.231445 0.001953 0.001953
1 0.329102 0.231445 0.001953 0.001953
1 0.974609 0.236328 0.015625 0.015625
1 0.297852 0.229492 0.001953 0.001953
1 0.963867 0.227539 0.001953 0.001953
1 0.954102 0.227539 0.001953 0.001953
1 0.303711 0.228516 0.005859 0.003906
1 0.292969 0.228516 0.003906 0.003906
1 0.645508 0.225586 0.001953 0.001953
0 0.159180 0.225586 0.001953 0.001953
1 0.442383 0.224609 0.001953 0.003906
1 0.243164 0.234375 0.021484 0.023438
0 0.057617 0.225586 0.009766 0.005859
1 0.952148 0.221680 0.001953 0.001953
1 0.799805 0.221680 0.001953 0.001953
1 0.565430 0.222656 0.001953 0.003906
1 0.350586 0.221680 0.001953 0.005859
0 0.297852 0.219727 0.001953 0.001953
1 0.030273 0.219727 0.001953 0.001953
1 0.899414 0.217773 0.001953 0.001953
1 0.634766 0.226562 0.015625 0.019531
1 0.911133 0.216797 0.009766 0.003906
0 0.032227 0.215820 0.001953 0.001953
1 0.021484 0.222656 0.019531 0.015625
0 0.067383 0.213867 0.001953 0.001953
1 0.913086 0.211914 0.001953 0.001953
1 0.797852 0.213867 0.005859 0.005859
0 0.301758 0.211914 0.001953 0.001953
1 0.756836 0.223633 0.029297 0.029297
1 0.353516 0.210938 0.003906 0.003906
1 0.799805 0.208008 0.001953 0.001953
1 0.231445 0.208008 0.001953 0.001953
0 0.125977 0.208008 0.001953 0.001953
1 0.488281 0.207031 0.003906 0.003906
0 0.146484 0.209961 0.007812 0.009766
1 0.497070 0.204102 0.001953 0.001953
0 0.209961 0.204102 0.001953 0.001953
0 0.206055 0.204102 0.001953 0.001953
0 0.083008 0.204102 0.001953 0.001953
1 0.656250 0.212891 0.031250 0.023438
1 0.444336 0.210938 0.005859 0.019531
0 0.280273 0.202148 0.001953 0.001953
0 0.006836 0.203125 0.001953 0.003906
1 0.893555 0.201172 0.005859 0.003906
1 0.708008 0.200195 0.001953 0.001953
0 0.303711 0.206055 0.005859 0.013672
1 0.713867 0.199219 0.005859 0.003906
0 0.639648 0.198242 0.001953 0.001953
0 0.298828 0.198242 0.003906 0.001953
0 0.234375 0.199219 0.003906 0.003906
0 0.110352 0.207031 0.021484 0.019531
1 0.491211 0.196289 0.001953 0.001953
0 0.116211 0.194336 0.001953 0.001953
0 0.032227 0.200195 0.013672 0.013672
1 0.881836 0.194336 0.001953 0.005859
1 0.873047 0.191406 0.003906 0.003906
0 0.636719 0.191406 0.003906 0.007812
0 0.066406 0.191406 0.015625 0.007812
0 0.652344 0.191406 0.023438 0.011719
1 0.543945 0.186523 0.001953 0.001953
0 0.276367 0.192383 0.017578 0.013672
1 0.874023 0.184570 0.001953 0.001953
0 0.617188 0.185547 0.003906 0.003906
1 0.675781 0.188477 0.015625 0.013672
0 0.611328 0.183594 0.003906 0.003906
1 0.584961 0.183594 0.001953 0.003906
1 0.488281 0.184570 0.007812 0.005859
1 0.378906 0.183594 0.003906 0.003906
1 0.325195 0.182617 0.001953 0.001953
0 0.608398 0.180664 0.001953 0.001953
1 0.574219 0.202148 0.062500 0.044922
0 0.206055 0.180664 0.001953 0.001953
1 0.783203 0.179688 0.003906 0.003906
1 0.400391 0.186523 0.015625 0.017578
1 0.469727 0.206055 0.037109 0.068359
0 0.260742 0.172852 0.001953 0.001953
1 0.881836 0.170898 0.001953 0.001953
1 0.551758 0.170898 0.013672 0.009766
0 0.658203 0.163086 0.003906 0.001953
1 0.811523 0.165039 0.013672 0.009766
0 0.242188 0.163086 0.003906 0.005859
0 0.422852 0.170898 0.025391 0.025391
0 0.194336 0.162109 0.009766 0.011719
0 0.327148 0.155273 0.001953 0.001953
0 0.256836 0.157227 0.017578 0.005859
1 0.583984 0.153320 0.003906 0.001953
1 0.799805 0.151367 0.001953 0.001953
1 0.577148 0.151367 0.001953 0.001953
1 0.358398 0.152344 0.001953 0.003906
1 0.342773 0.152344 0.009766 0.003906
0 0.433594 0.150391 0.003906 0.003906
0 0.402344 0.154297 0.015625 0.011719
0 0.163086 0.164062 0.029297 0.031250
0 0.256836 0.148438 0.001953 0.003906
1 0.090820 0.147461 0.001953 0.001953
1 0.892578 0.145508 0.003906 0.001953
0 0.515625 0.144531 0.003906 0.007812
0 0.454102 0.144531 0.005859 0.007812
1 0.256836 0.141602 0.001953 0.001953
1 0.129883 0.139648 0.001953 0.001953
1 0.555664 0.137695 0.001953 0.001953
1 0.256836 0.137695 0.001953 0.001953
1 0.247070 0.137695 0.001953 0.001953
0 0.166016 0.136719 0.003906 0.003906
1 0.110352 0.135742 0.001953 0.001953
1 0.555664 0.132812 0.001953 0.003906
1 0.567383 0.127930 0.001953 0.001953
0 0.299805 0.139648 0.025391 0.025391
0 0.261719 0.135742 0.003906 0.017578
1 0.555664 0.125977 0.001953 0.001953
1 0.565430 0.124023 0.001953 0.001953
1 0.140625 0.125000 0.003906 0.003906
1 0.098633 0.124023 0.001953 0.001953
1 0.651367 0.146484 0.134766 0.050781
0 0.293945 0.122070 0.001953 0.001953
1 0.200195 0.120117 0.001953 0.001953
0 0.500977 0.125000 0.013672 0.019531
1 0.644531 0.114258 0.003906 0.005859
0 0.434570 0.110352 0.001953 0.001953
1 0.658203 0.107422 0.003906 0.003906
1 0.061523 0.106445 0.001953 0.001953
1 0.662109 0.105469 0.003906 0.003906
1 0.361328 0.110352 0.007812 0.013672
0 0.356445 0.104492 0.001953 0.001953
1 0.202148 0.136719 0.041016 0.066406
1 0.458008 0.102539 0.001953 0.001953
0 0.364258 0.116211 0.052734 0.029297
1 0.477539 0.101562 0.009766 0.003906
1 0.155273 0.100586 0.001953 0.001953
1 0.487305 0.094727 0.001953 0.001953
1 0.444336 0.092773 0.001953 0.001953
1 0.489258 0.090820 0.005859 0.001953
1 0.405273 0.090820 0.001953 0.001953
1 0.241211 0.088867 0.001953 0.001953
1 0.237305 0.086914 0.001953 0.001953
1 0.059570 0.088867 0.005859 0.005859
1 0.689453 0.085938 0.003906 0.003906
1 0.161133 0.084961 0.001953 0.001953
1 0.645508 0.083984 0.001953 0.003906
1 0.499023 0.083984 0.005859 0.003906
0 0.325195 0.082031 0.001953 0.003906
0 0.336914 0.073242 0.001953 0.001953
1 0.817383 0.074219 0.005859 0.007812
1 0.469727 0.067383 0.001953 0.001953
1 0.184570 0.086914 0.044922 0.041016
1 0.796875 0.076172 0.023438 0.023438
1 0.090820 0.065430 0.001953 0.001953
1 0.060547 0.072266 0.019531 0.015625
1 0.674805 0.089844 0.025391 0.054688
1 0.463867 0.065430 0.005859 0.005859
0 0.336914 0.063477 0.001953 0.001953
1 0.230469 0.065430 0.007812 0.005859
1 0.181641 0.063477 0.003906 0.001953
1 0.994141 0.066406 0.011719 0.015625
1 0.417969 0.057617 0.003906 0.001953
1 0.372070 0.055664 0.001953 0.001953
1 0.990234 0.051758 0.003906 0.001953
1 0.929688 0.053711 0.003906 0.005859
1 0.672852 0.055664 0.001953 0.009766
1 0.526367 0.132812 0.033203 0.167969
1 0.441406 0.107422 0.105469 0.121094
0 0.366211 0.047852 0.001953 0.001953
1 0.676758 0.045898 0.001953 0.001953
0 0.346680 0.052734 0.021484 0.015625
1 0.180664 0.048828 0.013672 0.007812
0 0.118164 0.045898 0.001953 0.001953
0 0.973633 0.046875 0.005859 0.007812
1 0.573242 0.050781 0.005859 0.015625
0 0.774414 0.041992 0.001953 0.001953
1 0.180664 0.041992 0.005859 0.001953
1 0.510742 0.040039 0.001953 0.001953
0 0.269531 0.079102 0.050781 0.080078
1 0.237305 0.050781 0.009766 0.023438
0 0.125977 0.040039 0.001953 0.001953
0 0.121094 0.041016 0.003906 0.003906
0 0.077148 0.040039 0.001953 0.001953
0 0.986328 0.042969 0.015625 0.011719
1 0.489258 0.040039 0.005859 0.005859
1 0.177734 0.038086 0.007812 0.001953
1 0.028320 0.038086 0.001953 0.001953
0 0.772461 0.036133 0.001953 0.001953
1 0.738281 0.036133 0.003906 0.001953
0 0.127930 0.036133 0.001953 0.001953
0 0.985352 0.034180 0.001953 0.001953
0 0.122070 0.034180 0.001953 0.001953
1 0.718750 0.040039 0.027344 0.017578
1 0.555664 0.042969 0.025391 0.023438
0 0.054688 0.043945 0.046875 0.025391
1 0.135742 0.031250 0.005859 0.003906
0 0.133789 0.026367 0.001953 0.001953
0 0.129883 0.026367 0.001953 0.001953
0 0.961914 0.024414 0.001953 0.001953
1 0.541992 0.024414 0.001953 0.001953
1 0.740234 0.022461 0.003906 0.005859
1 0.735352 0.022461 0.005859 0.005859
1 0.342773 0.020508 0.001953 0.001953
1 0.246094 0.022461 0.003906 0.005859
0 0.118164 0.020508 0.001953 0.001953
1 0.752930 0.025391 0.021484 0.015625
1 0.336914 0.028320 0.009766 0.021484
1 0.541016 0.018555 0.003906 0.005859
1 0.276367 0.014648 0.001953 0.001953
0 0.016602 0.014648 0.001953 0.001953
1 0.282227 0.012695 0.001953 0.001953
1 0.354492 0.017578 0.017578 0.015625
0 0.245117 0.010742 0.005859 0.001953
1 0.712891 0.015625 0.019531 0.015625
1 0.280273 0.008789 0.001953 0.001953
0 0.655273 0.006836 0.001953 0.001953
1 0.368164 0.006836 0.001953 0.001953
0 0.032227 0.015625 0.037109 0.019531
1 0.372070 0.004883 0.001953 0.001953
0 0.267578 0.004883 0.003906 0.001953
0 0.003906 0.015625 0.007812 0.023438
1 0.994141 0.004883 0.011719 0.009766
1 0.885742 0.007812 0.013672 0.015625
1 0.896484 0.143555 0.207031 0.287109
1 0.786133 0.006836 0.041016 0.013672
0 0.733398 0.000977 0.001953 0.001953
1 0.692383 0.002930 0.001953 0.005859
1 0.675781 0.003906 0.015625 0.007812
1 0.526367 0.020508 0.037109 0.041016
1 0.395508 0.000977 0.009766 0.001953
1 0.310547 0.000977 0.003906 0.001953
1 0.301758 0.001953 0.005859 0.003906
1 0.274414 0.034180 0.048828 0.068359
1 0.204102 0.017578 0.041016 0.035156
1 0.186523 0.000977 0.001953 0.001953
1 0.165039 0.000977 0.001953 0.001953
1 0.086914 0.087891 0.173828 0.175781
3 0.303711 0.999023 0.001953 0.001953
2 0.364258 0.995117 0.001953 0.001953
3 0.299805 0.996094 0.001953 0.003906
2 0.365234 0.990234 0.003906 0.003906
2 0.729492 0.993164 0.009766 0.013672
2 0.356445 0.985352 0.001953 0.001953
3 0.011719 0.873047 0.003906 0.007812
3 0.108398 0.569336 0.001953 0.001953
3 0.019531 0.570312 0.039062 0.035156
3 0.038086 0.551758 0.001953 0.001953
3 0.034180 0.547852 0.001953 0.001953
3 0.028320 0.547852 0.001953 0.001953
3 0.041992 0.537109 0.005859 0.003906
3 0.176758 0.506836 0.001953 0.001953
3 0.276367 0.467773 0.001953 0.001953
3 0.108398 0.465820 0.005859 0.001953
3 0.161133 0.452148 0.001953 0.001953
3 0.998047 0.450195 0.003906 0.005859
3 0.262695 0.432617 0.009766 0.005859
3 0.096680 0.470703 0.193359 0.105469
3 0.346680 0.409180 0.001953 0.001953
3 0.342773 0.403320 0.001953 0.001953
3 0.088867 0.387695 0.001953 0.001953
3 0.014648 0.385742 0.001953 0.001953
3 0.027344 0.382812 0.003906 0.003906
3 0.024414 0.362305 0.001953 0.001953
3 0.303711 0.334961 0.001953 0.001953
3 0.811523 0.215820 0.001953 0.001953
3 0.815430 0.212891 0.001953 0.003906
3 0.910156 0.185547 0.003906 0.003906
3 0.043945 0.144531 0.001953 0.003906
3 0.022461 0.137695 0.001953 0.001953
3 0.963867 0.126953 0.001953 0.003906
3 0.963867 0.120117 0.001953 0.001953
3 0.891602 0.105469 0.021484 0.031250
3 0.977539 0.084961 0.001953 0.001953
3 0.100586 0.083008 0.001953 0.001953
3 0.866211 0.050781 0.001953 0.003906
3 0.514648 0.024414 0.001953 0.001953
3 0.145508 0.014648 0.001953 0.001953
2 0.143555 0.008789 0.001953 0.005859
3 0.971680 0.048828 0.056641 0.097656
3 0.916016 0.065430 0.042969 0.130859
3 0.871094 0.019531 0.050781 0.039062
3 0.830078 0.004883 0.015625 0.009766
3 0.794922 0.000977 0.003906 0.001953
3 0.500000 0.500000 1.000000 1.000000
3 0.074219 0.074219 0.148438 0.148438