1 0.206055 0.999023 0.001953 0.001953
1 0.068359 0.998047 0.003906 0.003906
1 0.685547 0.996094 0.003906 0.003906
1 0.621094 0.994141 0.003906 0.003906
1 0.012695 0.993164 0.001953 0.001953
1 0.627930 0.991211 0.001953 0.001953
1 0.600586 0.989258 0.001953 0.001953
1 0.813477 0.993164 0.025391 0.013672
1 0.664062 0.992188 0.027344 0.015625
1 0.750977 0.981445 0.001953 0.001953
1 0.610352 0.987305 0.009766 0.013672
1 0.025391 0.990234 0.019531 0.019531
1 0.744141 0.989258 0.011719 0.021484
0 0.698242 0.975586 0.001953 0.001953
1 0.600586 0.979492 0.005859 0.009766
1 0.956055 0.973633 0.001953 0.001953
0 0.700195 0.971680 0.001953 0.001953
1 0.958008 0.969727 0.001953 0.001953
1 0.212891 0.984375 0.031250 0.031250
1 0.956055 0.965820 0.001953 0.001953
0 0.672852 0.965820 0.001953 0.001953
1 0.055664 0.966797 0.009766 0.003906
1 0.191406 0.963867 0.007812 0.009766
1 0.277344 0.960938 0.011719 0.007812
1 0.948242 0.959961 0.009766 0.009766
0 0.732422 0.950195 0.003906 0.001953
0 0.710938 0.962891 0.019531 0.027344
1 0.766602 0.946289 0.001953 0.001953
0 0.702148 0.946289 0.001953 0.001953
1 0.890625 0.944336 0.003906 0.001953
1 0.883789 0.944336 0.001953 0.001953
0 0.657227 0.943359 0.001953 0.003906
1 0.977539 0.941406 0.005859 0.007812
1 0.772461 0.938477 0.001953 0.001953
1 0.776367 0.937500 0.001953 0.003906
0 0.646484 0.939453 0.003906 0.007812
1 0.565430 0.932617 0.001953 0.001953
0 0.705078 0.936523 0.007812 0.013672
1 0.954102 0.926758 0.001953 0.001953
1 0.822266 0.926758 0.007812 0.005859
1 0.875977 0.961914 0.248047 0.076172
1 0.442383 0.924805 0.001953 0.001953
0 0.237305 0.927734 0.013672 0.011719
1 0.829102 0.918945 0.001953 0.001953
1 0.603516 0.919922 0.003906 0.003906
0 0.201172 0.931641 0.027344 0.031250
1 0.829102 0.915039 0.001953 0.001953
1 0.567383 0.915039 0.001953 0.001953
1 0.445312 0.917969 0.011719 0.007812
1 0.827148 0.909180 0.001953 0.001953
1 0.566406 0.909180 0.003906 0.005859
1 0.607422 0.909180 0.011719 0.009766
1 0.574219 0.907227 0.007812 0.009766
1 0.297852 0.903320 0.001953 0.001953
1 0.293945 0.898438 0.001953 0.003906
1 0.452148 0.901367 0.037109 0.017578
1 0.992188 0.908203 0.015625 0.039062
1 0.912109 0.894531 0.007812 0.019531
0 0.158203 0.885742 0.003906 0.001953
0 0.031250 0.884766 0.003906 0.003906
1 0.603516 0.884766 0.007812 0.007812
0 0.155273 0.881836 0.001953 0.001953
1 0.723633 0.905273 0.068359 0.052734
1 0.549805 0.883789 0.005859 0.009766
1 0.416992 0.879883 0.001953 0.001953
0 0.065430 0.874023 0.001953 0.001953
1 0.252930 0.870117 0.001953 0.005859
1 0.134766 0.933594 0.187500 0.132812
0 0.072266 0.870117 0.007812 0.005859
1 0.230469 0.867188 0.003906 0.003906
1 0.131836 0.866211 0.001953 0.001953
0 0.758789 0.866211 0.009766 0.009766
0 0.038086 0.865234 0.009766 0.007812
1 0.121094 0.861328 0.003906 0.003906
1 0.865234 0.875977 0.035156 0.037109
1 0.666016 0.923828 0.058594 0.132812
0 0.166016 0.859375 0.003906 0.003906
0 0.000977 0.858398 0.001953 0.005859
0 0.061523 0.854492 0.001953 0.001953
0 0.193359 0.852539 0.003906 0.005859
0 0.737305 0.848633 0.001953 0.001953
0 0.090820 0.853516 0.009766 0.011719
1 0.059570 0.849609 0.009766 0.007812
0 0.024414 0.847656 0.005859 0.007812
1 0.958008 0.843750 0.001953 0.003906
1 0.817383 0.854492 0.021484 0.025391
1 0.713867 0.848633 0.021484 0.013672
1 0.547852 0.845703 0.017578 0.015625
0 0.206055 0.838867 0.001953 0.001953
1 0.636719 0.838867 0.003906 0.005859
0 0.080078 0.839844 0.015625 0.007812
1 0.034180 0.834961 0.001953 0.001953
1 0.047852 0.833008 0.001953 0.005859
1 0.269531 0.831055 0.003906 0.005859
1 0.629883 0.823242 0.001953 0.001953
1 0.290039 0.823242 0.001953 0.001953
1 0.807617 0.820312 0.005859 0.003906
1 0.783203 0.872070 0.046875 0.107422
1 0.774414 0.817383 0.001953 0.001953
0 0.770508 0.818359 0.001953 0.003906
1 0.991211 0.827148 0.017578 0.025391
1 0.793945 0.815430 0.001953 0.001953
1 0.563477 0.826172 0.017578 0.023438
1 0.277344 0.816406 0.003906 0.003906
1 0.038086 0.815430 0.001953 0.001953
1 0.955078 0.822266 0.015625 0.019531
0 0.772461 0.813477 0.001953 0.001953
1 0.156250 0.814453 0.007812 0.003906
1 0.535156 0.811523 0.003906 0.001953
1 0.958008 0.809570 0.001953 0.001953
1 0.713867 0.810547 0.001953 0.003906
1 0.324219 0.811523 0.003906 0.005859
1 0.185547 0.829102 0.078125 0.041016
1 0.457031 0.808594 0.003906 0.003906
1 0.792969 0.806641 0.003906 0.003906
1 0.471680 0.805664 0.001953 0.001953
1 0.608398 0.803711 0.001953 0.001953
0 0.766602 0.802734 0.005859 0.003906
1 0.591797 0.802734 0.003906 0.003906
0 0.059570 0.820312 0.017578 0.039062
1 0.528320 0.799805 0.001953 0.001953
1 0.462891 0.802734 0.011719 0.007812
1 0.201172 0.800781 0.003906 0.003906
0 0.764648 0.797852 0.001953 0.001953
1 0.299805 0.797852 0.001953 0.001953
1 0.011719 0.808594 0.023438 0.027344
1 0.792969 0.793945 0.003906 0.001953
0 0.100586 0.793945 0.001953 0.001953
1 0.929688 0.790039 0.003906 0.001953
1 0.795898 0.790039 0.001953 0.001953
1 0.939453 0.791016 0.011719 0.007812
1 0.582031 0.798828 0.027344 0.023438
1 0.521484 0.792969 0.011719 0.011719
0 0.100586 0.789062 0.001953 0.003906
1 0.438477 0.788086 0.005859 0.005859
0 0.131836 0.782227 0.001953 0.001953
0 0.127930 0.780273 0.001953 0.001953
0 0.540039 0.784180 0.017578 0.013672
1 0.510742 0.779297 0.005859 0.003906
1 0.136719 0.779297 0.003906 0.003906
1 0.497070 0.776367 0.001953 0.001953
0 0.536133 0.774414 0.001953 0.001953
1 0.144531 0.780273 0.011719 0.013672
1 0.980469 0.774414 0.003906 0.005859
0 0.747070 0.775391 0.005859 0.007812
0 0.726562 0.776367 0.015625 0.013672
0 0.218750 0.782227 0.019531 0.025391
0 0.135742 0.770508 0.001953 0.001953
1 0.161133 0.767578 0.009766 0.003906
1 0.801758 0.773438 0.009766 0.019531
0 0.715820 0.762695 0.001953 0.001953
0 0.584961 0.763672 0.005859 0.003906
0 0.240234 0.763672 0.003906 0.003906
0 0.546875 0.763672 0.015625 0.015625
0 0.232422 0.756836 0.011719 0.009766
1 0.802734 0.753906 0.003906 0.007812
1 0.791992 0.750977 0.001953 0.001953
1 0.160156 0.750977 0.003906 0.001953
1 0.780273 0.750000 0.005859 0.003906
0 0.553711 0.749023 0.001953 0.001953
1 0.155273 0.749023 0.001953 0.001953
0 0.663086 0.749023 0.005859 0.005859
0 0.539062 0.750000 0.007812 0.007812
0 0.227539 0.748047 0.001953 0.003906
0 0.135742 0.747070 0.001953 0.001953
0 0.151367 0.745117 0.001953 0.001953
0 0.145508 0.745117 0.005859 0.001953
1 0.780273 0.739258 0.001953 0.001953
0 0.531250 0.742188 0.007812 0.007812
1 0.795898 0.737305 0.001953 0.001953
1 0.041016 0.768555 0.082031 0.064453
0 0.028320 0.733398 0.001953 0.001953
0 0.553711 0.731445 0.001953 0.001953
1 0.669922 0.744141 0.015625 0.031250
0 0.573242 0.742188 0.033203 0.027344
0 0.543945 0.729492 0.001953 0.001953
1 0.502930 0.723633 0.001953 0.001953
0 0.125000 0.724609 0.007812 0.003906
1 0.693359 0.723633 0.007812 0.005859
0 0.535156 0.726562 0.007812 0.011719
1 0.166992 0.721680 0.001953 0.001953
0 0.738281 0.729492 0.023438 0.021484
1 0.605469 0.720703 0.003906 0.003906
1 0.158203 0.732422 0.023438 0.027344
1 0.142578 0.724609 0.007812 0.011719
0 0.411133 0.722656 0.013672 0.011719
0 0.400391 0.718750 0.003906 0.003906
1 0.012695 0.717773 0.005859 0.001953
0 0.394531 0.717773 0.003906 0.005859
1 0.173828 0.720703 0.003906 0.015625
1 0.621094 0.720703 0.015625 0.019531
0 0.763672 0.710938 0.003906 0.003906
0 0.029297 0.716797 0.015625 0.019531
1 0.336914 0.702148 0.001953 0.001953
0 0.489258 0.700195 0.001953 0.001953
1 0.346680 0.698242 0.001953 0.001953
1 0.342773 0.698242 0.001953 0.001953
1 0.853516 0.754883 0.085938 0.119141
0 0.654297 0.696289 0.003906 0.001953
0 0.636719 0.702148 0.007812 0.013672
1 0.975586 0.694336 0.001953 0.001953
1 0.960938 0.699219 0.015625 0.015625
0 0.666992 0.691406 0.009766 0.003906
0 0.760742 0.691406 0.005859 0.007812
0 0.488281 0.687500 0.003906 0.003906
1 0.774414 0.682617 0.001953 0.001953
0 0.495117 0.682617 0.001953 0.001953
1 0.477539 0.692383 0.017578 0.021484
1 0.921875 0.680664 0.003906 0.001953
0 0.541992 0.680664 0.001953 0.001953
0 0.067383 0.714844 0.134766 0.070312
1 0.918945 0.676758 0.001953 0.001953
1 0.848633 0.678711 0.001953 0.005859
0 0.498047 0.672852 0.007812 0.013672
0 0.720703 0.687500 0.089844 0.058594
1 0.846680 0.653320 0.001953 0.001953
0 0.056641 0.654297 0.007812 0.003906
0 0.075195 0.652344 0.001953 0.003906
0 0.065430 0.652344 0.005859 0.003906
1 0.806641 0.654297 0.003906 0.011719
0 0.738281 0.654297 0.011719 0.015625
0 0.071289 0.647461 0.001953 0.001953
1 0.043945 0.648438 0.001953 0.003906
1 0.822266 0.648438 0.011719 0.007812
1 0.159180 0.647461 0.005859 0.005859
0 0.000977 0.645508 0.001953 0.001953
0 0.484375 0.644531 0.003906 0.003906
0 0.090820 0.645508 0.005859 0.005859
0 0.071289 0.643555 0.001953 0.001953
1 0.540039 0.641602 0.001953 0.001953
0 0.462891 0.644531 0.007812 0.007812
0 0.548828 0.644531 0.011719 0.011719
0 0.478516 0.638672 0.007812 0.003906
1 0.759766 0.642578 0.011719 0.019531
0 0.095703 0.637695 0.007812 0.009766
1 0.056641 0.640625 0.023438 0.019531
0 0.032227 0.644531 0.021484 0.031250
0 0.004883 0.636719 0.009766 0.015625
0 0.137695 0.627930 0.001953 0.001953
1 0.946289 0.625977 0.001953 0.001953
1 0.776367 0.625000 0.001953 0.003906
1 0.836914 0.626953 0.005859 0.011719
0 0.053711 0.622070 0.001953 0.001953
1 0.995117 0.619141 0.001953 0.003906
1 0.776367 0.618164 0.001953 0.001953
1 0.511719 0.618164 0.003906 0.001953
1 0.475586 0.623047 0.021484 0.011719
1 0.227539 0.618164 0.001953 0.001953
1 0.059570 0.618164 0.001953 0.001953
0 0.054688 0.618164 0.003906 0.001953
1 0.222656 0.618164 0.003906 0.005859
1 0.512695 0.612305 0.001953 0.001953
1 0.504883 0.611328 0.001953 0.003906
1 0.767578 0.613281 0.007812 0.011719
0 0.680664 0.610352 0.001953 0.005859
1 0.746094 0.605469 0.003906 0.003906
1 0.198242 0.606445 0.005859 0.005859
1 0.504883 0.604492 0.005859 0.005859
0 0.687500 0.601562 0.003906 0.003906
1 0.198242 0.600586 0.001953 0.001953
1 0.903320 0.641602 0.115234 0.087891
1 0.194336 0.598633 0.001953 0.001953
1 0.323242 0.596680 0.001953 0.001953
1 0.252930 0.596680 0.001953 0.001953
1 0.230469 0.608398 0.031250 0.025391
1 0.971680 0.643555 0.056641 0.099609
1 0.313477 0.594727 0.001953 0.001953
1 0.308594 0.595703 0.003906 0.003906
1 0.129883 0.594727 0.001953 0.001953
1 0.475586 0.596680 0.005859 0.013672
1 0.257812 0.591797 0.003906 0.003906
1 0.252930 0.591797 0.001953 0.003906
1 0.175781 0.593750 0.003906 0.007812
1 0.072266 0.591797 0.003906 0.003906
1 0.240234 0.591797 0.007812 0.007812
1 0.618164 0.584961 0.001953 0.001953
1 0.579102 0.598633 0.052734 0.029297
1 0.323242 0.584961 0.001953 0.001953
1 0.247070 0.585938 0.005859 0.003906
1 0.455078 0.591797 0.015625 0.023438
0 0.252930 0.579102 0.001953 0.001953
0 0.249023 0.579102 0.001953 0.001953
0 0.192383 0.580078 0.005859 0.003906
1 0.119141 0.579102 0.003906 0.001953
1 0.004883 0.577148 0.001953 0.001953
0 0.250977 0.575195 0.001953 0.001953
0 0.246094 0.575195 0.003906 0.001953
1 0.485352 0.573242 0.001953 0.001953
0 0.241211 0.571289 0.001953 0.001953
1 0.450195 0.571289 0.005859 0.005859
1 0.511719 0.579102 0.031250 0.025391
1 0.075195 0.568359 0.001953 0.003906
1 0.960938 0.573242 0.007812 0.017578
1 0.303711 0.577148 0.025391 0.025391
0 0.471680 0.566406 0.017578 0.007812
1 0.566406 0.561523 0.003906 0.001953
1 0.265625 0.568359 0.011719 0.019531
0 0.213867 0.559570 0.001953 0.001953
1 0.057617 0.570312 0.029297 0.023438
1 0.379883 0.555664 0.001953 0.001953
1 0.274414 0.554688 0.005859 0.007812
1 0.137695 0.551758 0.001953 0.001953
1 0.128906 0.575195 0.050781 0.048828
1 0.995117 0.553711 0.009766 0.009766
0 0.251953 0.542969 0.007812 0.003906
1 0.500977 0.541016 0.001953 0.003906
1 0.500977 0.534180 0.001953 0.001953
1 0.524414 0.533203 0.009766 0.011719
0 0.190430 0.530273 0.001953 0.005859
0 0.138672 0.539062 0.031250 0.023438
0 0.428711 0.524414 0.001953 0.001953
1 0.297852 0.524414 0.001953 0.001953
0 0.198242 0.520508 0.001953 0.001953
1 0.133789 0.520508 0.001953 0.001953
1 0.895508 0.518555 0.001953 0.001953
1 0.335938 0.518555 0.003906 0.001953
1 0.329102 0.518555 0.001953 0.001953
1 0.332031 0.758789 0.218750 0.482422
0 0.278320 0.519531 0.001953 0.003906
0 0.115234 0.518555 0.003906 0.001953
1 0.200195 0.515625 0.001953 0.003906
1 0.491211 0.542969 0.099609 0.066406
1 0.139648 0.510742 0.001953 0.001953
1 0.543945 0.509766 0.001953 0.003906
1 0.121094 0.509766 0.003906 0.003906
0 0.275391 0.522461 0.027344 0.041016
1 0.144531 0.505859 0.007812 0.011719
0 0.410156 0.506836 0.046875 0.021484
1 0.180664 0.504883 0.009766 0.017578
1 0.311523 0.495117 0.001953 0.001953
1 0.145508 0.495117 0.001953 0.001953
1 0.309570 0.507812 0.025391 0.031250
1 0.504883 0.488281 0.001953 0.003906
0 0.421875 0.488281 0.003906 0.003906
1 0.885742 0.486328 0.001953 0.003906
1 0.361328 0.486328 0.003906 0.003906
1 0.355469 0.486328 0.003906 0.003906
1 0.309570 0.485352 0.001953 0.001953
1 0.214844 0.486328 0.003906 0.003906
0 0.209961 0.481445 0.001953 0.001953
1 0.354492 0.479492 0.001953 0.001953
0 0.297852 0.479492 0.001953 0.001953
1 0.195312 0.481445 0.003906 0.005859
1 0.608398 0.477539 0.001953 0.001953
1 0.582031 0.478516 0.003906 0.003906
1 0.523438 0.478516 0.003906 0.003906
1 0.359375 0.476562 0.003906 0.003906
1 0.597656 0.474609 0.003906 0.003906
0 0.385742 0.473633 0.001953 0.001953
1 0.317383 0.473633 0.001953 0.001953
1 0.867188 0.472656 0.003906 0.003906
1 0.343750 0.471680 0.003906 0.001953
1 0.330078 0.471680 0.003906 0.001953
0 0.282227 0.481445 0.017578 0.021484
0 0.948242 0.469727 0.001953 0.001953
1 0.543945 0.469727 0.001953 0.001953
1 0.321289 0.476562 0.017578 0.015625
1 0.007812 0.461914 0.003906 0.001953
1 0.002930 0.467773 0.005859 0.013672
0 0.944336 0.462891 0.009766 0.007812
1 0.608398 0.459961 0.001953 0.001953
1 0.582031 0.461914 0.003906 0.005859
0 0.394531 0.460938 0.003906 0.003906
0 0.715820 0.458008 0.001953 0.001953
0 0.219727 0.458008 0.001953 0.001953
0 0.872070 0.452148 0.001953 0.001953
1 0.733398 0.452148 0.001953 0.001953
1 0.698242 0.452148 0.001953 0.001953
1 0.150391 0.455078 0.011719 0.007812
0 0.901367 0.468750 0.025391 0.039062
0 0.243164 0.450195 0.001953 0.001953
0 0.166992 0.455078 0.013672 0.011719
0 0.391602 0.451172 0.005859 0.007812
0 0.217773 0.448242 0.001953 0.005859
1 0.585938 0.449219 0.019531 0.011719
0 0.971680 0.444336 0.017578 0.009766
0 0.948242 0.440430 0.001953 0.001953
1 0.637695 0.445312 0.017578 0.011719
0 0.250977 0.440430 0.001953 0.001953
0 0.627930 0.438477 0.001953 0.001953
0 0.358398 0.438477 0.005859 0.005859
0 0.247070 0.438477 0.005859 0.005859
0 0.629883 0.432617 0.001953 0.001953
1 0.176758 0.430664 0.001953 0.005859
0 0.167969 0.429688 0.003906 0.003906
0 0.626953 0.428711 0.003906 0.005859
1 0.590820 0.426758 0.001953 0.001953
1 0.251953 0.429688 0.003906 0.007812
0 0.634766 0.426758 0.007812 0.005859
1 0.208008 0.422852 0.001953 0.001953
1 0.731445 0.416016 0.001953 0.003906
0 0.340820 0.442383 0.052734 0.060547
1 0.088867 0.413086 0.001953 0.001953
1 0.716797 0.412109 0.003906 0.003906
1 0.616211 0.411133 0.001953 0.001953
1 0.670898 0.409180 0.001953 0.001953
0 0.610352 0.409180 0.001953 0.001953
0 0.225586 0.429688 0.021484 0.042969
0 0.329102 0.414062 0.013672 0.015625
0 0.312500 0.407227 0.003906 0.001953
1 0.716797 0.426758 0.089844 0.044922
1 0.258789 0.405273 0.001953 0.001953
1 0.703125 0.397461 0.003906 0.005859
1 0.690430 0.396484 0.009766 0.003906
0 0.289062 0.426758 0.070312 0.064453
1 0.241211 0.395508 0.001953 0.001953
1 0.234375 0.396484 0.007812 0.007812
0 0.368164 0.387695 0.001953 0.001953
0 0.121094 0.387695 0.003906 0.001953
1 0.040039 0.407227 0.064453 0.041016
0 0.432617 0.385742 0.001953 0.001953
0 0.301758 0.389648 0.005859 0.009766
1 0.083984 0.476562 0.167969 0.187500
1 0.281250 0.382812 0.015625 0.007812
1 0.189453 0.423828 0.039062 0.097656
0 0.135742 0.375977 0.001953 0.001953
1 0.392578 0.374023 0.003906 0.001953
1 0.045898 0.374023 0.001953 0.001953
1 0.239258 0.372070 0.001953 0.001953
0 0.131836 0.372070 0.001953 0.001953
1 0.936523 0.366211 0.001953 0.001953
1 0.372070 0.369141 0.009766 0.011719
1 0.260742 0.364258 0.001953 0.001953
1 0.057617 0.364258 0.001953 0.001953
1 0.105469 0.365234 0.007812 0.007812
1 0.314453 0.362305 0.003906 0.005859
0 0.082031 0.376953 0.035156 0.039062
1 0.928711 0.352539 0.001953 0.001953
0 0.353516 0.375977 0.023438 0.048828
1 0.274414 0.352539 0.001953 0.001953
1 0.124023 0.352539 0.001953 0.001953
1 0.932617 0.344727 0.001953 0.001953
1 0.265625 0.353516 0.019531 0.019531
0 0.976562 0.344727 0.003906 0.009766
0 0.971680 0.340820 0.001953 0.001953
1 0.137695 0.340820 0.001953 0.001953
1 0.940430 0.340820 0.005859 0.005859
0 0.974609 0.334961 0.003906 0.005859
0 0.973633 0.326172 0.005859 0.003906
1 0.946289 0.324219 0.001953 0.003906
1 0.436523 0.323242 0.001953 0.001953
1 0.211914 0.354492 0.064453 0.072266
1 0.265625 0.317383 0.003906 0.001953
1 0.218750 0.318359 0.003906 0.003906
1 0.352539 0.311523 0.001953 0.001953
1 0.346680 0.303711 0.001953 0.001953
1 0.241211 0.308594 0.017578 0.011719
1 0.005859 0.306641 0.011719 0.011719
1 0.291016 0.299805 0.003906 0.001953
0 0.295898 0.295898 0.001953 0.001953
1 0.070312 0.296875 0.003906 0.003906
1 0.013672 0.295898 0.003906 0.001953
1 0.235352 0.293945 0.001953 0.001953
0 0.400391 0.292969 0.003906 0.003906
0 0.287109 0.288086 0.015625 0.009766
1 0.305664 0.279297 0.005859 0.003906
0 0.279297 0.277344 0.003906 0.003906
1 0.232422 0.287109 0.027344 0.031250
1 0.090820 0.270508 0.001953 0.001953
0 0.309570 0.266602 0.001953 0.001953
0 0.174805 0.266602 0.001953 0.001953
0 0.252930 0.264648 0.001953 0.001953
1 0.389648 0.260742 0.001953 0.001953
1 0.228516 0.263672 0.007812 0.007812
0 0.252930 0.258789 0.001953 0.001953
0 0.238281 0.259766 0.003906 0.003906
0 0.309570 0.250977 0.001953 0.001953
1 0.065430 0.245117 0.001953 0.001953
1 0.028320 0.246094 0.005859 0.003906
0 0.238281 0.249023 0.023438 0.013672
1 0.036133 0.243164 0.001953 0.001953
1 0.872070 0.241211 0.001953 0.001953
1 0.062500 0.237305 0.003906 0.001953
1 0.002930 0.245117 0.005859 0.017578
1 0.874023 0.233398 0.001953 0.001953
1 0.108398 0.319336 0.216797 0.173828
0 0.114258 0.237305 0.005859 0.013672
0 0.255859 0.234375 0.015625 0.011719
1 0.960938 0.222656 0.003906 0.003906
1 0.958008 0.219727 0.001953 0.001953
1 0.957031 0.214844 0.003906 0.003906
0 0.731445 0.211914 0.001953 0.001953
1 0.097656 0.220703 0.023438 0.019531
1 0.100586 0.208008 0.001953 0.001953
0 0.750000 0.204102 0.007812 0.005859
1 0.944336 0.200195 0.001953 0.001953
1 0.032227 0.194336 0.001953 0.001953
1 0.007812 0.210938 0.015625 0.035156
0 0.904297 0.207031 0.015625 0.031250
0 0.909180 0.174805 0.001953 0.001953
0 0.786133 0.175781 0.001953 0.003906
0 0.757812 0.179688 0.015625 0.015625
1 0.415039 0.170898 0.001953 0.001953
0 0.881836 0.166992 0.001953 0.001953
0 0.205078 0.175781 0.015625 0.023438
0 0.902344 0.175781 0.011719 0.027344
1 0.504883 0.163086 0.001953 0.001953
0 0.891602 0.161133 0.001953 0.001953
1 0.926758 0.157227 0.001953 0.001953
1 0.387695 0.153320 0.001953 0.001953
1 0.977539 0.156250 0.009766 0.011719
0 0.885742 0.151367 0.001953 0.001953
1 0.445312 0.156250 0.007812 0.011719
0 0.780273 0.158203 0.009766 0.019531
1 0.401367 0.160156 0.021484 0.023438
0 0.777344 0.142578 0.003906 0.007812
1 0.500000 0.146484 0.015625 0.015625
1 0.374023 0.150391 0.021484 0.023438
1 0.776367 0.133789 0.001953 0.001953
1 0.570312 0.133789 0.003906 0.001953
0 0.514648 0.137695 0.009766 0.013672
0 0.799805 0.127930 0.001953 0.001953
1 0.453125 0.128906 0.003906 0.003906
1 0.050781 0.127930 0.003906 0.005859
0 0.799805 0.122070 0.001953 0.001953
0 0.530273 0.127930 0.017578 0.013672
1 0.488281 0.131836 0.015625 0.021484
0 0.926758 0.118164 0.009766 0.005859
1 0.614258 0.117188 0.005859 0.003906
0 0.825195 0.119141 0.025391 0.011719
0 0.806641 0.115234 0.003906 0.003906
0 0.511719 0.115234 0.003906 0.003906
0 0.464844 0.117188 0.003906 0.007812
1 0.934570 0.112305 0.001953 0.001953
0 0.930664 0.112305 0.001953 0.001953
1 0.801758 0.112305 0.001953 0.001953
0 0.467773 0.112305 0.001953 0.001953
1 0.175781 0.115234 0.007812 0.007812
1 0.612305 0.110352 0.001953 0.001953
0 0.546875 0.117188 0.031250 0.019531
1 0.140625 0.115234 0.015625 0.015625
1 0.454102 0.113281 0.013672 0.015625
1 0.410156 0.125977 0.054688 0.041016
1 0.403320 0.106445 0.001953 0.001953
0 0.891602 0.102539 0.001953 0.001953
1 0.064453 0.114258 0.027344 0.025391
1 0.078125 0.102539 0.011719 0.005859
1 0.558594 0.100586 0.003906 0.005859
1 0.996094 0.125000 0.007812 0.058594
1 0.933594 0.096680 0.003906 0.001953
1 0.661133 0.096680 0.001953 0.001953
1 0.655273 0.096680 0.001953 0.001953
1 0.606445 0.098633 0.009766 0.005859
1 0.545898 0.097656 0.001953 0.003906
0 0.862305 0.086914 0.001953 0.001953
0 0.503906 0.084961 0.003906 0.005859
1 0.415039 0.077148 0.001953 0.001953
0 0.855469 0.082031 0.011719 0.015625
1 0.998047 0.073242 0.003906 0.001953
0 0.867188 0.074219 0.003906 0.003906
0 0.467773 0.081055 0.029297 0.021484
1 0.137695 0.071289 0.001953 0.001953
1 0.773438 0.069336 0.003906 0.001953
0 0.892578 0.067383 0.003906 0.001953
1 0.120117 0.070312 0.009766 0.011719
0 0.891602 0.061523 0.001953 0.001953
0 0.885742 0.064453 0.005859 0.007812
1 0.051758 0.059570 0.001953 0.001953
1 0.398438 0.070312 0.023438 0.031250
1 0.498047 0.054688 0.003906 0.003906
0 0.922852 0.049805 0.001953 0.001953
0 0.490234 0.050781 0.003906 0.003906
1 0.135742 0.057617 0.021484 0.021484
1 0.338867 0.046875 0.001953 0.003906
0 0.885742 0.049805 0.021484 0.017578
0 0.915039 0.043945 0.005859 0.009766
1 0.789062 0.041016 0.003906 0.003906
1 0.691406 0.040039 0.003906 0.009766
1 0.739258 0.032227 0.001953 0.001953
1 0.502930 0.033203 0.001953 0.003906
0 0.450195 0.032227 0.001953 0.001953
1 0.971680 0.030273 0.001953 0.001953
1 0.850586 0.028320 0.001953 0.001953
1 0.584961 0.028320 0.001953 0.001953
1 0.516602 0.044922 0.021484 0.039062
1 0.493164 0.034180 0.013672 0.017578
1 0.961914 0.021484 0.005859 0.003906
1 0.493164 0.020508 0.001953 0.001953
1 0.539062 0.019531 0.003906 0.003906
0 0.458008 0.016602 0.001953 0.001953
0 0.459961 0.024414 0.017578 0.017578
1 0.496094 0.013672 0.003906 0.003906
1 0.605469 0.011719 0.011719 0.007812
0 0.958984 0.007812 0.007812 0.007812
1 0.756836 0.004883 0.001953 0.001953
1 0.989258 0.011719 0.021484 0.023438
0 0.961914 0.000977 0.001953 0.001953
1 0.956055 0.000977 0.001953 0.001953
1 0.655273 0.397461 0.689453 0.794922
1 0.896484 0.011719 0.031250 0.023438
1 0.768555 0.002930 0.001953 0.005859
1 0.726562 0.051758 0.300781 0.103516
1 0.704102 0.017578 0.044922 0.035156
1 0.565430 0.014648 0.033203 0.029297
1 0.534180 0.001953 0.013672 0.003906
1 0.500977 0.006836 0.025391 0.013672
1 0.479492 0.000977 0.001953 0.001953
1 0.133789 0.000977 0.001953 0.001953
1 0.081055 0.022461 0.068359 0.044922
1 0.009766 0.007812 0.007812 0.015625
1 0.000977 0.001953 0.001953 0.003906
3 0.963867 0.999023 0.013672 0.001953
3 0.217773 0.999023 0.001953 0.001953
3 0.656250 0.993164 0.003906 0.001953
3 0.660156 0.994141 0.011719 0.007812
3 0.998047 0.990234 0.003906 0.011719
3 0.986328 0.985352 0.011719 0.005859
3 0.920898 0.971680 0.001953 0.001953
3 0.996094 0.974609 0.007812 0.015625
3 0.129883 0.967773 0.001953 0.001953
3 0.131836 0.962891 0.001953 0.003906
3 0.875000 0.967773 0.015625 0.017578
3 0.127930 0.959961 0.001953 0.001953
3 0.920898 0.958984 0.001953 0.003906
3 0.893555 0.956055 0.001953 0.001953
3 0.905273 0.954102 0.001953 0.005859
3 0.127930 0.948242 0.001953 0.001953
3 0.997070 0.904297 0.005859 0.007812
2 0.198242 0.897461 0.001953 0.001953
3 0.237305 0.855469 0.001953 0.003906
3 0.256836 0.829102 0.001953 0.001953
3 0.327148 0.715820 0.001953 0.001953
2 0.002930 0.702148 0.001953 0.001953
3 0.782227 0.682617 0.001953 0.001953
3 0.998047 0.628906 0.003906 0.003906
3 0.627930 0.624023 0.001953 0.001953
3 0.950195 0.612305 0.001953 0.001953
3 0.396484 0.616211 0.003906 0.009766
3 0.952148 0.608398 0.001953 0.001953
3 0.657227 0.592773 0.001953 0.001953
3 0.413086 0.592773 0.001953 0.001953
3 0.844727 0.590820 0.001953 0.001953
3 0.918945 0.588867 0.001953 0.001953
3 0.413086 0.588867 0.001953 0.001953
3 0.422852 0.583008 0.009766 0.001953
3 0.918945 0.581055 0.001953 0.001953
3 0.611328 0.573242 0.003906 0.005859
3 0.691406 0.567383 0.015625 0.013672
3 0.718750 0.562500 0.023438 0.015625
3 0.612305 0.555664 0.001953 0.001953
3 0.337891 0.548828 0.007812 0.007812
3 0.928711 0.552734 0.037109 0.027344
3 0.882812 0.552734 0.050781 0.027344
3 0.971680 0.536133 0.001953 0.001953
3 0.699219 0.537109 0.007812 0.003906
3 0.866211 0.534180 0.001953 0.001953
3 0.352539 0.534180 0.001953 0.001953
3 0.045898 0.534180 0.001953 0.001953
3 0.750977 0.534180 0.029297 0.021484
3 0.345703 0.525391 0.003906 0.003906
3 0.684570 0.510742 0.001953 0.001953
2 0.001953 0.512695 0.003906 0.005859
2 0.001953 0.505859 0.003906 0.003906
3 0.720703 0.510742 0.031250 0.033203
3 0.030273 0.491211 0.009766 0.005859
3 0.852539 0.456055 0.001953 0.001953
3 0.999023 0.452148 0.001953 0.001953
3 0.547852 0.446289 0.001953 0.005859
2 0.516602 0.434570 0.009766 0.005859
3 0.798828 0.430664 0.003906 0.001953
2 0.428711 0.427734 0.025391 0.011719
3 0.579102 0.420898 0.001953 0.001953
3 0.814453 0.476562 0.035156 0.117188
2 0.479492 0.453125 0.087891 0.070312
3 0.805664 0.418945 0.013672 0.017578
2 0.534180 0.419922 0.037109 0.019531
3 0.815430 0.409180 0.001953 0.001953
3 0.982422 0.413086 0.035156 0.013672
2 0.567383 0.405273 0.001953 0.001953
2 0.523438 0.407227 0.007812 0.005859
3 0.593750 0.405273 0.007812 0.005859
2 0.380859 0.404297 0.003906 0.003906
3 0.816406 0.402344 0.003906 0.007812
3 0.597656 0.398438 0.003906 0.003906
3 0.970703 0.394531 0.007812 0.003906
3 0.961914 0.394531 0.005859 0.003906
3 0.006836 0.393555 0.001953 0.001953
3 0.995117 0.395508 0.009766 0.009766
3 0.954102 0.383789 0.001953 0.001953
2 0.441406 0.377930 0.003906 0.001953
3 0.999023 0.370117 0.001953 0.001953
3 0.413086 0.364258 0.001953 0.001953
2 0.450195 0.362305 0.001953 0.001953
3 0.998047 0.363281 0.003906 0.007812
3 0.001953 0.366211 0.003906 0.013672
3 0.417969 0.359375 0.007812 0.007812
3 0.334961 0.352539 0.001953 0.001953
3 0.993164 0.352539 0.005859 0.005859
3 0.692383 0.351562 0.001953 0.003906
3 0.344727 0.342773 0.001953 0.001953
3 0.342773 0.338867 0.001953 0.001953
3 0.350586 0.338867 0.009766 0.005859
3 0.747070 0.355469 0.103516 0.042969
3 0.149414 0.334961 0.001953 0.001953
3 0.448242 0.333008 0.005859 0.005859
3 0.446289 0.327148 0.001953 0.001953
3 0.870117 0.328125 0.013672 0.007812
3 0.924805 0.321289 0.001953 0.001953
3 0.713867 0.310547 0.005859 0.003906
3 0.426758 0.307617 0.001953 0.001953
3 0.421875 0.306641 0.003906 0.003906
3 0.674805 0.293945 0.001953 0.001953
3 0.623047 0.296875 0.007812 0.007812
3 0.570312 0.289062 0.031250 0.015625
3 0.542969 0.287109 0.019531 0.015625
3 0.750977 0.276367 0.001953 0.001953
3 0.476562 0.271484 0.003906 0.003906
3 0.749023 0.268555 0.001953 0.001953
3 0.875977 0.266602 0.001953 0.001953
3 0.753906 0.264648 0.003906 0.001953
3 0.715820 0.256836 0.001953 0.001953
3 0.857422 0.264648 0.015625 0.029297
3 0.474609 0.262695 0.097656 0.044922
3 0.713867 0.236328 0.013672 0.007812
3 0.650391 0.280273 0.109375 0.099609
3 0.420898 0.231445 0.001953 0.001953
3 0.319336 0.229492 0.001953 0.001953
3 0.783203 0.265625 0.058594 0.089844
3 0.000977 0.217773 0.001953 0.001953
3 0.842773 0.200195 0.001953 0.001953
3 0.625977 0.208008 0.052734 0.021484
3 0.574219 0.187500 0.003906 0.003906
3 0.571289 0.184570 0.001953 0.001953
3 0.577148 0.180664 0.001953 0.001953
3 0.691406 0.197266 0.039062 0.042969
3 0.600586 0.175781 0.041016 0.019531
3 0.623047 0.163086 0.003906 0.001953
3 0.666992 0.161133 0.052734 0.033203
3 0.700195 0.145508 0.001953 0.005859
3 0.696289 0.143555 0.001953 0.001953
3 0.747070 0.141602 0.005859 0.009766
3 0.752930 0.135742 0.001953 0.001953
3 0.754883 0.131836 0.001953 0.001953
2 0.877930 0.125977 0.001953 0.001953
2 0.852539 0.125977 0.001953 0.001953
2 0.885742 0.124023 0.009766 0.005859
2 0.857422 0.124023 0.003906 0.005859
3 0.780273 0.117188 0.001953 0.003906
3 0.944336 0.081055 0.001953 0.001953
3 0.944336 0.077148 0.001953 0.001953
3 0.620117 0.075195 0.001953 0.001953
3 0.940430 0.074219 0.001953 0.003906
3 0.639648 0.065430 0.001953 0.001953
3 0.775391 0.043945 0.003906 0.001953
3 0.769531 0.036133 0.003906 0.001953
3 0.772461 0.030273 0.001953 0.001953
3 0.758789 0.030273 0.001953 0.001953
3 0.993164 0.020508 0.001953 0.001953
3 0.981445 0.000977 0.001953 0.001953
3 0.972656 0.024414 0.054688 0.048828
3 0.907227 0.001953 0.001953 0.003906
3 0.776367 0.009766 0.052734 0.019531
3 0.553711 0.000977 0.001953 0.001953
3 0.500000 0.500000 1.000000 1.000000