1 0.702148 0.999023 0.001953 0.001953
1 0.031250 0.999023 0.007812 0.001953
0 0.024414 0.999023 0.001953 0.001953
1 0.658203 0.998047 0.003906 0.003906
1 0.426758 0.998047 0.001953 0.003906
1 0.322266 0.998047 0.011719 0.003906
1 0.863281 0.995117 0.011719 0.001953
1 0.448242 0.993164 0.001953 0.001953
1 0.442383 0.993164 0.001953 0.001953
1 0.426758 0.993164 0.001953 0.001953
1 0.421875 0.996094 0.003906 0.007812
1 0.259766 0.990234 0.003906 0.003906
1 0.268555 0.985352 0.001953 0.001953
0 0.670898 0.983398 0.001953 0.001953
1 0.338867 0.983398 0.001953 0.001953
1 0.952148 0.979492 0.001953 0.001953
1 0.294922 0.982422 0.015625 0.011719
0 0.690430 0.973633 0.001953 0.001953
1 0.983398 0.971680 0.001953 0.001953
1 0.897461 0.971680 0.001953 0.001953
1 0.456055 0.971680 0.001953 0.001953
0 0.221680 0.969727 0.001953 0.001953
1 0.170898 0.970703 0.001953 0.003906
1 0.887695 0.967773 0.001953 0.001953
0 0.684570 0.965820 0.001953 0.001953
0 0.662109 0.965820 0.003906 0.001953
1 0.262695 0.963867 0.001953 0.001953
0 0.683594 0.961914 0.003906 0.001953
0 0.202148 0.961914 0.005859 0.001953
0 0.196289 0.961914 0.001953 0.001953
1 0.952148 0.952148 0.001953 0.001953
1 0.948242 0.952148 0.001953 0.001953
1 0.165039 0.951172 0.001953 0.003906
0 0.979492 0.946289 0.001953 0.001953
0 0.975586 0.944336 0.001953 0.001953
1 0.567383 0.942383 0.001953 0.001953
1 0.323242 0.942383 0.001953 0.001953
1 0.457031 0.931641 0.007812 0.003906
1 0.171875 0.934570 0.011719 0.009766
0 0.720703 0.930664 0.007812 0.005859
1 0.946289 0.962891 0.107422 0.074219
0 0.942383 0.920898 0.001953 0.001953
0 0.583008 0.921875 0.009766 0.003906
1 0.736328 0.918945 0.003906 0.001953
1 0.321289 0.920898 0.005859 0.005859
1 0.270508 0.918945 0.001953 0.001953
0 0.997070 0.918945 0.005859 0.005859
1 0.477539 0.913086 0.001953 0.001953
1 0.305664 0.909180 0.001953 0.001953
1 0.559570 0.905273 0.001953 0.001953
1 0.491211 0.905273 0.001953 0.001953
1 0.510742 0.952148 0.130859 0.095703
0 0.911133 0.903320 0.001953 0.001953
1 0.305664 0.899414 0.001953 0.001953
1 0.143555 0.898438 0.005859 0.003906
1 0.139648 0.895508 0.001953 0.001953
1 0.356445 0.893555 0.001953 0.001953
1 0.262695 0.893555 0.001953 0.001953
0 0.153320 0.890625 0.005859 0.003906
1 0.317383 0.887695 0.001953 0.001953
0 0.599609 0.886719 0.003906 0.003906
1 0.292969 0.893555 0.011719 0.017578
0 0.204102 0.885742 0.001953 0.001953
1 0.741211 0.879883 0.001953 0.001953
1 0.551758 0.883789 0.005859 0.009766
1 0.994141 0.880859 0.011719 0.011719
1 0.969727 0.875977 0.001953 0.001953
1 0.323242 0.875977 0.001953 0.001953
1 0.637695 0.934570 0.146484 0.130859
0 0.149414 0.872070 0.009766 0.005859
1 0.733398 0.868164 0.001953 0.001953
1 0.456055 0.871094 0.005859 0.007812
1 0.436523 0.880859 0.029297 0.027344
1 0.432617 0.862305 0.001953 0.001953
1 0.424805 0.862305 0.001953 0.001953
1 0.442383 0.860352 0.001953 0.001953
1 0.378906 0.928711 0.132812 0.142578
1 0.194336 0.858398 0.001953 0.001953
1 0.477539 0.850586 0.001953 0.001953
1 0.489258 0.853516 0.013672 0.015625
1 0.424805 0.847656 0.005859 0.003906
1 0.431641 0.844727 0.003906 0.005859
1 0.456055 0.845703 0.017578 0.019531
0 0.102539 0.823242 0.001953 0.001953
0 0.423828 0.820312 0.007812 0.007812
0 0.125977 0.813477 0.001953 0.001953
0 0.455078 0.810547 0.003906 0.003906
0 0.448242 0.807617 0.001953 0.001953
0 0.458008 0.801758 0.001953 0.001953
0 0.130859 0.804688 0.015625 0.011719
0 0.125977 0.799805 0.001953 0.001953
0 0.100586 0.799805 0.001953 0.001953
1 0.339844 0.796875 0.019531 0.007812
1 0.996094 0.794922 0.007812 0.011719
1 0.337891 0.791016 0.007812 0.003906
1 0.316406 0.793945 0.011719 0.009766
1 0.985352 0.786133 0.001953 0.001953
1 0.324219 0.787109 0.003906 0.003906
1 0.319336 0.785156 0.001953 0.003906
1 0.173828 0.785156 0.003906 0.003906
1 0.168945 0.784180 0.001953 0.001953
0 0.381836 0.778320 0.001953 0.001953
0 0.352539 0.778320 0.001953 0.001953
0 0.383789 0.774414 0.009766 0.009766
1 0.312500 0.769531 0.003906 0.003906
0 0.372070 0.766602 0.001953 0.001953
0 0.116211 0.766602 0.001953 0.001953
0 0.363281 0.766602 0.007812 0.005859
1 0.313477 0.764648 0.001953 0.001953
0 0.118164 0.773438 0.013672 0.019531
0 0.981445 0.754883 0.001953 0.001953
0 0.114258 0.758789 0.005859 0.009766
0 0.999023 0.743164 0.001953 0.001953
0 0.985352 0.744141 0.005859 0.003906
1 0.862305 0.727539 0.001953 0.001953
0 0.141602 0.741211 0.021484 0.037109
0 0.767578 0.720703 0.007812 0.007812
0 0.759766 0.716797 0.003906 0.003906
0 0.860352 0.711914 0.001953 0.001953
0 0.866211 0.710938 0.005859 0.003906
0 0.854492 0.696289 0.009766 0.009766
0 0.869141 0.692383 0.003906 0.005859
1 0.780273 0.678711 0.001953 0.001953
0 0.830078 0.681641 0.031250 0.015625
1 0.151367 0.674805 0.001953 0.001953
0 0.200195 0.670898 0.001953 0.001953
0 0.207031 0.666992 0.003906 0.001953
1 0.956055 0.663086 0.001953 0.001953
1 0.982422 0.668945 0.035156 0.017578
1 0.977539 0.659180 0.001953 0.001953
0 0.203125 0.661133 0.007812 0.005859
1 0.961914 0.655273 0.005859 0.001953
0 0.202148 0.655273 0.001953 0.001953
1 0.187500 0.660156 0.011719 0.011719
1 0.005859 0.663086 0.003906 0.017578
1 0.956055 0.653320 0.001953 0.001953
1 0.159180 0.669922 0.021484 0.046875
1 0.945312 0.646484 0.003906 0.003906
1 0.838867 0.645508 0.001953 0.001953
1 0.168945 0.643555 0.001953 0.001953
1 0.944336 0.641602 0.001953 0.001953
1 0.215820 0.637695 0.001953 0.001953
1 0.218750 0.627930 0.011719 0.013672
1 0.811523 0.620117 0.005859 0.009766
0 0.019531 0.610352 0.003906 0.001953
0 0.021484 0.605469 0.003906 0.003906
0 0.077148 0.603516 0.005859 0.003906
1 0.000977 0.600586 0.001953 0.013672
1 0.268555 0.592773 0.001953 0.001953
1 0.834961 0.590820 0.001953 0.001953
1 0.293945 0.590820 0.001953 0.001953
1 0.204102 0.590820 0.001953 0.001953
0 0.036133 0.590820 0.001953 0.001953
0 0.023438 0.595703 0.015625 0.011719
0 0.797852 0.588867 0.001953 0.001953
0 0.934570 0.584961 0.001953 0.001953
0 0.949219 0.583008 0.007812 0.005859
0 0.942383 0.581055 0.001953 0.001953
0 0.051758 0.583984 0.009766 0.007812
0 0.944336 0.577148 0.001953 0.001953
1 0.813477 0.577148 0.001953 0.001953
0 0.940430 0.569336 0.001953 0.001953
0 0.795898 0.573242 0.025391 0.025391
0 0.065430 0.553711 0.001953 0.001953
1 0.458008 0.479492 0.001953 0.001953
1 0.063477 0.473633 0.001953 0.001953
1 0.458008 0.465820 0.001953 0.001953
1 0.203125 0.459961 0.003906 0.001953
1 0.100586 0.446289 0.001953 0.001953
0 0.928711 0.444336 0.001953 0.001953
1 0.124023 0.445312 0.005859 0.003906
1 0.866211 0.441406 0.009766 0.007812
1 0.517578 0.439453 0.003906 0.003906
1 0.002930 0.442383 0.005859 0.009766
0 0.916016 0.438477 0.011719 0.005859
1 0.878906 0.441406 0.007812 0.011719
1 0.520508 0.434570 0.001953 0.001953
1 0.125977 0.428711 0.001953 0.001953
0 0.936523 0.426758 0.001953 0.001953
1 0.899414 0.426758 0.005859 0.005859
0 0.125977 0.424805 0.001953 0.001953
1 0.122070 0.424805 0.001953 0.001953
0 0.908203 0.426758 0.011719 0.013672
1 0.872070 0.417969 0.001953 0.003906
0 0.888672 0.422852 0.027344 0.025391
0 0.895508 0.411133 0.005859 0.005859
0 0.246094 0.414062 0.007812 0.011719
0 0.950195 0.408203 0.001953 0.003906
1 0.855469 0.421875 0.035156 0.031250
1 0.866211 0.403320 0.001953 0.001953
0 0.618164 0.403320 0.001953 0.001953
0 0.243164 0.405273 0.009766 0.009766
0 0.606445 0.395508 0.001953 0.001953
1 0.124023 0.395508 0.001953 0.001953
1 0.854492 0.393555 0.001953 0.001953
1 0.348633 0.393555 0.001953 0.001953
0 0.600586 0.391602 0.001953 0.001953
0 0.590820 0.392578 0.001953 0.003906
0 0.586914 0.391602 0.001953 0.001953
0 0.610352 0.391602 0.005859 0.005859
0 0.936523 0.387695 0.001953 0.001953
0 0.922852 0.387695 0.001953 0.001953
1 0.855469 0.387695 0.003906 0.001953
1 0.496094 0.389648 0.003906 0.005859
1 0.399414 0.387695 0.001953 0.001953
1 0.494141 0.383789 0.003906 0.001953
1 0.032227 0.383789 0.001953 0.001953
0 0.580078 0.384766 0.007812 0.007812
1 0.700195 0.375977 0.001953 0.001953
0 0.612305 0.375000 0.001953 0.003906
0 0.596680 0.379883 0.021484 0.017578
0 0.608398 0.370117 0.001953 0.001953
1 0.598633 0.370117 0.001953 0.001953
1 0.754883 0.368164 0.001953 0.001953
0 0.866211 0.375977 0.017578 0.021484
0 0.618164 0.366211 0.001953 0.001953
1 0.309570 0.366211 0.001953 0.001953
1 0.821289 0.362305 0.001953 0.001953
0 0.615234 0.364258 0.007812 0.005859
1 0.607422 0.362305 0.003906 0.001953
1 0.514648 0.366211 0.005859 0.013672
1 0.489258 0.360352 0.001953 0.001953
0 0.733398 0.358398 0.001953 0.001953
0 0.227539 0.358398 0.001953 0.001953
0 0.069336 0.356445 0.001953 0.001953
0 0.059570 0.356445 0.001953 0.001953
1 0.526367 0.358398 0.017578 0.013672
0 0.891602 0.348633 0.001953 0.001953
0 0.208008 0.346680 0.001953 0.001953
1 0.296875 0.354492 0.023438 0.021484
1 0.237305 0.352539 0.017578 0.017578
0 0.886719 0.344727 0.003906 0.005859
0 0.534180 0.340820 0.001953 0.001953
0 0.516602 0.346680 0.009766 0.013672
1 0.502930 0.340820 0.001953 0.001953
0 0.206055 0.340820 0.001953 0.001953
0 0.885742 0.338867 0.001953 0.001953
0 0.212891 0.341797 0.007812 0.007812
0 0.881836 0.336914 0.001953 0.001953
0 0.216797 0.333984 0.003906 0.003906
1 0.069336 0.385742 0.115234 0.111328
0 0.024414 0.331055 0.001953 0.001953
0 0.815430 0.342773 0.033203 0.033203
1 0.523438 0.329102 0.003906 0.005859
0 0.973633 0.325195 0.001953 0.001953
1 0.714844 0.325195 0.003906 0.005859
0 0.436523 0.326172 0.005859 0.007812
1 0.013672 0.331055 0.023438 0.017578
1 0.006836 0.321289 0.001953 0.001953
0 0.831055 0.322266 0.005859 0.007812
1 0.181641 0.317383 0.007812 0.005859
1 0.594727 0.314453 0.001953 0.003906
0 0.844727 0.315430 0.017578 0.013672
0 0.430664 0.307617 0.001953 0.001953
0 0.857422 0.307617 0.003906 0.005859
1 0.291016 0.307617 0.007812 0.005859
1 0.637695 0.303711 0.001953 0.001953
1 0.284180 0.301758 0.001953 0.001953
0 0.850586 0.301758 0.005859 0.005859
0 0.801758 0.297852 0.001953 0.001953
0 0.852539 0.295898 0.001953 0.001953
1 0.437500 0.295898 0.003906 0.005859
1 0.437500 0.289062 0.003906 0.003906
0 0.483398 0.286133 0.005859 0.005859
1 0.200195 0.285156 0.005859 0.007812
0 0.022461 0.282227 0.005859 0.001953
1 0.499023 0.280273 0.001953 0.001953
1 0.485352 0.280273 0.001953 0.001953
1 0.308594 0.280273 0.007812 0.005859
1 0.598633 0.277344 0.001953 0.003906
1 0.301758 0.276367 0.001953 0.001953
1 0.434570 0.266602 0.001953 0.001953
1 0.019531 0.266602 0.003906 0.001953
0 0.471680 0.262695 0.001953 0.001953
0 0.476562 0.261719 0.003906 0.003906
1 0.024414 0.260742 0.001953 0.001953
1 0.008789 0.271484 0.017578 0.027344
0 0.469727 0.254883 0.001953 0.001953
1 0.035156 0.269531 0.015625 0.031250
0 0.014648 0.252930 0.001953 0.001953
1 0.029297 0.250977 0.003906 0.001953
1 0.021484 0.251953 0.003906 0.003906
0 0.462891 0.250000 0.003906 0.003906
0 0.014648 0.249023 0.001953 0.001953
0 0.469727 0.246094 0.001953 0.003906
0 0.456055 0.247070 0.005859 0.005859
1 0.620117 0.243164 0.001953 0.001953
1 0.428711 0.240234 0.033203 0.031250
0 0.436523 0.228516 0.013672 0.011719
1 0.622070 0.221680 0.001953 0.001953
1 0.634766 0.219727 0.003906 0.001953
0 0.446289 0.219727 0.001953 0.001953
0 0.467773 0.227539 0.013672 0.021484
1 0.582031 0.213867 0.003906 0.001953
1 0.442383 0.213867 0.001953 0.001953
0 0.437500 0.216797 0.007812 0.011719
1 0.581055 0.208008 0.001953 0.001953
1 0.572266 0.206055 0.007812 0.005859
0 0.415039 0.207031 0.005859 0.007812
1 0.631836 0.198242 0.001953 0.001953
0 0.416016 0.198242 0.003906 0.001953
1 0.208008 0.202148 0.009766 0.009766
1 0.630859 0.193359 0.003906 0.003906
1 0.625977 0.192383 0.001953 0.001953
1 0.625000 0.188477 0.007812 0.001953
1 0.570312 0.188477 0.003906 0.001953
0 0.401367 0.192383 0.005859 0.009766
1 0.573242 0.183594 0.025391 0.015625
1 0.528320 0.174805 0.001953 0.001953
0 0.562500 0.172852 0.003906 0.001953
1 0.899414 0.167969 0.001953 0.003906
1 0.690430 0.166992 0.001953 0.001953
0 0.709961 0.165039 0.001953 0.001953
1 0.684570 0.168945 0.005859 0.009766
0 0.706055 0.164062 0.001953 0.003906
0 0.557617 0.162109 0.001953 0.003906
0 0.706055 0.158203 0.005859 0.003906
0 0.698242 0.153320 0.001953 0.001953
1 0.908203 0.151367 0.003906 0.005859
1 0.639648 0.149414 0.009766 0.005859
0 0.714844 0.144531 0.011719 0.011719
0 0.797852 0.137695 0.001953 0.001953
1 0.627930 0.139648 0.001953 0.005859
0 0.708008 0.134766 0.001953 0.003906
1 0.865234 0.133789 0.003906 0.005859
1 0.631836 0.133789 0.009766 0.005859
1 0.620117 0.129883 0.001953 0.001953
0 0.712891 0.126953 0.007812 0.007812
1 0.608398 0.128906 0.013672 0.011719
1 0.698242 0.123047 0.013672 0.007812
1 0.149414 0.121094 0.005859 0.007812
1 0.810547 0.116211 0.007812 0.005859
0 0.703125 0.106445 0.003906 0.005859
0 0.696289 0.100586 0.001953 0.001953
1 0.817383 0.092773 0.005859 0.001953
1 0.493164 0.090820 0.001953 0.001953
0 0.497070 0.088867 0.001953 0.001953
1 0.875977 0.086914 0.001953 0.001953
0 0.493164 0.086914 0.001953 0.001953
1 0.002930 0.086914 0.001953 0.001953
1 0.813477 0.084961 0.001953 0.001953
0 0.506836 0.084961 0.001953 0.001953
0 0.500977 0.084961 0.001953 0.001953
1 0.493164 0.083008 0.001953 0.001953
1 0.881836 0.089844 0.005859 0.027344
1 0.738281 0.079102 0.003906 0.005859
1 0.114258 0.077148 0.001953 0.001953
1 0.813477 0.061523 0.001953 0.001953
0 0.888672 0.057617 0.011719 0.005859
1 0.651367 0.048828 0.017578 0.011719
1 0.174805 0.034180 0.001953 0.001953
1 0.185547 0.031250 0.003906 0.007812
1 0.457031 0.028320 0.007812 0.009766
1 0.186523 0.022461 0.001953 0.001953
1 0.663086 0.018555 0.001953 0.001953
1 0.666992 0.016602 0.001953 0.001953
1 0.131836 0.016602 0.001953 0.001953
1 0.127930 0.016602 0.001953 0.001953
1 0.890625 0.026367 0.046875 0.037109
1 0.476562 0.006836 0.003906 0.001953
1 0.588867 0.004883 0.001953 0.001953
1 0.922852 0.001953 0.005859 0.003906
1 0.911133 0.000977 0.001953 0.001953
1 0.900391 0.002930 0.015625 0.005859
1 0.879883 0.000977 0.001953 0.001953
1 0.500000 0.500000 1.000000 1.000000
1 0.479492 0.000977 0.001953 0.001953
1 0.415039 0.000977 0.001953 0.001953
3 0.670898 0.999023 0.001953 0.001953
3 0.536133 0.997070 0.013672 0.005859
3 0.127930 0.997070 0.013672 0.005859
3 0.656250 0.992188 0.023438 0.015625
3 0.571289 0.985352 0.001953 0.001953
3 0.711914 0.983398 0.005859 0.001953
3 0.598633 0.983398 0.001953 0.001953
2 0.702148 0.981445 0.001953 0.001953
3 0.590820 0.979492 0.001953 0.001953
3 0.097656 0.977539 0.003906 0.001953
3 0.237305 0.975586 0.001953 0.001953
3 0.499023 0.979492 0.037109 0.017578
3 0.161133 0.973633 0.005859 0.005859
3 0.996094 0.969727 0.003906 0.001953
3 0.367188 0.965820 0.003906 0.001953
3 0.135742 0.982422 0.021484 0.035156
3 0.993164 0.963867 0.001953 0.001953
3 0.883789 0.961914 0.001953 0.001953
3 0.180664 0.961914 0.001953 0.001953
3 0.415039 0.959961 0.001953 0.001953
3 0.399414 0.958008 0.001953 0.001953
3 0.389648 0.958008 0.001953 0.001953
3 0.021484 0.951172 0.003906 0.011719
2 0.720703 0.946289 0.003906 0.005859
3 0.389648 0.946289 0.009766 0.005859
2 0.000977 0.944336 0.001953 0.001953
3 0.106445 0.968750 0.029297 0.054688
3 0.027344 0.970703 0.023438 0.058594
3 0.759766 0.952148 0.031250 0.029297
3 0.459961 0.938477 0.001953 0.001953
3 0.113281 0.938477 0.003906 0.001953
3 0.329102 0.936523 0.001953 0.001953
3 0.614258 0.932617 0.001953 0.001953
3 0.375977 0.932617 0.001953 0.001953
3 0.370117 0.947266 0.033203 0.031250
3 0.329102 0.932617 0.001953 0.001953
3 0.409180 0.922852 0.001953 0.001953
3 0.686523 0.924805 0.005859 0.009766
3 0.809570 0.918945 0.001953 0.001953
3 0.395508 0.918945 0.001953 0.001953
2 0.638672 0.915039 0.003906 0.001953
3 0.501953 0.917969 0.011719 0.007812
3 0.490234 0.916016 0.007812 0.003906
2 0.643555 0.913086 0.001953 0.001953
3 0.688477 0.914062 0.005859 0.007812
3 0.760742 0.909180 0.001953 0.001953
3 0.755859 0.909180 0.003906 0.001953
2 0.899414 0.905273 0.001953 0.001953
3 0.816406 0.909180 0.023438 0.013672
3 0.825195 0.901367 0.001953 0.001953
3 0.644531 0.903320 0.007812 0.009766
3 0.497070 0.895508 0.001953 0.001953
3 0.403320 0.895508 0.001953 0.001953
3 0.786133 0.894531 0.005859 0.003906
3 0.489258 0.893555 0.001953 0.001953
3 0.788086 0.889648 0.001953 0.001953
3 0.784180 0.889648 0.001953 0.001953
3 0.334961 0.888672 0.001953 0.003906
3 0.331055 0.887695 0.001953 0.001953
2 0.528320 0.881836 0.001953 0.001953
3 0.784180 0.882812 0.009766 0.007812
3 0.784180 0.875977 0.001953 0.001953
3 0.485352 0.870117 0.001953 0.001953
3 0.317383 0.866211 0.001953 0.001953
3 0.233398 0.866211 0.001953 0.001953
3 0.753906 0.867188 0.003906 0.007812
3 0.936523 0.856445 0.001953 0.001953
2 0.504883 0.852539 0.001953 0.001953
3 0.889648 0.850586 0.001953 0.005859
3 0.040039 0.851562 0.017578 0.011719
3 0.820312 0.861328 0.070312 0.035156
2 0.506836 0.842773 0.001953 0.001953
3 0.084961 0.842773 0.001953 0.001953
3 0.867188 0.840820 0.003906 0.001953
3 0.892578 0.838867 0.003906 0.005859
3 0.882812 0.838867 0.003906 0.005859
3 0.875000 0.838867 0.003906 0.005859
3 0.915039 0.916992 0.169922 0.166016
3 0.890625 0.830078 0.007812 0.003906
3 0.723633 0.829102 0.001953 0.001953
2 0.508789 0.825195 0.001953 0.001953
3 0.930664 0.823242 0.001953 0.001953
3 0.524414 0.819336 0.001953 0.001953
3 0.885742 0.817383 0.001953 0.001953
3 0.698242 0.817383 0.001953 0.001953
3 0.922852 0.814453 0.001953 0.003906
3 0.918945 0.811523 0.001953 0.001953
3 0.908203 0.814453 0.007812 0.007812
3 0.892578 0.818359 0.011719 0.019531
3 0.719727 0.819336 0.056641 0.021484
3 0.887695 0.805664 0.001953 0.001953
3 0.913086 0.803711 0.001953 0.001953
3 0.908203 0.803711 0.003906 0.001953
3 0.741211 0.804688 0.009766 0.003906
3 0.899414 0.802734 0.005859 0.003906
3 0.889648 0.800781 0.009766 0.003906
3 0.899414 0.797852 0.005859 0.001953
3 0.880859 0.798828 0.003906 0.003906
3 0.738281 0.798828 0.003906 0.003906
3 0.868164 0.793945 0.001953 0.001953
3 0.849609 0.794922 0.003906 0.003906
3 0.834961 0.798828 0.021484 0.011719
3 0.932617 0.788086 0.001953 0.001953
3 0.936523 0.800781 0.025391 0.027344
3 0.868164 0.788086 0.001953 0.001953
3 0.897461 0.786133 0.001953 0.001953
3 0.872070 0.786133 0.001953 0.001953
3 0.725586 0.791992 0.009766 0.013672
3 0.291016 0.787109 0.003906 0.003906
3 0.664062 0.802734 0.058594 0.039062
3 0.295898 0.782227 0.001953 0.001953
3 0.291992 0.782227 0.001953 0.001953
3 0.879883 0.780273 0.001953 0.001953
3 0.288086 0.781250 0.001953 0.003906
2 0.967773 0.776367 0.001953 0.001953
3 0.191406 0.777344 0.003906 0.003906
2 0.967773 0.768555 0.001953 0.001953
3 0.276367 0.766602 0.005859 0.009766
2 0.014648 0.850586 0.029297 0.181641
2 0.973633 0.749023 0.001953 0.001953
3 0.458008 0.745117 0.005859 0.001953
3 0.881836 0.743164 0.001953 0.001953
3 0.790039 0.743164 0.001953 0.001953
3 0.634766 0.743164 0.003906 0.005859
3 0.692383 0.758789 0.052734 0.041016
3 0.048828 0.747070 0.011719 0.021484
3 0.913086 0.759766 0.060547 0.050781
3 0.875977 0.739258 0.005859 0.009766
3 0.868164 0.735352 0.001953 0.001953
3 0.812500 0.734375 0.011719 0.003906
3 0.832031 0.762695 0.066406 0.060547
3 0.874023 0.731445 0.001953 0.001953
3 0.288086 0.745117 0.029297 0.029297
3 0.815430 0.729492 0.001953 0.001953
3 0.659180 0.729492 0.001953 0.001953
3 0.916992 0.723633 0.001953 0.001953
3 0.805664 0.723633 0.001953 0.001953
3 0.702148 0.722656 0.001953 0.003906
3 0.872070 0.717773 0.001953 0.001953
3 0.637695 0.730469 0.037109 0.035156
3 0.684570 0.711914 0.001953 0.001953
2 0.753906 0.696289 0.003906 0.005859
2 0.743164 0.693359 0.009766 0.007812
3 0.299805 0.686523 0.001953 0.001953
3 0.950195 0.684570 0.001953 0.001953
3 0.695312 0.698242 0.023438 0.029297
3 0.731445 0.682617 0.001953 0.001953
3 0.737305 0.680664 0.001953 0.001953
3 0.766602 0.649414 0.001953 0.001953
3 0.896484 0.648438 0.003906 0.003906
3 0.890625 0.648438 0.003906 0.003906
3 0.846680 0.647461 0.001953 0.001953
3 0.416992 0.647461 0.001953 0.001953
3 0.102539 0.647461 0.001953 0.001953
3 0.104492 0.643555 0.001953 0.001953
3 0.979492 0.641602 0.001953 0.001953
3 0.256836 0.641602 0.001953 0.001953
3 0.387695 0.693359 0.166016 0.113281
3 0.967773 0.635742 0.001953 0.001953
3 0.975586 0.633789 0.001953 0.001953
3 0.844727 0.634766 0.001953 0.003906
3 0.335938 0.633789 0.003906 0.001953
3 0.104492 0.635742 0.005859 0.005859
2 0.075195 0.631836 0.001953 0.001953
3 0.967773 0.629883 0.001953 0.001953
3 0.967773 0.621094 0.001953 0.003906
3 0.488281 0.671875 0.246094 0.105469
3 0.995117 0.620117 0.001953 0.005859
3 0.982422 0.618164 0.003906 0.001953
3 0.983398 0.624023 0.017578 0.013672
3 0.948242 0.616211 0.001953 0.001953
3 0.625977 0.612305 0.001953 0.001953
3 0.705078 0.621094 0.023438 0.027344
3 0.106445 0.606445 0.001953 0.001953
3 0.918945 0.600586 0.001953 0.001953
3 0.994141 0.603516 0.011719 0.011719
2 0.122070 0.598633 0.001953 0.001953
3 0.917969 0.596680 0.003906 0.001953
3 0.128906 0.618164 0.042969 0.048828
3 0.125977 0.592773 0.001953 0.001953
3 0.401367 0.590820 0.001953 0.001953
3 0.926758 0.588867 0.001953 0.001953
3 0.405273 0.588867 0.001953 0.001953
3 0.409180 0.592773 0.009766 0.013672
3 0.897461 0.588867 0.009766 0.009766
3 0.867188 0.596680 0.023438 0.025391
3 0.920898 0.585938 0.005859 0.007812
3 0.846680 0.583008 0.001953 0.001953
3 0.915039 0.581055 0.001953 0.001953
3 0.875000 0.581055 0.003906 0.001953
3 0.101562 0.583984 0.007812 0.011719
3 0.272461 0.577148 0.001953 0.001953
3 0.266602 0.577148 0.001953 0.001953
3 0.911133 0.574219 0.005859 0.007812
3 0.971680 0.563477 0.001953 0.001953
2 0.957031 0.581055 0.085938 0.044922
3 0.928711 0.557617 0.001953 0.001953
3 0.423828 0.778320 0.695312 0.443359
3 0.640625 0.556641 0.003906 0.003906
3 0.585938 0.556641 0.007812 0.003906
3 0.903320 0.553711 0.001953 0.001953
3 0.909180 0.554688 0.005859 0.007812
3 0.860352 0.553711 0.005859 0.005859
3 0.729492 0.559570 0.013672 0.017578
3 0.859375 0.681641 0.281250 0.273438
2 0.051758 0.625000 0.103516 0.167969
3 0.250977 0.538086 0.001953 0.001953
3 0.606445 0.538086 0.021484 0.013672
3 0.129883 0.532227 0.001953 0.001953
3 0.264648 0.531250 0.001953 0.003906
3 0.696289 0.542969 0.029297 0.035156
3 0.207031 0.533203 0.007812 0.015625
3 0.204102 0.524414 0.001953 0.001953
3 0.631836 0.535156 0.021484 0.027344
3 0.206055 0.520508 0.005859 0.001953
3 0.727539 0.514648 0.001953 0.001953
3 0.694336 0.514648 0.001953 0.001953
3 0.961914 0.510742 0.029297 0.005859
3 0.342773 0.540039 0.083984 0.068359
3 0.229492 0.507812 0.005859 0.003906
3 0.110352 0.527344 0.056641 0.042969
3 0.083008 0.506836 0.001953 0.001953
3 0.141602 0.500977 0.001953 0.001953
3 0.748047 0.500000 0.003906 0.003906
3 0.462891 0.500000 0.011719 0.007812
3 0.771484 0.503906 0.054688 0.031250
3 0.039062 0.510742 0.078125 0.044922
3 0.020508 0.490234 0.001953 0.003906
3 0.549805 0.487305 0.005859 0.005859
3 0.444336 0.500000 0.017578 0.035156
3 0.387695 0.489258 0.021484 0.021484
3 0.530273 0.575195 0.205078 0.197266
3 0.597656 0.473633 0.019531 0.017578
3 0.190430 0.465820 0.001953 0.001953
3 0.181641 0.465820 0.003906 0.001953
3 0.607422 0.461914 0.003906 0.001953
3 0.185547 0.461914 0.003906 0.001953
3 0.179688 0.461914 0.003906 0.001953
3 0.926758 0.459961 0.001953 0.001953
3 0.159180 0.469727 0.033203 0.021484
3 0.708008 0.489258 0.068359 0.064453
3 0.615234 0.458984 0.003906 0.003906
3 0.609375 0.458008 0.003906 0.001953
3 0.526367 0.458984 0.001953 0.003906
3 0.182617 0.458008 0.001953 0.001953
3 0.626953 0.469727 0.023438 0.037109
3 0.601562 0.448242 0.003906 0.001953
3 0.801758 0.436523 0.001953 0.001953
3 0.530273 0.436523 0.001953 0.001953
3 0.479492 0.416992 0.001953 0.001953
3 0.755859 0.408203 0.003906 0.007812
3 0.401367 0.401367 0.001953 0.001953
3 0.780273 0.399414 0.001953 0.001953
3 0.756836 0.399414 0.001953 0.001953
2 0.643555 0.397461 0.001953 0.001953
3 0.780273 0.395508 0.001953 0.001953
3 0.414062 0.397461 0.011719 0.005859
3 0.409180 0.391602 0.001953 0.001953
3 0.773438 0.399414 0.007812 0.021484
3 0.763672 0.399414 0.007812 0.021484
3 0.997070 0.395508 0.005859 0.021484
3 0.463867 0.382812 0.001953 0.003906
2 0.750977 0.374023 0.001953 0.001953
2 0.744141 0.372070 0.003906 0.001953
2 0.976562 0.340820 0.003906 0.005859
3 0.540039 0.330078 0.001953 0.003906
3 0.741211 0.317383 0.001953 0.001953
3 0.536133 0.320312 0.009766 0.011719
2 0.539062 0.311523 0.003906 0.001953
2 0.485352 0.301758 0.001953 0.001953
3 0.592773 0.299805 0.001953 0.001953
3 0.535156 0.300781 0.003906 0.003906
2 0.489258 0.299805 0.001953 0.001953
3 0.532227 0.294922 0.005859 0.003906
3 0.778320 0.291992 0.001953 0.001953
3 0.586914 0.292969 0.005859 0.011719
2 0.788086 0.284180 0.001953 0.001953
3 0.514648 0.282227 0.001953 0.001953
3 0.512695 0.276367 0.001953 0.001953
3 0.730469 0.289062 0.019531 0.031250
3 0.687500 0.272461 0.003906 0.001953
3 0.824219 0.270508 0.011719 0.005859
3 0.541992 0.268555 0.001953 0.001953
2 0.877930 0.256836 0.001953 0.001953
3 0.527344 0.264648 0.019531 0.017578
3 0.838867 0.252930 0.001953 0.001953
3 0.702148 0.255859 0.005859 0.007812
3 0.808594 0.251953 0.003906 0.003906
3 0.702148 0.248047 0.005859 0.003906
3 0.701172 0.241211 0.003906 0.001953
3 0.712891 0.237305 0.003906 0.001953
3 0.637695 0.237305 0.001953 0.001953
3 0.663086 0.235352 0.001953 0.001953
3 0.520508 0.237305 0.001953 0.005859
3 0.770508 0.244141 0.025391 0.023438
3 0.713867 0.231445 0.001953 0.001953
3 0.672852 0.231445 0.001953 0.001953
3 0.530273 0.231445 0.001953 0.001953
3 0.764648 0.229492 0.001953 0.001953
3 0.768555 0.227539 0.001953 0.001953
3 0.643555 0.227539 0.005859 0.005859
3 0.713867 0.223633 0.001953 0.001953
3 0.765625 0.222656 0.003906 0.003906
3 0.588867 0.221680 0.001953 0.001953
3 0.760742 0.219727 0.001953 0.001953
3 0.680664 0.228516 0.017578 0.019531
2 0.727539 0.209961 0.001953 0.001953
3 0.723633 0.218750 0.017578 0.023438
3 0.535156 0.215820 0.031250 0.033203
3 0.524414 0.198242 0.001953 0.001953
3 0.752930 0.008789 0.001953 0.001953
3 0.880859 0.236328 0.238281 0.472656
3 0.381836 0.247070 0.763672 0.494141