2 0.833008 0.999023 0.001953 0.001953
2 0.257812 0.998047 0.015625 0.003906
2 0.295898 0.997070 0.009766 0.005859
2 0.397461 0.991211 0.001953 0.001953
2 0.537109 0.990234 0.007812 0.003906
2 0.771484 0.991211 0.015625 0.009766
2 0.512695 0.987305 0.001953 0.001953
2 0.950195 0.987305 0.005859 0.005859
2 0.572266 0.984375 0.011719 0.007812
2 0.014648 0.975586 0.001953 0.001953
2 0.479492 0.985352 0.064453 0.029297
2 0.411133 0.981445 0.021484 0.025391
2 0.390625 0.974609 0.011719 0.011719
2 0.620117 0.967773 0.001953 0.001953
2 0.581055 0.959961 0.001953 0.001953
2 0.575195 0.959961 0.001953 0.001953
2 0.963867 0.951172 0.001953 0.003906
2 0.583984 0.946289 0.003906 0.001953
2 0.561523 0.940430 0.001953 0.001953
2 0.453125 0.949219 0.039062 0.023438
2 0.602539 0.958984 0.044922 0.046875
2 0.571289 0.943359 0.009766 0.015625
2 0.827148 0.965820 0.056641 0.068359
2 0.411133 0.937500 0.041016 0.027344
2 0.340820 0.922852 0.001953 0.001953
2 0.118164 0.913086 0.001953 0.001953
2 0.954102 0.926758 0.021484 0.033203
2 0.843750 0.916016 0.011719 0.011719
2 0.000977 0.909180 0.001953 0.001953
2 0.063477 0.895508 0.001953 0.001953
2 0.424805 0.895508 0.009766 0.005859
2 0.075195 0.901367 0.017578 0.017578
2 0.423828 0.889648 0.003906 0.001953
2 0.327148 0.896484 0.009766 0.015625
2 0.591797 0.913086 0.023438 0.052734
2 0.000977 0.887695 0.001953 0.001953
2 0.447266 0.885742 0.011719 0.005859
2 0.062500 0.884766 0.011719 0.007812
2 0.255859 0.895508 0.015625 0.037109
2 0.827148 0.877930 0.009766 0.005859
2 0.794922 0.906250 0.050781 0.062500
2 0.417969 0.873047 0.023438 0.011719
2 0.870117 0.862305 0.001953 0.001953
2 0.479492 0.870117 0.033203 0.029297
2 0.456055 0.848633 0.001953 0.001953
2 0.093750 0.856445 0.015625 0.017578
2 0.748047 0.843750 0.007812 0.003906
2 0.370117 0.849609 0.029297 0.015625
2 0.451172 0.843750 0.003906 0.011719
2 0.522461 0.836914 0.001953 0.001953
2 0.586914 0.837891 0.005859 0.007812
2 0.501953 0.833008 0.007812 0.005859
2 0.669922 0.830078 0.011719 0.011719
2 0.434570 0.830078 0.025391 0.015625
2 0.616211 0.821289 0.001953 0.001953
2 0.485352 0.820312 0.029297 0.015625
2 0.616211 0.812500 0.001953 0.003906
2 0.597656 0.820312 0.031250 0.023438
2 0.101562 0.798828 0.003906 0.003906
2 0.788086 0.795898 0.001953 0.001953
2 0.327148 0.794922 0.013672 0.007812
2 0.309570 0.795898 0.013672 0.013672
2 0.395508 0.789062 0.013672 0.011719
2 0.364258 0.791016 0.021484 0.015625
2 0.707031 0.786133 0.042969 0.013672
2 0.760742 0.785156 0.021484 0.019531
2 0.268555 0.771484 0.005859 0.007812
2 0.829102 0.763672 0.005859 0.007812
2 0.875977 0.829102 0.080078 0.146484
2 0.660156 0.757812 0.003906 0.003906
2 0.644531 0.773438 0.039062 0.035156
2 0.959961 0.765625 0.017578 0.031250
2 0.445312 0.767578 0.019531 0.035156
2 0.536133 0.742188 0.005859 0.003906
2 0.718750 0.739258 0.003906 0.001953
2 0.420898 0.744141 0.005859 0.011719
2 0.970703 0.743164 0.011719 0.013672
2 0.609375 0.735352 0.003906 0.001953
2 0.539062 0.735352 0.007812 0.009766
2 0.774414 0.723633 0.001953 0.001953
2 0.822266 0.722656 0.015625 0.003906
2 0.831055 0.719727 0.001953 0.001953
2 0.804688 0.718750 0.003906 0.003906
2 0.700195 0.724609 0.021484 0.019531
2 0.663086 0.716797 0.013672 0.015625
2 0.763672 0.710938 0.011719 0.011719
2 0.738281 0.704102 0.003906 0.001953
2 0.453125 0.704102 0.007812 0.009766
2 0.870117 0.713867 0.072266 0.044922
2 0.350586 0.696289 0.025391 0.021484
2 0.332031 0.692383 0.011719 0.013672
2 0.769531 0.684570 0.003906 0.001953
2 0.440430 0.683594 0.009766 0.003906
2 0.811523 0.672852 0.001953 0.001953
2 0.961914 0.670898 0.001953 0.001953
2 0.875977 0.668945 0.001953 0.001953
2 0.869141 0.668945 0.003906 0.001953
2 0.762695 0.667969 0.005859 0.003906
2 0.372070 0.670898 0.005859 0.009766
2 0.880859 0.666016 0.003906 0.003906
2 0.877930 0.662109 0.005859 0.003906
2 0.267578 0.662109 0.019531 0.011719
2 0.130859 0.816406 0.195312 0.328125
2 0.471680 0.651367 0.001953 0.001953
2 0.967773 0.645508 0.001953 0.001953
2 0.899414 0.652344 0.013672 0.019531
2 0.395508 0.689453 0.056641 0.093750
2 0.926758 0.639648 0.001953 0.001953
2 0.803711 0.637695 0.001953 0.001953
2 0.704102 0.637695 0.001953 0.001953
2 0.023438 0.666016 0.046875 0.058594
2 0.932617 0.637695 0.005859 0.005859
2 0.527344 0.635742 0.003906 0.001953
2 0.708984 0.628906 0.003906 0.003906
2 0.549805 0.627930 0.001953 0.001953
2 0.441406 0.655273 0.058594 0.056641
2 0.472656 0.618164 0.003906 0.001953
2 0.237305 0.626953 0.052734 0.019531
2 0.639648 0.616211 0.001953 0.001953
2 0.943359 0.656250 0.113281 0.085938
2 0.475586 0.612305 0.001953 0.001953
2 0.587891 0.610352 0.003906 0.005859
2 0.566406 0.616211 0.039062 0.021484
2 0.450195 0.606445 0.001953 0.001953
2 0.551758 0.604492 0.001953 0.001953
2 0.568359 0.600586 0.003906 0.001953
2 0.563477 0.598633 0.001953 0.001953
2 0.060547 0.599609 0.003906 0.003906
2 0.047852 0.600586 0.013672 0.005859
2 0.546875 0.594727 0.003906 0.001953
2 0.415039 0.595703 0.013672 0.003906
2 0.121094 0.596680 0.007812 0.005859
2 0.564453 0.593750 0.003906 0.003906
2 0.012695 0.592773 0.001953 0.001953
2 0.374023 0.591797 0.005859 0.003906
2 0.545898 0.588867 0.001953 0.001953
2 0.553711 0.583008 0.009766 0.009766
2 0.672852 0.576172 0.001953 0.003906
2 0.666016 0.576172 0.007812 0.003906
2 0.432617 0.575195 0.001953 0.001953
2 0.958984 0.572266 0.003906 0.003906
2 0.822266 0.569336 0.003906 0.001953
2 0.719727 0.569336 0.001953 0.001953
2 0.327148 0.567383 0.001953 0.001953
2 0.272461 0.563477 0.001953 0.001953
2 0.364258 0.572266 0.017578 0.023438
2 0.829102 0.563477 0.005859 0.009766
2 0.486328 0.595703 0.125000 0.074219
2 0.506836 0.557617 0.001953 0.001953
2 0.071289 0.560547 0.005859 0.007812
2 0.065430 0.555664 0.001953 0.001953
2 0.875000 0.542969 0.003906 0.003906
2 0.995117 0.540039 0.001953 0.001953
2 0.276367 0.535156 0.001953 0.003906
2 0.158203 0.538086 0.031250 0.029297
2 0.386719 0.509766 0.003906 0.003906
2 0.690430 0.506836 0.001953 0.001953
2 0.738281 0.505859 0.003906 0.003906
2 0.322266 0.572266 0.097656 0.144531
2 0.682617 0.495117 0.001953 0.001953
2 0.738281 0.491211 0.003906 0.001953
2 0.707031 0.487305 0.003906 0.001953
2 0.419922 0.485352 0.003906 0.005859
2 0.712891 0.480469 0.003906 0.003906
2 0.610352 0.471680 0.001953 0.001953
2 0.465820 0.469727 0.001953 0.001953
2 0.101562 0.480469 0.027344 0.023438
2 0.342773 0.478516 0.017578 0.035156
2 0.950195 0.460938 0.001953 0.007812
2 0.709961 0.456055 0.001953 0.001953
2 0.266602 0.458008 0.001953 0.005859
2 0.344727 0.456055 0.005859 0.005859
2 0.023438 0.477539 0.019531 0.048828
2 0.954102 0.442383 0.001953 0.001953
2 0.952148 0.438477 0.001953 0.001953
2 0.728516 0.438477 0.007812 0.005859
2 0.709961 0.436523 0.001953 0.001953
2 0.741211 0.432617 0.001953 0.001953
2 0.727539 0.432617 0.005859 0.001953
2 0.422852 0.430664 0.001953 0.001953
2 0.958008 0.426758 0.001953 0.001953
2 0.457031 0.395508 0.003906 0.001953
2 0.864258 0.377930 0.001953 0.001953
2 0.343750 0.388672 0.007812 0.023438
2 0.135742 0.377930 0.001953 0.001953
2 0.895508 0.374023 0.001953 0.001953
2 0.862305 0.375000 0.005859 0.003906
2 0.909180 0.375000 0.013672 0.011719
2 0.203125 0.366211 0.050781 0.025391
2 0.685547 0.334961 0.003906 0.001953
2 0.680664 0.334961 0.001953 0.001953
2 0.793945 0.331055 0.001953 0.001953
2 0.684570 0.330078 0.005859 0.003906
2 0.688477 0.515625 0.623047 0.390625
2 0.013672 0.333008 0.027344 0.025391
2 0.981445 0.376953 0.037109 0.128906
2 0.993164 0.309570 0.001953 0.001953
2 0.149414 0.305664 0.001953 0.001953
2 0.641602 0.295898 0.001953 0.001953
2 0.532227 0.292969 0.009766 0.007812
2 0.384766 0.396484 0.152344 0.218750
2 0.303711 0.286133 0.001953 0.001953
2 0.561523 0.295898 0.021484 0.025391
2 0.305664 0.282227 0.001953 0.001953
2 0.468750 0.297852 0.101562 0.052734
2 0.992188 0.274414 0.015625 0.009766
2 0.837891 0.266602 0.007812 0.001953
2 0.517578 0.270508 0.007812 0.009766
2 0.311523 0.271484 0.009766 0.011719
2 0.831055 0.264648 0.001953 0.001953
2 0.044922 0.290039 0.050781 0.052734
2 0.083984 0.362305 0.167969 0.212891
2 0.010742 0.256836 0.001953 0.001953
2 0.519531 0.255859 0.003906 0.003906
2 0.162109 0.253906 0.003906 0.003906
2 0.642578 0.264648 0.023438 0.029297
2 0.013672 0.251953 0.003906 0.003906
2 0.268555 0.242188 0.005859 0.007812
2 0.758789 0.270508 0.115234 0.095703
2 0.113281 0.221680 0.003906 0.001953
2 0.103516 0.222656 0.007812 0.003906
2 0.125977 0.219727 0.001953 0.001953
2 0.120117 0.220703 0.005859 0.003906
2 0.300781 0.219727 0.019531 0.021484
2 0.909180 0.202148 0.001953 0.001953
2 0.327148 0.200195 0.001953 0.001953
2 0.628906 0.206055 0.023438 0.025391
2 0.983398 0.190430 0.001953 0.001953
2 0.948242 0.223633 0.056641 0.068359
2 0.732422 0.190430 0.003906 0.001953
2 0.618164 0.190430 0.001953 0.001953
2 0.198242 0.213867 0.076172 0.048828
2 0.715820 0.187500 0.005859 0.003906
2 0.708008 0.186523 0.005859 0.001953
2 0.690430 0.181641 0.009766 0.003906
2 0.363281 0.186523 0.023438 0.017578
2 0.408203 0.183594 0.023438 0.015625
2 0.211914 0.176758 0.009766 0.009766
2 0.671875 0.175781 0.023438 0.011719
2 0.657227 0.170898 0.001953 0.001953
2 0.647461 0.165039 0.001953 0.001953
2 0.643555 0.163086 0.001953 0.001953
2 0.098633 0.163086 0.001953 0.001953
2 0.963867 0.161133 0.001953 0.001953
2 0.639648 0.161133 0.001953 0.001953
2 0.609375 0.164062 0.011719 0.007812
2 0.458008 0.167969 0.013672 0.015625
2 0.207031 0.162109 0.003906 0.003906
2 0.621094 0.161133 0.007812 0.005859
2 0.260742 0.159180 0.001953 0.001953
2 0.668945 0.155273 0.001953 0.001953
2 0.958008 0.151367 0.001953 0.005859
2 0.120117 0.151367 0.001953 0.005859
2 0.739258 0.143555 0.001953 0.001953
2 0.543945 0.143555 0.001953 0.001953
2 0.478516 0.147461 0.023438 0.017578
2 0.347656 0.141602 0.003906 0.005859
2 0.334961 0.139648 0.001953 0.001953
2 0.700195 0.137695 0.001953 0.001953
2 0.214844 0.138672 0.003906 0.003906
2 0.745117 0.136719 0.001953 0.003906
2 0.608398 0.135742 0.005859 0.001953
2 0.333008 0.135742 0.001953 0.001953
2 0.122070 0.175781 0.080078 0.085938
2 0.453125 0.126953 0.003906 0.003906
2 0.559570 0.183594 0.080078 0.128906
2 0.089844 0.121094 0.011719 0.011719
2 0.772461 0.108398 0.001953 0.001953
2 0.021484 0.128906 0.027344 0.042969
2 0.757812 0.116211 0.027344 0.021484
2 0.205078 0.105469 0.003906 0.003906
2 0.946289 0.098633 0.001953 0.001953
2 0.416992 0.119141 0.068359 0.042969
2 0.231445 0.098633 0.001953 0.001953
2 0.512695 0.097656 0.013672 0.015625
2 0.334961 0.102539 0.044922 0.037109
2 0.610352 0.083008 0.001953 0.001953
2 0.606445 0.083008 0.001953 0.001953
2 0.336914 0.083008 0.001953 0.001953
2 0.221680 0.079102 0.001953 0.001953
2 0.018555 0.079102 0.001953 0.001953
2 0.007812 0.079102 0.003906 0.001953
2 0.946289 0.071289 0.001953 0.001953
2 0.588867 0.077148 0.021484 0.017578
2 0.506836 0.074219 0.009766 0.011719
2 0.166016 0.077148 0.015625 0.017578
2 0.985352 0.063477 0.001953 0.001953
2 0.544922 0.063477 0.003906 0.001953
2 0.375000 0.064453 0.003906 0.007812
2 0.975586 0.055664 0.001953 0.001953
2 0.971680 0.101562 0.056641 0.093750
2 0.997070 0.053711 0.001953 0.001953
2 0.491211 0.056641 0.013672 0.011719
2 0.975586 0.047852 0.001953 0.001953
2 0.549805 0.053711 0.017578 0.013672
2 0.280273 0.126953 0.126953 0.160156
2 0.538086 0.045898 0.001953 0.001953
2 0.525391 0.042969 0.007812 0.003906
2 0.362305 0.048828 0.021484 0.015625
2 0.241211 0.039062 0.005859 0.007812
2 0.388672 0.037109 0.011719 0.007812
2 0.250000 0.037109 0.007812 0.007812
2 0.047852 0.051758 0.095703 0.060547
2 0.163086 0.016602 0.013672 0.005859
2 0.554688 0.010742 0.003906 0.001953
2 0.027344 0.016602 0.015625 0.013672
2 0.975586 0.009766 0.001953 0.003906
2 0.211914 0.017578 0.037109 0.019531
2 0.620117 0.002930 0.001953 0.001953
2 0.973633 0.028320 0.052734 0.056641
2 0.739258 0.142578 0.365234 0.285156
2 0.548828 0.003906 0.007812 0.007812
2 0.469727 0.023438 0.025391 0.046875
2 0.309570 0.030273 0.095703 0.060547
3 0.834961 0.967773 0.001953 0.001953
3 0.840820 0.965820 0.001953 0.001953
3 0.825195 0.971680 0.009766 0.013672
3 0.730469 0.696289 0.003906 0.005859
3 0.796875 0.679688 0.003906 0.003906
3 0.836914 0.674805 0.001953 0.001953
3 0.829102 0.670898 0.001953 0.001953
3 0.948242 0.661133 0.001953 0.001953
3 0.754883 0.659180 0.001953 0.001953
3 0.951172 0.656250 0.003906 0.003906
3 0.860352 0.655273 0.001953 0.001953
3 0.661133 0.651367 0.001953 0.001953
3 0.661133 0.643555 0.001953 0.001953
3 0.989258 0.637695 0.001953 0.001953
3 0.770508 0.637695 0.009766 0.005859
3 0.780273 0.631836 0.001953 0.001953
3 0.763672 0.629883 0.019531 0.013672
3 0.659180 0.620117 0.001953 0.001953
3 0.815430 0.610352 0.001953 0.001953
3 0.647461 0.610352 0.001953 0.001953
3 0.850586 0.604492 0.001953 0.001953
3 0.819336 0.605469 0.005859 0.003906
3 0.868164 0.599609 0.005859 0.003906
3 0.877930 0.596680 0.001953 0.001953
3 0.627930 0.592773 0.001953 0.001953
3 0.781250 0.591797 0.003906 0.003906
3 0.680664 0.579102 0.001953 0.001953
3 0.401367 0.557617 0.001953 0.001953
3 0.397461 0.557617 0.001953 0.001953
3 0.666016 0.553711 0.003906 0.001953
3 0.391602 0.549805 0.001953 0.001953
3 0.502930 0.545898 0.005859 0.005859
3 0.417969 0.534180 0.003906 0.005859
3 0.420898 0.528320 0.001953 0.001953
3 0.926758 0.524414 0.001953 0.001953
3 0.422852 0.524414 0.001953 0.001953
3 0.905273 0.507812 0.001953 0.003906
3 0.838867 0.502930 0.001953 0.001953
3 0.680664 0.500977 0.001953 0.001953
3 0.902344 0.500977 0.003906 0.005859
3 0.674805 0.498047 0.005859 0.003906
3 0.998047 0.462891 0.003906 0.003906
3 0.972656 0.453125 0.003906 0.003906
3 0.859375 0.471680 0.082031 0.068359
3 0.975586 0.397461 0.001953 0.001953
3 0.153320 0.286133 0.001953 0.001953
3 0.125977 0.285156 0.013672 0.007812
3 0.844727 0.223633 0.001953 0.001953
3 0.837891 0.219727 0.003906 0.001953
3 0.841797 0.196289 0.003906 0.001953
3 0.872070 0.188477 0.005859 0.001953
3 0.718750 0.153320 0.003906 0.001953
3 0.902344 0.154297 0.003906 0.007812
3 0.774414 0.145508 0.001953 0.005859
3 0.765625 0.143555 0.003906 0.001953
3 0.775391 0.137695 0.007812 0.005859
3 0.829102 0.131836 0.001953 0.001953
3 0.961914 0.125977 0.001953 0.001953
3 0.958008 0.118164 0.005859 0.009766
3 0.954102 0.110352 0.001953 0.001953
3 0.961914 0.106445 0.001953 0.001953
3 0.956055 0.104492 0.001953 0.001953
3 0.969727 0.094727 0.001953 0.001953
3 0.881836 0.094727 0.001953 0.001953
3 0.795898 0.092773 0.001953 0.001953
3 0.887695 0.090820 0.001953 0.001953
3 0.966797 0.087891 0.003906 0.007812
3 0.875000 0.085938 0.019531 0.015625
3 0.768555 0.072266 0.001953 0.003906
3 0.057617 0.071289 0.001953 0.001953
3 0.869141 0.072266 0.046875 0.027344
3 0.823242 0.084961 0.029297 0.052734
3 0.877930 0.053711 0.001953 0.001953
3 0.879883 0.049805 0.001953 0.001953
3 0.832031 0.050781 0.003906 0.003906
3 0.808594 0.051758 0.003906 0.005859
3 0.822266 0.031250 0.007812 0.003906
3 0.090820 0.024414 0.001953 0.001953
3 0.798828 0.021484 0.003906 0.011719
3 0.894531 0.014648 0.007812 0.005859
3 0.291016 0.013672 0.003906 0.003906
3 0.798828 0.010742 0.003906 0.005859
3 0.783203 0.006836 0.007812 0.001953
3 0.801758 0.004883 0.001953 0.001953
3 0.876953 0.011719 0.019531 0.023438
3 0.796875 0.000977 0.003906 0.001953
3 0.500000 0.500000 1.000000 1.000000