2 0.094727 0.999023 0.005859 0.001953
2 0.016602 0.969727 0.001953 0.001953
2 0.001953 0.939453 0.003906 0.003906
2 0.018555 0.836914 0.001953 0.001953
2 0.483398 0.791992 0.001953 0.001953
2 0.463867 0.758789 0.001953 0.001953
2 0.474609 0.757812 0.003906 0.003906
2 0.465820 0.754883 0.001953 0.001953
2 0.512695 0.747070 0.005859 0.001953
2 0.530273 0.711914 0.001953 0.001953
2 0.509766 0.708008 0.003906 0.001953
2 0.651367 0.706055 0.001953 0.001953
2 0.524414 0.705078 0.013672 0.015625
2 0.682617 0.690430 0.001953 0.001953
2 0.370117 0.664062 0.001953 0.003906
2 0.726562 0.593750 0.003906 0.007812
2 0.512695 0.579102 0.001953 0.001953
2 0.753906 0.561523 0.007812 0.009766
2 0.745117 0.553711 0.001953 0.001953
2 0.427734 0.554688 0.003906 0.003906
2 0.747070 0.546875 0.005859 0.003906
2 0.436523 0.516602 0.001953 0.001953
2 0.833008 0.506836 0.001953 0.001953
2 0.016602 0.506836 0.001953 0.001953
2 0.759766 0.500977 0.003906 0.005859
2 0.845703 0.503906 0.015625 0.015625
2 0.102539 0.492188 0.001953 0.003906
2 0.590820 0.483398 0.001953 0.001953
2 0.569336 0.483398 0.001953 0.001953
2 0.633789 0.474609 0.001953 0.003906
2 0.097656 0.471680 0.003906 0.001953
2 0.528320 0.469727 0.001953 0.001953
2 0.498047 0.470703 0.003906 0.003906
2 0.551758 0.452148 0.001953 0.001953
2 0.011719 0.469727 0.023438 0.041016
2 0.551758 0.446289 0.001953 0.001953
2 0.225586 0.447266 0.001953 0.003906
2 0.249023 0.444336 0.001953 0.001953
2 0.877930 0.443359 0.001953 0.003906
2 0.243164 0.440430 0.001953 0.001953
2 0.225586 0.440430 0.001953 0.001953
2 0.069336 0.440430 0.001953 0.001953
2 0.211914 0.420898 0.001953 0.001953
2 0.219727 0.414062 0.005859 0.003906
2 0.411133 0.409180 0.001953 0.001953
2 0.145508 0.403320 0.001953 0.001953
2 0.645508 0.399414 0.001953 0.001953
2 0.641602 0.397461 0.001953 0.001953
2 0.678711 0.395508 0.001953 0.001953
2 0.682617 0.389648 0.001953 0.001953
2 0.981445 0.387695 0.001953 0.001953
2 0.676758 0.385742 0.001953 0.001953
2 0.758789 0.382812 0.001953 0.003906
2 0.659180 0.379883 0.001953 0.001953
2 0.657227 0.375977 0.001953 0.001953
2 0.450195 0.374023 0.001953 0.001953
2 0.822266 0.372070 0.003906 0.001953
2 0.916992 0.370117 0.001953 0.001953
2 0.661133 0.368164 0.001953 0.001953
2 0.414062 0.370117 0.003906 0.005859
2 0.241211 0.364258 0.001953 0.001953
2 0.134766 0.363281 0.003906 0.003906
2 0.074219 0.356445 0.003906 0.001953
2 0.133789 0.354492 0.001953 0.001953
2 0.521484 0.354492 0.003906 0.005859
2 0.418945 0.358398 0.009766 0.013672
2 0.565430 0.350586 0.001953 0.001953
2 0.032227 0.350586 0.001953 0.001953
2 0.949219 0.350586 0.003906 0.005859
2 0.131836 0.346680 0.001953 0.001953
2 0.715820 0.343750 0.001953 0.003906
2 0.509766 0.344727 0.007812 0.005859
2 0.030273 0.342773 0.001953 0.001953
2 0.583984 0.482422 0.339844 0.289062
2 0.352539 0.337891 0.005859 0.003906
2 0.238281 0.386719 0.078125 0.101562
2 0.014648 0.351562 0.029297 0.035156
2 0.423828 0.328125 0.003906 0.003906
2 0.092773 0.327148 0.001953 0.001953
2 0.464844 0.326172 0.003906 0.003906
2 0.100586 0.325195 0.001953 0.001953
2 0.118164 0.329102 0.025391 0.017578
2 0.183594 0.293945 0.003906 0.005859
2 0.778320 0.284180 0.001953 0.001953
2 0.392578 0.287109 0.011719 0.019531
2 0.156250 0.279297 0.003906 0.003906
2 0.257812 0.277344 0.003906 0.003906
2 0.958008 0.274414 0.001953 0.001953
2 0.735352 0.275391 0.005859 0.007812
2 0.389648 0.274414 0.009766 0.013672
2 0.739258 0.268555 0.005859 0.005859
2 0.736328 0.259766 0.003906 0.003906
2 0.008789 0.255859 0.001953 0.003906
2 0.325195 0.250977 0.001953 0.001953
2 0.329102 0.249023 0.001953 0.001953
2 0.329102 0.245117 0.001953 0.001953
2 0.325195 0.245117 0.001953 0.001953
2 0.737305 0.244141 0.005859 0.007812
2 0.728516 0.240234 0.003906 0.003906
2 0.315430 0.239258 0.001953 0.001953
2 0.307617 0.223633 0.001953 0.001953
2 0.299805 0.221680 0.001953 0.001953
2 0.731445 0.220703 0.005859 0.003906
2 0.741211 0.217773 0.005859 0.001953
2 0.434570 0.125977 0.001953 0.001953
2 0.442383 0.124023 0.001953 0.001953
2 0.399414 0.088867 0.001953 0.001953
2 0.456055 0.065430 0.001953 0.001953
2 0.452148 0.062500 0.001953 0.003906
2 0.447266 0.056641 0.003906 0.003906
2 0.307617 0.042969 0.001953 0.003906
2 0.316406 0.015625 0.019531 0.015625
2 0.500000 0.500000 1.000000 1.000000
3 0.026367 0.992188 0.001953 0.003906
3 0.251953 0.993164 0.027344 0.013672
3 0.959961 0.983398 0.001953 0.001953
3 0.940430 0.981445 0.001953 0.001953
3 0.916016 0.984375 0.007812 0.007812
3 0.905273 0.977539 0.001953 0.001953
3 0.096680 0.988281 0.033203 0.023438
3 0.373047 0.952148 0.035156 0.033203
3 0.324219 0.940430 0.011719 0.009766
3 0.883789 0.960938 0.060547 0.054688
3 0.520508 0.934570 0.001953 0.001953
3 0.507812 0.951172 0.039062 0.035156
3 0.247070 0.938477 0.005859 0.009766
3 0.014648 0.932617 0.001953 0.001953
3 0.018555 0.930664 0.001953 0.001953
3 0.014648 0.962891 0.029297 0.074219
3 0.883789 0.922852 0.001953 0.001953
3 0.120117 0.915039 0.001953 0.001953
3 0.100586 0.891602 0.001953 0.001953
3 0.827148 0.896484 0.017578 0.015625
3 0.815430 0.887695 0.001953 0.001953
3 0.811523 0.887695 0.001953 0.001953
3 0.850586 0.881836 0.001953 0.001953
3 0.819336 0.856445 0.001953 0.001953
3 0.817383 0.852539 0.001953 0.001953
3 0.809570 0.852539 0.001953 0.001953
3 0.000977 0.836914 0.001953 0.001953
3 0.510742 0.833008 0.001953 0.001953
3 0.037109 0.860352 0.074219 0.076172
3 0.467773 0.804688 0.009766 0.007812
3 0.471680 0.800781 0.005859 0.003906
3 0.731445 0.797852 0.001953 0.001953
3 0.473633 0.797852 0.001953 0.001953
3 0.471680 0.793945 0.001953 0.001953
3 0.171875 0.873047 0.230469 0.175781
3 0.731445 0.780273 0.001953 0.001953
3 0.607422 0.782227 0.007812 0.009766
3 0.318359 0.779297 0.011719 0.007812
3 0.647461 0.781250 0.021484 0.019531
3 0.325195 0.772461 0.001953 0.001953
3 0.773438 0.826172 0.085938 0.113281
3 0.489258 0.768555 0.001953 0.001953
3 0.625000 0.763672 0.011719 0.011719
3 0.296875 0.751953 0.019531 0.015625
3 0.800781 0.754883 0.007812 0.033203
3 0.135742 0.736328 0.001953 0.003906
3 0.280273 0.730469 0.005859 0.003906
3 0.698242 0.695312 0.005859 0.003906
3 0.992188 0.713867 0.015625 0.044922
3 0.153320 0.710938 0.056641 0.062500
3 0.369141 0.641602 0.003906 0.001953
3 0.362305 0.641602 0.001953 0.001953
3 0.949219 0.621094 0.003906 0.003906
3 0.367188 0.604492 0.003906 0.005859
3 0.334961 0.591797 0.001953 0.003906
3 0.372070 0.586914 0.001953 0.001953
3 0.772461 0.571289 0.001953 0.001953
3 0.333008 0.570312 0.001953 0.007812
3 0.772461 0.565430 0.001953 0.001953
3 0.825195 0.541992 0.001953 0.001953
3 0.041016 0.523438 0.003906 0.003906
3 0.008789 0.518555 0.013672 0.005859
3 0.143555 0.487305 0.001953 0.001953
3 0.138672 0.488281 0.003906 0.003906
3 0.250977 0.477539 0.001953 0.005859
3 0.016602 0.473633 0.001953 0.001953
3 0.224609 0.474609 0.015625 0.007812
3 0.225586 0.467773 0.001953 0.001953
3 0.946289 0.463867 0.001953 0.001953
3 0.092773 0.461914 0.001953 0.001953
3 0.976562 0.458008 0.007812 0.009766
3 0.950195 0.456055 0.005859 0.009766
3 0.960938 0.451172 0.003906 0.003906
3 0.934570 0.443359 0.005859 0.007812
3 0.886719 0.435547 0.003906 0.003906
3 0.953125 0.439453 0.019531 0.019531
3 0.917969 0.426758 0.003906 0.001953
3 0.922852 0.422852 0.001953 0.001953
3 0.694336 0.416992 0.001953 0.001953
3 0.997070 0.415039 0.001953 0.001953
3 0.757812 0.414062 0.003906 0.003906
3 0.750977 0.411133 0.001953 0.001953
3 0.768555 0.401367 0.001953 0.001953
3 0.903320 0.399414 0.001953 0.001953
3 0.903320 0.393555 0.001953 0.001953
3 0.850586 0.386719 0.001953 0.003906
3 0.690430 0.383789 0.001953 0.001953
3 0.848633 0.381836 0.001953 0.001953
3 0.836914 0.375977 0.001953 0.001953
3 0.940430 0.280273 0.001953 0.001953
3 0.106445 0.276367 0.001953 0.001953
3 0.424805 0.272461 0.001953 0.001953
3 0.145508 0.272461 0.001953 0.001953
3 0.137695 0.270508 0.001953 0.001953
3 0.936523 0.273438 0.005859 0.011719
3 0.485352 0.268555 0.001953 0.001953
3 0.969727 0.266602 0.001953 0.001953
3 0.879883 0.260742 0.009766 0.009766
3 0.725586 0.249023 0.001953 0.001953
3 0.953125 0.333984 0.093750 0.175781
3 0.877930 0.248047 0.009766 0.007812
3 0.459961 0.275391 0.064453 0.062500
3 0.954102 0.243164 0.001953 0.001953
3 0.670898 0.233398 0.001953 0.001953
3 0.758789 0.225586 0.001953 0.001953
3 0.688477 0.226562 0.005859 0.007812
3 0.861328 0.225586 0.007812 0.013672
3 0.774414 0.224609 0.017578 0.019531
3 0.274414 0.215820 0.001953 0.001953
3 0.839844 0.208984 0.003906 0.007812
3 0.687500 0.209961 0.011719 0.009766
3 0.836914 0.204102 0.001953 0.001953
3 0.277344 0.205078 0.007812 0.007812
3 0.842773 0.192383 0.001953 0.001953
3 0.842773 0.188477 0.001953 0.001953
3 0.283203 0.185547 0.003906 0.003906
3 0.446289 0.502930 0.892578 0.646484
3 0.877930 0.206055 0.068359 0.060547
3 0.662109 0.137695 0.003906 0.001953
3 0.242188 0.135742 0.003906 0.001953
3 0.420898 0.131836 0.001953 0.001953
3 0.074219 0.140625 0.015625 0.019531
3 0.415039 0.129883 0.001953 0.001953
3 0.459961 0.124023 0.001953 0.001953
3 0.667969 0.125000 0.023438 0.007812
3 0.550781 0.116211 0.003906 0.001953
3 0.551758 0.112305 0.001953 0.001953
3 0.872070 0.094727 0.001953 0.001953
3 0.520508 0.092773 0.001953 0.001953
3 0.855469 0.070312 0.007812 0.011719
3 0.478516 0.065430 0.003906 0.001953
3 0.864258 0.078125 0.021484 0.031250
3 0.852539 0.057617 0.001953 0.001953
3 0.831055 0.063477 0.021484 0.021484
3 0.073242 0.052734 0.005859 0.003906
3 0.526367 0.082031 0.095703 0.070312
3 0.780273 0.047852 0.005859 0.005859
3 0.763672 0.043945 0.003906 0.005859
3 0.434570 0.041992 0.001953 0.001953
3 0.430664 0.040039 0.001953 0.001953
3 0.426758 0.040039 0.001953 0.001953
3 0.291992 0.040039 0.001953 0.001953
3 0.120117 0.040039 0.001953 0.001953
3 0.772461 0.026367 0.001953 0.001953
3 0.808594 0.023438 0.027344 0.023438
3 0.764648 0.002930 0.001953 0.001953
3 0.385742 0.066406 0.181641 0.132812