0 0.606445 0.996094 0.001953 0.003906
0 0.614258 0.987305 0.001953 0.001953
1 0.592773 0.987305 0.001953 0.001953
0 0.203125 0.992188 0.023438 0.015625
0 0.323242 0.986328 0.013672 0.007812
0 0.628906 0.989258 0.031250 0.021484
0 0.609375 0.979492 0.003906 0.001953
0 0.600586 0.981445 0.009766 0.005859
0 0.560547 0.980469 0.011719 0.011719
1 0.571289 0.973633 0.001953 0.001953
0 0.233398 0.974609 0.005859 0.003906
0 0.606445 0.971680 0.001953 0.001953
1 0.567383 0.969727 0.001953 0.001953
1 0.558594 0.970703 0.003906 0.003906
0 0.229492 0.967773 0.001953 0.005859
0 0.255859 0.978516 0.042969 0.031250
1 0.550781 0.963867 0.007812 0.005859
0 0.585938 0.965820 0.027344 0.021484
0 0.239258 0.954102 0.001953 0.005859
0 0.230469 0.956055 0.011719 0.013672
0 0.381836 0.950195 0.009766 0.005859
0 0.547852 0.928711 0.001953 0.001953
0 0.241211 0.928711 0.009766 0.009766
0 0.545898 0.923828 0.001953 0.003906
0 0.293945 0.918945 0.001953 0.001953
0 0.293945 0.915039 0.001953 0.001953
0 0.323242 0.911133 0.005859 0.001953
0 0.305664 0.912109 0.013672 0.007812
0 0.284180 0.892578 0.001953 0.003906
0 0.374023 0.885742 0.001953 0.001953
0 0.313477 0.877930 0.001953 0.001953
0 0.288086 0.877930 0.001953 0.001953
0 0.284180 0.877930 0.001953 0.001953
0 0.256836 0.898438 0.044922 0.042969
0 0.276367 0.875977 0.001953 0.001953
0 0.903320 0.866211 0.001953 0.001953
0 0.368164 0.868164 0.009766 0.005859
0 0.358398 0.875977 0.029297 0.025391
0 0.336914 0.862305 0.001953 0.001953
0 0.416016 0.857422 0.003906 0.003906
0 0.423828 0.857422 0.011719 0.011719
0 0.359375 0.854492 0.007812 0.005859
0 0.300781 0.865234 0.031250 0.027344
0 0.898438 0.856445 0.015625 0.013672
0 0.999023 0.849609 0.001953 0.003906
0 0.994141 0.849609 0.003906 0.003906
0 0.987305 0.848633 0.001953 0.001953
0 0.992188 0.839844 0.003906 0.007812
0 0.424805 0.834961 0.001953 0.001953
0 0.987305 0.833008 0.001953 0.001953
0 0.419922 0.833984 0.003906 0.003906
0 0.424805 0.831055 0.001953 0.001953
0 0.112305 0.825195 0.001953 0.001953
0 0.120117 0.813477 0.001953 0.001953
0 0.995117 0.805664 0.009766 0.017578
0 0.000977 0.791992 0.001953 0.001953
0 0.423828 0.790039 0.003906 0.001953
0 0.425781 0.806641 0.027344 0.035156
0 0.127930 0.793945 0.037109 0.037109
0 0.235352 0.766602 0.001953 0.001953
0 0.959961 0.764648 0.001953 0.001953
0 0.183594 0.766602 0.003906 0.005859
0 0.191406 0.763672 0.003906 0.003906
0 0.240234 0.767578 0.015625 0.015625
0 0.225586 0.763672 0.005859 0.007812
0 0.231445 0.751953 0.017578 0.015625
0 0.558594 0.739258 0.003906 0.001953
0 0.921875 0.743164 0.007812 0.013672
0 0.066406 0.734375 0.015625 0.007812
1 0.181641 0.736328 0.023438 0.015625
1 0.168945 0.729492 0.001953 0.001953
0 0.924805 0.727539 0.001953 0.001953
1 0.163086 0.725586 0.001953 0.001953
1 0.161133 0.721680 0.001953 0.001953
1 0.646484 0.718750 0.011719 0.015625
0 0.573242 0.704102 0.001953 0.001953
0 0.982422 0.725586 0.035156 0.048828
0 0.963867 0.700195 0.001953 0.001953
1 0.168945 0.712891 0.033203 0.031250
1 0.641602 0.694336 0.005859 0.001953
1 0.123047 0.692383 0.003906 0.001953
0 0.991211 0.696289 0.017578 0.013672
1 0.641602 0.690430 0.001953 0.001953
1 0.155273 0.690430 0.005859 0.009766
1 0.118164 0.683594 0.001953 0.003906
0 0.982422 0.683594 0.007812 0.007812
0 0.946289 0.682617 0.013672 0.009766
1 0.125977 0.681641 0.009766 0.011719
0 0.432617 0.674805 0.001953 0.001953
0 0.086914 0.674805 0.001953 0.001953
0 0.440430 0.680664 0.013672 0.017578
1 0.129883 0.670898 0.001953 0.001953
0 0.116211 0.670898 0.001953 0.001953
0 0.994141 0.666016 0.003906 0.003906
0 0.987305 0.665039 0.001953 0.001953
0 0.123047 0.667969 0.007812 0.007812
0 0.982422 0.664062 0.003906 0.003906
0 0.971680 0.663086 0.001953 0.001953
0 0.940430 0.663086 0.001953 0.001953
1 0.130859 0.665039 0.007812 0.005859
0 0.116211 0.663086 0.001953 0.001953
1 0.983398 0.659180 0.001953 0.001953
0 0.991211 0.657227 0.001953 0.001953
0 0.549805 0.653320 0.001953 0.001953
0 0.592773 0.647461 0.001953 0.001953
1 0.535156 0.661133 0.027344 0.029297
0 0.412109 0.667969 0.031250 0.042969
0 0.238281 0.647461 0.003906 0.001953
0 0.596680 0.646484 0.001953 0.003906
0 0.224609 0.645508 0.003906 0.001953
0 0.235352 0.643555 0.001953 0.001953
0 0.239258 0.641602 0.001953 0.001953
0 0.598633 0.639648 0.001953 0.001953
0 0.594727 0.639648 0.001953 0.001953
0 0.229492 0.639648 0.001953 0.001953
1 0.156250 0.641602 0.003906 0.005859
1 0.998047 0.636719 0.003906 0.003906
1 0.980469 0.646484 0.019531 0.027344
0 0.231445 0.635742 0.005859 0.005859
0 0.221680 0.636719 0.005859 0.007812
0 0.215820 0.633789 0.001953 0.001953
1 0.210938 0.648438 0.039062 0.031250
1 0.991211 0.631836 0.001953 0.001953
0 0.393555 0.631836 0.005859 0.001953
0 0.386719 0.628906 0.007812 0.003906
1 0.399414 0.624023 0.001953 0.001953
1 0.389648 0.624023 0.001953 0.001953
1 0.166992 0.624023 0.001953 0.001953
0 0.211914 0.625000 0.009766 0.007812
1 0.030273 0.622070 0.001953 0.001953
1 0.454102 0.630859 0.009766 0.023438
1 0.403320 0.620117 0.001953 0.001953
0 0.204102 0.620117 0.005859 0.001953
1 0.160156 0.627930 0.015625 0.017578
1 0.471680 0.627930 0.017578 0.025391
0 0.163086 0.616211 0.001953 0.001953
0 0.254883 0.613281 0.001953 0.003906
0 0.250977 0.612305 0.001953 0.001953
1 0.495117 0.605469 0.025391 0.019531
1 0.190430 0.606445 0.021484 0.021484
0 0.342773 0.594727 0.001953 0.001953
1 0.171875 0.595703 0.007812 0.003906
0 0.005859 0.593750 0.003906 0.003906
1 0.448242 0.590820 0.001953 0.001953
0 0.342773 0.589844 0.005859 0.003906
0 0.340820 0.584961 0.001953 0.001953
0 0.480469 0.582031 0.003906 0.003906
1 0.682617 0.577148 0.001953 0.001953
1 0.673828 0.571289 0.003906 0.001953
1 0.317383 0.567383 0.001953 0.001953
0 0.007812 0.566406 0.007812 0.011719
0 0.815430 0.558594 0.001953 0.003906
0 0.076172 0.564453 0.011719 0.015625
1 0.274414 0.555664 0.001953 0.001953
1 0.666016 0.559570 0.007812 0.017578
1 0.328125 0.559570 0.023438 0.029297
1 0.291992 0.545898 0.001953 0.001953
0 0.368164 0.543945 0.001953 0.001953
0 0.364258 0.542969 0.001953 0.003906
0 0.336914 0.541992 0.001953 0.001953
0 0.327148 0.540039 0.001953 0.001953
0 0.195312 0.539062 0.007812 0.003906
1 0.065430 0.541016 0.013672 0.011719
0 0.002930 0.534180 0.001953 0.001953
0 0.436523 0.528320 0.001953 0.001953
0 0.035156 0.529297 0.003906 0.003906
1 0.446289 0.558594 0.080078 0.066406
0 0.379883 0.531250 0.013672 0.011719
0 0.345703 0.536133 0.015625 0.021484
0 0.040039 0.526367 0.001953 0.001953
0 0.030273 0.534180 0.013672 0.017578
1 0.443359 0.526367 0.003906 0.005859
0 0.037109 0.523438 0.003906 0.003906
1 0.214844 0.537109 0.035156 0.035156
1 0.063477 0.520508 0.001953 0.001953
0 0.045898 0.522461 0.005859 0.005859
0 0.524414 0.519531 0.005859 0.003906
1 0.514648 0.519531 0.001953 0.003906
1 0.437500 0.521484 0.007812 0.007812
0 0.648438 0.517578 0.003906 0.003906
1 0.221680 0.517578 0.001953 0.003906
1 0.627930 0.514648 0.001953 0.001953
1 0.618164 0.508789 0.001953 0.001953
0 0.314453 0.524414 0.042969 0.033203
0 0.401367 0.509766 0.013672 0.007812
1 0.114258 0.506836 0.001953 0.001953
1 0.157227 0.497070 0.001953 0.001953
0 0.620117 0.495117 0.001953 0.001953
1 0.078125 0.500000 0.015625 0.015625
1 0.069336 0.493164 0.001953 0.001953
1 0.061523 0.494141 0.001953 0.003906
1 0.015625 0.515625 0.031250 0.046875
1 0.634766 0.500977 0.035156 0.021484
1 0.020508 0.491211 0.001953 0.001953
1 0.440430 0.487305 0.001953 0.001953
1 0.069336 0.486328 0.001953 0.003906
1 0.053711 0.485352 0.001953 0.001953
1 0.149414 0.499023 0.048828 0.037109
1 0.157227 0.476562 0.001953 0.003906
1 0.016602 0.473633 0.001953 0.001953
1 0.012695 0.471680 0.001953 0.001953
0 0.350586 0.469727 0.001953 0.001953
0 0.416992 0.484375 0.041016 0.042969
0 0.148438 0.465820 0.003906 0.005859
1 0.038086 0.463867 0.005859 0.005859
1 0.022461 0.465820 0.005859 0.009766
0 0.416992 0.458008 0.001953 0.005859
0 0.511719 0.454102 0.003906 0.001953
0 0.340820 0.454102 0.001953 0.001953
1 0.282227 0.452148 0.001953 0.001953
0 0.483398 0.448242 0.001953 0.001953
0 0.475586 0.453125 0.009766 0.011719
0 0.393555 0.448242 0.001953 0.001953
0 0.504883 0.446289 0.001953 0.001953
1 0.282227 0.446289 0.001953 0.001953
0 0.669922 0.459961 0.050781 0.037109
1 0.278320 0.441406 0.001953 0.003906
1 0.016602 0.440430 0.001953 0.001953
1 0.254883 0.438477 0.001953 0.001953
0 0.430664 0.449219 0.033203 0.027344
0 0.375977 0.459961 0.044922 0.048828
1 0.114258 0.610352 0.228516 0.357422
0 0.146484 0.455078 0.031250 0.050781
0 0.463867 0.428711 0.001953 0.001953
1 0.112305 0.429688 0.005859 0.003906
1 0.009766 0.444336 0.019531 0.033203
1 0.120117 0.426758 0.001953 0.001953
1 0.000977 0.424805 0.001953 0.001953
0 0.998047 0.423828 0.003906 0.003906
0 0.763672 0.426758 0.011719 0.017578
0 0.448242 0.415039 0.001953 0.001953
1 0.001953 0.414062 0.003906 0.003906
0 0.458008 0.417969 0.013672 0.015625
0 0.451172 0.411133 0.003906 0.001953
0 0.463867 0.409180 0.001953 0.001953
0 0.454102 0.405273 0.001953 0.001953
0 0.460938 0.402344 0.007812 0.007812
0 0.454102 0.399414 0.001953 0.001953
1 0.059570 0.400391 0.005859 0.003906
0 0.262695 0.416016 0.068359 0.054688
0 0.229492 0.383789 0.001953 0.001953
0 0.225586 0.381836 0.001953 0.001953
0 0.219727 0.380859 0.005859 0.003906
0 0.232422 0.374023 0.003906 0.005859
1 0.083008 0.411133 0.060547 0.080078
0 0.124023 0.381836 0.021484 0.025391
0 0.310547 0.369141 0.007812 0.011719
0 0.361328 0.369141 0.011719 0.015625
0 0.350586 0.362305 0.001953 0.001953
0 0.217773 0.369141 0.021484 0.015625
1 0.891602 0.360352 0.001953 0.001953
0 0.283203 0.361328 0.003906 0.003906
0 0.206055 0.358398 0.001953 0.001953
0 0.842773 0.354492 0.001953 0.001953
0 0.924805 0.368164 0.029297 0.033203
0 0.307617 0.348633 0.001953 0.001953
0 0.219727 0.347656 0.001953 0.003906
0 0.223633 0.345703 0.001953 0.003906
0 0.834961 0.342773 0.001953 0.001953
0 0.959961 0.340820 0.001953 0.001953
0 0.224609 0.339844 0.003906 0.003906
0 0.209961 0.333008 0.001953 0.001953
0 0.128906 0.333008 0.003906 0.001953
0 0.215820 0.329102 0.001953 0.001953
0 0.203125 0.327148 0.003906 0.005859
0 0.077148 0.328125 0.025391 0.019531
0 0.966797 0.327148 0.035156 0.033203
0 0.219727 0.311523 0.001953 0.001953
1 0.285156 0.299805 0.003906 0.005859
0 0.887695 0.295898 0.001953 0.001953
1 0.315430 0.319336 0.064453 0.052734
1 0.288086 0.290039 0.001953 0.001953
0 0.208984 0.296875 0.015625 0.027344
0 0.913086 0.280273 0.001953 0.001953
1 0.014648 0.278320 0.001953 0.001953
1 0.245117 0.277344 0.005859 0.003906
1 0.305664 0.270508 0.001953 0.001953
1 0.241211 0.269531 0.005859 0.011719
0 0.362305 0.258789 0.001953 0.001953
1 0.260742 0.252930 0.001953 0.001953
1 0.252930 0.250977 0.001953 0.001953
1 0.257812 0.249023 0.003906 0.001953
0 0.429688 0.253906 0.011719 0.015625
0 0.382812 0.254883 0.027344 0.025391
1 0.223633 0.247070 0.005859 0.009766
0 0.110352 0.243164 0.001953 0.001953
0 0.332031 0.243164 0.019531 0.013672
0 0.119141 0.238281 0.003906 0.003906
1 0.286133 0.258789 0.072266 0.060547
0 0.290039 0.229492 0.001953 0.001953
0 0.286133 0.229492 0.001953 0.001953
0 0.325195 0.225586 0.001953 0.001953
0 0.516602 0.221680 0.001953 0.001953
0 0.323242 0.221680 0.001953 0.001953
0 0.286133 0.222656 0.005859 0.007812
0 0.343750 0.220703 0.011719 0.007812
0 0.335938 0.225586 0.015625 0.017578
0 0.323242 0.217773 0.001953 0.001953
0 0.095703 0.192383 0.003906 0.001953
0 0.036133 0.192383 0.001953 0.001953
0 0.513672 0.193359 0.007812 0.007812
0 0.317383 0.188477 0.001953 0.001953
0 0.297852 0.188477 0.001953 0.001953
0 0.454102 0.186523 0.001953 0.001953
0 0.458008 0.184570 0.001953 0.001953
0 0.315430 0.184570 0.001953 0.001953
1 0.264648 0.190430 0.029297 0.013672
0 0.451172 0.180664 0.003906 0.001953
0 0.022461 0.180664 0.001953 0.001953
0 0.016602 0.180664 0.001953 0.001953
0 0.444336 0.178711 0.001953 0.001953
0 0.465820 0.174805 0.001953 0.001953
1 0.282227 0.174805 0.001953 0.001953
1 0.292969 0.178711 0.015625 0.013672
1 0.274414 0.177734 0.009766 0.011719
1 0.254883 0.174805 0.005859 0.005859
0 0.200195 0.172852 0.001953 0.001953
1 0.267578 0.170898 0.003906 0.001953
0 0.207031 0.171875 0.007812 0.003906
1 0.069336 0.170898 0.005859 0.001953
0 0.274414 0.168945 0.001953 0.001953
0 0.278320 0.167969 0.001953 0.003906
0 0.014648 0.170898 0.005859 0.013672
1 0.031250 0.168945 0.023438 0.025391
1 0.093750 0.153320 0.003906 0.001953
0 0.268555 0.149414 0.001953 0.001953
1 0.256836 0.149414 0.001953 0.001953
1 0.087891 0.149414 0.003906 0.001953
1 0.081055 0.147461 0.001953 0.001953
0 0.354492 0.151367 0.017578 0.013672
0 0.104492 0.145508 0.001953 0.001953
1 0.076172 0.144531 0.003906 0.003906
1 0.254883 0.138672 0.009766 0.015625
1 0.257812 0.127930 0.003906 0.001953
0 0.389648 0.133789 0.044922 0.041016
0 0.528320 0.112305 0.001953 0.001953
0 0.393555 0.110352 0.001953 0.001953
1 0.215820 0.115234 0.009766 0.015625
0 0.206055 0.108398 0.001953 0.001953
0 0.315430 0.104492 0.001953 0.001953
0 0.012695 0.107422 0.025391 0.101562
0 0.262695 0.043945 0.013672 0.013672
1 0.232422 0.039062 0.011719 0.011719
1 0.965820 0.032227 0.001953 0.001953
1 0.239258 0.030273 0.001953 0.001953
1 0.965820 0.028320 0.001953 0.001953
1 0.958984 0.030273 0.007812 0.005859
0 0.918945 0.028320 0.001953 0.001953
1 0.948242 0.024414 0.001953 0.001953
1 0.940430 0.028320 0.009766 0.009766
0 0.521484 0.070312 0.050781 0.093750
0 0.928711 0.020508 0.001953 0.001953
0 0.781250 0.026367 0.015625 0.017578
0 0.229492 0.016602 0.001953 0.001953
0 0.921875 0.025391 0.015625 0.027344
0 0.686523 0.008789 0.001953 0.001953
0 0.186523 0.006836 0.001953 0.001953
0 0.723633 0.007812 0.009766 0.007812
0 0.697266 0.004883 0.003906 0.001953
1 0.972656 0.003906 0.003906 0.003906
0 0.176758 0.002930 0.001953 0.001953
1 0.934570 0.003906 0.025391 0.007812
0 0.147461 0.194336 0.294922 0.388672
0 0.198242 0.003906 0.005859 0.007812
0 0.169922 0.003906 0.007812 0.007812
3 0.000977 0.717773 0.001953 0.001953
2 0.041016 0.701172 0.003906 0.003906
3 0.036133 0.610352 0.005859 0.005859
2 0.101562 0.601562 0.003906 0.003906
3 0.036133 0.598633 0.001953 0.001953
3 0.028320 0.596680 0.001953 0.001953
2 0.078125 0.600586 0.011719 0.013672
2 0.071289 0.592773 0.001953 0.001953
2 0.068359 0.586914 0.007812 0.005859
2 0.063477 0.571289 0.001953 0.001953
3 0.091797 0.569336 0.003906 0.001953
3 0.089844 0.565430 0.007812 0.001953
3 0.013672 0.524414 0.003906 0.001953
3 0.000977 0.507812 0.001953 0.003906
3 0.200195 0.478516 0.005859 0.003906
3 0.213867 0.446289 0.001953 0.001953
2 0.213867 0.440430 0.001953 0.001953
2 0.006836 0.381836 0.001953 0.001953
2 0.006836 0.374023 0.001953 0.009766
2 0.048828 0.236328 0.003906 0.003906
2 0.090820 0.202148 0.005859 0.005859
3 0.220703 0.156250 0.003906 0.003906
3 0.245117 0.146484 0.001953 0.003906
3 0.940430 0.002930 0.001953 0.001953
3 0.930664 0.002930 0.001953 0.001953
2 0.500000 0.500000 1.000000 1.000000
2 0.102539 0.161133 0.205078 0.322266