1 0.422852 0.999023 0.001953 0.001953
1 0.635742 0.998047 0.009766 0.003906
1 0.573242 0.997070 0.001953 0.001953
1 0.521484 0.998047 0.011719 0.003906
1 0.588867 0.997070 0.025391 0.005859
0 0.273438 0.996094 0.015625 0.007812
0 0.955078 0.991211 0.007812 0.005859
0 0.973633 0.989258 0.017578 0.021484
0 0.779297 0.980469 0.015625 0.007812
0 0.768555 0.977539 0.001953 0.001953
1 0.512695 0.980469 0.017578 0.007812
0 0.915039 0.978516 0.005859 0.011719
0 0.768555 0.973633 0.001953 0.001953
1 0.388672 0.976562 0.015625 0.007812
1 0.876953 0.972656 0.003906 0.003906
1 0.647461 0.974609 0.009766 0.007812
0 0.804688 0.980469 0.019531 0.023438
1 0.999023 0.965820 0.001953 0.001953
1 0.508789 0.965820 0.001953 0.001953
1 0.502930 0.965820 0.001953 0.001953
1 0.493164 0.965820 0.001953 0.001953
1 0.486328 0.972656 0.023438 0.015625
1 0.630859 0.965820 0.007812 0.005859
0 0.034180 0.965820 0.009766 0.005859
1 0.485352 0.962891 0.001953 0.003906
1 0.606445 0.962891 0.013672 0.007812
1 0.103516 0.960938 0.003906 0.003906
0 0.741211 0.971680 0.025391 0.029297
1 0.578125 0.958984 0.003906 0.003906
0 0.942383 0.972656 0.037109 0.035156
1 0.952148 0.954102 0.001953 0.001953
1 0.878906 0.956055 0.003906 0.013672
1 0.495117 0.956055 0.017578 0.013672
1 0.221680 0.954102 0.025391 0.013672
1 0.261719 0.951172 0.011719 0.011719
0 0.084961 0.944336 0.001953 0.001953
0 0.790039 0.952148 0.021484 0.029297
1 0.254883 0.939453 0.001953 0.003906
1 0.580078 0.946289 0.027344 0.021484
1 0.307617 0.934570 0.001953 0.001953
1 0.256836 0.932617 0.001953 0.001953
1 0.743164 0.924805 0.001953 0.001953
0 0.145508 0.938477 0.021484 0.029297
1 0.359375 0.942383 0.035156 0.041016
1 0.247070 0.922852 0.001953 0.001953
1 0.203125 0.925781 0.007812 0.007812
1 0.827148 0.920898 0.001953 0.001953
1 0.767578 0.924805 0.015625 0.013672
1 0.450195 0.947266 0.064453 0.062500
1 0.204102 0.916992 0.001953 0.001953
1 0.195312 0.917969 0.003906 0.003906
1 0.736328 0.917969 0.011719 0.015625
0 0.649414 0.908203 0.001953 0.003906
1 0.472656 0.913086 0.019531 0.013672
0 0.654297 0.906250 0.003906 0.003906
0 0.995117 0.909180 0.009766 0.013672
1 0.280273 0.901367 0.021484 0.013672
0 0.998047 0.894531 0.003906 0.003906
0 0.993164 0.893555 0.001953 0.001953
0 0.007812 0.892578 0.003906 0.003906
0 0.640625 0.898438 0.011719 0.019531
0 0.695312 0.887695 0.003906 0.005859
0 0.651367 0.885742 0.009766 0.005859
0 0.010742 0.883789 0.001953 0.001953
0 0.694336 0.881836 0.001953 0.001953
0 0.012695 0.879883 0.001953 0.001953
1 0.230469 0.880859 0.007812 0.007812
0 0.023438 0.881836 0.019531 0.009766
0 0.783203 0.879883 0.011719 0.009766
1 0.239258 0.876953 0.001953 0.003906
1 0.235352 0.872070 0.001953 0.001953
0 0.689453 0.874023 0.011719 0.009766
1 0.327148 0.875000 0.005859 0.011719
0 0.002930 0.868164 0.001953 0.001953
1 0.448242 0.869141 0.009766 0.007812
0 0.673828 0.863281 0.003906 0.003906
1 0.906250 0.863281 0.007812 0.007812
0 0.787109 0.864258 0.019531 0.009766
0 0.825195 0.858398 0.001953 0.001953
0 0.829102 0.856445 0.001953 0.001953
1 0.563477 0.856445 0.001953 0.001953
1 0.563477 0.852539 0.001953 0.001953
1 0.342773 0.858398 0.025391 0.013672
1 0.272461 0.850586 0.001953 0.001953
1 0.333008 0.848633 0.001953 0.001953
0 0.624023 0.849609 0.005859 0.007812
1 0.410156 0.851562 0.011719 0.011719
1 0.318359 0.847656 0.003906 0.007812
1 0.345703 0.845703 0.015625 0.011719
0 0.004883 0.836914 0.001953 0.001953
1 0.337891 0.835938 0.003906 0.003906
0 0.014648 0.836914 0.013672 0.005859
0 0.635742 0.833008 0.001953 0.001953
0 0.587891 0.833008 0.003906 0.001953
1 0.356445 0.833984 0.001953 0.003906
0 0.583008 0.828125 0.005859 0.003906
1 0.180664 0.827148 0.001953 0.001953
1 0.173828 0.830078 0.011719 0.015625
1 0.495117 0.823242 0.005859 0.013672
1 0.177734 0.817383 0.003906 0.005859
0 0.874023 0.813477 0.001953 0.001953
0 0.901367 0.812500 0.005859 0.003906
0 0.894531 0.811523 0.003906 0.001953
0 0.585938 0.817383 0.011719 0.013672
1 0.165039 0.802734 0.001953 0.003906
0 0.106445 0.817383 0.025391 0.033203
1 0.460938 0.800781 0.003906 0.003906
1 0.170898 0.801758 0.005859 0.005859
0 0.295898 0.798828 0.005859 0.003906
0 0.994141 0.797852 0.007812 0.005859
0 0.096680 0.798828 0.005859 0.007812
0 0.020508 0.799805 0.005859 0.009766
0 0.977539 0.803711 0.037109 0.021484
1 0.527344 0.800781 0.007812 0.015625
1 0.223633 0.794922 0.009766 0.003906
0 0.004883 0.798828 0.009766 0.015625
0 0.905273 0.790039 0.001953 0.001953
1 0.389648 0.790039 0.001953 0.001953
0 0.862305 0.784180 0.001953 0.001953
0 0.063477 0.784180 0.001953 0.001953
1 0.284180 0.788086 0.033203 0.013672
0 0.051758 0.783203 0.001953 0.003906
0 0.938477 0.781250 0.005859 0.003906
1 0.575195 0.782227 0.009766 0.009766
0 0.056641 0.780273 0.007812 0.005859
0 0.965820 0.777344 0.005859 0.003906
0 0.910156 0.791016 0.050781 0.031250
1 0.808594 0.790039 0.035156 0.029297
0 0.860352 0.776367 0.005859 0.005859
1 0.518555 0.778320 0.005859 0.009766
1 0.406250 0.774414 0.003906 0.001953
0 0.011719 0.782227 0.023438 0.017578
0 0.069336 0.772461 0.001953 0.001953
1 0.659180 0.770508 0.001953 0.001953
0 0.096680 0.768555 0.001953 0.001953
0 0.000977 0.761719 0.001953 0.003906
0 0.866211 0.785156 0.029297 0.074219
0 0.070312 0.754883 0.007812 0.013672
0 0.005859 0.749023 0.003906 0.005859
1 0.829102 0.745117 0.001953 0.001953
0 0.808594 0.743164 0.003906 0.001953
0 0.017578 0.756836 0.027344 0.029297
0 0.795898 0.741211 0.001953 0.001953
1 0.565430 0.741211 0.001953 0.001953
0 0.071289 0.742188 0.005859 0.003906
0 0.993164 0.744141 0.013672 0.011719
0 0.006836 0.739258 0.001953 0.001953
1 0.492188 0.763672 0.042969 0.058594
0 0.075195 0.736328 0.001953 0.003906
1 0.818359 0.745117 0.023438 0.025391
0 0.076172 0.732422 0.007812 0.003906
1 0.115234 0.729492 0.003906 0.001953
0 0.998047 0.727539 0.003906 0.001953
1 0.833008 0.727539 0.001953 0.001953
1 0.678711 0.727539 0.001953 0.001953
0 0.997070 0.723633 0.001953 0.001953
0 0.983398 0.721680 0.001953 0.001953
0 0.955078 0.721680 0.003906 0.001953
0 0.913086 0.722656 0.001953 0.003906
0 0.831055 0.722656 0.001953 0.003906
1 0.486328 0.728516 0.011719 0.015625
0 0.838867 0.721680 0.005859 0.005859
0 0.505859 0.736328 0.015625 0.035156
0 0.008789 0.727539 0.017578 0.017578
0 0.950195 0.717773 0.001953 0.001953
0 0.928711 0.717773 0.001953 0.001953
0 0.788086 0.717773 0.001953 0.001953
1 0.148438 0.720703 0.011719 0.007812
0 0.751953 0.715820 0.007812 0.005859
0 0.925781 0.712891 0.003906 0.003906
1 0.490234 0.712891 0.003906 0.003906
1 0.380859 0.712891 0.003906 0.003906
1 0.295898 0.711914 0.001953 0.001953
1 0.268555 0.708008 0.001953 0.001953
0 0.925781 0.707031 0.003906 0.003906
0 0.274414 0.706055 0.001953 0.001953
0 0.799805 0.708984 0.021484 0.011719
1 0.495117 0.704102 0.001953 0.001953
0 0.991211 0.707031 0.017578 0.011719
0 0.782227 0.696289 0.001953 0.001953
0 0.742188 0.702148 0.011719 0.013672
1 0.208008 0.696289 0.001953 0.001953
0 0.413086 0.694336 0.001953 0.001953
1 0.484375 0.700195 0.015625 0.017578
1 0.473633 0.693359 0.001953 0.003906
1 0.304688 0.709961 0.050781 0.037109
1 0.265625 0.694336 0.003906 0.005859
0 0.398438 0.696289 0.015625 0.013672
0 0.750000 0.693359 0.015625 0.015625
0 0.739258 0.686523 0.001953 0.001953
0 0.990234 0.682617 0.003906 0.001953
0 0.936523 0.682617 0.001953 0.001953
0 0.827148 0.687500 0.013672 0.011719
0 0.974609 0.681641 0.003906 0.003906
0 0.397461 0.676758 0.001953 0.001953
0 0.890625 0.704102 0.097656 0.060547
0 0.744141 0.670898 0.003906 0.001953
1 0.378906 0.689453 0.027344 0.039062
0 0.769531 0.676758 0.027344 0.017578
0 0.967773 0.666992 0.005859 0.005859
0 0.745117 0.666016 0.001953 0.003906
0 0.732422 0.664062 0.007812 0.007812
1 0.424805 0.661133 0.001953 0.001953
1 0.406250 0.659180 0.003906 0.001953
0 0.549805 0.657227 0.001953 0.001953
0 0.581055 0.655273 0.001953 0.001953
0 0.554688 0.655273 0.003906 0.001953
1 0.409180 0.655273 0.001953 0.001953
1 0.198242 0.654297 0.001953 0.003906
1 0.187500 0.657227 0.015625 0.009766
0 0.014648 0.653320 0.001953 0.001953
0 0.794922 0.651367 0.003906 0.001953
0 0.554688 0.666016 0.023438 0.031250
0 0.845703 0.667969 0.011719 0.039062
1 0.406250 0.650391 0.003906 0.003906
0 0.378906 0.652344 0.007812 0.007812
0 0.953125 0.647461 0.003906 0.001953
0 0.793945 0.647461 0.001953 0.001953
1 0.697266 0.644531 0.003906 0.003906
0 0.953125 0.715820 0.093750 0.150391
1 0.706055 0.641602 0.001953 0.001953
1 0.696289 0.639648 0.001953 0.001953
1 0.702148 0.691406 0.095703 0.113281
0 0.851562 0.638672 0.003906 0.011719
1 0.655273 0.631836 0.001953 0.001953
0 0.564453 0.632812 0.003906 0.003906
0 0.455078 0.632812 0.003906 0.003906
0 0.821289 0.631836 0.001953 0.005859
1 0.415039 0.629883 0.001953 0.001953
1 0.428711 0.624023 0.001953 0.001953
1 0.098633 0.631836 0.009766 0.017578
0 0.773438 0.632812 0.015625 0.023438
0 0.754883 0.628906 0.013672 0.015625
0 0.711914 0.622070 0.001953 0.001953
0 0.799805 0.632812 0.029297 0.027344
0 0.717773 0.618164 0.001953 0.001953
1 0.059570 0.618164 0.001953 0.001953
0 0.791016 0.615234 0.003906 0.003906
0 0.814453 0.618164 0.011719 0.017578
1 0.871094 0.610352 0.003906 0.005859
0 0.165039 0.613281 0.025391 0.011719
0 0.940430 0.618164 0.021484 0.029297
1 0.416992 0.615234 0.021484 0.023438
0 0.176758 0.604492 0.001953 0.001953
0 0.804688 0.606445 0.019531 0.013672
0 0.744141 0.609375 0.031250 0.023438
1 0.571289 0.611328 0.044922 0.027344
1 0.380859 0.597656 0.003906 0.003906
1 0.374023 0.599609 0.005859 0.007812
0 0.688477 0.596680 0.005859 0.005859
1 0.149414 0.598633 0.005859 0.009766
0 0.006836 0.592773 0.001953 0.001953
0 0.000977 0.592773 0.001953 0.005859
1 0.327148 0.589844 0.001953 0.003906
0 0.816406 0.586914 0.003906 0.001953
0 0.827148 0.587891 0.005859 0.007812
0 0.972656 0.620117 0.054688 0.076172
1 0.502930 0.583008 0.001953 0.001953
1 0.415039 0.586914 0.009766 0.009766
0 0.807617 0.581055 0.001953 0.001953
0 0.801758 0.583008 0.005859 0.005859
0 0.988281 0.582031 0.019531 0.007812
1 0.698242 0.579102 0.001953 0.001953
1 0.512695 0.587891 0.009766 0.019531
1 0.415039 0.579102 0.001953 0.001953
0 0.918945 0.578125 0.001953 0.003906
1 0.661133 0.600586 0.041016 0.048828
0 0.311523 0.587891 0.017578 0.023438
1 0.798828 0.576172 0.003906 0.003906
0 0.663086 0.575195 0.001953 0.001953
1 0.870117 0.574219 0.009766 0.007812
0 0.976562 0.572266 0.015625 0.011719
1 0.620117 0.569336 0.025391 0.009766
0 0.916992 0.565430 0.013672 0.017578
1 0.512695 0.557617 0.001953 0.001953
1 0.754883 0.568359 0.025391 0.031250
0 0.209961 0.560547 0.033203 0.019531
0 0.075195 0.551758 0.001953 0.001953
1 0.619141 0.551758 0.003906 0.005859
0 0.401367 0.563477 0.017578 0.033203
0 0.247070 0.549805 0.005859 0.009766
0 0.210938 0.545898 0.003906 0.001953
1 0.879883 0.544922 0.005859 0.003906
1 0.512695 0.548828 0.005859 0.011719
0 0.698242 0.540039 0.001953 0.001953
0 0.273438 0.536133 0.003906 0.001953
1 0.874023 0.535156 0.005859 0.011719
0 0.333008 0.529297 0.001953 0.003906
0 0.924805 0.526367 0.001953 0.001953
1 0.145508 0.526367 0.001953 0.001953
0 0.916016 0.524414 0.007812 0.005859
1 0.861328 0.519531 0.003906 0.003906
1 0.494141 0.519531 0.023438 0.011719
1 0.006836 0.519531 0.013672 0.011719
1 0.467773 0.516602 0.017578 0.009766
0 0.929688 0.512695 0.007812 0.005859
0 0.940430 0.506836 0.001953 0.001953
1 0.864258 0.506836 0.001953 0.001953
0 0.309570 0.528320 0.037109 0.044922
0 0.254883 0.524414 0.048828 0.037109
1 0.834961 0.501953 0.005859 0.003906
1 0.038086 0.500977 0.001953 0.001953
1 0.105469 0.495117 0.003906 0.001953
1 0.838867 0.493164 0.001953 0.001953
0 0.946289 0.495117 0.005859 0.009766
0 0.641602 0.491211 0.001953 0.001953
1 0.838867 0.489258 0.001953 0.001953
1 0.510742 0.485352 0.001953 0.001953
1 0.470703 0.486328 0.003906 0.007812
0 0.660156 0.482422 0.003906 0.003906
1 0.390625 0.479492 0.007812 0.005859
1 0.810547 0.489258 0.023438 0.029297
1 0.553711 0.474609 0.005859 0.003906
1 0.258789 0.473633 0.001953 0.001953
0 0.168945 0.473633 0.001953 0.001953
1 0.440430 0.477539 0.021484 0.017578
1 0.516602 0.468750 0.001953 0.003906
0 0.191406 0.480469 0.042969 0.027344
1 0.905273 0.466797 0.001953 0.003906
1 0.641602 0.468750 0.001953 0.007812
1 0.969727 0.465820 0.005859 0.009766
1 0.916016 0.462891 0.003906 0.003906
0 0.872070 0.465820 0.009766 0.009766
1 0.518555 0.461914 0.001953 0.001953
1 0.948242 0.459961 0.001953 0.001953
1 0.475586 0.459961 0.001953 0.001953
1 0.518555 0.458008 0.001953 0.001953
0 0.285156 0.457031 0.003906 0.003906
1 0.835938 0.454102 0.003906 0.001953
1 0.376953 0.454102 0.003906 0.001953
0 0.992188 0.464844 0.015625 0.027344
1 0.946289 0.450195 0.005859 0.005859
0 0.184570 0.457031 0.033203 0.019531
1 0.071289 0.468750 0.083984 0.046875
1 0.047852 0.450195 0.009766 0.009766
0 0.214844 0.451172 0.011719 0.015625
1 0.046875 0.441406 0.003906 0.003906
1 0.947266 0.440430 0.007812 0.009766
0 0.289062 0.437500 0.003906 0.003906
1 0.950195 0.434570 0.001953 0.001953
1 0.946289 0.432617 0.001953 0.001953
0 0.673828 0.438477 0.011719 0.013672
0 0.436523 0.432617 0.001953 0.001953
1 0.946289 0.427734 0.001953 0.003906
0 0.309570 0.451172 0.044922 0.070312
1 0.075195 0.416992 0.001953 0.001953
0 0.309570 0.419922 0.001953 0.011719
0 0.458984 0.427734 0.039062 0.039062
0 0.462891 0.409180 0.007812 0.009766
0 0.444336 0.412109 0.013672 0.019531
1 0.302734 0.402344 0.003906 0.003906
0 0.213867 0.429688 0.060547 0.062500
1 0.025391 0.405273 0.023438 0.013672
0 0.458008 0.397461 0.001953 0.001953
0 0.424805 0.395508 0.001953 0.001953
0 0.189453 0.399414 0.019531 0.017578
0 0.851562 0.400391 0.046875 0.023438
0 0.750000 0.427734 0.031250 0.082031
0 0.116211 0.387695 0.005859 0.005859
1 0.727539 0.411133 0.037109 0.056641
1 0.373047 0.380859 0.003906 0.007812
1 0.925781 0.377930 0.003906 0.005859
0 0.729492 0.375977 0.001953 0.001953
0 0.125977 0.381836 0.013672 0.013672
0 0.122070 0.375977 0.001953 0.001953
0 0.219727 0.374023 0.001953 0.001953
0 0.063477 0.380859 0.009766 0.015625
1 0.667969 0.396484 0.035156 0.050781
0 0.463867 0.381836 0.021484 0.021484
0 0.866211 0.371094 0.001953 0.003906
0 0.803711 0.378906 0.013672 0.019531
1 0.530273 0.373047 0.009766 0.011719
0 0.209961 0.368164 0.001953 0.001953
0 0.727539 0.370117 0.017578 0.009766
1 0.653320 0.365234 0.005859 0.007812
1 0.304688 0.369141 0.015625 0.015625
0 0.488281 0.367188 0.007812 0.015625
1 0.167969 0.350586 0.011719 0.005859
1 0.015625 0.359375 0.027344 0.023438
0 0.833984 0.368164 0.054688 0.048828
0 0.486328 0.345703 0.003906 0.003906
1 0.108398 0.336914 0.001953 0.001953
1 0.103516 0.335938 0.003906 0.003906
1 0.948242 0.340820 0.025391 0.017578
1 0.097656 0.332031 0.003906 0.003906
1 0.541016 0.326172 0.007812 0.007812
0 0.489258 0.334961 0.017578 0.025391
0 0.886719 0.318359 0.003906 0.003906
0 0.885742 0.313477 0.001953 0.001953
1 0.644531 0.326172 0.019531 0.031250
1 0.239258 0.320312 0.017578 0.019531
0 0.838867 0.309570 0.009766 0.009766
1 0.381836 0.303711 0.005859 0.005859
1 0.010742 0.297852 0.001953 0.001953
0 0.902344 0.299805 0.003906 0.009766
0 0.842773 0.297852 0.005859 0.009766
0 0.760742 0.295898 0.005859 0.005859
1 0.041992 0.298828 0.013672 0.011719
0 0.750977 0.292969 0.005859 0.003906
0 0.844727 0.290039 0.001953 0.001953
1 0.665039 0.290039 0.001953 0.001953
0 0.909180 0.290039 0.005859 0.005859
1 0.682617 0.288086 0.001953 0.001953
1 0.051758 0.291016 0.009766 0.007812
0 0.803711 0.280273 0.001953 0.001953
1 0.681641 0.282227 0.007812 0.005859
1 0.603516 0.278320 0.003906 0.001953
1 0.397461 0.276367 0.001953 0.001953
0 0.401367 0.270508 0.001953 0.001953
1 0.604492 0.271484 0.005859 0.007812
1 0.495117 0.268555 0.001953 0.001953
0 0.769531 0.297852 0.058594 0.064453
1 0.375000 0.265625 0.007812 0.003906
1 0.391602 0.268555 0.013672 0.013672
1 0.486328 0.259766 0.003906 0.003906
1 0.483398 0.254883 0.001953 0.001953
0 0.756836 0.252930 0.001953 0.001953
0 0.783203 0.262695 0.031250 0.029297
1 0.545898 0.256836 0.009766 0.017578
1 0.065430 0.244141 0.009766 0.007812
1 0.955078 0.243164 0.007812 0.009766
0 0.766602 0.239258 0.001953 0.001953
0 0.771484 0.237305 0.003906 0.005859
1 0.705078 0.247070 0.031250 0.025391
1 0.651367 0.240234 0.013672 0.015625
1 0.643555 0.233398 0.001953 0.001953
1 0.944336 0.229492 0.001953 0.001953
1 0.425781 0.233398 0.007812 0.009766
1 0.940430 0.225586 0.001953 0.001953
1 0.536133 0.233398 0.009766 0.017578
0 0.840820 0.219727 0.001953 0.001953
1 0.702148 0.217773 0.001953 0.001953
1 0.534180 0.217773 0.009766 0.013672
0 0.793945 0.220703 0.025391 0.027344
0 0.828125 0.208984 0.007812 0.007812
0 0.778320 0.207031 0.001953 0.003906
0 0.887695 0.211914 0.017578 0.021484
0 0.791992 0.205078 0.009766 0.007812
0 0.907227 0.201172 0.017578 0.011719
0 0.818359 0.199219 0.007812 0.011719
0 0.849609 0.204102 0.054688 0.029297
1 0.033203 0.184570 0.003906 0.001953
0 0.902344 0.188477 0.019531 0.013672
0 0.981445 0.180664 0.001953 0.001953
1 0.448242 0.186523 0.009766 0.013672
1 0.036133 0.178711 0.005859 0.005859
0 0.918945 0.174805 0.001953 0.001953
1 0.040039 0.172852 0.001953 0.001953
1 0.352539 0.168945 0.017578 0.009766
1 0.360352 0.163086 0.001953 0.001953
0 0.998047 0.157227 0.003906 0.001953
0 0.985352 0.163086 0.029297 0.025391
0 0.322266 0.152344 0.007812 0.011719
0 0.315430 0.147461 0.001953 0.001953
0 0.864258 0.145508 0.001953 0.001953
1 0.384766 0.153320 0.023438 0.017578
1 0.202148 0.152344 0.013672 0.015625
1 0.767578 0.139648 0.003906 0.005859
0 0.334961 0.137695 0.001953 0.001953
0 0.848633 0.146484 0.025391 0.023438
0 0.842773 0.131836 0.001953 0.001953
0 0.324219 0.136719 0.007812 0.011719
1 0.780273 0.125977 0.001953 0.005859
0 0.316406 0.126953 0.003906 0.007812
1 0.770508 0.122070 0.001953 0.001953
1 0.774414 0.120117 0.001953 0.001953
0 0.342773 0.125000 0.013672 0.015625
1 0.785156 0.116211 0.003906 0.001953
1 0.720703 0.122070 0.031250 0.021484
0 0.340820 0.107422 0.005859 0.003906
1 0.670898 0.106445 0.017578 0.013672
0 0.494141 0.125977 0.054688 0.056641
1 0.349609 0.099609 0.003906 0.003906
1 0.356445 0.092773 0.001953 0.001953
1 0.166992 0.096680 0.013672 0.013672
1 0.176758 0.088867 0.001953 0.001953
1 0.180664 0.086914 0.001953 0.001953
1 0.483398 0.082031 0.001953 0.003906
1 0.910156 0.081055 0.011719 0.009766
1 0.483398 0.077148 0.001953 0.001953
0 0.516602 0.074219 0.013672 0.015625
1 0.479492 0.073242 0.005859 0.013672
1 0.028320 0.077148 0.025391 0.021484
1 0.232422 0.069336 0.011719 0.009766
1 0.787109 0.065430 0.003906 0.005859
0 0.540039 0.078125 0.037109 0.031250
1 0.473633 0.046875 0.009766 0.007812
1 0.629883 0.041992 0.001953 0.001953
1 0.516602 0.042969 0.060547 0.027344
1 0.215820 0.031250 0.001953 0.003906
1 0.169922 0.031250 0.019531 0.019531
1 0.223633 0.022461 0.005859 0.005859
1 0.924805 0.016602 0.001953 0.001953
1 0.161133 0.017578 0.001953 0.003906
1 0.407227 0.020508 0.025391 0.013672
1 0.161133 0.012695 0.001953 0.001953
1 0.157227 0.012695 0.001953 0.001953
0 0.641602 0.000977 0.001953 0.001953
1 0.540039 0.003906 0.021484 0.007812
1 0.435547 0.002930 0.007812 0.005859
1 0.076172 0.001953 0.007812 0.003906
1 0.069336 0.000977 0.001953 0.001953
2 0.268555 0.999023 0.001953 0.001953
2 0.975586 0.763672 0.005859 0.007812
2 0.972656 0.747070 0.003906 0.001953
2 0.993164 0.636719 0.013672 0.031250
2 0.994141 0.612305 0.011719 0.013672
2 0.966797 0.587891 0.007812 0.003906
2 0.992188 0.463867 0.003906 0.001953
3 0.500000 0.500000 1.000000 1.000000