1 0.031250 0.968750 0.062500 0.062500
1 0.992188 0.777344 0.015625 0.019531
1 0.500000 0.500000 1.000000 1.000000
3 0.083008 0.999023 0.001953 0.001953
3 0.432617 0.995117 0.001953 0.001953
3 0.812500 0.996094 0.027344 0.007812
2 0.209961 0.993164 0.001953 0.001953
3 0.611328 0.991211 0.007812 0.005859
3 0.900391 0.993164 0.042969 0.013672
3 0.944336 0.983398 0.001953 0.001953
3 0.652344 0.984375 0.003906 0.003906
3 0.996094 0.988281 0.007812 0.023438
3 0.859375 0.980469 0.007812 0.011719
3 0.276367 0.976562 0.001953 0.003906
3 0.935547 0.976562 0.007812 0.007812
3 0.373047 0.973633 0.003906 0.001953
3 0.899414 0.976562 0.017578 0.015625
3 0.441406 0.982422 0.015625 0.027344
3 0.557617 0.972656 0.005859 0.015625
3 0.915039 0.958008 0.001953 0.001953
3 0.010742 0.962891 0.009766 0.011719
3 0.544922 0.960938 0.019531 0.011719
3 0.476562 0.963867 0.035156 0.025391
3 0.821289 0.950195 0.001953 0.001953
3 0.962891 0.950195 0.007812 0.005859
3 0.971680 0.944336 0.001953 0.001953
2 0.653320 0.959961 0.068359 0.048828
3 0.843750 0.936523 0.007812 0.005859
3 0.403320 0.944336 0.017578 0.021484
2 0.126953 0.934570 0.003906 0.005859
3 0.775391 0.932617 0.007812 0.005859
3 0.989258 0.924805 0.005859 0.009766
3 0.795898 0.921875 0.009766 0.011719
3 0.928711 0.911133 0.001953 0.001953
3 0.256836 0.906250 0.005859 0.007812
3 0.918945 0.901367 0.001953 0.001953
3 0.350586 0.909180 0.017578 0.029297
3 0.929688 0.894531 0.003906 0.003906
3 0.040039 0.896484 0.009766 0.007812
3 0.086914 0.945312 0.173828 0.109375
3 0.338867 0.885742 0.001953 0.001953
3 0.907227 0.886719 0.009766 0.011719
3 0.311523 0.879883 0.001953 0.001953
3 0.950195 0.926758 0.037109 0.103516
3 0.936523 0.875977 0.001953 0.001953
3 0.443359 0.874023 0.007812 0.009766
3 0.471680 0.864258 0.013672 0.005859
3 0.198242 0.850586 0.001953 0.001953
3 0.578125 0.850586 0.007812 0.009766
3 0.602539 0.844727 0.005859 0.009766
3 0.889648 0.849609 0.013672 0.027344
3 0.808594 0.833008 0.007812 0.017578
3 0.784180 0.828125 0.009766 0.007812
3 0.726562 0.814453 0.003906 0.011719
3 0.708984 0.799805 0.015625 0.013672
3 0.282227 0.797852 0.037109 0.021484
3 0.373047 0.784180 0.011719 0.009766
3 0.800781 0.785156 0.015625 0.015625
3 0.793945 0.766602 0.001953 0.001953
3 0.648438 0.774414 0.019531 0.017578
2 0.602539 0.764648 0.001953 0.001953
3 0.261719 0.762695 0.003906 0.001953
3 0.880859 0.768555 0.023438 0.021484
3 0.300781 0.771484 0.035156 0.039062
3 0.808594 0.858398 0.210938 0.216797
3 0.301758 0.750000 0.005859 0.007812
3 0.198242 0.746094 0.005859 0.003906
3 0.965820 0.784180 0.068359 0.083984
3 0.643555 0.740234 0.037109 0.019531
3 0.320312 0.723633 0.011719 0.009766
3 0.902344 0.721680 0.011719 0.017578
2 0.848633 0.711914 0.001953 0.001953
3 0.356445 0.721680 0.033203 0.029297
2 0.346680 0.706055 0.001953 0.001953
2 0.545898 0.700195 0.001953 0.001953
3 0.743164 0.738281 0.095703 0.082031
2 0.845703 0.701172 0.019531 0.015625
3 0.682617 0.698242 0.009766 0.009766
3 0.414062 0.691406 0.003906 0.007812
3 0.287109 0.691406 0.007812 0.007812
3 0.595703 0.738281 0.097656 0.117188
3 0.979492 0.687500 0.041016 0.027344
3 0.291992 0.672852 0.001953 0.001953
2 0.825195 0.676758 0.017578 0.013672
3 0.690430 0.677734 0.037109 0.019531
3 0.923828 0.658203 0.035156 0.019531
3 0.786133 0.686523 0.056641 0.076172
3 0.301758 0.661133 0.013672 0.025391
3 0.430664 0.649414 0.017578 0.017578
3 0.252930 0.641602 0.009766 0.005859
3 0.319336 0.644531 0.009766 0.015625
3 0.741211 0.637695 0.013672 0.009766
3 0.509766 0.630859 0.007812 0.003906
3 0.673828 0.641602 0.027344 0.029297
3 0.088867 0.637695 0.033203 0.021484
3 0.849609 0.628906 0.007812 0.015625
3 0.850586 0.616211 0.001953 0.001953
2 0.821289 0.623047 0.017578 0.015625
2 0.348633 0.623047 0.017578 0.015625
3 0.332031 0.675781 0.136719 0.128906
3 0.585938 0.624023 0.007812 0.029297
2 0.458984 0.608398 0.007812 0.005859
3 0.490234 0.624023 0.027344 0.048828
2 0.451172 0.602539 0.003906 0.005859
2 0.393555 0.604492 0.005859 0.009766
3 0.222656 0.608398 0.019531 0.017578
3 0.401367 0.594727 0.001953 0.001953
2 0.397461 0.595703 0.001953 0.003906
3 0.119141 0.594727 0.003906 0.001953
3 0.403320 0.590820 0.001953 0.001953
2 0.477539 0.588867 0.001953 0.001953
3 0.608398 0.601562 0.103516 0.050781
3 0.204102 0.674805 0.056641 0.197266
3 0.085938 0.580078 0.003906 0.007812
2 0.348633 0.578125 0.009766 0.007812
2 0.983398 0.577148 0.017578 0.013672
3 0.876953 0.569336 0.003906 0.001953
3 0.857422 0.578125 0.023438 0.027344
3 0.894531 0.565430 0.003906 0.005859
3 0.846680 0.563477 0.001953 0.001953
3 0.430664 0.585938 0.072266 0.046875
3 0.301758 0.603516 0.083984 0.082031
3 0.507812 0.573242 0.031250 0.025391
3 0.352539 0.561523 0.001953 0.001953
3 0.777344 0.570312 0.011719 0.023438
3 0.311523 0.561523 0.001953 0.005859
2 0.359375 0.565430 0.015625 0.017578
3 0.249023 0.595703 0.029297 0.082031
3 0.353516 0.554688 0.003906 0.007812
3 0.932617 0.557617 0.017578 0.017578
3 0.899414 0.550781 0.005859 0.007812
2 0.420898 0.544922 0.005859 0.007812
3 0.836914 0.544922 0.009766 0.011719
3 0.793945 0.541992 0.029297 0.017578
3 0.346680 0.535156 0.009766 0.023438
3 0.109375 0.533203 0.015625 0.023438
3 0.316406 0.519531 0.019531 0.031250
3 0.296875 0.505859 0.007812 0.003906
3 0.293945 0.502930 0.001953 0.001953
3 0.234375 0.520508 0.027344 0.048828
3 0.231445 0.491211 0.005859 0.001953
3 0.974609 0.518555 0.050781 0.060547
3 0.628906 0.490234 0.003906 0.003906
3 0.237305 0.489258 0.001953 0.001953
3 0.223633 0.490234 0.005859 0.003906
3 0.907227 0.487305 0.001953 0.001953
3 0.642578 0.487305 0.007812 0.009766
3 0.339844 0.495117 0.019531 0.033203
3 0.532227 0.484375 0.013672 0.015625
2 0.851562 0.498047 0.093750 0.046875
3 0.590820 0.481445 0.021484 0.021484
2 0.187500 0.474609 0.097656 0.027344
3 0.106445 0.464844 0.009766 0.007812
2 0.458008 0.459961 0.001953 0.001953
3 0.622070 0.458984 0.005859 0.007812
3 0.339844 0.451172 0.015625 0.015625
3 0.286133 0.458984 0.076172 0.058594
3 0.718750 0.416016 0.011719 0.011719
3 0.344727 0.416992 0.017578 0.025391
3 0.859375 0.407227 0.007812 0.013672
3 0.284180 0.416992 0.021484 0.041016
3 0.663086 0.382812 0.013672 0.019531
3 0.461914 0.377930 0.013672 0.017578
3 0.996094 0.382812 0.007812 0.031250
3 0.386719 0.411133 0.042969 0.087891
3 0.347656 0.382812 0.011719 0.035156
2 0.264648 0.363281 0.001953 0.003906
3 0.418945 0.364258 0.021484 0.013672
3 0.561523 0.360352 0.025391 0.009766
3 0.822266 0.413086 0.164062 0.119141
3 0.709961 0.346680 0.001953 0.001953
3 0.916992 0.345703 0.013672 0.007812
3 0.737305 0.356445 0.115234 0.029297
3 0.705078 0.344727 0.007812 0.005859
2 0.690430 0.340820 0.001953 0.001953
3 0.815430 0.332031 0.005859 0.003906
3 0.850586 0.331055 0.017578 0.021484
3 0.750977 0.324219 0.009766 0.007812
2 0.272461 0.352539 0.021484 0.080078
2 0.999023 0.302734 0.001953 0.003906
3 0.803711 0.308594 0.021484 0.015625
2 0.805664 0.299805 0.001953 0.001953
2 0.969727 0.313477 0.044922 0.037109
3 0.293945 0.303711 0.013672 0.017578
3 0.914062 0.316406 0.023438 0.046875
2 0.811523 0.293945 0.001953 0.001953
3 0.360352 0.311523 0.021484 0.037109
3 0.880859 0.289062 0.039062 0.019531
3 0.949219 0.279297 0.019531 0.015625
3 0.491211 0.270508 0.005859 0.005859
3 0.091797 0.269531 0.003906 0.003906
3 0.084961 0.267578 0.005859 0.007812
3 0.936523 0.261719 0.013672 0.015625
3 0.049805 0.254883 0.001953 0.001953
3 0.363281 0.254883 0.003906 0.005859
2 0.989258 0.250000 0.009766 0.007812
3 0.286133 0.245117 0.001953 0.001953
3 0.575195 0.253906 0.029297 0.035156
3 0.915039 0.226562 0.005859 0.007812
2 0.824219 0.223633 0.015625 0.017578
3 0.185547 0.212891 0.007812 0.007812
3 0.962891 0.231445 0.039062 0.048828
2 0.822266 0.208984 0.003906 0.003906
3 0.161133 0.208984 0.013672 0.011719
3 0.973633 0.208008 0.052734 0.025391
3 0.125000 0.184570 0.015625 0.009766
3 0.036133 0.219727 0.064453 0.080078
3 0.092773 0.175781 0.013672 0.003906
3 0.281250 0.199219 0.031250 0.066406
2 0.280273 0.157227 0.005859 0.005859
3 0.933594 0.156250 0.011719 0.015625
3 0.539062 0.151367 0.007812 0.005859
3 0.432617 0.146484 0.001953 0.003906
2 0.291016 0.133789 0.003906 0.005859
2 0.861328 0.131836 0.011719 0.009766
3 0.440430 0.136719 0.009766 0.019531
3 0.958008 0.137695 0.017578 0.029297
3 0.951172 0.125000 0.003906 0.003906
3 0.946289 0.124023 0.001953 0.001953
3 0.447266 0.114258 0.011719 0.009766
3 0.004883 0.113281 0.009766 0.015625
2 0.287109 0.108398 0.003906 0.009766
2 0.277344 0.105469 0.003906 0.003906
3 0.279297 0.098633 0.003906 0.005859
2 0.934570 0.095703 0.005859 0.003906
3 0.306641 0.117188 0.019531 0.046875
2 0.201172 0.098633 0.011719 0.009766
2 0.176758 0.089844 0.001953 0.003906
3 0.662109 0.089844 0.011719 0.011719
3 0.122070 0.095703 0.025391 0.023438
3 0.007812 0.086914 0.007812 0.017578
3 0.685547 0.081055 0.015625 0.013672
2 0.291016 0.082031 0.007812 0.023438
2 0.198242 0.071289 0.001953 0.001953
3 0.363281 0.100586 0.089844 0.072266
3 0.987305 0.065430 0.009766 0.009766
3 0.497070 0.078125 0.021484 0.035156
3 0.254883 0.080078 0.037109 0.039062
2 0.939453 0.060547 0.007812 0.003906
3 0.999023 0.055664 0.001953 0.001953
3 0.183594 0.051758 0.011719 0.017578
3 0.935547 0.072266 0.128906 0.062500
3 0.692383 0.037109 0.001953 0.003906
3 0.015625 0.049805 0.031250 0.033203
3 0.949219 0.035156 0.007812 0.007812
3 0.529297 0.029297 0.023438 0.015625
3 0.157227 0.031250 0.021484 0.019531
3 0.559570 0.047852 0.017578 0.056641
3 0.996094 0.013672 0.003906 0.003906
3 0.086914 0.010742 0.013672 0.013672
2 0.612305 0.002930 0.001953 0.001953
3 0.219727 0.020508 0.021484 0.037109
3 0.847656 0.036133 0.015625 0.072266
3 0.464844 0.011719 0.050781 0.023438
3 0.422852 0.017578 0.033203 0.035156
2 0.273438 0.001953 0.007812 0.003906