2 0.340820 0.999023 0.001953 0.001953
2 0.772461 0.975586 0.001953 0.001953
2 0.772461 0.970703 0.005859 0.003906
2 0.522461 0.965820 0.001953 0.001953
2 0.482422 0.944336 0.003906 0.005859
2 0.524414 0.934570 0.005859 0.001953
2 0.524414 0.920898 0.001953 0.001953
2 0.469727 0.897461 0.001953 0.001953
2 0.372070 0.891602 0.005859 0.005859
2 0.364258 0.885742 0.001953 0.001953
2 0.336914 0.941406 0.099609 0.117188
2 0.354492 0.883789 0.005859 0.005859
2 0.496094 0.929688 0.074219 0.140625
2 0.450195 0.856445 0.001953 0.001953
2 0.084961 0.849609 0.005859 0.003906
2 0.073242 0.849609 0.001953 0.003906
2 0.495117 0.815430 0.001953 0.001953
2 0.500977 0.818359 0.005859 0.011719
2 0.559570 0.790039 0.001953 0.001953
2 0.254883 0.772461 0.001953 0.001953
2 0.481445 0.762695 0.001953 0.001953
2 0.475586 0.763672 0.005859 0.007812
2 0.084961 0.758789 0.001953 0.001953
2 0.477539 0.754883 0.001953 0.001953
2 0.274414 0.770508 0.033203 0.037109
2 0.483398 0.736328 0.001953 0.003906
2 0.284180 0.733398 0.001953 0.001953
2 0.298828 0.732422 0.003906 0.003906
2 0.289062 0.732422 0.003906 0.003906
2 0.485352 0.729492 0.005859 0.005859
2 0.286133 0.727539 0.005859 0.001953
2 0.524414 0.771484 0.087891 0.101562
2 0.296875 0.722656 0.003906 0.003906
2 0.188477 0.722656 0.001953 0.003906
2 0.293945 0.716797 0.001953 0.003906
2 0.129883 0.772461 0.138672 0.138672
2 0.180664 0.696289 0.001953 0.001953
2 0.756836 0.688477 0.001953 0.001953
2 0.729492 0.685547 0.001953 0.003906
2 0.750000 0.684570 0.007812 0.009766
2 0.371094 0.721680 0.070312 0.087891
2 0.245117 0.678711 0.001953 0.001953
2 0.241211 0.676758 0.001953 0.001953
2 0.297852 0.672852 0.001953 0.001953
2 0.316406 0.659180 0.003906 0.001953
2 0.053711 0.660156 0.005859 0.003906
2 0.311523 0.655273 0.005859 0.001953
2 0.737305 0.649414 0.001953 0.001953
2 0.733398 0.645508 0.001953 0.001953
2 0.314453 0.639648 0.003906 0.005859
2 0.241211 0.637695 0.001953 0.001953
2 0.214844 0.667969 0.062500 0.070312
2 0.237305 0.627930 0.001953 0.001953
2 0.240234 0.623047 0.003906 0.003906
2 0.088867 0.616211 0.001953 0.001953
2 0.280273 0.635742 0.064453 0.080078
2 0.001953 0.597656 0.003906 0.003906
2 0.694336 0.590820 0.001953 0.001953
2 0.017578 0.583984 0.003906 0.003906
2 0.065430 0.601562 0.064453 0.070312
2 0.019531 0.572266 0.011719 0.015625
2 0.012695 0.561523 0.001953 0.001953
2 0.981445 0.555664 0.001953 0.001953
2 0.004883 0.573242 0.009766 0.041016
2 0.940430 0.543945 0.001953 0.001953
2 0.504883 0.542969 0.001953 0.003906
2 0.958008 0.603516 0.083984 0.132812
2 0.868164 0.516602 0.001953 0.001953
2 0.488281 0.517578 0.003906 0.003906
2 0.498047 0.504883 0.003906 0.005859
2 0.479492 0.495117 0.013672 0.009766
2 0.215820 0.484375 0.001953 0.003906
2 0.211914 0.459961 0.001953 0.001953
2 0.206055 0.458008 0.001953 0.001953
2 0.199219 0.450195 0.003906 0.001953
2 0.636719 0.568359 0.269531 0.242188
2 0.191406 0.463867 0.042969 0.044922
2 0.187500 0.432617 0.003906 0.001953
2 0.985352 0.411133 0.001953 0.001953
2 0.986328 0.406250 0.007812 0.007812
2 0.361328 0.404297 0.007812 0.003906
2 0.241211 0.400391 0.005859 0.007812
2 0.245117 0.387695 0.001953 0.001953
2 0.993164 0.381836 0.001953 0.001953
2 0.067383 0.377930 0.005859 0.005859
2 0.054688 0.378906 0.007812 0.011719
2 0.030273 0.372070 0.005859 0.005859
2 0.071289 0.354492 0.001953 0.001953
2 0.999023 0.348633 0.001953 0.001953
2 0.028320 0.348633 0.001953 0.001953
2 0.998047 0.344727 0.003906 0.001953
2 0.065430 0.342773 0.001953 0.001953
2 0.037109 0.358398 0.027344 0.033203
2 0.051758 0.340820 0.001953 0.001953
2 0.559570 0.346680 0.013672 0.017578
2 0.043945 0.337891 0.009766 0.011719
2 0.163086 0.329102 0.001953 0.001953
2 0.969727 0.366211 0.060547 0.083984
2 0.071289 0.323242 0.001953 0.001953
2 0.946289 0.322266 0.001953 0.003906
2 0.060547 0.327148 0.023438 0.013672
2 0.952148 0.322266 0.005859 0.007812
2 0.147461 0.313477 0.001953 0.001953
2 0.143555 0.313477 0.001953 0.001953
2 0.127930 0.308594 0.001953 0.003906
2 0.122070 0.307617 0.001953 0.001953
2 0.071289 0.310547 0.044922 0.019531
2 0.221680 0.293945 0.001953 0.001953
2 0.118164 0.290039 0.001953 0.001953
2 0.108398 0.282227 0.001953 0.001953
2 0.190430 0.276367 0.001953 0.001953
2 0.149414 0.272461 0.001953 0.001953
2 0.082031 0.290039 0.050781 0.041016
2 0.183594 0.293945 0.097656 0.060547
2 0.125977 0.262695 0.001953 0.001953
2 0.124023 0.254883 0.001953 0.001953
2 0.247070 0.254883 0.005859 0.005859
2 0.422852 0.250977 0.001953 0.001953
2 0.764648 0.235352 0.001953 0.001953
2 0.000977 0.216797 0.001953 0.003906
2 0.454102 0.200195 0.001953 0.001953
2 0.801758 0.189453 0.001953 0.003906
2 0.954102 0.185547 0.001953 0.003906
2 0.430664 0.216797 0.060547 0.074219
2 0.952148 0.176758 0.001953 0.001953
2 0.956055 0.174805 0.001953 0.001953
2 0.041992 0.170898 0.001953 0.001953
2 0.969727 0.166992 0.001953 0.001953
2 0.784180 0.208008 0.048828 0.083984
2 0.765625 0.165039 0.007812 0.005859
2 0.768555 0.155273 0.001953 0.001953
2 0.763672 0.151367 0.007812 0.005859
2 0.758789 0.149414 0.001953 0.001953
2 0.750977 0.145508 0.001953 0.001953
2 0.713867 0.135742 0.001953 0.001953
2 0.708008 0.135742 0.001953 0.001953
2 0.686523 0.135742 0.001953 0.001953
2 0.972656 0.207031 0.054688 0.148438
2 0.743164 0.102539 0.001953 0.001953
2 0.700195 0.067383 0.001953 0.001953
2 0.245117 0.066406 0.001953 0.003906
2 0.299805 0.138672 0.119141 0.160156
2 0.675781 0.131836 0.179688 0.154297
2 0.046875 0.053711 0.003906 0.005859
2 0.847656 0.050781 0.003906 0.003906
2 0.853516 0.046875 0.003906 0.003906
2 0.564453 0.030273 0.003906 0.001953
2 0.413086 0.026367 0.001953 0.001953
2 0.416992 0.016602 0.001953 0.001953
2 0.372070 0.012695 0.001953 0.001953
2 0.034180 0.114258 0.068359 0.205078
2 0.433594 0.013672 0.011719 0.007812
2 0.000977 0.008789 0.001953 0.001953
2 0.362305 0.008789 0.005859 0.005859
2 0.309570 0.009766 0.009766 0.007812
2 0.530273 0.004883 0.001953 0.001953
2 0.429688 0.005859 0.003906 0.003906
2 0.356445 0.004883 0.001953 0.001953
2 0.525391 0.005859 0.003906 0.007812
2 0.838867 0.018555 0.072266 0.037109
2 0.563477 0.013672 0.052734 0.027344
2 0.392578 0.014648 0.066406 0.029297
2 0.306641 0.001953 0.007812 0.003906
2 0.295898 0.001953 0.005859 0.003906
2 0.278320 0.002930 0.005859 0.005859
2 0.170898 0.037109 0.185547 0.074219
2 0.001953 0.001953 0.003906 0.003906
3 0.370117 0.997070 0.001953 0.001953
3 0.494141 0.947266 0.003906 0.003906
3 0.377930 0.944336 0.001953 0.001953
3 0.375977 0.940430 0.001953 0.001953
3 0.490234 0.891602 0.003906 0.001953
3 0.499023 0.877930 0.001953 0.001953
3 0.483398 0.877930 0.001953 0.001953
3 0.492188 0.881836 0.011719 0.013672
3 0.479492 0.875977 0.001953 0.001953
3 0.463867 0.872070 0.001953 0.001953
3 0.491211 0.866211 0.001953 0.001953
3 0.932617 0.608398 0.001953 0.001953
3 0.934570 0.561523 0.001953 0.001953
3 0.997070 0.374023 0.001953 0.001953
3 0.999023 0.369141 0.001953 0.003906
3 0.985352 0.363281 0.005859 0.007812
3 0.993164 0.361328 0.005859 0.007812
3 0.977539 0.350586 0.001953 0.001953
3 0.973633 0.344727 0.001953 0.001953
3 0.979492 0.339844 0.005859 0.007812
3 0.002930 0.190430 0.001953 0.001953
3 0.053711 0.096680 0.001953 0.001953
3 0.151367 0.026367 0.001953 0.001953
3 0.231445 0.022461 0.001953 0.001953
3 0.829102 0.014648 0.005859 0.001953
3 0.555664 0.009766 0.001953 0.003906
3 0.858398 0.001953 0.001953 0.003906
3 0.500000 0.500000 1.000000 1.000000