1 0.625977 0.999023 0.001953 0.001953
0 0.580078 0.999023 0.003906 0.001953
1 0.516602 0.996094 0.001953 0.003906
1 0.627930 0.993164 0.005859 0.005859
0 0.154297 0.994141 0.007812 0.011719
1 0.520508 0.985352 0.001953 0.001953
0 0.094727 0.985352 0.001953 0.001953
1 0.497070 0.983398 0.001953 0.001953
1 0.254883 0.982422 0.005859 0.003906
0 0.156250 0.982422 0.003906 0.003906
1 0.944336 0.981445 0.005859 0.005859
0 0.165039 0.979492 0.001953 0.001953
0 0.161133 0.980469 0.001953 0.003906
0 0.148438 0.979492 0.003906 0.001953
1 0.118164 0.979492 0.001953 0.001953
1 0.485352 0.988281 0.029297 0.023438
1 0.278320 0.978516 0.009766 0.003906
1 0.258789 0.978516 0.001953 0.003906
1 0.419922 0.977539 0.003906 0.005859
0 0.149414 0.975586 0.001953 0.001953
1 0.901367 0.973633 0.001953 0.001953
1 0.517578 0.974609 0.007812 0.003906
0 0.154297 0.975586 0.003906 0.005859
1 0.255859 0.968750 0.003906 0.003906
1 0.006836 0.967773 0.001953 0.001953
1 0.136719 0.971680 0.007812 0.017578
1 0.110352 0.981445 0.025391 0.037109
1 0.126953 0.969727 0.007812 0.017578
0 0.586914 0.965820 0.013672 0.013672
1 0.807617 0.966797 0.017578 0.019531
1 0.128906 0.954102 0.003906 0.001953
1 0.952148 0.952148 0.001953 0.001953
1 0.864258 0.953125 0.001953 0.003906
0 0.609375 0.971680 0.031250 0.041016
1 0.114258 0.950195 0.001953 0.001953
1 0.620117 0.948242 0.001953 0.001953
1 0.932617 0.946289 0.001953 0.001953
1 0.750977 0.946289 0.001953 0.001953
1 0.949219 0.949219 0.011719 0.011719
1 0.274414 0.944336 0.001953 0.001953
1 0.744141 0.943359 0.003906 0.003906
1 0.518555 0.942383 0.001953 0.001953
1 0.434570 0.943359 0.001953 0.003906
1 0.274414 0.936523 0.001953 0.001953
1 0.421875 0.935547 0.003906 0.003906
1 0.796875 0.932617 0.007812 0.005859
1 0.620117 0.928711 0.001953 0.001953
1 0.073242 0.928711 0.001953 0.001953
1 0.932617 0.926758 0.001953 0.001953
1 0.033203 0.924805 0.003906 0.001953
1 0.209961 0.920898 0.001953 0.001953
1 0.156250 0.920898 0.003906 0.001953
1 0.030273 0.919922 0.001953 0.003906
1 0.644531 0.916992 0.003906 0.001953
1 0.731445 0.915039 0.005859 0.001953
1 0.620117 0.915039 0.001953 0.001953
1 0.153320 0.915039 0.001953 0.001953
1 0.563477 0.946289 0.095703 0.068359
1 0.416992 0.914062 0.001953 0.003906
1 0.104492 0.911133 0.001953 0.001953
1 0.083008 0.911133 0.001953 0.001953
1 0.204102 0.911133 0.005859 0.005859
1 0.148438 0.911133 0.003906 0.005859
1 0.747070 0.918945 0.021484 0.025391
1 0.625977 0.907227 0.001953 0.001953
1 0.480469 0.913086 0.015625 0.017578
1 0.209961 0.905273 0.001953 0.001953
1 0.050781 0.906250 0.003906 0.003906
1 0.731445 0.906250 0.001953 0.007812
0 0.118164 0.905273 0.009766 0.005859
1 0.048828 0.901367 0.003906 0.001953
1 0.039062 0.904297 0.011719 0.007812
1 0.823242 0.900391 0.001953 0.003906
1 0.725586 0.900391 0.001953 0.003906
1 0.611328 0.901367 0.003906 0.005859
1 0.596680 0.899414 0.001953 0.001953
1 0.463867 0.899414 0.001953 0.001953
1 0.798828 0.896484 0.003906 0.003906
1 0.684570 0.895508 0.001953 0.001953
1 0.475586 0.893555 0.001953 0.001953
1 0.058594 0.894531 0.003906 0.003906
1 0.799805 0.891602 0.001953 0.001953
1 0.794922 0.892578 0.003906 0.003906
1 0.526367 0.891602 0.001953 0.001953
1 0.274414 0.889648 0.001953 0.001953
1 0.256836 0.889648 0.001953 0.001953
1 0.041992 0.889648 0.001953 0.001953
1 0.202148 0.887695 0.001953 0.001953
1 0.575195 0.885742 0.001953 0.001953
1 0.049805 0.887695 0.005859 0.005859
1 0.179688 0.896484 0.054688 0.027344
1 0.563477 0.881836 0.001953 0.001953
1 0.483398 0.881836 0.001953 0.001953
1 0.278320 0.882812 0.005859 0.003906
1 0.822266 0.886719 0.023438 0.023438
1 0.225586 0.874023 0.001953 0.001953
1 0.108398 0.881836 0.021484 0.017578
1 0.021484 0.876953 0.007812 0.007812
1 0.773438 0.882812 0.027344 0.023438
1 0.600586 0.873047 0.009766 0.003906
1 0.834961 0.871094 0.005859 0.003906
1 0.779297 0.870117 0.003906 0.001953
1 0.764648 0.870117 0.001953 0.001953
1 0.520508 0.870117 0.001953 0.001953
1 0.553711 0.866211 0.001953 0.001953
1 0.012695 0.866211 0.001953 0.001953
1 0.948242 0.864258 0.001953 0.001953
1 0.833008 0.864258 0.001953 0.001953
1 0.809570 0.864258 0.001953 0.001953
1 0.729492 0.864258 0.001953 0.001953
1 0.588867 0.873047 0.009766 0.019531
1 0.171875 0.873047 0.019531 0.019531
1 0.165039 0.864258 0.001953 0.001953
1 0.822266 0.868164 0.015625 0.013672
1 0.103516 0.862305 0.007812 0.001953
1 0.813477 0.860352 0.001953 0.001953
1 0.252930 0.860352 0.001953 0.001953
1 0.165039 0.860352 0.001953 0.001953
1 0.224609 0.857422 0.003906 0.003906
1 0.104492 0.856445 0.001953 0.001953
1 0.626953 0.852539 0.003906 0.001953
1 0.581055 0.852539 0.001953 0.001953
1 0.543945 0.852539 0.001953 0.001953
1 0.138672 0.925781 0.277344 0.148438
1 0.591797 0.855469 0.011719 0.015625
1 0.579102 0.848633 0.001953 0.001953
1 0.465820 0.855469 0.013672 0.019531
1 0.442383 0.853516 0.021484 0.015625
1 0.114258 0.846680 0.001953 0.001953
1 0.545898 0.846680 0.005859 0.005859
1 0.250977 0.861328 0.029297 0.035156
1 0.010742 0.851562 0.021484 0.015625
1 0.921875 0.920898 0.156250 0.158203
1 0.843750 0.843750 0.007812 0.003906
1 0.475586 0.842773 0.001953 0.001953
1 0.219727 0.842773 0.001953 0.001953
1 0.612305 0.840820 0.001953 0.001953
1 0.321289 0.840820 0.001953 0.001953
1 0.317383 0.840820 0.001953 0.001953
1 0.320312 0.848633 0.019531 0.017578
1 0.090820 0.840820 0.009766 0.005859
1 0.971680 0.836914 0.001953 0.001953
1 0.290039 0.836914 0.001953 0.001953
1 0.274414 0.834961 0.001953 0.001953
1 0.762695 0.833008 0.001953 0.001953
1 0.565430 0.861328 0.052734 0.058594
1 0.521484 0.836914 0.015625 0.009766
1 0.807617 0.827148 0.001953 0.001953
1 0.815430 0.825195 0.001953 0.001953
1 0.823242 0.837891 0.052734 0.031250
1 0.580078 0.825195 0.007812 0.005859
1 0.532227 0.823242 0.001953 0.001953
1 0.267578 0.840820 0.023438 0.041016
1 0.473633 0.819336 0.001953 0.001953
1 0.213867 0.819336 0.001953 0.001953
1 0.828125 0.818359 0.003906 0.003906
1 0.665039 0.817383 0.001953 0.001953
1 0.608398 0.815430 0.001953 0.001953
1 0.530273 0.815430 0.001953 0.001953
1 0.446289 0.815430 0.001953 0.001953
1 0.424805 0.815430 0.001953 0.001953
1 0.022461 0.817383 0.009766 0.005859
1 0.431641 0.814453 0.003906 0.003906
1 0.008789 0.813477 0.001953 0.001953
0 0.858398 0.811523 0.001953 0.001953
1 0.448242 0.811523 0.001953 0.001953
1 0.415039 0.811523 0.001953 0.001953
0 0.862305 0.810547 0.001953 0.003906
1 0.448242 0.807617 0.005859 0.001953
1 0.415039 0.807617 0.001953 0.001953
1 0.421875 0.808594 0.007812 0.007812
1 0.232422 0.805664 0.007812 0.005859
1 0.093750 0.799805 0.003906 0.001953
1 0.005859 0.804688 0.011719 0.011719
1 0.672852 0.861328 0.150391 0.128906
1 0.600586 0.797852 0.001953 0.001953
0 0.865234 0.795898 0.011719 0.005859
1 0.413086 0.794922 0.009766 0.003906
1 0.597656 0.792969 0.003906 0.003906
1 0.131836 0.791992 0.001953 0.001953
1 0.272461 0.795898 0.013672 0.013672
1 0.182617 0.791016 0.001953 0.003906
1 0.905273 0.786133 0.001953 0.001953
1 0.591797 0.786133 0.003906 0.001953
1 0.602539 0.784180 0.001953 0.001953
1 0.383789 0.784180 0.001953 0.001953
1 0.240234 0.788086 0.003906 0.009766
1 0.740234 0.782227 0.003906 0.001953
1 0.981445 0.809570 0.037109 0.060547
1 0.811523 0.778320 0.001953 0.001953
1 0.666016 0.779297 0.003906 0.003906
1 0.264648 0.779297 0.005859 0.003906
1 0.032227 0.778320 0.001953 0.001953
1 0.762695 0.776367 0.001953 0.001953
1 0.869141 0.775391 0.003906 0.003906
1 0.727539 0.774414 0.001953 0.001953
1 0.682617 0.774414 0.001953 0.001953
1 0.614258 0.774414 0.001953 0.001953
1 0.038086 0.774414 0.001953 0.001953
1 0.999023 0.772461 0.001953 0.001953
1 0.818359 0.773438 0.003906 0.003906
1 0.368164 0.790039 0.037109 0.037109
1 0.239258 0.776367 0.005859 0.009766
1 0.229492 0.773438 0.005859 0.003906
1 0.219727 0.772461 0.005859 0.001953
1 0.991211 0.770508 0.001953 0.001953
1 0.740234 0.774414 0.015625 0.013672
1 0.727539 0.768555 0.001953 0.001953
1 0.237305 0.769531 0.001953 0.003906
1 0.113281 0.788086 0.042969 0.041016
1 0.043945 0.768555 0.001953 0.001953
1 0.036133 0.768555 0.001953 0.001953
1 0.961914 0.766602 0.001953 0.001953
1 0.454102 0.766602 0.001953 0.001953
1 0.282227 0.766602 0.001953 0.001953
1 0.023438 0.784180 0.035156 0.037109
1 0.815430 0.764648 0.001953 0.001953
1 0.141602 0.769531 0.021484 0.011719
1 0.878906 0.788086 0.066406 0.052734
1 0.842773 0.762695 0.001953 0.001953
1 0.822266 0.762695 0.003906 0.001953
1 0.807617 0.766602 0.013672 0.009766
1 0.704102 0.762695 0.001953 0.001953
1 0.282227 0.762695 0.001953 0.001953
1 0.722656 0.762695 0.007812 0.005859
1 0.738281 0.760742 0.003906 0.009766
1 0.640625 0.782227 0.070312 0.056641
1 0.525391 0.788086 0.046875 0.068359
1 0.037109 0.755859 0.003906 0.003906
1 0.719727 0.752930 0.001953 0.001953
1 0.958008 0.754883 0.001953 0.009766
1 0.926758 0.754883 0.013672 0.009766
1 0.214844 0.750977 0.003906 0.001953
1 0.015625 0.752930 0.003906 0.005859
1 0.826172 0.755859 0.023438 0.015625
1 0.675781 0.753906 0.007812 0.011719
1 0.225586 0.758789 0.017578 0.021484
1 0.041992 0.749023 0.001953 0.001953
1 0.618164 0.743164 0.001953 0.001953
1 0.220703 0.746094 0.007812 0.007812
1 0.576172 0.769531 0.050781 0.058594
1 0.246094 0.744141 0.007812 0.007812
1 0.348633 0.739258 0.001953 0.001953
1 0.327148 0.739258 0.001953 0.001953
1 0.665039 0.739258 0.005859 0.005859
1 0.244141 0.737305 0.003906 0.001953
1 0.958984 0.735352 0.003906 0.001953
1 0.559570 0.735352 0.001953 0.001953
1 0.321289 0.735352 0.001953 0.001953
1 0.348633 0.733398 0.001953 0.001953
1 0.300781 0.754883 0.039062 0.044922
1 0.287109 0.734375 0.003906 0.003906
1 0.974609 0.755859 0.050781 0.050781
1 0.070312 0.744141 0.027344 0.027344
1 0.342773 0.729492 0.001953 0.001953
1 0.327148 0.731445 0.001953 0.005859
1 0.288086 0.729492 0.001953 0.001953
1 0.798828 0.740234 0.027344 0.027344
1 0.666992 0.728516 0.001953 0.003906
1 0.604492 0.727539 0.001953 0.001953
1 0.491211 0.747070 0.025391 0.044922
1 0.333008 0.725586 0.001953 0.001953
1 0.815430 0.724609 0.001953 0.003906
1 0.327148 0.724609 0.001953 0.003906
1 0.350586 0.719727 0.001953 0.001953
1 0.254883 0.723633 0.021484 0.009766
1 0.669922 0.721680 0.007812 0.009766
1 0.972656 0.718750 0.007812 0.011719
1 0.666992 0.713867 0.001953 0.001953
1 0.349609 0.714844 0.003906 0.003906
1 0.335938 0.715820 0.023438 0.013672
1 0.711914 0.740234 0.060547 0.066406
1 0.723633 0.708008 0.001953 0.001953
1 0.742188 0.706055 0.003906 0.001953
1 0.690430 0.706055 0.001953 0.001953
1 0.665039 0.706055 0.001953 0.001953
1 0.988281 0.704102 0.007812 0.005859
1 0.973633 0.702148 0.001953 0.001953
1 0.969727 0.702148 0.001953 0.001953
1 0.756836 0.702148 0.001953 0.001953
1 0.600586 0.702148 0.001953 0.001953
1 0.541992 0.702148 0.001953 0.001953
1 0.594727 0.722656 0.041016 0.046875
1 0.547852 0.708008 0.017578 0.017578
1 0.454102 0.708984 0.041016 0.023438
1 0.758789 0.696289 0.001953 0.001953
1 0.752930 0.694336 0.005859 0.005859
1 0.399414 0.692383 0.001953 0.001953
1 0.313477 0.692383 0.001953 0.001953
1 0.317383 0.691406 0.001953 0.003906
1 0.313477 0.686523 0.001953 0.001953
1 0.977539 0.684570 0.001953 0.001953
1 0.968750 0.688477 0.011719 0.009766
1 0.791992 0.682617 0.001953 0.001953
1 0.059570 0.682617 0.001953 0.001953
1 0.055664 0.683594 0.001953 0.003906
1 0.602539 0.682617 0.005859 0.005859
1 0.801758 0.680664 0.009766 0.005859
1 0.377930 0.678711 0.001953 0.001953
1 0.274414 0.678711 0.001953 0.001953
1 0.178711 0.680664 0.005859 0.005859
1 0.067383 0.683594 0.017578 0.011719
1 0.427734 0.746094 0.113281 0.140625
1 0.381836 0.676758 0.001953 0.001953
1 0.303711 0.681641 0.013672 0.011719
1 0.268555 0.675781 0.001953 0.003906
1 0.618164 0.672852 0.001953 0.001953
1 0.162109 0.684570 0.027344 0.025391
1 0.801758 0.670898 0.001953 0.001953
1 0.403320 0.670898 0.001953 0.001953
1 0.390625 0.670898 0.003906 0.001953
1 0.600586 0.666992 0.001953 0.001953
1 0.569336 0.667969 0.001953 0.003906
1 0.403320 0.666992 0.001953 0.001953
1 0.274414 0.666992 0.001953 0.001953
1 0.795898 0.666992 0.005859 0.005859
1 0.666992 0.666992 0.001953 0.005859
1 0.077148 0.669922 0.009766 0.011719
1 0.602539 0.663086 0.001953 0.001953
1 0.283203 0.664062 0.007812 0.007812
1 0.916992 0.659180 0.001953 0.001953
1 0.831055 0.659180 0.001953 0.001953
1 0.805664 0.661133 0.005859 0.005859
1 0.409180 0.659180 0.001953 0.001953
1 0.677734 0.661133 0.007812 0.009766
1 0.965820 0.655273 0.001953 0.001953
1 0.705078 0.657227 0.003906 0.005859
1 0.543945 0.655273 0.001953 0.001953
1 0.856445 0.671875 0.041016 0.039062
1 0.787109 0.648438 0.003906 0.003906
1 0.643555 0.659180 0.037109 0.033203
1 0.794922 0.642578 0.003906 0.003906
1 0.688477 0.641602 0.001953 0.001953
1 0.140625 0.646484 0.015625 0.015625
1 0.794922 0.637695 0.003906 0.001953
1 0.706055 0.635742 0.001953 0.001953
1 0.524414 0.635742 0.001953 0.001953
1 0.275391 0.647461 0.031250 0.025391
1 0.934570 0.631836 0.001953 0.001953
1 0.979492 0.665039 0.041016 0.072266
1 0.671875 0.627930 0.007812 0.005859
1 0.022461 0.627930 0.005859 0.005859
1 0.936523 0.624023 0.001953 0.001953
1 0.000977 0.624023 0.001953 0.001953
1 0.935547 0.620117 0.003906 0.001953
1 0.750977 0.658203 0.076172 0.078125
1 0.790039 0.623047 0.009766 0.011719
1 0.702148 0.616211 0.001953 0.001953
1 0.946289 0.613281 0.013672 0.007812
1 0.038086 0.615234 0.013672 0.015625
1 0.645508 0.602539 0.001953 0.001953
1 0.971680 0.603516 0.005859 0.007812
1 0.645508 0.598633 0.001953 0.001953
1 0.641602 0.598633 0.001953 0.001953
1 0.061523 0.601562 0.009766 0.007812
1 0.016602 0.610352 0.033203 0.025391
1 0.988281 0.612305 0.023438 0.033203
1 0.918945 0.598633 0.005859 0.005859
1 0.970703 0.595703 0.003906 0.003906
1 0.870117 0.620117 0.041016 0.076172
1 0.633789 0.583008 0.001953 0.001953
1 0.870117 0.581055 0.001953 0.001953
1 0.695312 0.580078 0.003906 0.003906
1 0.723633 0.577148 0.001953 0.001953
1 0.495117 0.578125 0.013672 0.007812
1 0.018555 0.575195 0.001953 0.001953
1 0.759766 0.582031 0.015625 0.019531
1 0.709961 0.578125 0.013672 0.011719
1 0.495117 0.571289 0.001953 0.001953
1 0.956055 0.583008 0.029297 0.029297
1 0.734375 0.587891 0.031250 0.039062
1 0.512695 0.567383 0.001953 0.001953
1 0.045898 0.569336 0.001953 0.005859
1 0.006836 0.568359 0.005859 0.003906
1 0.694336 0.561523 0.001953 0.001953
1 0.000977 0.561523 0.001953 0.001953
1 0.198242 0.553711 0.001953 0.001953
1 0.006836 0.553711 0.001953 0.001953
1 0.598633 0.549805 0.001953 0.001953
1 0.517578 0.549805 0.003906 0.001953
1 0.503906 0.555664 0.019531 0.013672
1 0.049805 0.549805 0.001953 0.001953
1 0.028320 0.547852 0.001953 0.001953
1 0.977539 0.549805 0.009766 0.009766
1 0.485352 0.545898 0.001953 0.001953
1 0.025391 0.564453 0.042969 0.039062
1 0.448242 0.553711 0.013672 0.021484
1 0.458008 0.548828 0.017578 0.015625
1 0.989258 0.541016 0.005859 0.003906
1 0.874023 0.538086 0.001953 0.001953
1 0.869141 0.539062 0.003906 0.003906
1 0.047852 0.539062 0.005859 0.003906
1 0.041992 0.538086 0.001953 0.001953
1 0.026367 0.538086 0.001953 0.001953
1 0.997070 0.543945 0.005859 0.017578
1 0.833984 0.536133 0.007812 0.001953
1 0.821289 0.536133 0.001953 0.001953
1 0.657227 0.536133 0.001953 0.001953
1 0.663086 0.605469 0.103516 0.140625
1 0.825195 0.534180 0.001953 0.001953
1 0.764648 0.534180 0.001953 0.001953
1 0.614258 0.536133 0.005859 0.005859
1 0.874023 0.533203 0.001953 0.003906
1 0.077148 0.537109 0.013672 0.011719
1 0.061523 0.532227 0.001953 0.001953
1 0.610352 0.530273 0.001953 0.001953
1 0.056641 0.531250 0.003906 0.003906
1 0.735352 0.528320 0.001953 0.001953
1 0.668945 0.528320 0.001953 0.001953
1 0.163086 0.531250 0.005859 0.011719
1 0.013672 0.526367 0.007812 0.001953
1 0.001953 0.526367 0.003906 0.001953
1 0.743164 0.524414 0.001953 0.001953
1 0.736328 0.524414 0.003906 0.001953
1 0.054688 0.525391 0.003906 0.003906
1 0.740234 0.545898 0.042969 0.048828
1 0.020508 0.523438 0.013672 0.007812
1 0.014648 0.518555 0.001953 0.001953
1 0.735352 0.517578 0.005859 0.003906
1 0.820312 0.523438 0.015625 0.019531
1 0.729492 0.514648 0.001953 0.001953
1 0.949219 0.508789 0.007812 0.005859
1 0.750000 0.504883 0.003906 0.001953
1 0.740234 0.504883 0.003906 0.001953
1 0.974609 0.518555 0.042969 0.041016
1 0.841797 0.499023 0.003906 0.001953
1 0.083008 0.499023 0.001953 0.001953
1 0.001953 0.500000 0.003906 0.003906
1 0.748047 0.498047 0.003906 0.003906
1 0.080078 0.495117 0.007812 0.001953
1 0.001953 0.495117 0.003906 0.001953
1 0.682617 0.491211 0.001953 0.001953
1 0.694336 0.506836 0.041016 0.048828
0 0.006836 0.491211 0.013672 0.017578
1 0.779297 0.479492 0.003906 0.001953
1 0.051758 0.486328 0.017578 0.015625
1 0.790039 0.477539 0.005859 0.001953
1 0.172852 0.477539 0.001953 0.001953
1 0.795898 0.474609 0.001953 0.003906
0 0.001953 0.476562 0.003906 0.007812
0 0.008789 0.475586 0.005859 0.009766
1 0.809570 0.467773 0.001953 0.001953
1 0.155273 0.465820 0.001953 0.001953
0 0.040039 0.465820 0.001953 0.001953
0 0.001953 0.465820 0.003906 0.001953
1 0.790039 0.459961 0.001953 0.001953
1 0.857422 0.481445 0.070312 0.052734
1 0.993164 0.454102 0.001953 0.001953
1 0.834961 0.455078 0.001953 0.003906
1 0.729492 0.454102 0.001953 0.001953
1 0.557617 0.448242 0.001953 0.001953
1 0.942383 0.447266 0.005859 0.003906
1 0.847656 0.447266 0.003906 0.003906
1 0.762695 0.460938 0.041016 0.031250
1 0.844727 0.442383 0.001953 0.001953
1 0.656250 0.456055 0.027344 0.029297
1 0.549805 0.442383 0.001953 0.001953
1 0.407227 0.441406 0.001953 0.003906
1 0.666016 0.439453 0.003906 0.003906
1 0.420898 0.444336 0.005859 0.013672
1 0.414062 0.440430 0.003906 0.005859
1 0.548828 0.437500 0.003906 0.003906
1 0.382812 0.436523 0.003906 0.001953
0 0.034180 0.448242 0.021484 0.025391
1 0.420898 0.434570 0.001953 0.001953
1 0.415039 0.434570 0.001953 0.001953
0 0.041992 0.437500 0.005859 0.007812
1 0.995117 0.444336 0.009766 0.025391
1 0.715820 0.445312 0.029297 0.027344
1 0.400391 0.437500 0.007812 0.011719
1 0.777344 0.431641 0.003906 0.003906
1 0.420898 0.430664 0.001953 0.001953
1 0.415039 0.430664 0.001953 0.001953
1 0.999023 0.428711 0.001953 0.001953
0 0.000977 0.428711 0.001953 0.001953
1 0.729492 0.426758 0.001953 0.001953
1 0.725586 0.426758 0.001953 0.001953
1 0.083008 0.427734 0.001953 0.003906
0 0.020508 0.426758 0.001953 0.001953
1 0.986328 0.425781 0.003906 0.003906
1 0.089844 0.426758 0.003906 0.005859
1 0.380859 0.427734 0.015625 0.011719
1 0.991211 0.421875 0.005859 0.003906
1 0.479492 0.421875 0.001953 0.003906
1 0.475586 0.420898 0.001953 0.001953
1 0.692383 0.417969 0.001953 0.003906
1 0.412109 0.419922 0.003906 0.007812
1 0.406250 0.417969 0.003906 0.003906
1 0.067383 0.415039 0.001953 0.001953
1 0.174805 0.413086 0.001953 0.001953
1 0.100586 0.413086 0.001953 0.001953
1 0.067383 0.411133 0.001953 0.001953
1 0.051758 0.412109 0.005859 0.003906
1 0.105469 0.409180 0.003906 0.001953
1 0.098633 0.409180 0.001953 0.001953
1 0.063477 0.409180 0.001953 0.001953
1 0.059570 0.409180 0.001953 0.001953
1 0.104492 0.405273 0.001953 0.001953
1 0.018555 0.405273 0.001953 0.001953
0 0.020508 0.416016 0.041016 0.023438
1 0.189453 0.404297 0.003906 0.003906
1 0.008789 0.403320 0.001953 0.001953
1 0.016602 0.401367 0.001953 0.001953
1 0.024414 0.400391 0.001953 0.003906
1 0.006836 0.398438 0.001953 0.003906
1 0.032227 0.396484 0.009766 0.003906
1 0.202148 0.393555 0.001953 0.001953
1 0.171875 0.403320 0.019531 0.021484
1 0.163086 0.393555 0.001953 0.001953
1 0.890625 0.425781 0.218750 0.070312
1 0.446289 0.391602 0.001953 0.001953
1 0.071289 0.389648 0.005859 0.001953
1 0.098633 0.390625 0.005859 0.007812
1 0.008789 0.383789 0.001953 0.001953
1 0.191406 0.390625 0.019531 0.019531
1 0.424805 0.379883 0.001953 0.001953
1 0.055664 0.377930 0.001953 0.001953
1 0.021484 0.384766 0.035156 0.015625
1 0.807617 0.375977 0.001953 0.001953
1 0.435547 0.391602 0.019531 0.033203
1 0.054688 0.374023 0.003906 0.001953
1 0.112305 0.381836 0.017578 0.021484
1 0.810547 0.369141 0.007812 0.003906
1 0.049805 0.368164 0.001953 0.001953
1 0.380859 0.358398 0.003906 0.001953
1 0.484375 0.356445 0.003906 0.001953
1 0.416992 0.356445 0.001953 0.001953
1 0.373047 0.358398 0.007812 0.005859
1 0.155273 0.358398 0.009766 0.005859
1 0.599609 0.355469 0.003906 0.003906
1 0.577148 0.354492 0.001953 0.001953
1 0.587891 0.360352 0.039062 0.025391
1 0.214844 0.353516 0.015625 0.011719
1 0.343750 0.356445 0.027344 0.021484
1 0.418945 0.344727 0.001953 0.001953
1 0.380859 0.346680 0.007812 0.005859
1 0.595703 0.343750 0.003906 0.003906
1 0.221680 0.343750 0.005859 0.003906
1 0.206055 0.345703 0.021484 0.007812
1 0.587891 0.341797 0.003906 0.003906
1 0.192383 0.340820 0.009766 0.005859
1 0.362305 0.339844 0.013672 0.011719
1 0.512695 0.329102 0.001953 0.001953
1 0.516602 0.328125 0.001953 0.003906
1 0.394531 0.333008 0.015625 0.017578
1 0.506836 0.325195 0.005859 0.005859
1 0.577148 0.333008 0.013672 0.025391
1 0.575195 0.319336 0.001953 0.001953
1 0.185547 0.319336 0.003906 0.005859
1 0.180664 0.317383 0.001953 0.001953
1 0.283203 0.319336 0.027344 0.017578
1 0.212891 0.319336 0.015625 0.017578
1 0.844727 0.304688 0.005859 0.011719
1 0.846680 0.297852 0.001953 0.001953
1 0.837891 0.296875 0.003906 0.003906
0 0.551758 0.298828 0.021484 0.011719
1 0.124023 0.291992 0.001953 0.001953
1 0.088867 0.291992 0.005859 0.001953
1 0.076172 0.291992 0.003906 0.001953
1 0.124023 0.288086 0.001953 0.001953
1 0.098633 0.288086 0.001953 0.001953
1 0.020508 0.288086 0.001953 0.001953
1 0.837891 0.289062 0.007812 0.007812
1 0.133789 0.291992 0.013672 0.017578
1 0.840820 0.282227 0.001953 0.001953
1 0.083008 0.285156 0.009766 0.007812
1 0.834961 0.281250 0.001953 0.003906
1 0.374023 0.284180 0.013672 0.009766
1 0.002930 0.280273 0.001953 0.001953
1 0.842773 0.278320 0.001953 0.001953
0 0.533203 0.282227 0.007812 0.009766
1 0.008789 0.279297 0.005859 0.003906
0 0.529297 0.277344 0.003906 0.003906
1 0.110352 0.276367 0.001953 0.001953
1 0.836914 0.275391 0.001953 0.003906
1 0.104492 0.272461 0.001953 0.001953
1 0.100586 0.270508 0.001953 0.001953
1 0.094727 0.270508 0.001953 0.001953
1 0.458008 0.268555 0.001953 0.001953
1 0.028320 0.276367 0.021484 0.017578
0 0.482422 0.267578 0.003906 0.003906
1 0.038086 0.264648 0.001953 0.001953
1 0.460938 0.263672 0.003906 0.003906
1 0.034180 0.262695 0.001953 0.001953
1 0.471680 0.267578 0.005859 0.015625
1 0.463867 0.258789 0.001953 0.001953
1 0.000977 0.258789 0.001953 0.001953
1 0.686523 0.256836 0.001953 0.001953
1 0.456055 0.257812 0.005859 0.003906
1 0.075195 0.256836 0.001953 0.001953
0 0.155273 0.254883 0.001953 0.001953
1 0.777344 0.257812 0.011719 0.011719
1 0.073242 0.252930 0.001953 0.001953
1 0.743164 0.250977 0.001953 0.001953
1 0.685547 0.250977 0.003906 0.001953
1 0.736328 0.250000 0.011719 0.011719
1 0.439453 0.246094 0.007812 0.007812
1 0.430664 0.243164 0.001953 0.001953
1 0.830078 0.233398 0.003906 0.005859
1 0.846680 0.229492 0.001953 0.001953
1 0.827148 0.229492 0.001953 0.001953
1 0.816406 0.244141 0.015625 0.035156
1 0.729492 0.227539 0.001953 0.001953
1 0.725586 0.227539 0.001953 0.001953
1 0.713867 0.227539 0.001953 0.001953
1 0.708008 0.227539 0.001953 0.001953
1 0.693359 0.227539 0.003906 0.001953
1 0.608398 0.225586 0.001953 0.001953
1 0.584961 0.226562 0.001953 0.003906
1 0.735352 0.223633 0.005859 0.001953
1 0.727539 0.223633 0.001953 0.001953
0 0.526367 0.223633 0.001953 0.001953
1 0.702148 0.219727 0.001953 0.001953
1 0.694336 0.219727 0.001953 0.001953
1 0.749023 0.215820 0.001953 0.001953
1 0.639648 0.214844 0.001953 0.003906
1 0.549805 0.209961 0.001953 0.001953
1 0.747070 0.209961 0.005859 0.005859
1 0.032227 0.208984 0.001953 0.003906
1 0.024414 0.210938 0.009766 0.011719
1 0.045898 0.204102 0.001953 0.001953
1 0.040039 0.204102 0.001953 0.001953
1 0.752930 0.199219 0.001953 0.003906
1 0.673828 0.199219 0.003906 0.003906
1 0.666992 0.196289 0.001953 0.001953
1 0.551758 0.194336 0.001953 0.001953
1 0.752930 0.189453 0.013672 0.007812
1 0.479492 0.187500 0.001953 0.003906
1 0.097656 0.195312 0.027344 0.019531
1 0.239258 0.184570 0.001953 0.001953
0 0.136719 0.186523 0.003906 0.005859
0 0.131836 0.184570 0.001953 0.001953
1 0.695312 0.225586 0.105469 0.087891
1 0.235352 0.182617 0.001953 0.001953
1 0.266602 0.180664 0.001953 0.001953
1 0.138672 0.180664 0.003906 0.001953
1 0.582031 0.243164 0.132812 0.138672
1 0.370117 0.174805 0.001953 0.001953
1 0.541992 0.176758 0.005859 0.013672
1 0.560547 0.171875 0.019531 0.023438
1 0.079102 0.162109 0.001953 0.003906
1 0.586914 0.159180 0.001953 0.001953
1 0.550781 0.160156 0.003906 0.003906
1 0.053711 0.159180 0.001953 0.001953
1 0.059570 0.152344 0.001953 0.003906
1 0.086914 0.149414 0.001953 0.001953
1 0.036133 0.155273 0.041016 0.033203
1 0.785156 0.137695 0.003906 0.001953
1 0.036133 0.135742 0.001953 0.001953
1 0.723633 0.133789 0.001953 0.001953
1 0.372070 0.134766 0.001953 0.003906
1 0.026367 0.134766 0.013672 0.003906
1 0.258789 0.132812 0.001953 0.003906
1 0.372070 0.129883 0.001953 0.001953
1 0.155273 0.156250 0.048828 0.054688
1 0.747070 0.127930 0.001953 0.001953
1 0.775391 0.129883 0.019531 0.009766
1 0.278320 0.125977 0.001953 0.001953
1 0.372070 0.123047 0.001953 0.003906
1 0.096680 0.122070 0.001953 0.001953
0 0.743164 0.120117 0.013672 0.009766
1 0.375977 0.116211 0.001953 0.001953
1 0.254883 0.116211 0.001953 0.001953
1 0.096680 0.116211 0.001953 0.001953
1 0.254883 0.112305 0.001953 0.001953
1 0.111328 0.117188 0.007812 0.011719
1 0.104492 0.112305 0.001953 0.001953
1 0.188477 0.113281 0.005859 0.007812
1 0.383789 0.114258 0.009766 0.013672
0 0.117188 0.108398 0.007812 0.001953
1 0.061523 0.108398 0.001953 0.001953
1 0.054688 0.108398 0.007812 0.001953
0 0.770508 0.106445 0.009766 0.005859
1 0.042969 0.108398 0.011719 0.009766
1 0.038086 0.105469 0.001953 0.003906
1 0.611328 0.136719 0.066406 0.070312
1 0.098633 0.106445 0.005859 0.009766
1 0.256836 0.100586 0.001953 0.001953
1 0.181641 0.103516 0.019531 0.011719
1 0.001953 0.102539 0.003906 0.009766
1 0.299805 0.094727 0.001953 0.001953
1 0.295898 0.094727 0.001953 0.001953
1 0.592773 0.092773 0.001953 0.001953
1 0.514648 0.096680 0.009766 0.009766
1 0.288086 0.093750 0.001953 0.003906
1 0.000977 0.092773 0.001953 0.001953
1 0.450195 0.086914 0.001953 0.001953
1 0.009766 0.088867 0.003906 0.005859
1 0.364258 0.084961 0.001953 0.001953
1 0.956055 0.085938 0.013672 0.007812
1 0.512695 0.083008 0.001953 0.001953
1 0.374023 0.083984 0.013672 0.003906
1 0.268555 0.104492 0.029297 0.044922
1 0.075195 0.083984 0.005859 0.003906
1 0.565430 0.081055 0.001953 0.001953
1 0.358398 0.082031 0.001953 0.003906
1 0.246094 0.083008 0.015625 0.013672
1 0.232422 0.081055 0.007812 0.009766
1 0.319336 0.075195 0.001953 0.001953
1 0.196289 0.077148 0.005859 0.005859
1 0.287109 0.074219 0.003906 0.003906
1 0.154297 0.078125 0.007812 0.011719
0 0.145508 0.073242 0.001953 0.001953
1 0.004883 0.080078 0.009766 0.019531
0 0.715820 0.065430 0.001953 0.001953
1 0.050781 0.065430 0.003906 0.001953
1 0.416992 0.063477 0.001953 0.001953
1 0.327148 0.063477 0.001953 0.001953
1 0.024414 0.063477 0.001953 0.001953
1 0.018555 0.063477 0.001953 0.001953
1 0.424805 0.062500 0.009766 0.003906
1 0.309570 0.122070 0.142578 0.123047
1 0.354492 0.057617 0.001953 0.001953
1 0.054688 0.059570 0.007812 0.005859
1 0.037109 0.061523 0.015625 0.009766
1 0.245117 0.055664 0.001953 0.001953
1 0.333008 0.053711 0.001953 0.001953
1 0.325195 0.053711 0.001953 0.001953
1 0.004883 0.060547 0.009766 0.015625
1 0.793945 0.054688 0.009766 0.007812
1 0.438477 0.051758 0.001953 0.001953
1 0.304688 0.051758 0.003906 0.001953
1 0.148438 0.052734 0.003906 0.003906
1 0.806641 0.050781 0.003906 0.003906
0 0.493164 0.047852 0.001953 0.001953
1 0.434570 0.047852 0.001953 0.001953
1 0.336914 0.049805 0.001953 0.005859
1 0.278320 0.045898 0.001953 0.001953
1 0.254883 0.045898 0.001953 0.001953
1 0.826172 0.043945 0.003906 0.001953
1 0.336914 0.043945 0.001953 0.001953
1 0.442383 0.044922 0.009766 0.007812
1 0.791016 0.041992 0.015625 0.005859
1 0.334961 0.040039 0.001953 0.001953
1 0.256836 0.040039 0.001953 0.001953
1 0.313477 0.036133 0.001953 0.001953
0 0.530273 0.034180 0.001953 0.001953
0 0.527344 0.038086 0.011719 0.013672
1 0.307617 0.034180 0.001953 0.005859
1 0.030273 0.032227 0.001953 0.001953
0 0.522461 0.026367 0.001953 0.001953
1 0.025391 0.028320 0.003906 0.005859
1 0.719727 0.024414 0.001953 0.001953
0 0.510742 0.020508 0.001953 0.001953
0 0.432617 0.022461 0.005859 0.005859
1 0.060547 0.024414 0.015625 0.013672
1 0.258789 0.016602 0.001953 0.001953
1 0.392578 0.034180 0.046875 0.041016
1 0.364258 0.010742 0.001953 0.001953
1 0.349609 0.011719 0.003906 0.003906
1 0.066406 0.009766 0.011719 0.003906
1 0.096680 0.006836 0.005859 0.001953
1 0.094727 0.002930 0.001953 0.001953
1 0.735352 0.063477 0.529297 0.126953
1 0.321289 0.002930 0.005859 0.005859
1 0.292969 0.001953 0.003906 0.003906
1 0.281250 0.026367 0.046875 0.052734
1 0.061523 0.002930 0.009766 0.005859
1 0.051758 0.000977 0.001953 0.001953
1 0.037109 0.000977 0.003906 0.001953
1 0.028320 0.000977 0.009766 0.001953
1 0.004883 0.000977 0.001953 0.001953
1 0.000977 0.000977 0.001953 0.001953
3 0.209961 0.999023 0.001953 0.001953
2 0.006836 0.998047 0.013672 0.003906
3 0.948242 0.995117 0.001953 0.001953
3 0.992188 0.995117 0.015625 0.009766
2 0.184570 0.977539 0.001953 0.001953
2 0.043945 0.986328 0.041016 0.027344
3 0.260742 0.959961 0.001953 0.001953
3 0.143555 0.958008 0.001953 0.001953
3 0.153320 0.958008 0.005859 0.005859
3 0.883789 0.953125 0.013672 0.011719
3 0.069336 0.942383 0.001953 0.001953
3 0.219727 0.936523 0.001953 0.001953
3 0.169922 0.934570 0.003906 0.001953
3 0.141602 0.934570 0.001953 0.001953
3 0.148438 0.932617 0.003906 0.005859
3 0.206055 0.927734 0.001953 0.003906
3 0.102539 0.924805 0.009766 0.009766
3 0.250977 0.909180 0.001953 0.001953
3 0.226562 0.905273 0.007812 0.005859
3 0.936523 0.854492 0.001953 0.001953
3 0.998047 0.824219 0.003906 0.003906
3 0.967773 0.750000 0.001953 0.003906
3 0.981445 0.737305 0.001953 0.001953
3 0.997070 0.696289 0.001953 0.001953
2 0.987305 0.671875 0.001953 0.003906
3 0.995117 0.673828 0.009766 0.019531
2 0.999023 0.657227 0.001953 0.009766
2 0.988281 0.654297 0.003906 0.003906
2 0.968750 0.642578 0.003906 0.003906
3 0.016602 0.620117 0.001953 0.001953
3 0.009766 0.616211 0.003906 0.001953
3 0.000977 0.614258 0.001953 0.001953
3 0.979492 0.604492 0.001953 0.001953
3 0.820312 0.431641 0.003906 0.003906
2 0.006836 0.416992 0.001953 0.001953
3 0.856445 0.401367 0.001953 0.001953
3 0.644531 0.090820 0.003906 0.001953
3 0.533203 0.080078 0.003906 0.003906
3 0.577148 0.075195 0.001953 0.001953
3 0.571289 0.075195 0.001953 0.001953
3 0.635742 0.073242 0.001953 0.001953
3 0.973633 0.067383 0.001953 0.001953
3 0.641602 0.064453 0.005859 0.003906
3 0.630859 0.061523 0.003906 0.001953
3 0.625977 0.061523 0.001953 0.001953
3 0.563477 0.057617 0.001953 0.001953
3 0.557617 0.055664 0.001953 0.001953
3 0.731445 0.041992 0.001953 0.001953
3 0.811523 0.041016 0.001953 0.003906
3 0.737305 0.037109 0.005859 0.003906
3 0.614258 0.036133 0.001953 0.001953
3 0.735352 0.026367 0.001953 0.001953
3 0.734375 0.022461 0.003906 0.001953
3 0.611328 0.016602 0.003906 0.001953
3 0.587891 0.040039 0.105469 0.056641
3 0.847656 0.032227 0.304688 0.064453
3 0.578125 0.001953 0.015625 0.003906
3 0.500000 0.500000 1.000000 1.000000