1 0.612305 0.997070 0.009766 0.005859
0 0.700195 0.996094 0.041016 0.007812
0 0.005859 0.995117 0.011719 0.009766
1 0.625000 0.994141 0.007812 0.011719
1 0.445312 0.994141 0.019531 0.011719
1 0.569336 0.987305 0.005859 0.001953
1 0.215820 0.993164 0.021484 0.013672
0 0.031250 0.993164 0.031250 0.013672
1 0.234375 0.985352 0.003906 0.001953
0 0.109375 0.992188 0.078125 0.015625
0 0.930664 0.985352 0.001953 0.005859
1 0.766602 0.986328 0.005859 0.007812
1 0.065430 0.983398 0.001953 0.001953
1 0.574219 0.983398 0.007812 0.005859
1 0.604492 0.977539 0.001953 0.001953
1 0.583008 0.978516 0.005859 0.007812
0 0.903320 0.977539 0.005859 0.013672
1 0.597656 0.974609 0.007812 0.007812
0 0.994141 0.984375 0.011719 0.031250
1 0.546875 0.969727 0.003906 0.001953
1 0.387695 0.969727 0.001953 0.001953
1 0.533203 0.971680 0.007812 0.009766
1 0.355469 0.965820 0.007812 0.005859
1 0.629883 0.961914 0.001953 0.001953
1 0.375977 0.961914 0.001953 0.001953
0 0.911133 0.979492 0.017578 0.041016
1 0.395508 0.962891 0.009766 0.007812
1 0.075195 0.969727 0.021484 0.021484
1 0.613281 0.956055 0.003906 0.001953
1 0.095703 0.961914 0.023438 0.013672
1 0.077148 0.956055 0.001953 0.001953
1 0.616211 0.964844 0.037109 0.023438
1 0.543945 0.949219 0.001953 0.007812
0 0.908203 0.952148 0.019531 0.025391
0 0.240234 0.957031 0.023438 0.039062
1 0.193359 0.938477 0.003906 0.001953
1 0.185547 0.946289 0.023438 0.017578
1 0.270508 0.953125 0.033203 0.035156
0 0.234375 0.941406 0.007812 0.011719
0 0.224609 0.943359 0.007812 0.015625
1 0.658203 0.936523 0.003906 0.005859
1 0.370117 0.934570 0.001953 0.001953
0 0.920898 0.937500 0.005859 0.011719
0 0.246094 0.932617 0.003906 0.001953
1 0.725586 0.930664 0.001953 0.001953
1 0.272461 0.930664 0.001953 0.001953
0 0.941406 0.963867 0.031250 0.072266
1 0.299805 0.928711 0.001953 0.001953
1 0.151367 0.930664 0.009766 0.005859
1 0.632812 0.930664 0.007812 0.009766
1 0.286133 0.927734 0.005859 0.003906
1 0.153320 0.926758 0.001953 0.001953
1 0.722656 0.923828 0.003906 0.003906
1 0.563477 0.928711 0.013672 0.013672
1 0.268555 0.922852 0.001953 0.001953
0 0.238281 0.925781 0.019531 0.011719
0 0.224609 0.923828 0.007812 0.007812
1 0.982422 0.938477 0.035156 0.044922
1 0.627930 0.918945 0.005859 0.005859
1 0.249023 0.915039 0.001953 0.001953
1 0.957031 0.916016 0.003906 0.007812
0 0.245117 0.913086 0.001953 0.001953
1 0.205078 0.912109 0.003906 0.003906
1 0.940430 0.911133 0.005859 0.005859
0 0.947266 0.919922 0.007812 0.027344
1 0.711914 0.906250 0.005859 0.003906
1 0.405273 0.909180 0.005859 0.009766
1 0.155273 0.905273 0.001953 0.001953
0 0.023438 0.933594 0.046875 0.062500
1 0.168945 0.901367 0.001953 0.001953
1 0.455078 0.906250 0.007812 0.015625
1 0.522461 0.901367 0.009766 0.009766
1 0.107422 0.899414 0.003906 0.005859
0 0.644531 0.912109 0.023438 0.035156
1 0.422852 0.909180 0.021484 0.029297
0 0.289062 0.906250 0.015625 0.023438
1 0.077148 0.895508 0.005859 0.001953
1 0.539062 0.912109 0.031250 0.039062
1 0.226562 0.903320 0.031250 0.021484
1 0.134766 0.895508 0.003906 0.005859
1 0.121094 0.898438 0.011719 0.011719
1 0.631836 0.895508 0.013672 0.013672
1 0.135742 0.889648 0.001953 0.001953
1 0.499023 0.891602 0.013672 0.009766
0 0.912109 0.915039 0.039062 0.060547
1 0.271484 0.895508 0.011719 0.021484
1 0.643555 0.884766 0.001953 0.003906
1 0.547852 0.883789 0.001953 0.001953
0 0.510742 0.883789 0.001953 0.001953
0 0.688477 0.881836 0.001953 0.001953
1 0.208984 0.887695 0.007812 0.013672
1 0.175781 0.887695 0.011719 0.013672
0 0.693359 0.877930 0.007812 0.001953
0 0.705078 0.938477 0.136719 0.123047
1 0.419922 0.888672 0.019531 0.023438
1 0.424805 0.875000 0.001953 0.003906
1 0.247070 0.885742 0.025391 0.025391
1 0.172852 0.874023 0.001953 0.001953
0 0.102539 0.874023 0.001953 0.001953
0 0.021484 0.886719 0.042969 0.031250
1 0.972656 0.897461 0.054688 0.056641
1 0.429688 0.871094 0.003906 0.003906
1 0.125000 0.878906 0.039062 0.019531
1 0.285156 0.869141 0.007812 0.003906
0 0.716797 0.874023 0.027344 0.017578
1 0.341797 0.875000 0.011719 0.019531
1 0.065430 0.862305 0.001953 0.001953
1 0.654297 0.864258 0.011719 0.009766
1 0.649414 0.858398 0.001953 0.001953
1 0.209961 0.856445 0.001953 0.001953
1 0.432617 0.854492 0.001953 0.001953
1 0.103516 0.852539 0.003906 0.001953
1 0.570312 0.851562 0.007812 0.011719
1 0.272461 0.846680 0.001953 0.001953
1 0.170898 0.853516 0.005859 0.015625
1 0.057617 0.844727 0.001953 0.001953
1 0.672852 0.855469 0.013672 0.027344
1 0.040039 0.840820 0.001953 0.001953
1 0.585938 0.840820 0.007812 0.009766
0 0.565430 0.839844 0.005859 0.007812
1 0.195312 0.843750 0.019531 0.023438
1 0.031250 0.843750 0.062500 0.027344
0 0.227539 0.837891 0.033203 0.019531
1 0.118164 0.847656 0.037109 0.042969
1 0.570312 0.829102 0.003906 0.009766
1 0.962891 0.829102 0.003906 0.013672
1 0.003906 0.823242 0.003906 0.005859
0 0.666992 0.825195 0.005859 0.013672
1 0.606445 0.824219 0.009766 0.015625
0 0.264648 0.829102 0.052734 0.029297
1 0.153320 0.816406 0.005859 0.007812
1 0.339844 0.811523 0.003906 0.001953
0 0.057617 0.811523 0.005859 0.005859
1 0.175781 0.813477 0.015625 0.021484
1 0.142578 0.806641 0.003906 0.007812
0 0.680664 0.808594 0.017578 0.015625
1 0.331055 0.801758 0.001953 0.001953
0 0.291992 0.813477 0.025391 0.025391
1 0.235352 0.802734 0.001953 0.003906
1 0.456055 0.799805 0.001953 0.001953
1 0.145508 0.797852 0.001953 0.001953
1 0.595703 0.812500 0.007812 0.035156
1 0.241211 0.801758 0.009766 0.013672
1 0.133789 0.792969 0.001953 0.003906
1 0.375000 0.789062 0.023438 0.015625
1 0.341797 0.783203 0.003906 0.003906
1 0.392578 0.819336 0.097656 0.080078
1 0.336914 0.780273 0.001953 0.001953
1 0.153320 0.780273 0.001953 0.001953
1 0.418945 0.779297 0.005859 0.015625
1 0.332031 0.772461 0.003906 0.005859
0 0.956055 0.766602 0.001953 0.001953
0 0.264648 0.789062 0.029297 0.046875
1 0.144531 0.770508 0.011719 0.013672
1 0.232422 0.771484 0.015625 0.019531
1 0.151367 0.764648 0.005859 0.005859
1 0.627930 0.760742 0.001953 0.001953
1 0.286133 0.769531 0.017578 0.019531
1 0.278320 0.760742 0.001953 0.001953
1 0.916992 0.759766 0.001953 0.003906
1 0.908203 0.759766 0.007812 0.003906
1 0.870117 0.762695 0.005859 0.009766
1 0.635742 0.764648 0.013672 0.017578
1 0.241211 0.756836 0.001953 0.001953
0 0.069336 0.825195 0.068359 0.138672
1 0.874023 0.750977 0.001953 0.001953
1 0.952148 0.749023 0.001953 0.001953
1 0.868164 0.750000 0.001953 0.003906
1 0.427734 0.763672 0.019531 0.031250
1 0.125977 0.752930 0.005859 0.009766
0 0.105469 0.789062 0.058594 0.082031
1 0.426758 0.748047 0.005859 0.003906
1 0.885742 0.741211 0.001953 0.001953
1 0.116211 0.744141 0.005859 0.007812
1 0.087891 0.739258 0.003906 0.001953
1 0.873047 0.739258 0.007812 0.005859
1 0.628906 0.737305 0.007812 0.005859
1 0.291016 0.735352 0.003906 0.001953
1 0.638672 0.734375 0.003906 0.003906
1 0.627930 0.727539 0.001953 0.001953
0 0.270508 0.732422 0.009766 0.011719
1 0.428711 0.735352 0.021484 0.021484
1 0.643555 0.724609 0.009766 0.003906
1 0.294922 0.727539 0.007812 0.009766
1 0.174805 0.723633 0.001953 0.001953
1 0.287109 0.722656 0.003906 0.007812
0 0.263672 0.741211 0.023438 0.044922
1 0.431641 0.717773 0.011719 0.009766
1 0.254883 0.711914 0.001953 0.001953
1 0.163086 0.709961 0.001953 0.001953
1 0.000977 0.709961 0.001953 0.005859
1 0.254883 0.706055 0.001953 0.001953
1 0.166992 0.707031 0.001953 0.003906
1 0.034180 0.706055 0.001953 0.001953
1 0.668945 0.703125 0.001953 0.003906
1 0.655273 0.709961 0.021484 0.017578
0 0.460938 0.701172 0.003906 0.003906
0 0.994141 0.701172 0.011719 0.015625
0 0.635742 0.694336 0.001953 0.001953
1 0.402344 0.695312 0.003906 0.003906
0 0.983398 0.750977 0.033203 0.123047
0 0.194336 0.756836 0.099609 0.134766
1 0.265625 0.689453 0.011719 0.007812
1 0.018555 0.697266 0.037109 0.023438
1 0.002930 0.688477 0.005859 0.005859
0 0.898438 0.720703 0.078125 0.074219
1 0.244141 0.685547 0.003906 0.003906
0 0.237305 0.684570 0.005859 0.001953
0 0.841797 0.682617 0.003906 0.005859
1 0.709961 0.680664 0.001953 0.001953
0 0.890625 0.680664 0.011719 0.005859
1 0.459961 0.676758 0.001953 0.001953
0 0.075195 0.709961 0.076172 0.068359
0 0.848633 0.706055 0.033203 0.064453
1 0.378906 0.720703 0.050781 0.093750
1 0.250000 0.674805 0.003906 0.001953
1 0.004883 0.677734 0.009766 0.007812
0 0.060547 0.672852 0.003906 0.001953
1 0.666992 0.673828 0.005859 0.007812
1 0.274414 0.672852 0.001953 0.005859
1 0.671875 0.684570 0.007812 0.033203
1 0.717773 0.665039 0.001953 0.001953
0 0.825195 0.831055 0.302734 0.337891
1 0.150391 0.668945 0.003906 0.013672
0 0.095703 0.669922 0.019531 0.015625
1 0.916992 0.664062 0.009766 0.011719
0 0.851562 0.665039 0.015625 0.025391
1 0.682617 0.653320 0.001953 0.001953
1 0.512695 0.770508 0.119141 0.236328
1 0.167969 0.657227 0.007812 0.009766
1 0.153320 0.656250 0.005859 0.007812
1 0.731445 0.654297 0.005859 0.007812
1 0.703125 0.664062 0.023438 0.027344
0 0.862305 0.657227 0.009766 0.017578
1 0.678711 0.647461 0.001953 0.001953
1 0.397461 0.654297 0.009766 0.015625
1 0.732422 0.646484 0.003906 0.003906
1 0.481445 0.645508 0.001953 0.001953
1 0.200195 0.644531 0.001953 0.003906
1 0.157227 0.644531 0.013672 0.007812
0 0.875000 0.639648 0.007812 0.009766
0 0.643555 0.641602 0.009766 0.013672
1 0.280273 0.636719 0.001953 0.003906
1 0.775391 0.634766 0.003906 0.003906
1 0.235352 0.660156 0.103516 0.062500
1 0.726562 0.639648 0.019531 0.025391
0 0.292969 0.664062 0.007812 0.074219
1 0.131836 0.653320 0.029297 0.052734
1 0.684570 0.642578 0.021484 0.035156
1 0.435547 0.626953 0.003906 0.003906
1 0.608398 0.623047 0.001953 0.003906
1 0.186523 0.622070 0.001953 0.001953
0 0.625977 0.676758 0.068359 0.115234
1 0.469727 0.620117 0.001953 0.001953
0 0.893555 0.652344 0.044922 0.078125
1 0.625977 0.614258 0.001953 0.001953
1 0.180664 0.614258 0.001953 0.001953
0 0.684570 0.612305 0.001953 0.001953
1 0.079102 0.640625 0.052734 0.058594
0 0.706055 0.628906 0.025391 0.042969
0 0.133789 0.622070 0.021484 0.037109
0 0.904297 0.623047 0.031250 0.046875
1 0.365234 0.601562 0.003906 0.003906
0 0.666016 0.611328 0.023438 0.027344
1 0.167969 0.600586 0.003906 0.005859
1 0.919922 0.598633 0.003906 0.005859
0 0.135742 0.596680 0.005859 0.001953
1 0.076172 0.601562 0.007812 0.011719
0 0.728516 0.610352 0.027344 0.033203
1 0.374023 0.595703 0.001953 0.003906
1 0.600586 0.604492 0.005859 0.025391
0 0.210938 0.611328 0.039062 0.039062
1 0.088867 0.595703 0.009766 0.007812
1 0.618164 0.591797 0.001953 0.003906
1 0.081055 0.588867 0.001953 0.001953
0 0.704102 0.586914 0.001953 0.001953
1 0.548828 0.631836 0.085938 0.091797
1 0.831055 0.584961 0.001953 0.001953
1 0.825195 0.585938 0.001953 0.003906
1 0.621094 0.585938 0.003906 0.003906
0 0.356445 0.592773 0.005859 0.017578
1 0.717773 0.585938 0.009766 0.007812
1 0.836914 0.581055 0.001953 0.001953
1 0.278320 0.581055 0.001953 0.001953
1 0.233398 0.583984 0.017578 0.007812
1 0.929688 0.587891 0.011719 0.019531
1 0.836914 0.577148 0.001953 0.001953
1 0.718750 0.576172 0.003906 0.003906
0 0.645508 0.579102 0.009766 0.009766
1 0.264648 0.575195 0.001953 0.001953
1 0.182617 0.575195 0.005859 0.001953
1 0.340820 0.637695 0.076172 0.130859
1 0.820312 0.575195 0.011719 0.009766
1 0.282227 0.567383 0.001953 0.001953
1 0.870117 0.565430 0.001953 0.001953
0 0.664062 0.587891 0.074219 0.046875
1 0.482422 0.604492 0.050781 0.080078
1 0.083008 0.574219 0.013672 0.019531
1 0.887695 0.563477 0.001953 0.001953
1 0.854492 0.581055 0.029297 0.037109
1 0.380859 0.574219 0.035156 0.023438
1 0.220703 0.567383 0.015625 0.009766
1 0.084961 0.563477 0.001953 0.001953
1 0.953125 0.576172 0.027344 0.031250
1 0.347656 0.561523 0.003906 0.001953
1 0.229492 0.578125 0.083984 0.035156
1 0.999023 0.561523 0.001953 0.005859
1 0.936523 0.568359 0.017578 0.019531
1 0.273438 0.560547 0.003906 0.003906
1 0.213867 0.562500 0.013672 0.007812
1 0.870117 0.557617 0.001953 0.005859
1 0.676758 0.556641 0.005859 0.003906
1 0.670898 0.555664 0.001953 0.001953
1 0.290039 0.561523 0.029297 0.013672
1 0.040039 0.555664 0.001953 0.001953
1 0.183594 0.554688 0.003906 0.003906
0 0.025391 0.600586 0.050781 0.095703
1 0.762695 0.551758 0.001953 0.001953
1 0.355469 0.554688 0.011719 0.007812
0 0.064453 0.564453 0.023438 0.027344
1 0.324219 0.551758 0.003906 0.005859
1 0.979492 0.551758 0.009766 0.009766
1 0.869141 0.548828 0.003906 0.003906
1 0.677734 0.548828 0.007812 0.003906
1 0.356445 0.547852 0.001953 0.001953
1 0.385742 0.548828 0.009766 0.007812
0 0.148438 0.562500 0.019531 0.035156
0 0.129883 0.561523 0.025391 0.033203
0 0.112305 0.574219 0.037109 0.058594
1 0.098633 0.541992 0.001953 0.001953
1 0.402344 0.540039 0.003906 0.001953
1 0.052734 0.542969 0.007812 0.007812
1 0.044922 0.540039 0.003906 0.001953
1 0.012695 0.548828 0.025391 0.019531
1 0.989258 0.540039 0.001953 0.005859
1 0.315430 0.540039 0.005859 0.005859
1 0.291992 0.543945 0.021484 0.013672
1 0.209961 0.538086 0.001953 0.001953
0 0.370117 0.544922 0.021484 0.019531
1 0.356445 0.536133 0.001953 0.001953
1 0.349609 0.540039 0.007812 0.009766
1 0.000977 0.536133 0.001953 0.001953
1 0.081055 0.546875 0.021484 0.027344
1 0.998047 0.536133 0.003906 0.009766
1 0.584961 0.536133 0.005859 0.009766
0 0.372070 0.532227 0.001953 0.001953
1 0.308594 0.533203 0.003906 0.003906
1 0.015625 0.535156 0.011719 0.007812
0 0.365234 0.532227 0.007812 0.005859
1 0.020508 0.530273 0.001953 0.001953
1 0.876953 0.533203 0.019531 0.011719
1 0.668945 0.528320 0.001953 0.001953
1 0.601562 0.530273 0.011719 0.009766
1 0.306641 0.526367 0.003906 0.001953
1 0.067383 0.532227 0.025391 0.017578
1 0.812500 0.525391 0.003906 0.007812
1 0.662109 0.524414 0.007812 0.009766
1 0.204102 0.520508 0.001953 0.001953
1 0.996094 0.520508 0.007812 0.009766
1 0.786133 0.519531 0.005859 0.007812
0 0.727539 0.517578 0.005859 0.003906
1 0.525391 0.548828 0.054688 0.066406
1 0.283203 0.512695 0.003906 0.001953
1 0.633789 0.508789 0.001953 0.001953
1 0.818359 0.512695 0.035156 0.013672
1 0.800781 0.506836 0.003906 0.001953
0 0.541016 0.510742 0.015625 0.009766
1 0.277344 0.508789 0.003906 0.005859
1 0.786133 0.505859 0.009766 0.003906
1 0.647461 0.504883 0.001953 0.001953
1 0.577148 0.519531 0.037109 0.031250
1 0.063477 0.505859 0.005859 0.003906
0 0.548828 0.503906 0.003906 0.003906
0 0.713867 0.501953 0.005859 0.003906
1 0.077148 0.500977 0.001953 0.001953
0 0.921875 0.522461 0.050781 0.048828
1 0.860352 0.500000 0.001953 0.003906
1 0.553711 0.499023 0.001953 0.001953
1 0.911133 0.497070 0.001953 0.001953
0 0.738281 0.506836 0.027344 0.021484
1 0.608398 0.504883 0.025391 0.017578
1 0.356445 0.510742 0.021484 0.029297
0 0.938477 0.498047 0.013672 0.007812
1 0.568359 0.499023 0.023438 0.009766
1 0.260742 0.495117 0.001953 0.001953
0 0.920898 0.492188 0.001953 0.003906
1 0.589844 0.492188 0.007812 0.003906
1 0.916992 0.489258 0.001953 0.001953
1 0.775391 0.492188 0.015625 0.007812
1 0.786133 0.487305 0.001953 0.001953
1 0.671875 0.491211 0.011719 0.009766
1 0.596680 0.487305 0.001953 0.001953
1 0.833008 0.485352 0.009766 0.005859
1 0.805664 0.488281 0.017578 0.011719
1 0.590820 0.483398 0.001953 0.001953
1 0.327148 0.483398 0.001953 0.001953
1 0.144531 0.484375 0.003906 0.003906
1 0.073242 0.487305 0.009766 0.009766
0 0.524414 0.500000 0.064453 0.042969
0 0.935547 0.484375 0.027344 0.015625
0 0.090820 0.477539 0.001953 0.001953
1 0.721680 0.473633 0.005859 0.005859
1 0.974609 0.479492 0.023438 0.025391
1 0.546875 0.467773 0.003906 0.001953
1 0.075195 0.467773 0.001953 0.001953
1 0.685547 0.495117 0.074219 0.060547
0 0.528320 0.468750 0.017578 0.007812
1 0.073242 0.462891 0.001953 0.003906
0 0.807617 0.460938 0.005859 0.003906
1 0.460938 0.470703 0.007812 0.023438
0 0.830078 0.463867 0.039062 0.013672
1 0.715820 0.458008 0.001953 0.001953
1 0.710938 0.458984 0.003906 0.003906
1 0.309570 0.458008 0.001953 0.001953
1 0.696289 0.456055 0.001953 0.001953
1 0.619141 0.458984 0.019531 0.007812
0 0.178711 0.456055 0.001953 0.001953
1 0.546875 0.456055 0.015625 0.005859
1 0.857422 0.454102 0.019531 0.005859
0 0.218750 0.483398 0.042969 0.068359
0 0.087891 0.472656 0.031250 0.046875
1 0.040039 0.466797 0.025391 0.035156
1 0.032227 0.453125 0.001953 0.007812
1 0.663086 0.447266 0.001953 0.003906
1 0.620117 0.446289 0.005859 0.001953
1 0.569336 0.446289 0.001953 0.001953
1 0.307617 0.447266 0.001953 0.003906
0 0.215820 0.448242 0.001953 0.005859
1 0.636719 0.444336 0.003906 0.001953
0 0.525391 0.454102 0.031250 0.021484
1 0.245117 0.444336 0.001953 0.001953
1 0.236328 0.445312 0.007812 0.003906
0 0.929688 0.436523 0.003906 0.001953
1 0.143555 0.437500 0.001953 0.003906
1 0.604492 0.435547 0.005859 0.003906
1 0.310547 0.434570 0.003906 0.001953
0 0.958008 0.435547 0.017578 0.007812
0 0.926758 0.432617 0.001953 0.001953
0 0.564453 0.437500 0.023438 0.011719
0 0.914062 0.436523 0.019531 0.013672
1 0.255859 0.465820 0.031250 0.072266
1 0.156250 0.432617 0.003906 0.005859
1 0.901367 0.428711 0.001953 0.005859
0 0.832031 0.438477 0.027344 0.025391
1 0.756836 0.433594 0.013672 0.015625
1 0.492188 0.434570 0.023438 0.021484
0 0.850586 0.422852 0.001953 0.001953
0 0.193359 0.449219 0.035156 0.054688
1 0.749023 0.420898 0.001953 0.001953
1 0.745117 0.421875 0.001953 0.003906
1 0.631836 0.420898 0.001953 0.001953
1 0.600586 0.426758 0.017578 0.013672
1 0.138672 0.480469 0.074219 0.121094
1 0.997070 0.421875 0.005859 0.007812
0 0.939453 0.425781 0.031250 0.015625
0 0.176758 0.420898 0.005859 0.005859
1 0.667969 0.420898 0.015625 0.009766
1 0.645508 0.421875 0.017578 0.011719
1 0.495117 0.418945 0.009766 0.005859
1 0.754883 0.416016 0.001953 0.003906
1 0.289062 0.416016 0.003906 0.003906
0 0.977539 0.424805 0.029297 0.025391
1 0.066406 0.413086 0.003906 0.001953
1 0.857422 0.427734 0.031250 0.035156
0 0.781250 0.454102 0.105469 0.087891
1 0.071289 0.412109 0.001953 0.003906
0 0.579102 0.418945 0.017578 0.021484
0 0.921875 0.413086 0.019531 0.013672
1 0.429688 0.405273 0.003906 0.005859
1 0.985352 0.406250 0.021484 0.011719
1 0.092773 0.410156 0.033203 0.019531
1 0.012695 0.412109 0.025391 0.023438
0 0.936523 0.404297 0.025391 0.011719
1 0.858398 0.397461 0.005859 0.005859
1 0.752930 0.395508 0.001953 0.001953
1 0.514648 0.393555 0.001953 0.001953
0 0.304688 0.403320 0.023438 0.021484
1 0.993164 0.391602 0.001953 0.001953
1 0.815430 0.393555 0.005859 0.009766
1 0.525391 0.392578 0.007812 0.007812
1 0.047852 0.390625 0.001953 0.003906
1 0.983398 0.388672 0.005859 0.003906
1 0.788086 0.387695 0.001953 0.001953
0 0.545898 0.416016 0.044922 0.058594
0 0.480469 0.393555 0.007812 0.013672
1 0.807617 0.383789 0.009766 0.005859
1 0.951172 0.382812 0.019531 0.007812
1 0.061523 0.384766 0.017578 0.011719
1 0.581055 0.378906 0.009766 0.007812
0 0.374023 0.460938 0.134766 0.171875
1 0.054688 0.376953 0.003906 0.003906
1 0.924805 0.375000 0.001953 0.003906
0 0.331055 0.378906 0.005859 0.011719
1 0.431641 0.373047 0.003906 0.003906
1 0.211914 0.372070 0.001953 0.001953
1 0.058594 0.372070 0.003906 0.001953
1 0.724609 0.372070 0.007812 0.005859
1 0.182617 0.375000 0.021484 0.011719
1 0.663086 0.370117 0.005859 0.005859
1 0.592773 0.370117 0.009766 0.009766
1 0.577148 0.368164 0.005859 0.005859
1 0.859375 0.376953 0.046875 0.027344
1 0.842773 0.364258 0.005859 0.001953
1 0.212891 0.365234 0.003906 0.003906
1 0.928711 0.362305 0.001953 0.001953
1 0.579102 0.362305 0.001953 0.001953
1 0.625000 0.361328 0.003906 0.003906
1 0.574219 0.359375 0.003906 0.003906
1 0.221680 0.358398 0.001953 0.001953
1 0.213867 0.359375 0.001953 0.003906
1 0.723633 0.359375 0.005859 0.007812
0 0.503906 0.375977 0.085938 0.041016
1 0.420898 0.356445 0.001953 0.001953
1 0.946289 0.365234 0.029297 0.023438
0 0.611328 0.366211 0.011719 0.025391
1 0.590820 0.354492 0.001953 0.001953
1 0.840820 0.352539 0.001953 0.001953
1 0.551758 0.353516 0.001953 0.003906
1 0.926758 0.350586 0.005859 0.001953
1 0.762695 0.351562 0.005859 0.007812
1 0.757812 0.348633 0.003906 0.001953
1 0.586914 0.346680 0.001953 0.001953
1 0.943359 0.347656 0.023438 0.007812
1 0.907227 0.347656 0.005859 0.007812
0 0.656250 0.356445 0.011719 0.025391
0 0.597656 0.352539 0.011719 0.017578
1 0.958984 0.345703 0.003906 0.011719
0 0.715820 0.342773 0.005859 0.005859
0 0.622070 0.348633 0.017578 0.017578
0 0.522461 0.342773 0.009766 0.009766
1 0.054688 0.338867 0.007812 0.005859
1 0.590820 0.334961 0.001953 0.001953
1 0.036133 0.333008 0.001953 0.001953
0 0.981445 0.348633 0.037109 0.037109
1 0.786133 0.374023 0.072266 0.087891
1 0.063477 0.332031 0.001953 0.003906
0 0.684570 0.351562 0.052734 0.046875
1 0.044922 0.333984 0.015625 0.019531
1 0.747070 0.334961 0.041016 0.025391
0 0.717773 0.323242 0.001953 0.001953
1 0.240234 0.324219 0.003906 0.003906
1 0.939453 0.324219 0.007812 0.007812
0 0.457031 0.334961 0.011719 0.029297
1 0.961914 0.319336 0.001953 0.001953
0 0.706055 0.329102 0.017578 0.021484
1 0.526367 0.319336 0.001953 0.001953
1 0.057617 0.320312 0.001953 0.003906
1 0.850586 0.322266 0.021484 0.011719
1 0.566406 0.318359 0.003906 0.003906
0 0.351562 0.323242 0.019531 0.013672
1 0.063477 0.317383 0.001953 0.001953
1 0.053711 0.317383 0.001953 0.001953
1 0.534180 0.315430 0.001953 0.001953
0 0.496094 0.322266 0.023438 0.015625
0 0.426758 0.318359 0.009766 0.007812
1 0.912109 0.319336 0.011719 0.013672
1 0.657227 0.317383 0.005859 0.009766
1 0.999023 0.311523 0.001953 0.001953
1 0.223633 0.312500 0.001953 0.003906
1 0.665039 0.309570 0.001953 0.001953
1 0.445312 0.310547 0.003906 0.003906
1 0.149414 0.309570 0.001953 0.001953
1 0.870117 0.315430 0.037109 0.017578
1 0.772461 0.311523 0.005859 0.009766
1 0.742188 0.310547 0.003906 0.007812
1 0.508789 0.307617 0.017578 0.005859
0 0.511719 0.330078 0.113281 0.050781
0 0.376953 0.308594 0.007812 0.007812
1 0.970703 0.307617 0.015625 0.013672
0 0.745117 0.301758 0.001953 0.001953
0 0.341797 0.302734 0.003906 0.003906
1 0.041992 0.300781 0.001953 0.003906
1 0.020508 0.299805 0.001953 0.001953
1 0.983398 0.305664 0.009766 0.017578
1 0.852539 0.298828 0.009766 0.007812
1 0.530273 0.296875 0.001953 0.003906
1 0.898438 0.299805 0.039062 0.013672
1 0.819336 0.305664 0.017578 0.025391
1 0.774414 0.298828 0.009766 0.011719
1 0.427734 0.294922 0.003906 0.003906
0 0.750000 0.303711 0.011719 0.025391
1 0.522461 0.291992 0.001953 0.001953
0 0.375000 0.291992 0.003906 0.005859
1 0.002930 0.291016 0.005859 0.003906
1 0.681641 0.289062 0.003906 0.003906
0 0.625000 0.310547 0.062500 0.046875
1 0.458984 0.292969 0.015625 0.015625
0 0.392578 0.295898 0.023438 0.021484
0 0.354492 0.299805 0.029297 0.029297
0 0.346680 0.340820 0.169922 0.111328
1 0.522461 0.284180 0.001953 0.001953
0 0.322266 0.285156 0.003906 0.003906
1 0.211914 0.284180 0.001953 0.001953
1 0.533203 0.285156 0.007812 0.007812
1 0.458008 0.282227 0.001953 0.001953
0 0.385742 0.282227 0.001953 0.001953
1 0.000977 0.282227 0.001953 0.001953
1 0.765625 0.282227 0.003906 0.005859
0 0.412109 0.285156 0.023438 0.011719
0 0.733398 0.286133 0.009766 0.017578
0 0.709961 0.296875 0.037109 0.042969
0 0.541016 0.277344 0.003906 0.003906
0 0.745117 0.274414 0.001953 0.005859
1 0.416992 0.273438 0.005859 0.003906
1 0.001953 0.273438 0.003906 0.003906
1 0.346680 0.270508 0.001953 0.001953
1 0.231445 0.270508 0.001953 0.001953
1 0.071289 0.270508 0.001953 0.001953
1 0.019531 0.279297 0.011719 0.019531
1 0.868164 0.269531 0.005859 0.003906
1 0.463867 0.269531 0.001953 0.003906
1 0.381836 0.268555 0.001953 0.001953
1 0.333984 0.267578 0.003906 0.003906
1 0.801758 0.266602 0.005859 0.005859
1 0.087891 0.265625 0.007812 0.003906
1 0.867188 0.263672 0.003906 0.003906
0 0.287109 0.270508 0.023438 0.017578
1 0.237305 0.290039 0.033203 0.056641
1 0.999023 0.260742 0.001953 0.001953
1 0.355469 0.264648 0.011719 0.009766
0 0.304688 0.261719 0.003906 0.003906
0 0.719727 0.256836 0.005859 0.005859
1 0.458008 0.254883 0.001953 0.001953
1 0.454102 0.254883 0.001953 0.001953
1 0.106445 0.257812 0.005859 0.007812
1 0.805664 0.252930 0.001953 0.001953
0 0.725586 0.252930 0.001953 0.001953
0 0.692383 0.254883 0.013672 0.005859
0 0.557617 0.275391 0.068359 0.046875
1 0.084961 0.258789 0.025391 0.013672
1 0.064453 0.254883 0.007812 0.005859
1 0.057617 0.252930 0.001953 0.001953
1 0.289062 0.255859 0.007812 0.015625
1 0.001953 0.249023 0.003906 0.001953
0 0.357422 0.252930 0.027344 0.013672
0 0.316406 0.260742 0.011719 0.029297
1 0.052734 0.248047 0.003906 0.003906
1 0.926758 0.247070 0.001953 0.005859
0 0.711914 0.251953 0.009766 0.015625
1 0.001953 0.245117 0.003906 0.001953
0 0.684570 0.243164 0.001953 0.001953
1 0.038086 0.243164 0.001953 0.001953
1 0.991211 0.251953 0.017578 0.023438
1 0.737305 0.241211 0.001953 0.001953
0 0.703125 0.244141 0.003906 0.007812
1 0.649414 0.262695 0.064453 0.044922
1 0.725586 0.240234 0.001953 0.003906
1 0.060547 0.241211 0.007812 0.005859
0 0.033203 0.239258 0.003906 0.001953
1 0.949219 0.250977 0.019531 0.033203
1 0.930664 0.246094 0.017578 0.023438
0 0.691406 0.239258 0.007812 0.009766
1 0.079102 0.235352 0.001953 0.001953
1 0.838867 0.252930 0.033203 0.044922
0 0.776367 0.231445 0.001953 0.001953
1 0.371094 0.234375 0.011719 0.007812
1 0.940430 0.231445 0.001953 0.005859
1 0.897461 0.250000 0.044922 0.042969
1 0.719727 0.229492 0.005859 0.001953
1 0.079102 0.230469 0.001953 0.003906
1 0.934570 0.227539 0.001953 0.001953
1 0.850586 0.228516 0.005859 0.003906
1 0.652344 0.230469 0.003906 0.007812
1 0.381836 0.225586 0.001953 0.001953
1 0.746094 0.225586 0.003906 0.005859
1 0.732422 0.225586 0.007812 0.005859
1 0.312500 0.227539 0.007812 0.009766
0 0.679688 0.231445 0.046875 0.021484
1 0.096680 0.221680 0.001953 0.001953
1 0.940430 0.219727 0.001953 0.001953
1 0.930664 0.220703 0.005859 0.007812
1 0.922852 0.215820 0.005859 0.001953
1 0.594727 0.220703 0.025391 0.011719
1 0.760742 0.218750 0.005859 0.011719
1 0.738281 0.214844 0.003906 0.003906
1 0.089844 0.216797 0.015625 0.007812
1 0.998047 0.212891 0.003906 0.003906
1 0.993164 0.211914 0.001953 0.001953
1 0.908203 0.211914 0.003906 0.001953
1 0.895508 0.211914 0.001953 0.001953
1 0.139648 0.211914 0.001953 0.001953
1 0.876953 0.208984 0.007812 0.003906
1 0.769531 0.206055 0.003906 0.001953
1 0.454102 0.209961 0.005859 0.009766
0 0.767578 0.246094 0.089844 0.085938
1 0.223633 0.211914 0.017578 0.017578
1 0.640625 0.202148 0.003906 0.001953
1 0.322266 0.223633 0.023438 0.044922
0 0.673828 0.208984 0.035156 0.019531
1 0.452148 0.200195 0.001953 0.001953
0 0.666016 0.190430 0.007812 0.005859
1 0.229492 0.192383 0.009766 0.009766
0 0.363281 0.215820 0.050781 0.060547
1 0.733398 0.178711 0.001953 0.001953
1 0.308594 0.181641 0.003906 0.007812
1 0.760742 0.178711 0.005859 0.005859
0 0.589844 0.189453 0.039062 0.031250
0 0.398438 0.194336 0.039062 0.041016
1 0.581055 0.172852 0.001953 0.001953
0 0.390625 0.173828 0.003906 0.003906
1 0.129883 0.192383 0.025391 0.041016
1 0.007812 0.173828 0.007812 0.003906
1 0.442383 0.178711 0.009766 0.021484
0 0.404297 0.168945 0.003906 0.001953
1 0.139648 0.168945 0.001953 0.001953
1 0.637695 0.174805 0.009766 0.021484
0 0.645508 0.160156 0.001953 0.003906
1 0.463867 0.180664 0.025391 0.044922
0 0.363281 0.169922 0.031250 0.023438
1 0.022461 0.159180 0.001953 0.001953
1 0.018555 0.160156 0.001953 0.003906
1 0.629883 0.160156 0.005859 0.007812
0 0.408203 0.161133 0.003906 0.009766
1 0.443359 0.158203 0.011719 0.007812
0 0.389648 0.161133 0.009766 0.013672
1 0.457031 0.154297 0.003906 0.003906
1 0.926758 0.151367 0.001953 0.001953
0 0.643555 0.153320 0.001953 0.005859
1 0.444336 0.151367 0.001953 0.001953
1 0.487305 0.152344 0.005859 0.007812
1 0.397461 0.150391 0.005859 0.003906
1 0.616211 0.149414 0.001953 0.005859
1 0.307617 0.149414 0.001953 0.005859
1 0.938477 0.149414 0.013672 0.009766
1 0.944336 0.141602 0.001953 0.001953
0 0.314453 0.139648 0.003906 0.001953
0 0.642578 0.140625 0.003906 0.007812
1 0.933594 0.136719 0.003906 0.003906
1 0.824219 0.135742 0.003906 0.001953
1 0.590820 0.136719 0.001953 0.003906
1 0.966797 0.168945 0.066406 0.076172
1 0.445312 0.136719 0.015625 0.015625
1 0.813477 0.128906 0.005859 0.003906
0 0.053711 0.180664 0.091797 0.107422
1 0.299805 0.126953 0.001953 0.003906
1 0.518555 0.124023 0.001953 0.001953
1 0.061523 0.124023 0.001953 0.001953
1 0.014648 0.122070 0.001953 0.001953
1 0.965820 0.120117 0.005859 0.009766
1 0.291992 0.117188 0.001953 0.003906
1 0.140625 0.124023 0.015625 0.017578
1 0.018555 0.116211 0.001953 0.001953
1 0.928711 0.114258 0.001953 0.001953
0 0.986328 0.123047 0.027344 0.023438
1 0.619141 0.116211 0.003906 0.009766
1 0.409180 0.112305 0.001953 0.001953
1 0.999023 0.110352 0.001953 0.001953
0 0.454102 0.110352 0.001953 0.001953
1 0.779297 0.111328 0.015625 0.007812
0 0.634766 0.134766 0.011719 0.054688
0 0.443359 0.115234 0.011719 0.015625
0 0.833008 0.106445 0.001953 0.001953
1 0.954102 0.104492 0.001953 0.001953
0 0.867188 0.105469 0.003906 0.003906
1 0.616211 0.105469 0.001953 0.003906
1 0.939453 0.115234 0.023438 0.027344
1 0.766602 0.105469 0.009766 0.011719
1 0.516602 0.106445 0.005859 0.013672
1 0.470703 0.117188 0.027344 0.035156
1 0.221680 0.100586 0.001953 0.001953
1 0.042969 0.100586 0.011719 0.005859
1 0.940430 0.097656 0.001953 0.003906
1 0.586914 0.105469 0.009766 0.019531
1 0.475586 0.096680 0.001953 0.001953
1 0.917969 0.097656 0.003906 0.007812
0 0.656250 0.104492 0.031250 0.021484
1 0.398438 0.096680 0.003906 0.005859
1 0.211914 0.098633 0.017578 0.013672
1 0.936523 0.088867 0.001953 0.001953
0 0.884766 0.121094 0.070312 0.066406
1 0.995117 0.089844 0.009766 0.015625
1 0.969727 0.081055 0.001953 0.001953
1 0.963867 0.081055 0.001953 0.001953
1 0.608398 0.091797 0.013672 0.031250
1 0.250977 0.077148 0.001953 0.001953
1 0.900391 0.075195 0.003906 0.001953
1 0.906250 0.077148 0.003906 0.009766
1 0.424805 0.079102 0.021484 0.021484
1 0.416016 0.068359 0.003906 0.003906
1 0.401367 0.067383 0.001953 0.001953
1 0.247070 0.067383 0.001953 0.001953
1 0.090820 0.063477 0.001953 0.001953
1 0.921875 0.061523 0.003906 0.005859
1 0.043945 0.058594 0.001953 0.003906
0 0.303711 0.083984 0.037109 0.058594
1 0.441406 0.061523 0.011719 0.017578
0 0.704102 0.054688 0.005859 0.007812
0 0.674805 0.051758 0.001953 0.001953
1 0.106445 0.051758 0.001953 0.001953
1 0.344727 0.103516 0.083984 0.109375
1 0.200195 0.051758 0.009766 0.005859
1 0.391602 0.047852 0.001953 0.001953
1 0.198242 0.045898 0.001953 0.001953
1 0.957031 0.044922 0.003906 0.003906
1 0.440430 0.043945 0.001953 0.001953
1 0.432617 0.044922 0.009766 0.007812
0 0.898438 0.040039 0.003906 0.001953
0 0.795898 0.046875 0.052734 0.023438
1 0.457031 0.037109 0.003906 0.003906
1 0.063477 0.037109 0.001953 0.003906
1 0.844727 0.035156 0.009766 0.003906
1 0.504883 0.042969 0.021484 0.027344
1 0.347656 0.032227 0.003906 0.005859
1 0.089844 0.041992 0.011719 0.025391
1 0.259766 0.041992 0.027344 0.037109
1 0.875977 0.023438 0.005859 0.003906
1 0.957031 0.032227 0.019531 0.033203
0 0.325195 0.036133 0.037109 0.041016
0 0.869141 0.016602 0.007812 0.005859
1 0.522461 0.014648 0.001953 0.001953
1 0.276367 0.014648 0.001953 0.001953
1 0.009766 0.030273 0.019531 0.033203
1 0.450195 0.028320 0.017578 0.033203
1 0.360352 0.012695 0.001953 0.001953
1 0.454102 0.008789 0.001953 0.001953
1 0.388672 0.024414 0.031250 0.033203
1 0.339844 0.015625 0.027344 0.015625
1 0.510742 0.010742 0.013672 0.009766
1 0.363281 0.006836 0.003906 0.005859
1 0.331055 0.002930 0.001953 0.001953
1 0.325195 0.002930 0.001953 0.001953
1 0.971680 0.057617 0.056641 0.115234
1 0.947266 0.000977 0.003906 0.001953
0 0.894531 0.012695 0.039062 0.025391
0 0.837891 0.017578 0.054688 0.035156
0 0.839844 0.000977 0.003906 0.001953
1 0.577148 0.000977 0.001953 0.001953
0 0.708008 0.092773 0.419922 0.185547
1 0.536133 0.007812 0.021484 0.015625
1 0.368164 0.000977 0.001953 0.001953
1 0.360352 0.000977 0.001953 0.001953
1 0.168945 0.000977 0.001953 0.001953
0 0.136719 0.024414 0.058594 0.048828
1 0.030273 0.004883 0.009766 0.009766
2 0.095703 0.999023 0.003906 0.001953
2 0.991211 0.998047 0.001953 0.003906
2 0.862305 0.997070 0.005859 0.005859
2 0.938477 0.987305 0.001953 0.001953
2 0.659180 0.983398 0.001953 0.001953
2 0.869141 0.990234 0.011719 0.019531
2 0.849609 0.989258 0.007812 0.021484
2 0.660156 0.978516 0.003906 0.003906
2 0.665039 0.973633 0.001953 0.001953
2 0.708984 0.983398 0.089844 0.033203
2 0.729492 0.971680 0.005859 0.009766
2 0.838867 0.975586 0.029297 0.037109
2 0.772461 0.950195 0.001953 0.001953
2 0.853516 0.953125 0.003906 0.011719
2 0.833984 0.950195 0.023438 0.021484
2 0.817383 0.934570 0.001953 0.001953
2 0.698242 0.934570 0.001953 0.001953
2 0.810547 0.951172 0.015625 0.042969
2 0.798828 0.929688 0.003906 0.007812
2 0.993164 0.925781 0.005859 0.003906
3 0.839844 0.916016 0.003906 0.003906
2 0.823242 0.921875 0.025391 0.015625
2 0.667969 0.914062 0.007812 0.007812
3 0.839844 0.907227 0.003906 0.001953
2 0.867188 0.926758 0.031250 0.044922
3 0.862305 0.901367 0.001953 0.001953
3 0.817383 0.903320 0.013672 0.009766
2 0.800781 0.903320 0.003906 0.009766
2 0.752930 0.901367 0.005859 0.005859
3 0.855469 0.891602 0.003906 0.001953
2 0.779297 0.902344 0.027344 0.023438
2 0.745117 0.893555 0.005859 0.009766
2 0.871094 0.885742 0.003906 0.005859
2 0.770508 0.875977 0.001953 0.001953
2 0.001953 0.877930 0.003906 0.005859
2 0.765625 0.874023 0.003906 0.001953
2 0.762695 0.883789 0.021484 0.021484
2 0.844727 0.872070 0.001953 0.001953
2 0.796875 0.870117 0.003906 0.001953
3 0.958008 0.862305 0.001953 0.001953
2 0.780273 0.871094 0.013672 0.019531
3 0.833008 0.881836 0.021484 0.044922
2 0.850586 0.864258 0.013672 0.013672
2 0.814453 0.855469 0.007812 0.003906
2 0.771484 0.854492 0.007812 0.005859
2 0.751953 0.850586 0.011719 0.005859
2 0.920898 0.846680 0.001953 0.005859
2 0.847656 0.846680 0.019531 0.009766
2 0.802734 0.840820 0.007812 0.009766
2 0.833008 0.839844 0.009766 0.011719
2 0.917969 0.835938 0.011719 0.011719
2 0.815430 0.827148 0.001953 0.001953
2 0.938477 0.825195 0.005859 0.009766
2 0.777344 0.810547 0.007812 0.003906
2 0.770508 0.807617 0.001953 0.001953
2 0.772461 0.796875 0.013672 0.011719
2 0.876953 0.829102 0.113281 0.091797
3 0.885742 0.784180 0.001953 0.001953
2 0.790039 0.784180 0.001953 0.001953
2 0.790039 0.780273 0.001953 0.001953
2 0.702148 0.783203 0.009766 0.011719
2 0.753906 0.789062 0.019531 0.027344
2 0.922852 0.776367 0.001953 0.005859
2 0.795898 0.772461 0.005859 0.005859
2 0.723633 0.772461 0.005859 0.005859
3 0.838867 0.776367 0.021484 0.017578
2 0.780273 0.769531 0.001953 0.003906
2 0.999023 0.763672 0.001953 0.003906
2 0.819336 0.766602 0.013672 0.009766
2 0.694336 0.766602 0.009766 0.013672
2 0.934570 0.761719 0.005859 0.007812
2 0.767578 0.767578 0.011719 0.027344
2 0.708984 0.765625 0.015625 0.023438
2 0.782227 0.742188 0.005859 0.003906
2 0.795898 0.737305 0.001953 0.001953
2 0.778320 0.733398 0.001953 0.001953
2 0.819336 0.715820 0.001953 0.001953
2 0.746094 0.725586 0.039062 0.025391
2 0.813477 0.710938 0.005859 0.007812
2 0.795898 0.732422 0.033203 0.062500
2 0.996094 0.701172 0.003906 0.003906
2 0.983398 0.347656 0.013672 0.019531
3 0.999023 0.196289 0.001953 0.001953
2 0.980469 0.180664 0.003906 0.001953
2 0.990234 0.166992 0.003906 0.005859
2 0.976562 0.161133 0.011719 0.009766
3 0.994141 0.163086 0.011719 0.029297
2 0.999023 0.125000 0.001953 0.003906
2 0.849609 0.086914 0.003906 0.005859
2 0.707031 0.078125 0.003906 0.003906
2 0.505859 0.078125 0.003906 0.003906
2 0.840820 0.075195 0.005859 0.009766
2 0.875977 0.057617 0.001953 0.001953
2 0.648438 0.060547 0.011719 0.007812
2 0.624023 0.055664 0.001953 0.001953
2 0.538086 0.076172 0.037109 0.042969
2 0.655273 0.047852 0.001953 0.001953
2 0.569336 0.041016 0.013672 0.007812
2 0.557617 0.035156 0.009766 0.003906
2 0.114258 0.036133 0.005859 0.005859
2 0.549805 0.032227 0.001953 0.001953
2 0.991211 0.030273 0.005859 0.009766
2 0.650391 0.035156 0.011719 0.019531
2 0.570312 0.027344 0.003906 0.003906
2 0.998047 0.024414 0.003906 0.001953
2 0.742188 0.027344 0.007812 0.007812
2 0.750000 0.005859 0.011719 0.007812
2 0.797852 0.008789 0.033203 0.017578
2 0.773438 0.003906 0.007812 0.007812
2 0.758789 0.000977 0.001953 0.001953
2 0.695312 0.002930 0.007812 0.005859
2 0.685547 0.008789 0.031250 0.017578
2 0.656250 0.007812 0.019531 0.015625
2 0.612305 0.015625 0.021484 0.031250
2 0.599609 0.001953 0.007812 0.003906
3 0.583008 0.013672 0.041016 0.027344
3 0.500000 0.500000 1.000000 1.000000