1 0.946289 0.997070 0.001953 0.001953
1 0.735352 0.998047 0.001953 0.003906
1 0.512695 0.998047 0.005859 0.003906
1 0.226562 0.998047 0.007812 0.003906
0 0.355469 0.997070 0.007812 0.005859
1 0.557617 0.994141 0.001953 0.003906
1 0.234375 0.994141 0.003906 0.003906
1 0.229492 0.993164 0.001953 0.001953
1 0.929688 0.995117 0.023438 0.009766
1 0.237305 0.991211 0.001953 0.001953
1 0.922852 0.987305 0.001953 0.001953
1 0.572266 0.990234 0.015625 0.019531
1 0.174805 0.981445 0.001953 0.001953
1 0.619141 0.988281 0.019531 0.023438
1 0.418945 0.975586 0.001953 0.001953
1 0.170898 0.975586 0.001953 0.001953
1 0.416992 0.971680 0.001953 0.001953
1 0.256836 0.978516 0.025391 0.015625
1 0.831055 0.960938 0.001953 0.003906
1 0.348633 0.958008 0.001953 0.001953
1 0.087891 0.957031 0.003906 0.003906
0 0.735352 0.952148 0.009766 0.009766
1 0.342773 0.944336 0.005859 0.001953
1 0.916992 0.955078 0.017578 0.027344
1 0.034180 0.950195 0.017578 0.017578
0 0.303711 0.940430 0.005859 0.005859
0 0.760742 0.936523 0.001953 0.001953
0 0.756836 0.936523 0.001953 0.001953
1 0.860352 0.944336 0.029297 0.025391
1 0.666016 0.933594 0.007812 0.007812
0 0.304688 0.925781 0.007812 0.007812
0 0.752930 0.920898 0.001953 0.001953
1 0.786133 0.910156 0.005859 0.003906
1 0.253906 0.910156 0.003906 0.003906
0 0.765625 0.908203 0.003906 0.003906
0 0.517578 0.908203 0.003906 0.003906
1 0.981445 0.899414 0.001953 0.001953
1 0.970703 0.900391 0.011719 0.007812
1 0.781250 0.901367 0.003906 0.009766
1 0.480469 0.895508 0.003906 0.001953
1 0.437500 0.896484 0.042969 0.007812
1 0.157227 0.893555 0.001953 0.001953
1 0.088867 0.893555 0.001953 0.001953
1 0.985352 0.887695 0.001953 0.001953
1 0.971680 0.889648 0.013672 0.009766
0 0.498047 0.892578 0.023438 0.015625
1 0.350586 0.885742 0.001953 0.001953
1 0.109375 0.889648 0.011719 0.009766
1 0.976562 0.883789 0.003906 0.001953
1 0.982422 0.879883 0.015625 0.013672
0 0.489258 0.874023 0.001953 0.001953
1 0.352539 0.876953 0.005859 0.011719
1 0.477539 0.881836 0.021484 0.025391
1 0.050781 0.872070 0.007812 0.009766
1 0.825195 0.863281 0.001953 0.003906
1 0.002930 0.863281 0.005859 0.007812
1 0.816406 0.861328 0.011719 0.011719
1 0.776367 0.851562 0.009766 0.007812
1 0.760742 0.848633 0.001953 0.001953
0 0.755859 0.846680 0.003906 0.005859
1 0.312500 0.844727 0.003906 0.005859
1 0.266602 0.841797 0.013672 0.003906
0 0.739258 0.836914 0.001953 0.001953
1 0.279297 0.838867 0.007812 0.005859
1 0.885742 0.842773 0.017578 0.017578
1 0.388672 0.832031 0.003906 0.003906
0 0.737305 0.829102 0.001953 0.001953
1 0.621094 0.835938 0.011719 0.019531
1 0.275391 0.825195 0.003906 0.001953
0 0.488281 0.824219 0.003906 0.003906
1 0.252930 0.829102 0.033203 0.017578
1 0.275391 0.820312 0.007812 0.003906
1 0.961914 0.823242 0.017578 0.013672
0 0.605469 0.819336 0.003906 0.009766
1 0.314453 0.824219 0.039062 0.023438
1 0.792969 0.796875 0.003906 0.003906
0 0.998047 0.789062 0.003906 0.007812
1 0.794922 0.785156 0.003906 0.003906
0 0.471680 0.806641 0.021484 0.046875
0 0.437500 0.780273 0.003906 0.001953
0 0.364258 0.780273 0.001953 0.001953
1 0.838867 0.778320 0.001953 0.001953
0 0.373047 0.777344 0.003906 0.003906
1 0.157227 0.770508 0.001953 0.001953
1 0.684570 0.799805 0.029297 0.068359
0 0.505859 0.775391 0.023438 0.023438
0 0.515625 0.769531 0.007812 0.015625
0 0.429688 0.764648 0.003906 0.005859
1 0.182617 0.761719 0.005859 0.003906
1 0.596680 0.756836 0.005859 0.005859
1 0.899414 0.770508 0.060547 0.041016
0 0.119141 0.753906 0.015625 0.007812
1 0.198242 0.753906 0.009766 0.011719
1 0.036133 0.749023 0.001953 0.001953
1 0.178711 0.746094 0.005859 0.003906
1 0.106445 0.746094 0.001953 0.003906
1 0.102539 0.745117 0.001953 0.001953
0 0.031250 0.744141 0.003906 0.003906
0 0.498047 0.739258 0.003906 0.005859
0 0.021484 0.748047 0.023438 0.023438
0 0.441406 0.748047 0.023438 0.031250
0 0.399414 0.750977 0.064453 0.044922
1 0.202148 0.733398 0.009766 0.009766
0 0.486328 0.729492 0.023438 0.021484
1 0.725586 0.742188 0.044922 0.050781
1 0.259766 0.715820 0.007812 0.005859
1 0.888672 0.702148 0.003906 0.001953
1 0.846680 0.692383 0.001953 0.001953
1 0.842773 0.695312 0.013672 0.011719
1 0.246094 0.689453 0.003906 0.003906
1 0.840820 0.686523 0.001953 0.001953
1 0.889648 0.684570 0.009766 0.005859
1 0.842773 0.681641 0.001953 0.003906
1 0.313477 0.678711 0.001953 0.001953
0 0.057617 0.683594 0.009766 0.011719
1 0.495117 0.676758 0.001953 0.001953
1 0.304688 0.676758 0.003906 0.001953
1 0.298828 0.676758 0.003906 0.001953
0 0.064453 0.674805 0.003906 0.001953
1 0.772461 0.674805 0.005859 0.005859
1 0.615234 0.667969 0.003906 0.003906
1 0.610352 0.666992 0.001953 0.001953
0 0.038086 0.666992 0.001953 0.001953
1 0.175781 0.684570 0.031250 0.041016
0 0.042969 0.661133 0.003906 0.001953
1 0.403320 0.659180 0.001953 0.001953
0 0.394531 0.663086 0.011719 0.009766
1 0.026367 0.657227 0.001953 0.001953
1 0.372070 0.655273 0.001953 0.001953
1 0.366211 0.655273 0.005859 0.005859
0 0.958008 0.650391 0.005859 0.003906
0 0.961914 0.647461 0.001953 0.001953
0 0.221680 0.643555 0.001953 0.001953
0 0.108398 0.644531 0.001953 0.003906
0 0.903320 0.637695 0.001953 0.001953
1 0.835938 0.646484 0.023438 0.019531
0 0.230469 0.637695 0.007812 0.001953
0 0.968750 0.637695 0.003906 0.005859
1 0.894531 0.633789 0.011719 0.013672
0 0.228516 0.629883 0.003906 0.005859
0 0.556641 0.627930 0.035156 0.025391
0 0.400391 0.620117 0.011719 0.009766
1 0.669922 0.620117 0.011719 0.013672
1 0.461914 0.608398 0.001953 0.001953
0 0.546875 0.606445 0.007812 0.005859
0 0.057617 0.606445 0.005859 0.005859
0 0.092773 0.602539 0.001953 0.001953
0 0.391602 0.604492 0.025391 0.021484
1 0.682617 0.592773 0.001953 0.005859
0 0.099609 0.627930 0.039062 0.076172
1 0.004883 0.594727 0.009766 0.013672
1 0.844727 0.588867 0.013672 0.009766
0 0.032227 0.579102 0.001953 0.001953
1 0.812500 0.584961 0.019531 0.021484
0 0.045898 0.587891 0.021484 0.027344
1 0.900391 0.575195 0.007812 0.009766
0 0.581055 0.577148 0.017578 0.013672
1 0.661133 0.586914 0.029297 0.037109
1 0.381836 0.569336 0.001953 0.001953
1 0.377930 0.569336 0.001953 0.001953
0 0.532227 0.565430 0.001953 0.001953
0 0.217773 0.565430 0.001953 0.001953
0 0.561523 0.559570 0.001953 0.001953
0 0.583008 0.557617 0.001953 0.001953
0 0.496094 0.570312 0.011719 0.031250
1 0.377930 0.560547 0.005859 0.011719
0 0.204102 0.554688 0.001953 0.003906
0 0.987305 0.571289 0.025391 0.052734
1 0.723633 0.546875 0.009766 0.011719
1 0.819336 0.540039 0.001953 0.001953
0 0.028320 0.534180 0.001953 0.001953
1 0.624023 0.532227 0.001953 0.001953
0 0.539062 0.532227 0.003906 0.001953
0 0.548828 0.543945 0.023438 0.029297
1 0.916992 0.530273 0.009766 0.005859
1 0.907227 0.528320 0.001953 0.001953
1 0.720703 0.531250 0.007812 0.015625
0 0.541992 0.517578 0.001953 0.003906
0 0.021484 0.516602 0.003906 0.001953
0 0.022461 0.512695 0.001953 0.001953
0 0.503906 0.504883 0.007812 0.009766
1 0.916992 0.499023 0.001953 0.001953
0 0.506836 0.497070 0.001953 0.001953
0 0.006836 0.497070 0.001953 0.001953
1 0.866211 0.500000 0.005859 0.011719
0 0.003906 0.500977 0.007812 0.013672
1 0.377930 0.506836 0.013672 0.029297
0 0.542969 0.493164 0.007812 0.009766
0 0.991211 0.494141 0.009766 0.015625
1 0.286133 0.489258 0.005859 0.005859
0 0.741211 0.483398 0.001953 0.001953
0 0.741211 0.479492 0.001953 0.001953
0 0.992188 0.478516 0.003906 0.003906
0 0.720703 0.477539 0.015625 0.005859
0 0.956055 0.477539 0.009766 0.013672
0 0.969727 0.469727 0.001953 0.001953
0 0.749023 0.467773 0.001953 0.001953
0 0.568359 0.476562 0.031250 0.019531
1 0.930664 0.495117 0.037109 0.060547
1 0.590820 0.463867 0.001953 0.001953
1 0.599609 0.459961 0.003906 0.001953
0 0.719727 0.458008 0.001953 0.001953
0 0.551758 0.461914 0.021484 0.009766
0 0.752930 0.459961 0.005859 0.009766
0 0.746094 0.458008 0.003906 0.005859
0 0.998047 0.454102 0.003906 0.001953
0 0.984375 0.453125 0.003906 0.003906
1 0.836914 0.458008 0.009766 0.013672
1 0.713867 0.452148 0.001953 0.001953
1 0.934570 0.448242 0.001953 0.001953
1 0.043945 0.447266 0.009766 0.007812
1 0.838867 0.442383 0.001953 0.001953
1 0.807617 0.443359 0.013672 0.007812
1 0.966797 0.438477 0.003906 0.001953
1 0.961914 0.436523 0.001953 0.001953
0 0.909180 0.449219 0.013672 0.027344
0 0.516602 0.433594 0.001953 0.003906
1 0.950195 0.430664 0.001953 0.001953
1 0.764648 0.430664 0.001953 0.001953
1 0.939453 0.434570 0.007812 0.013672
0 0.962891 0.429688 0.007812 0.007812
0 0.580078 0.438477 0.027344 0.025391
0 0.596680 0.420898 0.001953 0.001953
0 0.510742 0.421875 0.001953 0.003906
1 0.088867 0.419922 0.009766 0.003906
1 0.099609 0.418945 0.007812 0.005859
1 0.612305 0.415039 0.005859 0.001953
1 0.223633 0.415039 0.001953 0.001953
1 0.934570 0.413086 0.001953 0.001953
0 0.833008 0.413086 0.001953 0.001953
1 0.776367 0.419922 0.017578 0.015625
0 0.606445 0.413086 0.001953 0.001953
1 0.786133 0.411133 0.001953 0.001953
0 0.233398 0.411133 0.001953 0.001953
1 0.486328 0.410156 0.003906 0.003906
1 0.641602 0.482422 0.150391 0.156250
0 0.529297 0.423828 0.023438 0.039062
1 0.422852 0.413086 0.009766 0.017578
0 0.965820 0.406250 0.001953 0.007812
0 0.795898 0.399414 0.001953 0.001953
1 0.776367 0.401367 0.013672 0.009766
1 0.309570 0.397461 0.001953 0.001953
0 0.544922 0.395508 0.007812 0.013672
1 0.693359 0.388672 0.003906 0.003906
0 0.590820 0.396484 0.025391 0.019531
0 0.984375 0.395508 0.015625 0.021484
0 0.998047 0.387695 0.003906 0.009766
1 0.633789 0.381836 0.001953 0.001953
0 0.503906 0.383789 0.003906 0.005859
0 0.946289 0.379883 0.001953 0.001953
0 0.846680 0.377930 0.001953 0.001953
1 0.633789 0.377930 0.001953 0.001953
0 0.494141 0.383789 0.007812 0.013672
0 0.852539 0.376953 0.005859 0.003906
0 0.513672 0.377930 0.003906 0.005859
0 0.817383 0.402344 0.056641 0.058594
0 0.563477 0.413086 0.037109 0.080078
0 0.506836 0.375000 0.005859 0.003906
0 0.554688 0.373047 0.003906 0.003906
0 0.928711 0.372070 0.013672 0.009766
1 0.305664 0.380859 0.009766 0.027344
0 0.916992 0.366211 0.005859 0.001953
0 0.525391 0.368164 0.003906 0.005859
0 0.852539 0.364258 0.001953 0.001953
0 0.599609 0.364258 0.003906 0.001953
0 0.564453 0.366211 0.007812 0.005859
0 0.424805 0.362305 0.001953 0.001953
0 0.860352 0.361328 0.001953 0.003906
0 0.599609 0.360352 0.003906 0.001953
0 0.444336 0.360352 0.001953 0.001953
1 0.708008 0.369141 0.025391 0.023438
0 0.049805 0.358398 0.001953 0.001953
0 0.944336 0.357422 0.005859 0.003906
0 0.045898 0.354492 0.001953 0.001953
0 0.830078 0.352539 0.007812 0.001953
1 0.123047 0.356445 0.007812 0.009766
0 0.999023 0.350586 0.001953 0.001953
0 0.075195 0.350586 0.001953 0.001953
0 0.541016 0.349609 0.003906 0.003906
0 0.411133 0.348633 0.001953 0.001953
1 0.125977 0.348633 0.001953 0.001953
0 0.920898 0.353516 0.033203 0.019531
0 0.411133 0.344727 0.001953 0.001953
1 0.174805 0.345703 0.005859 0.003906
0 0.943359 0.384766 0.082031 0.085938
1 0.700195 0.347656 0.009766 0.011719
0 0.518555 0.343750 0.001953 0.003906
0 0.588867 0.340820 0.001953 0.001953
0 0.063477 0.349609 0.017578 0.019531
1 0.477539 0.341797 0.009766 0.007812
1 0.350586 0.338867 0.001953 0.001953
0 0.079102 0.339844 0.001953 0.003906
0 0.525391 0.336914 0.003906 0.001953
0 0.413086 0.337891 0.001953 0.003906
0 0.504883 0.334961 0.001953 0.001953
1 0.400391 0.336914 0.003906 0.005859
0 0.992188 0.338867 0.007812 0.013672
0 0.903320 0.340820 0.009766 0.017578
0 0.533203 0.334961 0.003906 0.005859
0 0.524414 0.331055 0.001953 0.001953
0 0.825195 0.329102 0.001953 0.001953
0 0.989258 0.327148 0.001953 0.001953
0 0.804688 0.336914 0.058594 0.021484
0 0.846680 0.333008 0.029297 0.017578
1 0.481445 0.325195 0.001953 0.001953
1 0.318359 0.328125 0.031250 0.011719
0 0.090820 0.323242 0.001953 0.001953
1 0.696289 0.321289 0.001953 0.001953
0 0.984375 0.320312 0.007812 0.007812
0 0.859375 0.325195 0.027344 0.017578
0 0.910156 0.317383 0.007812 0.005859
1 0.180664 0.315430 0.001953 0.001953
0 0.503906 0.313477 0.003906 0.001953
1 0.022461 0.315430 0.001953 0.005859
1 0.723633 0.311523 0.001953 0.001953
1 0.186523 0.311523 0.001953 0.001953
1 0.175781 0.312500 0.011719 0.003906
0 0.054688 0.317383 0.007812 0.013672
0 0.850586 0.309570 0.001953 0.001953
0 0.083984 0.311523 0.007812 0.009766
0 0.485352 0.305664 0.001953 0.001953
0 0.932617 0.303711 0.001953 0.001953
0 0.598633 0.303711 0.001953 0.001953
0 0.916992 0.301758 0.001953 0.001953
1 0.703125 0.310547 0.019531 0.019531
0 0.937500 0.299805 0.003906 0.001953
0 0.930664 0.299805 0.001953 0.001953
0 0.788086 0.304688 0.013672 0.011719
0 0.613281 0.303711 0.011719 0.013672
0 0.930664 0.295898 0.001953 0.001953
0 0.658203 0.310547 0.023438 0.031250
1 0.427734 0.297852 0.003906 0.005859
0 0.031250 0.303711 0.015625 0.017578
0 0.487305 0.293945 0.001953 0.001953
1 0.219727 0.308594 0.048828 0.031250
0 0.602539 0.293945 0.013672 0.005859
0 0.270508 0.293945 0.001953 0.005859
0 0.962891 0.290039 0.003906 0.001953
0 0.590820 0.290039 0.001953 0.001953
0 0.583984 0.293945 0.007812 0.009766
0 0.274414 0.284180 0.001953 0.001953
0 0.653320 0.282227 0.001953 0.001953
0 0.978516 0.280273 0.003906 0.005859
0 0.492188 0.282227 0.015625 0.013672
0 0.266602 0.281250 0.013672 0.011719
0 0.508789 0.274414 0.001953 0.001953
0 0.982422 0.272461 0.003906 0.001953
1 0.319336 0.263672 0.005859 0.003906
0 0.930664 0.271484 0.025391 0.035156
0 0.518555 0.247070 0.005859 0.005859
1 0.432617 0.260742 0.017578 0.037109
0 0.604492 0.241211 0.001953 0.001953
0 0.624023 0.260742 0.052734 0.044922
1 0.049805 0.235352 0.001953 0.001953
0 0.616211 0.240234 0.013672 0.015625
1 0.049805 0.229492 0.005859 0.005859
0 0.948242 0.228516 0.013672 0.007812
0 0.682617 0.237305 0.033203 0.029297
0 0.157227 0.247070 0.037109 0.052734
0 0.590820 0.216797 0.005859 0.003906
1 0.565430 0.215820 0.001953 0.001953
0 0.001953 0.214844 0.003906 0.007812
0 0.585938 0.209961 0.003906 0.005859
0 0.637695 0.206055 0.001953 0.001953
1 0.062500 0.208984 0.007812 0.007812
0 0.792969 0.210938 0.019531 0.019531
0 0.635742 0.201172 0.005859 0.003906
0 0.502930 0.222656 0.021484 0.046875
0 0.922852 0.234375 0.033203 0.074219
0 0.820312 0.253906 0.117188 0.117188
1 0.002930 0.197266 0.005859 0.003906
1 0.202148 0.190430 0.001953 0.001953
0 0.933594 0.197266 0.023438 0.023438
1 0.464844 0.195312 0.011719 0.027344
1 0.595703 0.192383 0.035156 0.025391
0 0.459961 0.178711 0.001953 0.001953
0 0.283203 0.181641 0.007812 0.007812
0 0.855469 0.185547 0.046875 0.023438
0 0.540039 0.175781 0.009766 0.007812
0 0.999023 0.170898 0.001953 0.001953
1 0.550781 0.172852 0.007812 0.005859
0 0.291992 0.177734 0.009766 0.015625
0 0.783203 0.166016 0.027344 0.015625
1 0.640625 0.161133 0.011719 0.005859
1 0.609375 0.159180 0.031250 0.021484
1 0.384766 0.153320 0.015625 0.013672
1 0.557617 0.143555 0.001953 0.001953
1 0.590820 0.141602 0.001953 0.001953
1 0.611328 0.138672 0.003906 0.003906
1 0.600586 0.135742 0.001953 0.001953
1 0.067383 0.138672 0.013672 0.015625
1 0.032227 0.132812 0.001953 0.003906
0 0.446289 0.131836 0.005859 0.005859
1 0.028320 0.128906 0.001953 0.003906
1 0.542969 0.125000 0.003906 0.003906
1 0.568359 0.133789 0.039062 0.025391
1 0.534180 0.125000 0.005859 0.007812
1 0.331055 0.135742 0.033203 0.037109
1 0.166992 0.141602 0.056641 0.052734
1 0.262695 0.113281 0.005859 0.007812
0 0.867188 0.120117 0.019531 0.025391
0 0.838867 0.137695 0.080078 0.060547
1 0.713867 0.121094 0.052734 0.027344
1 0.487305 0.108398 0.001953 0.001953
1 0.098633 0.112305 0.009766 0.013672
0 0.030273 0.106445 0.001953 0.001953
0 0.026367 0.106445 0.001953 0.001953
1 0.272461 0.104492 0.005859 0.005859
0 0.027344 0.102539 0.003906 0.001953
0 0.915039 0.122070 0.009766 0.044922
1 0.271484 0.097656 0.003906 0.003906
1 0.125977 0.094727 0.001953 0.001953
0 0.949219 0.118164 0.039062 0.052734
0 0.042969 0.097656 0.023438 0.019531
0 0.843750 0.088867 0.011719 0.005859
1 0.470703 0.089844 0.011719 0.007812
1 0.677734 0.094727 0.050781 0.029297
1 0.456055 0.082031 0.013672 0.007812
0 0.174805 0.073242 0.001953 0.001953
0 0.167969 0.072266 0.011719 0.007812
0 0.865234 0.069336 0.003906 0.005859
1 0.744141 0.068359 0.003906 0.003906
0 0.629883 0.067383 0.001953 0.001953
0 0.559570 0.068359 0.005859 0.003906
0 0.853516 0.075195 0.027344 0.021484
1 0.752930 0.065430 0.005859 0.001953
0 0.854492 0.059570 0.005859 0.005859
1 0.660156 0.060547 0.007812 0.007812
0 0.856445 0.055664 0.001953 0.001953
0 0.655273 0.055664 0.001953 0.001953
0 0.645508 0.055664 0.001953 0.001953
1 0.672852 0.057617 0.005859 0.009766
0 0.638672 0.054688 0.003906 0.003906
1 0.663086 0.051758 0.009766 0.005859
0 0.629883 0.055664 0.013672 0.017578
1 0.195312 0.050781 0.015625 0.011719
0 0.570312 0.052734 0.019531 0.019531
1 0.670898 0.041992 0.001953 0.001953
1 0.419922 0.044922 0.007812 0.007812
0 0.982422 0.041016 0.003906 0.003906
0 0.976562 0.040039 0.003906 0.001953
0 0.967773 0.040039 0.001953 0.001953
1 0.682617 0.041016 0.013672 0.007812
1 0.739258 0.037109 0.001953 0.003906
1 0.321289 0.040039 0.009766 0.009766
1 0.850586 0.034180 0.001953 0.001953
1 0.469727 0.032227 0.001953 0.001953
0 0.159180 0.030273 0.001953 0.001953
0 0.953125 0.028320 0.003906 0.005859
1 0.784180 0.024414 0.001953 0.001953
1 0.764648 0.031250 0.029297 0.015625
0 0.961914 0.024414 0.005859 0.005859
1 0.714844 0.032227 0.023438 0.025391
0 0.557617 0.024414 0.009766 0.009766
0 0.186523 0.022461 0.009766 0.005859
0 0.010742 0.035156 0.021484 0.031250
1 0.779297 0.019531 0.003906 0.003906
0 0.943359 0.045898 0.062500 0.060547
1 0.867188 0.022461 0.011719 0.013672
1 0.591797 0.017578 0.011719 0.003906
0 0.974609 0.022461 0.015625 0.017578
1 0.873047 0.015625 0.003906 0.003906
1 0.083008 0.018555 0.013672 0.009766
1 0.473633 0.020508 0.021484 0.017578
0 0.775391 0.007812 0.003906 0.003906
0 0.163086 0.018555 0.037109 0.025391
0 0.964844 0.003906 0.015625 0.007812
0 0.937500 0.001953 0.003906 0.003906
1 0.586914 0.001953 0.029297 0.003906
1 0.522461 0.002930 0.017578 0.005859
1 0.420898 0.001953 0.001953 0.003906
0 0.272461 0.004883 0.013672 0.009766
3 0.620117 0.999023 0.001953 0.001953
3 0.001953 0.594727 0.003906 0.001953
2 0.000977 0.499023 0.001953 0.001953
3 0.500000 0.500000 1.000000 1.000000