1 0.260742 0.995117 0.001953 0.001953
0 0.511719 0.992188 0.011719 0.015625
0 0.518555 0.981445 0.001953 0.001953
1 0.791016 0.983398 0.007812 0.009766
0 0.529297 0.987305 0.011719 0.017578
0 0.461914 0.977539 0.001953 0.001953
1 0.350586 0.967773 0.001953 0.001953
1 0.370117 0.967773 0.017578 0.013672
1 0.260742 0.959961 0.001953 0.001953
0 0.463867 0.958008 0.001953 0.001953
0 0.652344 0.957031 0.003906 0.003906
1 0.307617 0.957031 0.001953 0.003906
1 0.653320 0.952148 0.001953 0.001953
1 0.286133 0.975586 0.056641 0.048828
0 0.405273 0.948242 0.017578 0.021484
1 0.323242 0.950195 0.033203 0.029297
1 0.092773 0.934570 0.001953 0.001953
0 0.503906 0.927734 0.011719 0.011719
0 0.524414 0.917969 0.017578 0.015625
1 0.045898 0.905273 0.013672 0.017578
1 0.159180 0.895508 0.005859 0.005859
1 0.350586 0.875977 0.001953 0.001953
1 0.250000 0.845703 0.003906 0.003906
0 0.633789 0.833984 0.001953 0.003906
0 0.647461 0.819336 0.001953 0.001953
0 0.618164 0.823242 0.017578 0.013672
0 0.661133 0.816406 0.001953 0.003906
1 0.521484 0.814453 0.003906 0.003906
0 0.663086 0.813477 0.017578 0.009766
1 0.897461 0.809570 0.005859 0.005859
1 0.190430 0.800781 0.005859 0.003906
1 0.213867 0.790039 0.001953 0.001953
1 0.209961 0.790039 0.001953 0.001953
1 0.885742 0.785156 0.001953 0.003906
0 0.705078 0.786133 0.015625 0.009766
1 0.079102 0.786133 0.013672 0.013672
0 0.726562 0.781250 0.015625 0.011719
1 0.073242 0.776367 0.001953 0.001953
1 0.877930 0.764648 0.001953 0.001953
1 0.125000 0.760742 0.003906 0.001953
1 0.121094 0.756836 0.007812 0.001953
1 0.886719 0.763672 0.019531 0.023438
1 0.125977 0.750977 0.001953 0.001953
1 0.119141 0.750977 0.007812 0.001953
1 0.850586 0.725586 0.001953 0.001953
1 0.364258 0.725586 0.001953 0.001953
1 0.356445 0.725586 0.001953 0.001953
1 0.941406 0.733398 0.031250 0.025391
0 0.850586 0.721680 0.001953 0.001953
0 0.844727 0.719727 0.001953 0.001953
1 0.375977 0.717773 0.001953 0.001953
1 0.154297 0.713867 0.007812 0.005859
1 0.814453 0.713867 0.015625 0.009766
1 0.246094 0.714844 0.015625 0.023438
1 0.156250 0.700195 0.011719 0.017578
1 0.153320 0.684570 0.001953 0.001953
1 0.149414 0.685547 0.001953 0.003906
1 0.500977 0.633789 0.001953 0.001953
1 0.499023 0.627930 0.001953 0.001953
1 0.493164 0.627930 0.001953 0.001953
1 0.997070 0.596680 0.005859 0.005859
1 0.981445 0.598633 0.021484 0.013672
1 0.495117 0.551758 0.001953 0.001953
0 0.509766 0.539062 0.011719 0.011719
1 0.945312 0.489258 0.027344 0.017578
0 0.670898 0.470703 0.005859 0.003906
0 0.674805 0.467773 0.001953 0.001953
1 0.936523 0.440430 0.001953 0.001953
1 0.936523 0.428711 0.001953 0.001953
1 0.960938 0.440430 0.078125 0.080078
1 0.819336 0.383789 0.001953 0.001953
1 0.124023 0.369141 0.001953 0.003906
1 0.824219 0.365234 0.011719 0.015625
1 0.000977 0.322266 0.001953 0.003906
1 0.334961 0.299805 0.005859 0.005859
1 0.338867 0.290039 0.013672 0.013672
0 0.031250 0.258789 0.007812 0.005859
1 0.321289 0.241211 0.001953 0.001953
1 0.286133 0.241211 0.001953 0.001953
1 0.397461 0.204102 0.001953 0.001953
1 0.768555 0.176758 0.001953 0.001953
1 0.764648 0.176758 0.001953 0.001953
1 0.418945 0.170898 0.001953 0.001953
1 0.476562 0.168945 0.007812 0.009766
1 0.484375 0.164062 0.003906 0.003906
1 0.881836 0.137695 0.001953 0.001953
1 0.905273 0.129883 0.009766 0.009766
1 0.901367 0.124023 0.001953 0.001953
1 0.875977 0.123047 0.021484 0.023438
1 0.598633 0.088867 0.001953 0.001953
1 0.879883 0.085938 0.001953 0.003906
1 0.875000 0.092773 0.007812 0.017578
1 0.602539 0.083008 0.001953 0.001953
1 0.653320 0.059570 0.001953 0.001953
1 0.648438 0.059570 0.003906 0.001953
1 0.615234 0.051758 0.015625 0.013672
1 0.694336 0.040039 0.001953 0.001953
1 0.708008 0.039062 0.033203 0.023438
3 0.292969 0.996094 0.003906 0.007812
3 0.274414 0.994141 0.013672 0.011719
3 0.301758 0.977539 0.001953 0.001953
3 0.500000 0.500000 1.000000 1.000000