2 0.679688 0.999023 0.003906 0.001953
2 0.672852 0.999023 0.001953 0.001953
2 0.663086 0.999023 0.001953 0.001953
2 0.687500 0.996094 0.007812 0.003906
2 0.020508 0.992188 0.005859 0.003906
2 0.690430 0.987305 0.001953 0.001953
2 0.635742 0.992188 0.041016 0.015625
2 0.336914 0.985352 0.001953 0.005859
2 0.696289 0.979492 0.005859 0.009766
2 0.692383 0.973633 0.005859 0.005859
2 0.684570 0.970703 0.005859 0.007812
2 0.680664 0.963867 0.001953 0.001953
2 0.674805 0.958984 0.005859 0.007812
2 0.754883 0.954102 0.001953 0.001953
2 0.766602 0.952148 0.001953 0.001953
2 0.838867 0.948242 0.001953 0.001953
2 0.567383 0.946289 0.001953 0.001953
2 0.020508 0.946289 0.001953 0.001953
2 0.760742 0.934570 0.001953 0.001953
2 0.750977 0.928711 0.001953 0.001953
2 0.013672 0.960938 0.027344 0.078125
2 0.399414 0.922852 0.005859 0.009766
2 0.125977 0.916992 0.001953 0.001953
2 0.770508 0.921875 0.021484 0.015625
2 0.504883 0.913086 0.005859 0.005859
2 0.393555 0.908203 0.001953 0.003906
2 0.109375 0.899414 0.003906 0.001953
2 0.802734 0.898438 0.003906 0.003906
2 0.329102 0.897461 0.001953 0.001953
2 0.807617 0.891602 0.001953 0.001953
2 0.104492 0.889648 0.001953 0.001953
2 0.803711 0.887695 0.001953 0.001953
2 0.016602 0.870117 0.001953 0.001953
2 0.401367 0.866211 0.001953 0.001953
2 0.391602 0.860352 0.001953 0.001953
2 0.211914 0.929688 0.142578 0.140625
2 0.075195 0.858398 0.001953 0.001953
2 0.249023 0.856445 0.001953 0.001953
2 0.012695 0.854492 0.001953 0.001953
2 0.433594 0.851562 0.003906 0.003906
2 0.083008 0.923828 0.134766 0.152344
2 0.423828 0.847656 0.007812 0.003906
2 0.239258 0.844727 0.001953 0.001953
2 0.212891 0.847656 0.003906 0.007812
2 0.041992 0.844727 0.001953 0.001953
2 0.778320 0.840820 0.001953 0.001953
2 0.224609 0.842773 0.003906 0.005859
2 0.819336 0.831055 0.001953 0.001953
2 0.044922 0.833984 0.003906 0.011719
2 0.819336 0.821289 0.001953 0.001953
2 0.688477 0.821289 0.001953 0.001953
2 0.045898 0.817383 0.001953 0.001953
2 0.439453 0.826172 0.019531 0.023438
2 0.598633 0.878906 0.181641 0.148438
2 0.035156 0.798828 0.003906 0.003906
2 0.459961 0.795898 0.001953 0.001953
2 0.052734 0.795898 0.003906 0.001953
2 0.448242 0.797852 0.009766 0.009766
2 0.036133 0.790039 0.001953 0.005859
2 0.057617 0.782227 0.001953 0.001953
2 0.069336 0.780273 0.001953 0.001953
2 0.996094 0.780273 0.003906 0.005859
2 0.985352 0.779297 0.001953 0.003906
2 0.980469 0.780273 0.003906 0.005859
2 0.632812 0.770508 0.003906 0.001953
2 0.865234 0.877930 0.269531 0.244141
2 0.258789 0.754883 0.001953 0.001953
2 0.411133 0.750977 0.001953 0.001953
2 0.233398 0.747070 0.001953 0.001953
2 0.381836 0.871094 0.107422 0.257812
2 0.343750 0.743164 0.003906 0.005859
2 0.241211 0.746094 0.009766 0.011719
2 0.424805 0.739258 0.001953 0.001953
2 0.424805 0.754883 0.044922 0.048828
2 0.682617 0.725586 0.001953 0.001953
2 0.086914 0.727539 0.005859 0.009766
2 0.020508 0.723633 0.001953 0.001953
2 0.837891 0.721680 0.003906 0.001953
2 0.021484 0.719727 0.003906 0.001953
2 0.990234 0.745117 0.019531 0.068359
2 0.569336 0.711914 0.001953 0.001953
2 0.009766 0.720703 0.015625 0.019531
2 0.092773 0.708984 0.005859 0.007812
2 0.019531 0.705078 0.007812 0.011719
2 0.559570 0.706055 0.013672 0.025391
2 0.109375 0.765625 0.082031 0.152344
2 0.415039 0.686523 0.001953 0.001953
2 0.030273 0.684570 0.001953 0.001953
2 0.416992 0.682617 0.001953 0.001953
2 0.021484 0.684570 0.011719 0.009766
2 0.564453 0.676758 0.007812 0.009766
2 0.702148 0.665039 0.001953 0.001953
2 0.076172 0.669922 0.015625 0.019531
2 0.911133 0.657227 0.001953 0.001953
2 0.473633 0.653320 0.001953 0.001953
2 0.965820 0.641602 0.001953 0.001953
2 0.963867 0.637695 0.001953 0.001953
2 0.695312 0.637695 0.003906 0.005859
2 0.463867 0.660156 0.052734 0.062500
2 0.909180 0.622070 0.001953 0.001953
2 0.370117 0.650391 0.056641 0.066406
2 0.916016 0.617188 0.007812 0.007812
2 0.270508 0.678711 0.052734 0.134766
2 0.579102 0.610352 0.001953 0.005859
2 0.279297 0.609375 0.003906 0.003906
2 0.526367 0.598633 0.001953 0.001953
2 0.368164 0.598633 0.001953 0.001953
2 0.931641 0.629883 0.058594 0.072266
2 0.956055 0.593750 0.005859 0.003906
2 0.961914 0.589844 0.005859 0.007812
2 0.385742 0.586914 0.001953 0.001953
2 0.387695 0.579102 0.001953 0.001953
2 0.140625 0.565430 0.003906 0.001953
2 0.062500 0.585938 0.042969 0.062500
2 0.485352 0.554688 0.001953 0.003906
2 0.555664 0.536133 0.001953 0.001953
2 0.643555 0.652344 0.126953 0.250000
2 0.854492 0.527344 0.001953 0.003906
2 0.891602 0.524414 0.001953 0.001953
2 0.867188 0.524414 0.003906 0.001953
2 0.273438 0.525391 0.003906 0.003906
2 0.140625 0.613281 0.097656 0.179688
2 0.900391 0.520508 0.011719 0.005859
2 0.143555 0.520508 0.005859 0.005859
2 0.037109 0.519531 0.003906 0.003906
2 0.240234 0.519531 0.003906 0.007812
2 0.696289 0.515625 0.001953 0.003906
2 0.836914 0.510742 0.001953 0.001953
2 0.278320 0.510742 0.001953 0.001953
2 0.922852 0.514648 0.029297 0.017578
2 0.700195 0.506836 0.001953 0.001953
2 0.587891 0.506836 0.003906 0.001953
2 0.926758 0.495117 0.001953 0.001953
2 0.326172 0.497070 0.003906 0.005859
2 0.094727 0.488281 0.005859 0.003906
2 0.543945 0.481445 0.001953 0.001953
2 0.505859 0.556641 0.046875 0.156250
2 0.541016 0.473633 0.003906 0.005859
2 0.038086 0.481445 0.005859 0.025391
2 0.295898 0.460938 0.001953 0.003906
2 0.286133 0.450195 0.001953 0.001953
2 0.252930 0.448242 0.001953 0.001953
2 0.566406 0.496094 0.050781 0.109375
2 0.291016 0.445312 0.007812 0.007812
2 0.283203 0.439453 0.007812 0.003906
2 0.268555 0.506836 0.052734 0.138672
2 0.265625 0.441406 0.007812 0.007812
2 0.452148 0.434570 0.001953 0.001953
2 0.770508 0.427734 0.005859 0.015625
2 0.073242 0.416992 0.001953 0.001953
2 0.350586 0.413086 0.001953 0.001953
2 0.659180 0.442383 0.064453 0.064453
2 0.256836 0.407227 0.001953 0.001953
2 0.069336 0.407227 0.001953 0.001953
2 0.563477 0.399414 0.001953 0.001953
2 0.629883 0.397461 0.001953 0.001953
2 0.639648 0.391602 0.001953 0.001953
2 0.643555 0.389648 0.001953 0.001953
2 0.254883 0.391602 0.005859 0.005859
2 0.252930 0.385742 0.001953 0.001953
2 0.802734 0.428711 0.058594 0.103516
2 0.870117 0.379883 0.009766 0.009766
2 0.453125 0.402344 0.023438 0.054688
2 0.008789 0.427734 0.017578 0.109375
2 0.872070 0.372070 0.001953 0.001953
2 0.729492 0.377930 0.009766 0.017578
2 0.055664 0.368164 0.001953 0.001953
2 0.362305 0.362305 0.001953 0.001953
2 0.364258 0.358398 0.001953 0.001953
2 0.690430 0.356445 0.001953 0.001953
2 0.899414 0.348633 0.001953 0.001953
2 0.886719 0.348633 0.003906 0.001953
2 0.258789 0.348633 0.001953 0.001953
2 0.099609 0.350586 0.003906 0.005859
2 0.962891 0.347656 0.003906 0.003906
2 0.915039 0.345703 0.005859 0.003906
2 0.965820 0.342773 0.001953 0.001953
2 0.956055 0.340820 0.001953 0.001953
2 0.254883 0.333984 0.001953 0.003906
2 0.282227 0.331055 0.001953 0.001953
2 0.708984 0.326172 0.003906 0.003906
2 0.267578 0.326172 0.003906 0.007812
2 0.934570 0.313477 0.001953 0.001953
2 0.934570 0.305664 0.001953 0.001953
2 0.284180 0.303711 0.001953 0.001953
2 0.932617 0.301758 0.001953 0.001953
2 0.666016 0.342773 0.078125 0.087891
2 0.927734 0.299805 0.003906 0.005859
2 0.379883 0.445312 0.103516 0.304688
2 0.493164 0.282227 0.001953 0.001953
2 0.891602 0.276367 0.001953 0.001953
2 0.667969 0.276367 0.003906 0.001953
2 0.064453 0.278320 0.003906 0.005859
2 0.677734 0.279297 0.011719 0.019531
2 0.712891 0.271484 0.007812 0.007812
2 0.243164 0.264648 0.001953 0.001953
2 0.247070 0.262695 0.001953 0.001953
2 0.906250 0.328125 0.093750 0.136719
2 0.912109 0.258789 0.003906 0.001953
2 0.881836 0.256836 0.001953 0.001953
2 0.198242 0.259766 0.005859 0.007812
2 0.878906 0.252930 0.003906 0.001953
2 0.165039 0.358398 0.212891 0.212891
2 0.219727 0.252930 0.001953 0.001953
2 0.657227 0.250977 0.001953 0.001953
2 0.260742 0.252930 0.005859 0.005859
2 0.231445 0.249023 0.001953 0.001953
2 0.901367 0.250977 0.005859 0.009766
2 0.907227 0.245117 0.001953 0.001953
2 0.917969 0.232422 0.003906 0.003906
2 0.120117 0.234375 0.005859 0.007812
2 0.925781 0.230469 0.007812 0.003906
2 0.491211 0.211914 0.001953 0.001953
2 0.487305 0.208008 0.001953 0.001953
2 0.256836 0.206055 0.001953 0.001953
2 0.139648 0.204102 0.001953 0.001953
2 0.137695 0.200195 0.001953 0.001953
2 0.288086 0.300781 0.083984 0.214844
2 0.277344 0.194336 0.007812 0.005859
2 0.252930 0.187500 0.001953 0.003906
2 0.881836 0.172852 0.001953 0.001953
2 0.702148 0.168945 0.001953 0.001953
2 0.223633 0.165039 0.001953 0.001953
2 0.854492 0.161133 0.033203 0.056641
2 0.608398 0.278320 0.333984 0.294922
2 0.754883 0.129883 0.001953 0.001953
2 0.006836 0.153320 0.013672 0.064453
2 0.186523 0.112305 0.001953 0.001953
2 0.169922 0.166992 0.105469 0.126953
2 0.155273 0.107422 0.005859 0.007812
2 0.172852 0.094727 0.001953 0.001953
2 0.356445 0.084961 0.001953 0.001953
2 0.608398 0.083984 0.001953 0.003906
2 0.423828 0.084961 0.007812 0.005859
2 0.356445 0.081055 0.001953 0.001953
2 0.362305 0.055664 0.001953 0.001953
2 0.574219 0.052734 0.007812 0.003906
2 0.025391 0.030273 0.015625 0.009766
2 0.391602 0.020508 0.005859 0.005859
2 0.785156 0.058594 0.058594 0.085938
2 0.766602 0.010742 0.001953 0.001953
2 0.558594 0.014648 0.007812 0.009766
2 0.845703 0.009766 0.003906 0.003906
2 0.400391 0.013672 0.011719 0.011719
2 0.759766 0.007812 0.003906 0.003906
2 0.753906 0.008789 0.003906 0.005859
2 0.975586 0.000977 0.001953 0.001953
2 0.831055 0.013672 0.029297 0.027344
2 0.755859 0.001953 0.003906 0.003906
2 0.748047 0.001953 0.003906 0.003906
2 0.607422 0.040039 0.085938 0.080078
2 0.336914 0.114258 0.298828 0.228516
3 0.913086 0.993164 0.001953 0.001953
3 0.921875 0.993164 0.007812 0.005859
3 0.006836 0.989258 0.001953 0.001953
3 0.253906 0.993164 0.035156 0.013672
3 0.898438 0.992188 0.023438 0.015625
3 0.897461 0.983398 0.001953 0.001953
3 0.916992 0.965820 0.001953 0.001953
3 0.405273 0.950195 0.001953 0.001953
3 0.397461 0.939453 0.005859 0.003906
3 0.114258 0.925781 0.001953 0.003906
3 0.834961 0.920898 0.001953 0.001953
3 0.955078 0.952148 0.089844 0.095703
3 0.093750 0.882812 0.003906 0.003906
3 0.054688 0.864258 0.003906 0.001953
3 0.799805 0.852539 0.001953 0.001953
3 0.749023 0.852539 0.001953 0.001953
3 0.745117 0.853516 0.001953 0.003906
3 0.797852 0.848633 0.001953 0.001953
3 0.378906 0.839844 0.007812 0.007812
3 0.811523 0.834961 0.001953 0.001953
3 0.334961 0.806641 0.001953 0.003906
3 0.356445 0.770508 0.001953 0.001953
3 0.353516 0.764648 0.003906 0.005859
3 0.481445 0.204102 0.001953 0.001953
3 0.474609 0.205078 0.007812 0.007812
3 0.467773 0.184570 0.001953 0.001953
3 0.433594 0.125000 0.003906 0.003906
3 0.422852 0.101562 0.005859 0.003906
3 0.389648 0.095703 0.009766 0.003906
3 0.307617 0.084961 0.001953 0.001953
3 0.309570 0.081055 0.001953 0.001953
3 0.313477 0.077148 0.001953 0.001953
3 0.312500 0.071289 0.003906 0.005859
3 0.625977 0.065430 0.001953 0.001953
3 0.350586 0.050781 0.009766 0.011719
3 0.272461 0.043945 0.001953 0.001953
3 0.356445 0.041992 0.001953 0.001953
3 0.329102 0.032227 0.001953 0.001953
3 0.355469 0.025391 0.003906 0.003906
3 0.366211 0.000977 0.001953 0.001953
3 0.306641 0.036133 0.066406 0.072266
3 0.500000 0.500000 1.000000 1.000000