0 0.600586 0.999023 0.001953 0.001953
0 0.020508 0.999023 0.001953 0.001953
0 0.923828 0.998047 0.003906 0.003906
1 0.504883 0.996094 0.005859 0.003906
0 0.416992 0.995117 0.001953 0.001953
1 0.152344 0.997070 0.019531 0.005859
0 0.112305 0.997070 0.001953 0.005859
0 0.068359 0.995117 0.003906 0.001953
0 0.041992 0.997070 0.009766 0.005859
1 0.499023 0.996094 0.001953 0.007812
0 0.820312 0.995117 0.007812 0.009766
0 0.418945 0.991211 0.001953 0.001953
0 0.338867 0.991211 0.001953 0.001953
0 0.631836 0.989258 0.001953 0.001953
0 0.327148 0.989258 0.001953 0.001953
0 0.321289 0.994141 0.009766 0.011719
0 0.041992 0.987305 0.001953 0.001953
0 0.008789 0.992188 0.017578 0.015625
0 0.762695 0.981445 0.001953 0.001953
0 0.330078 0.982422 0.003906 0.003906
1 0.258789 0.981445 0.001953 0.001953
1 0.993164 0.987305 0.013672 0.017578
1 0.153320 0.980469 0.001953 0.003906
0 0.801758 0.978516 0.001953 0.003906
0 0.708008 0.977539 0.001953 0.001953
0 0.930664 0.975586 0.001953 0.001953
0 0.122070 0.975586 0.001953 0.001953
0 0.349609 0.979492 0.007812 0.013672
0 0.335938 0.980469 0.007812 0.015625
1 0.131836 0.973633 0.001953 0.001953
0 0.860352 0.971680 0.001953 0.001953
1 0.526367 0.969727 0.001953 0.001953
1 0.064453 0.972656 0.011719 0.011719
0 0.359375 0.971680 0.007812 0.013672
1 0.245117 0.967773 0.001953 0.005859
0 0.106445 0.963867 0.001953 0.001953
0 0.105469 0.981445 0.019531 0.037109
0 0.127930 0.963867 0.005859 0.005859
0 0.594727 0.959961 0.001953 0.001953
1 0.122070 0.959961 0.001953 0.001953
0 0.037109 0.978516 0.054688 0.042969
0 0.846680 0.977539 0.044922 0.044922
0 0.668945 0.957031 0.001953 0.003906
1 0.941406 0.957031 0.007812 0.007812
0 0.792969 0.976562 0.062500 0.046875
0 0.988281 0.961914 0.023438 0.025391
0 0.737305 0.969727 0.060547 0.041016
0 0.663086 0.951172 0.001953 0.003906
0 0.877930 0.948242 0.001953 0.001953
1 0.832031 0.952148 0.011719 0.009766
0 0.636719 0.973633 0.078125 0.052734
1 0.950195 0.948242 0.005859 0.005859
1 0.817383 0.946289 0.001953 0.001953
0 0.337891 0.951172 0.011719 0.011719
1 0.183594 0.947266 0.003906 0.003906
0 0.893555 0.946289 0.009766 0.005859
0 0.833008 0.940430 0.001953 0.001953
0 0.663086 0.940430 0.001953 0.001953
1 0.599609 0.939453 0.003906 0.003906
0 0.012695 0.938477 0.001953 0.001953
1 0.117188 0.947266 0.046875 0.023438
0 0.877930 0.934570 0.001953 0.001953
1 0.820312 0.938477 0.015625 0.009766
0 0.590820 0.940430 0.009766 0.013672
1 0.461914 0.949219 0.041016 0.031250
1 0.998047 0.935547 0.003906 0.007812
0 0.905273 0.965820 0.060547 0.068359
0 0.006836 0.945312 0.013672 0.031250
0 0.830078 0.933594 0.011719 0.011719
1 0.504883 0.928711 0.001953 0.001953
1 0.504883 0.922852 0.001953 0.001953
1 0.127930 0.923828 0.001953 0.003906
0 0.995117 0.924805 0.009766 0.009766
1 0.902344 0.930664 0.023438 0.021484
0 0.826172 0.921875 0.003906 0.003906
0 0.290039 0.959961 0.060547 0.080078
1 0.085938 0.921875 0.003906 0.003906
0 0.389648 0.929688 0.025391 0.023438
0 0.921875 0.916016 0.003906 0.003906
1 0.550781 0.943359 0.082031 0.062500
0 0.999023 0.912109 0.001953 0.003906
1 0.922852 0.911133 0.001953 0.001953
0 0.359375 0.910156 0.003906 0.003906
0 0.277344 0.914062 0.011719 0.011719
0 0.997070 0.905273 0.001953 0.001953
0 0.278320 0.905273 0.001953 0.001953
1 0.036133 0.909180 0.009766 0.009766
0 0.344727 0.899414 0.001953 0.001953
0 0.517578 0.901367 0.011719 0.009766
0 0.666016 0.929688 0.070312 0.070312
1 0.482422 0.896484 0.003906 0.003906
1 0.334961 0.898438 0.005859 0.007812
1 0.172852 0.895508 0.001953 0.001953
0 0.885742 0.894531 0.009766 0.007812
0 0.344727 0.891602 0.001953 0.001953
1 0.396484 0.890625 0.003906 0.003906
1 0.330078 0.892578 0.003906 0.007812
0 0.361328 0.925781 0.039062 0.082031
0 0.219727 0.885742 0.001953 0.001953
0 0.333984 0.884766 0.003906 0.003906
0 0.280273 0.894531 0.017578 0.023438
1 0.110352 0.886719 0.009766 0.011719
1 0.285156 0.878906 0.003906 0.003906
0 0.230469 0.877930 0.003906 0.001953
1 0.915039 0.883789 0.017578 0.017578
1 0.172852 0.875977 0.001953 0.001953
1 0.385742 0.875977 0.009766 0.005859
0 0.233398 0.874023 0.001953 0.001953
0 0.225586 0.874023 0.001953 0.001953
0 0.916992 0.872070 0.001953 0.001953
0 0.479492 0.872070 0.001953 0.001953
0 0.477539 0.868164 0.001953 0.001953
0 0.416992 0.930664 0.080078 0.126953
1 0.974609 0.908203 0.050781 0.085938
0 0.764648 0.866211 0.005859 0.001953
0 0.544922 0.867188 0.003906 0.003906
1 0.208008 0.924805 0.064453 0.119141
0 0.980469 0.866211 0.003906 0.005859
0 0.397461 0.864258 0.001953 0.001953
0 0.981445 0.858398 0.001953 0.001953
0 0.403320 0.859375 0.005859 0.003906
0 0.375977 0.858398 0.001953 0.001953
1 0.288086 0.866211 0.017578 0.021484
0 0.962891 0.864258 0.019531 0.021484
1 0.934570 0.854492 0.001953 0.001953
0 0.509766 0.866211 0.070312 0.025391
0 0.393555 0.854492 0.001953 0.001953
1 0.172852 0.860352 0.005859 0.013672
0 0.973633 0.852539 0.001953 0.001953
0 0.950195 0.852539 0.001953 0.001953
1 0.944336 0.853516 0.005859 0.003906
1 0.938477 0.852539 0.001953 0.001953
1 0.297852 0.852539 0.005859 0.001953
0 0.290039 0.852539 0.001953 0.001953
0 0.231445 0.855469 0.005859 0.007812
0 0.750000 0.854492 0.019531 0.009766
1 0.399414 0.844727 0.001953 0.001953
1 0.402344 0.841797 0.003906 0.003906
1 0.384766 0.840820 0.003906 0.001953
1 0.743164 0.839844 0.009766 0.003906
1 0.542969 0.845703 0.015625 0.015625
1 0.444336 0.842773 0.005859 0.009766
1 0.238281 0.845703 0.015625 0.015625
1 0.156250 0.842773 0.015625 0.009766
1 0.459961 0.843750 0.017578 0.015625
0 0.370117 0.856445 0.048828 0.041016
0 0.014648 0.879883 0.029297 0.087891
1 0.538086 0.834961 0.001953 0.001953
1 0.162109 0.835938 0.007812 0.003906
1 0.976562 0.841797 0.046875 0.019531
1 0.879883 0.833008 0.001953 0.001953
1 0.731445 0.833984 0.005859 0.003906
1 0.440430 0.833008 0.001953 0.001953
1 0.425781 0.833984 0.003906 0.003906
1 0.739258 0.831055 0.001953 0.001953
1 0.529297 0.833008 0.011719 0.005859
1 0.958008 0.829102 0.005859 0.001953
1 0.949219 0.833008 0.015625 0.009766
1 0.766602 0.829102 0.001953 0.001953
1 0.292969 0.840820 0.031250 0.025391
1 0.807617 0.827148 0.001953 0.001953
1 0.803711 0.827148 0.001953 0.001953
1 0.684570 0.825195 0.001953 0.001953
1 0.580078 0.825195 0.003906 0.001953
1 0.389648 0.825195 0.001953 0.001953
1 0.282227 0.825195 0.001953 0.001953
1 0.278320 0.825195 0.001953 0.001953
1 0.323242 0.823242 0.001953 0.001953
1 0.085938 0.825195 0.007812 0.005859
1 0.580078 0.820312 0.003906 0.003906
1 0.585938 0.817383 0.003906 0.001953
1 0.567383 0.825195 0.017578 0.017578
1 0.541992 0.820312 0.013672 0.007812
1 0.465820 0.817383 0.001953 0.001953
0 0.858398 0.815430 0.001953 0.001953
1 0.233398 0.812500 0.001953 0.003906
1 0.223633 0.818359 0.021484 0.015625
1 0.213867 0.810547 0.001953 0.003906
1 0.228516 0.806641 0.003906 0.003906
0 0.828125 0.803711 0.003906 0.001953
0 0.609375 0.801758 0.003906 0.001953
1 0.214844 0.803711 0.003906 0.005859
0 0.877930 0.809570 0.013672 0.021484
1 0.476562 0.795898 0.003906 0.001953
1 0.618164 0.793945 0.001953 0.001953
1 0.565430 0.791992 0.001953 0.001953
1 0.490234 0.808594 0.070312 0.035156
0 0.843750 0.800781 0.027344 0.031250
1 0.282227 0.784180 0.001953 0.001953
0 0.080078 0.787109 0.011719 0.011719
0 0.071289 0.782227 0.001953 0.001953
1 0.596680 0.780273 0.001953 0.001953
1 0.592773 0.778320 0.001953 0.001953
0 0.067383 0.779297 0.001953 0.003906
0 0.813477 0.782227 0.009766 0.013672
1 0.598633 0.776367 0.001953 0.001953
1 0.018555 0.782227 0.021484 0.017578
0 0.811523 0.772461 0.001953 0.001953
1 0.717773 0.772461 0.001953 0.001953
0 0.991211 0.779297 0.017578 0.027344
1 0.344727 0.801758 0.154297 0.080078
1 0.746094 0.847656 0.386719 0.179688
1 0.395508 0.748047 0.013672 0.007812
0 0.075195 0.745117 0.001953 0.001953
1 0.245117 0.747070 0.021484 0.009766
0 0.795898 0.741211 0.001953 0.001953
1 0.420898 0.741211 0.001953 0.001953
1 0.266602 0.741211 0.001953 0.001953
1 0.197266 0.746094 0.019531 0.011719
0 0.165039 0.741211 0.001953 0.001953
0 0.046875 0.763672 0.039062 0.046875
0 0.139648 0.739258 0.001953 0.001953
1 0.682617 0.740234 0.009766 0.007812
1 0.418945 0.737305 0.001953 0.001953
1 0.571289 0.737305 0.025391 0.009766
1 0.278320 0.740234 0.017578 0.015625
1 0.665039 0.725586 0.001953 0.001953
1 0.612305 0.722656 0.001953 0.003906
1 0.057617 0.727539 0.021484 0.017578
0 0.930664 0.719727 0.001953 0.005859
1 0.483398 0.717773 0.001953 0.001953
0 0.322266 0.722656 0.011719 0.011719
0 0.092773 0.738281 0.033203 0.046875
1 0.480469 0.713867 0.003906 0.001953
0 0.928711 0.711914 0.001953 0.001953
0 0.919922 0.714844 0.003906 0.007812
1 0.477539 0.722656 0.021484 0.023438
0 0.293945 0.708008 0.001953 0.001953
1 0.029297 0.708008 0.007812 0.009766
0 0.030273 0.700195 0.001953 0.001953
0 0.237305 0.701172 0.005859 0.007812
0 0.947266 0.744141 0.046875 0.097656
1 0.464844 0.700195 0.003906 0.009766
0 0.973633 0.697266 0.005859 0.011719
1 0.749023 0.692383 0.001953 0.001953
0 0.293945 0.707031 0.037109 0.031250
0 0.229492 0.690430 0.001953 0.001953
0 0.096680 0.690430 0.001953 0.001953
1 0.744141 0.707031 0.031250 0.039062
0 0.285156 0.688477 0.003906 0.001953
1 0.297852 0.686523 0.005859 0.001953
0 0.243164 0.684570 0.001953 0.001953
1 0.506836 0.682617 0.001953 0.001953
1 0.501953 0.682617 0.003906 0.001953
1 0.272461 0.682617 0.001953 0.001953
0 0.935547 0.693359 0.039062 0.027344
0 0.243164 0.680664 0.001953 0.001953
0 0.255859 0.679688 0.003906 0.003906
1 0.250000 0.678711 0.003906 0.001953
0 0.980469 0.677734 0.003906 0.003906
0 0.243164 0.676758 0.001953 0.001953
0 0.192383 0.676758 0.001953 0.001953
1 0.745117 0.674805 0.001953 0.001953
1 0.510742 0.675781 0.001953 0.003906
0 0.186523 0.674805 0.001953 0.001953
0 0.519531 0.673828 0.003906 0.003906
0 0.239258 0.672852 0.001953 0.001953
1 0.500000 0.673828 0.015625 0.007812
1 0.734375 0.667969 0.003906 0.003906
1 0.487305 0.666992 0.001953 0.001953
0 0.414062 0.668945 0.003906 0.005859
0 0.153320 0.708008 0.041016 0.087891
0 0.989258 0.667969 0.009766 0.011719
1 0.571289 0.664062 0.001953 0.003906
1 0.736328 0.662109 0.003906 0.003906
0 0.059570 0.661133 0.001953 0.001953
0 0.854492 0.659180 0.001953 0.001953
0 0.401367 0.659180 0.001953 0.001953
0 0.786133 0.658203 0.001953 0.003906
1 0.445312 0.660156 0.003906 0.007812
1 0.313477 0.655273 0.001953 0.001953
0 0.387695 0.653320 0.001953 0.001953
0 0.042969 0.653320 0.003906 0.001953
0 0.935547 0.669922 0.042969 0.039062
1 0.608398 0.651367 0.001953 0.001953
0 0.406250 0.653320 0.003906 0.005859
1 0.690430 0.653320 0.005859 0.009766
0 0.387695 0.649414 0.001953 0.001953
0 0.037109 0.659180 0.015625 0.025391
0 0.016602 0.668945 0.029297 0.044922
0 0.781250 0.647461 0.003906 0.005859
0 0.416016 0.649414 0.007812 0.009766
1 0.049805 0.646484 0.001953 0.003906
0 0.213867 0.676758 0.044922 0.072266
0 0.793945 0.735352 0.205078 0.193359
1 0.596680 0.644531 0.013672 0.011719
0 0.083008 0.664062 0.052734 0.050781
1 0.197266 0.638672 0.003906 0.003906
1 0.602539 0.636719 0.001953 0.003906
0 0.229492 0.662109 0.021484 0.054688
1 0.666992 0.677734 0.048828 0.089844
1 0.198242 0.633789 0.001953 0.001953
0 0.098633 0.649414 0.025391 0.033203
1 0.974609 0.659180 0.050781 0.056641
1 0.955078 0.636719 0.007812 0.011719
1 0.456055 0.626953 0.005859 0.007812
1 0.445312 0.648438 0.042969 0.050781
1 0.591797 0.624023 0.007812 0.005859
1 0.637695 0.620117 0.001953 0.001953
1 0.690430 0.619141 0.001953 0.003906
0 0.391602 0.635742 0.033203 0.037109
0 0.379883 0.616211 0.001953 0.001953
0 0.374023 0.618164 0.005859 0.005859
1 0.573242 0.613281 0.005859 0.003906
0 0.754883 0.608398 0.001953 0.001953
0 0.372070 0.608398 0.001953 0.001953
1 0.715820 0.606445 0.001953 0.001953
1 0.930664 0.612305 0.025391 0.017578
1 0.579102 0.604492 0.001953 0.001953
0 0.932617 0.602539 0.001953 0.001953
0 0.862305 0.600586 0.001953 0.001953
0 0.027344 0.602539 0.003906 0.005859
1 0.647461 0.609375 0.025391 0.023438
1 0.980469 0.601562 0.011719 0.011719
0 0.028320 0.595703 0.001953 0.003906
1 0.364258 0.590820 0.001953 0.001953
0 0.840820 0.588867 0.001953 0.001953
1 0.965820 0.586914 0.001953 0.001953
1 0.465820 0.586914 0.001953 0.001953
0 0.375977 0.586914 0.001953 0.001953
1 0.972656 0.588867 0.011719 0.009766
0 0.207031 0.586914 0.007812 0.005859
1 0.462891 0.583984 0.003906 0.003906
1 0.088867 0.583984 0.005859 0.007812
1 0.468750 0.579102 0.003906 0.001953
1 0.979492 0.578125 0.005859 0.007812
0 0.010742 0.586914 0.021484 0.041016
0 0.821289 0.565430 0.001953 0.001953
1 0.083984 0.564453 0.007812 0.003906
1 0.018555 0.564453 0.001953 0.003906
1 0.668945 0.560547 0.005859 0.003906
1 0.420898 0.566406 0.017578 0.015625
0 0.243164 0.590820 0.052734 0.064453
0 0.665039 0.555664 0.001953 0.001953
0 0.000977 0.555664 0.001953 0.001953
1 0.988281 0.558594 0.015625 0.011719
0 0.379883 0.553711 0.001953 0.001953
1 0.933594 0.583984 0.089844 0.066406
0 0.664062 0.551758 0.003906 0.001953
0 0.477539 0.551758 0.001953 0.001953
0 0.659180 0.549805 0.001953 0.001953
1 0.368164 0.549805 0.001953 0.001953
1 0.958008 0.547852 0.001953 0.001953
0 0.230469 0.548828 0.003906 0.003906
0 0.299805 0.546875 0.013672 0.011719
0 0.375977 0.540039 0.001953 0.001953
1 0.007812 0.547852 0.015625 0.017578
0 0.768555 0.538086 0.001953 0.001953
1 0.936523 0.534180 0.001953 0.001953
0 0.926758 0.534180 0.001953 0.001953
1 0.362305 0.534180 0.001953 0.001953
1 0.932617 0.532227 0.001953 0.001953
0 0.867188 0.532227 0.003906 0.001953
1 0.674805 0.532227 0.001953 0.001953
1 0.329102 0.607422 0.162109 0.152344
0 0.112305 0.530273 0.001953 0.001953
0 0.916992 0.528320 0.001953 0.001953
1 0.915039 0.535156 0.017578 0.019531
1 0.739258 0.529297 0.001953 0.007812
1 0.272461 0.526367 0.001953 0.001953
0 0.225586 0.527344 0.001953 0.003906
1 0.695312 0.540039 0.023438 0.037109
1 0.301758 0.527344 0.013672 0.011719
0 0.933594 0.524414 0.007812 0.009766
0 0.225586 0.521484 0.001953 0.003906
0 0.916992 0.518555 0.001953 0.001953
0 0.829102 0.518555 0.001953 0.001953
0 0.924805 0.518555 0.005859 0.005859
0 0.837891 0.517578 0.003906 0.003906
1 0.279297 0.517578 0.003906 0.003906
0 0.159180 0.516602 0.001953 0.001953
0 0.078125 0.530273 0.027344 0.033203
0 0.853516 0.555664 0.054688 0.087891
0 0.333008 0.517578 0.009766 0.011719
0 0.778320 0.510742 0.001953 0.001953
0 0.110352 0.521484 0.021484 0.023438
1 0.991211 0.525391 0.017578 0.035156
0 0.800781 0.588867 0.175781 0.162109
1 0.698242 0.513672 0.009766 0.011719
1 0.279297 0.508789 0.007812 0.009766
1 0.747070 0.511719 0.017578 0.019531
0 0.804688 0.501953 0.007812 0.007812
0 0.794922 0.500000 0.003906 0.003906
1 0.065430 0.506836 0.017578 0.017578
0 0.813477 0.498047 0.005859 0.003906
0 0.788086 0.497070 0.001953 0.001953
1 0.637695 0.529297 0.044922 0.066406
0 0.385742 0.538086 0.052734 0.083984
0 0.840820 0.503906 0.013672 0.019531
1 0.836914 0.495117 0.001953 0.001953
0 0.828125 0.494141 0.003906 0.003906
1 0.715820 0.495117 0.001953 0.005859
0 0.541992 0.485352 0.001953 0.001953
1 0.822266 0.484375 0.003906 0.003906
0 0.950195 0.491211 0.021484 0.021484
1 0.827148 0.482422 0.001953 0.003906
1 0.247070 0.479492 0.001953 0.001953
1 0.823242 0.478516 0.001953 0.003906
0 0.546875 0.481445 0.011719 0.009766
0 0.358398 0.475586 0.001953 0.001953
1 0.267578 0.481445 0.007812 0.013672
0 0.994141 0.474609 0.003906 0.003906
1 0.985352 0.490234 0.029297 0.035156
0 0.366211 0.473633 0.001953 0.001953
0 0.358398 0.488281 0.041016 0.031250
0 0.969727 0.473633 0.001953 0.005859
0 0.962891 0.478516 0.011719 0.015625
1 0.825195 0.473633 0.005859 0.005859
1 0.819336 0.474609 0.001953 0.007812
0 0.364258 0.469727 0.001953 0.001953
1 0.247070 0.469727 0.001953 0.001953
0 0.348633 0.467773 0.001953 0.001953
1 0.271484 0.469727 0.003906 0.005859
0 0.178711 0.569336 0.119141 0.205078
0 0.360352 0.465820 0.001953 0.001953
0 0.030273 0.476562 0.013672 0.023438
0 0.538086 0.459961 0.001953 0.001953
0 0.363281 0.460938 0.003906 0.003906
0 0.074219 0.460938 0.003906 0.003906
0 0.860352 0.458008 0.001953 0.001953
1 0.693359 0.476562 0.054688 0.046875
0 0.348633 0.456055 0.005859 0.005859
0 0.052734 0.458008 0.011719 0.009766
0 0.774414 0.452148 0.001953 0.001953
0 0.420898 0.452148 0.001953 0.001953
1 0.307617 0.467773 0.048828 0.033203
0 0.762695 0.450195 0.001953 0.001953
0 0.424805 0.450195 0.001953 0.001953
0 0.358398 0.450195 0.001953 0.001953
0 0.983398 0.457031 0.013672 0.019531
0 0.916992 0.446289 0.001953 0.001953
1 0.670898 0.448242 0.005859 0.005859
0 0.540039 0.451172 0.013672 0.015625
0 0.997070 0.448242 0.005859 0.013672
0 0.876953 0.440430 0.003906 0.001953
0 0.995117 0.438477 0.001953 0.001953
0 0.924805 0.458984 0.017578 0.046875
0 0.911133 0.444336 0.009766 0.017578
1 0.274414 0.436523 0.001953 0.001953
0 0.063477 0.437500 0.001953 0.003906
0 0.902344 0.433594 0.003906 0.003906
0 0.766602 0.434570 0.009766 0.005859
1 0.676758 0.432617 0.001953 0.001953
0 0.351562 0.439453 0.019531 0.015625
1 0.667969 0.433594 0.011719 0.007812
0 0.061523 0.431641 0.001953 0.003906
0 0.776367 0.458008 0.037109 0.072266
1 0.756836 0.424805 0.005859 0.005859
0 0.440430 0.422852 0.001953 0.001953
0 0.067383 0.422852 0.001953 0.001953
0 0.635742 0.420898 0.001953 0.001953
1 0.777344 0.418945 0.003906 0.001953
0 0.889648 0.413086 0.001953 0.001953
0 0.876953 0.466797 0.105469 0.109375
0 0.640625 0.412109 0.003906 0.003906
0 0.592773 0.411133 0.001953 0.001953
1 0.768555 0.407227 0.001953 0.001953
0 0.632812 0.410156 0.003906 0.007812
1 0.772461 0.413086 0.033203 0.017578
0 0.087891 0.435547 0.031250 0.062500
1 0.770508 0.399414 0.013672 0.009766
1 0.684570 0.395508 0.001953 0.001953
1 0.958984 0.394531 0.007812 0.007812
0 0.001953 0.393555 0.003906 0.005859
0 0.891602 0.385742 0.001953 0.001953
0 0.321289 0.385742 0.001953 0.001953
1 0.990234 0.401367 0.019531 0.037109
0 0.918945 0.404297 0.064453 0.042969
1 0.301758 0.383789 0.001953 0.001953
1 0.264648 0.426758 0.076172 0.087891
0 0.116211 0.383789 0.001953 0.001953
1 0.955078 0.382812 0.007812 0.003906
0 0.954102 0.377930 0.001953 0.001953
1 0.790039 0.376953 0.001953 0.003906
1 0.653320 0.375977 0.001953 0.001953
1 0.638672 0.375977 0.003906 0.001953
1 0.956055 0.374023 0.005859 0.001953
0 0.633789 0.374023 0.001953 0.001953
0 0.791992 0.372070 0.001953 0.001953
0 0.690430 0.370117 0.001953 0.001953
0 0.631836 0.370117 0.001953 0.001953
0 0.306641 0.378906 0.015625 0.019531
0 0.197266 0.370117 0.003906 0.001953
0 0.952148 0.368164 0.001953 0.001953
0 0.479492 0.368164 0.001953 0.001953
1 0.663086 0.366211 0.001953 0.001953
1 0.280273 0.366211 0.001953 0.001953
1 0.668945 0.365234 0.005859 0.003906
0 0.613281 0.367188 0.007812 0.007812
0 0.403320 0.364258 0.001953 0.001953
1 0.662109 0.362305 0.003906 0.001953
0 0.628906 0.361328 0.003906 0.003906
0 0.443359 0.366211 0.003906 0.013672
1 0.364258 0.358398 0.001953 0.001953
1 0.777344 0.366211 0.015625 0.021484
1 0.276367 0.368164 0.013672 0.025391
1 0.113281 0.357422 0.003906 0.003906
1 0.105469 0.357422 0.003906 0.003906
1 0.100586 0.356445 0.001953 0.001953
1 0.708984 0.388672 0.054688 0.070312
0 0.698242 0.354492 0.001953 0.001953
0 0.193359 0.355469 0.003906 0.007812
1 0.110352 0.352539 0.001953 0.001953
0 0.694336 0.350586 0.001953 0.001953
0 0.125000 0.350586 0.003906 0.001953
0 0.706055 0.348633 0.001953 0.001953
0 0.510742 0.346680 0.001953 0.001953
1 0.288086 0.346680 0.001953 0.001953
0 0.702148 0.344727 0.001953 0.001953
1 0.623047 0.344727 0.003906 0.001953
0 0.600586 0.388672 0.064453 0.089844
0 0.121094 0.339844 0.003906 0.003906
0 0.041992 0.338867 0.001953 0.001953
1 0.284180 0.339844 0.005859 0.007812
1 0.994141 0.350586 0.011719 0.037109
0 0.818359 0.365234 0.058594 0.066406
0 0.919922 0.350586 0.046875 0.044922
0 0.906250 0.330078 0.003906 0.003906
0 0.481445 0.500000 0.236328 0.343750
1 0.625000 0.331055 0.003906 0.009766
0 0.055664 0.327148 0.001953 0.001953
0 0.905273 0.325195 0.001953 0.001953
0 0.510742 0.322266 0.005859 0.003906
0 0.413086 0.328125 0.013672 0.015625
0 0.518555 0.317383 0.001953 0.001953
1 0.198242 0.317383 0.001953 0.001953
0 0.083984 0.320312 0.003906 0.007812
0 0.947266 0.316406 0.003906 0.003906
1 0.540039 0.315430 0.001953 0.001953
0 0.525391 0.316406 0.003906 0.003906
1 0.572266 0.326172 0.035156 0.027344
1 0.206055 0.313477 0.001953 0.001953
0 0.083008 0.311523 0.001953 0.001953
0 0.094727 0.309570 0.001953 0.001953
0 0.086914 0.308594 0.005859 0.003906
1 0.536133 0.311523 0.017578 0.013672
0 0.409180 0.307617 0.009766 0.005859
0 0.965820 0.303711 0.005859 0.005859
1 0.527344 0.301758 0.003906 0.001953
1 0.850586 0.300781 0.005859 0.007812
0 0.002930 0.298828 0.005859 0.003906
1 0.759766 0.309570 0.023438 0.033203
0 0.661133 0.333984 0.091797 0.082031
1 0.797852 0.292969 0.009766 0.003906
0 0.520508 0.291992 0.001953 0.001953
1 0.000977 0.291992 0.001953 0.001953
1 0.840820 0.290039 0.001953 0.001953
1 0.634766 0.291016 0.003906 0.003906
1 0.361328 0.295898 0.015625 0.013672
0 0.135742 0.290039 0.001953 0.001953
1 0.008789 0.291992 0.009766 0.005859
1 0.809570 0.289062 0.001953 0.003906
0 0.984375 0.306641 0.031250 0.042969
1 0.805664 0.286133 0.001953 0.001953
1 0.249023 0.287109 0.001953 0.003906
1 0.795898 0.284180 0.001953 0.001953
1 0.623047 0.288086 0.011719 0.009766
0 0.393555 0.282227 0.001953 0.001953
1 0.253906 0.283203 0.003906 0.003906
1 0.787109 0.285156 0.007812 0.011719
1 0.759766 0.284180 0.011719 0.009766
1 0.610352 0.284180 0.013672 0.009766
0 0.133789 0.280273 0.001953 0.001953
1 0.877930 0.277344 0.001953 0.003906
1 0.860352 0.283203 0.021484 0.015625
1 0.882812 0.275391 0.003906 0.003906
1 0.858398 0.274414 0.005859 0.001953
1 0.467773 0.272461 0.001953 0.001953
0 0.129883 0.272461 0.001953 0.001953
1 0.968750 0.273438 0.007812 0.007812
1 0.971680 0.266602 0.001953 0.001953
1 0.110352 0.264648 0.001953 0.001953
0 0.003906 0.265625 0.007812 0.007812
1 0.930664 0.261719 0.001953 0.003906
1 0.112305 0.260742 0.001953 0.001953
1 0.008789 0.260742 0.001953 0.001953
0 0.987305 0.254883 0.001953 0.001953
1 0.689453 0.252930 0.007812 0.005859
0 0.983398 0.256836 0.013672 0.017578
0 0.899414 0.285156 0.072266 0.074219
0 0.004883 0.250000 0.009766 0.003906
1 0.712891 0.282227 0.027344 0.072266
0 0.405273 0.279297 0.056641 0.066406
1 0.909180 0.245117 0.001953 0.001953
1 0.501953 0.309570 0.105469 0.130859
1 0.713867 0.244141 0.001953 0.003906
0 0.994141 0.243164 0.007812 0.005859
1 0.897461 0.237305 0.001953 0.001953
0 0.184570 0.237305 0.001953 0.001953
0 0.211914 0.256836 0.064453 0.048828
1 0.906250 0.224609 0.007812 0.003906
1 0.846680 0.223633 0.001953 0.001953
0 0.351562 0.240234 0.062500 0.035156
1 0.921875 0.236328 0.035156 0.035156
0 0.502930 0.215820 0.001953 0.001953
1 0.283203 0.216797 0.007812 0.003906
0 0.333008 0.213867 0.001953 0.001953
1 0.169922 0.226562 0.031250 0.027344
0 0.355469 0.215820 0.035156 0.009766
1 0.276367 0.211914 0.001953 0.001953
0 0.891602 0.209961 0.001953 0.001953
0 0.874023 0.209961 0.001953 0.001953
1 0.879883 0.220703 0.048828 0.027344
0 0.362305 0.206055 0.005859 0.001953
0 0.891602 0.204102 0.001953 0.001953
1 0.843750 0.206055 0.007812 0.009766
1 0.908203 0.202148 0.011719 0.005859
0 0.495117 0.202148 0.005859 0.005859
0 0.028320 0.200195 0.001953 0.001953
1 0.901367 0.198242 0.001953 0.001953
0 0.334961 0.198242 0.001953 0.001953
1 0.414062 0.202148 0.015625 0.013672
1 0.143555 0.201172 0.013672 0.011719
0 0.043945 0.194336 0.001953 0.001953
0 0.499023 0.195312 0.009766 0.007812
0 0.560547 0.189453 0.007812 0.003906
0 0.001953 0.192383 0.003906 0.009766
0 0.985352 0.211914 0.029297 0.052734
1 0.777344 0.184570 0.003906 0.001953
0 0.532227 0.184570 0.001953 0.001953
0 0.450195 0.184570 0.001953 0.001953
1 0.342773 0.188477 0.013672 0.009766
1 0.891602 0.182617 0.001953 0.001953
1 0.892578 0.178711 0.003906 0.001953
0 0.329102 0.178711 0.001953 0.001953
1 0.787109 0.182617 0.015625 0.013672
0 0.558594 0.179688 0.003906 0.007812
1 0.693359 0.180664 0.019531 0.017578
0 0.073242 0.172852 0.001953 0.001953
0 0.113281 0.320312 0.226562 0.296875
0 0.758789 0.178711 0.041016 0.017578
1 0.700195 0.168945 0.001953 0.001953
1 0.696289 0.168945 0.001953 0.001953
0 0.477539 0.166992 0.001953 0.001953
1 0.986328 0.165039 0.007812 0.005859
1 0.977539 0.163086 0.001953 0.001953
0 0.596680 0.168945 0.017578 0.013672
1 0.969727 0.166992 0.009766 0.013672
1 0.718750 0.169922 0.027344 0.019531
0 0.553711 0.161133 0.001953 0.001953
0 0.519531 0.164062 0.023438 0.011719
0 0.495117 0.159180 0.001953 0.001953
0 0.016602 0.210938 0.033203 0.105469
0 0.564453 0.206055 0.109375 0.099609
1 0.637695 0.151367 0.001953 0.001953
1 0.583984 0.151367 0.003906 0.001953
1 0.225586 0.152344 0.005859 0.003906
1 0.552734 0.152344 0.007812 0.007812
1 0.075195 0.161133 0.044922 0.025391
1 0.827148 0.151367 0.005859 0.009766
1 0.580078 0.150391 0.003906 0.007812
0 0.407227 0.147461 0.001953 0.001953
1 0.572266 0.149414 0.007812 0.009766
1 0.007812 0.147461 0.003906 0.005859
1 0.854492 0.139648 0.001953 0.001953
0 0.470703 0.171875 0.046875 0.066406
0 0.444336 0.139648 0.001953 0.001953
0 0.378906 0.141602 0.003906 0.005859
1 0.874023 0.138672 0.001953 0.003906
1 0.898438 0.155273 0.039062 0.041016
1 0.772461 0.138672 0.009766 0.007812
1 0.372070 0.136719 0.013672 0.003906
1 0.632812 0.139648 0.023438 0.013672
0 0.829102 0.131836 0.001953 0.001953
1 0.700195 0.124023 0.001953 0.001953
1 0.839844 0.163086 0.066406 0.091797
1 0.959961 0.116211 0.001953 0.001953
1 0.702148 0.116211 0.001953 0.001953
1 0.223633 0.114258 0.001953 0.001953
1 0.902344 0.112305 0.003906 0.005859
1 0.574219 0.108398 0.003906 0.001953
1 0.518555 0.113281 0.013672 0.011719
1 0.905273 0.106445 0.001953 0.001953
1 0.821289 0.109375 0.025391 0.011719
0 0.537109 0.106445 0.003906 0.005859
0 0.349609 0.105469 0.003906 0.003906
0 0.518555 0.103516 0.005859 0.003906
1 0.915039 0.104492 0.013672 0.009766
0 0.524414 0.100586 0.001953 0.001953
1 0.216797 0.107422 0.015625 0.015625
0 0.981445 0.098633 0.001953 0.001953
1 0.981445 0.124023 0.037109 0.052734
0 0.956055 0.098633 0.001953 0.001953
1 0.584961 0.104492 0.017578 0.013672
1 0.456055 0.099609 0.001953 0.003906
1 0.817383 0.096680 0.001953 0.001953
0 0.526367 0.096680 0.001953 0.001953
1 0.023438 0.100586 0.011719 0.009766
1 0.889648 0.094727 0.001953 0.001953
1 0.600586 0.104492 0.017578 0.021484
1 0.233398 0.094727 0.001953 0.001953
1 0.733398 0.108398 0.052734 0.033203
1 0.897461 0.098633 0.013672 0.017578
1 0.823242 0.093750 0.005859 0.007812
0 0.333984 0.090820 0.003906 0.001953
0 0.962891 0.093750 0.007812 0.011719
0 0.512695 0.089844 0.001953 0.003906
1 0.239258 0.086914 0.001953 0.001953
0 0.950195 0.084961 0.001953 0.001953
1 0.899414 0.084961 0.001953 0.001953
0 0.338867 0.084961 0.001953 0.001953
1 0.243164 0.084961 0.001953 0.001953
1 0.235352 0.084961 0.001953 0.001953
1 0.823242 0.083008 0.001953 0.001953
1 0.280273 0.083008 0.001953 0.001953
0 0.887695 0.079102 0.001953 0.001953
1 0.699219 0.086914 0.011719 0.017578
1 0.894531 0.079102 0.007812 0.005859
0 0.277344 0.143555 0.093750 0.134766
0 0.137695 0.090820 0.052734 0.029297
1 0.863281 0.082031 0.023438 0.015625
0 0.516602 0.075195 0.001953 0.001953
0 0.391602 0.076172 0.005859 0.003906
0 0.163086 0.075195 0.001953 0.001953
1 0.992188 0.083984 0.015625 0.023438
0 0.537109 0.090820 0.019531 0.037109
1 0.508789 0.073242 0.001953 0.001953
1 0.794922 0.079102 0.023438 0.017578
1 0.516602 0.071289 0.001953 0.001953
1 0.847656 0.071289 0.007812 0.005859
1 0.791992 0.069336 0.001953 0.001953
0 0.166016 0.070312 0.003906 0.003906
1 0.855469 0.066406 0.003906 0.003906
1 0.823242 0.070312 0.009766 0.011719
1 0.180664 0.073242 0.025391 0.025391
0 0.389648 0.059570 0.001953 0.001953
1 0.884766 0.064453 0.031250 0.015625
1 0.196289 0.057617 0.001953 0.001953
0 0.176758 0.057617 0.001953 0.001953
1 0.737305 0.055664 0.001953 0.001953
0 0.233398 0.053711 0.001953 0.001953
1 0.229492 0.051758 0.001953 0.001953
0 0.111328 0.065430 0.046875 0.033203
1 0.804688 0.049805 0.015625 0.009766
1 0.746094 0.048828 0.003906 0.007812
0 0.160156 0.057617 0.031250 0.025391
1 0.925781 0.046875 0.003906 0.007812
0 0.240234 0.045898 0.003906 0.005859
0 0.018555 0.056641 0.021484 0.027344
1 0.758789 0.041016 0.001953 0.003906
1 0.753906 0.041992 0.003906 0.005859
0 0.645508 0.036133 0.001953 0.001953
1 0.455078 0.042969 0.023438 0.015625
1 0.440430 0.036133 0.001953 0.001953
1 0.835938 0.044922 0.042969 0.042969
0 0.538086 0.022461 0.001953 0.001953
0 0.220703 0.035156 0.035156 0.027344
1 0.839844 0.020508 0.003906 0.001953
0 0.651367 0.020508 0.001953 0.001953
0 0.096680 0.022461 0.005859 0.005859
0 0.550781 0.023438 0.019531 0.011719
0 0.540039 0.016602 0.001953 0.001953
0 0.510742 0.016602 0.001953 0.001953
1 0.865234 0.025391 0.015625 0.023438
0 0.565430 0.014648 0.005859 0.005859
1 0.788086 0.007812 0.005859 0.003906
0 0.990234 0.017578 0.019531 0.035156
0 0.940430 0.041016 0.060547 0.082031
1 0.776367 0.010742 0.021484 0.021484
1 0.716797 0.030273 0.042969 0.060547
0 0.626953 0.021484 0.050781 0.042969
0 0.583008 0.000977 0.001953 0.001953
0 0.573242 0.002930 0.013672 0.005859
0 0.563477 0.000977 0.001953 0.001953
0 0.520508 0.011719 0.029297 0.023438
0 0.337891 0.088867 0.144531 0.177734
0 0.225586 0.016602 0.037109 0.033203
0 0.152344 0.022461 0.097656 0.044922
0 0.043945 0.032227 0.064453 0.064453
2 0.797852 0.999023 0.001953 0.001953
2 0.002930 0.999023 0.001953 0.001953
2 0.846680 0.998047 0.001953 0.003906
2 0.664062 0.998047 0.003906 0.003906
2 0.797852 0.995117 0.001953 0.001953
2 0.659180 0.995117 0.001953 0.001953
2 0.309570 0.993164 0.001953 0.001953
3 0.999023 0.989258 0.001953 0.005859
2 0.778320 0.990234 0.005859 0.007812
2 0.305664 0.985352 0.001953 0.001953
2 0.653320 0.979492 0.001953 0.001953
2 0.663086 0.975586 0.001953 0.001953
2 0.654297 0.975586 0.003906 0.001953
2 0.110352 0.975586 0.005859 0.005859
2 0.100586 0.973633 0.001953 0.001953
2 0.647461 0.971680 0.001953 0.001953
2 0.884766 0.964844 0.007812 0.003906
2 0.290039 0.958984 0.009766 0.007812
2 0.920898 0.952148 0.001953 0.001953
2 0.286133 0.952148 0.001953 0.001953
2 0.002930 0.944336 0.001953 0.001953
2 0.276367 0.931641 0.009766 0.007812
3 0.977539 0.915039 0.005859 0.005859
2 0.001953 0.898438 0.003906 0.003906
2 0.983398 0.893555 0.001953 0.001953
2 0.999023 0.872070 0.001953 0.001953
2 0.002930 0.870117 0.005859 0.017578
3 0.973633 0.840820 0.001953 0.001953
2 0.958008 0.676758 0.001953 0.001953
2 0.959961 0.661133 0.001953 0.001953
3 0.979492 0.659180 0.001953 0.001953
3 0.969727 0.665039 0.009766 0.013672
2 0.995117 0.655273 0.001953 0.001953
3 0.975586 0.653320 0.005859 0.005859
2 0.006836 0.584961 0.001953 0.001953
2 0.002930 0.585938 0.005859 0.011719
2 0.993164 0.290039 0.001953 0.001953
2 0.000977 0.266602 0.001953 0.001953
2 0.017578 0.215820 0.003906 0.005859
2 0.395508 0.168945 0.001953 0.001953
3 0.997070 0.128906 0.001953 0.003906
2 0.394531 0.125977 0.003906 0.005859
2 0.393555 0.108398 0.001953 0.001953
2 0.358398 0.093750 0.009766 0.003906
2 0.345703 0.087891 0.003906 0.003906
3 0.999023 0.079102 0.001953 0.001953
2 0.338867 0.055664 0.001953 0.001953
2 0.949219 0.047852 0.007812 0.009766
2 0.180664 0.036133 0.001953 0.001953
2 0.927734 0.027344 0.003906 0.003906
2 0.151367 0.026367 0.001953 0.001953
2 0.117188 0.028320 0.007812 0.005859
2 0.046875 0.035156 0.019531 0.023438
2 0.172852 0.024414 0.005859 0.005859
2 0.142578 0.021484 0.007812 0.003906
2 0.174805 0.018555 0.001953 0.001953
2 0.127930 0.018555 0.005859 0.013672
2 0.055664 0.014648 0.005859 0.005859
2 0.520508 0.006836 0.001953 0.001953
2 0.516602 0.006836 0.001953 0.001953
2 0.996094 0.007812 0.007812 0.007812
2 0.646484 0.005859 0.003906 0.003906
2 0.508789 0.004883 0.001953 0.001953
2 0.288086 0.003906 0.005859 0.003906
2 0.988281 0.000977 0.003906 0.001953
2 0.958008 0.005859 0.005859 0.011719
2 0.928711 0.011719 0.017578 0.023438
2 0.635742 0.004883 0.013672 0.009766
2 0.618164 0.006836 0.013672 0.013672
2 0.518555 0.001953 0.001953 0.003906
2 0.306641 0.006836 0.015625 0.013672
2 0.277344 0.001953 0.003906 0.003906
2 0.211914 0.000977 0.001953 0.001953
2 0.172852 0.013672 0.037109 0.027344
2 0.138672 0.002930 0.007812 0.005859
3 0.500000 0.500000 1.000000 1.000000