0 0.588867 0.999023 0.001953 0.001953
0 0.057617 0.999023 0.001953 0.001953
0 0.999023 0.997070 0.001953 0.001953
0 0.050781 0.993164 0.003906 0.001953
0 0.778320 0.991211 0.001953 0.001953
0 0.041992 0.991211 0.001953 0.001953
0 0.364258 0.989258 0.001953 0.001953
0 0.798828 0.988281 0.011719 0.007812
0 0.346680 0.981445 0.001953 0.001953
0 0.981445 0.979492 0.001953 0.001953
0 0.977539 0.979492 0.001953 0.001953
0 0.938477 0.979492 0.001953 0.001953
0 0.357422 0.980469 0.003906 0.003906
0 0.351562 0.980469 0.003906 0.003906
0 0.802734 0.980469 0.003906 0.007812
0 0.797852 0.977539 0.001953 0.001953
0 0.930664 0.978516 0.005859 0.007812
0 0.801758 0.973633 0.001953 0.001953
0 0.978516 0.973633 0.003906 0.005859
0 0.875977 0.971680 0.001953 0.001953
0 0.781250 0.976562 0.019531 0.019531
1 0.497070 0.967773 0.001953 0.001953
0 0.970703 0.981445 0.058594 0.037109
0 0.084961 0.963867 0.001953 0.001953
0 0.805664 0.961914 0.005859 0.005859
0 0.854492 0.958984 0.005859 0.011719
0 0.471680 0.964844 0.021484 0.027344
0 0.092773 0.954102 0.009766 0.005859
1 0.782227 0.950195 0.001953 0.001953
0 0.965820 0.948242 0.001953 0.001953
0 0.405273 0.973633 0.083984 0.052734
0 0.631836 0.946289 0.001953 0.001953
1 0.768555 0.944336 0.001953 0.001953
1 0.530273 0.942383 0.001953 0.001953
0 0.899414 0.940430 0.001953 0.001953
1 0.875000 0.940430 0.003906 0.001953
0 0.678711 0.936523 0.001953 0.001953
0 0.657227 0.934570 0.001953 0.001953
0 0.999023 0.932617 0.001953 0.001953
1 0.875977 0.928711 0.001953 0.001953
1 0.787109 0.934570 0.015625 0.013672
1 0.560547 0.929688 0.007812 0.003906
1 0.875977 0.924805 0.001953 0.001953
1 0.874023 0.918945 0.001953 0.001953
1 0.843750 0.921875 0.007812 0.007812
1 0.540039 0.919922 0.005859 0.003906
1 0.887695 0.929688 0.017578 0.027344
0 0.487305 0.916992 0.001953 0.001953
0 0.473633 0.916992 0.001953 0.001953
1 0.901367 0.915039 0.001953 0.001953
0 0.658203 0.916016 0.003906 0.003906
0 0.979492 0.928711 0.033203 0.033203
1 0.895508 0.913086 0.001953 0.001953
0 0.473633 0.913086 0.001953 0.001953
1 0.508789 0.938477 0.083984 0.056641
0 0.973633 0.909180 0.001953 0.001953
1 0.551758 0.909180 0.001953 0.001953
1 0.528320 0.907227 0.001953 0.001953
0 0.019531 0.934570 0.039062 0.060547
0 0.352539 0.903320 0.001953 0.001953
0 0.688477 0.901367 0.005859 0.001953
0 0.497070 0.901367 0.001953 0.001953
0 0.482422 0.903320 0.011719 0.005859
0 0.698242 0.897461 0.001953 0.001953
0 0.467773 0.897461 0.001953 0.001953
0 0.727539 0.897461 0.005859 0.005859
0 0.594727 0.895508 0.001953 0.001953
0 0.689453 0.893555 0.003906 0.001953
0 0.684570 0.891602 0.001953 0.001953
0 0.303711 0.888672 0.001953 0.003906
1 0.475586 0.885742 0.001953 0.001953
0 0.450195 0.885742 0.001953 0.001953
0 0.315430 0.886719 0.001953 0.003906
0 0.733398 0.883789 0.001953 0.001953
0 0.307617 0.881836 0.001953 0.001953
1 0.471680 0.880859 0.005859 0.003906
0 0.321289 0.879883 0.001953 0.001953
0 0.291992 0.879883 0.001953 0.001953
0 0.447266 0.877930 0.003906 0.001953
0 0.361328 0.881836 0.015625 0.013672
0 0.317383 0.875977 0.001953 0.001953
0 0.442383 0.874023 0.001953 0.001953
0 0.437500 0.875977 0.003906 0.005859
1 0.387695 0.874023 0.001953 0.001953
0 0.477539 0.871094 0.005859 0.003906
0 0.342773 0.870117 0.001953 0.001953
0 0.100586 0.871094 0.001953 0.003906
0 0.638672 0.871094 0.007812 0.007812
0 0.266602 0.866211 0.001953 0.001953
0 0.337891 0.865234 0.003906 0.003906
0 0.333984 0.866211 0.007812 0.009766
1 0.334961 0.860352 0.001953 0.001953
0 0.324219 0.860352 0.003906 0.001953
0 0.925781 0.856445 0.003906 0.001953
0 0.403320 0.869141 0.013672 0.027344
0 0.922852 0.852539 0.005859 0.005859
0 0.254883 0.850586 0.001953 0.001953
1 0.857422 0.875977 0.140625 0.056641
0 0.447266 0.860352 0.046875 0.029297
0 0.484375 0.850586 0.015625 0.013672
0 0.936523 0.842773 0.001953 0.001953
0 0.682617 0.838867 0.001953 0.001953
0 0.928711 0.836914 0.001953 0.001953
0 0.759766 0.837891 0.003906 0.003906
0 0.934570 0.835938 0.005859 0.003906
0 0.358398 0.834961 0.001953 0.001953
0 0.255859 0.838867 0.003906 0.013672
0 0.370117 0.833984 0.009766 0.007812
0 0.278320 0.829102 0.001953 0.001953
0 0.168945 0.829102 0.001953 0.001953
0 0.264648 0.832031 0.005859 0.011719
0 0.579102 0.912109 0.107422 0.175781
0 0.255859 0.826172 0.003906 0.007812
0 0.604492 0.819336 0.001953 0.001953
0 0.278320 0.824219 0.017578 0.011719
0 0.062500 0.817383 0.003906 0.001953
0 0.602539 0.815430 0.001953 0.001953
1 0.598633 0.813477 0.001953 0.001953
1 0.594727 0.813477 0.001953 0.001953
0 0.356445 0.812500 0.001953 0.003906
0 0.596680 0.807617 0.001953 0.001953
0 0.361328 0.814453 0.011719 0.015625
0 0.590820 0.801758 0.001953 0.001953
0 0.624023 0.796875 0.005859 0.003906
0 0.682617 0.791992 0.001953 0.001953
0 0.634766 0.787109 0.007812 0.003906
0 0.129883 0.784180 0.001953 0.001953
0 0.430664 0.780273 0.001953 0.001953
0 0.141602 0.778320 0.001953 0.001953
0 0.127930 0.778320 0.005859 0.005859
0 0.561523 0.773438 0.005859 0.003906
0 0.764648 0.773438 0.005859 0.011719
0 0.755859 0.773438 0.003906 0.011719
1 0.432617 0.768555 0.001953 0.001953
0 0.758789 0.764648 0.001953 0.001953
1 0.702148 0.762695 0.001953 0.001953
0 0.328125 0.760742 0.003906 0.001953
0 0.672852 0.776367 0.037109 0.037109
0 0.381836 0.758789 0.001953 0.001953
0 0.327148 0.756836 0.001953 0.001953
0 0.393555 0.754883 0.001953 0.001953
0 0.772461 0.752930 0.001953 0.001953
0 0.555664 0.751953 0.001953 0.003906
1 0.698242 0.753906 0.009766 0.011719
0 0.375977 0.749023 0.001953 0.001953
0 0.389648 0.781250 0.111328 0.066406
0 0.073242 0.759766 0.021484 0.027344
0 0.305664 0.743164 0.005859 0.001953
0 0.079102 0.743164 0.001953 0.001953
0 0.075195 0.743164 0.001953 0.001953
0 0.629883 0.756836 0.037109 0.044922
0 0.637695 0.731445 0.001953 0.001953
0 0.263672 0.732422 0.015625 0.007812
0 0.199219 0.864258 0.347656 0.271484
0 0.067383 0.733398 0.017578 0.013672
0 0.073242 0.725586 0.001953 0.001953
0 0.322266 0.723633 0.003906 0.005859
0 0.157227 0.720703 0.001953 0.003906
0 0.153320 0.717773 0.001953 0.001953
0 0.165039 0.713867 0.001953 0.001953
0 0.698242 0.711914 0.001953 0.001953
0 0.647461 0.709961 0.001953 0.001953
0 0.326172 0.710938 0.003906 0.003906
0 0.186523 0.709961 0.005859 0.001953
0 0.213867 0.708984 0.001953 0.003906
0 0.166016 0.707031 0.011719 0.011719
0 0.647461 0.696289 0.001953 0.001953
0 0.223633 0.696289 0.001953 0.001953
0 0.130859 0.715820 0.042969 0.041016
0 0.967773 0.696289 0.009766 0.005859
0 0.553711 0.692383 0.005859 0.001953
0 0.592773 0.690430 0.001953 0.001953
0 0.201172 0.694336 0.003906 0.009766
0 0.774414 0.688477 0.001953 0.001953
0 0.188477 0.697266 0.025391 0.035156
0 0.916992 0.676758 0.001953 0.001953
0 0.702148 0.676758 0.001953 0.001953
0 0.695312 0.679688 0.003906 0.007812
0 0.997070 0.670898 0.001953 0.001953
0 0.905273 0.670898 0.001953 0.001953
0 0.565430 0.670898 0.001953 0.001953
0 0.148438 0.668945 0.011719 0.013672
0 0.989258 0.661133 0.001953 0.001953
0 0.774414 0.657227 0.001953 0.001953
0 0.996094 0.660156 0.007812 0.011719
0 0.988281 0.652344 0.007812 0.011719
0 0.822266 0.647461 0.003906 0.001953
0 0.213867 0.645508 0.001953 0.001953
0 0.997070 0.643555 0.001953 0.001953
0 0.899414 0.643555 0.001953 0.001953
0 0.214844 0.641602 0.003906 0.001953
0 0.996094 0.639648 0.003906 0.001953
0 0.220703 0.635742 0.003906 0.001953
0 0.174805 0.642578 0.017578 0.015625
0 0.772461 0.637695 0.005859 0.009766
0 0.952148 0.633789 0.005859 0.005859
0 0.393555 0.631836 0.001953 0.001953
1 0.959961 0.629883 0.001953 0.001953
1 0.955078 0.627930 0.003906 0.001953
0 0.534180 0.627930 0.009766 0.017578
0 0.494141 0.624023 0.011719 0.009766
0 0.504883 0.616211 0.001953 0.001953
0 0.157227 0.616211 0.001953 0.001953
0 0.839844 0.650391 0.140625 0.078125
0 0.168945 0.612305 0.001953 0.001953
0 0.853516 0.611328 0.007812 0.003906
0 0.198242 0.610352 0.001953 0.001953
1 0.997070 0.606445 0.001953 0.001953
0 0.124023 0.606445 0.001953 0.001953
0 0.868164 0.604492 0.001953 0.001953
1 0.974609 0.615234 0.027344 0.027344
0 0.151367 0.602539 0.001953 0.001953
1 0.998047 0.601562 0.003906 0.003906
0 0.851562 0.602539 0.003906 0.005859
0 0.844727 0.596680 0.001953 0.001953
0 0.788086 0.592773 0.001953 0.001953
0 0.799805 0.591797 0.001953 0.003906
0 0.791992 0.593750 0.005859 0.007812
0 0.788086 0.588867 0.001953 0.001953
0 0.130859 0.601562 0.019531 0.027344
1 0.291992 0.584961 0.001953 0.001953
0 0.928711 0.591797 0.013672 0.019531
0 0.155273 0.583008 0.001953 0.001953
0 0.151367 0.583984 0.001953 0.003906
1 0.278320 0.575195 0.001953 0.001953
1 0.800781 0.573242 0.003906 0.005859
1 0.772461 0.571289 0.001953 0.001953
0 0.854492 0.581055 0.041016 0.048828
0 0.133789 0.557617 0.013672 0.017578
0 0.198242 0.532227 0.001953 0.001953
0 0.363281 0.674805 0.441406 0.302734
0 0.243164 0.522461 0.005859 0.001953
0 0.673828 0.538086 0.042969 0.044922
0 0.263672 0.535156 0.035156 0.046875
0 0.264648 0.508789 0.001953 0.001953
1 0.883789 0.502930 0.001953 0.001953
0 0.221680 0.507812 0.013672 0.011719
0 0.745117 0.501953 0.001953 0.003906
0 0.713867 0.496094 0.001953 0.003906
0 0.861328 0.495117 0.003906 0.005859
0 0.803711 0.493164 0.001953 0.001953
0 0.168945 0.496094 0.009766 0.007812
0 0.866211 0.493164 0.001953 0.005859
1 0.842773 0.491211 0.001953 0.001953
0 0.868164 0.487305 0.001953 0.001953
0 0.891602 0.485352 0.001953 0.001953
0 0.831055 0.481445 0.001953 0.001953
0 0.891602 0.479492 0.001953 0.001953
0 0.898438 0.477539 0.003906 0.001953
1 0.702148 0.477539 0.001953 0.001953
0 0.878906 0.474609 0.007812 0.007812
0 0.671875 0.467773 0.003906 0.009766
0 0.761719 0.452148 0.003906 0.009766
0 0.757812 0.443359 0.003906 0.003906
0 0.747070 0.438477 0.001953 0.001953
0 0.652344 0.442383 0.019531 0.013672
0 0.739258 0.436523 0.009766 0.005859
0 0.759766 0.434570 0.003906 0.005859
0 0.670898 0.428711 0.005859 0.001953
0 0.661133 0.428711 0.001953 0.001953
0 0.657227 0.426758 0.001953 0.001953
0 0.652344 0.426758 0.003906 0.001953
0 0.661133 0.422852 0.001953 0.001953
0 0.682617 0.420898 0.001953 0.001953
0 0.750977 0.418945 0.001953 0.001953
0 0.671875 0.419922 0.015625 0.007812
0 0.708984 0.451172 0.082031 0.082031
0 0.656250 0.410156 0.023438 0.015625
0 0.762695 0.401367 0.001953 0.001953
0 0.745117 0.402344 0.009766 0.003906
0 0.805664 0.397461 0.001953 0.001953
1 0.999023 0.391602 0.001953 0.001953
0 0.917969 0.388672 0.007812 0.003906
1 0.996094 0.386719 0.003906 0.003906
0 0.899414 0.384766 0.001953 0.003906
1 0.999023 0.381836 0.001953 0.001953
1 0.995117 0.381836 0.001953 0.001953
0 0.779297 0.635742 0.441406 0.513672
1 0.999023 0.377930 0.001953 0.001953
0 0.272461 0.426758 0.068359 0.123047
0 0.440430 0.356445 0.001953 0.001953
0 0.420898 0.366211 0.025391 0.025391
0 0.862305 0.369141 0.052734 0.035156
0 0.902344 0.368164 0.027344 0.037109
0 0.764648 0.346680 0.001953 0.001953
0 0.615234 0.348633 0.003906 0.005859
0 0.751953 0.345703 0.003906 0.003906
0 0.745117 0.344727 0.005859 0.005859
1 0.977539 0.338867 0.001953 0.001953
0 0.743164 0.334961 0.001953 0.001953
0 0.527344 0.357422 0.019531 0.046875
1 0.971680 0.333984 0.001953 0.003906
0 0.685547 0.329102 0.003906 0.001953
0 0.077148 0.332031 0.021484 0.007812
0 0.685547 0.324219 0.007812 0.003906
0 0.327148 0.317383 0.001953 0.001953
0 0.327148 0.313477 0.001953 0.001953
0 0.111328 0.323242 0.019531 0.021484
0 0.762695 0.303711 0.001953 0.001953
0 0.100586 0.306641 0.009766 0.007812
0 0.772461 0.299805 0.001953 0.001953
0 0.635742 0.297852 0.001953 0.001953
0 0.649414 0.323242 0.052734 0.056641
0 0.531250 0.299805 0.023438 0.009766
0 0.327148 0.326172 0.072266 0.062500
0 0.776367 0.293945 0.001953 0.001953
0 0.772461 0.293945 0.001953 0.001953
0 0.541992 0.293945 0.001953 0.001953
0 0.538086 0.291992 0.001953 0.001953
0 0.066406 0.310547 0.031250 0.042969
0 0.621094 0.289062 0.003906 0.003906
0 0.536133 0.288086 0.001953 0.001953
0 0.530273 0.288086 0.001953 0.001953
0 0.894531 0.289062 0.007812 0.007812
0 0.682617 0.285156 0.001953 0.003906
0 0.622070 0.283203 0.005859 0.003906
0 0.708008 0.278320 0.001953 0.001953
1 0.928711 0.276367 0.001953 0.001953
0 0.840820 0.288086 0.021484 0.025391
0 0.536133 0.276367 0.001953 0.001953
0 0.845703 0.270508 0.003906 0.005859
0 0.606445 0.268555 0.001953 0.001953
0 0.848633 0.266602 0.005859 0.005859
0 0.803711 0.265625 0.013672 0.007812
0 0.790039 0.260742 0.001953 0.001953
0 0.596680 0.258789 0.001953 0.001953
0 0.666016 0.266602 0.042969 0.048828
0 0.319336 0.258789 0.009766 0.037109
0 0.701172 0.237305 0.003906 0.001953
0 0.834961 0.232422 0.009766 0.007812
0 0.998047 0.199219 0.003906 0.003906
0 0.745117 0.195312 0.005859 0.003906
0 0.967773 0.193359 0.005859 0.003906
0 0.993164 0.180664 0.013672 0.021484
0 0.680664 0.153320 0.001953 0.001953
1 0.833008 0.151367 0.001953 0.001953
0 0.990234 0.148438 0.003906 0.007812
0 0.833984 0.143555 0.003906 0.001953
0 0.997070 0.146484 0.005859 0.019531
0 0.770508 0.133789 0.001953 0.001953
0 0.800781 0.125977 0.007812 0.009766
0 0.790039 0.122070 0.001953 0.001953
0 0.985352 0.118164 0.001953 0.001953
0 0.790039 0.114258 0.001953 0.001953
0 0.995117 0.108398 0.009766 0.013672
0 0.989258 0.102539 0.001953 0.001953
1 0.980469 0.102539 0.003906 0.001953
0 0.711914 0.219727 0.248047 0.248047
0 0.994141 0.096680 0.007812 0.005859
1 0.956055 0.095703 0.005859 0.003906
0 0.611328 0.112305 0.023438 0.037109
0 0.747070 0.082031 0.021484 0.023438
0 0.778320 0.061523 0.001953 0.001953
0 0.721680 0.046875 0.001953 0.003906
1 0.657227 0.056641 0.009766 0.027344
0 0.901367 0.027344 0.017578 0.023438
0 0.791992 0.010742 0.001953 0.001953
0 0.655273 0.008789 0.001953 0.001953
0 0.799805 0.002930 0.001953 0.001953
0 0.903320 0.183594 0.193359 0.367188
0 0.916992 0.005859 0.021484 0.011719
0 0.833008 0.026367 0.048828 0.052734
0 0.727539 0.053711 0.150391 0.107422
2 0.991211 0.999023 0.005859 0.001953
2 0.983398 0.999023 0.005859 0.001953
3 0.256836 0.999023 0.001953 0.001953
3 0.399414 0.998047 0.005859 0.003906
2 0.998047 0.996094 0.003906 0.007812
2 0.434570 0.991211 0.001953 0.001953
2 0.413086 0.991211 0.001953 0.001953
3 0.403320 0.993164 0.005859 0.005859
3 0.192383 0.989258 0.001953 0.001953
3 0.400391 0.987305 0.003906 0.001953
2 0.317383 0.987305 0.001953 0.001953
3 0.174805 0.989258 0.013672 0.005859
3 0.184570 0.985352 0.001953 0.001953
2 0.052734 0.985352 0.003906 0.001953
2 0.041992 0.985352 0.001953 0.001953
2 0.405273 0.983398 0.001953 0.001953
2 0.991211 0.978516 0.001953 0.003906
3 0.205078 0.981445 0.027344 0.013672
2 0.965820 0.981445 0.005859 0.017578
2 0.098633 0.966797 0.001953 0.003906
2 0.129883 0.959961 0.001953 0.001953
3 0.177734 0.964844 0.027344 0.015625
2 0.139648 0.958984 0.001953 0.003906
3 0.317383 0.956055 0.009766 0.005859
2 0.129883 0.955078 0.013672 0.003906
2 0.081055 0.952148 0.001953 0.001953
2 0.360352 0.946289 0.005859 0.005859
2 0.108398 0.944336 0.001953 0.001953
2 0.112305 0.942383 0.001953 0.001953
3 0.188477 0.936523 0.001953 0.001953
3 0.290039 0.963867 0.060547 0.072266
2 0.103516 0.929688 0.007812 0.003906
3 0.333984 0.933594 0.015625 0.019531
2 0.102539 0.923828 0.001953 0.003906
2 0.229492 0.920898 0.001953 0.001953
2 0.114258 0.924805 0.017578 0.009766
2 0.244141 0.916992 0.007812 0.005859
2 0.245117 0.911133 0.001953 0.001953
2 0.333008 0.909180 0.005859 0.001953
2 0.120117 0.910156 0.005859 0.003906
2 0.331055 0.905273 0.001953 0.001953
2 0.325195 0.903320 0.001953 0.001953
2 0.321289 0.903320 0.001953 0.001953
2 0.194336 0.905273 0.009766 0.009766
2 0.116211 0.901367 0.001953 0.001953
3 0.131836 0.889648 0.001953 0.001953
3 0.197266 0.916992 0.089844 0.060547
2 0.280273 0.883789 0.001953 0.001953
2 0.254883 0.883789 0.001953 0.001953
2 0.249023 0.885742 0.005859 0.005859
2 0.243164 0.883789 0.001953 0.001953
3 0.156250 0.884766 0.003906 0.003906
2 0.243164 0.879883 0.001953 0.001953
2 0.707031 0.874023 0.003906 0.001953
2 0.700195 0.874023 0.001953 0.001953
2 0.242188 0.875000 0.011719 0.003906
2 0.227539 0.873047 0.001953 0.003906
2 0.723633 0.871094 0.001953 0.003906
2 0.708984 0.869141 0.003906 0.003906
2 0.704102 0.868164 0.001953 0.001953
3 0.303711 0.863281 0.005859 0.007812
3 0.301758 0.860352 0.001953 0.001953
3 0.305664 0.854492 0.001953 0.001953
3 0.299805 0.854492 0.001953 0.001953
2 0.170898 0.854492 0.001953 0.001953
2 0.223633 0.850586 0.001953 0.001953
3 0.165039 0.877930 0.080078 0.072266
2 0.752930 0.840820 0.001953 0.001953
2 0.184570 0.838867 0.001953 0.001953
2 0.705078 0.824219 0.003906 0.003906
2 0.145508 0.786133 0.001953 0.001953
2 0.741211 0.768555 0.001953 0.001953
2 0.745117 0.766602 0.001953 0.001953
2 0.645508 0.678711 0.001953 0.001953
2 0.643555 0.673828 0.001953 0.003906
2 0.637695 0.672852 0.001953 0.001953
2 0.577148 0.670898 0.001953 0.001953
2 0.631836 0.666992 0.001953 0.001953
2 0.638672 0.665039 0.007812 0.005859
2 0.579102 0.663086 0.001953 0.001953
2 0.575195 0.663086 0.001953 0.001953
2 0.625977 0.659180 0.001953 0.001953
2 0.583008 0.659180 0.001953 0.001953
2 0.658203 0.633789 0.003906 0.005859
3 0.702148 0.629883 0.001953 0.001953
2 0.664062 0.630859 0.003906 0.003906
2 0.641602 0.643555 0.025391 0.033203
2 0.674805 0.624023 0.001953 0.001953
2 0.665039 0.624023 0.001953 0.001953
3 0.696289 0.620117 0.013672 0.009766
3 0.695312 0.592773 0.003906 0.001953
3 0.709961 0.601562 0.033203 0.027344
2 0.764648 0.584961 0.005859 0.005859
3 0.731445 0.584961 0.005859 0.005859
3 0.776367 0.577148 0.001953 0.001953
2 0.952148 0.547852 0.001953 0.001953
3 0.955078 0.543945 0.003906 0.001953
2 0.951172 0.540039 0.003906 0.001953
3 0.880859 0.521484 0.003906 0.007812
3 0.890625 0.515625 0.011719 0.007812
3 0.844727 0.508789 0.005859 0.005859
3 0.875977 0.500000 0.005859 0.003906
2 0.795898 0.493164 0.001953 0.001953
2 0.770508 0.485352 0.005859 0.001953
3 0.846680 0.479492 0.001953 0.001953
3 0.996094 0.410156 0.007812 0.019531
2 0.999023 0.338867 0.001953 0.001953
2 0.991211 0.338867 0.001953 0.001953
2 0.998047 0.334961 0.003906 0.001953
2 0.971680 0.254883 0.001953 0.001953
2 0.967773 0.250977 0.001953 0.001953
3 0.887695 0.245117 0.001953 0.005859
2 0.889648 0.239258 0.001953 0.001953
2 0.967773 0.237305 0.001953 0.001953
2 0.982422 0.282227 0.035156 0.099609
2 0.891602 0.217773 0.001953 0.001953
2 0.897461 0.213867 0.001953 0.001953
2 0.897461 0.209961 0.001953 0.001953
2 0.944336 0.200195 0.001953 0.001953
2 0.950195 0.186523 0.001953 0.001953
2 0.916992 0.178711 0.001953 0.001953
2 0.911133 0.178711 0.001953 0.001953
2 0.955078 0.169922 0.003906 0.003906
2 0.885742 0.147461 0.001953 0.001953
2 0.918945 0.122070 0.001953 0.001953
2 0.952148 0.114258 0.001953 0.001953
2 0.915039 0.178711 0.087891 0.138672
2 0.866211 0.106445 0.001953 0.001953
2 0.879883 0.103516 0.013672 0.011719
2 0.889648 0.090820 0.001953 0.001953
3 0.975586 0.077148 0.001953 0.001953
3 0.966797 0.071289 0.007812 0.005859
2 0.957031 0.138672 0.085938 0.160156
2 0.931641 0.049805 0.007812 0.009766
2 0.706055 0.032227 0.001953 0.001953
2 0.911133 0.004883 0.001953 0.001953
2 0.788086 0.004883 0.001953 0.001953
2 0.990234 0.003906 0.019531 0.007812
2 0.500000 0.500000 1.000000 1.000000