0 0.612305 0.999023 0.001953 0.001953
0 0.355469 0.999023 0.003906 0.001953
0 0.209961 0.999023 0.001953 0.001953
0 0.196289 0.999023 0.001953 0.001953
0 0.577148 0.995117 0.001953 0.001953
0 0.676758 0.995117 0.017578 0.009766
0 0.530273 0.991211 0.001953 0.001953
0 0.345703 0.992188 0.003906 0.003906
0 0.206055 0.995117 0.013672 0.009766
0 0.650391 0.994141 0.031250 0.011719
0 0.430664 0.989258 0.001953 0.001953
0 0.563477 0.987305 0.001953 0.001953
0 0.558594 0.992188 0.035156 0.015625
0 0.538086 0.986328 0.009766 0.003906
0 0.218750 0.983398 0.003906 0.001953
0 0.638672 0.983398 0.007812 0.005859
0 0.423828 0.986328 0.011719 0.015625
0 0.415039 0.979492 0.001953 0.001953
0 0.415039 0.974609 0.001953 0.003906
0 0.817383 0.969727 0.001953 0.001953
0 0.731445 0.983398 0.041016 0.033203
0 0.594727 0.965820 0.001953 0.001953
0 0.958984 0.963867 0.003906 0.001953
0 0.925781 0.970703 0.003906 0.015625
0 0.818359 0.964844 0.003906 0.003906
0 0.379883 0.952148 0.001953 0.001953
0 0.953125 0.950195 0.011719 0.009766
0 0.961914 0.942383 0.001953 0.001953
0 0.543945 0.938477 0.001953 0.001953
0 0.509766 0.938477 0.003906 0.001953
0 0.978516 0.965820 0.042969 0.068359
0 0.540039 0.934570 0.009766 0.005859
0 0.379883 0.932617 0.001953 0.001953
0 0.485352 0.930664 0.001953 0.001953
0 0.509766 0.928711 0.003906 0.001953
0 0.438477 0.928711 0.001953 0.001953
0 0.379883 0.928711 0.001953 0.001953
0 0.493164 0.926758 0.001953 0.001953
0 0.527344 0.937500 0.027344 0.027344
0 0.472656 0.961914 0.093750 0.076172
0 0.487305 0.924805 0.001953 0.001953
0 0.379883 0.924805 0.001953 0.001953
0 0.618164 0.918945 0.001953 0.001953
0 0.469727 0.916992 0.001953 0.001953
0 0.843750 0.956055 0.160156 0.087891
0 0.717773 0.911133 0.001953 0.001953
0 0.416992 0.913086 0.005859 0.005859
0 0.411133 0.911133 0.001953 0.001953
0 0.456055 0.916992 0.025391 0.017578
0 0.375000 0.914062 0.019531 0.011719
0 0.465820 0.907227 0.001953 0.001953
0 0.649414 0.903320 0.001953 0.001953
0 0.567383 0.903320 0.001953 0.001953
0 0.557617 0.903320 0.001953 0.001953
0 0.460938 0.907227 0.003906 0.009766
0 0.737305 0.917969 0.033203 0.035156
0 0.469727 0.901367 0.001953 0.001953
0 0.613281 0.949219 0.085938 0.101562
0 0.561523 0.902344 0.005859 0.007812
0 0.452148 0.903320 0.009766 0.009766
0 0.739258 0.897461 0.001953 0.001953
0 0.608398 0.897461 0.001953 0.001953
0 0.651367 0.895508 0.001953 0.001953
0 0.614258 0.896484 0.005859 0.003906
0 0.458008 0.895508 0.001953 0.001953
0 0.452148 0.893555 0.001953 0.001953
0 0.350586 0.889648 0.001953 0.001953
0 0.461914 0.887695 0.001953 0.001953
0 0.477539 0.883789 0.001953 0.001953
0 0.482422 0.904297 0.027344 0.042969
0 0.433594 0.885742 0.007812 0.005859
1 0.403320 0.883789 0.001953 0.001953
0 0.575195 0.881836 0.001953 0.001953
1 0.409180 0.881836 0.001953 0.001953
0 0.629883 0.879883 0.001953 0.001953
0 0.459961 0.879883 0.001953 0.001953
0 0.349609 0.880859 0.003906 0.003906
0 0.710938 0.878906 0.003906 0.003906
0 0.571289 0.877930 0.001953 0.001953
0 0.614258 0.875977 0.001953 0.001953
0 0.468750 0.878906 0.007812 0.007812
0 0.353516 0.877930 0.003906 0.005859
0 0.608398 0.874023 0.001953 0.001953
0 0.493164 0.875000 0.005859 0.007812
0 0.458984 0.872070 0.003906 0.001953
0 0.602539 0.870117 0.001953 0.001953
0 0.518555 0.870117 0.001953 0.001953
0 0.774414 0.866211 0.001953 0.001953
0 0.753906 0.867188 0.003906 0.003906
0 0.730469 0.866211 0.007812 0.005859
0 0.781250 0.864258 0.007812 0.005859
0 0.744141 0.860352 0.007812 0.001953
0 0.373047 0.862305 0.003906 0.005859
0 0.920898 0.860352 0.005859 0.005859
0 0.789062 0.859375 0.003906 0.003906
0 0.752930 0.859375 0.001953 0.003906
0 0.668945 0.881836 0.072266 0.048828
0 0.799805 0.866211 0.025391 0.025391
0 0.547852 0.848633 0.001953 0.001953
0 0.401367 0.846680 0.001953 0.001953
0 0.576172 0.844727 0.003906 0.001953
0 0.484375 0.843750 0.003906 0.003906
0 0.405273 0.842773 0.005859 0.001953
0 0.399414 0.842773 0.001953 0.001953
0 0.040039 0.838867 0.001953 0.001953
0 0.829102 0.834961 0.001953 0.001953
0 0.758789 0.833008 0.001953 0.001953
0 0.752930 0.832031 0.005859 0.007812
0 0.543945 0.829102 0.001953 0.001953
0 0.856445 0.827148 0.001953 0.001953
0 0.743164 0.827148 0.001953 0.001953
0 0.469727 0.825195 0.001953 0.001953
0 0.750977 0.823242 0.001953 0.001953
0 0.856445 0.822266 0.001953 0.003906
0 0.808594 0.821289 0.003906 0.001953
0 0.734375 0.823242 0.011719 0.009766
0 0.842773 0.817383 0.001953 0.001953
0 0.729492 0.814453 0.001953 0.003906
0 0.740234 0.812500 0.003906 0.003906
0 0.608398 0.807617 0.001953 0.001953
0 0.999023 0.806641 0.001953 0.003906
0 0.723633 0.805664 0.001953 0.001953
0 0.536133 0.804688 0.005859 0.003906
0 0.563477 0.799805 0.001953 0.001953
0 0.157227 0.802734 0.009766 0.007812
0 0.149414 0.797852 0.001953 0.001953
0 0.153320 0.795898 0.001953 0.001953
0 0.071289 0.794922 0.005859 0.003906
0 0.104492 0.791992 0.001953 0.001953
0 0.807617 0.788086 0.001953 0.001953
0 0.071289 0.789062 0.001953 0.003906
0 0.717773 0.794922 0.013672 0.019531
0 0.092773 0.786133 0.001953 0.001953
0 0.811523 0.793945 0.013672 0.021484
0 0.809570 0.784180 0.001953 0.001953
0 0.600586 0.782227 0.001953 0.001953
0 0.596680 0.782227 0.001953 0.001953
0 0.469727 0.782227 0.001953 0.001953
0 0.562500 0.788086 0.019531 0.017578
0 0.708984 0.785156 0.015625 0.015625
0 0.569336 0.778320 0.001953 0.001953
0 0.083984 0.781250 0.003906 0.007812
0 0.075195 0.781250 0.005859 0.007812
0 0.751953 0.778320 0.003906 0.005859
0 0.577148 0.777344 0.005859 0.003906
0 0.436523 0.778320 0.005859 0.005859
0 0.150391 0.775391 0.003906 0.003906
0 0.081055 0.774414 0.001953 0.001953
0 0.767578 0.773438 0.003906 0.007812
0 0.829102 0.769531 0.005859 0.007812
0 0.946289 0.763672 0.001953 0.003906
0 0.475586 0.760742 0.005859 0.001953
0 0.100586 0.758789 0.001953 0.001953
0 0.791992 0.756836 0.001953 0.001953
0 0.598633 0.756836 0.001953 0.001953
0 0.159180 0.756836 0.001953 0.001953
1 0.307617 0.754883 0.001953 0.001953
1 0.283203 0.755859 0.007812 0.003906
0 0.754883 0.752930 0.001953 0.001953
0 0.510742 0.752930 0.001953 0.001953
0 0.506836 0.752930 0.001953 0.001953
0 0.133789 0.753906 0.005859 0.003906
0 0.184570 0.750977 0.001953 0.001953
0 0.758789 0.749023 0.001953 0.001953
0 0.145508 0.749023 0.001953 0.001953
0 0.133789 0.749023 0.005859 0.001953
0 0.278320 0.747070 0.001953 0.001953
0 0.188477 0.747070 0.001953 0.001953
0 0.739258 0.745117 0.001953 0.001953
0 0.786133 0.750000 0.021484 0.019531
0 0.765625 0.741211 0.003906 0.005859
0 0.020508 0.739258 0.001953 0.001953
0 0.999023 0.737305 0.001953 0.001953
0 0.190430 0.735352 0.001953 0.001953
1 0.069336 0.736328 0.001953 0.003906
0 0.791992 0.733398 0.001953 0.001953
0 0.768555 0.733398 0.001953 0.001953
0 0.956055 0.731445 0.001953 0.001953
0 0.499023 0.732422 0.001953 0.003906
0 0.493164 0.732422 0.005859 0.003906
0 0.445312 0.740234 0.023438 0.019531
0 0.188477 0.731445 0.001953 0.001953
1 0.121094 0.735352 0.011719 0.009766
0 0.975586 0.768555 0.048828 0.080078
0 0.659180 0.729492 0.001953 0.001953
0 0.805664 0.727539 0.001953 0.001953
0 0.760742 0.725586 0.001953 0.001953
0 0.565430 0.723633 0.001953 0.001953
0 0.974609 0.722656 0.003906 0.003906
0 0.756836 0.722656 0.001953 0.003906
1 0.296875 0.720703 0.003906 0.003906
0 0.142578 0.731445 0.023438 0.025391
0 0.973633 0.717773 0.001953 0.001953
0 0.979492 0.715820 0.001953 0.001953
0 0.894531 0.833984 0.109375 0.238281
0 0.809570 0.715820 0.001953 0.001953
0 0.780273 0.717773 0.005859 0.005859
0 0.967773 0.715820 0.005859 0.005859
0 0.287109 0.713867 0.003906 0.001953
0 0.974609 0.712891 0.003906 0.003906
0 0.606445 0.711914 0.001953 0.001953
0 0.236328 0.712891 0.003906 0.003906
0 0.195312 0.720703 0.015625 0.019531
0 0.795898 0.709961 0.001953 0.001953
0 0.614258 0.709961 0.001953 0.001953
0 0.998047 0.705078 0.003906 0.003906
0 0.723633 0.704102 0.001953 0.001953
0 0.613281 0.704102 0.003906 0.005859
0 0.600586 0.703125 0.001953 0.003906
0 0.295898 0.702148 0.001953 0.001953
0 0.188477 0.702148 0.001953 0.001953
1 0.165039 0.702148 0.001953 0.005859
0 0.985352 0.702148 0.013672 0.009766
0 0.715820 0.698242 0.001953 0.001953
0 0.333008 0.698242 0.001953 0.001953
1 0.118164 0.698242 0.001953 0.001953
0 0.963867 0.696289 0.001953 0.001953
0 0.593750 0.697266 0.003906 0.003906
1 0.123047 0.697266 0.003906 0.003906
1 0.489258 0.694336 0.001953 0.001953
0 0.461914 0.694336 0.001953 0.001953
1 0.433594 0.699219 0.015625 0.011719
0 0.166992 0.695312 0.001953 0.003906
1 0.477539 0.692383 0.001953 0.001953
0 0.223633 0.690430 0.001953 0.001953
0 0.181641 0.691406 0.003906 0.003906
0 0.124023 0.691406 0.005859 0.003906
0 0.674805 0.692383 0.005859 0.009766
0 0.819336 0.686523 0.001953 0.001953
0 0.469727 0.690430 0.013672 0.009766
0 0.129883 0.686523 0.001953 0.001953
0 0.562500 0.686523 0.011719 0.005859
1 0.475586 0.684570 0.001953 0.001953
1 0.455078 0.688477 0.003906 0.009766
0 0.167969 0.685547 0.003906 0.003906
1 0.001953 0.692383 0.003906 0.017578
0 0.835938 0.686523 0.007812 0.009766
0 0.624023 0.682617 0.001953 0.001953
0 0.600586 0.687500 0.013672 0.011719
0 0.552734 0.682617 0.003906 0.001953
0 0.887695 0.679688 0.001953 0.003906
1 0.491211 0.681641 0.009766 0.011719
0 0.202148 0.676758 0.001953 0.001953
0 0.731445 0.674805 0.001953 0.001953
0 0.689453 0.673828 0.003906 0.003906
0 0.683594 0.682617 0.007812 0.021484
0 0.557617 0.676758 0.013672 0.009766
0 0.217773 0.672852 0.001953 0.001953
0 0.198242 0.672852 0.001953 0.001953
0 0.517578 0.673828 0.019531 0.007812
1 0.424805 0.675781 0.005859 0.011719
0 0.250977 0.671875 0.005859 0.003906
0 0.835938 0.669922 0.003906 0.003906
0 0.715820 0.668945 0.001953 0.001953
0 0.196289 0.668945 0.001953 0.001953
0 0.094727 0.702148 0.048828 0.068359
0 0.713867 0.677734 0.029297 0.023438
0 0.466797 0.671875 0.007812 0.011719
1 0.977539 0.665039 0.001953 0.001953
0 0.235352 0.665039 0.001953 0.001953
0 0.134766 0.667969 0.003906 0.007812
0 0.040039 0.665039 0.001953 0.001953
0 0.834961 0.664062 0.001953 0.003906
0 0.240234 0.665039 0.003906 0.005859
0 0.186523 0.663086 0.001953 0.001953
0 0.041992 0.661133 0.001953 0.001953
0 0.702148 0.659180 0.001953 0.001953
0 0.696289 0.659180 0.001953 0.001953
0 0.124023 0.659180 0.001953 0.001953
0 0.696289 0.655273 0.001953 0.001953
1 0.100586 0.655273 0.001953 0.001953
0 0.032227 0.656250 0.005859 0.003906
0 0.756836 0.653320 0.001953 0.001953
0 0.225586 0.659180 0.013672 0.013672
0 0.038086 0.662109 0.013672 0.019531
0 0.733398 0.651367 0.001953 0.001953
0 0.698242 0.651367 0.001953 0.001953
0 0.045898 0.651367 0.001953 0.001953
0 0.760742 0.649414 0.001953 0.001953
1 0.098633 0.650391 0.001953 0.003906
0 0.855469 0.653320 0.015625 0.017578
0 0.122070 0.652344 0.013672 0.015625
1 0.107422 0.646484 0.007812 0.003906
0 0.028320 0.645508 0.001953 0.001953
0 0.741211 0.643555 0.001953 0.001953
0 0.713867 0.643555 0.001953 0.001953
0 0.128906 0.641602 0.003906 0.005859
0 0.770508 0.637695 0.001953 0.001953
0 0.493164 0.638672 0.005859 0.003906
0 0.720703 0.636719 0.003906 0.003906
0 0.708008 0.635742 0.001953 0.001953
0 0.135742 0.636719 0.001953 0.003906
0 0.665039 0.633789 0.001953 0.001953
0 0.727539 0.631836 0.001953 0.001953
0 0.114258 0.631836 0.001953 0.001953
0 0.661133 0.629883 0.001953 0.001953
0 0.350586 0.625977 0.001953 0.001953
0 0.639648 0.624023 0.001953 0.001953
0 0.006836 0.625000 0.001953 0.003906
0 0.000977 0.620117 0.001953 0.001953
0 0.633789 0.618164 0.005859 0.001953
0 0.357422 0.622070 0.007812 0.009766
0 0.451172 0.617188 0.003906 0.003906
0 0.342773 0.608398 0.001953 0.001953
0 0.144531 0.609375 0.003906 0.003906
0 0.014648 0.608398 0.001953 0.001953
0 0.506836 0.607422 0.001953 0.003906
0 0.502930 0.606445 0.001953 0.001953
0 0.434570 0.606445 0.001953 0.001953
0 0.430664 0.606445 0.001953 0.001953
0 0.425781 0.606445 0.003906 0.001953
0 0.384766 0.609375 0.003906 0.007812
0 0.119141 0.608398 0.003906 0.005859
0 0.084961 0.606445 0.001953 0.001953
0 0.760742 0.605469 0.005859 0.003906
0 0.754883 0.603516 0.001953 0.003906
0 0.357422 0.606445 0.007812 0.009766
0 0.150391 0.604492 0.011719 0.005859
0 0.127930 0.602539 0.005859 0.005859
0 0.235352 0.599609 0.005859 0.003906
0 0.118164 0.598633 0.001953 0.001953
0 0.010742 0.599609 0.001953 0.003906
0 0.432617 0.596680 0.001953 0.001953
0 0.424805 0.631836 0.080078 0.072266
1 0.366211 0.598633 0.001953 0.005859
0 0.353516 0.596680 0.003906 0.001953
0 0.112305 0.596680 0.001953 0.001953
0 0.000977 0.596680 0.001953 0.001953
0 0.763672 0.594727 0.003906 0.001953
0 0.489258 0.614258 0.052734 0.041016
0 0.231445 0.594727 0.001953 0.001953
0 0.030273 0.594727 0.001953 0.001953
0 0.422852 0.593750 0.001953 0.003906
0 0.214844 0.593750 0.003906 0.003906
0 0.633789 0.590820 0.001953 0.001953
1 0.372070 0.590820 0.001953 0.001953
0 0.040039 0.593750 0.009766 0.007812
0 0.427734 0.591797 0.003906 0.007812
0 0.259766 0.589844 0.003906 0.003906
0 0.537109 0.594727 0.015625 0.017578
0 0.414062 0.594727 0.007812 0.017578
0 0.012695 0.586914 0.001953 0.001953
0 0.543945 0.584961 0.001953 0.001953
0 0.166992 0.584961 0.001953 0.001953
0 0.175781 0.586914 0.007812 0.009766
0 0.991211 0.581055 0.001953 0.001953
1 0.348633 0.579102 0.001953 0.001953
0 0.024414 0.583984 0.021484 0.015625
0 0.054688 0.575195 0.003906 0.001953
0 0.361328 0.582031 0.023438 0.019531
1 0.241211 0.573242 0.001953 0.001953
0 0.062500 0.573242 0.003906 0.001953
0 0.088867 0.571289 0.001953 0.001953
0 0.039062 0.572266 0.007812 0.003906
0 0.999023 0.573242 0.001953 0.009766
1 0.368164 0.570312 0.005859 0.003906
0 0.967773 0.567383 0.001953 0.001953
1 0.396484 0.575195 0.007812 0.017578
1 0.307617 0.567383 0.001953 0.001953
0 0.063477 0.567383 0.001953 0.001953
0 0.458008 0.565430 0.001953 0.001953
1 0.082031 0.569336 0.003906 0.009766
0 0.984375 0.563477 0.003906 0.001953
0 0.325195 0.780273 0.650391 0.439453
0 0.026367 0.559570 0.005859 0.001953
0 0.458008 0.557617 0.001953 0.001953
0 0.454102 0.557617 0.001953 0.001953
0 0.180664 0.557617 0.001953 0.001953
0 0.020508 0.557617 0.001953 0.001953
0 0.030273 0.555664 0.001953 0.001953
0 0.446289 0.563477 0.017578 0.021484
0 0.018555 0.553711 0.001953 0.001953
0 0.023438 0.552734 0.003906 0.003906
0 0.801758 0.549805 0.001953 0.001953
0 0.734375 0.549805 0.003906 0.001953
1 0.095703 0.551758 0.007812 0.005859
0 0.772461 0.547852 0.001953 0.001953
0 0.758789 0.545898 0.001953 0.001953
0 0.452148 0.546875 0.005859 0.003906
0 0.799805 0.543945 0.001953 0.001953
0 0.786133 0.544922 0.001953 0.003906
0 0.776367 0.544922 0.001953 0.003906
0 0.618164 0.547852 0.005859 0.009766
0 0.715820 0.542969 0.005859 0.003906
0 0.456055 0.541992 0.001953 0.001953
0 0.719727 0.540039 0.001953 0.001953
0 0.470703 0.557617 0.019531 0.037109
1 0.325195 0.541992 0.001953 0.005859
0 0.754883 0.538086 0.001953 0.001953
0 0.458008 0.538086 0.001953 0.001953
0 0.719727 0.536133 0.001953 0.001953
1 0.408203 0.536133 0.003906 0.001953
0 0.170898 0.536133 0.001953 0.001953
0 0.963867 0.534180 0.001953 0.001953
0 0.475586 0.534180 0.001953 0.001953
0 0.745117 0.532227 0.001953 0.001953
0 0.614258 0.532227 0.001953 0.001953
1 0.069336 0.535156 0.005859 0.007812
0 0.948242 0.530273 0.001953 0.001953
0 0.754883 0.531250 0.005859 0.003906
0 0.664062 0.530273 0.003906 0.001953
0 0.473633 0.530273 0.001953 0.001953
1 0.119141 0.526367 0.003906 0.001953
0 0.754883 0.526367 0.005859 0.005859
0 0.351562 0.524414 0.003906 0.001953
0 0.740234 0.534180 0.031250 0.029297
0 0.340820 0.520508 0.001953 0.001953
0 0.362305 0.523438 0.013672 0.011719
0 0.350586 0.519531 0.005859 0.003906
0 0.725586 0.516602 0.001953 0.001953
0 0.927734 0.515625 0.007812 0.007812
0 0.344727 0.514648 0.005859 0.005859
1 0.189453 0.512695 0.003906 0.001953
0 0.742188 0.514648 0.007812 0.009766
0 0.625000 0.511719 0.003906 0.003906
1 0.008789 0.509766 0.005859 0.003906
0 0.926758 0.506836 0.001953 0.001953
0 0.745117 0.506836 0.001953 0.001953
0 0.741211 0.506836 0.001953 0.001953
0 0.695312 0.505859 0.003906 0.003906
1 0.069336 0.508789 0.013672 0.009766
0 0.725586 0.506836 0.009766 0.013672
0 0.627930 0.503906 0.009766 0.007812
1 0.084961 0.500977 0.001953 0.001953
1 0.187500 0.503906 0.011719 0.011719
0 0.932617 0.497070 0.001953 0.001953
0 0.754883 0.497070 0.001953 0.001953
0 0.446289 0.497070 0.001953 0.001953
0 0.336914 0.497070 0.001953 0.001953
0 0.661133 0.502930 0.029297 0.017578
0 0.693359 0.507812 0.015625 0.031250
0 0.639648 0.493164 0.001953 0.001953
0 0.442383 0.494141 0.001953 0.003906
0 0.982422 0.525391 0.035156 0.070312
0 0.932617 0.491211 0.001953 0.001953
0 0.924805 0.492188 0.001953 0.003906
0 0.170898 0.491211 0.001953 0.001953
1 0.179688 0.494141 0.007812 0.011719
0 0.334961 0.489258 0.005859 0.005859
0 0.754883 0.485352 0.005859 0.001953
0 0.610352 0.485352 0.001953 0.001953
1 0.385742 0.485352 0.001953 0.001953
1 0.375000 0.490234 0.011719 0.011719
0 0.581055 0.483398 0.001953 0.001953
1 0.378906 0.484375 0.003906 0.003906
0 0.452148 0.506836 0.060547 0.056641
0 0.452148 0.475586 0.001953 0.001953
0 0.443359 0.474609 0.007812 0.007812
0 0.053711 0.471680 0.001953 0.001953
1 0.286133 0.470703 0.001953 0.003906
0 0.926758 0.467773 0.001953 0.001953
1 0.615234 0.469727 0.003906 0.005859
0 0.584961 0.471680 0.025391 0.009766
1 0.282227 0.468750 0.001953 0.003906
0 0.125977 0.465820 0.001953 0.001953
1 0.652344 0.463867 0.003906 0.001953
0 0.116211 0.461914 0.001953 0.001953
1 0.375000 0.461914 0.007812 0.009766
1 0.688477 0.456055 0.001953 0.001953
0 0.127930 0.457031 0.005859 0.003906
0 0.100586 0.458008 0.005859 0.005859
0 0.041992 0.456055 0.001953 0.001953
0 0.565430 0.454102 0.001953 0.001953
0 0.037109 0.457031 0.003906 0.007812
1 0.686523 0.452148 0.001953 0.001953
1 0.424805 0.452148 0.001953 0.001953
1 0.420898 0.452148 0.001953 0.001953
0 0.010742 0.452148 0.009766 0.009766
0 0.006836 0.446289 0.001953 0.001953
0 0.728516 0.448242 0.003906 0.009766
1 0.272461 0.444336 0.001953 0.001953
0 0.010742 0.444336 0.001953 0.001953
1 0.264648 0.438477 0.009766 0.005859
0 0.116211 0.436523 0.001953 0.001953
0 0.104492 0.436523 0.001953 0.001953
0 0.722656 0.434570 0.003906 0.001953
0 0.548828 0.446289 0.066406 0.025391
1 0.516602 0.430664 0.001953 0.001953
0 0.096680 0.430664 0.001953 0.001953
0 0.704102 0.429688 0.005859 0.003906
1 0.306641 0.483398 0.070312 0.111328
0 0.165039 0.428711 0.001953 0.001953
1 0.514648 0.427734 0.005859 0.003906
0 0.089844 0.427734 0.007812 0.007812
0 0.722656 0.427734 0.019531 0.011719
0 0.164062 0.423828 0.003906 0.003906
0 0.065430 0.422852 0.001953 0.001953
0 0.036133 0.422852 0.001953 0.001953
1 0.753906 0.423828 0.007812 0.007812
0 0.729492 0.418945 0.001953 0.001953
0 0.540039 0.425781 0.025391 0.019531
1 0.236328 0.417969 0.003906 0.003906
0 0.014648 0.415039 0.001953 0.001953
0 0.805664 0.411133 0.001953 0.001953
1 0.266602 0.409180 0.005859 0.001953
0 0.121094 0.430664 0.046875 0.044922
0 0.024414 0.409180 0.001953 0.001953
0 0.020508 0.409180 0.001953 0.001953
0 0.177734 0.409180 0.011719 0.005859
0 0.723633 0.405273 0.001953 0.001953
0 0.125000 0.407227 0.003906 0.005859
1 0.952148 0.407227 0.013672 0.009766
0 0.131836 0.404297 0.005859 0.003906
0 0.651367 0.397461 0.001953 0.001953
1 0.582031 0.399414 0.003906 0.005859
1 0.555664 0.397461 0.001953 0.001953
0 0.089844 0.398438 0.011719 0.007812
1 0.930664 0.390625 0.005859 0.003906
0 0.743164 0.389648 0.001953 0.001953
0 0.081055 0.389648 0.001953 0.001953
0 0.834961 0.392578 0.009766 0.011719
1 0.614258 0.387695 0.001953 0.001953
0 0.171875 0.388672 0.003906 0.003906
1 0.577148 0.389648 0.009766 0.009766
0 0.205078 0.401367 0.058594 0.033203
0 0.133789 0.392578 0.013672 0.015625
0 0.541992 0.395508 0.021484 0.025391
0 0.536133 0.384766 0.001953 0.003906
0 0.831055 0.381836 0.001953 0.001953
0 0.825195 0.381836 0.001953 0.001953
0 0.549805 0.381836 0.001953 0.001953
0 0.821289 0.379883 0.001953 0.001953
1 0.735352 0.381836 0.005859 0.005859
0 0.538086 0.379883 0.001953 0.001953
0 0.532227 0.377930 0.001953 0.001953
1 0.234375 0.380859 0.007812 0.007812
0 0.200195 0.377930 0.001953 0.001953
0 0.176758 0.378906 0.005859 0.003906
0 0.827148 0.375977 0.001953 0.001953
1 0.672852 0.375977 0.001953 0.001953
0 0.540039 0.375977 0.001953 0.001953
0 0.864258 0.374023 0.001953 0.001953
0 0.840820 0.374023 0.001953 0.001953
0 0.747070 0.374023 0.001953 0.001953
0 0.105469 0.486328 0.210938 0.226562
0 0.543945 0.372070 0.001953 0.001953
0 0.833008 0.370117 0.001953 0.001953
0 0.667969 0.372070 0.003906 0.005859
0 0.637695 0.370117 0.001953 0.001953
0 0.633789 0.370117 0.001953 0.001953
0 0.551758 0.368164 0.001953 0.001953
0 0.393555 0.368164 0.001953 0.001953
0 0.850586 0.366211 0.001953 0.001953
0 0.833008 0.366211 0.001953 0.001953
0 0.808594 0.369141 0.007812 0.007812
0 0.639648 0.366211 0.001953 0.001953
0 0.840820 0.362305 0.001953 0.001953
1 0.786133 0.361328 0.005859 0.003906
0 0.841797 0.365234 0.011719 0.015625
1 0.768555 0.358398 0.001953 0.001953
0 0.760742 0.363281 0.021484 0.011719
0 0.827148 0.358398 0.009766 0.009766
1 0.506836 0.359375 0.017578 0.011719
0 0.020508 0.354492 0.001953 0.001953
0 0.583984 0.354492 0.003906 0.005859
1 0.338867 0.361328 0.013672 0.019531
0 0.184570 0.352539 0.001953 0.001953
0 0.398438 0.351562 0.003906 0.003906
0 0.299805 0.348633 0.001953 0.001953
0 0.258789 0.344727 0.001953 0.001953
1 0.760742 0.342773 0.001953 0.001953
1 0.754883 0.340820 0.001953 0.001953
0 0.191406 0.340820 0.003906 0.001953
1 0.465820 0.337891 0.001953 0.003906
1 0.718750 0.337891 0.007812 0.007812
0 0.306641 0.335938 0.003906 0.003906
0 0.239258 0.334961 0.001953 0.001953
0 0.059570 0.335938 0.001953 0.003906
0 0.325195 0.345703 0.017578 0.027344
0 0.354492 0.340820 0.025391 0.021484
0 0.283203 0.340820 0.035156 0.021484
0 0.061523 0.331055 0.001953 0.001953
1 0.805664 0.330078 0.001953 0.003906
0 0.280273 0.329102 0.001953 0.001953
0 0.253906 0.337891 0.023438 0.019531
0 0.173828 0.330078 0.003906 0.003906
0 0.167969 0.331055 0.003906 0.005859
0 0.463867 0.392578 0.111328 0.136719
0 0.418945 0.325195 0.001953 0.001953
0 0.182617 0.325195 0.001953 0.001953
0 0.178711 0.325195 0.001953 0.001953
0 0.372070 0.323242 0.001953 0.001953
0 0.254883 0.323242 0.001953 0.001953
0 0.172852 0.324219 0.005859 0.003906
0 0.166992 0.323242 0.001953 0.001953
0 0.050781 0.324219 0.003906 0.003906
0 0.035156 0.349609 0.035156 0.054688
1 0.936523 0.321289 0.001953 0.001953
1 0.658203 0.371094 0.140625 0.101562
0 0.541016 0.321289 0.003906 0.001953
0 0.247070 0.322266 0.005859 0.003906
1 0.470703 0.319336 0.003906 0.001953
1 0.444336 0.319336 0.001953 0.001953
0 0.388672 0.342773 0.039062 0.048828
0 0.374023 0.319336 0.001953 0.001953
0 0.167969 0.318359 0.003906 0.003906
1 0.625000 0.316406 0.011719 0.003906
0 0.581055 0.315430 0.001953 0.001953
0 0.569336 0.321289 0.013672 0.013672
0 0.376953 0.316406 0.003906 0.003906
0 0.002930 0.315430 0.001953 0.001953
0 0.958008 0.313477 0.001953 0.001953
1 0.356445 0.318359 0.013672 0.011719
1 0.639648 0.314453 0.009766 0.007812
0 0.416016 0.313477 0.003906 0.005859
0 0.075195 0.309570 0.001953 0.001953
1 0.484375 0.306641 0.003906 0.003906
0 0.405273 0.305664 0.001953 0.001953
0 0.394531 0.306641 0.003906 0.003906
0 0.379883 0.304688 0.001953 0.003906
0 0.161133 0.303711 0.001953 0.001953
0 0.055664 0.304688 0.001953 0.003906
0 0.958008 0.304688 0.005859 0.007812
0 0.838867 0.301758 0.001953 0.001953
0 0.393555 0.301758 0.001953 0.001953
1 0.759766 0.312500 0.019531 0.027344
1 0.680664 0.299805 0.001953 0.001953
1 0.434570 0.299805 0.001953 0.001953
0 0.055664 0.299805 0.001953 0.001953
0 0.000977 0.300781 0.001953 0.003906
0 0.736328 0.298828 0.003906 0.003906
0 0.063477 0.299805 0.009766 0.013672
0 0.294922 0.311523 0.058594 0.041016
0 0.286133 0.291992 0.001953 0.001953
0 0.205078 0.319336 0.054688 0.056641
0 0.055664 0.291992 0.001953 0.001953
1 0.572266 0.291016 0.011719 0.007812
1 0.699219 0.286133 0.003906 0.001953
0 0.752930 0.284180 0.001953 0.001953
0 0.704102 0.284180 0.001953 0.001953
0 0.741211 0.282227 0.001953 0.001953
0 0.192383 0.282227 0.001953 0.001953
0 0.723633 0.280273 0.001953 0.001953
0 0.712891 0.285156 0.007812 0.011719
0 0.779297 0.272461 0.007812 0.009766
0 0.173828 0.267578 0.003906 0.003906
0 0.093750 0.272461 0.011719 0.013672
0 0.594727 0.262695 0.001953 0.001953
0 0.291992 0.267578 0.005859 0.011719
0 0.194336 0.264648 0.005859 0.005859
0 0.170898 0.262695 0.001953 0.001953
1 0.684570 0.262695 0.009766 0.005859
1 0.870117 0.258789 0.001953 0.001953
1 0.687500 0.253906 0.007812 0.007812
1 0.680664 0.250977 0.005859 0.005859
0 0.321289 0.250977 0.017578 0.029297
1 0.450195 0.223633 0.001953 0.001953
0 0.104492 0.223633 0.001953 0.001953
0 0.062500 0.247070 0.039062 0.048828
0 0.653320 0.221680 0.001953 0.001953
1 0.493164 0.222656 0.001953 0.003906
0 0.282227 0.222656 0.009766 0.003906
0 0.715820 0.219727 0.001953 0.001953
0 0.729492 0.218750 0.001953 0.003906
1 0.999023 0.215820 0.001953 0.001953
1 0.448242 0.215820 0.001953 0.001953
0 0.125977 0.215820 0.001953 0.001953
0 0.051758 0.215820 0.001953 0.001953
0 0.321289 0.213867 0.005859 0.005859
0 0.050781 0.211914 0.003906 0.001953
0 0.722656 0.215820 0.011719 0.013672
0 0.327148 0.209961 0.001953 0.001953
0 0.123047 0.211914 0.007812 0.005859
0 0.085938 0.209961 0.003906 0.001953
0 0.346680 0.208008 0.001953 0.001953
1 0.451172 0.209961 0.011719 0.009766
0 0.353516 0.207031 0.007812 0.007812
0 0.345703 0.204102 0.003906 0.001953
0 0.719727 0.202148 0.001953 0.001953
0 0.361328 0.203125 0.003906 0.003906
0 0.338867 0.202148 0.001953 0.001953
0 0.060547 0.201172 0.003906 0.003906
0 0.983398 0.198242 0.001953 0.001953
1 0.368164 0.213867 0.033203 0.037109
0 0.741211 0.194336 0.001953 0.001953
0 0.444336 0.196289 0.005859 0.005859
0 0.704102 0.192383 0.001953 0.001953
0 0.104492 0.193359 0.001953 0.003906
0 0.097656 0.194336 0.007812 0.005859
0 0.525391 0.192383 0.007812 0.005859
0 0.185547 0.191406 0.003906 0.003906
0 0.026367 0.190430 0.001953 0.001953
0 0.750977 0.188477 0.001953 0.001953
0 0.020508 0.211914 0.041016 0.052734
0 0.458008 0.184570 0.001953 0.001953
0 0.440430 0.184570 0.001953 0.001953
0 0.932617 0.182617 0.001953 0.001953
0 0.112305 0.182617 0.001953 0.001953
0 0.847656 0.184570 0.003906 0.009766
0 0.691406 0.181641 0.007812 0.003906
0 0.133789 0.301758 0.212891 0.244141
0 0.187500 0.181641 0.003906 0.003906
0 0.533203 0.184570 0.011719 0.013672
0 0.438477 0.178711 0.001953 0.001953
1 0.999023 0.176758 0.001953 0.001953
0 0.444336 0.176758 0.001953 0.001953
0 0.188477 0.176758 0.001953 0.001953
0 0.033203 0.177734 0.003906 0.003906
0 0.231445 0.175781 0.005859 0.003906
0 0.918945 0.169922 0.009766 0.003906
0 0.127930 0.163086 0.001953 0.001953
0 0.073242 0.163086 0.001953 0.001953
0 0.797852 0.161133 0.001953 0.001953
0 0.708008 0.161133 0.001953 0.001953
1 0.916992 0.162109 0.005859 0.007812
0 0.267578 0.160156 0.007812 0.003906
0 0.088867 0.159180 0.001953 0.001953
0 0.697266 0.158203 0.003906 0.003906
0 0.514648 0.157227 0.001953 0.001953
0 0.276367 0.160156 0.005859 0.007812
0 0.133789 0.157227 0.001953 0.001953
0 0.166016 0.157227 0.003906 0.005859
0 0.159180 0.155273 0.001953 0.001953
1 0.936523 0.154297 0.005859 0.003906
1 0.814453 0.155273 0.003906 0.005859
0 0.235352 0.153320 0.001953 0.001953
0 0.131836 0.151367 0.001953 0.001953
1 0.936523 0.149414 0.001953 0.001953
0 0.896484 0.153320 0.011719 0.009766
0 0.126953 0.152344 0.003906 0.007812
0 0.122070 0.149414 0.001953 0.001953
0 0.004883 0.153320 0.009766 0.013672
1 0.822266 0.147461 0.007812 0.005859
0 0.487305 0.145508 0.001953 0.001953
0 0.187500 0.158203 0.035156 0.027344
0 0.170898 0.145508 0.001953 0.001953
0 0.137695 0.145508 0.001953 0.001953
1 0.973633 0.143555 0.001953 0.001953
0 0.317383 0.147461 0.005859 0.009766
0 0.242188 0.150391 0.007812 0.015625
0 0.174805 0.143555 0.001953 0.001953
0 0.385742 0.141602 0.001953 0.001953
0 0.294922 0.156250 0.035156 0.031250
1 0.268555 0.139648 0.001953 0.001953
1 0.980469 0.139648 0.015625 0.009766
0 0.403320 0.133789 0.001953 0.001953
0 0.190430 0.133789 0.001953 0.001953
0 0.132812 0.140625 0.019531 0.015625
0 0.245117 0.131836 0.001953 0.001953
0 0.151367 0.131836 0.001953 0.001953
0 0.488281 0.130859 0.003906 0.003906
0 0.145508 0.129883 0.001953 0.001953
0 0.133789 0.129883 0.001953 0.001953
0 0.686523 0.124023 0.001953 0.001953
0 0.489258 0.125000 0.005859 0.003906
0 0.469727 0.122070 0.001953 0.001953
0 0.106445 0.122070 0.001953 0.001953
0 0.491211 0.119141 0.001953 0.003906
1 0.938477 0.120117 0.009766 0.009766
0 0.696289 0.120117 0.005859 0.009766
0 0.151367 0.114258 0.001953 0.001953
0 0.696289 0.112305 0.001953 0.001953
0 0.139648 0.117188 0.009766 0.011719
0 0.502930 0.110352 0.001953 0.001953
1 0.956055 0.108398 0.001953 0.001953
0 0.403320 0.148438 0.103516 0.085938
0 0.321289 0.106445 0.001953 0.001953
0 0.317383 0.104492 0.001953 0.001953
0 0.513672 0.103516 0.007812 0.003906
0 0.184570 0.118164 0.033203 0.033203
0 0.139648 0.105469 0.009766 0.007812
0 0.488281 0.107422 0.023438 0.019531
0 0.275391 0.099609 0.003906 0.003906
0 0.104492 0.103516 0.009766 0.011719
0 0.088867 0.097656 0.001953 0.003906
0 0.348633 0.095703 0.001953 0.003906
0 0.127930 0.092773 0.001953 0.001953
0 0.090820 0.092773 0.001953 0.001953
0 0.778320 0.090820 0.001953 0.001953
0 0.155273 0.092773 0.005859 0.005859
0 0.385742 0.088867 0.001953 0.001953
0 0.256836 0.088867 0.001953 0.001953
0 0.768555 0.087891 0.005859 0.003906
1 0.420898 0.096680 0.025391 0.021484
0 0.161133 0.086914 0.001953 0.001953
0 0.155273 0.086914 0.001953 0.001953
0 0.140625 0.087891 0.007812 0.003906
1 0.702148 0.084961 0.001953 0.001953
0 0.333008 0.084961 0.001953 0.001953
0 0.118164 0.084961 0.001953 0.001953
0 0.108398 0.084961 0.001953 0.001953
0 0.229492 0.083008 0.001953 0.001953
0 0.139648 0.083008 0.001953 0.001953
1 0.509766 0.082031 0.003906 0.003906
0 0.764648 0.079102 0.001953 0.001953
0 0.253906 0.082031 0.003906 0.007812
0 0.739258 0.077148 0.001953 0.001953
0 0.719727 0.077148 0.001953 0.001953
0 0.323242 0.090820 0.033203 0.029297
0 0.149414 0.081055 0.009766 0.009766
1 0.466797 0.072266 0.003906 0.003906
0 0.317383 0.071289 0.001953 0.001953
1 0.610352 0.065430 0.001953 0.001953
1 0.598633 0.067383 0.005859 0.005859
0 0.766602 0.069336 0.013672 0.013672
1 0.663086 0.061523 0.001953 0.001953
1 0.612305 0.061523 0.001953 0.001953
1 0.780273 0.060547 0.005859 0.003906
0 0.374023 0.063477 0.005859 0.009766
1 0.455078 0.063477 0.007812 0.013672
1 0.614258 0.056641 0.001953 0.003906
1 0.461914 0.055664 0.001953 0.001953
0 0.322266 0.063477 0.023438 0.017578
1 0.773438 0.054688 0.003906 0.003906
0 0.716797 0.052734 0.003906 0.003906
0 0.665039 0.049805 0.001953 0.001953
0 0.370117 0.049805 0.001953 0.001953
0 0.309570 0.050781 0.005859 0.003906
0 0.375977 0.047852 0.001953 0.001953
0 0.736328 0.059570 0.042969 0.029297
1 0.465820 0.045898 0.001953 0.001953
1 0.770508 0.043945 0.001953 0.001953
0 0.666992 0.045898 0.009766 0.005859
0 0.374023 0.043945 0.001953 0.001953
0 0.137695 0.043945 0.001953 0.001953
0 0.744141 0.041992 0.003906 0.001953
0 0.237305 0.040039 0.001953 0.001953
0 0.346680 0.038086 0.001953 0.001953
0 0.449219 0.041992 0.023438 0.013672
0 0.364258 0.036133 0.001953 0.001953
0 0.348633 0.033203 0.001953 0.003906
0 0.223633 0.033203 0.001953 0.003906
0 0.212891 0.033203 0.003906 0.003906
0 0.210938 0.045898 0.019531 0.033203
1 0.491211 0.028320 0.001953 0.001953
1 0.487305 0.028320 0.001953 0.001953
0 0.458008 0.028320 0.001953 0.001953
0 0.327148 0.028320 0.001953 0.001953
0 0.282227 0.029297 0.001953 0.003906
0 0.879883 0.027344 0.001953 0.003906
0 0.138672 0.027344 0.003906 0.003906
1 0.492188 0.024414 0.003906 0.001953
0 0.877930 0.022461 0.001953 0.001953
0 0.735352 0.022461 0.001953 0.001953
1 0.601562 0.021484 0.007812 0.007812
0 0.368164 0.018555 0.001953 0.001953
1 0.528320 0.020508 0.029297 0.009766
0 0.372070 0.016602 0.001953 0.001953
0 0.225586 0.016602 0.001953 0.001953
0 0.627930 0.015625 0.001953 0.003906
0 0.184570 0.014648 0.001953 0.001953
0 0.063477 0.010742 0.001953 0.001953
0 0.183594 0.009766 0.003906 0.003906
0 0.086914 0.008789 0.001953 0.001953
0 0.782227 0.006836 0.001953 0.001953
0 0.061523 0.006836 0.001953 0.001953
0 0.385742 0.004883 0.001953 0.001953
0 0.086914 0.004883 0.001953 0.001953
1 0.518555 0.003906 0.001953 0.003906
0 0.333008 0.028320 0.072266 0.052734
0 0.305664 0.003906 0.001953 0.003906
1 0.939453 0.001953 0.003906 0.003906
0 0.782227 0.435547 0.435547 0.871094
0 0.792969 0.002930 0.007812 0.005859
0 0.612305 0.165039 0.306641 0.330078
0 0.618164 0.006836 0.017578 0.013672
1 0.563477 0.000977 0.001953 0.001953
0 0.482422 0.002930 0.007812 0.005859
0 0.387695 0.052734 0.076172 0.105469
0 0.214844 0.009766 0.054688 0.019531
0 0.158203 0.014648 0.031250 0.029297
0 0.086914 0.000977 0.001953 0.001953
0 0.048828 0.007812 0.011719 0.015625
0 0.090820 0.103516 0.181641 0.207031
2 0.672852 0.999023 0.001953 0.001953
2 0.557617 0.999023 0.001953 0.001953
2 0.544922 0.999023 0.003906 0.001953
2 0.299805 0.999023 0.001953 0.001953
2 0.026367 0.999023 0.001953 0.001953
2 0.018555 0.999023 0.001953 0.001953
2 0.823242 0.996094 0.001953 0.003906
2 0.571289 0.995117 0.001953 0.001953
2 0.555664 0.995117 0.001953 0.001953
2 0.551758 0.995117 0.001953 0.001953
2 0.596680 0.993164 0.001953 0.001953
2 0.825195 0.991211 0.001953 0.001953
2 0.806641 0.994141 0.031250 0.011719
2 0.051758 0.994141 0.029297 0.011719
2 0.007812 0.994141 0.015625 0.011719
2 0.913086 0.990234 0.009766 0.007812
2 0.864258 0.988281 0.005859 0.003906
2 0.853516 0.988281 0.003906 0.003906
2 0.815430 0.987305 0.001953 0.001953
2 0.603516 0.991211 0.007812 0.009766
2 0.873047 0.985352 0.003906 0.005859
2 0.823242 0.983398 0.001953 0.001953
2 0.809570 0.984375 0.005859 0.003906
2 0.013672 0.985352 0.003906 0.005859
2 0.604492 0.979492 0.001953 0.001953
2 0.250000 0.981445 0.011719 0.005859
2 0.379883 0.981445 0.005859 0.009766
2 0.353516 0.979492 0.003906 0.009766
2 0.347656 0.974609 0.003906 0.003906
2 0.349609 0.986328 0.027344 0.027344
2 0.883789 0.979492 0.009766 0.017578
2 0.216797 0.985352 0.050781 0.029297
2 0.096680 0.972656 0.005859 0.003906
2 0.102539 0.969727 0.001953 0.001953
2 0.000977 0.967773 0.001953 0.001953
2 0.894531 0.981445 0.019531 0.033203
2 0.985352 0.981445 0.029297 0.037109
2 0.625977 0.961914 0.001953 0.001953
2 0.272461 0.961914 0.001953 0.001953
2 0.883789 0.959961 0.001953 0.001953
2 0.608398 0.958008 0.001953 0.001953
2 0.345703 0.958008 0.003906 0.001953
2 0.000977 0.956055 0.001953 0.001953
2 0.239258 0.954102 0.001953 0.001953
3 0.098633 0.955078 0.001953 0.003906
2 0.344727 0.952148 0.001953 0.001953
2 0.649414 0.946289 0.001953 0.001953
2 0.336914 0.951172 0.009766 0.015625
2 0.592773 0.938477 0.001953 0.001953
2 0.258789 0.943359 0.033203 0.019531
2 0.590820 0.932617 0.005859 0.005859
2 0.603516 0.933594 0.019531 0.027344
2 0.627930 0.918945 0.001953 0.001953
2 0.600586 0.911133 0.001953 0.001953
2 0.598633 0.907227 0.001953 0.001953
2 0.592773 0.905273 0.001953 0.001953
2 0.588867 0.905273 0.001953 0.001953
2 0.432617 0.905273 0.001953 0.001953
2 0.041016 0.900391 0.003906 0.003906
2 0.422852 0.889648 0.001953 0.001953
2 0.124023 0.890625 0.001953 0.003906
2 0.119141 0.897461 0.003906 0.017578
2 0.122070 0.883789 0.001953 0.001953
3 0.415039 0.877930 0.001953 0.001953
2 0.028320 0.872070 0.001953 0.001953
2 0.121094 0.870117 0.003906 0.005859
2 0.000977 0.866211 0.001953 0.001953
2 0.307617 0.864258 0.001953 0.001953
2 0.466797 0.861328 0.003906 0.003906
2 0.435547 0.857422 0.003906 0.003906
2 0.428711 0.856445 0.001953 0.001953
2 0.122070 0.856445 0.001953 0.001953
2 0.036133 0.856445 0.001953 0.001953
2 0.410156 0.854492 0.003906 0.001953
2 0.251953 0.855469 0.003906 0.003906
2 0.473633 0.851562 0.001953 0.003906
2 0.387695 0.850586 0.001953 0.001953
2 0.332031 0.850586 0.003906 0.001953
2 0.035156 0.851562 0.003906 0.003906
2 0.028320 0.853516 0.005859 0.007812
2 0.446289 0.853516 0.009766 0.011719
2 0.342773 0.848633 0.001953 0.001953
2 0.319336 0.848633 0.001953 0.001953
2 0.268555 0.848633 0.001953 0.001953
2 0.260742 0.850586 0.005859 0.005859
2 0.385742 0.846680 0.001953 0.001953
2 0.334961 0.846680 0.001953 0.001953
2 0.454102 0.844727 0.001953 0.001953
2 0.449219 0.844727 0.003906 0.001953
2 0.425781 0.845703 0.003906 0.003906
2 0.362305 0.844727 0.001953 0.001953
2 0.340820 0.844727 0.001953 0.001953
2 0.260742 0.844727 0.001953 0.001953
2 0.131836 0.844727 0.001953 0.001953
2 0.035156 0.845703 0.003906 0.003906
2 0.000977 0.846680 0.001953 0.005859
2 0.358398 0.842773 0.001953 0.001953
2 0.422852 0.840820 0.001953 0.001953
2 0.352539 0.840820 0.001953 0.001953
2 0.345703 0.842773 0.003906 0.005859
2 0.338867 0.840820 0.001953 0.001953
2 0.321289 0.842773 0.005859 0.005859
2 0.028320 0.840820 0.001953 0.001953
2 0.452148 0.839844 0.001953 0.003906
2 0.151367 0.838867 0.001953 0.001953
2 0.456055 0.836914 0.001953 0.001953
2 0.145508 0.836914 0.001953 0.001953
2 0.076172 0.914062 0.113281 0.156250
2 0.417969 0.839844 0.003906 0.011719
2 0.331055 0.837891 0.005859 0.007812
2 0.362305 0.833008 0.001953 0.001953
2 0.356445 0.834961 0.005859 0.005859
2 0.155273 0.833984 0.005859 0.007812
2 0.151367 0.831055 0.001953 0.001953
2 0.147461 0.831055 0.001953 0.001953
2 0.143555 0.831055 0.001953 0.001953
2 0.137695 0.832031 0.001953 0.003906
2 0.153320 0.827148 0.001953 0.001953
2 0.149414 0.827148 0.001953 0.001953
2 0.350586 0.827148 0.005859 0.005859
2 0.110352 0.811523 0.001953 0.001953
2 0.118164 0.807617 0.001953 0.001953
2 0.112305 0.805664 0.001953 0.001953
2 0.320312 0.819336 0.062500 0.037109
2 0.438477 0.804688 0.005859 0.011719
2 0.252930 0.808594 0.021484 0.027344
2 0.135742 0.795898 0.001953 0.001953
2 0.402344 0.794922 0.003906 0.003906
2 0.143555 0.782227 0.001953 0.001953
2 0.368164 0.780273 0.001953 0.001953
2 0.019531 0.809570 0.039062 0.064453
2 0.137695 0.774414 0.001953 0.001953
2 0.370117 0.767578 0.001953 0.003906
2 0.125977 0.760742 0.001953 0.001953
2 0.122070 0.760742 0.001953 0.001953
2 0.963867 0.758789 0.001953 0.001953
2 0.993164 0.756836 0.001953 0.001953
2 0.013672 0.749023 0.003906 0.001953
2 0.003906 0.750977 0.007812 0.009766
2 0.196289 0.739258 0.001953 0.001953
2 0.262695 0.738281 0.001953 0.007812
2 0.368164 0.730469 0.001953 0.003906
2 0.250977 0.727539 0.001953 0.001953
2 0.270508 0.723633 0.001953 0.001953
2 0.368164 0.700195 0.001953 0.001953
2 0.782227 0.698242 0.001953 0.001953
2 0.799805 0.696289 0.001953 0.001953
2 0.321289 0.696289 0.001953 0.001953
2 0.735352 0.695312 0.001953 0.003906
2 0.741211 0.686523 0.001953 0.001953
2 0.356445 0.684570 0.001953 0.001953
2 0.352539 0.684570 0.001953 0.001953
2 0.741211 0.682617 0.001953 0.001953
2 0.375977 0.739258 0.068359 0.115234
2 0.343750 0.682617 0.003906 0.001953
2 0.743164 0.677734 0.001953 0.003906
2 0.368164 0.670898 0.001953 0.001953
2 0.362305 0.670898 0.005859 0.001953
2 0.299805 0.666992 0.001953 0.001953
2 0.174805 0.665039 0.001953 0.001953
2 0.151367 0.663086 0.001953 0.001953
2 0.142578 0.663086 0.003906 0.001953
2 0.318359 0.658203 0.003906 0.003906
2 0.151367 0.657227 0.001953 0.001953
2 0.141602 0.657227 0.001953 0.001953
2 0.178711 0.653320 0.001953 0.001953
2 0.160156 0.655273 0.011719 0.009766
2 0.178711 0.649414 0.001953 0.001953
2 0.165039 0.647461 0.001953 0.001953
2 0.282227 0.648438 0.009766 0.007812
2 0.178711 0.645508 0.001953 0.001953
2 0.906250 0.645508 0.019531 0.009766
2 0.348633 0.643555 0.005859 0.005859
2 0.290039 0.641602 0.001953 0.001953
2 0.286133 0.641602 0.001953 0.001953
2 0.339844 0.638672 0.003906 0.003906
2 0.213867 0.637695 0.001953 0.001953
2 0.208008 0.638672 0.005859 0.003906
2 0.063477 0.637695 0.001953 0.001953
3 0.934570 0.635742 0.001953 0.001953
2 0.054688 0.637695 0.003906 0.005859
2 0.043945 0.635742 0.001953 0.001953
2 0.678711 0.627930 0.001953 0.001953
2 0.340820 0.628906 0.005859 0.003906
2 0.047852 0.627930 0.001953 0.001953
2 0.041016 0.627930 0.007812 0.001953
2 0.919922 0.631836 0.015625 0.013672
2 0.235352 0.625000 0.005859 0.003906
2 0.675781 0.623047 0.003906 0.003906
2 0.042969 0.623047 0.003906 0.003906
2 0.861328 0.622070 0.003906 0.005859
2 0.259766 0.622070 0.007812 0.005859
2 0.252930 0.620117 0.001953 0.001953
2 0.245117 0.620117 0.001953 0.001953
2 0.708008 0.618164 0.001953 0.001953
2 0.070312 0.619141 0.003906 0.003906
2 0.047852 0.618164 0.001953 0.001953
2 0.961914 0.618164 0.013672 0.005859
2 0.191406 0.619141 0.003906 0.007812
2 0.811523 0.614258 0.001953 0.001953
2 0.736328 0.617188 0.007812 0.007812
2 0.036133 0.614258 0.001953 0.001953
2 0.727539 0.612305 0.001953 0.001953
2 0.676758 0.615234 0.009766 0.007812
2 0.663086 0.611328 0.001953 0.003906
2 0.104492 0.610352 0.001953 0.001953
2 0.069336 0.611328 0.001953 0.003906
2 0.736328 0.609375 0.003906 0.003906
2 0.718750 0.612305 0.007812 0.009766
2 0.686523 0.608398 0.001953 0.001953
2 0.315430 0.608398 0.001953 0.001953
2 0.063477 0.608398 0.001953 0.001953
2 0.805664 0.606445 0.001953 0.001953
2 0.733398 0.606445 0.001953 0.001953
2 0.690430 0.606445 0.001953 0.001953
2 0.305664 0.606445 0.001953 0.001953
2 0.938477 0.604492 0.001953 0.001953
2 0.743164 0.612305 0.009766 0.017578
2 0.684570 0.604492 0.001953 0.001953
2 0.213867 0.602539 0.001953 0.001953
2 0.196289 0.602539 0.001953 0.001953
2 0.954102 0.600586 0.001953 0.001953
2 0.940430 0.600586 0.001953 0.001953
2 0.831055 0.602539 0.009766 0.009766
2 0.741211 0.599609 0.005859 0.003906
2 0.682617 0.598633 0.001953 0.001953
2 0.672852 0.598633 0.001953 0.001953
2 0.799805 0.599609 0.009766 0.007812
2 0.789062 0.598633 0.007812 0.005859
2 0.706055 0.596680 0.001953 0.001953
2 0.696289 0.596680 0.001953 0.001953
2 0.690430 0.597656 0.005859 0.003906
2 0.280273 0.605469 0.021484 0.019531
2 0.772461 0.592773 0.001953 0.001953
2 0.285156 0.592773 0.003906 0.001953
2 0.820312 0.589844 0.003906 0.003906
2 0.663086 0.586914 0.001953 0.001953
2 0.194336 0.586914 0.001953 0.001953
2 0.120117 0.586914 0.001953 0.001953
2 0.850586 0.584961 0.001953 0.001953
2 0.831055 0.586914 0.017578 0.005859
2 0.688477 0.584961 0.001953 0.001953
2 0.768555 0.583008 0.001953 0.001953
2 0.309570 0.579102 0.001953 0.001953
2 0.305664 0.579102 0.001953 0.001953
2 0.877930 0.577148 0.001953 0.001953
2 0.759766 0.577148 0.003906 0.001953
2 0.752930 0.577148 0.001953 0.001953
2 0.731445 0.577148 0.001953 0.001953
2 0.723633 0.577148 0.001953 0.001953
2 0.112305 0.577148 0.001953 0.001953
2 0.813477 0.575195 0.001953 0.001953
2 0.766602 0.575195 0.001953 0.001953
2 0.295898 0.575195 0.001953 0.001953
2 0.842773 0.573242 0.001953 0.001953
2 0.157227 0.573242 0.001953 0.001953
2 0.813477 0.571289 0.001953 0.001953
2 0.738281 0.572266 0.003906 0.003906
2 0.680664 0.571289 0.001953 0.001953
2 0.769531 0.570312 0.003906 0.003906
2 0.137695 0.569336 0.001953 0.001953
2 0.872070 0.568359 0.001953 0.003906
2 0.835938 0.577148 0.023438 0.021484
2 0.736328 0.567383 0.003906 0.001953
2 0.732422 0.570312 0.003906 0.007812
2 0.850586 0.563477 0.001953 0.001953
2 0.846680 0.563477 0.001953 0.001953
2 0.813477 0.563477 0.001953 0.001953
2 0.729492 0.559570 0.001953 0.001953
2 0.952148 0.559570 0.001953 0.005859
2 0.890625 0.557617 0.003906 0.001953
2 0.692383 0.562500 0.009766 0.011719
2 0.848633 0.555664 0.001953 0.001953
2 0.844727 0.553711 0.001953 0.001953
2 0.692383 0.555664 0.005859 0.005859
2 0.143555 0.562500 0.005859 0.019531
2 0.906250 0.589844 0.136719 0.078125
2 0.680664 0.551758 0.001953 0.001953
2 0.136719 0.552734 0.003906 0.003906
2 0.657227 0.549805 0.001953 0.001953
2 0.844727 0.545898 0.001953 0.001953
2 0.664062 0.545898 0.003906 0.005859
2 0.833984 0.541016 0.003906 0.003906
2 0.856445 0.536133 0.001953 0.001953
2 0.908203 0.536133 0.003906 0.005859
2 0.903320 0.532227 0.001953 0.001953
2 0.878906 0.532227 0.003906 0.001953
2 0.645508 0.533203 0.005859 0.003906
2 0.969727 0.530273 0.001953 0.001953
2 0.151367 0.530273 0.001953 0.001953
2 0.895508 0.529297 0.001953 0.003906
2 0.811523 0.524414 0.001953 0.001953
3 0.997070 0.514648 0.001953 0.001953
2 0.990234 0.521484 0.019531 0.019531
2 0.913086 0.512695 0.001953 0.001953
2 0.855469 0.523438 0.058594 0.066406
2 0.774414 0.486328 0.009766 0.003906
2 0.822266 0.481445 0.015625 0.013672
2 0.797852 0.473633 0.001953 0.001953
2 0.825195 0.472656 0.013672 0.003906
2 0.814453 0.472656 0.003906 0.003906
2 0.839844 0.470703 0.011719 0.011719
2 0.829102 0.466797 0.005859 0.003906
2 0.816406 0.464844 0.003906 0.003906
2 0.918945 0.458008 0.001953 0.001953
2 0.897461 0.455078 0.005859 0.003906
2 0.891602 0.455078 0.001953 0.003906
2 0.825195 0.446289 0.001953 0.001953
2 0.885742 0.442383 0.001953 0.001953
2 0.909180 0.437500 0.001953 0.003906
2 0.907227 0.451172 0.037109 0.031250
2 0.805664 0.432617 0.001953 0.001953
2 0.912109 0.428711 0.003906 0.001953
2 0.884766 0.429688 0.011719 0.015625
2 0.899414 0.420898 0.001953 0.001953
2 0.925781 0.420898 0.003906 0.005859
2 0.000977 0.418945 0.001953 0.001953
2 0.930664 0.409180 0.001953 0.001953
2 0.899414 0.407227 0.001953 0.001953
2 0.002930 0.407227 0.001953 0.001953
2 0.912109 0.410156 0.019531 0.027344
2 0.902344 0.394531 0.007812 0.003906
2 0.854492 0.389648 0.001953 0.001953
2 0.911133 0.383789 0.001953 0.001953
2 0.870117 0.383789 0.001953 0.001953
2 0.866211 0.325195 0.001953 0.001953
2 0.999023 0.319336 0.001953 0.001953
2 0.991211 0.319336 0.005859 0.001953
2 0.833008 0.315430 0.001953 0.001953
2 0.737305 0.270508 0.001953 0.001953
3 0.901367 0.266602 0.001953 0.001953
2 0.729492 0.266602 0.001953 0.001953
2 0.737305 0.262695 0.001953 0.005859
2 0.733398 0.260742 0.001953 0.001953
2 0.530273 0.256836 0.001953 0.001953
2 0.727539 0.252930 0.001953 0.001953
2 0.539062 0.253906 0.003906 0.003906
2 0.532227 0.252930 0.001953 0.001953
2 0.527344 0.253906 0.003906 0.003906
2 0.813477 0.249023 0.001953 0.001953
2 0.520508 0.249023 0.001953 0.001953
2 0.534180 0.247070 0.001953 0.001953
2 0.544922 0.240234 0.003906 0.003906
2 0.909180 0.419922 0.181641 0.367188
2 0.811523 0.241211 0.009766 0.009766
2 0.807617 0.237305 0.001953 0.001953
2 0.899414 0.235352 0.001953 0.001953
2 0.891602 0.235352 0.001953 0.001953
2 0.782227 0.235352 0.001953 0.001953
2 0.805664 0.233398 0.001953 0.001953
2 0.791992 0.240234 0.021484 0.015625
2 0.538086 0.233398 0.001953 0.001953
3 0.979492 0.231445 0.001953 0.001953
2 0.913086 0.231445 0.001953 0.001953
2 0.727539 0.231445 0.001953 0.001953
2 0.520508 0.229492 0.001953 0.001953
2 0.745117 0.229492 0.005859 0.005859
2 0.922852 0.230469 0.013672 0.015625
2 0.521484 0.224609 0.003906 0.003906
2 0.827148 0.221680 0.001953 0.005859
2 0.530273 0.218750 0.001953 0.003906
2 0.870117 0.215820 0.001953 0.005859
2 0.564453 0.211914 0.003906 0.001953
2 0.543945 0.211914 0.001953 0.001953
2 0.863281 0.212891 0.003906 0.007812
3 0.993164 0.232422 0.013672 0.050781
2 0.747070 0.206055 0.001953 0.001953
2 0.864258 0.204102 0.001953 0.001953
2 0.676758 0.204102 0.001953 0.001953
2 0.577148 0.198242 0.001953 0.001953
2 0.877930 0.194336 0.001953 0.001953
2 0.863281 0.195312 0.003906 0.003906
2 0.780273 0.194336 0.001953 0.001953
2 0.873047 0.192383 0.003906 0.001953
2 0.877930 0.203125 0.021484 0.027344
2 0.684570 0.190430 0.001953 0.001953
2 0.884766 0.186523 0.003906 0.001953
2 0.812500 0.187500 0.003906 0.003906
2 0.661133 0.184570 0.001953 0.001953
2 0.760742 0.180664 0.001953 0.001953
2 0.756836 0.179688 0.001953 0.003906
2 0.885742 0.176758 0.001953 0.001953
2 0.674805 0.176758 0.001953 0.001953
2 0.670898 0.176758 0.001953 0.001953
2 0.665039 0.176758 0.001953 0.001953
2 0.776367 0.180664 0.017578 0.017578
2 0.620117 0.170898 0.001953 0.001953
2 0.655273 0.163086 0.001953 0.001953
2 0.635742 0.163086 0.001953 0.001953
2 0.575195 0.159180 0.001953 0.001953
2 0.657227 0.156250 0.001953 0.003906
2 0.538086 0.155273 0.001953 0.001953
2 0.555664 0.155273 0.001953 0.005859
2 0.675781 0.148438 0.003906 0.003906
2 0.658203 0.146484 0.003906 0.003906
2 0.032227 0.145508 0.001953 0.001953
2 0.059570 0.143555 0.001953 0.001953
2 0.881836 0.141602 0.001953 0.001953
2 0.026367 0.141602 0.001953 0.001953
2 0.657227 0.139648 0.001953 0.001953
2 0.561523 0.139648 0.001953 0.001953
2 0.661133 0.137695 0.001953 0.001953
2 0.778320 0.133789 0.001953 0.001953
2 0.772461 0.133789 0.001953 0.001953
2 0.667969 0.138672 0.015625 0.011719
2 0.666992 0.133789 0.001953 0.001953
2 0.663086 0.133789 0.001953 0.001953
2 0.059570 0.133789 0.001953 0.001953
2 0.083008 0.131836 0.001953 0.001953
2 0.070312 0.131836 0.003906 0.001953
2 0.063477 0.131836 0.001953 0.001953
2 0.562500 0.129883 0.003906 0.001953
2 0.080078 0.125977 0.011719 0.005859
2 0.775391 0.124023 0.003906 0.005859
2 0.526367 0.127930 0.021484 0.013672
2 0.514648 0.120117 0.001953 0.001953
2 0.672852 0.119141 0.005859 0.007812
2 0.066406 0.117188 0.007812 0.003906
2 0.645508 0.114258 0.001953 0.001953
2 0.613281 0.164062 0.105469 0.101562
2 0.781250 0.110352 0.003906 0.001953
2 0.532227 0.110352 0.001953 0.001953
2 0.776367 0.108398 0.001953 0.001953
2 0.666992 0.106445 0.001953 0.001953
2 0.778320 0.104492 0.001953 0.001953
2 0.050781 0.110352 0.011719 0.017578
2 0.780273 0.100586 0.001953 0.001953
2 0.053711 0.100586 0.001953 0.001953
2 0.776367 0.098633 0.001953 0.001953
2 0.772461 0.098633 0.001953 0.001953
2 0.803711 0.094727 0.001953 0.001953
2 0.640625 0.094727 0.003906 0.001953
2 0.366211 0.092773 0.001953 0.001953
2 0.829102 0.090820 0.001953 0.001953
2 0.817383 0.100586 0.013672 0.021484
2 0.362305 0.090820 0.001953 0.001953
2 0.500000 0.088867 0.003906 0.001953
2 0.893555 0.160156 0.212891 0.148438
2 0.846680 0.086914 0.001953 0.001953
2 0.495117 0.086914 0.001953 0.001953
2 0.801758 0.083008 0.001953 0.001953
2 0.836914 0.077148 0.001953 0.001953
2 0.116211 0.077148 0.001953 0.001953
3 0.797852 0.075195 0.001953 0.001953
2 0.075195 0.075195 0.001953 0.001953
2 0.020508 0.065430 0.001953 0.001953
2 0.632812 0.059570 0.003906 0.005859
2 0.620117 0.057617 0.001953 0.001953
2 0.080078 0.057617 0.003906 0.001953
2 0.000977 0.059570 0.001953 0.005859
2 0.643555 0.055664 0.001953 0.001953
2 0.109375 0.054688 0.003906 0.003906
2 0.009766 0.064453 0.011719 0.027344
2 0.047852 0.049805 0.001953 0.001953
2 0.055664 0.049805 0.005859 0.005859
2 0.092773 0.041016 0.001953 0.003906
2 0.024414 0.036133 0.001953 0.001953
2 0.909180 0.034180 0.001953 0.001953
2 0.657227 0.034180 0.001953 0.001953
2 0.092773 0.034180 0.001953 0.001953
2 0.042969 0.037109 0.007812 0.007812
2 0.706055 0.030273 0.001953 0.001953
2 0.383789 0.026367 0.001953 0.001953
2 0.022461 0.026367 0.001953 0.001953
2 0.943359 0.025391 0.003906 0.003906
2 0.147461 0.024414 0.001953 0.001953
2 0.940430 0.022461 0.001953 0.001953
2 0.000977 0.020508 0.001953 0.001953
2 0.684570 0.016602 0.001953 0.001953
2 0.643555 0.016602 0.001953 0.001953
2 0.678711 0.015625 0.001953 0.003906
2 0.639648 0.014648 0.001953 0.001953
2 0.688477 0.012695 0.001953 0.001953
2 0.674805 0.012695 0.001953 0.001953
2 0.114258 0.013672 0.005859 0.003906
2 0.034180 0.012695 0.001953 0.001953
2 0.051758 0.010742 0.001953 0.001953
2 0.729492 0.008789 0.005859 0.005859
2 0.005859 0.011719 0.011719 0.011719
2 0.690430 0.004883 0.001953 0.001953
2 0.114258 0.005859 0.005859 0.007812
2 0.990234 0.034180 0.019531 0.068359
2 0.932617 0.017578 0.041016 0.035156
2 0.699219 0.005859 0.007812 0.011719
2 0.481445 0.000977 0.001953 0.001953
2 0.500000 0.500000 1.000000 1.000000
2 0.127930 0.000977 0.001953 0.001953
2 0.065430 0.017578 0.087891 0.035156
2 0.024414 0.001953 0.005859 0.003906
2 0.016602 0.005859 0.013672 0.011719
2 0.003906 0.001953 0.007812 0.003906