2 0.043945 0.997070 0.009766 0.005859
2 0.549805 0.993164 0.001953 0.001953
2 0.677734 0.982422 0.003906 0.003906
2 0.641602 0.990234 0.068359 0.019531
2 0.948242 0.967773 0.001953 0.001953
2 0.016602 0.982422 0.033203 0.035156
2 0.987305 0.959961 0.001953 0.001953
2 0.995117 0.946289 0.001953 0.001953
2 0.906250 0.934570 0.003906 0.005859
2 0.635742 0.932617 0.001953 0.001953
2 0.645508 0.936523 0.009766 0.013672
2 0.025391 0.933594 0.007812 0.007812
2 0.635742 0.926758 0.001953 0.001953
2 0.835938 0.961914 0.187500 0.076172
2 0.756836 0.924805 0.009766 0.005859
2 0.645508 0.923828 0.009766 0.007812
2 0.997070 0.918945 0.001953 0.001953
2 0.917969 0.919922 0.011719 0.003906
2 0.633789 0.920898 0.001953 0.005859
2 0.192383 0.913086 0.001953 0.001953
2 0.166992 0.913086 0.001953 0.001953
2 0.998047 0.913086 0.003906 0.005859
2 0.401367 0.910156 0.001953 0.003906
2 0.405273 0.905273 0.001953 0.001953
2 0.741211 0.901367 0.001953 0.001953
2 0.959961 0.899414 0.001953 0.001953
2 0.958008 0.935547 0.072266 0.078125
2 0.964844 0.900391 0.003906 0.007812
2 0.995117 0.899414 0.009766 0.013672
2 0.636719 0.896484 0.007812 0.011719
2 0.911133 0.879883 0.001953 0.001953
2 0.856445 0.881836 0.005859 0.005859
2 0.626953 0.879883 0.007812 0.005859
2 0.911133 0.875977 0.001953 0.001953
2 0.878906 0.875000 0.003906 0.003906
2 0.874023 0.874023 0.001953 0.001953
2 0.786133 0.870117 0.001953 0.001953
2 0.708008 0.870117 0.001953 0.001953
2 0.743164 0.895508 0.056641 0.056641
2 0.784180 0.866211 0.001953 0.001953
2 0.791992 0.867188 0.005859 0.007812
2 0.733398 0.864258 0.001953 0.001953
2 0.692383 0.862305 0.001953 0.001953
2 0.137695 0.862305 0.001953 0.001953
2 0.729492 0.860352 0.001953 0.001953
2 0.729492 0.856445 0.001953 0.001953
2 0.131836 0.856445 0.001953 0.001953
2 0.795898 0.854492 0.001953 0.001953
2 0.725586 0.854492 0.001953 0.001953
2 0.797852 0.850586 0.001953 0.001953
2 0.874023 0.848633 0.001953 0.001953
2 0.027344 0.879883 0.054688 0.107422
2 0.171875 0.869141 0.074219 0.101562
2 0.521484 0.905273 0.167969 0.189453
2 0.569336 0.809570 0.001953 0.001953
2 0.561523 0.799805 0.001953 0.001953
2 0.250977 0.791992 0.001953 0.001953
2 0.221680 0.793945 0.009766 0.009766
2 0.930664 0.788086 0.001953 0.001953
2 0.538086 0.788086 0.001953 0.001953
2 0.252930 0.788086 0.001953 0.001953
2 0.221680 0.784180 0.001953 0.001953
2 0.995117 0.787109 0.009766 0.019531
2 0.520508 0.778320 0.001953 0.001953
2 0.993164 0.776367 0.001953 0.001953
2 0.621094 0.779297 0.003906 0.007812
2 0.514648 0.777344 0.001953 0.003906
2 0.620117 0.772461 0.001953 0.001953
2 0.551758 0.789062 0.044922 0.035156
2 0.556641 0.764648 0.003906 0.001953
2 0.181641 0.764648 0.003906 0.005859
2 0.532227 0.760742 0.001953 0.001953
2 0.569336 0.756836 0.001953 0.001953
2 0.640625 0.755859 0.003906 0.003906
2 0.557617 0.755859 0.013672 0.011719
2 0.565430 0.749023 0.001953 0.001953
2 0.202148 0.747070 0.001953 0.001953
2 0.237305 0.761719 0.037109 0.054688
2 0.206055 0.735352 0.001953 0.001953
2 0.858398 0.733398 0.001953 0.001953
2 0.649414 0.725586 0.001953 0.001953
2 0.859375 0.723633 0.003906 0.005859
2 0.620117 0.719727 0.001953 0.001953
2 0.197266 0.729492 0.019531 0.029297
2 0.000977 0.713867 0.001953 0.001953
2 0.676758 0.785156 0.099609 0.148438
2 0.436523 0.711914 0.001953 0.001953
2 0.500977 0.709961 0.001953 0.001953
2 0.399414 0.700195 0.001953 0.001953
2 0.846680 0.698242 0.001953 0.001953
2 0.396484 0.695312 0.003906 0.003906
2 0.866211 0.690430 0.001953 0.001953
2 0.727539 0.690430 0.001953 0.001953
2 0.900391 0.689453 0.003906 0.003906
2 0.479492 0.680664 0.001953 0.001953
2 0.502930 0.689453 0.021484 0.027344
2 0.490234 0.682617 0.015625 0.013672
2 0.706055 0.670898 0.001953 0.001953
2 0.901367 0.768555 0.197266 0.201172
2 0.766602 0.745117 0.076172 0.154297
2 0.891602 0.665039 0.001953 0.001953
2 0.442383 0.665039 0.001953 0.001953
2 0.999023 0.664062 0.001953 0.003906
2 0.999023 0.659180 0.001953 0.001953
2 0.749023 0.657227 0.001953 0.001953
2 0.742188 0.660156 0.007812 0.011719
2 0.696289 0.653320 0.001953 0.001953
2 0.338867 0.652344 0.001953 0.003906
2 0.208008 0.651367 0.001953 0.001953
2 0.693359 0.649414 0.003906 0.001953
2 0.663086 0.645508 0.001953 0.001953
2 0.775391 0.648438 0.015625 0.011719
2 0.780273 0.639648 0.001953 0.001953
2 0.195312 0.626953 0.003906 0.003906
2 0.172852 0.624023 0.001953 0.001953
2 0.663086 0.625977 0.005859 0.013672
2 0.005859 0.610352 0.011719 0.009766
2 0.405273 0.598633 0.001953 0.001953
2 0.220703 0.628906 0.089844 0.062500
2 0.185547 0.596680 0.007812 0.005859
2 0.180664 0.588867 0.001953 0.001953
2 0.432617 0.579102 0.001953 0.001953
2 0.926758 0.573242 0.001953 0.001953
2 0.178711 0.579102 0.009766 0.013672
2 0.740234 0.625000 0.109375 0.117188
2 0.678711 0.553711 0.001953 0.001953
2 0.753906 0.544922 0.023438 0.011719
2 0.685547 0.542969 0.019531 0.015625
2 0.700195 0.534180 0.001953 0.001953
2 0.239258 0.534180 0.001953 0.001953
2 0.670898 0.532227 0.001953 0.001953
2 0.719727 0.530273 0.001953 0.001953
2 0.709961 0.530273 0.001953 0.001953
2 0.230469 0.531250 0.003906 0.003906
2 0.665039 0.528320 0.001953 0.001953
2 0.217773 0.529297 0.001953 0.003906
2 0.238281 0.528320 0.007812 0.005859
2 0.834961 0.524414 0.001953 0.001953
2 0.665039 0.524414 0.001953 0.001953
2 0.679688 0.528320 0.015625 0.017578
2 0.549805 0.523438 0.009766 0.015625
2 0.886719 0.514648 0.007812 0.001953
2 0.749023 0.528320 0.044922 0.033203
2 0.686523 0.510742 0.001953 0.001953
2 0.036133 0.508789 0.001953 0.001953
2 0.662109 0.507812 0.003906 0.003906
2 0.028320 0.504883 0.005859 0.005859
2 0.775391 0.501953 0.011719 0.007812
2 0.287109 0.496094 0.011719 0.007812
2 0.031250 0.497070 0.019531 0.013672
2 0.937500 0.522461 0.035156 0.068359
2 0.408203 0.708984 0.242188 0.445312
2 0.956055 0.480469 0.001953 0.003906
2 0.808594 0.477539 0.003906 0.001953
2 0.065430 0.487305 0.048828 0.029297
2 0.477539 0.464844 0.001953 0.003906
2 0.514648 0.449219 0.013672 0.015625
2 0.480469 0.491211 0.132812 0.099609
2 0.693359 0.479492 0.062500 0.080078
2 0.034180 0.440430 0.001953 0.001953
2 0.997070 0.438477 0.001953 0.001953
2 0.940430 0.432617 0.001953 0.001953
2 0.780273 0.435547 0.009766 0.011719
2 0.694336 0.426758 0.001953 0.001953
2 0.663086 0.428711 0.005859 0.005859
2 0.690430 0.423828 0.001953 0.003906
2 0.685547 0.422852 0.003906 0.001953
2 0.456055 0.431641 0.017578 0.023438
2 0.212891 0.421875 0.003906 0.003906
2 0.764648 0.414062 0.001953 0.003906
2 0.469727 0.409180 0.001953 0.001953
2 0.252930 0.409180 0.001953 0.001953
2 0.249023 0.405273 0.001953 0.001953
2 0.483398 0.422852 0.044922 0.041016
2 0.245117 0.401367 0.001953 0.001953
2 0.237305 0.401367 0.005859 0.005859
2 0.719727 0.397461 0.001953 0.001953
2 0.233398 0.395508 0.001953 0.001953
2 0.573242 0.393555 0.001953 0.001953
2 0.715820 0.387695 0.001953 0.001953
2 0.925781 0.387695 0.003906 0.005859
2 0.529297 0.390625 0.023438 0.015625
2 0.715820 0.377930 0.001953 0.001953
2 0.392578 0.375000 0.003906 0.003906
2 0.336914 0.374023 0.001953 0.001953
2 0.388672 0.371094 0.003906 0.003906
2 0.075195 0.370117 0.001953 0.001953
2 0.397461 0.368164 0.001953 0.001953
2 0.338867 0.367188 0.005859 0.015625
2 0.917969 0.358398 0.003906 0.005859
2 0.708008 0.355469 0.005859 0.003906
2 0.717773 0.350586 0.001953 0.001953
2 0.128906 0.352539 0.003906 0.005859
2 0.387695 0.349609 0.001953 0.003906
2 0.467773 0.347656 0.001953 0.003906
2 0.381836 0.342773 0.001953 0.001953
2 0.532227 0.340820 0.001953 0.001953
2 0.333008 0.334961 0.001953 0.001953
2 0.396484 0.334961 0.003906 0.005859
2 0.383789 0.333008 0.001953 0.001953
2 0.702148 0.323242 0.001953 0.001953
2 0.374023 0.315430 0.001953 0.001953
2 0.904297 0.499023 0.191406 0.373047
2 0.332031 0.314453 0.003906 0.003906
2 0.916016 0.313477 0.003906 0.005859
2 0.419922 0.313477 0.003906 0.005859
2 0.921875 0.307617 0.003906 0.001953
2 0.108398 0.307617 0.001953 0.001953
2 0.846680 0.303711 0.001953 0.001953
2 0.209961 0.296875 0.001953 0.003906
2 0.132812 0.320312 0.039062 0.050781
2 0.671875 0.365234 0.234375 0.164062
2 0.440430 0.287109 0.005859 0.007812
2 0.436523 0.282227 0.001953 0.001953
2 0.663086 0.278320 0.001953 0.001953
2 0.547852 0.280273 0.005859 0.005859
2 0.825195 0.302734 0.044922 0.062500
2 0.211914 0.272461 0.001953 0.001953
2 0.672852 0.270508 0.001953 0.001953
2 0.203125 0.270508 0.003906 0.005859
2 0.695312 0.261719 0.003906 0.003906
2 0.240234 0.253906 0.003906 0.003906
2 0.463867 0.250977 0.001953 0.001953
2 0.770508 0.249023 0.001953 0.001953
2 0.534180 0.248047 0.001953 0.003906
2 0.102539 0.245117 0.001953 0.001953
2 0.533203 0.242188 0.003906 0.003906
2 0.631836 0.236328 0.005859 0.007812
2 0.692383 0.231445 0.001953 0.001953
2 0.444336 0.231445 0.001953 0.001953
2 0.694336 0.252930 0.033203 0.048828
2 0.428711 0.229492 0.001953 0.001953
2 0.417969 0.230469 0.003906 0.003906
2 0.631836 0.225586 0.001953 0.001953
2 0.901367 0.223633 0.001953 0.001953
2 0.454102 0.224609 0.001953 0.003906
2 0.894531 0.223633 0.007812 0.009766
2 0.488281 0.292969 0.089844 0.148438
2 0.887695 0.217773 0.001953 0.001953
2 0.188477 0.215820 0.001953 0.001953
2 0.893555 0.214844 0.001953 0.003906
2 0.590820 0.211914 0.001953 0.001953
2 0.752930 0.224609 0.041016 0.031250
2 0.932617 0.206055 0.001953 0.001953
2 0.620117 0.181641 0.005859 0.007812
2 0.881836 0.193359 0.029297 0.035156
2 0.999023 0.173828 0.001953 0.003906
2 0.882812 0.171875 0.003906 0.003906
2 0.222656 0.170898 0.003906 0.001953
2 0.333008 0.159180 0.001953 0.001953
2 0.327148 0.155273 0.001953 0.001953
2 0.727539 0.147461 0.001953 0.001953
2 0.768555 0.145508 0.001953 0.001953
2 0.003906 0.142578 0.003906 0.003906
2 0.884766 0.138672 0.003906 0.003906
2 0.262695 0.308594 0.361328 0.347656
2 0.307617 0.134766 0.001953 0.003906
2 0.881836 0.131836 0.001953 0.001953
2 0.358398 0.129883 0.001953 0.001953
2 0.960938 0.274414 0.078125 0.302734
2 0.208984 0.143555 0.042969 0.041016
2 0.851562 0.122070 0.003906 0.001953
2 0.946289 0.122070 0.005859 0.005859
2 0.868164 0.118164 0.001953 0.001953
2 0.288086 0.118164 0.001953 0.001953
2 0.004883 0.125977 0.009766 0.017578
2 0.571289 0.116211 0.001953 0.001953
2 0.530273 0.115234 0.001953 0.003906
2 0.911133 0.109375 0.001953 0.003906
2 0.545898 0.108398 0.001953 0.001953
2 0.537109 0.111328 0.003906 0.007812
2 0.973633 0.106445 0.001953 0.001953
2 0.583008 0.201172 0.146484 0.191406
2 0.494141 0.095703 0.003906 0.003906
2 0.139648 0.100586 0.025391 0.013672
2 0.381836 0.084961 0.001953 0.001953
2 0.146484 0.085938 0.003906 0.007812
2 0.369141 0.082031 0.007812 0.007812
2 0.397461 0.073242 0.001953 0.001953
2 0.392578 0.072266 0.003906 0.003906
2 0.385742 0.071289 0.001953 0.001953
2 0.948242 0.069336 0.001953 0.001953
2 0.903320 0.066406 0.001953 0.003906
2 0.898438 0.063477 0.003906 0.005859
2 0.028320 0.059570 0.001953 0.001953
2 0.014648 0.062500 0.005859 0.007812
2 0.963867 0.057617 0.001953 0.001953
2 0.004883 0.062500 0.009766 0.011719
2 0.970703 0.056641 0.003906 0.003906
2 0.459961 0.055664 0.001953 0.001953
2 0.974609 0.052734 0.003906 0.003906
2 0.157227 0.059570 0.013672 0.021484
2 0.993164 0.043945 0.001953 0.001953
2 0.026367 0.050781 0.025391 0.015625
2 0.154297 0.042969 0.003906 0.003906
2 0.119141 0.043945 0.019531 0.021484
2 0.317383 0.030273 0.001953 0.001953
2 0.325195 0.028320 0.001953 0.001953
2 0.061523 0.042969 0.021484 0.035156
2 0.315430 0.024414 0.001953 0.001953
2 0.084961 0.020508 0.001953 0.001953
2 0.083008 0.015625 0.001953 0.003906
2 0.608398 0.006836 0.001953 0.001953
2 0.614258 0.007812 0.005859 0.007812
2 0.311523 0.004883 0.001953 0.001953
2 0.276367 0.004883 0.001953 0.001953
2 0.626953 0.003906 0.007812 0.003906
2 0.261719 0.011719 0.015625 0.019531
2 0.958008 0.030273 0.068359 0.060547
2 0.859375 0.065430 0.101562 0.130859
2 0.715820 0.077148 0.142578 0.154297
2 0.598633 0.002930 0.013672 0.005859
2 0.520508 0.049805 0.212891 0.099609
2 0.380859 0.108398 0.214844 0.216797
2 0.236328 0.001953 0.007812 0.003906
2 0.130859 0.018555 0.046875 0.037109
3 0.596680 0.997070 0.001953 0.001953
3 0.668945 0.993164 0.001953 0.001953
3 0.918945 0.989258 0.001953 0.001953
3 0.010742 0.983398 0.001953 0.001953
3 0.889648 0.944336 0.001953 0.001953
3 0.850586 0.941406 0.005859 0.003906
3 0.889648 0.850586 0.001953 0.001953
3 0.038086 0.846680 0.001953 0.001953
3 0.901367 0.838867 0.001953 0.001953
3 0.884766 0.836914 0.003906 0.001953
3 0.908203 0.833008 0.007812 0.005859
3 0.883789 0.821289 0.001953 0.001953
3 0.922852 0.748047 0.001953 0.003906
3 0.918945 0.706055 0.001953 0.001953
3 0.933594 0.698242 0.003906 0.001953
3 0.975586 0.686523 0.001953 0.001953
3 0.881836 0.631836 0.001953 0.005859
3 0.996094 0.621094 0.003906 0.003906
3 0.924805 0.584961 0.001953 0.001953
3 0.905273 0.578125 0.001953 0.011719
3 0.833984 0.564453 0.003906 0.003906
3 0.860352 0.506836 0.001953 0.001953
3 0.920898 0.446289 0.001953 0.001953
3 0.925781 0.444336 0.007812 0.005859
3 0.827148 0.407227 0.001953 0.001953
3 0.828125 0.388672 0.003906 0.003906
3 0.911133 0.363281 0.001953 0.003906
3 0.913086 0.340820 0.001953 0.001953
3 0.979492 0.334961 0.001953 0.001953
3 0.978516 0.323242 0.003906 0.005859
3 0.958008 0.299805 0.001953 0.001953
3 0.990234 0.311523 0.019531 0.041016
3 0.944336 0.213867 0.001953 0.001953
3 0.999023 0.186523 0.001953 0.001953
3 0.885742 0.104492 0.009766 0.005859
3 0.879883 0.093750 0.001953 0.003906
3 0.885742 0.086914 0.005859 0.005859
3 0.880859 0.068359 0.003906 0.003906
3 0.881836 0.059570 0.005859 0.009766
3 0.858398 0.053711 0.001953 0.001953
3 0.649414 0.045898 0.001953 0.001953
3 0.889648 0.041992 0.001953 0.001953
3 0.975586 0.040039 0.001953 0.001953
3 0.571289 0.036133 0.001953 0.001953
3 0.583008 0.031250 0.005859 0.003906
3 0.768555 0.026367 0.001953 0.001953
3 0.819336 0.000977 0.001953 0.001953
3 0.679688 0.000977 0.003906 0.001953
3 0.147461 0.000977 0.001953 0.001953
3 0.500000 0.500000 1.000000 1.000000