1 0.999023 0.791992 0.001953 0.005859
1 0.999023 0.784180 0.001953 0.005859
1 0.500000 0.500000 1.000000 1.000000
3 0.842773 0.999023 0.001953 0.001953
3 0.359375 0.999023 0.003906 0.001953
3 0.060547 0.999023 0.007812 0.001953
3 0.828125 0.997070 0.007812 0.005859
3 0.846680 0.993164 0.001953 0.001953
3 0.831055 0.991211 0.001953 0.001953
2 0.811523 0.992188 0.021484 0.011719
2 0.722656 0.987305 0.003906 0.001953
3 0.641602 0.993164 0.021484 0.013672
3 0.494141 0.993164 0.015625 0.013672
3 0.225586 0.985352 0.005859 0.005859
3 0.923828 0.987305 0.054688 0.013672
3 0.080078 0.985352 0.015625 0.009766
3 0.950195 0.979492 0.005859 0.005859
3 0.362305 0.977539 0.001953 0.001953
3 0.599609 0.987305 0.015625 0.025391
2 0.312500 0.976562 0.003906 0.003906
3 0.711914 0.981445 0.013672 0.017578
3 0.369141 0.974609 0.003906 0.007812
3 0.363281 0.971680 0.003906 0.001953
3 0.757812 0.984375 0.042969 0.031250
3 0.909180 0.968750 0.009766 0.003906
2 0.724609 0.969727 0.003906 0.005859
3 0.756836 0.963867 0.005859 0.005859
3 0.851562 0.960938 0.003906 0.003906
2 0.825195 0.959961 0.001953 0.001953
3 0.470703 0.960938 0.003906 0.003906
3 0.035156 0.975586 0.035156 0.037109
3 0.518555 0.960938 0.017578 0.019531
3 0.789062 0.964844 0.050781 0.031250
2 0.383789 0.953125 0.013672 0.007812
2 0.787109 0.947266 0.011719 0.003906
3 0.666992 0.949219 0.001953 0.007812
3 0.108398 0.955078 0.080078 0.019531
3 0.735352 0.951172 0.037109 0.019531
3 0.693359 0.970703 0.039062 0.058594
3 0.893555 0.932617 0.001953 0.001953
3 0.310547 0.933594 0.015625 0.007812
2 0.891602 0.928711 0.001953 0.001953
2 0.726562 0.931641 0.007812 0.007812
2 0.502930 0.926758 0.001953 0.001953
3 0.785156 0.931641 0.015625 0.015625
3 0.139648 0.923828 0.005859 0.003906
3 0.733398 0.917969 0.001953 0.003906
2 0.707031 0.918945 0.003906 0.005859
2 0.582031 0.914062 0.003906 0.003906
2 0.503906 0.917969 0.007812 0.011719
2 0.904297 0.911133 0.003906 0.005859
3 0.751953 0.921875 0.027344 0.031250
3 0.057617 0.924805 0.013672 0.037109
2 0.893555 0.909180 0.005859 0.009766
2 0.849609 0.945312 0.066406 0.085938
2 0.484375 0.925781 0.078125 0.046875
2 0.912109 0.902344 0.003906 0.003906
2 0.480469 0.896484 0.003906 0.003906
3 0.015625 0.908203 0.027344 0.027344
3 0.963867 0.894531 0.005859 0.007812
3 0.985352 0.895508 0.013672 0.013672
2 0.833984 0.897461 0.015625 0.021484
2 0.493164 0.895508 0.017578 0.017578
3 0.013672 0.888672 0.003906 0.003906
3 0.960938 0.886719 0.007812 0.011719
3 0.797852 0.875977 0.001953 0.001953
3 0.795898 0.871094 0.001953 0.003906
3 0.658203 0.876953 0.019531 0.015625
2 0.096680 0.870117 0.001953 0.001953
2 0.841797 0.870117 0.007812 0.005859
3 0.943359 0.888672 0.023438 0.046875
3 0.872070 0.874023 0.029297 0.021484
3 0.920898 0.860352 0.001953 0.001953
2 0.196289 0.859375 0.001953 0.003906
3 0.477539 0.865234 0.013672 0.019531
3 0.824219 0.865234 0.019531 0.023438
3 0.159180 0.907227 0.318359 0.111328
2 0.836914 0.851562 0.005859 0.003906
2 0.057617 0.853516 0.009766 0.011719
3 0.985352 0.852539 0.013672 0.013672
3 0.762695 0.857422 0.017578 0.027344
2 0.085938 0.853516 0.027344 0.019531
3 0.997070 0.844727 0.005859 0.009766
2 0.061523 0.840820 0.001953 0.001953
3 0.938477 0.849609 0.025391 0.023438
2 0.720703 0.843750 0.011719 0.015625
3 0.546875 0.837891 0.007812 0.003906
2 0.002930 0.831055 0.005859 0.001953
3 0.675781 0.834961 0.015625 0.013672
3 0.659180 0.844727 0.013672 0.041016
2 0.041016 0.826172 0.003906 0.003906
3 0.123047 0.826172 0.003906 0.007812
3 0.794922 0.816406 0.007812 0.011719
2 0.159180 0.812500 0.009766 0.003906
2 0.521484 0.821289 0.011719 0.025391
3 0.586914 0.807617 0.001953 0.001953
2 0.338867 0.807617 0.001953 0.001953
2 0.081055 0.804688 0.005859 0.003906
3 0.138672 0.829102 0.015625 0.056641
2 0.050781 0.801758 0.003906 0.001953
3 0.983398 0.806641 0.013672 0.015625
2 0.219727 0.810547 0.021484 0.023438
3 0.070312 0.800781 0.003906 0.003906
2 0.055664 0.799805 0.001953 0.001953
2 0.733398 0.799805 0.005859 0.005859
3 0.556641 0.818359 0.015625 0.042969
2 0.059570 0.797852 0.001953 0.001953
3 0.882812 0.808594 0.011719 0.027344
2 0.493164 0.865234 0.115234 0.140625
2 0.083008 0.811523 0.076172 0.033203
3 0.929688 0.791992 0.003906 0.001953
3 0.757812 0.812500 0.019531 0.042969
2 0.035156 0.792969 0.011719 0.007812
2 0.002930 0.788086 0.005859 0.009766
3 0.835938 0.787109 0.007812 0.011719
2 0.278320 0.784180 0.009766 0.005859
3 0.840820 0.780273 0.001953 0.001953
3 0.815430 0.793945 0.037109 0.029297
2 0.515625 0.777344 0.003906 0.003906
2 0.942383 0.766602 0.001953 0.001953
3 0.603516 0.780273 0.062500 0.033203
3 0.040039 0.764648 0.001953 0.001953
3 0.546875 0.784180 0.050781 0.048828
3 0.602539 0.758789 0.001953 0.005859
3 0.418945 0.776367 0.029297 0.041016
2 0.804688 0.754883 0.003906 0.001953
2 0.735352 0.755859 0.005859 0.003906
3 0.207031 0.768555 0.046875 0.029297
2 0.772461 0.754883 0.009766 0.005859
3 0.663086 0.760742 0.009766 0.017578
3 0.496094 0.759766 0.015625 0.015625
2 0.800781 0.750977 0.003906 0.005859
3 0.619141 0.874023 0.144531 0.251953
2 0.873047 0.750977 0.007812 0.009766
3 0.293945 0.748047 0.005859 0.003906
2 0.923828 0.746094 0.007812 0.003906
3 0.541992 0.745117 0.001953 0.001953
2 0.939453 0.744141 0.007812 0.007812
3 0.332031 0.743164 0.007812 0.009766
2 0.757812 0.744141 0.031250 0.015625
3 0.654297 0.742188 0.007812 0.011719
2 0.413086 0.742188 0.021484 0.015625
3 0.571289 0.734375 0.009766 0.007812
3 0.541992 0.731445 0.001953 0.001953
2 0.240234 0.741211 0.027344 0.021484
3 0.192383 0.735352 0.009766 0.009766
2 0.183594 0.795898 0.105469 0.130859
2 0.861328 0.733398 0.007812 0.009766
2 0.848633 0.733398 0.009766 0.009766
3 0.328125 0.731445 0.007812 0.005859
2 0.025391 0.739258 0.019531 0.021484
3 0.905273 0.803711 0.130859 0.162109
3 0.887695 0.725586 0.021484 0.009766
3 0.288086 0.722656 0.005859 0.003906
2 0.773438 0.724609 0.023438 0.011719
2 0.069336 0.723633 0.005859 0.009766
3 0.889648 0.717773 0.001953 0.001953
3 0.153320 0.730469 0.025391 0.027344
3 0.702148 0.777344 0.119141 0.125000
3 0.775391 0.715820 0.015625 0.005859
2 0.248047 0.718750 0.023438 0.011719
3 0.212891 0.718750 0.015625 0.011719
3 0.995117 0.718750 0.009766 0.015625
3 0.828125 0.716797 0.019531 0.019531
3 0.782227 0.706055 0.001953 0.001953
3 0.184570 0.708984 0.005859 0.007812
3 0.000977 0.707031 0.001953 0.003906
2 0.943359 0.708008 0.007812 0.009766
3 0.464844 0.727539 0.066406 0.048828
2 0.246094 0.705078 0.003906 0.003906
3 0.381836 0.705078 0.009766 0.007812
3 0.336914 0.708008 0.017578 0.013672
2 0.061523 0.705078 0.009766 0.011719
2 0.023438 0.712891 0.046875 0.039062
3 0.769531 0.698242 0.027344 0.017578
3 0.579102 0.692383 0.013672 0.005859
3 0.370117 0.696289 0.017578 0.013672
2 0.007812 0.695312 0.015625 0.019531
2 0.573242 0.685547 0.001953 0.003906
2 0.033203 0.687500 0.007812 0.007812
2 0.238281 0.684570 0.007812 0.005859
3 0.270508 0.691406 0.029297 0.023438
3 0.664062 0.682617 0.007812 0.009766
3 0.176758 0.687500 0.056641 0.019531
3 0.901367 0.675781 0.005859 0.003906
3 0.069336 0.678711 0.005859 0.009766
3 0.629883 0.674805 0.009766 0.005859
3 0.584961 0.673828 0.013672 0.011719
3 0.434570 0.674805 0.029297 0.013672
3 0.997070 0.669922 0.005859 0.011719
3 0.708984 0.671875 0.007812 0.015625
2 0.365234 0.662109 0.003906 0.003906
2 0.342773 0.662109 0.005859 0.003906
2 0.025391 0.666016 0.019531 0.015625
3 0.981445 0.657227 0.005859 0.005859
3 0.785156 0.664062 0.019531 0.019531
2 0.208008 0.654297 0.001953 0.003906
3 0.999023 0.649414 0.001953 0.001953
3 0.613281 0.653320 0.011719 0.009766
3 0.479492 0.653320 0.009766 0.009766
3 0.250000 0.662109 0.062500 0.031250
3 0.853516 0.649414 0.007812 0.009766
3 0.109375 0.650391 0.007812 0.011719
3 0.850586 0.641602 0.001953 0.001953
2 0.342773 0.643555 0.005859 0.005859
3 0.711914 0.639648 0.009766 0.005859
3 0.570312 0.637695 0.003906 0.005859
3 0.989258 0.638672 0.021484 0.011719
3 0.407227 0.807617 0.326172 0.353516
2 0.355469 0.635742 0.015625 0.013672
3 0.828125 0.632812 0.011719 0.011719
3 0.250000 0.630859 0.011719 0.007812
2 0.358398 0.624023 0.001953 0.001953
3 0.220703 0.626953 0.007812 0.007812
3 0.492188 0.625000 0.003906 0.007812
3 0.858398 0.625000 0.013672 0.011719
3 0.241211 0.621094 0.005859 0.003906
3 0.864258 0.618164 0.001953 0.001953
3 0.723633 0.623047 0.013672 0.011719
3 0.566406 0.625000 0.007812 0.015625
2 0.000977 0.617188 0.001953 0.003906
3 0.626953 0.615234 0.011719 0.007812
3 0.906250 0.610352 0.011719 0.005859
3 0.411133 0.611328 0.005859 0.007812
3 0.079102 0.608398 0.001953 0.001953
2 0.370117 0.617188 0.013672 0.023438
3 0.525391 0.625000 0.031250 0.054688
2 0.376953 0.598633 0.003906 0.009766
3 0.661133 0.595703 0.005859 0.007812
3 0.153320 0.627930 0.013672 0.076172
3 0.850586 0.598633 0.013672 0.021484
3 0.310547 0.588867 0.003906 0.005859
3 0.861328 0.585938 0.003906 0.003906
2 0.985352 0.600586 0.029297 0.041016
3 0.272461 0.583984 0.009766 0.007812
3 0.963867 0.691406 0.072266 0.226562
3 0.382812 0.581055 0.003906 0.005859
2 0.905273 0.575195 0.001953 0.001953
3 0.848633 0.578125 0.017578 0.011719
3 0.655273 0.573242 0.001953 0.001953
2 0.998047 0.577148 0.003906 0.013672
3 0.822266 0.577148 0.011719 0.013672
3 0.469727 0.581055 0.017578 0.025391
2 0.373047 0.578125 0.007812 0.023438
3 0.397461 0.565430 0.005859 0.005859
3 0.887695 0.564453 0.009766 0.011719
3 0.860352 0.565430 0.009766 0.013672
3 0.907227 0.559570 0.005859 0.005859
3 0.503906 0.563477 0.019531 0.013672
3 0.089844 0.562500 0.007812 0.011719
3 0.813477 0.563477 0.021484 0.017578
3 0.849609 0.556641 0.007812 0.007812
3 0.625977 0.554688 0.005859 0.003906
3 0.480469 0.557617 0.011719 0.009766
3 0.443359 0.583008 0.035156 0.060547
3 0.345703 0.581055 0.019531 0.056641
3 0.291992 0.555664 0.005859 0.005859
3 0.765625 0.552734 0.007812 0.003906
3 0.201172 0.554688 0.007812 0.007812
3 0.817383 0.549805 0.001953 0.001953
3 0.670898 0.585938 0.025391 0.074219
3 0.067383 0.572266 0.025391 0.046875
3 0.661133 0.545898 0.001953 0.001953
2 0.928711 0.557617 0.017578 0.029297
3 0.557617 0.567383 0.033203 0.052734
3 0.019531 0.543945 0.003906 0.005859
3 0.455078 0.537109 0.003906 0.003906
3 0.264648 0.537109 0.001953 0.003906
3 0.492188 0.543945 0.019531 0.021484
3 0.072266 0.535156 0.027344 0.007812
3 0.294922 0.537109 0.015625 0.019531
2 0.661133 0.526367 0.001953 0.001953
3 0.743164 0.529297 0.009766 0.011719
3 0.123047 0.531250 0.011719 0.015625
2 0.673828 0.527344 0.019531 0.015625
3 0.326172 0.548828 0.085938 0.058594
3 0.552734 0.522461 0.011719 0.009766
3 0.765625 0.521484 0.011719 0.011719
3 0.689453 0.515625 0.003906 0.003906
2 0.643555 0.515625 0.001953 0.003906
3 0.875000 0.513672 0.019531 0.007812
3 0.860352 0.510742 0.001953 0.001953
3 0.774414 0.511719 0.001953 0.003906
2 0.309570 0.509766 0.005859 0.003906
3 0.165039 0.508789 0.005859 0.005859
3 0.895508 0.504883 0.001953 0.001953
2 0.672852 0.506836 0.009766 0.005859
3 0.382812 0.509766 0.023438 0.019531
3 0.224609 0.502930 0.007812 0.005859
3 0.786133 0.499023 0.001953 0.001953
2 0.281250 0.500977 0.007812 0.009766
3 0.910156 0.504883 0.019531 0.021484
3 0.805664 0.507812 0.033203 0.027344
3 0.426758 0.497070 0.013672 0.009766
3 0.744141 0.498047 0.019531 0.019531
2 0.293945 0.487305 0.001953 0.001953
3 0.904297 0.488281 0.015625 0.007812
2 0.786133 0.486328 0.001953 0.003906
3 0.881836 0.486328 0.005859 0.007812
3 0.767578 0.485352 0.007812 0.005859
3 0.948242 0.489258 0.017578 0.017578
2 0.306641 0.489258 0.027344 0.025391
3 0.962891 0.473633 0.003906 0.005859
3 0.221680 0.492188 0.072266 0.042969
3 0.875977 0.470703 0.005859 0.003906
2 0.796875 0.471680 0.003906 0.013672
3 0.007812 0.468750 0.007812 0.007812
3 0.916992 0.463867 0.009766 0.005859
3 0.036133 0.465820 0.009766 0.009766
2 0.333008 0.485352 0.017578 0.052734
3 0.008789 0.458984 0.009766 0.007812
3 0.457031 0.457031 0.011719 0.007812
3 0.523438 0.462891 0.031250 0.027344
3 0.514648 0.451172 0.005859 0.007812
3 0.110352 0.474609 0.185547 0.082031
3 0.873047 0.433594 0.003906 0.007812
3 0.777344 0.435547 0.011719 0.011719
2 0.077148 0.428711 0.001953 0.001953
3 0.920898 0.427734 0.005859 0.007812
3 0.571289 0.430664 0.021484 0.013672
2 0.426758 0.425781 0.001953 0.003906
3 0.869141 0.424805 0.003906 0.005859
3 0.707031 0.424805 0.007812 0.009766
3 0.589844 0.421875 0.003906 0.003906
2 0.426758 0.420898 0.001953 0.001953
3 0.975586 0.418945 0.001953 0.001953
3 0.583984 0.419922 0.003906 0.003906
3 0.956055 0.424805 0.033203 0.017578
3 0.913086 0.418945 0.005859 0.013672
2 0.469727 0.417969 0.005859 0.011719
2 0.163086 0.414062 0.001953 0.003906
3 0.943359 0.410156 0.011719 0.003906
3 0.723633 0.413086 0.009766 0.013672
3 0.979492 0.407227 0.005859 0.005859
3 0.960938 0.407227 0.015625 0.013672
2 0.611328 0.413086 0.023438 0.029297
3 0.558594 0.402344 0.007812 0.007812
3 0.974609 0.395508 0.011719 0.005859
3 0.818359 0.400391 0.050781 0.015625
2 0.424805 0.398438 0.009766 0.011719
3 0.326172 0.396484 0.011719 0.011719
2 0.766602 0.391602 0.013672 0.009766
3 0.986328 0.383789 0.003906 0.001953
2 0.648438 0.383789 0.003906 0.001953
3 0.338867 0.381836 0.005859 0.009766
3 0.154297 0.386719 0.011719 0.023438
3 0.088867 0.383789 0.009766 0.017578
3 0.260742 0.381836 0.044922 0.017578
2 0.741211 0.374023 0.009766 0.005859
2 0.650391 0.374023 0.011719 0.005859
2 0.411133 0.374023 0.001953 0.005859
2 0.396484 0.375000 0.003906 0.007812
3 0.469727 0.383789 0.013672 0.033203
3 0.440430 0.366211 0.001953 0.001953
2 0.429688 0.373047 0.015625 0.015625
3 0.877930 0.365234 0.005859 0.007812
3 0.123047 0.372070 0.031250 0.025391
2 0.419922 0.359375 0.003906 0.007812
3 0.728516 0.358398 0.015625 0.021484
3 0.622070 0.349609 0.001953 0.003906
3 0.795898 0.348633 0.005859 0.005859
2 0.443359 0.353516 0.011719 0.015625
3 0.708984 0.350586 0.007812 0.013672
3 0.634766 0.356445 0.042969 0.029297
3 0.460938 0.342773 0.003906 0.009766
3 0.737305 0.341797 0.013672 0.011719
3 0.255859 0.351562 0.031250 0.035156
3 0.756836 0.329102 0.001953 0.001953
3 0.719727 0.332031 0.013672 0.011719
3 0.927734 0.328125 0.007812 0.011719
3 0.389648 0.339844 0.037109 0.042969
3 0.176758 0.325195 0.009766 0.013672
3 0.746094 0.322266 0.011719 0.011719
3 0.942383 0.314453 0.001953 0.003906
3 0.318359 0.377930 0.109375 0.130859
3 0.777344 0.322266 0.019531 0.023438
3 0.713867 0.315430 0.009766 0.013672
3 0.280273 0.309570 0.001953 0.005859
3 0.936523 0.307617 0.005859 0.005859
3 0.528320 0.311523 0.013672 0.017578
3 0.225586 0.313477 0.017578 0.021484
3 0.127930 0.304688 0.005859 0.007812
3 0.333984 0.305664 0.023438 0.017578
3 0.826172 0.297852 0.011719 0.005859
3 0.768555 0.299805 0.009766 0.009766
3 0.038086 0.311523 0.041016 0.037109
3 0.268555 0.302734 0.013672 0.031250
2 0.686523 0.276367 0.001953 0.001953
3 0.307617 0.279297 0.005859 0.007812
2 0.678711 0.276367 0.005859 0.005859
3 0.393555 0.290039 0.033203 0.037109
2 0.554688 0.269531 0.027344 0.015625
3 0.184570 0.267578 0.013672 0.011719
3 0.615234 0.253906 0.031250 0.015625
2 0.574219 0.250000 0.003906 0.007812
3 0.809570 0.250977 0.013672 0.013672
3 0.774414 0.253906 0.037109 0.019531
3 0.668945 0.257812 0.068359 0.027344
3 0.421875 0.250000 0.015625 0.011719
3 0.756836 0.242188 0.005859 0.003906
3 0.294922 0.241211 0.011719 0.013672
2 0.573242 0.235352 0.005859 0.009766
3 0.995117 0.237305 0.009766 0.017578
3 0.199219 0.231445 0.011719 0.013672
2 0.016602 0.226562 0.005859 0.007812
3 0.509766 0.225586 0.015625 0.009766
3 0.740234 0.228516 0.019531 0.019531
2 0.714844 0.230469 0.019531 0.035156
2 0.039062 0.215820 0.003906 0.005859
3 0.452148 0.221680 0.025391 0.025391
3 0.884766 0.212891 0.031250 0.015625
3 0.424805 0.208008 0.009766 0.009766
3 0.084961 0.204102 0.001953 0.001953
2 0.761719 0.210938 0.019531 0.019531
3 0.055664 0.211914 0.029297 0.029297
3 0.986328 0.197266 0.003906 0.003906
3 0.639648 0.197266 0.005859 0.003906
2 0.335938 0.187500 0.015625 0.007812
3 0.567383 0.191406 0.041016 0.027344
2 0.758789 0.180664 0.005859 0.009766
3 0.498047 0.186523 0.011719 0.021484
3 0.880859 0.179688 0.007812 0.011719
2 0.746094 0.177734 0.011719 0.007812
3 0.728516 0.181641 0.011719 0.015625
3 0.087891 0.174805 0.003906 0.001953
3 0.989258 0.172852 0.009766 0.005859
3 0.154297 0.177734 0.035156 0.015625
3 0.503906 0.164062 0.003906 0.003906
3 0.083984 0.166016 0.007812 0.007812
2 0.743164 0.163086 0.005859 0.005859
3 0.442383 0.173828 0.052734 0.027344
3 0.196289 0.169922 0.041016 0.019531
3 0.595703 0.168945 0.027344 0.029297
2 0.204102 0.155273 0.005859 0.001953
3 0.123047 0.155273 0.007812 0.009766
3 0.939453 0.150391 0.003906 0.003906
3 0.724609 0.154297 0.011719 0.011719
3 0.911133 0.151367 0.005859 0.009766
3 0.553711 0.155273 0.013672 0.017578
3 0.256836 0.147461 0.001953 0.001953
3 0.032227 0.152344 0.013672 0.011719
2 0.185547 0.146484 0.003906 0.003906
3 0.634766 0.144531 0.003906 0.003906
3 0.141602 0.142578 0.001953 0.003906
3 0.960938 0.139648 0.007812 0.009766
2 0.534180 0.141602 0.017578 0.021484
3 0.128906 0.137695 0.015625 0.017578
2 0.161133 0.127930 0.005859 0.001953
3 0.774414 0.127930 0.005859 0.005859
3 0.760742 0.149414 0.013672 0.048828
3 0.506836 0.127930 0.013672 0.005859
2 0.577148 0.138672 0.013672 0.031250
2 0.549805 0.124023 0.001953 0.001953
2 0.126953 0.123047 0.007812 0.007812
2 0.365234 0.120117 0.003906 0.005859
3 0.383789 0.120117 0.017578 0.013672
3 0.403320 0.113281 0.021484 0.007812
2 0.143555 0.104492 0.009766 0.001953
2 0.418945 0.102539 0.001953 0.001953
2 0.355469 0.103516 0.003906 0.003906
2 0.441406 0.102539 0.003906 0.005859
2 0.058594 0.107422 0.007812 0.019531
3 0.301758 0.102539 0.013672 0.013672
3 0.320312 0.097656 0.019531 0.007812
3 0.780273 0.105469 0.056641 0.031250
2 0.416016 0.095703 0.007812 0.011719
3 0.518555 0.091797 0.009766 0.011719
2 0.045898 0.095703 0.013672 0.019531
3 0.240234 0.079102 0.003906 0.001953
3 0.254883 0.087891 0.021484 0.023438
3 0.896484 0.078125 0.046875 0.019531
3 0.574219 0.065430 0.015625 0.009766
2 0.492188 0.061523 0.003906 0.001953
3 0.355469 0.066406 0.015625 0.015625
3 0.029297 0.060547 0.003906 0.003906
3 0.294922 0.061523 0.023438 0.009766
3 0.835938 0.075195 0.035156 0.048828
2 0.776367 0.064453 0.091797 0.031250
2 0.418945 0.061523 0.009766 0.025391
3 0.739258 0.046875 0.005859 0.007812
3 0.376953 0.043945 0.007812 0.005859
2 0.939453 0.043945 0.007812 0.009766
3 0.978516 0.061523 0.042969 0.048828
3 0.688477 0.046875 0.060547 0.019531
2 0.426758 0.038086 0.001953 0.001953
2 0.779297 0.034180 0.003906 0.005859
3 0.017578 0.042969 0.015625 0.023438
2 0.409180 0.030273 0.009766 0.009766
3 0.923828 0.026367 0.007812 0.005859
3 0.562500 0.016602 0.011719 0.009766
3 0.952148 0.008789 0.001953 0.001953
3 0.001953 0.009766 0.003906 0.007812
3 0.781250 0.004883 0.003906 0.005859
3 0.976562 0.008789 0.046875 0.017578
3 0.680664 0.002930 0.005859 0.005859
3 0.651367 0.007812 0.013672 0.015625
2 0.605469 0.003906 0.015625 0.007812
3 0.581055 0.005859 0.017578 0.011719
3 0.487305 0.000977 0.001953 0.001953
3 0.125977 0.024414 0.048828 0.048828
3 0.060547 0.002930 0.007812 0.005859