0 0.771484 0.999023 0.003906 0.001953
0 0.750977 0.998047 0.005859 0.003906
1 0.827148 0.995117 0.001953 0.001953
1 0.159180 0.996094 0.017578 0.007812
1 0.839844 0.991211 0.007812 0.005859
0 0.799805 0.994141 0.009766 0.011719
1 0.220703 0.992188 0.011719 0.015625
1 0.203125 0.985352 0.003906 0.005859
1 0.279297 0.981445 0.003906 0.001953
1 0.842773 0.979492 0.001953 0.001953
0 0.712891 0.982422 0.007812 0.007812
1 0.230469 0.972656 0.003906 0.003906
1 0.228516 0.964844 0.003906 0.003906
1 0.593750 0.976562 0.027344 0.035156
1 0.229492 0.959961 0.001953 0.001953
1 0.872070 0.965820 0.037109 0.033203
1 0.162109 0.954102 0.019531 0.017578
0 0.888672 0.945312 0.003906 0.003906
1 0.191406 0.939453 0.003906 0.003906
1 0.602539 0.935547 0.005859 0.007812
1 0.585938 0.933594 0.007812 0.003906
1 0.321289 0.953125 0.052734 0.046875
1 0.560547 0.923828 0.003906 0.003906
1 0.460938 0.917969 0.003906 0.003906
1 0.227539 0.917969 0.001953 0.003906
1 0.408203 0.921875 0.019531 0.015625
1 0.280273 0.913086 0.001953 0.001953
1 0.274414 0.925781 0.017578 0.027344
1 0.703125 0.913086 0.011719 0.005859
1 0.187500 0.916016 0.011719 0.011719
1 0.441406 0.922852 0.011719 0.033203
1 0.451172 0.908203 0.003906 0.007812
0 0.263672 0.900391 0.019531 0.007812
1 0.757812 0.882812 0.003906 0.003906
1 0.750977 0.877930 0.005859 0.005859
1 0.167969 0.886719 0.035156 0.023438
1 0.091797 0.878906 0.007812 0.007812
1 0.601562 0.903320 0.250000 0.060547
1 0.291016 0.873047 0.011719 0.011719
1 0.414062 0.873047 0.019531 0.019531
1 0.591797 0.869141 0.027344 0.015625
1 0.940430 0.860352 0.001953 0.001953
1 0.951172 0.857422 0.003906 0.003906
1 0.946289 0.856445 0.001953 0.001953
1 0.641602 0.858398 0.009766 0.009766
1 0.088867 0.925781 0.177734 0.148438
1 0.436523 0.848633 0.001953 0.001953
1 0.081055 0.861328 0.037109 0.027344
1 0.427734 0.845703 0.007812 0.003906
1 0.094727 0.837891 0.001953 0.003906
1 0.422852 0.838867 0.009766 0.009766
1 0.462891 0.856445 0.066406 0.048828
1 0.080078 0.833984 0.003906 0.003906
1 0.955078 0.839844 0.027344 0.027344
1 0.037109 0.840820 0.023438 0.029297
1 0.943359 0.829102 0.003906 0.009766
1 0.089844 0.826172 0.003906 0.003906
1 0.659180 0.831055 0.017578 0.017578
1 0.163086 0.836914 0.025391 0.033203
1 0.330078 0.813477 0.003906 0.001953
1 0.427734 0.812500 0.003906 0.003906
1 0.445312 0.817383 0.015625 0.017578
0 0.677734 0.806641 0.003906 0.003906
1 0.317383 0.823242 0.056641 0.044922
1 0.747070 0.802734 0.017578 0.011719
1 0.458984 0.799805 0.007812 0.005859
1 0.039062 0.804688 0.019531 0.015625
1 0.218750 0.803711 0.011719 0.017578
1 0.902344 0.792969 0.019531 0.011719
1 0.496094 0.791016 0.007812 0.007812
1 0.235352 0.791016 0.001953 0.007812
1 0.737305 0.786133 0.005859 0.001953
1 0.311523 0.787109 0.009766 0.007812
1 0.696289 0.785156 0.005859 0.007812
1 0.176758 0.782227 0.009766 0.009766
1 0.009766 0.790039 0.019531 0.025391
1 0.579102 0.780273 0.013672 0.013672
0 0.428711 0.772461 0.017578 0.005859
1 0.749023 0.764648 0.001953 0.001953
1 0.236328 0.771484 0.019531 0.019531
1 0.700195 0.759766 0.009766 0.007812
1 0.750977 0.750977 0.001953 0.001953
0 0.415039 0.755859 0.033203 0.019531
1 0.740234 0.755859 0.023438 0.046875
0 0.470703 0.726562 0.019531 0.007812
1 0.714844 0.728516 0.011719 0.015625
1 0.656250 0.723633 0.007812 0.013672
1 0.071289 0.743164 0.064453 0.056641
0 0.469727 0.709961 0.001953 0.001953
1 0.802734 0.708008 0.007812 0.001953
0 0.577148 0.708984 0.005859 0.003906
1 0.386719 0.709961 0.015625 0.009766
1 0.416992 0.711914 0.021484 0.017578
1 0.971680 0.700195 0.001953 0.001953
1 0.535156 0.700195 0.003906 0.005859
1 0.828125 0.697266 0.003906 0.003906
1 0.368164 0.705078 0.033203 0.023438
1 0.678711 0.690430 0.001953 0.001953
1 0.076172 0.691406 0.019531 0.011719
0 0.455078 0.674805 0.015625 0.005859
1 0.404297 0.676758 0.042969 0.013672
1 0.365234 0.674805 0.019531 0.013672
1 0.342773 0.676758 0.013672 0.017578
1 0.164062 0.671875 0.007812 0.007812
0 0.669922 0.675781 0.015625 0.019531
1 0.513672 0.715820 0.097656 0.099609
1 0.089844 0.669922 0.015625 0.011719
0 0.697266 0.665039 0.003906 0.005859
1 0.598633 0.667969 0.013672 0.011719
0 0.010742 0.666016 0.013672 0.011719
1 0.714844 0.655273 0.003906 0.005859
0 0.105469 0.655273 0.011719 0.005859
1 0.268555 0.658203 0.017578 0.019531
1 0.055664 0.648438 0.005859 0.003906
0 0.798828 0.644531 0.003906 0.003906
1 0.028320 0.633789 0.001953 0.001953
0 0.832031 0.633789 0.003906 0.005859
1 0.718750 0.633789 0.011719 0.017578
1 0.143555 0.625977 0.005859 0.005859
1 0.187500 0.624023 0.019531 0.017578
1 0.526367 0.615234 0.001953 0.003906
1 0.378906 0.615234 0.003906 0.003906
1 0.534180 0.624023 0.033203 0.025391
0 0.950195 0.615234 0.013672 0.011719
1 0.348633 0.606445 0.005859 0.001953
1 0.333984 0.623047 0.042969 0.035156
1 0.946289 0.604492 0.001953 0.001953
1 0.605469 0.648438 0.093750 0.093750
0 0.002930 0.597656 0.005859 0.007812
1 0.405273 0.592773 0.001953 0.001953
1 0.397461 0.592773 0.005859 0.001953
1 0.339844 0.597656 0.015625 0.011719
1 0.167969 0.599609 0.070312 0.023438
0 0.124023 0.588867 0.001953 0.001953
1 0.987305 0.586914 0.001953 0.001953
1 0.288086 0.586914 0.001953 0.001953
1 0.843750 0.584961 0.003906 0.001953
1 0.821289 0.589844 0.009766 0.011719
1 0.027344 0.595703 0.015625 0.023438
1 0.629883 0.585938 0.009766 0.007812
1 0.224609 0.583984 0.003906 0.003906
0 0.015625 0.587891 0.015625 0.011719
1 0.269531 0.584961 0.027344 0.013672
1 0.656250 0.587891 0.031250 0.027344
1 0.099609 0.604492 0.054688 0.060547
1 0.049805 0.601562 0.021484 0.054688
0 0.498047 0.578125 0.007812 0.011719
1 0.433594 0.583984 0.023438 0.023438
0 0.478516 0.578125 0.015625 0.015625
1 0.298828 0.577148 0.015625 0.013672
0 0.096680 0.569336 0.001953 0.001953
1 0.826172 0.567383 0.007812 0.005859
1 0.142578 0.578125 0.031250 0.035156
1 0.731445 0.560547 0.005859 0.003906
1 0.514648 0.566406 0.017578 0.015625
1 0.203125 0.568359 0.023438 0.019531
1 0.044922 0.559570 0.003906 0.001953
1 0.721680 0.555664 0.001953 0.001953
1 0.328125 0.578125 0.027344 0.046875
1 0.717773 0.553711 0.001953 0.001953
1 0.759766 0.555664 0.019531 0.013672
1 0.183594 0.553711 0.003906 0.009766
1 0.455078 0.549805 0.015625 0.009766
0 0.424805 0.544922 0.001953 0.003906
1 0.881836 0.652344 0.236328 0.222656
1 0.726562 0.542969 0.011719 0.007812
0 0.666992 0.540039 0.001953 0.001953
1 0.445312 0.541992 0.007812 0.005859
1 0.026367 0.542969 0.025391 0.011719
1 0.682617 0.537109 0.013672 0.007812
1 0.523438 0.536133 0.007812 0.005859
1 0.712891 0.530273 0.003906 0.001953
0 0.420898 0.529297 0.001953 0.003906
1 0.304688 0.535156 0.050781 0.035156
1 0.694336 0.521484 0.013672 0.011719
1 0.365234 0.532227 0.035156 0.033203
1 0.206055 0.519531 0.009766 0.007812
1 0.006836 0.526367 0.013672 0.021484
1 0.938477 0.515625 0.013672 0.011719
1 0.573242 0.510742 0.001953 0.001953
1 0.319336 0.505859 0.005859 0.003906
1 0.208984 0.502930 0.007812 0.005859
1 0.989258 0.501953 0.017578 0.007812
1 0.959961 0.499023 0.001953 0.001953
1 0.809570 0.499023 0.001953 0.001953
1 0.959961 0.495117 0.001953 0.001953
1 0.231445 0.495117 0.001953 0.001953
1 0.411133 0.499023 0.013672 0.013672
1 0.953125 0.493164 0.007812 0.009766
1 0.941406 0.490234 0.011719 0.003906
1 0.332031 0.492188 0.003906 0.007812
1 0.235352 0.487305 0.001953 0.001953
1 0.780273 0.486328 0.001953 0.003906
1 0.726562 0.484375 0.003906 0.003906
1 0.001953 0.483398 0.003906 0.005859
1 0.772461 0.478516 0.005859 0.003906
1 0.241211 0.549805 0.072266 0.150391
1 0.112305 0.493164 0.025391 0.037109
1 0.980469 0.482422 0.039062 0.019531
1 0.081055 0.471680 0.001953 0.001953
1 0.250000 0.470703 0.003906 0.003906
1 0.112305 0.469727 0.001953 0.001953
1 0.784180 0.471680 0.009766 0.009766
1 0.478516 0.471680 0.011719 0.009766
1 0.364258 0.481445 0.048828 0.033203
1 0.072266 0.473633 0.031250 0.025391
0 0.250977 0.461914 0.005859 0.009766
1 0.437500 0.461914 0.035156 0.013672
1 0.489258 0.461914 0.009766 0.017578
1 0.121094 0.456055 0.007812 0.017578
1 0.116211 0.448242 0.001953 0.001953
1 0.422852 0.446289 0.005859 0.005859
1 0.223633 0.442383 0.009766 0.001953
1 0.888672 0.436523 0.003906 0.001953
1 0.904297 0.435547 0.003906 0.003906
1 0.245117 0.441406 0.029297 0.015625
1 0.514648 0.434570 0.021484 0.017578
1 0.474609 0.436523 0.027344 0.021484
1 0.413086 0.429688 0.025391 0.011719
0 0.809570 0.422852 0.001953 0.001953
1 0.303711 0.427734 0.009766 0.015625
1 0.217773 0.424805 0.009766 0.009766
1 0.892578 0.426758 0.031250 0.017578
1 0.791992 0.426758 0.025391 0.017578
1 0.605469 0.479492 0.125000 0.126953
1 0.019531 0.418945 0.007812 0.005859
0 0.886719 0.415039 0.007812 0.005859
1 0.664062 0.413086 0.003906 0.001953
1 0.588867 0.417969 0.009766 0.011719
1 0.997070 0.417969 0.005859 0.015625
0 0.711914 0.432617 0.021484 0.044922
1 0.250000 0.416016 0.011719 0.011719
1 0.982422 0.432617 0.035156 0.048828
1 0.758789 0.409180 0.001953 0.001953
1 0.375000 0.399414 0.011719 0.005859
1 0.930664 0.405273 0.021484 0.025391
1 0.782227 0.553711 0.201172 0.322266
1 0.148438 0.401367 0.019531 0.017578
1 0.041016 0.387695 0.007812 0.001953
1 0.275391 0.390625 0.019531 0.011719
1 0.761719 0.393555 0.015625 0.021484
1 0.069336 0.383789 0.005859 0.005859
1 0.053711 0.384766 0.009766 0.007812
1 0.126953 0.410156 0.031250 0.062500
1 0.882812 0.379883 0.003906 0.005859
1 0.360352 0.377930 0.001953 0.001953
1 0.218750 0.395508 0.054688 0.041016
1 0.082031 0.377930 0.007812 0.005859
1 0.932617 0.374023 0.001953 0.001953
1 0.734375 0.375000 0.003906 0.003906
1 0.778320 0.384766 0.029297 0.035156
1 0.311523 0.373047 0.025391 0.011719
1 0.791016 0.363281 0.003906 0.011719
1 0.498047 0.358398 0.003906 0.001953
1 0.493164 0.357422 0.001953 0.003906
1 0.077148 0.358398 0.013672 0.009766
1 0.005859 0.357422 0.011719 0.015625
1 0.437500 0.350586 0.011719 0.009766
1 0.699219 0.349609 0.015625 0.015625
1 0.675781 0.343750 0.011719 0.007812
0 0.641602 0.338867 0.001953 0.001953
1 0.403320 0.341797 0.013672 0.011719
1 0.851562 0.339844 0.011719 0.011719
1 0.435547 0.336914 0.003906 0.005859
1 0.758789 0.340820 0.021484 0.025391
0 0.197266 0.333008 0.011719 0.009766
1 0.780273 0.327148 0.001953 0.001953
1 0.559570 0.344727 0.037109 0.037109
1 0.793945 0.324219 0.005859 0.003906
1 0.524414 0.337891 0.056641 0.035156
0 0.636719 0.320312 0.007812 0.007812
1 0.772461 0.318359 0.017578 0.007812
1 0.228516 0.337891 0.023438 0.050781
1 0.304688 0.315430 0.007812 0.009766
1 0.722656 0.343750 0.035156 0.070312
1 0.413086 0.307617 0.009766 0.005859
1 0.072266 0.314453 0.019531 0.019531
1 0.652344 0.309570 0.019531 0.013672
1 0.114258 0.309570 0.013672 0.013672
0 0.615234 0.304688 0.003906 0.011719
1 0.496094 0.293945 0.003906 0.001953
1 0.938477 0.292969 0.001953 0.003906
1 0.933594 0.310547 0.019531 0.039062
1 0.945312 0.336914 0.109375 0.115234
1 0.109375 0.286133 0.011719 0.013672
1 0.366211 0.280273 0.013672 0.013672
0 0.608398 0.278320 0.021484 0.017578
1 0.589844 0.272461 0.019531 0.005859
1 0.342773 0.279297 0.013672 0.019531
1 0.687500 0.277344 0.027344 0.023438
1 0.612305 0.266602 0.001953 0.001953
1 0.953125 0.266602 0.011719 0.009766
1 0.647461 0.263672 0.009766 0.007812
1 0.416016 0.266602 0.027344 0.013672
1 0.508789 0.261719 0.005859 0.007812
1 0.622070 0.262695 0.017578 0.021484
1 0.094727 0.264648 0.033203 0.025391
1 0.921875 0.258789 0.035156 0.017578
0 0.274414 0.249023 0.001953 0.001953
1 0.131836 0.259766 0.029297 0.042969
1 0.249023 0.245117 0.044922 0.025391
0 0.036133 0.239258 0.044922 0.013672
1 0.927734 0.232422 0.007812 0.007812
1 0.825195 0.231445 0.005859 0.005859
1 0.398438 0.250000 0.019531 0.046875
1 0.891602 0.226562 0.001953 0.003906
1 0.516602 0.225586 0.013672 0.017578
1 0.057617 0.213867 0.005859 0.005859
1 0.951172 0.209961 0.003906 0.001953
0 0.318359 0.212891 0.007812 0.007812
1 0.967773 0.234375 0.064453 0.082031
1 0.002930 0.191406 0.005859 0.011719
1 0.645508 0.187500 0.009766 0.007812
0 0.454102 0.189453 0.009766 0.011719
0 0.472656 0.180664 0.003906 0.001953
1 0.530273 0.184570 0.025391 0.017578
1 0.617188 0.173828 0.003906 0.003906
1 0.692383 0.230469 0.115234 0.132812
1 0.949219 0.160156 0.003906 0.003906
0 0.006836 0.160156 0.009766 0.007812
1 0.838867 0.149414 0.001953 0.001953
0 0.173828 0.149414 0.011719 0.013672
1 0.996094 0.156250 0.007812 0.035156
0 0.053711 0.148438 0.005859 0.019531
1 0.044922 0.161133 0.031250 0.048828
0 0.196289 0.138672 0.013672 0.007812
1 0.965820 0.152344 0.029297 0.042969
0 0.471680 0.134766 0.013672 0.007812
1 0.240234 0.153320 0.066406 0.044922
0 0.157227 0.139648 0.021484 0.017578
1 0.381836 0.129883 0.005859 0.001953
1 0.119141 0.129883 0.007812 0.001953
1 0.844727 0.118164 0.001953 0.001953
0 0.993164 0.125000 0.013672 0.019531
0 0.862305 0.134766 0.060547 0.039062
1 0.114258 0.117188 0.017578 0.007812
0 0.866211 0.113281 0.001953 0.003906
1 0.577148 0.125977 0.029297 0.029297
1 0.291992 0.118164 0.017578 0.017578
1 0.147461 0.119141 0.037109 0.019531
1 0.592773 0.106445 0.013672 0.009766
1 0.874023 0.105469 0.009766 0.011719
1 0.497070 0.100586 0.001953 0.001953
1 0.403320 0.106445 0.068359 0.033203
1 0.108398 0.097656 0.041016 0.015625
1 0.952148 0.091797 0.005859 0.011719
1 0.367188 0.089844 0.011719 0.007812
1 0.935547 0.140625 0.046875 0.121094
1 0.383789 0.073242 0.001953 0.001953
1 0.443359 0.075195 0.007812 0.009766
1 0.692383 0.067383 0.001953 0.001953
1 0.503906 0.085938 0.031250 0.039062
1 0.703125 0.080078 0.027344 0.031250
1 0.706055 0.064453 0.005859 0.003906
1 0.965820 0.061523 0.009766 0.005859
1 0.942383 0.067383 0.021484 0.025391
1 0.955078 0.051758 0.003906 0.001953
0 0.495117 0.049805 0.001953 0.001953
1 0.063477 0.083008 0.048828 0.068359
1 0.997070 0.053711 0.005859 0.013672
1 0.230469 0.058594 0.019531 0.023438
1 0.373047 0.059570 0.042969 0.029297
1 0.648438 0.043945 0.003906 0.001953
0 0.105469 0.048828 0.015625 0.011719
1 0.409180 0.041992 0.001953 0.001953
1 0.019531 0.098633 0.039062 0.119141
1 0.539062 0.035156 0.003906 0.003906
1 0.516602 0.054688 0.033203 0.042969
1 0.410156 0.034180 0.003906 0.005859
1 0.417969 0.035156 0.003906 0.011719
1 0.264648 0.029297 0.005859 0.003906
1 0.541016 0.026367 0.003906 0.001953
1 0.939453 0.036133 0.019531 0.025391
1 0.415039 0.018555 0.001953 0.001953
1 0.164062 0.016602 0.003906 0.005859
1 0.886719 0.025391 0.027344 0.035156
1 0.236328 0.008789 0.003906 0.001953
1 0.126953 0.028320 0.035156 0.041016
1 0.409180 0.006836 0.001953 0.001953
1 0.726562 0.009766 0.011719 0.011719
1 0.233398 0.002930 0.001953 0.001953
1 0.061523 0.007812 0.009766 0.011719
1 0.984375 0.001953 0.003906 0.003906
1 0.968750 0.018555 0.027344 0.037109
1 0.798828 0.001953 0.003906 0.003906
1 0.594727 0.003906 0.025391 0.007812
1 0.505859 0.003906 0.015625 0.007812
1 0.416992 0.007812 0.005859 0.015625
1 0.294922 0.011719 0.019531 0.023438
1 0.269531 0.011719 0.015625 0.023438
0 0.113281 0.005859 0.007812 0.011719
3 0.084961 0.928711 0.009766 0.005859
3 0.039062 0.953125 0.078125 0.093750
3 0.819336 0.691406 0.001953 0.003906
3 0.782227 0.672852 0.001953 0.001953
3 0.949219 0.654297 0.003906 0.003906
2 0.969727 0.644531 0.060547 0.085938
3 0.901367 0.370117 0.001953 0.001953
3 0.952148 0.356445 0.001953 0.001953
3 0.980469 0.333008 0.039062 0.044922
3 0.991211 0.297852 0.005859 0.001953
3 0.993164 0.217773 0.013672 0.021484
3 0.000977 0.094727 0.001953 0.005859
3 0.014648 0.101562 0.009766 0.023438
3 0.500000 0.500000 1.000000 1.000000