1 0.891602 0.995117 0.083984 0.009766
1 0.990234 0.974609 0.019531 0.050781
0 0.000977 0.112305 0.001953 0.017578
1 0.500000 0.500000 1.000000 1.000000
2 0.315430 0.999023 0.005859 0.001953
3 0.225586 0.999023 0.005859 0.001953
3 0.509766 0.998047 0.007812 0.003906
3 0.203125 0.998047 0.027344 0.003906
3 0.751953 0.995117 0.007812 0.009766
3 0.279297 0.992188 0.011719 0.015625
3 0.893555 0.991211 0.123047 0.017578
3 0.240234 0.983398 0.023438 0.009766
3 0.914062 0.976562 0.003906 0.003906
3 0.434570 0.975586 0.001953 0.001953
3 0.104492 0.977539 0.013672 0.013672
3 0.286133 0.970703 0.005859 0.003906
3 0.924805 0.971680 0.005859 0.009766
3 0.438477 0.967773 0.001953 0.001953
2 0.413086 0.969727 0.009766 0.009766
3 0.922852 0.963867 0.001953 0.001953
3 0.552734 0.964844 0.003906 0.007812
2 0.834961 0.959961 0.001953 0.001953
3 0.110352 0.962891 0.005859 0.011719
3 0.920898 0.956055 0.001953 0.001953
3 0.566406 0.977539 0.023438 0.044922
3 0.123047 0.951172 0.011719 0.007812
3 0.939453 0.951172 0.015625 0.031250
3 0.912109 0.939453 0.007812 0.007812
3 0.763672 0.938477 0.015625 0.009766
3 0.258789 0.928711 0.005859 0.005859
3 0.561523 0.935547 0.029297 0.027344
3 0.127930 0.933594 0.048828 0.027344
3 0.343750 0.955078 0.039062 0.074219
3 0.703125 0.921875 0.011719 0.011719
3 0.016602 0.922852 0.009766 0.013672
3 0.688477 0.913086 0.001953 0.001953
3 0.615234 0.919922 0.015625 0.019531
3 0.874023 0.913086 0.013672 0.013672
3 0.283203 0.910156 0.003906 0.007812
3 0.219727 0.907227 0.001953 0.001953
3 0.176758 0.950195 0.142578 0.099609
3 0.411133 0.895508 0.001953 0.001953
2 0.981445 0.889648 0.001953 0.001953
3 0.951172 0.944336 0.097656 0.111328
3 0.638672 0.891602 0.007812 0.005859
3 0.832031 0.889648 0.011719 0.013672
3 0.004883 0.902344 0.009766 0.039062
3 0.999023 0.879883 0.001953 0.005859
3 0.834961 0.877930 0.001953 0.001953
3 0.486328 0.876953 0.003906 0.003906
3 0.909180 0.874023 0.001953 0.001953
3 0.220703 0.880859 0.015625 0.019531
2 0.964844 0.871094 0.031250 0.011719
3 0.610352 0.869141 0.009766 0.019531
2 0.596680 0.860352 0.005859 0.005859
3 0.500000 0.919922 0.109375 0.128906
3 0.052734 0.883789 0.031250 0.056641
2 0.380859 0.863281 0.011719 0.019531
3 0.002930 0.865234 0.005859 0.031250
3 0.931641 0.856445 0.019531 0.017578
3 0.844727 0.848633 0.001953 0.001953
3 0.606445 0.833008 0.001953 0.001953
3 0.537109 0.838867 0.007812 0.013672
3 0.153320 0.833008 0.001953 0.001953
3 0.481445 0.834961 0.013672 0.009766
3 0.945312 0.833984 0.007812 0.011719
3 0.624023 0.850586 0.021484 0.044922
3 0.424805 0.828125 0.013672 0.003906
3 0.933594 0.828125 0.003906 0.007812
3 0.528320 0.823242 0.009766 0.009766
3 0.362305 0.810547 0.001953 0.003906
3 0.626953 0.813477 0.011719 0.013672
3 0.434570 0.804688 0.001953 0.003906
3 0.553711 0.805664 0.013672 0.009766
3 0.859375 0.803711 0.007812 0.009766
3 0.931641 0.803711 0.015625 0.013672
3 0.753906 0.784180 0.003906 0.001953
3 0.362305 0.831055 0.087891 0.095703
2 0.273438 0.785156 0.015625 0.015625
3 0.738281 0.775391 0.015625 0.011719
2 0.148438 0.769531 0.003906 0.003906
3 0.030273 0.772461 0.009766 0.013672
3 0.084961 0.764648 0.013672 0.013672
2 0.561523 0.780273 0.037109 0.048828
3 0.439453 0.762695 0.011719 0.013672
3 0.643555 0.755859 0.001953 0.003906
3 0.488281 0.775391 0.031250 0.058594
3 0.612305 0.778320 0.052734 0.068359
3 0.586914 0.746094 0.025391 0.011719
3 0.569336 0.741211 0.001953 0.001953
2 0.562500 0.735352 0.007812 0.009766
3 0.797852 0.736328 0.013672 0.015625
3 0.505859 0.719727 0.003906 0.001953
2 0.534180 0.731445 0.021484 0.029297
3 0.506836 0.737305 0.041016 0.041016
2 0.122070 0.712891 0.001953 0.003906
3 0.501953 0.711914 0.019531 0.009766
3 0.113281 0.795898 0.078125 0.181641
3 0.392578 0.708008 0.011719 0.009766
3 0.349609 0.707031 0.023438 0.011719
3 0.305664 0.702148 0.005859 0.001953
3 0.533203 0.705078 0.031250 0.011719
3 0.173828 0.706055 0.007812 0.017578
3 0.130859 0.702148 0.011719 0.013672
3 0.380859 0.694336 0.007812 0.005859
2 0.997070 0.692383 0.005859 0.009766
3 0.470703 0.699219 0.039062 0.027344
3 0.259766 0.688477 0.003906 0.005859
3 0.217773 0.683594 0.001953 0.003906
3 0.126953 0.685547 0.007812 0.011719
3 0.120117 0.673828 0.001953 0.003906
2 0.666016 0.672852 0.011719 0.009766
3 0.938477 0.662109 0.009766 0.007812
3 0.715820 0.660156 0.001953 0.003906
3 0.175781 0.662109 0.011719 0.015625
3 0.429688 0.658203 0.011719 0.015625
3 0.674805 0.656250 0.017578 0.023438
2 0.986328 0.648438 0.019531 0.011719
3 0.891602 0.659180 0.021484 0.033203
3 0.784180 0.645508 0.013672 0.009766
3 0.708008 0.649414 0.009766 0.017578
3 0.135742 0.640625 0.001953 0.003906
3 0.092773 0.646484 0.013672 0.015625
3 0.385742 0.639648 0.005859 0.005859
3 0.056641 0.642578 0.011719 0.011719
2 0.643555 0.638672 0.029297 0.011719
3 0.182617 0.635742 0.009766 0.009766
3 0.133789 0.633789 0.001953 0.005859
3 0.030273 0.632812 0.005859 0.003906
3 0.690430 0.632812 0.009766 0.011719
3 0.398438 0.634766 0.015625 0.015625
3 0.961914 0.684570 0.021484 0.119141
3 0.371094 0.631836 0.015625 0.021484
2 0.013672 0.628906 0.003906 0.023438
2 0.677734 0.618164 0.003906 0.005859
3 0.561523 0.625000 0.029297 0.019531
3 0.881836 0.615234 0.013672 0.011719
3 0.576172 0.613281 0.007812 0.007812
3 0.271484 0.618164 0.011719 0.017578
3 0.524414 0.620117 0.017578 0.037109
3 0.251953 0.604492 0.007812 0.005859
2 0.023438 0.598633 0.003906 0.001953
3 0.635742 0.614258 0.048828 0.041016
3 0.871094 0.599609 0.011719 0.015625
2 0.694336 0.597656 0.013672 0.011719
2 0.684570 0.590820 0.001953 0.001953
3 0.050781 0.601562 0.023438 0.023438
2 0.605469 0.590820 0.011719 0.013672
3 0.463867 0.584961 0.001953 0.001953
2 0.069336 0.583008 0.001953 0.001953
2 0.042969 0.585938 0.011719 0.011719
3 0.000977 0.583984 0.001953 0.007812
3 0.566406 0.591797 0.023438 0.027344
3 0.450195 0.582031 0.009766 0.007812
3 0.409180 0.580078 0.005859 0.003906
3 0.192383 0.692383 0.060547 0.232422
3 0.847656 0.582031 0.015625 0.015625
3 0.284180 0.575195 0.001953 0.001953
2 0.018555 0.575195 0.005859 0.005859
2 0.594727 0.573242 0.005859 0.005859
3 0.516602 0.571289 0.001953 0.001953
3 0.280273 0.573242 0.001953 0.005859
2 0.686523 0.570312 0.001953 0.003906
3 0.917969 0.592773 0.078125 0.052734
2 0.607422 0.569336 0.003906 0.005859
2 0.516602 0.567383 0.001953 0.001953
3 0.838867 0.568359 0.013672 0.011719
3 0.935547 0.564453 0.011719 0.011719
2 0.701172 0.560547 0.003906 0.003906
3 0.186523 0.554688 0.005859 0.007812
3 0.453125 0.549805 0.007812 0.005859
2 0.381836 0.550781 0.009766 0.007812
3 0.400391 0.550781 0.019531 0.015625
3 0.297852 0.546875 0.017578 0.011719
3 0.095703 0.557617 0.035156 0.033203
2 0.395508 0.538086 0.001953 0.001953
2 0.614258 0.534180 0.001953 0.001953
2 0.386719 0.535156 0.007812 0.011719
2 0.334961 0.530273 0.001953 0.001953
2 0.763672 0.538086 0.023438 0.021484
3 0.222656 0.545898 0.023438 0.037109
3 0.682617 0.540039 0.025391 0.029297
2 0.435547 0.523438 0.007812 0.003906
3 0.610352 0.525391 0.013672 0.011719
3 0.012695 0.547852 0.025391 0.060547
2 0.310547 0.521484 0.007812 0.011719
3 0.981445 0.538086 0.037109 0.056641
3 0.964844 0.552734 0.062500 0.085938
2 0.989258 0.510742 0.009766 0.017578
3 0.199219 0.505859 0.011719 0.007812
2 0.345703 0.503906 0.003906 0.007812
3 0.257812 0.549805 0.027344 0.103516
2 0.679688 0.499023 0.007812 0.005859
2 0.363281 0.505859 0.011719 0.019531
2 0.652344 0.500000 0.011719 0.011719
3 0.240234 0.500977 0.007812 0.013672
2 0.082031 0.497070 0.007812 0.005859
2 0.697266 0.501953 0.019531 0.019531
2 0.558594 0.494141 0.003906 0.003906
2 0.459961 0.499023 0.009766 0.017578
3 0.588867 0.514648 0.044922 0.056641
3 0.891602 0.487305 0.001953 0.005859
2 0.754883 0.492188 0.009766 0.015625
2 0.461914 0.489258 0.009766 0.009766
3 0.828125 0.485352 0.007812 0.005859
2 0.397461 0.505859 0.076172 0.046875
2 0.330078 0.503906 0.015625 0.042969
2 0.963867 0.484375 0.021484 0.011719
2 0.622070 0.478516 0.001953 0.003906
3 0.118164 0.517578 0.119141 0.085938
3 0.607422 0.500000 0.046875 0.058594
2 0.448242 0.475586 0.009766 0.009766
2 0.489258 0.469727 0.001953 0.001953
2 0.368164 0.476562 0.017578 0.019531
3 0.922852 0.469727 0.009766 0.009766
2 0.088867 0.464844 0.005859 0.003906
2 0.378906 0.462891 0.003906 0.003906
3 0.736328 0.472656 0.023438 0.039062
2 0.587891 0.455078 0.007812 0.003906
3 0.232422 0.463867 0.085938 0.021484
3 0.007812 0.455078 0.003906 0.003906
2 0.944336 0.448242 0.001953 0.001953
2 0.434570 0.456055 0.037109 0.021484
3 0.958008 0.456055 0.017578 0.025391
2 0.506836 0.447266 0.013672 0.007812
3 0.032227 0.444336 0.001953 0.001953
3 0.876953 0.474609 0.058594 0.066406
2 0.621094 0.442383 0.003906 0.001953
2 0.500000 0.570312 0.136719 0.257812
2 0.875977 0.439453 0.001953 0.003906
3 0.722656 0.444336 0.011719 0.013672
2 0.377930 0.439453 0.005859 0.003906
3 0.475586 0.450195 0.037109 0.029297
2 0.363281 0.436523 0.003906 0.005859
3 0.707031 0.432617 0.019531 0.009766
3 0.035156 0.448242 0.070312 0.041016
3 0.123047 0.428711 0.007812 0.005859
2 0.614258 0.428711 0.009766 0.009766
3 0.903320 0.421875 0.013672 0.007812
2 0.612305 0.416016 0.009766 0.003906
2 0.559570 0.415039 0.001953 0.001953
3 0.798828 0.521484 0.074219 0.218750
2 0.648438 0.416992 0.015625 0.009766
3 0.883789 0.413086 0.001953 0.005859
3 0.750000 0.441406 0.031250 0.066406
2 0.528320 0.405273 0.001953 0.001953
2 0.956055 0.407227 0.009766 0.009766
2 0.570312 0.401367 0.007812 0.005859
2 0.349609 0.412109 0.039062 0.027344
3 0.892578 0.403320 0.019531 0.013672
2 0.723633 0.397461 0.001953 0.001953
3 0.967773 0.400391 0.009766 0.011719
2 0.449219 0.401367 0.011719 0.013672
2 0.414062 0.397461 0.027344 0.013672
2 0.000977 0.391602 0.001953 0.001953
3 0.297852 0.397461 0.013672 0.017578
2 0.653320 0.390625 0.005859 0.007812
2 0.658203 0.420898 0.113281 0.072266
2 0.522461 0.385742 0.001953 0.001953
2 0.471680 0.387695 0.013672 0.005859
2 0.495117 0.392578 0.017578 0.027344
3 0.037109 0.379883 0.007812 0.005859
3 0.093750 0.393555 0.058594 0.037109
2 0.643555 0.378906 0.005859 0.011719
2 0.952148 0.373047 0.005859 0.003906
3 0.764648 0.370117 0.001953 0.001953
2 0.946289 0.371094 0.005859 0.007812
3 0.747070 0.377930 0.017578 0.021484
2 0.560547 0.388672 0.031250 0.042969
3 0.722656 0.375977 0.007812 0.021484
2 0.508789 0.386719 0.013672 0.042969
2 0.555664 0.364258 0.001953 0.001953
2 0.398438 0.374023 0.015625 0.033203
3 0.026367 0.389648 0.037109 0.068359
2 0.650391 0.368164 0.003906 0.029297
3 0.047852 0.352539 0.001953 0.001953
2 0.487305 0.353516 0.005859 0.011719
3 0.070312 0.366211 0.039062 0.037109
2 0.535156 0.367188 0.019531 0.046875
2 0.017578 0.342773 0.003906 0.005859
3 0.719727 0.340820 0.029297 0.009766
3 0.164062 0.334961 0.011719 0.009766
2 0.690430 0.325195 0.001953 0.001953
2 0.978516 0.331055 0.019531 0.021484
3 0.046875 0.330078 0.007812 0.019531
2 0.029297 0.323242 0.003906 0.005859
2 0.686523 0.319336 0.001953 0.001953
2 0.408203 0.320312 0.015625 0.011719
3 0.000977 0.315430 0.001953 0.001953
2 0.993164 0.314453 0.005859 0.003906
2 0.439453 0.327148 0.015625 0.029297
3 0.803711 0.314453 0.017578 0.007812
2 0.988281 0.310547 0.007812 0.007812
2 0.380859 0.343750 0.027344 0.074219
3 0.005859 0.309570 0.007812 0.005859
2 0.976562 0.304688 0.007812 0.003906
2 0.969727 0.301758 0.001953 0.001953
2 0.963867 0.299805 0.001953 0.001953
2 0.537109 0.299805 0.003906 0.005859
2 0.403320 0.295898 0.001953 0.005859
2 0.399414 0.293945 0.001953 0.005859
2 0.365234 0.293945 0.003906 0.005859
3 0.056641 0.298828 0.015625 0.015625
3 0.008789 0.293945 0.009766 0.005859
3 0.000977 0.291992 0.001953 0.001953
3 0.875977 0.295898 0.009766 0.013672
2 0.601562 0.293945 0.015625 0.009766
2 0.498047 0.310547 0.011719 0.042969
2 0.794922 0.291016 0.007812 0.007812
3 0.717773 0.293945 0.005859 0.013672
3 0.694336 0.307617 0.052734 0.044922
2 0.456055 0.293945 0.013672 0.021484
2 0.860352 0.289062 0.013672 0.015625
2 0.422852 0.291992 0.021484 0.021484
3 0.775391 0.304688 0.039062 0.050781
2 0.432617 0.278320 0.001953 0.001953
2 0.634766 0.291992 0.031250 0.033203
2 0.437500 0.277344 0.003906 0.003906
2 0.344727 0.284180 0.013672 0.017578
2 0.868164 0.274414 0.001953 0.005859
2 0.452148 0.274414 0.009766 0.005859
2 0.581055 0.270508 0.005859 0.005859
2 0.470703 0.272461 0.019531 0.009766
2 0.427734 0.274414 0.003906 0.013672
3 0.172852 0.272461 0.009766 0.009766
3 0.747070 0.266602 0.001953 0.001953
2 0.393555 0.271484 0.005859 0.011719
2 0.605469 0.268555 0.011719 0.009766
3 0.208984 0.263672 0.003906 0.003906
3 0.101562 0.258789 0.003906 0.005859
2 0.454102 0.257812 0.005859 0.007812
2 0.533203 0.260742 0.007812 0.017578
3 0.761719 0.257812 0.023438 0.015625
2 0.633789 0.250977 0.005859 0.005859
3 0.204102 0.253906 0.021484 0.011719
3 0.022461 0.250000 0.009766 0.007812
3 0.151367 0.251953 0.029297 0.023438
3 0.116211 0.242188 0.017578 0.015625
2 0.352539 0.233398 0.001953 0.001953
2 0.429688 0.244141 0.031250 0.027344
2 0.465820 0.233398 0.025391 0.013672
2 0.393555 0.231445 0.009766 0.009766
3 0.703125 0.229492 0.011719 0.017578
3 0.145508 0.227539 0.009766 0.013672
2 0.866211 0.243164 0.013672 0.048828
3 0.334961 0.220703 0.005859 0.007812
3 0.083008 0.217773 0.001953 0.001953
3 0.020508 0.217773 0.001953 0.001953
2 0.477539 0.215820 0.001953 0.001953
2 0.432617 0.215820 0.005859 0.001953
2 0.411133 0.215820 0.001953 0.001953
3 0.133789 0.218750 0.005859 0.007812
2 0.426758 0.214844 0.001953 0.003906
2 0.972656 0.242188 0.054688 0.066406
2 0.370117 0.207031 0.001953 0.003906
3 0.827148 0.207031 0.005859 0.007812
2 0.400391 0.206055 0.015625 0.009766
2 0.125977 0.206055 0.009766 0.009766
3 0.451172 0.211914 0.023438 0.025391
3 0.155273 0.221680 0.041016 0.048828
3 0.075195 0.223633 0.025391 0.060547
3 0.858398 0.199219 0.017578 0.015625
3 0.043945 0.193359 0.009766 0.007812
2 0.119141 0.192383 0.007812 0.009766
3 0.879883 0.202148 0.017578 0.033203
3 0.710938 0.198242 0.035156 0.025391
3 0.830078 0.185547 0.003906 0.003906
3 0.267578 0.187500 0.007812 0.007812
3 0.435547 0.183594 0.007812 0.003906
3 0.838867 0.184570 0.009766 0.013672
2 0.318359 0.178711 0.011719 0.005859
3 0.001953 0.180664 0.003906 0.009766
3 0.553711 0.175781 0.001953 0.003906
2 0.301758 0.174805 0.005859 0.001953
3 0.128906 0.176758 0.003906 0.009766
3 0.031250 0.190430 0.015625 0.037109
3 0.059570 0.182617 0.029297 0.025391
3 0.280273 0.169922 0.009766 0.007812
3 0.743164 0.163086 0.001953 0.001953
2 0.930664 0.165039 0.013672 0.009766
3 0.491211 0.157227 0.001953 0.001953
2 0.450195 0.157227 0.005859 0.005859
3 0.637695 0.151367 0.001953 0.001953
3 0.902344 0.149414 0.007812 0.005859
3 0.958008 0.148438 0.021484 0.011719
3 0.718750 0.148438 0.011719 0.019531
2 0.129883 0.146484 0.005859 0.015625
2 0.131836 0.135742 0.001953 0.001953
3 0.083984 0.147461 0.027344 0.025391
3 0.640625 0.134766 0.003906 0.015625
2 0.546875 0.208984 0.152344 0.164062
3 0.986328 0.130859 0.011719 0.011719
2 0.957031 0.125000 0.003906 0.003906
3 0.317383 0.134766 0.029297 0.023438
3 0.580078 0.126953 0.011719 0.011719
2 0.103516 0.126953 0.007812 0.011719
3 0.869141 0.125977 0.011719 0.013672
3 0.028320 0.141602 0.056641 0.044922
3 0.908203 0.117188 0.003906 0.003906
3 0.351562 0.115234 0.003906 0.003906
3 0.156250 0.122070 0.011719 0.017578
3 0.633789 0.107422 0.017578 0.015625
3 0.230469 0.114258 0.074219 0.029297
3 0.156250 0.103516 0.007812 0.007812
3 0.867188 0.100586 0.003906 0.009766
3 0.763672 0.098633 0.003906 0.005859
2 0.307617 0.094727 0.001953 0.005859
3 0.083984 0.102539 0.046875 0.029297
3 0.390625 0.094727 0.019531 0.017578
3 0.008789 0.104492 0.017578 0.041016
2 0.293945 0.093750 0.009766 0.023438
3 0.924805 0.083008 0.005859 0.005859
3 0.949219 0.110352 0.097656 0.064453
3 0.590820 0.069336 0.001953 0.001953
3 0.519531 0.067383 0.019531 0.013672
3 0.920898 0.051758 0.009766 0.009766
3 0.125977 0.044922 0.005859 0.003906
3 0.045898 0.048828 0.009766 0.011719
3 0.202148 0.046875 0.041016 0.019531
3 0.282227 0.047852 0.068359 0.029297
3 0.145508 0.037109 0.025391 0.011719
3 0.436523 0.030273 0.001953 0.001953
3 0.083008 0.037109 0.021484 0.015625
3 0.911133 0.032227 0.009766 0.009766
3 0.836914 0.031250 0.013672 0.019531
3 0.820312 0.027344 0.003906 0.011719
2 0.706055 0.025391 0.009766 0.011719
3 0.864258 0.021484 0.005859 0.007812
3 0.111328 0.028320 0.031250 0.021484
3 0.277344 0.019531 0.011719 0.007812
2 0.527344 0.015625 0.007812 0.007812
3 0.823242 0.011719 0.001953 0.003906
3 0.886719 0.057617 0.035156 0.107422
3 0.660156 0.010742 0.023438 0.017578
3 0.436523 0.051758 0.068359 0.099609
3 0.969727 0.009766 0.013672 0.019531
3 0.963867 0.000977 0.001953 0.001953
3 0.797852 0.009766 0.041016 0.019531
3 0.368164 0.008789 0.009766 0.017578
3 0.308594 0.014648 0.027344 0.029297
3 0.099609 0.003906 0.015625 0.007812
3 0.020508 0.039062 0.041016 0.078125