2 0.011719 0.845703 0.003906 0.003906
2 0.008789 0.836914 0.001953 0.001953
2 0.500000 0.500000 1.000000 1.000000
3 0.884766 0.997070 0.007812 0.005859
3 0.914062 0.989258 0.039062 0.021484
3 0.901367 0.971680 0.009766 0.009766
3 0.300781 0.961914 0.023438 0.017578
3 0.590820 0.946289 0.001953 0.001953
3 0.845703 0.944336 0.003906 0.005859
3 0.844727 0.938477 0.001953 0.001953
3 0.844727 0.934570 0.001953 0.001953
3 0.837891 0.937500 0.003906 0.007812
3 0.330078 0.896484 0.031250 0.035156
3 0.674805 0.862305 0.001953 0.001953
3 0.339844 0.874023 0.042969 0.033203
3 0.460938 0.848633 0.003906 0.001953
3 0.623047 0.888672 0.148438 0.121094
3 0.410156 0.796875 0.007812 0.003906
3 0.647461 0.793945 0.001953 0.001953
3 0.652344 0.791992 0.003906 0.005859
3 0.372070 0.804688 0.080078 0.058594
3 0.026367 0.802734 0.052734 0.101562
3 0.000977 0.749023 0.001953 0.001953
3 0.743164 0.748047 0.064453 0.058594
3 0.737305 0.716797 0.013672 0.007812
3 0.566406 0.715820 0.046875 0.041016
3 0.255859 0.681641 0.003906 0.003906
3 0.231445 0.679688 0.001953 0.003906
3 0.246094 0.665039 0.046875 0.037109
3 0.026367 0.674805 0.052734 0.091797
3 0.009766 0.627930 0.003906 0.001953
3 0.253906 0.622070 0.011719 0.009766
3 0.053711 0.595703 0.005859 0.007812
3 0.076172 0.583008 0.046875 0.033203
3 0.092773 0.551758 0.001953 0.001953
3 0.645508 0.528320 0.001953 0.001953
3 0.647461 0.517578 0.009766 0.011719
3 0.047852 0.541016 0.095703 0.058594
3 0.096680 0.459961 0.013672 0.013672
3 0.077148 0.420898 0.001953 0.001953
3 0.104492 0.416992 0.021484 0.021484
3 0.066406 0.405273 0.007812 0.005859
3 0.071289 0.398438 0.009766 0.007812
3 0.063477 0.393555 0.001953 0.001953
3 0.093750 0.394531 0.042969 0.027344
3 0.175781 0.375000 0.003906 0.003906
3 0.180664 0.352539 0.005859 0.001953
3 0.182617 0.344727 0.001953 0.001953
3 0.711914 0.455078 0.181641 0.269531
3 0.504883 0.280273 0.001953 0.001953
3 0.106445 0.272461 0.001953 0.001953
3 0.493164 0.270508 0.001953 0.001953
3 0.479492 0.282227 0.041016 0.033203
3 0.137695 0.264648 0.001953 0.001953
3 0.310547 0.261719 0.007812 0.003906
3 0.097656 0.226562 0.003906 0.003906
3 0.018555 0.248047 0.037109 0.062500
3 0.992188 0.225586 0.015625 0.033203
3 0.567383 0.170898 0.001953 0.001953
3 0.245117 0.333008 0.314453 0.341797
3 0.502930 0.090820 0.001953 0.001953
3 0.551758 0.079102 0.001953 0.001953
3 0.571289 0.075195 0.001953 0.001953
3 0.570312 0.071289 0.003906 0.001953
3 0.560547 0.069336 0.003906 0.001953
3 0.206055 0.084961 0.044922 0.037109
3 0.440430 0.080078 0.064453 0.054688
3 0.365234 0.065430 0.011719 0.025391
3 0.346680 0.053711 0.001953 0.001953
3 0.344727 0.049805 0.001953 0.001953
3 0.547852 0.081055 0.107422 0.072266
3 0.344727 0.044922 0.005859 0.003906
3 0.361328 0.038086 0.011719 0.013672
3 0.420898 0.030273 0.001953 0.001953
3 0.360352 0.026367 0.001953 0.001953
3 0.336914 0.027344 0.021484 0.019531
3 0.000977 0.010742 0.001953 0.001953
3 0.657227 0.029297 0.048828 0.046875
3 0.344727 0.006836 0.001953 0.001953
3 0.000977 0.006836 0.001953 0.001953
3 0.341797 0.002930 0.003906 0.001953
3 0.336914 0.002930 0.001953 0.001953
3 0.441406 0.017578 0.062500 0.035156
3 0.356445 0.010742 0.017578 0.021484
3 0.333008 0.000977 0.001953 0.001953