0 0.991211 0.999023 0.001953 0.001953
0 0.842773 0.999023 0.009766 0.001953
1 0.302734 0.999023 0.003906 0.001953
0 0.580078 0.998047 0.011719 0.003906
0 0.199219 0.998047 0.007812 0.003906
0 0.950195 0.997070 0.009766 0.005859
0 0.843750 0.995117 0.007812 0.001953
0 0.835938 0.995117 0.003906 0.001953
1 0.388672 0.997070 0.007812 0.005859
0 0.219727 0.996094 0.009766 0.007812
1 0.023438 0.995117 0.015625 0.009766
0 0.870117 0.993164 0.037109 0.013672
1 0.428711 0.992188 0.005859 0.011719
1 0.161133 0.988281 0.001953 0.003906
0 0.993164 0.992188 0.013672 0.015625
0 0.966797 0.986328 0.011719 0.007812
0 0.874023 0.983398 0.001953 0.001953
1 0.706055 0.990234 0.052734 0.019531
1 0.371094 0.989258 0.019531 0.021484
1 0.979492 0.977539 0.001953 0.001953
0 0.885742 0.982422 0.013672 0.011719
0 0.072266 0.979492 0.003906 0.005859
1 0.783203 0.987305 0.082031 0.025391
0 0.992188 0.975586 0.003906 0.005859
1 0.857422 0.978516 0.015625 0.015625
0 0.204102 0.971680 0.001953 0.001953
1 0.177734 0.985352 0.042969 0.029297
1 0.870117 0.969727 0.001953 0.001953
0 0.298828 0.967773 0.003906 0.005859
0 0.923828 0.981445 0.062500 0.037109
1 0.473633 0.963867 0.001953 0.001953
1 0.999023 0.961914 0.001953 0.001953
0 0.098633 0.958008 0.001953 0.001953
1 0.657227 0.956055 0.001953 0.001953
0 0.081055 0.967773 0.017578 0.025391
0 0.133789 0.954102 0.001953 0.001953
0 0.512695 0.949219 0.001953 0.003906
0 0.309570 0.948242 0.001953 0.001953
0 0.271484 0.948242 0.003906 0.001953
1 0.526367 0.946289 0.001953 0.001953
1 0.922852 0.954102 0.021484 0.021484
0 0.966797 0.943359 0.003906 0.003906
1 0.938477 0.943359 0.001953 0.003906
0 0.942383 0.940430 0.001953 0.001953
1 0.688477 0.941406 0.009766 0.007812
0 0.690430 0.937500 0.005859 0.003906
0 0.260742 0.967773 0.072266 0.064453
1 0.778320 0.934570 0.001953 0.001953
0 0.671875 0.937500 0.007812 0.011719
1 0.184570 0.932617 0.001953 0.001953
1 0.743164 0.932617 0.013672 0.009766
1 0.158203 0.929688 0.007812 0.003906
1 0.672852 0.926758 0.001953 0.001953
1 0.758789 0.936523 0.017578 0.025391
0 0.707031 0.932617 0.035156 0.017578
1 0.679688 0.927734 0.003906 0.007812
1 0.635742 0.961914 0.095703 0.076172
1 0.831055 0.922852 0.001953 0.001953
1 0.177734 0.925781 0.007812 0.007812
1 0.512695 0.940430 0.068359 0.048828
1 0.823242 0.913086 0.001953 0.001953
1 0.819336 0.913086 0.001953 0.001953
0 0.379883 0.911133 0.001953 0.001953
1 0.223633 0.910156 0.001953 0.003906
0 0.679688 0.913086 0.007812 0.013672
1 0.208008 0.916992 0.025391 0.021484
0 0.445312 0.918945 0.035156 0.037109
1 0.749023 0.905273 0.009766 0.013672
1 0.723633 0.898438 0.005859 0.003906
0 0.472656 0.904297 0.019531 0.019531
0 0.112305 0.928711 0.080078 0.072266
0 0.174805 0.901367 0.017578 0.021484
1 0.775391 0.892578 0.007812 0.007812
1 0.928711 0.890625 0.009766 0.007812
0 0.829102 0.888672 0.001953 0.003906
1 0.734375 0.893555 0.015625 0.013672
1 0.244141 0.895508 0.015625 0.017578
1 0.776367 0.885742 0.001953 0.001953
1 0.726562 0.885742 0.003906 0.001953
1 0.545898 0.891602 0.021484 0.017578
1 0.296875 0.883789 0.003906 0.001953
1 0.283203 0.883789 0.003906 0.001953
1 0.278320 0.883789 0.001953 0.001953
0 0.006836 0.897461 0.013672 0.033203
0 0.817383 0.893555 0.029297 0.029297
1 0.325195 0.879883 0.001953 0.001953
1 0.877930 0.897461 0.033203 0.044922
1 0.227539 0.873047 0.005859 0.003906
1 0.565430 0.870117 0.001953 0.001953
1 0.227539 0.868164 0.001953 0.001953
0 0.919922 0.867188 0.003906 0.003906
0 0.911133 0.878906 0.017578 0.027344
0 0.829102 0.864258 0.001953 0.001953
1 0.055664 0.871094 0.013672 0.015625
0 0.799805 0.870117 0.013672 0.017578
1 0.305664 0.873047 0.017578 0.023438
1 0.567383 0.860352 0.001953 0.001953
1 0.685547 0.868164 0.015625 0.021484
1 0.563477 0.858398 0.001953 0.001953
1 0.557617 0.858398 0.001953 0.001953
1 0.569336 0.856445 0.001953 0.001953
1 0.379883 0.917969 0.166016 0.125000
0 0.815430 0.859375 0.025391 0.011719
0 0.444336 0.852539 0.001953 0.001953
1 0.305664 0.852539 0.001953 0.001953
0 0.981445 0.899414 0.037109 0.099609
1 0.585938 0.869141 0.035156 0.039062
1 0.473633 0.850586 0.001953 0.001953
0 0.447266 0.850586 0.003906 0.005859
0 0.991211 0.846680 0.001953 0.001953
0 0.993164 0.842773 0.001953 0.001953
0 0.800781 0.842773 0.003906 0.001953
1 0.034180 0.843750 0.005859 0.003906
0 0.187500 0.862305 0.039062 0.048828
1 0.996094 0.837891 0.007812 0.003906
1 0.464844 0.845703 0.031250 0.019531
1 0.476562 0.833008 0.003906 0.001953
1 0.469727 0.834961 0.005859 0.005859
1 0.491211 0.834961 0.001953 0.009766
1 0.625977 0.829102 0.001953 0.001953
0 0.595703 0.831055 0.007812 0.005859
1 0.073242 0.830078 0.001953 0.003906
1 0.491211 0.827148 0.001953 0.001953
1 0.636719 0.836914 0.011719 0.025391
0 0.253906 0.855469 0.042969 0.062500
1 0.930664 0.821289 0.001953 0.001953
0 0.838867 0.813477 0.001953 0.001953
1 0.023438 0.812500 0.003906 0.003906
1 0.023438 0.825195 0.046875 0.033203
1 0.426758 0.807617 0.001953 0.001953
0 0.064453 0.825195 0.027344 0.041016
1 0.364258 0.818359 0.033203 0.031250
0 0.221680 0.801758 0.001953 0.001953
0 0.201172 0.819336 0.050781 0.037109
0 0.912109 0.800781 0.003906 0.003906
1 0.662109 0.798828 0.007812 0.003906
0 0.858398 0.790039 0.001953 0.001953
1 0.224609 0.793945 0.007812 0.009766
0 0.052734 0.798828 0.015625 0.019531
0 0.825195 0.789062 0.001953 0.003906
0 0.586914 0.807617 0.076172 0.041016
1 0.166992 0.790039 0.009766 0.005859
0 0.009766 0.793945 0.007812 0.013672
0 0.920898 0.786133 0.001953 0.001953
1 0.176758 0.786133 0.001953 0.001953
0 0.280273 0.784180 0.001953 0.001953
0 0.930664 0.791016 0.021484 0.019531
1 0.514648 0.780273 0.001953 0.001953
0 0.315430 0.780273 0.001953 0.001953
0 0.838867 0.784180 0.021484 0.017578
0 0.677734 0.783203 0.019531 0.015625
0 0.363281 0.786133 0.015625 0.021484
0 0.044922 0.778320 0.007812 0.009766
1 0.672852 0.773438 0.005859 0.003906
1 0.245117 0.775391 0.009766 0.007812
1 0.171875 0.773438 0.003906 0.003906
0 0.837891 0.818359 0.140625 0.097656
0 0.691406 0.773438 0.011719 0.007812
0 0.657227 0.781250 0.021484 0.023438
1 0.598633 0.778320 0.021484 0.017578
1 0.769531 0.782227 0.050781 0.033203
0 0.695312 0.766602 0.007812 0.001953
1 0.486328 0.786133 0.050781 0.041016
1 0.655273 0.764648 0.001953 0.001953
0 0.060547 0.774414 0.023438 0.033203
0 0.289062 0.791992 0.054688 0.072266
0 0.303711 0.754883 0.001953 0.001953
0 0.706055 0.760742 0.013672 0.017578
1 0.416992 0.752930 0.001953 0.001953
1 0.808594 0.756836 0.011719 0.013672
0 0.905273 0.752930 0.009766 0.009766
0 0.092773 0.749023 0.001953 0.001953
1 0.640625 0.761719 0.042969 0.031250
1 0.340820 0.748047 0.005859 0.003906
1 0.920898 0.751953 0.013672 0.015625
0 0.895508 0.745117 0.001953 0.001953
1 0.653320 0.746094 0.001953 0.003906
0 0.400391 0.747070 0.003906 0.005859
1 0.401367 0.741211 0.001953 0.001953
1 0.372070 0.757812 0.048828 0.035156
0 0.042969 0.748047 0.011719 0.015625
0 0.081055 0.753906 0.033203 0.031250
0 0.000977 0.739258 0.001953 0.001953
1 0.399414 0.737305 0.001953 0.001953
0 0.720703 0.741211 0.019531 0.017578
1 0.436523 0.731445 0.001953 0.001953
1 0.586914 0.727539 0.001953 0.001953
1 0.448242 0.727539 0.001953 0.001953
1 0.716797 0.727539 0.003906 0.005859
1 0.692383 0.721680 0.001953 0.001953
0 0.934570 0.721680 0.005859 0.005859
0 0.901367 0.732422 0.021484 0.027344
0 0.733398 0.720703 0.001953 0.003906
1 0.532227 0.717773 0.001953 0.001953
1 0.451172 0.717773 0.003906 0.001953
1 0.539062 0.719727 0.007812 0.009766
1 0.160156 0.745117 0.042969 0.060547
1 0.846680 0.713867 0.001953 0.001953
0 0.003906 0.721680 0.007812 0.017578
1 0.245117 0.711914 0.001953 0.001953
1 0.610352 0.709961 0.001953 0.001953
1 0.282227 0.709961 0.001953 0.001953
0 0.063477 0.709961 0.001953 0.001953
1 0.495117 0.708008 0.001953 0.001953
1 0.088867 0.715820 0.017578 0.017578
1 0.454102 0.756836 0.087891 0.103516
1 0.471680 0.708008 0.005859 0.005859
0 0.308594 0.741211 0.054688 0.072266
1 0.270508 0.704102 0.001953 0.001953
1 0.804688 0.703125 0.003906 0.003906
0 0.189453 0.702148 0.003906 0.001953
1 0.162109 0.702148 0.003906 0.001953
0 0.970703 0.700195 0.003906 0.001953
0 0.959961 0.700195 0.001953 0.001953
1 0.270508 0.700195 0.001953 0.001953
0 0.768555 0.701172 0.005859 0.007812
1 0.649414 0.712891 0.068359 0.031250
1 0.483398 0.700195 0.009766 0.009766
1 0.164062 0.697266 0.003906 0.003906
1 0.475586 0.696289 0.001953 0.005859
1 0.813477 0.693359 0.005859 0.003906
1 0.347656 0.687500 0.003906 0.003906
0 0.760742 0.709961 0.072266 0.056641
1 0.260742 0.682617 0.001953 0.001953
0 0.056641 0.709961 0.023438 0.056641
1 0.354492 0.680664 0.001953 0.001953
1 0.282227 0.692383 0.017578 0.029297
0 0.949219 0.677734 0.003906 0.003906
0 0.942383 0.676758 0.001953 0.001953
1 0.610352 0.682617 0.021484 0.013672
0 0.285156 0.677734 0.003906 0.007812
0 0.271484 0.677734 0.007812 0.007812
0 0.264648 0.675781 0.001953 0.003906
1 0.090820 0.674805 0.001953 0.001953
1 0.786133 0.672852 0.001953 0.001953
0 0.602539 0.670898 0.001953 0.001953
0 0.958008 0.668945 0.001953 0.001953
0 0.612305 0.668945 0.001953 0.001953
0 0.596680 0.672852 0.005859 0.009766
1 0.625977 0.667969 0.001953 0.003906
1 0.620117 0.667969 0.005859 0.003906
0 0.798828 0.675781 0.019531 0.027344
1 0.419922 0.662109 0.003906 0.003906
1 0.041992 0.666992 0.021484 0.013672
1 0.023438 0.665039 0.007812 0.009766
0 0.979492 0.663086 0.013672 0.009766
1 0.875977 0.666016 0.048828 0.015625
1 0.627930 0.659180 0.001953 0.001953
1 0.367188 0.668945 0.046875 0.025391
0 0.276367 0.657227 0.001953 0.001953
0 0.624023 0.656250 0.001953 0.003906
0 0.263672 0.664062 0.031250 0.019531
0 0.444336 0.653320 0.001953 0.001953
1 0.429688 0.660156 0.011719 0.015625
0 0.422852 0.653320 0.001953 0.001953
1 0.403320 0.664062 0.025391 0.023438
1 0.633789 0.659180 0.009766 0.017578
1 0.430664 0.649414 0.001953 0.001953
0 0.950195 0.704102 0.099609 0.119141
1 0.752930 0.645508 0.001953 0.001953
0 0.423828 0.645508 0.007812 0.001953
1 0.219727 0.689453 0.076172 0.089844
1 0.447266 0.654297 0.023438 0.031250
0 0.782227 0.633789 0.001953 0.001953
1 0.333008 0.633789 0.001953 0.001953
1 0.078125 0.639648 0.023438 0.017578
0 0.784180 0.629883 0.001953 0.001953
1 0.081055 0.629883 0.001953 0.001953
1 0.680664 0.625977 0.001953 0.001953
1 0.934570 0.624023 0.001953 0.001953
1 0.411133 0.624023 0.001953 0.001953
1 0.411133 0.618164 0.001953 0.005859
1 0.864258 0.616211 0.009766 0.009766
1 0.456055 0.623047 0.009766 0.023438
1 0.870117 0.608398 0.001953 0.001953
1 0.866211 0.608398 0.001953 0.001953
0 0.343750 0.620117 0.046875 0.025391
0 0.818359 0.614258 0.007812 0.017578
1 0.762695 0.606445 0.001953 0.001953
1 0.417969 0.608398 0.003906 0.005859
0 0.329102 0.604492 0.001953 0.001953
0 0.344727 0.602539 0.001953 0.001953
1 0.083008 0.609375 0.013672 0.015625
0 0.275391 0.624023 0.015625 0.048828
1 0.489258 0.598633 0.001953 0.001953
1 0.206055 0.596680 0.001953 0.001953
1 0.942383 0.594727 0.001953 0.001953
1 0.930664 0.603516 0.017578 0.019531
1 0.487305 0.594727 0.001953 0.001953
1 0.481445 0.588867 0.001953 0.001953
0 0.858398 0.586914 0.001953 0.001953
0 0.612305 0.600586 0.025391 0.029297
1 0.710938 0.584961 0.007812 0.005859
1 0.492188 0.583984 0.003906 0.003906
1 0.515625 0.599609 0.046875 0.039062
1 0.463867 0.581055 0.001953 0.001953
0 0.140625 0.621094 0.042969 0.082031
1 0.012695 0.581055 0.001953 0.001953
1 0.771484 0.621094 0.039062 0.085938
1 0.640625 0.588867 0.027344 0.021484
1 0.216797 0.583008 0.007812 0.009766
1 0.006836 0.580078 0.005859 0.003906
0 0.133789 0.578125 0.001953 0.003906
1 0.404297 0.577148 0.003906 0.005859
0 0.644531 0.574219 0.003906 0.003906
0 0.631836 0.574219 0.009766 0.003906
1 0.756836 0.581055 0.017578 0.021484
1 0.567383 0.569336 0.005859 0.005859
0 0.273438 0.580078 0.011719 0.027344
0 0.152344 0.584961 0.023438 0.037109
1 0.977539 0.585938 0.044922 0.042969
1 0.425781 0.602539 0.023438 0.076172
1 0.221680 0.573242 0.009766 0.021484
1 0.165039 0.563477 0.001953 0.001953
0 0.165039 0.559570 0.001953 0.001953
0 0.163086 0.555664 0.001953 0.001953
1 0.403320 0.558594 0.009766 0.011719
1 0.543945 0.567383 0.029297 0.033203
1 0.729492 0.550781 0.005859 0.003906
0 0.857422 0.584961 0.070312 0.076172
1 0.762695 0.544922 0.005859 0.007812
1 0.935547 0.541016 0.003906 0.003906
1 0.692383 0.540039 0.001953 0.001953
1 0.064453 0.558594 0.027344 0.039062
0 0.927734 0.529297 0.003906 0.003906
1 0.725586 0.528320 0.001953 0.001953
1 0.721680 0.528320 0.001953 0.001953
1 0.466797 0.552734 0.039062 0.050781
1 0.403320 0.537109 0.017578 0.019531
1 0.129883 0.549805 0.044922 0.048828
0 0.935547 0.528320 0.007812 0.009766
0 0.877930 0.524414 0.001953 0.001953
1 0.729492 0.524414 0.001953 0.001953
1 0.391602 0.525391 0.001953 0.003906
1 0.401367 0.522461 0.005859 0.005859
1 0.621094 0.590820 0.148438 0.146484
0 0.102539 0.519531 0.005859 0.003906
0 0.731445 0.518555 0.005859 0.005859
0 0.700195 0.514648 0.001953 0.001953
0 0.108398 0.514648 0.005859 0.005859
0 0.100586 0.510742 0.001953 0.001953
1 0.490234 0.511719 0.007812 0.007812
1 0.048828 0.515625 0.007812 0.015625
1 0.012695 0.523438 0.025391 0.031250
1 0.106445 0.506836 0.001953 0.001953
0 0.553711 0.518555 0.048828 0.029297
1 0.514648 0.504883 0.001953 0.001953
1 0.178711 0.520508 0.037109 0.033203
1 0.113281 0.505859 0.003906 0.003906
1 0.102539 0.504883 0.001953 0.001953
1 0.378906 0.503906 0.003906 0.003906
1 0.139648 0.503906 0.001953 0.003906
1 0.508789 0.501953 0.005859 0.003906
1 0.367188 0.515625 0.042969 0.039062
1 0.838867 0.493164 0.001953 0.001953
1 0.794922 0.509766 0.019531 0.035156
1 0.189453 0.494141 0.011719 0.015625
1 0.408203 0.510742 0.046875 0.052734
1 0.138672 0.492188 0.011719 0.015625
1 0.447266 0.484375 0.019531 0.007812
1 0.209961 0.481445 0.001953 0.001953
0 0.938477 0.479492 0.001953 0.001953
1 0.525391 0.494141 0.019531 0.031250
1 0.205078 0.482422 0.003906 0.007812
1 0.112305 0.491211 0.017578 0.025391
0 0.583008 0.480469 0.009766 0.011719
1 0.854492 0.473633 0.001953 0.001953
1 0.457031 0.474609 0.003906 0.003906
0 0.315430 0.539062 0.099609 0.132812
1 0.082031 0.474609 0.011719 0.007812
1 0.009766 0.472656 0.007812 0.011719
0 0.628906 0.466797 0.003906 0.003906
1 0.161133 0.465820 0.001953 0.001953
1 0.157227 0.465820 0.001953 0.001953
1 0.149414 0.470703 0.009766 0.011719
1 0.791016 0.466797 0.011719 0.007812
1 0.174805 0.468750 0.021484 0.011719
1 0.784180 0.458008 0.001953 0.001953
0 0.627930 0.459961 0.005859 0.005859
1 0.076172 0.459961 0.003906 0.005859
0 0.868164 0.457031 0.001953 0.003906
0 0.983398 0.458984 0.005859 0.011719
1 0.160156 0.453125 0.007812 0.007812
1 0.030273 0.450195 0.009766 0.005859
1 0.247070 0.446289 0.005859 0.009766
0 0.731445 0.441406 0.001953 0.003906
1 0.078125 0.447266 0.007812 0.015625
1 0.245117 0.438477 0.001953 0.001953
1 0.055664 0.454102 0.017578 0.033203
1 0.031250 0.441406 0.011719 0.007812
0 0.864258 0.434570 0.001953 0.001953
1 0.031250 0.431641 0.003906 0.003906
0 0.918945 0.499023 0.162109 0.142578
0 0.950195 0.428711 0.001953 0.001953
0 0.875977 0.428711 0.001953 0.001953
0 0.668945 0.428711 0.001953 0.001953
1 0.444336 0.432617 0.005859 0.009766
1 0.206055 0.418945 0.001953 0.001953
1 0.203125 0.425781 0.019531 0.015625
1 0.469727 0.417969 0.005859 0.003906
1 0.342773 0.416992 0.001953 0.001953
0 0.883789 0.411133 0.001953 0.001953
0 0.854492 0.411133 0.001953 0.001953
1 0.429688 0.430664 0.042969 0.041016
1 0.358398 0.415039 0.017578 0.009766
1 0.800781 0.408203 0.003906 0.003906
1 0.147461 0.416016 0.017578 0.019531
0 0.981445 0.416992 0.017578 0.025391
1 0.360352 0.403320 0.001953 0.001953
0 0.853516 0.404297 0.003906 0.007812
1 0.801758 0.402344 0.001953 0.003906
0 0.160156 0.401367 0.003906 0.001953
1 0.814453 0.402344 0.007812 0.007812
1 0.782227 0.399414 0.001953 0.001953
1 0.339844 0.434570 0.058594 0.076172
1 0.145508 0.398438 0.005859 0.003906
1 0.031250 0.400391 0.007812 0.007812
1 0.817383 0.395508 0.001953 0.001953
1 0.803711 0.396484 0.001953 0.003906
1 0.780273 0.391602 0.001953 0.001953
1 0.336914 0.391602 0.001953 0.001953
1 0.174805 0.394531 0.013672 0.007812
1 0.063477 0.396484 0.005859 0.011719
1 0.149414 0.387695 0.001953 0.001953
1 0.082031 0.400391 0.011719 0.027344
1 0.394531 0.386719 0.003906 0.003906
1 0.382812 0.393555 0.046875 0.017578
1 0.370117 0.383789 0.001953 0.001953
1 0.273438 0.384766 0.007812 0.003906
1 0.389648 0.381836 0.001953 0.001953
1 0.250977 0.382812 0.001953 0.003906
1 0.854492 0.379883 0.001953 0.001953
1 0.440430 0.379883 0.001953 0.001953
1 0.782227 0.378906 0.005859 0.003906
1 0.281250 0.379883 0.003906 0.005859
1 0.854492 0.375977 0.005859 0.001953
1 0.348633 0.375977 0.001953 0.001953
1 0.724609 0.455078 0.109375 0.164062
1 0.659180 0.374023 0.001953 0.001953
1 0.781250 0.373047 0.003906 0.003906
1 0.547852 0.383789 0.037109 0.025391
1 0.473633 0.374023 0.001953 0.005859
1 0.325195 0.375977 0.017578 0.009766
1 0.286133 0.373047 0.005859 0.003906
1 0.002930 0.376953 0.005859 0.011719
0 0.994141 0.382812 0.011719 0.027344
0 0.662109 0.370117 0.007812 0.001953
1 0.864258 0.368164 0.001953 0.001953
1 0.854492 0.366211 0.001953 0.001953
1 0.471680 0.367188 0.005859 0.003906
1 0.457031 0.377930 0.023438 0.025391
1 0.361328 0.367188 0.007812 0.003906
1 0.861328 0.365234 0.003906 0.003906
0 0.676758 0.364258 0.001953 0.001953
1 0.435547 0.366211 0.007812 0.005859
1 0.174805 0.380859 0.037109 0.035156
0 0.875000 0.410156 0.066406 0.097656
1 0.190430 0.360352 0.001953 0.001953
1 0.162109 0.361328 0.003906 0.003906
1 0.786133 0.354492 0.001953 0.001953
0 0.902344 0.359375 0.019531 0.015625
0 0.817383 0.350586 0.001953 0.001953
0 0.813477 0.350586 0.001953 0.001953
0 0.739258 0.350586 0.001953 0.001953
1 0.337891 0.361328 0.035156 0.023438
1 0.630859 0.423828 0.085938 0.156250
0 0.784180 0.344727 0.001953 0.001953
1 0.303711 0.345703 0.017578 0.003906
1 0.789062 0.343750 0.003906 0.003906
1 0.252930 0.342773 0.001953 0.001953
0 0.782227 0.340820 0.001953 0.001953
1 0.266602 0.341797 0.001953 0.003906
1 0.260742 0.340820 0.001953 0.001953
1 0.505859 0.345703 0.015625 0.015625
1 0.275391 0.396484 0.046875 0.117188
0 0.956055 0.336914 0.001953 0.001953
0 0.793945 0.333008 0.001953 0.001953
1 0.653320 0.333008 0.001953 0.001953
1 0.627930 0.336914 0.005859 0.009766
1 0.603516 0.365234 0.050781 0.066406
1 0.230469 0.333008 0.003906 0.005859
1 0.643555 0.327148 0.001953 0.001953
1 0.635742 0.331055 0.005859 0.013672
1 0.172852 0.325195 0.001953 0.001953
0 0.725586 0.323242 0.005859 0.001953
0 0.716797 0.326172 0.007812 0.007812
1 0.536133 0.335938 0.033203 0.027344
1 0.422852 0.330078 0.029297 0.019531
0 0.879883 0.319336 0.001953 0.001953
1 0.024414 0.319336 0.001953 0.001953
0 0.928711 0.340820 0.044922 0.048828
1 0.659180 0.318359 0.001953 0.003906
1 0.564453 0.319336 0.007812 0.005859
1 0.545898 0.315430 0.001953 0.001953
1 0.161133 0.315430 0.001953 0.001953
1 0.166016 0.314453 0.003906 0.003906
1 0.512695 0.311523 0.001953 0.001953
1 0.438477 0.311523 0.001953 0.001953
1 0.281250 0.315430 0.011719 0.009766
0 0.686523 0.339844 0.052734 0.066406
1 0.514648 0.308594 0.005859 0.003906
1 0.215820 0.308594 0.009766 0.003906
0 0.893555 0.305664 0.001953 0.001953
1 0.588867 0.305664 0.001953 0.001953
1 0.555664 0.310547 0.009766 0.011719
0 0.545898 0.307617 0.005859 0.005859
0 0.922852 0.301758 0.001953 0.001953
0 0.951172 0.308594 0.019531 0.023438
0 0.932617 0.299805 0.013672 0.005859
1 0.586914 0.297852 0.001953 0.001953
1 0.461914 0.313477 0.029297 0.033203
1 0.434570 0.297852 0.001953 0.001953
1 0.430664 0.297852 0.001953 0.001953
1 0.055664 0.297852 0.001953 0.001953
1 0.708008 0.298828 0.005859 0.007812
1 0.590820 0.295898 0.001953 0.001953
1 0.233398 0.296875 0.005859 0.003906
1 0.383789 0.294922 0.005859 0.003906
1 0.719727 0.291992 0.001953 0.001953
1 0.471680 0.292969 0.005859 0.003906
1 0.051758 0.291992 0.001953 0.001953
1 0.980469 0.312500 0.039062 0.046875
1 0.973633 0.291016 0.005859 0.003906
1 0.442383 0.291992 0.017578 0.005859
1 0.380859 0.291016 0.003906 0.003906
1 0.172852 0.288086 0.001953 0.001953
1 0.969727 0.286133 0.001953 0.001953
0 0.745117 0.286133 0.001953 0.001953
1 0.334961 0.286133 0.001953 0.001953
1 0.235352 0.284180 0.001953 0.001953
1 0.661133 0.282227 0.001953 0.001953
1 0.257812 0.293945 0.039062 0.025391
1 0.692383 0.284180 0.001953 0.009766
1 0.699219 0.284180 0.007812 0.013672
0 0.543945 0.278320 0.001953 0.001953
1 0.138672 0.297852 0.046875 0.041016
1 0.070312 0.314453 0.042969 0.078125
1 0.024414 0.300781 0.041016 0.050781
1 0.527344 0.292969 0.046875 0.050781
1 0.202148 0.285156 0.056641 0.039062
1 0.950195 0.264648 0.001953 0.001953
0 0.859375 0.301758 0.105469 0.087891
0 0.540039 0.259766 0.005859 0.003906
1 0.741211 0.254883 0.001953 0.001953
1 0.737305 0.255859 0.001953 0.003906
1 0.946289 0.253906 0.001953 0.003906
0 0.083008 0.252930 0.001953 0.001953
1 0.222656 0.260742 0.023438 0.021484
1 0.323242 0.249023 0.001953 0.001953
1 0.833984 0.250977 0.007812 0.009766
1 0.205078 0.249023 0.007812 0.005859
1 0.828125 0.245117 0.003906 0.001953
1 0.833984 0.243164 0.003906 0.001953
1 0.620117 0.245117 0.001953 0.005859
1 0.206055 0.243164 0.001953 0.001953
0 0.930664 0.242188 0.001953 0.003906
1 0.077148 0.233398 0.001953 0.001953
1 0.305664 0.244141 0.017578 0.027344
1 0.190430 0.233398 0.005859 0.005859
0 0.861328 0.237305 0.019531 0.017578
1 0.719727 0.223633 0.001953 0.001953
0 0.899414 0.221680 0.001953 0.001953
1 0.885742 0.222656 0.001953 0.003906
1 0.715820 0.221680 0.001953 0.001953
1 0.259766 0.242188 0.027344 0.042969
1 0.196289 0.230469 0.013672 0.027344
1 0.122070 0.217773 0.001953 0.001953
0 0.906250 0.216797 0.007812 0.003906
0 0.784180 0.215820 0.001953 0.001953
0 0.405273 0.220703 0.017578 0.011719
1 0.105469 0.234375 0.054688 0.039062
1 0.695312 0.214844 0.003906 0.003906
1 0.602539 0.263672 0.119141 0.101562
0 0.563477 0.211914 0.001953 0.001953
0 0.927734 0.230469 0.035156 0.042969
0 0.913086 0.209961 0.001953 0.001953
0 0.780273 0.209961 0.001953 0.001953
0 0.749023 0.208008 0.001953 0.001953
0 0.565430 0.208008 0.001953 0.001953
0 0.446289 0.206055 0.001953 0.001953
0 0.930664 0.207031 0.005859 0.007812
0 0.807617 0.206055 0.005859 0.005859
0 0.758789 0.205078 0.001953 0.003906
0 0.801758 0.202148 0.001953 0.001953
1 0.594727 0.210938 0.037109 0.031250
1 0.590820 0.196289 0.001953 0.001953
0 0.410156 0.199219 0.007812 0.007812
1 0.818359 0.201172 0.011719 0.015625
0 0.446289 0.194336 0.001953 0.001953
1 0.575195 0.199219 0.021484 0.015625
1 0.228516 0.197266 0.011719 0.011719
1 0.536133 0.193359 0.013672 0.011719
0 0.717773 0.184570 0.001953 0.001953
0 0.432617 0.219727 0.033203 0.072266
0 0.816406 0.183594 0.003906 0.003906
1 0.228516 0.185547 0.015625 0.007812
1 0.920898 0.180664 0.001953 0.001953
0 0.717773 0.180664 0.001953 0.001953
1 0.966797 0.178711 0.003906 0.001953
1 0.239258 0.178711 0.001953 0.001953
1 0.030273 0.179688 0.001953 0.003906
1 0.827148 0.176758 0.001953 0.001953
1 0.375000 0.177734 0.003906 0.003906
1 0.012695 0.189453 0.025391 0.027344
1 0.228516 0.175781 0.003906 0.003906
1 0.243164 0.172852 0.001953 0.001953
1 0.158203 0.173828 0.003906 0.003906
1 0.553711 0.172852 0.009766 0.005859
0 0.897461 0.168945 0.001953 0.001953
1 0.875977 0.169922 0.001953 0.003906
0 0.833008 0.168945 0.001953 0.001953
1 0.140625 0.169922 0.003906 0.003906
1 0.243164 0.167969 0.001953 0.003906
0 0.976562 0.210938 0.046875 0.093750
1 0.877930 0.165039 0.001953 0.001953
0 0.823242 0.165039 0.001953 0.001953
1 0.490234 0.197266 0.070312 0.066406
1 0.273438 0.176758 0.046875 0.025391
1 0.567383 0.176758 0.013672 0.029297
1 0.671875 0.163086 0.007812 0.005859
1 0.718750 0.262695 0.167969 0.205078
1 0.620117 0.168945 0.021484 0.017578
1 0.339844 0.165039 0.011719 0.009766
1 0.989258 0.155273 0.001953 0.001953
1 0.964844 0.161133 0.011719 0.013672
0 0.894531 0.155273 0.003906 0.001953
1 0.358398 0.161133 0.017578 0.013672
1 0.346680 0.155273 0.001953 0.001953
1 0.631836 0.153320 0.001953 0.001953
1 0.367188 0.154297 0.003906 0.003906
1 0.340820 0.155273 0.005859 0.005859
1 0.331055 0.153320 0.001953 0.001953
1 0.154297 0.164062 0.031250 0.023438
1 0.346680 0.149414 0.001953 0.001953
1 0.447266 0.154297 0.011719 0.015625
1 0.978516 0.151367 0.015625 0.013672
0 0.916992 0.154297 0.041016 0.027344
0 0.620117 0.141602 0.001953 0.001953
1 0.316406 0.161133 0.027344 0.041016
0 0.616211 0.139648 0.001953 0.001953
1 0.332031 0.140625 0.007812 0.003906
1 0.190430 0.143555 0.009766 0.013672
0 0.880859 0.150391 0.019531 0.031250
0 0.632812 0.136719 0.003906 0.003906
0 0.887695 0.133789 0.001953 0.001953
0 0.795898 0.131836 0.001953 0.001953
1 0.670898 0.127930 0.001953 0.001953
0 0.786133 0.131836 0.013672 0.013672
1 0.411133 0.146484 0.076172 0.042969
1 0.448242 0.125000 0.009766 0.007812
0 0.799805 0.125000 0.009766 0.011719
1 0.666992 0.119141 0.001953 0.003906
1 0.461914 0.120117 0.001953 0.005859
1 0.608398 0.132812 0.037109 0.035156
0 0.744141 0.109375 0.003906 0.003906
0 0.850586 0.161133 0.103516 0.111328
0 0.827148 0.107422 0.001953 0.003906
1 0.094727 0.118164 0.025391 0.025391
0 0.987305 0.118164 0.009766 0.033203
1 0.666992 0.102539 0.005859 0.013672
0 0.528320 0.097656 0.005859 0.003906
1 0.089844 0.101562 0.011719 0.011719
0 0.805664 0.093750 0.005859 0.003906
1 0.649414 0.114258 0.041016 0.048828
1 0.664062 0.090820 0.003906 0.005859
0 0.807617 0.086914 0.001953 0.001953
0 0.508789 0.084961 0.001953 0.001953
0 0.520508 0.083984 0.005859 0.003906
1 0.229492 0.083008 0.001953 0.001953
1 0.407227 0.081055 0.001953 0.001953
0 0.021484 0.106445 0.042969 0.052734
0 0.816406 0.084961 0.011719 0.013672
0 0.750977 0.079102 0.001953 0.001953
0 0.516602 0.079102 0.001953 0.001953
0 0.788086 0.094727 0.033203 0.037109
0 0.529297 0.078125 0.003906 0.003906
0 0.909180 0.075195 0.005859 0.001953
1 0.499023 0.080078 0.013672 0.015625
0 0.244141 0.077148 0.011719 0.009766
0 0.535156 0.069336 0.003906 0.001953
1 0.375977 0.071289 0.021484 0.009766
0 0.762695 0.080078 0.017578 0.031250
1 0.675781 0.066406 0.003906 0.003906
0 0.508789 0.065430 0.001953 0.001953
0 0.772461 0.064453 0.001953 0.003906
1 0.635742 0.063477 0.001953 0.001953
0 0.749023 0.063477 0.009766 0.005859
0 0.536133 0.061523 0.001953 0.001953
1 0.475586 0.067383 0.013672 0.013672
0 0.520508 0.059570 0.001953 0.001953
1 0.481445 0.059570 0.001953 0.001953
0 0.849609 0.058594 0.003906 0.003906
0 0.778320 0.057617 0.001953 0.001953
0 0.742188 0.129883 0.140625 0.150391
0 0.742188 0.053711 0.003906 0.001953
0 0.606445 0.075195 0.044922 0.044922
0 0.528320 0.059570 0.013672 0.013672
1 0.915039 0.051758 0.001953 0.001953
0 0.750977 0.052734 0.009766 0.007812
1 0.493164 0.049805 0.001953 0.001953
1 0.947266 0.047852 0.003906 0.001953
0 0.238281 0.059570 0.031250 0.029297
1 0.534180 0.043945 0.001953 0.001953
1 0.540039 0.042969 0.005859 0.003906
1 0.510742 0.047852 0.013672 0.017578
0 0.752930 0.038086 0.001953 0.001953
1 0.602539 0.041016 0.005859 0.007812
0 0.500000 0.039062 0.003906 0.003906
0 0.480469 0.047852 0.015625 0.021484
0 0.564453 0.081055 0.066406 0.091797
0 0.475586 0.036133 0.001953 0.001953
0 0.246094 0.038086 0.007812 0.005859
0 0.237305 0.037109 0.001953 0.003906
1 0.910156 0.034180 0.003906 0.001953
1 0.552734 0.035156 0.007812 0.003906
1 0.696289 0.032227 0.005859 0.005859
1 0.567383 0.032227 0.013672 0.009766
1 0.949219 0.034180 0.011719 0.017578
1 0.649414 0.026367 0.001953 0.001953
1 0.569336 0.026367 0.001953 0.001953
0 0.698242 0.022461 0.001953 0.001953
1 0.645508 0.023438 0.001953 0.003906
1 0.575195 0.022461 0.001953 0.001953
0 0.381836 0.020508 0.001953 0.001953
0 0.692383 0.020508 0.005859 0.005859
1 0.653320 0.019531 0.001953 0.003906
1 0.291016 0.019531 0.003906 0.003906
0 0.489258 0.017578 0.001953 0.003906
0 0.526367 0.014648 0.001953 0.001953
0 0.485352 0.014648 0.001953 0.001953
0 0.715820 0.012695 0.001953 0.001953
0 0.450195 0.015625 0.013672 0.011719
0 0.471680 0.016602 0.021484 0.017578
1 0.897461 0.020508 0.025391 0.029297
1 0.756836 0.007812 0.001953 0.003906
0 0.448242 0.005859 0.005859 0.003906
1 0.546875 0.010742 0.019531 0.017578
0 0.458008 0.002930 0.001953 0.001953
1 0.366211 0.012695 0.017578 0.021484
1 0.916992 0.000977 0.001953 0.001953
1 0.901367 0.002930 0.017578 0.005859
0 0.873047 0.063477 0.140625 0.126953
0 0.776367 0.027344 0.037109 0.054688
0 0.729492 0.000977 0.001953 0.001953
0 0.712891 0.014648 0.027344 0.029297
1 0.694336 0.007812 0.005859 0.015625
1 0.625977 0.000977 0.001953 0.001953
0 0.513672 0.004883 0.023438 0.009766
0 0.454102 0.000977 0.001953 0.001953
1 0.431641 0.013672 0.023438 0.027344
1 0.290039 0.052734 0.041016 0.105469
0 0.216797 0.005859 0.031250 0.011719
1 0.192383 0.015625 0.025391 0.031250
0 0.035156 0.015625 0.023438 0.031250
2 0.758789 0.999023 0.001953 0.001953
2 0.702148 0.999023 0.001953 0.001953
2 0.696289 0.999023 0.001953 0.001953
3 0.626953 0.999023 0.003906 0.001953
3 0.648438 0.998047 0.003906 0.003906
3 0.643555 0.998047 0.001953 0.003906
2 0.788086 0.996094 0.013672 0.007812
2 0.696289 0.993164 0.001953 0.001953
3 0.653320 0.993164 0.001953 0.001953
3 0.628906 0.992188 0.003906 0.003906
3 0.650391 0.990234 0.003906 0.003906
3 0.656250 0.985352 0.003906 0.001953
3 0.607422 0.987305 0.003906 0.005859
2 0.941406 0.985352 0.003906 0.005859
3 0.628906 0.985352 0.007812 0.005859
2 0.938477 0.982422 0.001953 0.003906
3 0.663086 0.983398 0.005859 0.005859
3 0.656250 0.980469 0.003906 0.003906
3 0.642578 0.981445 0.003906 0.005859
3 0.637695 0.979492 0.001953 0.001953
2 0.942383 0.976562 0.001953 0.003906
3 0.669922 0.975586 0.003906 0.001953
2 0.934570 0.973633 0.005859 0.005859
3 0.676758 0.971680 0.001953 0.001953
2 0.613281 0.972656 0.003906 0.003906
2 0.607422 0.970703 0.003906 0.003906
3 0.672852 0.967773 0.001953 0.001953
3 0.668945 0.961914 0.001953 0.001953
2 0.625977 0.945312 0.005859 0.003906
3 0.618164 0.944336 0.001953 0.001953
3 0.631836 0.942383 0.001953 0.001953
2 0.624023 0.940430 0.001953 0.001953
3 0.625977 0.933594 0.005859 0.007812
2 0.999023 0.922852 0.001953 0.001953
2 0.988281 0.922852 0.003906 0.001953
2 0.994141 0.920898 0.003906 0.001953
2 0.973633 0.918945 0.001953 0.001953
2 0.981445 0.908203 0.013672 0.015625
2 0.998047 0.867188 0.003906 0.015625
2 0.943359 0.694336 0.003906 0.005859
2 0.958008 0.661133 0.001953 0.001953
3 0.954102 0.662109 0.001953 0.003906
2 0.992188 0.591797 0.003906 0.003906
2 0.983398 0.506836 0.001953 0.001953
2 0.904297 0.505859 0.003906 0.003906
2 0.888672 0.500977 0.003906 0.005859
2 0.878906 0.496094 0.003906 0.011719
2 0.905273 0.485352 0.001953 0.001953
2 0.902344 0.471680 0.011719 0.013672
2 0.930664 0.458008 0.001953 0.001953
2 0.920898 0.460938 0.009766 0.007812
2 0.936523 0.451172 0.001953 0.003906
2 0.993164 0.389648 0.001953 0.001953
2 0.999023 0.388672 0.001953 0.003906
3 0.979492 0.317383 0.001953 0.001953
3 0.985352 0.301758 0.001953 0.001953
2 0.976562 0.249023 0.007812 0.005859
2 0.981445 0.223633 0.037109 0.048828
2 0.976562 0.204102 0.003906 0.009766
2 0.999023 0.184570 0.001953 0.001953
2 0.894531 0.117188 0.003906 0.003906
2 0.012695 0.114258 0.001953 0.001953
2 0.022461 0.109375 0.005859 0.011719
2 0.894531 0.091797 0.003906 0.003906
2 0.883789 0.088867 0.013672 0.025391
2 0.770508 0.016602 0.001953 0.001953
3 0.434570 0.014648 0.001953 0.001953
2 0.782227 0.010742 0.001953 0.001953
2 0.775391 0.000977 0.007812 0.001953
3 0.190430 0.000977 0.001953 0.001953
3 0.500000 0.500000 1.000000 1.000000