1 0.815430 0.999023 0.001953 0.001953
1 0.602539 0.999023 0.001953 0.001953
1 0.230469 0.998047 0.003906 0.003906
1 0.846680 0.989258 0.001953 0.001953
1 0.796875 0.987305 0.035156 0.025391
1 0.848633 0.973633 0.001953 0.001953
1 0.843750 0.979492 0.015625 0.013672
1 0.647461 0.967773 0.001953 0.001953
0 0.719727 0.965820 0.021484 0.021484
1 0.228516 0.954102 0.015625 0.029297
1 0.195312 0.941406 0.007812 0.007812
1 0.755859 0.929688 0.003906 0.003906
1 0.750977 0.928711 0.001953 0.001953
1 0.801758 0.872070 0.001953 0.001953
1 0.810547 0.875977 0.011719 0.013672
1 0.799805 0.854492 0.001953 0.001953
1 0.803711 0.852539 0.005859 0.005859
0 0.559570 0.844727 0.005859 0.005859
1 0.793945 0.840820 0.001953 0.001953
0 0.583008 0.839844 0.005859 0.003906
1 0.802734 0.838867 0.007812 0.005859
1 0.963867 0.826172 0.005859 0.003906
1 0.814453 0.826172 0.003906 0.003906
1 0.930664 0.807617 0.001953 0.001953
1 0.875977 0.795898 0.001953 0.001953
0 0.626953 0.797852 0.027344 0.013672
1 0.624023 0.768555 0.001953 0.001953
1 0.567383 0.770508 0.005859 0.009766
1 0.200195 0.757812 0.005859 0.003906
1 0.620117 0.757812 0.005859 0.011719
1 0.607422 0.750977 0.015625 0.013672
1 0.202148 0.739258 0.013672 0.009766
1 0.587891 0.727539 0.003906 0.005859
1 0.569336 0.718750 0.001953 0.003906
1 0.227539 0.722656 0.021484 0.019531
1 0.797852 0.718750 0.021484 0.019531
1 0.797852 0.706055 0.001953 0.001953
1 0.590820 0.714844 0.013672 0.019531
1 0.028320 0.705078 0.001953 0.003906
1 0.819336 0.707031 0.013672 0.011719
0 0.103516 0.701172 0.003906 0.003906
1 0.034180 0.701172 0.001953 0.003906
1 0.803711 0.694336 0.001953 0.001953
1 0.778320 0.690430 0.001953 0.001953
0 0.977539 0.689453 0.001953 0.003906
0 0.045898 0.688477 0.001953 0.001953
1 0.798828 0.686523 0.003906 0.001953
0 0.032227 0.684570 0.001953 0.001953
1 0.999023 0.682617 0.001953 0.001953
1 0.796875 0.681641 0.003906 0.003906
1 0.788086 0.685547 0.017578 0.011719
0 0.969727 0.678711 0.001953 0.001953
0 0.125977 0.678711 0.001953 0.001953
0 0.040039 0.684570 0.009766 0.013672
0 0.010742 0.683594 0.017578 0.011719
1 0.797852 0.676758 0.001953 0.001953
1 0.183594 0.681641 0.007812 0.011719
0 0.134766 0.678711 0.007812 0.005859
1 0.819336 0.684570 0.033203 0.033203
0 0.999023 0.666992 0.001953 0.001953
1 0.125000 0.667969 0.003906 0.007812
1 0.184570 0.663086 0.001953 0.001953
0 0.991211 0.659180 0.001953 0.001953
1 0.190430 0.664062 0.005859 0.011719
0 0.996094 0.651367 0.003906 0.001953
0 0.991211 0.653320 0.005859 0.005859
0 0.040039 0.626953 0.001953 0.003906
1 0.333984 0.624023 0.003906 0.005859
1 0.674805 0.606445 0.001953 0.001953
1 0.644531 0.602539 0.015625 0.009766
1 0.949219 0.588867 0.003906 0.005859
1 0.000977 0.565430 0.001953 0.005859
1 0.967773 0.552734 0.005859 0.007812
1 0.973633 0.536133 0.001953 0.001953
1 0.979492 0.530273 0.005859 0.005859
1 0.971680 0.529297 0.005859 0.007812
1 0.998047 0.514648 0.003906 0.021484
1 0.817383 0.504883 0.001953 0.001953
1 0.816406 0.484375 0.003906 0.003906
1 0.840820 0.473633 0.001953 0.001953
1 0.790039 0.489258 0.056641 0.033203
1 0.852539 0.462891 0.025391 0.015625
1 0.730469 0.453125 0.003906 0.003906
1 0.309570 0.452148 0.001953 0.001953
1 0.973633 0.451172 0.001953 0.007812
1 0.311523 0.448242 0.001953 0.001953
1 0.952148 0.446289 0.001953 0.001953
1 0.973633 0.430664 0.001953 0.001953
1 0.918945 0.428711 0.001953 0.001953
1 0.928711 0.430664 0.005859 0.009766
1 0.922852 0.427734 0.001953 0.003906
1 0.278320 0.403320 0.001953 0.001953
1 0.282227 0.399414 0.001953 0.001953
1 0.278320 0.395508 0.001953 0.001953
1 0.030273 0.395508 0.001953 0.001953
1 0.040039 0.394531 0.005859 0.003906
1 0.979492 0.383789 0.001953 0.001953
1 0.391602 0.368164 0.005859 0.005859
1 0.981445 0.356445 0.001953 0.001953
1 0.975586 0.365234 0.009766 0.023438
1 0.511719 0.347656 0.003906 0.003906
1 0.971680 0.331055 0.001953 0.005859
1 0.510742 0.331055 0.005859 0.005859
1 0.977539 0.327148 0.005859 0.005859
1 0.972656 0.322266 0.003906 0.003906
1 0.864258 0.318359 0.005859 0.011719
1 0.266602 0.310547 0.005859 0.003906
1 0.321289 0.307617 0.009766 0.009766
1 0.391602 0.297852 0.001953 0.001953
1 0.328125 0.299805 0.007812 0.005859
1 0.573242 0.293945 0.001953 0.001953
1 0.998047 0.290039 0.003906 0.005859
1 0.370117 0.288086 0.001953 0.001953
1 0.983398 0.304688 0.033203 0.039062
1 0.576172 0.284180 0.003906 0.001953
1 0.813477 0.284180 0.001953 0.005859
1 0.284180 0.290039 0.013672 0.017578
1 0.166992 0.276367 0.001953 0.001953
1 0.935547 0.274414 0.003906 0.001953
1 0.292969 0.275391 0.003906 0.007812
1 0.391602 0.270508 0.001953 0.001953
1 0.076172 0.263672 0.007812 0.007812
1 0.395508 0.263672 0.009766 0.015625
1 0.181641 0.256836 0.003906 0.001953
1 0.994141 0.242188 0.003906 0.003906
1 0.881836 0.238281 0.001953 0.003906
1 0.999023 0.234375 0.001953 0.003906
1 0.570312 0.234375 0.003906 0.003906
1 0.470703 0.230469 0.003906 0.007812
1 0.480469 0.236328 0.011719 0.023438
1 0.401367 0.211914 0.005859 0.001953
1 0.661133 0.172852 0.001953 0.001953
1 0.586914 0.145508 0.001953 0.005859
1 0.625977 0.138672 0.021484 0.011719
1 0.643555 0.125977 0.001953 0.001953
1 0.988281 0.099609 0.003906 0.003906
1 0.996094 0.094727 0.007812 0.013672
1 0.065430 0.088867 0.001953 0.001953
1 0.538086 0.087891 0.001953 0.003906
1 0.546875 0.085938 0.007812 0.011719
1 0.467773 0.082031 0.001953 0.003906
1 0.047852 0.092773 0.029297 0.025391
1 0.888672 0.081055 0.007812 0.005859
1 0.566406 0.082031 0.003906 0.007812
1 0.479492 0.073242 0.001953 0.001953
1 0.879883 0.071289 0.001953 0.001953
1 0.018555 0.065430 0.001953 0.001953
1 0.875977 0.054688 0.005859 0.007812
1 0.988281 0.049805 0.003906 0.001953
1 0.723633 0.048828 0.017578 0.019531
1 0.846680 0.032227 0.005859 0.005859
3 0.500000 0.500000 1.000000 1.000000