0 0.125977 0.999023 0.005859 0.001953
0 0.127930 0.994141 0.005859 0.003906
0 0.061523 0.992188 0.005859 0.003906
1 0.009766 0.995117 0.015625 0.009766
1 0.374023 0.994141 0.013672 0.011719
0 0.040039 0.990234 0.017578 0.007812
1 0.010742 0.988281 0.005859 0.003906
0 0.849609 0.979492 0.003906 0.001953
1 0.999023 0.975586 0.001953 0.001953
0 0.141602 0.977539 0.013672 0.009766
1 0.410156 0.974609 0.015625 0.011719
1 0.870117 0.983398 0.025391 0.033203
1 0.692383 0.982422 0.033203 0.035156
0 0.272461 0.965820 0.001953 0.001953
0 0.190430 0.979492 0.017578 0.029297
1 0.900391 0.964844 0.007812 0.007812
1 0.674805 0.959961 0.005859 0.001953
0 0.402344 0.959961 0.003906 0.001953
0 0.337891 0.958008 0.003906 0.001953
0 0.561523 0.956055 0.001953 0.001953
1 0.913086 0.954102 0.001953 0.001953
0 0.347656 0.976562 0.050781 0.046875
0 0.523438 0.951172 0.003906 0.003906
0 0.403320 0.950195 0.005859 0.005859
1 0.974609 0.972656 0.039062 0.054688
0 0.308594 0.958984 0.019531 0.027344
1 0.882812 0.943359 0.015625 0.011719
1 0.997070 0.935547 0.005859 0.003906
0 0.475586 0.933594 0.001953 0.003906
0 0.815430 0.930664 0.001953 0.001953
1 0.588867 0.945312 0.021484 0.031250
0 0.788086 0.933594 0.013672 0.015625
1 0.683594 0.939453 0.019531 0.031250
1 0.028320 0.949219 0.017578 0.050781
1 0.999023 0.921875 0.001953 0.003906
1 0.584961 0.924805 0.013672 0.009766
0 0.904297 0.919922 0.023438 0.003906
1 0.319336 0.918945 0.001953 0.001953
1 0.602539 0.919922 0.005859 0.015625
1 0.495117 0.956055 0.048828 0.087891
1 0.017578 0.922852 0.015625 0.021484
1 0.445312 0.920898 0.019531 0.021484
1 0.997070 0.912109 0.005859 0.007812
0 0.947266 0.911133 0.003906 0.009766
1 0.225586 0.953125 0.056641 0.093750
0 0.066406 0.907227 0.007812 0.005859
1 0.612305 0.911133 0.013672 0.017578
0 0.480469 0.903320 0.003906 0.001953
1 0.410156 0.906250 0.007812 0.007812
0 0.345703 0.931641 0.167969 0.062500
1 0.209961 0.915039 0.021484 0.029297
0 0.056641 0.899414 0.003906 0.005859
1 0.640625 0.894531 0.003906 0.003906
0 0.077148 0.892578 0.005859 0.003906
1 0.857422 0.888672 0.015625 0.007812
1 0.527344 0.897461 0.011719 0.025391
1 0.378906 0.884766 0.023438 0.011719
0 0.042969 0.888672 0.015625 0.019531
1 0.301758 0.888672 0.060547 0.023438
0 0.711914 0.875977 0.001953 0.001953
1 0.589844 0.897461 0.050781 0.048828
0 0.455078 0.883789 0.019531 0.021484
0 0.978516 0.870117 0.003906 0.001953
1 0.019531 0.876953 0.007812 0.015625
0 0.568359 0.865234 0.007812 0.007812
0 0.463867 0.860352 0.001953 0.001953
1 0.479492 0.866211 0.021484 0.021484
1 0.928711 0.862305 0.013672 0.017578
0 0.471680 0.854492 0.001953 0.001953
0 0.995117 0.850586 0.001953 0.001953
1 0.422852 0.844727 0.001953 0.001953
1 0.274414 0.857422 0.041016 0.027344
1 0.905273 0.849609 0.021484 0.015625
0 0.961914 0.863281 0.033203 0.046875
0 0.477539 0.840820 0.001953 0.001953
0 0.216797 0.851562 0.023438 0.023438
0 0.438477 0.839844 0.005859 0.003906
1 0.910156 0.895508 0.097656 0.119141
1 0.901367 0.836914 0.005859 0.005859
1 0.778320 0.845703 0.037109 0.023438
0 0.484375 0.836914 0.011719 0.005859
1 0.909180 0.832031 0.005859 0.003906
0 0.237305 0.831055 0.001953 0.001953
1 0.516602 0.844727 0.060547 0.033203
0 0.459961 0.841797 0.025391 0.027344
0 0.213867 0.830078 0.001953 0.003906
0 0.500977 0.827148 0.001953 0.001953
0 0.226562 0.831055 0.011719 0.013672
0 0.715820 0.836914 0.048828 0.029297
0 0.841797 0.826172 0.011719 0.023438
1 0.899414 0.822266 0.021484 0.019531
1 0.323242 0.839844 0.064453 0.054688
0 0.526367 0.817383 0.009766 0.013672
1 0.314453 0.815430 0.007812 0.013672
1 0.972656 0.821289 0.039062 0.033203
1 0.904297 0.805664 0.003906 0.005859
1 0.356445 0.809570 0.017578 0.013672
0 0.401367 0.799805 0.001953 0.001953
0 0.684570 0.800781 0.005859 0.011719
0 0.665039 0.801758 0.021484 0.013672
1 0.861328 0.793945 0.003906 0.001953
1 0.388672 0.797852 0.011719 0.009766
1 0.330078 0.799805 0.015625 0.013672
1 0.003906 0.799805 0.007812 0.013672
1 0.243164 0.803711 0.052734 0.029297
1 0.091797 0.811523 0.023438 0.044922
0 0.120117 0.893555 0.162109 0.212891
1 0.917969 0.786133 0.007812 0.009766
1 0.955078 0.781250 0.015625 0.011719
0 0.651367 0.768555 0.017578 0.005859
1 0.095703 0.770508 0.042969 0.017578
1 0.150391 0.791992 0.062500 0.064453
0 0.577148 0.759766 0.009766 0.003906
0 0.656250 0.757812 0.011719 0.007812
1 0.310547 0.764648 0.007812 0.021484
1 0.285156 0.760742 0.027344 0.013672
0 0.649414 0.752930 0.001953 0.001953
1 0.234375 0.761719 0.027344 0.019531
0 0.006836 0.758789 0.013672 0.013672
1 0.246094 0.752930 0.007812 0.005859
1 0.838867 0.766602 0.068359 0.041016
0 0.492188 0.749023 0.003906 0.005859
1 0.334961 0.752930 0.013672 0.013672
1 0.863281 0.757812 0.031250 0.031250
1 0.272461 0.743164 0.001953 0.001953
1 0.744141 0.751953 0.027344 0.035156
1 0.893555 0.736328 0.005859 0.007812
1 0.111328 0.737305 0.011719 0.009766
1 0.804688 0.804688 0.117188 0.148438
1 0.895508 0.729492 0.001953 0.001953
1 0.670898 0.729492 0.001953 0.001953
0 0.797852 0.727539 0.005859 0.005859
1 0.678711 0.725586 0.001953 0.001953
1 0.659180 0.727539 0.017578 0.005859
1 0.944336 0.730469 0.013672 0.015625
0 0.817383 0.721680 0.001953 0.001953
1 0.627930 0.723633 0.005859 0.005859
1 0.841797 0.722656 0.003906 0.007812
1 0.681641 0.718750 0.003906 0.007812
0 0.267578 0.716797 0.011719 0.003906
1 0.980469 0.735352 0.039062 0.048828
0 0.442383 0.716797 0.013672 0.011719
1 0.325195 0.711914 0.001953 0.001953
1 0.875977 0.721680 0.044922 0.029297
1 0.676758 0.709961 0.005859 0.005859
1 0.152344 0.708984 0.003906 0.003906
1 0.826172 0.721680 0.015625 0.033203
0 0.804688 0.711914 0.015625 0.013672
1 0.109375 0.712891 0.019531 0.023438
0 0.561523 0.701172 0.005859 0.003906
1 0.140625 0.703125 0.015625 0.011719
1 0.339844 0.697266 0.003906 0.003906
1 0.346680 0.694336 0.001953 0.001953
1 0.438477 0.698242 0.013672 0.013672
1 0.776367 0.693359 0.021484 0.019531
1 0.361328 0.693359 0.023438 0.023438
1 0.214844 0.714844 0.156250 0.078125
1 0.661133 0.678711 0.013672 0.013672
1 0.457031 0.673828 0.003906 0.003906
0 0.204102 0.672852 0.001953 0.001953
0 0.602539 0.673828 0.005859 0.007812
0 0.842773 0.668945 0.005859 0.001953
0 0.625000 0.673828 0.015625 0.019531
1 0.376953 0.720703 0.136719 0.113281
1 0.135742 0.666992 0.009766 0.009766
1 0.396484 0.674805 0.039062 0.037109
0 0.841797 0.659180 0.023438 0.009766
0 0.405273 0.656250 0.005859 0.007812
1 0.920898 0.651367 0.001953 0.001953
1 0.916016 0.651367 0.003906 0.001953
1 0.429688 0.659180 0.027344 0.021484
0 0.600586 0.651367 0.013672 0.013672
1 0.047852 0.770508 0.095703 0.251953
1 0.933594 0.648438 0.019531 0.011719
1 0.778320 0.650391 0.009766 0.015625
1 0.990234 0.659180 0.019531 0.037109
0 0.833984 0.643555 0.019531 0.021484
1 0.764648 0.632812 0.013672 0.007812
0 0.626953 0.632812 0.015625 0.007812
0 0.599609 0.630859 0.027344 0.007812
1 0.446289 0.633789 0.029297 0.013672
1 0.210938 0.650391 0.171875 0.046875
1 0.379883 0.629883 0.041016 0.017578
1 0.092773 0.628906 0.029297 0.023438
0 0.615234 0.615234 0.011719 0.007812
1 0.874023 0.624023 0.029297 0.029297
0 0.246094 0.608398 0.003906 0.005859
0 0.286133 0.606445 0.005859 0.005859
1 0.578125 0.610352 0.015625 0.017578
1 0.362305 0.602539 0.005859 0.005859
0 0.315430 0.602539 0.009766 0.009766
1 0.683594 0.597656 0.015625 0.007812
1 0.475586 0.596680 0.005859 0.005859
0 0.625000 0.593750 0.003906 0.003906
1 0.358398 0.591797 0.005859 0.003906
1 0.845703 0.588867 0.003906 0.001953
1 0.790039 0.604492 0.041016 0.037109
1 0.002930 0.583008 0.005859 0.009766
1 0.152344 0.595703 0.125000 0.039062
1 0.024414 0.610352 0.037109 0.068359
0 0.544922 0.579102 0.003906 0.009766
0 0.639648 0.573242 0.001953 0.001953
1 0.012695 0.572266 0.005859 0.003906
1 0.788086 0.571289 0.005859 0.005859
0 0.544922 0.570312 0.003906 0.003906
1 0.838867 0.567383 0.001953 0.001953
1 0.754883 0.576172 0.009766 0.019531
1 0.334961 0.571289 0.013672 0.009766
1 0.935547 0.563477 0.011719 0.009766
0 0.516602 0.561523 0.013672 0.005859
1 0.569336 0.572266 0.017578 0.031250
1 0.352539 0.562500 0.021484 0.011719
0 0.533203 0.558594 0.007812 0.007812
0 0.625000 0.556641 0.007812 0.007812
0 0.612305 0.554688 0.005859 0.003906
1 0.916016 0.632812 0.167969 0.164062
0 0.618164 0.549805 0.001953 0.001953
0 0.549805 0.553711 0.009766 0.009766
1 0.832031 0.558594 0.023438 0.023438
1 0.590820 0.551758 0.021484 0.017578
1 0.805664 0.554688 0.037109 0.027344
0 0.583984 0.541016 0.007812 0.003906
0 0.631836 0.547852 0.021484 0.021484
1 0.332031 0.536133 0.003906 0.001953
1 0.047852 0.536133 0.001953 0.001953
1 0.014648 0.539062 0.017578 0.011719
0 0.177734 0.535156 0.007812 0.007812
1 0.655273 0.550781 0.025391 0.046875
1 0.837891 0.532227 0.023438 0.013672
0 0.617188 0.528320 0.011719 0.021484
1 0.098633 0.535156 0.056641 0.039062
1 0.366211 0.515625 0.005859 0.003906
1 0.142578 0.537109 0.019531 0.046875
1 0.026367 0.519531 0.013672 0.011719
0 0.649414 0.515625 0.005859 0.007812
1 0.958984 0.516602 0.015625 0.013672
0 0.274414 0.516602 0.009766 0.013672
0 0.271484 0.555664 0.109375 0.095703
1 0.754883 0.518555 0.025391 0.025391
1 0.359375 0.518555 0.023438 0.033203
0 0.738281 0.501953 0.007812 0.007812
0 0.265625 0.500000 0.007812 0.003906
1 0.832031 0.497070 0.003906 0.001953
0 0.953125 0.497070 0.003906 0.005859
1 0.031250 0.500977 0.019531 0.013672
0 0.545898 0.494141 0.013672 0.007812
0 0.459961 0.493164 0.005859 0.009766
1 0.267578 0.491211 0.007812 0.005859
0 0.259766 0.490234 0.003906 0.003906
1 0.963867 0.492188 0.013672 0.011719
0 0.465820 0.487305 0.001953 0.001953
0 0.733398 0.486328 0.005859 0.003906
1 0.991211 0.490234 0.017578 0.015625
1 0.066406 0.507812 0.035156 0.050781
1 0.303711 0.492188 0.013672 0.023438
0 0.619141 0.499023 0.042969 0.044922
0 0.470703 0.477539 0.003906 0.001953
1 0.765625 0.476562 0.003906 0.003906
1 0.402344 0.479492 0.011719 0.009766
1 0.252930 0.473633 0.009766 0.005859
1 0.740234 0.474609 0.019531 0.015625
0 0.710938 0.468750 0.003906 0.003906
0 0.507812 0.469727 0.019531 0.009766
1 0.388672 0.466797 0.003906 0.003906
1 0.272461 0.474609 0.021484 0.019531
1 0.902344 0.498047 0.023438 0.074219
0 0.568359 0.480469 0.023438 0.039062
1 0.368164 0.463867 0.005859 0.005859
0 0.223633 0.466797 0.017578 0.011719
0 0.999023 0.459961 0.001953 0.001953
0 0.840820 0.459961 0.001953 0.001953
1 0.938477 0.458008 0.005859 0.005859
0 0.773438 0.464844 0.023438 0.019531
0 0.689453 0.461914 0.031250 0.013672
1 0.305664 0.456055 0.001953 0.001953
0 0.854492 0.458008 0.021484 0.009766
0 0.168945 0.497070 0.119141 0.087891
1 0.059570 0.467773 0.033203 0.029297
0 0.999023 0.453125 0.001953 0.003906
0 0.542969 0.454102 0.023438 0.013672
0 0.133789 0.449219 0.005859 0.007812
0 0.802734 0.445312 0.003906 0.003906
0 0.145508 0.447266 0.005859 0.007812
0 0.515625 0.453125 0.023438 0.023438
1 0.279297 0.440430 0.003906 0.005859
1 0.957031 0.450195 0.023438 0.033203
1 0.590820 0.434570 0.001953 0.001953
0 0.832031 0.436523 0.007812 0.009766
1 0.957031 0.431641 0.003906 0.003906
0 0.152344 0.432617 0.007812 0.005859
1 0.981445 0.446289 0.033203 0.037109
1 0.465820 0.432617 0.017578 0.013672
0 0.693359 0.429688 0.019531 0.011719
0 0.084961 0.426758 0.005859 0.005859
0 0.209961 0.422852 0.001953 0.001953
1 0.969727 0.422852 0.005859 0.005859
0 0.133789 0.426758 0.021484 0.013672
0 0.030273 0.424805 0.021484 0.009766
0 0.127930 0.413086 0.005859 0.001953
0 0.041992 0.414062 0.001953 0.003906
0 0.236328 0.436523 0.050781 0.052734
1 0.507812 0.410156 0.007812 0.007812
0 0.194336 0.405273 0.001953 0.001953
1 0.490234 0.405273 0.007812 0.005859
0 0.227539 0.406250 0.017578 0.007812
0 0.274414 0.401367 0.001953 0.001953
0 0.577148 0.433594 0.099609 0.070312
1 0.298828 0.400391 0.007812 0.007812
0 0.770508 0.396484 0.005859 0.007812
0 0.518555 0.395508 0.005859 0.005859
1 0.322266 0.397461 0.015625 0.009766
1 0.301758 0.393555 0.001953 0.001953
0 0.159180 0.393555 0.005859 0.001953
0 0.164062 0.402344 0.042969 0.019531
0 0.049805 0.394531 0.005859 0.003906
1 0.596680 0.393555 0.005859 0.009766
1 0.483398 0.394531 0.013672 0.011719
1 0.169922 0.389648 0.007812 0.005859
1 0.857422 0.389648 0.007812 0.009766
0 0.290039 0.393555 0.013672 0.017578
0 0.247070 0.383789 0.001953 0.001953
0 0.418945 0.400391 0.037109 0.039062
0 0.242188 0.381836 0.003906 0.001953
0 0.277344 0.380859 0.011719 0.003906
1 0.024414 0.381836 0.009766 0.005859
1 0.638672 0.382812 0.011719 0.011719
0 0.541992 0.385742 0.017578 0.021484
1 0.856445 0.407227 0.025391 0.068359
0 0.231445 0.380859 0.013672 0.023438
1 0.475586 0.375977 0.029297 0.017578
1 0.385742 0.368164 0.001953 0.001953
1 0.793945 0.368164 0.013672 0.005859
0 0.766602 0.367188 0.001953 0.003906
1 0.389648 0.366211 0.001953 0.001953
1 0.389648 0.362305 0.001953 0.001953
1 0.886719 0.374023 0.023438 0.033203
1 0.395508 0.352539 0.001953 0.001953
1 0.850586 0.354492 0.017578 0.009766
0 0.730469 0.365234 0.062500 0.031250
0 0.547852 0.351562 0.005859 0.003906
1 0.973633 0.360352 0.041016 0.025391
0 0.521484 0.355469 0.015625 0.019531
0 0.156250 0.357422 0.031250 0.023438
0 0.175781 0.340820 0.003906 0.005859
1 0.180664 0.336914 0.001953 0.001953
1 0.769531 0.340820 0.015625 0.017578
0 0.722656 0.332031 0.007812 0.003906
1 0.951172 0.330078 0.011719 0.011719
1 0.966797 0.330078 0.015625 0.015625
1 0.031250 0.325195 0.003906 0.005859
0 0.988281 0.328125 0.015625 0.015625
1 0.930664 0.332031 0.013672 0.023438
1 0.011719 0.322266 0.003906 0.003906
1 0.852539 0.322266 0.009766 0.007812
0 0.641602 0.319336 0.005859 0.005859
1 0.278320 0.317383 0.005859 0.001953
0 0.231445 0.318359 0.009766 0.003906
1 0.854492 0.313477 0.001953 0.001953
1 0.191406 0.321289 0.031250 0.021484
1 0.025391 0.313477 0.003906 0.009766
0 0.636719 0.419922 0.210938 0.230469
1 0.004883 0.309570 0.009766 0.009766
1 0.088867 0.304688 0.005859 0.003906
1 0.913086 0.298828 0.013672 0.007812
1 0.041016 0.301758 0.011719 0.017578
1 0.959961 0.293945 0.009766 0.005859
0 0.617188 0.291992 0.003906 0.001953
0 0.608398 0.293945 0.009766 0.005859
1 0.055664 0.332031 0.072266 0.082031
1 0.848633 0.316406 0.123047 0.062500
1 0.759766 0.304688 0.082031 0.039062
1 0.094727 0.291016 0.021484 0.019531
0 0.769531 0.282227 0.003906 0.005859
1 0.242188 0.291992 0.058594 0.025391
0 0.235352 0.340820 0.103516 0.126953
0 0.605469 0.276367 0.003906 0.005859
1 0.094727 0.346680 0.111328 0.146484
1 0.946289 0.278320 0.041016 0.021484
1 0.176758 0.285156 0.029297 0.039062
1 0.683594 0.264648 0.003906 0.001953
0 0.600586 0.264648 0.001953 0.001953
0 0.249023 0.262695 0.001953 0.001953
0 0.102539 0.263672 0.005859 0.003906
1 0.157227 0.263672 0.013672 0.019531
0 0.561523 0.250977 0.001953 0.001953
1 0.095703 0.252930 0.007812 0.005859
0 0.599609 0.254883 0.015625 0.013672
0 0.515625 0.274414 0.062500 0.052734
0 0.488281 0.257812 0.007812 0.023438
1 0.382812 0.250977 0.007812 0.009766
1 0.383789 0.290039 0.076172 0.091797
1 0.123047 0.249023 0.007812 0.013672
1 0.105469 0.245117 0.011719 0.009766
1 0.143555 0.244141 0.013672 0.011719
1 0.094727 0.239258 0.001953 0.001953
0 0.601562 0.238281 0.003906 0.003906
1 0.394531 0.238281 0.003906 0.003906
1 0.874023 0.235352 0.001953 0.001953
1 0.962891 0.254883 0.074219 0.044922
1 0.910156 0.234375 0.011719 0.007812
1 0.804688 0.261719 0.117188 0.066406
0 0.530273 0.231445 0.001953 0.005859
1 0.387695 0.226562 0.005859 0.007812
0 0.532227 0.221680 0.001953 0.001953
1 0.164062 0.236328 0.046875 0.031250
1 0.674805 0.240234 0.064453 0.042969
0 0.516602 0.220703 0.013672 0.011719
0 0.752930 0.211914 0.001953 0.001953
1 0.038086 0.220703 0.029297 0.023438
1 0.659180 0.211914 0.009766 0.009766
0 0.486328 0.215820 0.011719 0.017578
0 0.358398 0.208984 0.001953 0.003906
1 0.698242 0.212891 0.033203 0.023438
0 0.456055 0.224609 0.060547 0.054688
1 0.204102 0.211914 0.052734 0.029297
0 0.989258 0.210938 0.021484 0.035156
1 0.864258 0.206055 0.029297 0.025391
1 0.807617 0.211914 0.072266 0.044922
0 0.102539 0.194336 0.017578 0.009766
1 0.633789 0.189453 0.005859 0.003906
1 0.627930 0.188477 0.001953 0.001953
1 0.041016 0.227539 0.070312 0.080078
1 0.124023 0.196289 0.025391 0.021484
0 0.472656 0.182617 0.003906 0.001953
0 0.530273 0.173828 0.009766 0.003906
1 0.883789 0.171875 0.001953 0.003906
1 0.551758 0.201172 0.115234 0.066406
1 0.885742 0.165039 0.001953 0.001953
0 0.452148 0.178711 0.052734 0.033203
1 0.016602 0.161133 0.001953 0.001953
0 0.474609 0.179688 0.050781 0.042969
1 0.079102 0.175781 0.052734 0.035156
0 0.487305 0.158203 0.001953 0.003906
1 0.513672 0.572266 0.578125 0.839844
0 0.121094 0.154297 0.007812 0.003906
1 0.109375 0.153320 0.003906 0.001953
1 0.799805 0.155273 0.009766 0.009766
1 0.064453 0.160156 0.027344 0.019531
0 0.420898 0.150391 0.009766 0.003906
0 0.120117 0.149414 0.001953 0.001953
1 0.028320 0.152344 0.013672 0.011719
0 0.116211 0.145508 0.001953 0.001953
1 0.473633 0.147461 0.021484 0.017578
1 0.251953 0.142578 0.011719 0.007812
1 0.815430 0.155273 0.029297 0.037109
1 0.282227 0.142578 0.009766 0.011719
0 0.147461 0.139648 0.017578 0.009766
1 0.866211 0.153320 0.021484 0.041016
1 0.753906 0.133789 0.003906 0.005859
1 0.855469 0.133789 0.011719 0.009766
0 0.476562 0.247070 0.203125 0.236328
0 0.176758 0.138672 0.013672 0.019531
0 0.142578 0.130859 0.003906 0.003906
0 0.535156 0.126953 0.007812 0.003906
1 0.595703 0.144531 0.023438 0.042969
1 0.449219 0.125000 0.011719 0.007812
0 0.504883 0.124023 0.013672 0.009766
1 0.174805 0.160156 0.076172 0.082031
0 0.337891 0.117188 0.003906 0.003906
1 0.576172 0.132812 0.039062 0.039062
1 0.937500 0.206055 0.125000 0.189453
1 0.870117 0.114258 0.009766 0.009766
1 0.438477 0.136719 0.056641 0.058594
1 0.265625 0.116211 0.019531 0.017578
0 0.692383 0.107422 0.001953 0.003906
1 0.618164 0.116211 0.021484 0.021484
1 0.495117 0.108398 0.021484 0.013672
1 0.077148 0.106445 0.017578 0.009766
1 0.048828 0.102539 0.007812 0.013672
1 0.910156 0.099609 0.011719 0.011719
1 0.352539 0.094727 0.001953 0.001953
1 0.148438 0.095703 0.003906 0.007812
1 0.315430 0.093750 0.013672 0.007812
1 0.919922 0.091797 0.007812 0.007812
0 0.159180 0.097656 0.017578 0.019531
1 0.500000 0.089844 0.015625 0.011719
1 0.328125 0.155273 0.121094 0.142578
0 0.745117 0.082031 0.005859 0.003906
1 0.835938 0.103516 0.042969 0.058594
1 0.632812 0.083984 0.050781 0.027344
0 0.616211 0.067383 0.001953 0.001953
0 0.280273 0.067383 0.001953 0.001953
0 0.529297 0.068359 0.003906 0.007812
0 0.620117 0.063477 0.001953 0.001953
0 0.517578 0.075195 0.023438 0.025391
0 0.498047 0.064453 0.011719 0.007812
1 0.317383 0.068359 0.017578 0.019531
0 0.645508 0.060547 0.013672 0.007812
1 0.942383 0.071289 0.037109 0.033203
0 0.625977 0.058594 0.005859 0.007812
1 0.824219 0.054688 0.003906 0.003906
1 0.133789 0.056641 0.005859 0.007812
0 0.909180 0.055664 0.005859 0.013672
1 0.645508 0.050781 0.005859 0.007812
1 0.054688 0.050781 0.011719 0.007812
1 0.468750 0.063477 0.058594 0.037109
1 0.496094 0.046875 0.007812 0.007812
1 0.178711 0.050781 0.021484 0.015625
0 0.903320 0.044922 0.005859 0.007812
0 0.534180 0.047852 0.021484 0.013672
0 0.891602 0.041016 0.005859 0.007812
1 0.730469 0.048828 0.019531 0.027344
0 0.986328 0.037109 0.023438 0.011719
1 0.656250 0.038086 0.015625 0.013672
1 0.814453 0.033203 0.003906 0.007812
0 0.934570 0.024414 0.001953 0.001953
0 0.930664 0.023438 0.001953 0.003906
1 0.060547 0.025391 0.007812 0.007812
1 0.494141 0.024414 0.007812 0.009766
1 0.391602 0.022461 0.009766 0.005859
0 0.022461 0.022461 0.005859 0.005859
1 0.405273 0.016602 0.013672 0.009766
1 0.787109 0.022461 0.039062 0.025391
1 0.581055 0.020508 0.017578 0.021484
0 0.279297 0.012695 0.011719 0.005859
0 0.255859 0.016602 0.011719 0.013672
0 0.008789 0.016602 0.017578 0.013672
1 0.844727 0.018555 0.013672 0.021484
0 0.041992 0.008789 0.001953 0.001953
1 0.821289 0.002930 0.001953 0.001953
1 0.365234 0.041016 0.039062 0.078125
1 0.273438 0.054688 0.164062 0.105469
0 0.291016 0.006836 0.011719 0.009766
0 0.278320 0.002930 0.001953 0.001953
1 0.100586 0.008789 0.013672 0.013672
0 0.867188 0.011719 0.019531 0.023438
1 0.837891 0.004883 0.007812 0.009766
0 0.774414 0.007812 0.048828 0.015625
0 0.604492 0.046875 0.107422 0.093750
1 0.541016 0.033203 0.078125 0.066406
0 0.199219 0.000977 0.003906 0.001953
0 0.208984 0.016602 0.082031 0.033203
1 0.121094 0.001953 0.011719 0.003906
1 0.050781 0.003906 0.007812 0.007812
2 0.208984 0.998047 0.003906 0.003906
3 0.691406 0.997070 0.011719 0.005859
3 0.216797 0.997070 0.007812 0.005859
3 0.225586 0.976562 0.005859 0.007812
3 0.169922 0.971680 0.003906 0.001953
2 0.120117 0.967773 0.001953 0.001953
3 0.086914 0.963867 0.001953 0.001953
3 0.229492 0.916992 0.001953 0.001953
2 0.057617 0.875977 0.005859 0.001953
3 0.003906 0.856445 0.007812 0.017578
3 0.184570 0.813477 0.001953 0.001953
2 0.005859 0.714844 0.011719 0.007812
3 0.036133 0.774414 0.072266 0.134766
3 0.008789 0.708008 0.001953 0.001953
3 0.001953 0.698242 0.003906 0.001953
2 0.073242 0.695312 0.021484 0.015625
3 0.997070 0.661133 0.005859 0.013672
3 0.985352 0.266602 0.001953 0.001953
3 0.961914 0.172852 0.005859 0.001953
3 0.547852 0.018555 0.001953 0.001953
2 0.227539 0.012695 0.001953 0.001953
2 0.232422 0.004883 0.011719 0.009766
2 0.196289 0.007812 0.041016 0.015625
3 0.500000 0.500000 1.000000 1.000000